198.499600
191.678000
178.802200
163.442200
175.123000
174.249000
172.990000
170.625200
165.729400
183.860400
166.237400
174.200000
159.235000
176.749000
149.597400
164.103400
165.216800
156.883200
169.569000
154.767600
161.192000
147.269400
161.886200
144.253400
138.680600
100.944000
152.255800
148.649400
90.692000
156.439400
138.330800
117.245200
149.534800
148.920800
155.711000
152.549000
131.541000
97.301200
132.151400
152.982200
151.608800
145.355800
236.489400
162.627600
114.820600
147.862200
157.656000
149.583400
149.291600
131.284400
131.427200
142.525200
127.114200
126.379800
123.028400
106.578600
109.037800
158.699000
149.385800
121.603200
137.449000
98.942400
137.171800
140.737000
