58
55
49
43
46
56
58
39
188
185
155
132
138
125
135
165
197
72
139
40
44
63
58
128
33
32
31
62
17
54
71
74
62
109
102
109
126
107
106
124
121
122
75
85
97
108
85
92
77
91
111
92
105
96
130
132
152
147
145
135
129
139
143
111
94
145
113
104
113
118
118
109
106
258
252
228
233
264
240
246
255
245
254
100
109
119
105
109
94
93
104
81
97
86
97
71
105
77
126
118
123
136
131
128
115
99
106
102
114
135
123
106
37
113
115
78
121
99
16
103
48
56
69
92
17
11
8
24
50
46
43
49
50
71
70
79
83
85
81
96
102
103
97
90
106
23
68
105
62
60
37
49
89
9
20
23
24
40
14
42
18
44
47
5
23
22
38
39
30
59
67
64
81
71
76
70
79
86
101
92
62
103
82
68
107
101
107
109
72
87
44
98
54
31
109
49
21
47
4
3
15
3
11
11
28
33
31
7
18
9
3
9
5
10
5
34
10
6
14
5
3
2
2
4
12
27
24
34
31
53
50
75
68
74
71
70
71
88
91
104
107
96
75
76
98
101
81
71
91
85
95
36
14
90
56
61
84
34
12
52
3
2
8
19
20
29
23
16
29
18
28
10
10
22
21
42
44
35
36
67
58
67
82
80
69
63
92
84
68
74
83
70
73
55
91
80
104
102
97
94
76
91
83
97
89
98
79
90
99
89
78
90
84
88
90
92
93
92
98
90
89
77
96
101
83
93
88
139
134
141
131
145
135
140
132
70
137
60
34
133
79
53
27
45
21
5
26
34
40
36
56
54
64
79
77
89
87
92
90
84
96
86
81
85
92
101
87
85
102
89
98
78
92
77
82
90
79
98
84
34
51
76
69
41
24
21
58
4
10
7
11
22
37
48
34
27
25
27
39
32
38
73
77
86
66
66
56
71
66
63
74
71
78
87
85
88
89
69
76
84
91
84
61
79
90
84
78
69
55
73
84
4533
4525
4518
14
4547
4547
35
13
4523
4543
5
23
38
47
50
46
55
28
60
42
31
43
44
49
58
51
8
4
6
16
4
12
19
5
24
24
28
24
41
42
51
63
62
71
80
74
81
75
89
88
101
93
102
100
91
82
175
161
177
174
177
162
147
155
169
180
111
87
96
76
101
110
96
93
84
100
63
49
98
67
90
14
45
33
35
100
14
26
34
35
32
34
67
19
36
50
18
18
16
58
26
54
66
5
16
34
37
37
27
24
21
22
36
30
100
111
117
115
103
99
90
96
114
110
116
118
95
116
105
106
95
107
85
99
87
100
103
91
98
62
43
75
41
103
47
91
68
96
88
88
90
81
58
65
85
85
94
103
82
94
107
95
88
96
73
85
93
77
85
58
78
79
86
87
84
83
80
95
90
25
46
45
73
30
71
45
57
92
10
20
20
35
47
53
52
67
65
70
76
73
73
64
95
40
56
86
76
14
4
46
105
67
20
65
66
59
35
47
50
59
60
55
69
71
71
75
75
87
83
83
41
78
36
73
49
11
70
4
20
9
7
20
19
5
3
12
16
6
3
5
40
38
33
30
30
56
69
54
70
81
58
66
88
86
94
104
90
105
113
113
105
102
109
97
100
87
115
87
100
80
81
96
72
53
112
63
88
74
45
97
110
111
97
87
98
90
97
97
109
94
111
110
100
108
94
111
100
110
99
109
102
113
107
98
113
92
112
105
98
102
110
105
112
111
108
128
103
121
104
123
121
95
111
106
98
99
91
111
83
70
78
109
104
114
121
127
129
121
130
105
100
114
115
109
101
77
104
115
89
103
84
104
57
69
87
91
84
83
105
105
113
107
116
107
112
112
125
103
116
100
113
106
113
106
110
109
91
109
96
101
101
108
107
98
107
93
104
120
107
108
121
126
110
113
93
36
84
57
77
43
28
4
10
19
27
40
30
39
47
39
53
59
64
70
65
56
60
52
84
69
86
87
85
96
93
77
91
73
66
81
92
93
101
111
94
102
84
95
84
85
85
103
70
72
48
45
23
59
32
96
79
10
24
38
39
25
24
28
28
21
21
40
4
4
6
21
18
21
22
32
44
50
50
54
48
69
75
23
36
52
55
66
65
67
17
4
3
18
4
5
19
31
33
16
43
27
23
31
23
31
44
58
65
74
61
52
61
66
52
74
70
88
101
81
95
61
72
84
94
90
87
93
116
110
126
135
126
125
110
121
120
116
113
116
102
109
89
83
92
102
64
88
56
69
38
57
12
9
6
33
42
32
51
48
65
54
47
52
79
70
50
48
105
19
68
73
12
10
86
39
95
4
4
15
24
20
41
32
47
35
43
10
31
34
5
13
28
21
50
40
55
51
47
63
76
76
20
80
75
75
49
60
36
50
14
25
36
33
45
35
46
30
56
44
22
22
38
55
5
19
28
25
13
16
43
41
29
25
30
11
26
32
33
23
35
51
33
36
49
58
56
57
82
87
81
80
25
49
50
74
30
78
82
89
42
12
41
41
43
38
37
62
63
84
82
94
89
94
105
99
96
102
92
99
68
78
15
76
42
29
57
64
17
22
33
28
33
25
17
25
18
41
65
61
50
50
62
46
58
42
55
59
82
79
99
78
78
93
95
94
90
91
121
119
119
100
110
99
109
89
104
88
112
99
103
94
104
110
98
99
91
101
113
103
103
112
115
105
113
108
96
98
93
105
105
90
100
98
89
98
96
115
99
112
100
105
120
117
108
122
108
107
121
85
117
106
99
106
92
104
91
88
79
34
98
77
77
26
49
42
58
8
6
4
3
31
37
33
55
53
59
51
74
69
19
67
45
72
51
36
59
3
2
24
38
28
33
22
26
38
38
30
25
5
6
7
19
29
47
57
54
66
70
80
72
85
95
107
101
112
95
104
149
132
144
144
154
127
138
150
119
131
120
78
96
111
101
91
99
97
83
96
89
100
97
77
104
101
101
71
86
102
87
91
75
87
86
106
102
106
81
97
100
102
92
100
94
86
115
94
97
89
96
99
84
100
93
75
98
92
108
92
99
89
98
94
94
93
86
83
105
99
86
95
90
97
86
99
96
91
96
95
101
106
108
103
98
88
98
101
86
106
98
107
101
88
98
93
96
96
74
102
95
93
88
86
88
91
77
63
48
53
33
64
30
65
91
35
82
52
47
42
36
35
60
53
68
68
80
79
96
86
81
58
68
75
81
28
18
45
39
49
10
18
31
45
45
58
58
70
75
74
85
85
95
93
106
97
84
96
85
82
90
90
85
96
45
57
75
69
91
104
78
82
95
68
84
62
60
72
45
62
27
68
71
54
59
30
40
7
15
27
25
35
35
58
59
70
71
82
83
70
69
66
93
91
89
105
77
78
63
52
99
36
28
21
50
73
96
10
8
25
22
23
47
8453
8474
8451
8487
8483
8479
8501
106
107
108
118
123
74
62
34
85
57
39
110
5
5
4
4
14
23
25
36
16
10
33
25
25
4
4
25
11
11
8
14
13
10
31
41
50
38
50
54
63
62
73
78
80
85
93
100
96
117
104
109
112
109
115
110
112
97
113
112
107
84
101
97
114
103
98
93
103
95
118
111
32
77
90
84
102
81
29
68
4
38
33
39
50
64
63
71
70
68
76
90
92
100
98
96
95
87
91
91
100
94
117
85
99
119
107
115
107
107
102
110
105
97
106
34
58
18
45
49
73
60
86
94
5
16
6
7
13
4
3
17
7
8
33
43
28
37
52
63
63
79
73
84
89
90
83
95
53
106
37
56
91
25
72
63
23
81
16
27
28
54
53
65
63
52
53
25
36
39
33
55
3
11
7
5
4
19
19
20
21
31
34
35
28
38
42
53
53
59
62
57
72
61
66
73
82
89
86
100
97
105
65
76
86
100
77
55
80
68
92
91
87
49
45
36
24
34
43
68
42
64
6
4
7
10
8
23
37
25
35
40
51
61
69
70
85
74
80
88
88
86
105
102
107
99
87
94
108
104
86
76
102
94
101
112
93
73
84
76
67
102
50
78
88
82
77
72
42
29
50
39
21
21
54
32
4
4
6
26
12
27
34
39
53
37
70
60
59
68
24
39
56
22
48
30
56
8
6
24
23
21
25
23
42
39
35
37
31
72
69
80
72
89
70
80
101
94
95
102
90
64
61
67
100
97
93
110
106
95
104
107
122
80
87
113
71
110
96
100
75
28
46
15
77
95
8
21
31
37
30
40
26
47
33
43
9
14
10
10
30
30
28
12
30
5
2
27
13
24
6
5
5
14
5
31
15
17
48
64
62
81
68
80
52
39
61
69
77
70
85
39
36
4
5
18
23
18
18
24
29
32
28
43
54
61
59
76
74
85
82
74
87
99
100
112
88
72
89
56
101
22
37
103
53
40
14
15
40
19
41
24
36
21
17
40
22
39
23
7
19
18
36
47
50
47
53
64
65
73
75
89
83
88
101
99
109
95
105
111
113
107
103
68
87
88
101
104
92
90
99
91
94
85
82
95
99
98
105
108
79
95
96
101
98
101
107
98
103
104
103
113
115
96
88
107
95
104
106
99
108
96
108
74
93
102
93
96
99
86
93
100
101
92
85
79
95
98
92
94
78
92
98
82
86
68
90
101
94
102
95
106
99
105
113
110
95
82
95
89
107
91
95
90
104
90
104
98
108
102
88
93
105
75
107
96
107
90
105
93
112
110
102
113
107
116
110
115
106
111
99
100
79
107
95
96
79
98
85
95
85
102
90
89
89
98
109
96
97
98
110
112
109
104
113
104
112
113
91
111
113
95
102
95
102
92
103
85
100
101
96
103
99
89
82
99
96
101
92
98
87
98
91
99
92
102
91
98
99
100
72
86
96
92
84
76
80
90
79
88
95
87
99
89
98
97
105
104
106
104
102
82
90
91
73
87
97
85
91
86
94
95
92
96
101
104
93
109
99
105
100
112
103
115
108
117
114
113
101
128
115
116
130
129
116
114
126
114
98
125
97
109
106
96
104
92
113
111
104
113
110
102
109
101
107
102
106
99
92
102
95
106
96
94
106
107
100
109
107
98
111
108
88
95
96
102
82
80
79
90
97
99
91
100
93
91
102
94
110
125
122
106
94
100
94
103
91
90
72
75
69
72
66
61
58
55
107
81
4
4
20
26
45
56
54
59
68
69
57
86
45
77
44
88
70
30
76
83
52
81
51
50
74
73
89
67
73
74
78
81
14
108
67
16
26
81
53
41
61
110
13
11
30
47
46
58
22
42
29
31
46
27
40
32
10
8
42
40
44
25
58
67
66
81
84
86
85
77
94
99
109
97
121
103
113
114
100
92
99
84
105
100
91
93
91
80
93
45
68
36
44
66
28
65
7
27
25
42
45
47
62
55
59
70
57
22
69
75
32
72
52
63
42
4
5
9
29
26
26
41
32
42
44
12
15
28
11
3
8
6
3
17
31
33
35
41
57
53
50
63
55
77
86
91
78
96
70
91
85
93
94
96
106
92
64
93
66
35
30
85
64
50
42
28
3
14
14
20
24
27
29
34
34
42
57
59
54
70
59
68
66
76
77
85
92
86
96
93
89
103
80
99
101
91
99
84
92
102
73
91
98
107
99
86
95
90
102
92
90
103
85
98
86
106
104
97
84
95
104
102
93
104
98
112
99
81
85
105
100
90
85
78
98
90
96
108
89
117
110
118
126
134
113
117
125
115
99
102
94
100
101
79
91
87
95
91
78
80
73
91
90
78
86
89
86
94
69
68
91
82
92
80
71
87
97
94
97
97
111
101
117
109
111
102
110
103
107
90
95
96
94
82
81
91
108
104
90
107
104
107
118
117
95
87
98
95
106
96
89
99
93
106
90
84
91
103
90
103
95
101
92
92
100
102
96
94
79
91
84
88
96
81
92
101
91
90
96
109
87
106
101
89
95
87
99
91
100
92
91
101
86
98
93
103
97
106
100
103
108
103
95
95
104
82
82
95
83
95
91
81
87
89
98
107
95
101
78
86
92
89
97
101
111
96
84
80
64
65
101
98
100
92
101
91
81
83
95
98
105
59
70
90
92
77
107
94
91
97
95
88
82
82
90
98
106
96
104
97
102
109
117
104
95
105
81
114
98
116
100
97
108
95
110
100
98
91
109
87
100
95
109
102
104
103
118
109
115
113
118
110
105
112
84
96
104
101
90
101
89
92
87
99
91
97
98
98
93
96
85
97
93
95
84
86
96
97
87
91
101
84
89
100
103
89
95
87
99
83
87
101
86
73
85
81
86
81
74
31
28
63
60
42
96
27
4
5
9
22
22
24
23
44
43
53
61
56
76
78
73
81
91
95
93
87
91
85
96
88
96
92
87
88
94
93
107
94
103
98
104
96
102
104
101
85
95
85
102
109
93
111
100
105
101
115
110
125
102
110
103
108
97
110
99
103
110
102
91
104
107
99
98
112
112
102
106
113
114
123
108
107
96
116
110
102
105
100
101
106
107
104
114
84
92
104
102
109
97
96
113
107
94
118
109
105
104
117
113
113
112
112
90
106
98
107
97
93
94
105
99
105
82
103
76
97
95
105
85
97
87
93
96
97
97
110
98
99
109
103
110
109
86
106
105
92
107
93
104
96
111
97
97
112
106
100
106
100
105
102
105
102
107
81
96
93
101
94
108
98
92
84
93
96
103
80
91
96
95
102
96
100
112
103
112
97
103
113
109
99
108
110
101
107
107
98
107
95
104
97
97
95
90
105
96
104
98
103
98
102
108
106
94
82
97
84
73
95
86
98
91
85
102
101
93
99
107
89
95
84
100
85
100
89
99
83
88
101
95
108
97
102
96
109
99
110
103
108
95
88
95
103
93
81
95
101
99
107
100
104
98
100
107
77
89
106
104
96
91
97
85
99
83
84
84
92
95
93
80
101
105
94
93
101
106
99
89
95
95
97
76
82
88
97
85
89
85
99
85
69
76
80
78
93
85
90
88
93
74
86
89
96
99
83
95
90
90
79
79
91
86
78
91
83
92
81
93
88
92
91
111
110
99
112
111
99
109
107
108
99
109
97
108
99
95
107
90
104
83
102
90
99
93
99
93
104
95
101
97
107
101
107
101
111
108
111
103
90
102
107
89
112
99
101
92
94
78
76
102
92
95
98
92
89
96
103
81
83
88
89
89
75
79
92
86
72
90
93
83
74
68
89
82
95
88
103
96
106
99
120
111
113
115
108
69
30
111
89
83
47
60
40
96
71
69
71
69
60
72
73
86
85
96
90
87
82
89
93
89
92
86
88
100
75
102
93
76
108
80
93
93
83
99
86
94
84
93
88
91
97
92
98
79
97
86
92
86
93
89
87
96
89
94
96
95
102
89
104
94
101
109
102
105
104
100
105
84
100
93
100
109
94
109
107
99
114
114
107
114
109
91
101
103
103
109
102
105
97
101
91
87
87
98
89
97
78
84
98
94
101
95
96
100
100
106
111
101
110
102
108
110
112
103
105
84
93
94
109
100
94
105
96
101
99
97
79
93
107
96
91
84
98
104
74
87
98
92
89
96
95
92
70
68
94
101
107
99
113
115
100
117
107
100
99
112
102
111
103
93
99
114
99
105
99
101
103
105
98
86
87
103
102
85
93
95
86
95
87
74
84
94
88
90
100
98
85
98
86
74
94
91
86
98
91
109
100
114
104
117
118
128
111
109
114
97
82
97
90
67
75
93
91
98
87
97
97
73
87
86
103
104
109
107
102
103
102
95
91
99
86
94
97
85
90
99
102
91
106
98
105
98
92
87
94
78
90
62
79
60
71
93
100
99
97
88
107
99
71
81
82
96
86
87
96
99
91
97
98
77
84
98
85
97
89
83
77
90
82
93
78
92
83
85
98
83
101
96
97
88
91
91
100
104
92
87
93
93
97
103
96
88
76
94
96
81
93
95
87
92
94
100
87
101
90
103
93
102
89
92
100
94
100
84
98
83
93
95
88
97
94
99
96
97
94
97
85
100
93
84
96
97
87
103
95
87
93
102
92
109
95
107
92
105
96
105
90
108
106
98
100
96
92
74
92
85
71
99
88
96
87
93
105
92
91
83
98
84
93
95
84
74
94
70
71
87
82
109
107
102
94
110
118
111
121
129
103
95
108
96
95
94
106
99
105
97
84
102
95
99
107
93
99
96
90
76
95
88
88
94
102
91
101
93
91
99
89
98
95
87
103
97
112
111
108
104
114
103
109
100
111
107
96
109
97
104
97
112
103
106
121
116
123
112
108
121
104
118
114
103
100
89
102
95
100
103
104
95
94
105
103
85
91
92
101
75
97
89
92
73
91
83
84
96
87
98
85
92
101
91
84
86
98
96
79
85
95
88
100
95
91
97
113
105
89
87
107
100
102
100
99
97
83
74
91
83
54
64
82
80
64
89
83
87
88
103
91
91
99
76
73
94
103
78
100
90
83
87
95
94
88
98
95
90
100
99
107
98
99
111
103
113
111
110
111
87
94
105
99
90
95
86
84
88
101
89
84
97
91
97
93
94
101
77
79
91
101
89
89
94
83
95
75
92
91
105
69
61
77
105
107
91
93
87
93
89
92
95
77
74
76
89
95
75
98
87
90
89
91
74
78
84
81
95
81
97
103
85
91
109
101
109
83
108
92
95
98
91
101
91
87
92
96
87
97
99
97
87
77
93
89
93
100
101
95
105
96
99
99
110
98
92
106
95
97
104
116
99
118
103
114
101
115
99
115
80
89
94
94
83
90
102
98
91
98
92
106
114
93
29
55
73
40
103
92
83
57
21
66
17
17
35
48
46
62
63
77
70
80
80
77
100
80
16
44
59
31
24
62
92
82
94
4
23
46
43
55
56
53
74
75
66
80
34
76
78
21
51
59
49
13
34
33
53
53
49
64
63
77
85
87
91
90
81
100
89
91
94
103
123
114
126
115
120
131
135
126
142
108
144
23
117
50
36
78
68
54
102
91
32
88
84
81
108
107
102
126
73
123
97
102
94
94
105
93
94
81
85
105
86
88
69
87
99
92
87
98
99
112
95
85
92
87
91
98
103
95
98
105
112
112
120
115
120
106
118
112
104
83
105
112
92
101
97
98
89
97
105
97
116
95
107
101
90
79
95
99
98
97
89
101
101
95
108
107
107
116
103
114
107
105
111
108
100
108
98
107
100
99
110
110
91
99
94
109
107
86
78
83
92
89
82
97
99
90
100
95
112
114
96
104
97
100
103
93
105
98
103
94
98
87
85
81
85
71
78
94
103
101
100
87
98
99
106
107
80
113
100
101
92
93
89
84
95
95
87
96
95
86
97
96
89
96
96
97
88
98
87
90
93
96
88
80
99
80
88
84
83
75
88
88
90
87
79
65
94
55
82
76
75
85
83
82
85
75
75
90
99
91
103
93
92
103
96
87
75
94
81
81
87
91
82
86
75
82
85
91
100
75
84
85
66
80
80
88
72
81
84
66
86
75
80
83
75
91
91
88
86
84
85
86
77
77
95
81
97
85
76
79
96
76
94
97
85
97
91
107
101
81
98
88
87
101
85
102
90
91
86
101
95
96
89
82
74
91
79
98
91
86
84
76
86
88
83
77
83
72
87
82
96
87
102
88
20463
20435
20495
20445
20477
20422
20452
20496
20429
20458
4
4
2
20
13
8
29
43
47
59
58
65
50
56
27
40
18
52
54
36
8
22
24
21
19
9
29
37
35
21
10
24
20
17
26
32
7
25
9
18
23
10
22
4
18
19
34
32
45
45
59
212
224
216
218
239
246
224
238
258
246
112
110
76
65
89
20
31
19
54
94
42
92
5
3
18
3
14
23
25
32
51
49
61
53
64
58
71
67
87
86
99
93
82
64
80
21
84
65
62
28
42
3
15
28
23
29
45
55
54
48
69
61
70
63
58
91
85
92
100
102
88
29
75
47
93
63
65
67
17
39
3
10
8
26
31
46
58
53
59
53
56
66
78
80
88
89
95
93
103
96
105
88
102
104
107
96
99
110
91
79
28
58
57
40
57
31
18
100
9
8
19
19
25
37
32
34
27
42
49
58
70
55
55
71
62
72
88
89
93
86
97
90
86
81
89
95
84
102
89
108
91
99
98
116
103
101
110
101
117
108
98
109
109
97
100
94
93
104
88
93
104
98
79
86
95
81
84
96
90
94
87
97
90
80
101
94
83
86
94
96
88
96
97
105
102
96
86
82
93
83
95
94
82
98
93
99
89
93
101
96
104
102
96
99
88
96
90
95
87
96
86
104
95
115
104
113
117
93
117
107
101
95
104
88
93
87
86
100
98
83
87
68
89
101
103
101
96
106
97
105
97
99
95
103
103
100
82
88
96
97
86
105
90
107
93
86
92
86
99
113
112
100
111
101
115
113
123
112
115
114
117
110
120
108
120
123
117
107
100
114
113
106
111
104
112
110
117
99
110
59
111
44
21
86
75
70
23
41
5
21
23
20
27
18
37
34
25
4
13
28
37
50
48
62
68
67
83
75
97
92
99
102
110
48
86
38
26
59
97
40
72
94
4
14
23
21
25
26
21
10
48
21
48
42
52
51
63
58
58
59
86
92
84
54
100
77
52
60
46
23
34
91
72
3
5
4
15
14
3
17
3
21
2
5
5
3
31
40
50
41
39
47
38
49
68
17
55
54
64
37
49
51
71
69
71
90
93
96
118
102
20
44
115
39
75
89
54
73
18
26
28
43
55
57
57
67
74
84
75
91
79
64
88
65
123
84
104
137
67
138
13
25
23
22
23
44
57
55
74
48
59
45
67
33
37
66
60
71
70
78
83
68
82
60
52
60
63
58
75
91
95
79
84
96
93
102
92
98
93
94
79
95
57
44
53
37
88
71
85
13
7
26
15
13
9
12
23
22
6
19
41
49
40
43
68
58
68
91
85
107
110
120
136
118
139
133
148
117
104
144
123
109
69
60
47
81
93
12
36
5
3
15
8
11
5
13
13
25
7
24
26
12
7
20
22
34
37
55
54
56
54
58
76
74
91
90
99
113
110
99
104
93
94
88
84
85
83
73
83
86
79
88
76
90
92
100
91
98
105
102
112
100
108
101
101
74
64
66
50
89
105
32
40
85
60
4
10
22
37
38
49
46
60
46
63
71
81
67
94
93
49
68
60
72
95
29
63
13
102
71
4
4
12
18
27
29
46
30
34
25
41
44
35
32
3
13
6
14
7
7
16
28
46
40
27
22
23
36
25
25
4
14
30
23
50
59
46
69
58
74
73
85
80
103
77
94
97
110
106
104
108
101
109
100
106
110
101
112
120
118
106
121
106
112
119
88
93
75
107
64
88
99
90
97
86
90
108
74
77
84
76
50
56
67
85
51
