40
97
91
84
87
22
250
246
277
205
223
200
191
246
157
190
281
190
254
272
248
279
155
175
173
207
210
263
153
215
168
237
206
194
233
213
225
221
217
48
110
24
59
161
27
118
195
218
200
207
34
79
8
25
16
20
9
27
60
73
101
13
91
72
10
129
156
161
172
150
177
217
202
216
242
236
256
171
177
285
232
224
212
182
212
209
220
205
180
215
163
185
144
157
138
179
187
166
188
192
200
184
197
144
147
194
182
182
174
160
187
176
163
163
167
175
166
178
170
153
110
133
128
178
156
166
154
134
169
155
182
123
179
186
153
173
161
193
171
164
175
193
175
183
151
162
176
166
171
192
164
179
164
192
191
173
165
186
186
173
191
186
177
192
194
183
189
173
170
191
172
193
200
193
199
188
203
190
201
195
193
200
196
175
196
175
195
175
193
180
177
193
191
186
176
187
188
192
194
181
194
179
178
196
154
191
186
185
168
181
167
189
168
173
194
179
168
166
187
188
172
188
176
188
157
171
211
185
199
183
205
180
203
182
179
193
189
171
189
154
177
186
164
174
164
167
196
170
190
173
202
195
173
198
187
198
190
203
197
205
196
211
199
206
196
209
195
205
182
185
198
192
173
209
226
219
197
204
221
205
225
183
223
155
175
158
166
153
163
144
168
142
164
161
164
142
158
155
146
143
153
156
147
145
155
146
127
151
159
146
145
154
121
132
131
137
151
134
145
138
156
146
153
156
165
182
175
123
145
111
138
149
133
144
141
153
144
159
173
152
183
142
167
155
174
152
141
140
155
152
139
155
126
156
156
172
161
169
167
155
173
172
176
172
155
172
163
130
153
134
119
100
107
93
85
76
80
84
74
86
77
94
79
61
88
50
77
81
70
85
80
86
72
86
70
91
74
74
83
75
82
80
89
68
70
93
85
99
90
94
88
98
88
90
96
94
87
91
86
90
88
72
88
77
85
79
67
83
67
73
83
68
82
2209
2201
2213
2213
2216
2204
2211
2218
90
89
96
97
95
79
84
87
92
87
95
74
83
88
86
90
75
73
83
75
87
79
75
85
85
92
90
83
91
79
62
85
86
83
87
81
95
86
93
85
87
102
93
96
100
94
96
2277
2282
2278
2360
2368
2377
2376
2367
2390
2385
200
87
89
113
91
112
112
115
111
97
83
102
96
81
84
90
71
98
47
68
48
90
63
76
103
110
93
111
64
81
83
82
100
112
104
109
103
109
98
106
95
107
94
87
97
103
101
107
100
88
97
109
103
98
96
102
102
90
88
88
84
79
96
94
94
94
108
105
98
109
102
125
124
135
132
130
132
127
126
94
119
79
111
95
96
100
92
97
98
76
103
100
94
84
105
93
101
97
106
98
105
117
110
114
100
95
96
91
102
74
101
108
116
101
114
101
105
123
106
109
102
119
116
109
102
116
90
115
101
114
102
103
116
106
102
119
113
106
83
51
33
108
75
41
61
19
8
14
14
13
13
12
3
4
7
9
23
32
26
24
41
57
54
50
67
55
54
71
81
74
89
93
81
90
79
89
86
102
102
94
106
106
105
107
88
93
97
103
87
85
100
87
98
78
100
87
75
92
93
68
87
94
85
78
66
87
100
108
105
92
94
78
83
78
86
92
84
83
73
101
93
98
92
99
94
102
95
92
113
88
102
96
97
102
108
98
103
102
114
99
111
105
96
84
105
79
87
93
101
80
98
95
106
84
102
99
112
119
112
119
96
87
102
96
85
101
89
103
92
97
105
85
81
70
66
62
52
51
45
105
93
5
5
5
11
20
12
6
7
24
25
20
32
23
17
24
21
26
5
3
6
21
18
16
39
53
51
52
54
68
65
66
87
78
72
81
86
84
102
73
68
84
92
95
109
96
84
108
93
106
86
106
104
118
118
135
119
126
124
86
40
62
51
26
110
101
84
16
29
28
26
56
53
69
44
63
13
10
21
65
68
53
31
3
5
13
22
31
29
48
30
30
38
28
10
12
3
20
31
30
43
55
13
57
36
60
27
23
19
37
70
55
12
35
46
60
62
45
28
58
62
67
42
64
34
31
54
5
4
25
19
36
34
61
68
68
12
73
51
26
42
67
80
40
70
71
1
5
29
36
43
39
17
42
32
22
29
20
15
47
42
44
42
78
73
81
90
94
94
93
87
93
105
104
97
98
100
93
67
90
73
49
64
62
42
22
92
90
13
13
10
8
40
50
36
36
47
52
52
72
77
79
75
69
91
90
88
79
67
76
91
79
74
84
42
12
69
9
36
7
20
23
28
15
18
28
5
7
19
29
36
46
28
35
29
40
38
26
27
23
5
10
11
7
8
26
37
43
23
24
11
35
36
21
33
14
3
1
9
25
27
40
47
47
61
64
46
45
45
31
17
40
67
66
4
16
35
29
38
46
44
70
68
86
96
94
99
108
107
108
111
94
104
114
102
113
90
106
95
119
106
96
100
75
106
97
84
95
57
67
92
69
81
89
75
72
74
95
87
79
81
81
92
91
91
68
50
75
75
67
75
44
30
18
3
3
6
6
22
31
32
30
44
48
62
55
69
70
68
79
79
90
99
92
99
96
102
110
105
73
110
101
83
104
110
79
108
97
87
73
67
35
34
66
55
69
70
93
92
83
81
70
65
81
78
95
97
108
93
65
101
76
65
101
115
98
100
92
95
82
108
90
79
89
96
93
101
104
94
110
96
105
99
93
89
81
72
74
87
87
98
79
115
106
112
110
114
127
117
108
110
103
87
99
97
99
89
89
89
92
102
91
103
93
105
98
92
97
85
99
89
96
87
87
97
87
92
96
96
90
98
94
99
95
98
98
91
107
83
96
103
89
96
86
98
88
96
81
74
83
83
82
90
93
75
77
76
95
90
85
82
71
102
81
87
86
96
94
99
89
98
93
95
102
105
98
111
98
87
80
62
99
35
27
47
72
50
52
81
71
85
55
51
65
64
67
89
89
104
98
109
97
103
99
102
98
113
106
107
98
86
78
96
110
103
115
103
111
107
121
114
111
105
108
106
108
110
103
102
81
101
95
85
77
92
94
86
86
96
99
96
95
92
106
97
102
99
108
114
100
97
102
83
69
51
38
39
39
27
59
77
97
85
75
35
41
39
42
64
61
79
80
98
90
94
103
106
95
84
98
91
97
87
76
91
70
85
84
88
94
90
101
76
94
77
87
87
92
104
101
93
75
92
99
99
93
100
93
84
97
89
106
88
91
94
81
83
89
91
84
91
64
82
89
53
18
44
57
77
57
35
90
24
7
16
14
17
37
44
29
43
51
63
54
49
27
43
60
60
32
41
38
64
30
4
4
6
8
16
28
35
34
50
61
60
72
78
79
95
93
97
96
108
64
56
94
81
83
35
35
47
31
13
24
29
31
27
26
16
34
36
39
41
14
28
31
49
48
67
68
62
75
77
75
91
94
100
95
107
111
107
99
99
104
92
84
100
91
107
100
95
101
118
100
88
81
78
103
86
97
92
104
101
107
105
111
109
115
97
89
101
101
95
89
101
101
93
97
91
105
92
84
108
92
111
101
107
115
111
102
104
114
114
93
84
104
93
99
92
98
92
91
101
106
84
92
92
79
99
78
85
97
98
89
89
94
80
95
94
102
111
109
94
106
106
103
112
97
110
102
110
98
109
101
108
98
108
101
106
94
106
95
107
99
105
99
105
95
102
108
110
107
101
113
110
91
99
93
106
108
91
97
86
103
89
90
105
100
98
80
98
88
87
93
103
88
90
103
104
93
107
92
102
94
90
102
103
94
104
93
95
104
9715
9705
9757
9855
9842
9850
9837
9837
9849
258
238
201
129
103
112
107
105
110
100
90
104
107
89
102
90
97
93
103
94
91
91
110
98
97
111
109
106
101
107
114
112
89
88
104
102
94
100
102
100
95
100
99
103
94
95
100
89
81
85
57
66
77
92
79
93
84
72
69
96
89
90
82
89
100
91
98
77
88
92
94
70
88
91
78
92
84
79
67
57
60
59
57
84
51
52
76
52
4
20
4
18
7
8
10
5
33
20
14
27
34
44
56
65
62
51
38
37
19
34
46
65
62
60
7
6
23
23
18
40
39
45
47
63
54
58
83
85
86
89
104
93
100
112
115
106
97
62
95
44
72
19
85
55
108
67
31
96
85
102
58
69
65
66
90
89
107
100
111
99
113
99
81
107
89
110
94
109
96
106
94
113
105
86
65
77
113
92
98
75
84
89
84
82
87
84
83
90
97
88
88
97
95
78
98
90
92
85
95
90
84
86
86
100
90
89
95
102
81
91
98
95
87
88
88
82
89
71
85
87
84
72
91
98
90
87
83
105
91
102
95
102
106
97
110
77
95
101
100
90
99
89
91
95
83
85
78
83
97
84
87
97
103
93
101
93
105
98
105
98
104
85
93
100
94
98
93
97
91
103
93
86
103
95
103
93
97
83
70
90
85
90
74
92
86
87
99
87
82
96
89
104
92
102
83
96
101
90
100
93
91
109
106
95
94
104
79
86
105
93
102
92
85
96
77
93
83
90
91
102
92
95
90
94
89
100
88
97
82
96
91
87
94
100
87
99
89
96
102
84
90
105
85
78
66
96
89
87
95
95
93
88
106
76
85
102
104
97
90
87
98
101
94
95
76
63
100
87
76
100
106
103
98
88
83
86
81
86
86
99
85
102
86
103
101
102
96
76
72
87
76
96
97
87
88
86
93
92
99
92
102
84
83
112
99
110
96
93
111
100
94
83
104
105
78
100
89
96
102
92
95
94
102
102
93
103
95
106
93
99
98
99
92
90
101
99
87
93
82
88
100
88
92
102
105
95
111
110
124
92
113
122
107
110
126
120
105
115
103
129
120
131
118
122
112
110
122
114
100
113
104
103
112
117
106
119
106
116
106
118
110
119
108
122
114
120
123
112
120
96
95
98
114
105
92
109
101
112
103
109
84
53
67
104
75
23
39
91
34
3
3
2
3
19
23
16
4
13
5
5
15
5
18
9
11
15
7
14
18
23
31
46
49
67
52
59
29
12
51
61
37
31
55
11
69
6
7
4
4
2
15
3
18
17
31
30
53
58
65
71
59
65
77
73
89
95
23
88
48
66
90
32
95
77
93
7
4
6
14
7
12
9
6
4
29
6
18
16
28
22
8
24
9
5
25
25
41
59
57
47
53
61
57
69
75
90
87
79
86
92
91
82
81
86
95
110
103
98
115
111
128
102
122
119
118
108
113
102
111
103
118
106
114
104
108
125
125
121
129
112
127
115
122
130
128
119
121
124
109
95
51
92
111
71
26
64
39
42
5
19
7
17
11
3
4
12
16
10
5
2
26
21
31
43
44
70
60
63
71
74
80
90
89
87
97
27
61
47
78
14
77
66
94
51
57
9
6
16
32
22
11
19
42
39
58
55
41
26
38
28
50
27
7
16
21
19
11
7
6
24
25
35
30
46
60
62
59
63
78
72
76
74
93
94
103
89
102
90
98
91
88
103
65
52
55
42
33
82
101
50
86
71
3
6
2
11
10
26
36
36
47
47
44
71
70
70
72
75
74
67
71
95
93
110
97
115
104
113
105
94
94
105
104
98
84
93
95
92
96
95
82
101
106
111
99
117
103
88
103
98
103
111
99
106
95
109
105
111
116
96
128
117
103
110
81
113
81
97
106
95
115
103
111
101
111
110
102
106
113
71
98
68
50
84
58
80
72
60
74
80
90
81
117
117
102
130
115
115
111
128
122
99
111
96
109
100
115
101
116
107
122
110
114
131
123
116
126
114
127
119
113
101
118
110
122
99
111
78
101
86
113
94
99
107
94
91
89
88
64
65
81
88
89
99
94
89
111
96
110
93
83
101
101
106
113
105
97
102
115
107
113
111
93
109
99
107
116
93
101
107
95
92
92
102
96
94
100
100
109
94
106
97
110
108
100
116
108
95
110
102
80
97
106
106
100
99
104
90
107
87
112
108
121
111
117
117
103
37
71
16
120
98
63
29
51
14
89
9
4
16
32
23
29
24
39
54
46
64
56
67
82
70
72
93
90
87
97
74
68
100
31
84
63
44
7
3
2
3
5
25
17
45
34
40
25
35
38
35
42
23
45
57
3
2
15
21
14
23
14
17
17
2
5
18
28
30
30
40
27
58
67
63
76
71
78
67
86
85
103
95
108
104
107
97
94
122
101
92
116
89
100
101
101
105
90
109
93
67
89
84
83
83
75
93
81
61
68
85
90
91
109
103
111
99
99
99
94
125
121
140
122
125
108
120
77
99
101
95
99
93
98
110
109
98
79
95
69
89
108
100
84
94
100
104
91
110
111
125
124
96
105
106
117
103
91
81
107
102
88
107
96
113
108
119
110
113
110
107
125
117
118
131
116
130
125
123
120
124
111
120
105
116
105
113
107
84
114
95
103
97
87
93
95
90
92
93
101
92
92
112
114
124
116
109
122
114
122
101
111
112
104
114
98
108
93
93
79
108
96
94
114
101
100
84
94
53
35
30
76
59
44
74
4
5
4
11
16
21
30
13
9
20
43
42
26
37
36
15
33
50
36
31
45
36
39
40
49
60
65
63
53
65
63
79
76
76
91
90
106
95
94
97
104
101
92
82
88
100
96
93
96
90
97
91
93
100
97
95
98
100
104
102
111
109
113
101
114
101
119
106
118
111
114
111
102
114
108
103
94
112
105
95
104
90
94
94
81
76
105
96
114
102
119
116
132
125
114
120
106
110
125
82
99
115
98
105
104
113
93
106
99
107
94
94
82
100
117
123
119
127
119
124
123
135
105
117
103
116
112
115
113
105
118
118
109
114
117
112
101
112
105
111
100
106
112
102
110
96
109
105
81
92
96
109
96
112
106
97
102
107
100
85
108
96
105
111
97
110
97
108
97
117
109
110
97
107
103
102
109
98
104
90
101
90
97
83
81
104
85
88
95
85
91
85
95
97
91
98
90
94
98
95
91
100
88
103
76
98
57
49
82
42
27
69
85
72
37
17
29
26
46
38
48
33
46
48
36
3
5
6
13
24
18
29
41
41
26
25
16
41
23
37
14
3
13
6
11
26
22
14
6
42
52
45
47
54
62
75
74
88
80
91
92
88
102
94
106
103
101
90
90
75
92
92
94
105
108
99
97
107
87
96
92
100
89
97
88
94
84
89
82
96
85
84
95
91
95
78
95
83
97
90
105
94
113
103
94
99
77
101
106
105
98
104
92
88
91
95
114
92
105
92
94
97
91
99
101
77
85
97
91
82
94
92
96
78
92
88
84
87
91
85
97
89
96
85
92
96
82
93
102
95
90
88
94
83
77
90
90
96
89
88
96
97
84
84
85
80
96
91
100
94
100
93
109
95
109
108
105
98
93
104
108
97
101
91
101
91
102
98
92
100
91
96
97
105
45
32
59
26
98
71
83
63
72
89
88
42
62
65
66
82
82
97
81
92
85
79
99
90
74
86
75
95
103
96
106
105
104
111
115
114
125
93
91
104
100
96
82
101
91
99
93
93
106
89
82
99
107
97
92
92
88
82
88
94
96
84
73
94
77
88
81
96
85
91
91
89
90
104
91
79
85
86
75
83
88
85
94
79
89
80
93
86
97
89
95
113
111
95
94
97
113
100
102
114
101
116
110
100
116
106
107
115
111
109
89
102
108
97
91
94
88
94
92
92
88
81
88
92
77
93
88
85
97
100
89
78
77
108
94
95
109
103
79
92
101
93
87
102
102
101
94
104
95
87
89
108
101
97
84
85
116
91
103
108
92
87
81
89
116
77
108
89
86
94
77
100
99
89
91
84
98
92
103
85
97
92
72
79
66
98
86
95
83
100
72
80
98
97
114
87
79
93
91
89
90
90
107
98
108
106
109
107
97
114
107
116
101
106
101
116
110
110
119
100
97
83
103
91
102
91
102
99
92
107
85
122
105
108
75
99
100
47
89
51
86
69
63
82
81
98
86
88
90
93
85
106
94
95
87
103
94
84
103
91
83
101
99
102
103
101
87
86
90
94
78
60
87
50
42
75
23
89
91
46
22
77
46
45
56
57
73
83
75
83
100
100
97
106
95
104
93
106
87
98
94
79
73
89
93
87
76
90
84
99
82
97
77
79
98
88
111
99
108
114
107
114
124
117
130
113
99
106
106
96
105
85
92
103
98
101
87
98
110
107
109
95
105
99
104
94
96
88
85
95
79
91
90
80
91
75
85
88
77
61
47
54
92
87
68
100
93
101
85
65
65
79
79
103
103
110
98
102
113
117
113
85
99
109
97
107
100
103
93
71
78
72
99
94
86
79
97
84
83
71
72
73
70
100
78
78
88
93
89
92
104
83
83
99
102
102
111
98
105
93
103
116
107
88
96
80
85
89
99
93
87
104
88
100
91
94
94
71
90
82
64
101
97
90
106
90
95
88
101
83
95
94
100
87
95
101
106
94
110
101
113
105
102
112
89
99
103
95
91
98
76
94
60
93
78
62
89
79
80
92
101
102
110
102
110
108
97
26
84
103
90
63
51
35
47
23
10
10
27
7
36
15
22
16
32
3
4
4
12
19
19
16
16
45
55
54
65
64
62
73
76
73
93
90
95
30
80
39
81
48
53
84
63
4
2
4
4
3
2
6
5
6
4
4
3
16
4
7
19
33
28
41
21
18
20
33
32
17
32
39
39
53
66
60
63
82
98
99
108
106
90
82
10
16
90
12
49
109
31
68
40
99
15
23
32
33
44
39
56
54
69
69
76
74
75
86
87
104
95
97
111
110
97
107
113
100
117
98
88
100
99
101
100
96
116
95
101
95
96
102
89
102
86
98
93
69
57
75
83
83
87
94
87
93
82
78
78
95
95
106
103
105
97
95
106
83
103
91
93
102
87
105
84
100
93
101
85
95
103
88
72
94
110
56
73
90
87
74
83
61
60
59
56
80
82
76
94
80
89
81
84
98
87
83
88
87
93
94
89
92
87
103
92
105
96
108
100
104
105
87
116
100
116
105
114
99
113
103
119
97
98
85
106
106
93
99
92
76
40
6
34
90
76
68
26
51
97
80
20
4
5
4
21
3
22
10
20
26
19
17
13
42
41
36
14
18
3
3
7
32
41
50
48
59
66
74
76
78
75
77
80
88
97
109
103
112
103
107
107
69
61
34
30
48
82
108
86
88
17
5
4
22
26
15
24
23
26
15
62
66
45
75
58
64
75
77
96
81
60
59
63
45
23
92
105
38
96
56
4
12
29
27
52
35
50
42
54
60
59
80
81
95
89
76
103
94
80
110
96
100
70
35
89
64
50
58
37
86
32
23
37
44
55
53
70
68
85
82
92
88
98
96
99
106
90
91
101
102
95
105
86
102
109
84
97
107
96
97
87
103
89
89
105
96
94
107
96
101
108
110
102
77
95
89
101
93
101
88
88
95
99
89
100
94
89
99
83
101
91
101
94
99
93
95
100
101
95
97
95
105
89
100
93
81
102
96
95
105
94
99
87
82
98
106
101
69
48
85
89
83
97
56
89
80
96
66
67
80
79
77
97
104
89
105
98
101
92
104
92
95
110
85
110
95
87
92
104
97
85
86
95
76
79
95
92
99
83
92
104
102
93
81
94
89
89
102
93
96
89
99
82
100
100
92
108
92
91
84
100
72
88
84
91
87
93
87
99
87
101
101
88
89
103
83
97
92
92
85
78
77
92
85
98
89
100
81
95
94
98
72
79
94
90
100
90
100
89
93
90
102
88
93
100
91
98
87
98
87
91
99
89
93
84
93
86
93
81
92
89
85
90
86
72
90
77
79
81
89
92
86
96
92
90
102
79
87
86
86
93
70
66
58
35
28
35
51
81
94
82
68
30
44
43
58
59
60
79
78
91
79
82
89
78
87
81
79
88
80
82
90
91
73
90
87
101
83
94
84
94
84
76
93
80
90
79
81
79
88
82
90
86
68
49
51
32
15
3
78
91
61
20496
154
56
40
57
62
56
58
65
48
146
65
4
8
3
6
5
4
15
4
8
23
23
42
18
26
40
31
30
11
8
5
13
5
7
32
32
39
39
18
20
47
27
42
45
30
3
2
9
8
5
18
30
10
20
17
15
3
18
47
43
46
41
54
59
60
59
60
57
64
57
90
9
11
21
39
85
4
1
3
5
3
13
15
8
4
3
19
11
3
7
19
19
37
30
7
27
24
7
4
6
25
17
25
34
35
48
54
48
43
62
63
62
69
68
82
83
82
78
77
97
85
94
91
95
107
106
109
108
118
98
107
96
97
96
104
99
102
32
72
54
46
102
26
91
79
58
13
17
15
52
61
33
29
31
59
35
58
43
27
72
42
57
87
25
31
61
62
85
92
100
93
92
75
85
82
96
92
97
99
87
72
82
93
98
86
87
94
99
93
101
95
103
96
105
97
87
75
103
105
94
97
93
92
111
100
108
83
108
92
79
102
104
94
96
91
88
94
72
91
74
83
90
82
92
81
82
82
79
94
87
79
94
95
82
87
95
90
97
89
102
88
107
98
112
106
112
106
104
97
83
75
93
100
99
89
100
95
101
85
108
104
97
99
93
62
30
78
41
73
96
14
26
90
59
4
7
32
17
31
44
54
56
69
63
68
52
12
48
11
53
30
73
64
59
79
5
16
15
22
22
27
38
37
29
52
62
64
71
68
64
69
68
86
83
95
99
69
79
96
57
72
91
94
106
104
102
102
88
88
83
104
97
105
116
108
118
103
111
114
109
114
114
99
107
110
103
88
118
98
101
99
95
101
99
93
92
96
97
96
100
74
43
91
33
52
54
27
64
79
4
3
11
4
11
6
28
24
36
35
32
32
22
64
56
77
31
32
29
63
10
73
3
14
24
52
51
48
76
75
88
74
77
102
80
111
86
107
89
103
90
114
104
99
118
100
112
94
69
66
71
35
97
71
57
5
22
8
9
21
11
14
5
4
27
26
36
54
65
64
79
73
90
89
95
102
111
112
107
92
116
121
104
112
110
88
60
20
120
66
82
58
34
3
6
4
13
28
24
52
33
35
64
64
63
81
83
96
90
92
89
98
96
89
87
65
22
52
82
43
38
104
9
7
26
28
10
21
35
37
50
33
16
14
38
10
19
29
44
49
40
43
69
71
89
97
101
100
104
81
44
37
19
75
36
93
94
75
95
60
6
17
15
34
31
32
20
36
39
4
10
4
12
14
19
22
21
47
40
49
61
61
69
68
92
91
112
110
109
107
111
108
112
112
104
109
114
97
88
109
97
107
96
103
96
107
97
103
88
47
87
81
58
63
101
100
107
106
129
116
97
118
115
125
104
115
92
57
87
109
76
51
40
69
26
