26
117
206
219
210
115
212
227
203
221
213
221
123
121
139
128
94
136
121
107
121
107
102
107
113
105
93
109
103
119
99
105
99
79
86
79
86
91
96
73
79
83
90
103
95
95
30
61
78
30
77
90
109
110
131
115
85
75
118
115
109
108
100
111
79
85
93
90
126
130
121
115
99
100
85
81
79
44
7
11
14
4
10
13
7
10
13
11
11
4
14
37
35
53
52
66
65
86
85
106
107
117
111
105
117
111
89
113
95
102
92
104
84
100
91
86
105
103
99
108
100
105
100
109
95
97
106
82
102
95
105
93
93
103
104
82
92
102
85
100
91
95
108
110
96
96
96
102
105
104
101
101
96
98
104
88
98
97
87
77
89
85
89
85
76
89
88
89
87
87
92
94
90
89
89
95
94
92
95
90
73
76
79
88
90
100
95
101
94
105
99
111
101
99
89
77
91
98
93
88
97
93
96
87
100
100
81
96
90
75
98
87
89
98
80
93
96
91
104
102
98
96
101
96
107
98
98
104
84
103
93
101
89
89
100
100
90
93
87
100
89
101
90
102
93
103
98
104
98
105
99
103
95
104
98
104
97
104
98
106
99
86
105
67
51
94
80
62
92
83
76
91
78
84
86
102
86
85
81
78
102
91
104
79
89
96
94
104
98
98
102
100
104
97
107
95
109
98
104
97
105
94
105
98
102
80
95
98
91
95
87
93
87
81
90
83
94
83
97
83
87
88
86
97
85
92
74
79
90
91
79
87
79
89
91
82
94
96
82
76
88
86
90
81
85
80
83
82
87
86
88
85
89
80
89
87
78
79
79
91
74
83
80
86
81
86
90
92
77
75
97
85
96
87
94
88
100
94
102
92
95
91
85
91
85
91
95
90
95
84
96
96
84
97
91
98
85
94
89
83
94
84
92
91
81
78
72
56
89
66
87
83
80
85
76
86
61
75
81
81
96
88
97
88
98
95
79
95
90
95
89
78
97
86
93
82
87
82
87
82
85
91
76
86
92
94
73
82
73
84
70
4761
4765
4760
4763
4769
4776
4772
4781
93
110
96
100
88
91
101
105
92
105
91
107
94
107
101
112
103
111
105
110
102
108
95
105
97
106
91
101
92
106
93
104
94
108
95
3070
3048
3060
3045
3057
3080
3070
3076
3069
238
103
79
96
107
94
107
107
117
110
98
110
108
143
130
136
125
148
97
110
141
118
175
134
121
148
742
744
746
748
783
740
705
722
752
673
6
13
11
6
16
15
17
29
51
53
52
52
49
67
66
82
82
96
103
105
97
97
96
109
98
113
105
112
101
102
110
90
116
102
113
99
102
96
94
100
90
90
113
99
89
80
70
89
100
88
86
69
78
87
91
80
76
75
83
88
92
98
102
90
85
105
76
102
83
94
85
97
88
105
97
118
102
118
111
120
112
115
108
105
116
109
101
104
110
110
107
60
99
81
74
92
87
100
86
96
70
94
86
82
105
103
103
94
114
86
107
98
91
99
90
101
117
81
78
73
64
59
98
95
74
12
4
38
191
189
228
241
240
284
110
134
127
106
54
31
109
88
130
45
131
98
40
52
67
52
67
98
98
97
117
108
107
100
81
47
53
96
52
64
80
74
57
65
66
76
63
53
64
67
63
64
66
59
69
62
71
63
63
70
59
70
62
62
70
69
70
67
59
57
56
69
69
52
72
89
81
83
95
104
102
99
111
99
107
82
78
75
83
70
71
62
55
68
62
55
66
66
69
63
70
60
64
69
64
70
71
57
65
78
70
81
73
86
77
76
83
76
75
77
76
75
69
70
58
72
75
70
79
68
69
57
47
72
61
41
80
66
65
67
51
111
99
105
98
294
294
306
319
309
259
262
263
99
104
108
94
118
102
101
106
120
113
74
91
100
101
95
104
94
84
105
88
106
86
110
111
120
106
91
112
108
115
100
109
95
99
93
79
69
49
83
56
85
81
87
77
84
81
100
99
104
97
97
99
104
102
101
103
102
102
101
91
102
84
90
95
106
97
102
95
95
97
92
101
94
103
86
102
108
96
112
97
98
98
91
99
85
101
88
92
86
93
93
105
90
91
97
91
101
95
103
103
100
108
94
111
108
121
118
117
114
116
107
105
112
108
101
107
101
99
111
108
104
101
110
112
97
104
111
108
98
100
106
71
87
99
92
86
78
77
84
94
85
85
90
98
82
103
96
89
108
89
88
74
103
87
97
90
87
97
96
87
96
87
83
86
95
88
80
70
101
94
99
110
99
87
109
94
86
92
90
98
96
96
82
99
92
100
99
100
96
104
91
102
90
100
94
96
84
86
98
94
84
86
97
97
94
102
90
89
99
80
86
100
90
104
88
93
101
86
77
72
91
70
86
76
87
90
83
88
88
98
81
100
101
110
95
84
104
96
104
96
104
82
91
99
92
98
86
96
88
104
91
88
89
80
99
93
90
99
88
101
90
89
77
85
87
102
97
107
98
122
109
118
118
107
132
108
117
111
110
88
52
96
68
77
43
84
82
71
81
57
51
70
70
86
85
101
94
83
95
95
144
131
147
137
148
142
160
149
149
131
116
125
122
107
116
91
107
108
96
105
85
98
103
77
70
107
78
95
105
59
68
74
86
55
81
76
78
77
65
50
49
47
45
96
80
78
38
45
20
76
41
42
39
39
34
35
55
38
60
59
76
75
89
89
67
26
28
52
102
100
82
32
92
27
54
9
15
25
47
40
55
49
66
64
57
57
56
101
103
111
96
101
93
81
78
98
98
111
104
89
100
112
100
106
117
106
115
106
102
103
104
114
110
112
97
103
97
112
101
121
105
116
108
121
108
125
110
124
116
122
118
108
127
122
107
78
107
94
71
117
109
92
103
92
97
85
85
73
86
86
98
90
95
86
81
76
94
89
83
83
95
83
88
94
86
92
88
98
80
92
99
91
95
89
99
81
88
86
110
110
109
100
114
109
116
116
122
101
112
100
110
97
88
99
104
111
102
106
100
104
89
105
100
105
113
105
107
100
108
107
111
107
116
100
110
97
83
62
74
29
60
6
68
35
100
52
37
44
43
64
64
84
82
103
103
117
101
118
105
116
102
119
109
117
103
116
108
112
96
91
96
102
100
96
100
93
106
102
111
105
114
95
113
129
115
129
105
114
107
118
104
101
100
99
106
98
84
106
107
86
97
110
117
115
105
111
119
101
92
116
102
106
98
124
111
121
135
143
129
144
135
142
108
139
125
124
141
116
107
129
82
114
115
109
122
112
120
116
107
102
113
102
115
106
108
102
85
98
107
93
104
106
93
104
94
106
97
112
114
110
86
93
99
97
86
66
70
95
86
93
99
93
83
99
110
93
92
117
108
111
128
119
118
123
115
127
115
107
100
89
104
97
109
103
110
97
78
103
93
103
43
100
69
40
49
82
53
43
64
82
79
81
61
49
65
65
82
83
100
94
102
101
103
91
83
96
90
87
93
73
67
96
82
90
82
77
82
92
95
89
103
91
96
98
93
70
70
63
89
93
89
94
85
95
87
82
78
97
96
108
99
116
104
112
100
117
114
104
116
117
109
114
110
101
116
108
101
109
98
107
99
105
102
99
106
107
104
109
106
112
108
107
109
90
101
108
119
101
114
99
115
101
88
112
106
113
102
113
103
12060
12062
12064
12077
12062
12074
12066
12136
12127
230
147
158
179
179
194
172
111
122
139
125
132
135
122
129
123
119
131
110
103
128
107
118
122
115
116
121
122
129
102
127
119
125
132
126
112
125
131
113
192
173
179
168
172
157
164
156
69
171
91
80
79
89
77
96
105
95
114
104
109
98
117
103
117
110
112
104
110
103
110
109
100
110
103
103
86
115
84
156
148
150
139
151
148
138
134
158
144
95
83
100
91
101
93
92
97
91
102
104
96
104
97
103
98
106
104
116
108
108
120
121
68
109
103
55
89
83
45
31
89
72
88
43
60
60
80
79
98
98
96
107
98
111
88
100
110
95
100
98
101
110
98
77
105
79
96
112
103
111
100
113
103
85
116
107
101
107
115
117
114
100
112
111
101
102
110
30
51
60
99
79
65
42
90
120
23
25
26
21
17
89
20
22
14
19
41
35
55
55
74
71
65
89
89
110
103
105
112
118
104
116
101
41
69
85
55
99
37
48
76
171
141
156
51
57
61
74
72
91
92
95
87
102
96
91
94
89
96
88
95
90
107
106
102
96
106
100
105
92
106
93
106
99
108
102
107
112
74
96
103
47
58
65
40
83
95
66
43
43
55
55
76
90
90
75
105
99
103
100
87
107
109
73
60
96
82
78
106
100
104
102
115
103
109
111
101
101
107
101
108
102
110
104
109
100
89
102
109
107
103
113
111
99
113
107
114
90
106
97
109
101
112
109
99
118
110
103
116
104
115
129
127
131
129
122
131
119
112
128
133
108
77
56
45
62
113
84
96
113
98
97
97
102
50
78
50
48
52
41
48
82
88
77
52
51
66
67
65
80
67
74
18
74
59
47
44
31
17
21
31
42
30
58
58
75
74
75
76
65
95
99
101
95
95
114
102
115
113
109
104
93
110
94
106
93
92
110
97
113
111
119
113
127
115
124
126
127
119
116
126
125
118
125
116
115
107
94
116
125
128
110
112
114
116
112
109
114
110
86
106
92
109
95
99
100
88
99
86
98
91
99
89
95
94
80
103
91
107
101
110
106
108
119
111
104
118
116
116
108
114
106
100
110
103
88
89
67
97
74
88
72
78
85
96
105
91
88
88
107
102
101
103
109
96
110
91
84
105
85
96
100
90
100
92
106
91
94
90
103
92
100
96
87
98
100
89
105
98
101
91
106
105
105
115
117
110
117
109
119
87
96
109
103
55
32
43
75
72
86
54
95
110
78
77
90
89
74
81
63
62
83
99
93
107
96
106
107
111
103
99
120
112
124
104
112
120
105
123
108
119
111
120
109
158
145
149
156
152
160
155
145
155
129
111
120
94
102
46
89
65
33
120
74
56
73
94
84
84
75
75
74
72
85
85
100
93
98
97
102
83
88
105
101
108
91
98
119
108
121
113
119
108
89
104
114
113
96
98
89
82
95
97
90
87
78
86
87
91
85
98
98
106
90
103
103
95
85
106
103
98
91
86
98
92
99
101
70
87
92
97
98
92
102
93
93
101
110
92
104
93
97
106
99
101
115
115
98
103
87
81
122
121
106
102
114
81
89
106
105
104
47
84
116
45
46
93
92
62
83
25
92
107
127
140
142
141
157
157
158
154
151
290
240
267
270
248
210
214
220
226
231
94
85
4
4
3
15
17
18
19
20
4
18
3
3
11
13
8
5
36
5
17
15
4
11
5
6
21
18
19
18
42
25
39
41
40
41
80
83
50
52
60
68
74
80
80
69
11
43
41
50
59
65
64
89
90
108
108
121
107
117
120
122
100
116
103
113
110
130
108
78
94
98
115
129
116
108
113
85
102
86
89
97
108
108
118
115
119
111
120
112
116
113
113
110
115
106
113
106
112
102
115
106
110
100
117
120
103
119
102
115
103
114
100
101
120
103
119
103
119
56
71
43
83
97
87
95
105
92
103
93
117
75
63
75
104
99
97
104
88
108
108
107
115
83
91
92
106
102
95
116
105
111
106
112
112
128
126
126
109
117
112
111
84
81
99
105
90
117
110
121
113
121
113
112
121
113
81
65
91
131
118
104
114
107
134
132
123
117
128
128
144
127
141
134
119
125
106
129
120
126
119
103
113
100
119
104
111
43
33
40
85
71
91
58
65
61
64
32
43
44
61
64
62
91
106
91
99
112
102
90
86
67
103
37
40
97
50
39
75
60
20
55
51
67
57
76
75
89
90
108
110
111
121
116
109
110
102
111
108
103
107
58
24
25
37
98
93
41
69
61
78
42
2
36
35
35
55
49
64
65
80
95
95
118
110
116
103
112
107
122
108
114
99
110
104
102
110
112
101
113
111
103
103
105
113
124
127
127
118
124
112
114
124
127
109
115
105
111
104
112
101
106
95
104
94
83
92
60
28
47
98
27
79
76
53
73
72
47
51
51
70
71
89
87
98
97
111
99
112
102
109
100
100
107
87
104
108
112
96
109
93
94
102
113
97
99
100
110
108
115
112
114
116
114
112
108
110
117
114
111
103
111
100
107
105
107
99
108
100
111
113
99
111
102
112
98
97
112
112
102
110
105
111
109
111
104
110
107
91
106
93
96
107
75
110
96
87
107
106
93
106
93
93
102
99
98
97
106
104
98
105
97
103
99
107
99
105
100
106
92
107
105
111
102
111
104
113
95
100
100
89
107
103
81
97
90
89
95
75
95
93
100
98
91
114
108
92
93
93
104
86
92
84
104
93
100
93
94
101
101
109
112
107
110
109
110
118
116
103
99
92
100
84
96
91
96
87
95
93
92
90
93
88
89
90
95
86
97
86
99
88
102
90
98
90
79
103
89
104
92
101
89
96
92
97
94
73
90
87
88
98
88
99
94
88
103
95
111
93
100
91
99
91
95
89
86
92
86
92
90
72
90
82
84
99
87
87
93
95
88
93
100
96
103
99
96
77
94
89
95
83
76
64
85
83
74
87
76
86
80
95
88
93
92
104
98
97
107
113
106
113
107
114
108
117
110
115
104
114
108
111
103
110
108
105
108
109
103
109
106
109
101
105
107
97
105
100
79
96
104
91
112
96
107
101
108
103
107
113
116
101
110
107
93
82
111
97
90
106
96
114
95
96
84
106
101
114
114
100
95
113
111
104
119
103
117
108
116
108
125
118
108
122
112
92
115
101
118
92
68
100
82
109
95
101
97
94
111
91
98
96
86
87
117
108
104
100
124
109
116
127
96
130
105
117
105
101
123
106
94
98
107
90
116
110
108
120
105
121
113
116
101
115
93
105
99
108
100
95
100
114
111
108
119
114
107
117
107
115
95
106
113
94
114
100
117
106
114
106
112
125
117
115
129
120
127
119
126
118
126
113
115
125
122
108
119
105
118
110
108
115
120
109
121
114
125
112
117
126
122
117
125
113
127
119
123
124
125
114
124
134
114
128
116
116
132
127
116
137
126
109
126
113
124
108
97
111
101
102
78
63
55
51
46
41
95
69
100
4
5
6
12
8
13
30
41
40
43
40
39
40
42
84
81
92
84
86
59
76
76
83
90
75
49
65
42
61
91
120
74
106
124
62
62
62
61
122
121
116
100
108
126
124
118
96
104
112
82
95
96
99
71
93
42
66
40
35
85
64
36
86
82
40
61
45
67
86
85
108
106
118
111
96
71
118
103
112
69
51
61
49
53
40
54
52
52
55
55
63
70
70
79
75
65
63
70
40
49
42
63
56
60
57
72
72
68
55
58
59
65
78
75
71
82
57
77
57
63
68
67
55
62
70
77
68
74
75
74
68
75
63
77
55
61
58
62
53
63
64
63
65
71
60
68
73
78
79
91
88
104
91
103
102
110
115
106
122
108
102
104
96
82
84
107
93
112
95
96
89
102
86
88
95
102
97
114
113
106
110
101
118
102
106
117
114
109
112
104
119
99
116
94
107
85
89
100
104
76
86
102
100
106
103
113
95
112
106
108
111
101
114
111
103
109
106
101
106
104
116
102
110
116
121
107
114
118
109
104
96
116
112
101
98
106
105
94
108
97
113
95
89
100
104
109
97
116
99
110
100
110
108
111
109
111
109
107
95
86
89
94
87
97
109
111
105
120
118
117
139
128
145
115
116
124
132
109
116
107
96
94
100
108
105
84
97
104
92
73
76
87
99
48
102
59
88
89
90
80
66
59
65
54
69
56
52
55
93
93
94
103
103
116
114
86
104
103
103
117
111
103
103
97
106
107
97
99
100
96
101
91
102
95
82
101
105
113
83
73
60
41
34
50
67
100
90
3
26
40
34
50
50
69
69
84
87
86
98
103
104
88
86
98
100
91
86
87
101
92
90
80
84
105
98
93
104
110
108
124
113
130
121
125
121
126
123
132
103
129
110
103
116
105
123
112
111
120
120
106
105
118
111
115
96
96
91
109
98
109
96
112
95
106
107
111
109
121
111
122
115
119
114
128
127
132
109
115
107
115
108
123
109
120
106
123
109
110
126
126
113
122
130
114
126
111
129
111
123
113
112
97
119
58
99
42
73
88
65
88
82
71
83
76
57
80
80
90
108
109
118
121
108
115
103
115
104
109
108
98
110
99
112
108
118
102
117
115
117
100
112
104
82
111
62
104
69
59
49
52
65
89
90
86
106
104
122
130
129
148
141
106
102
110
98
102
99
107
100
93
105
110
99
111
99
114
106
101
99
114
112
123
117
126
111
125
118
125
127
89
112
120
95
102
105
93
92
103
103
92
99
93
105
94
106
95
96
104
92
104
84
98
102
90
93
99
80
67
73
84
96
81
95
109
98
112
112
131
124
137
99
102
103
99
90
92
86
90
107
61
51
40
77
76
43
74
73
36
28
55
54
84
84
105
103
115
111
122
124
134
108
117
107
120
90
107
94
108
96
87
73
67
66
46
48
43
87
91
7
14
13
4
23
24
25
52
57
58
51
60
60
62
61
62
60
12
10
10
3
6
18
19
29
38
37
41
43
44
42
38
25
44
27
31
22
12
1
4
3
3
1
4
4
3
4
3
3
2
8
15
10
28
34
32
42
43
37
52
54
53
35
55
74
70
61
56
54
70
43
112
107
109
109
107
99
32
28
3
9
31
35
50
24
26
5
4
7
14
12
6
8
41
39
58
51
74
74
71
74
71
72
116
129
113
127
68
116
68
96
97
106
41
55
92
71
62
39
69
98
81
10
10
35
34
53
55
55
55
56
55
54
91
34
77
55
32
95
94
95
92
77
20
95
94
60
34
23
20
18
11
9
51
47
57
55
68
68
74
75
92
104
96
92
94
99
111
104
117
119
137
121
126
132
135
134
139
145
104
30
79
70
125
52
122
84
62
70
35
54
53
52
71
71
82
82
85
86
84
104
94
110
114
113
116
114
122
112
120
89
114
109
110
92
98
124
118
130
124
127
120
139
131
123
115
114
123
119
112
121
108
117
103
111
107
119
114
104
713
706
721
710
718
718
705
713
724
123
115
111
127
126
119
138
123
126
79
31
58
117
41
109
67
125
27
95
37
25
43
42
60
60
76
76
90
101
106
94
104
96
100
87
95
93
91
101
92
90
86
91
87
97
87
93
84
98
114
109
103
103
125
109
93
101
89
113
115
107
118
111
108
110
170
163
158
184
159
152
149
162
152
161
114
105
105
93
61
86
114
72
52
104
71
90
80
51
50
57
80
81
101
96
94
93
100
113
110
87
95
98
93
97
99
92
76
94
84
90
85
94
74
90
90
85
95
84
83
89
101
93
66
85
92
84
101
88
89
86
88
73
91
89
85
70
76
85
81
76
92
87
88
95
95
96
86
100
92
71
77
94
87
85
89
91
83
90
85
74
82
94
87
77
71
94
81
92
83
78
98
84
94
80
88
93
93
93
101
78
92
88
98
91
86
85
94
77
85
92
112
121
120
101
106
120
109
116
113
75
122
85
89
91
73
75
84
90
77
89
87
80
71
85
73
89
91
90
98
85
99
93
107
95
96
95
93
95
96
90
92
82
85
96
97
81
91
97
88
91
86
94
73
83
92
85
96
86
95
92
86
97
90
88
99
88
93
94
94
98
75
88
20033
20056
20141
20134
20151
20144
20168
20166
20173
20190
155
219
151
141
128
142
112
132
118
175
158
160
172
167
147
156
162
144
90
151
84
102
76
98
68
83
86
96
82
93
56
74
86
89
102
98
110
102
108
110
116
111
131
107
104
97
106
89
106
108
106
100
98
99
87
114
105
96
169
158
167
157
156
165
174
205
192
137
217
134
151
122
65
89
88
40
76
93
48
99
91
53
103
65
66
67
95
95
86
112
105
106
96
107
89
88
105
107
93
78
106
95
93
75
106
105
96
99
116
112
103
123
104
106
75
97
82
114
104
98
85
79
85
95
105
56
81
83
84
84
107
102
99
108
114
97
101
76
75
103
101
99
115
89
96
119
99
98
111
98
108
100
114
94
75
105
97
91
105
93
99
100
107
91
107
100
109
106
92
86
97
103
93
99
92
98
101
92
79
97
90
99
93
106
92
96
89
92
106
106
94
105
95
106
104
93
96
107
101
77
92
98
95
95
93
94
97
90
95
88
75
97
86
86
98
86
98
80
96
82
94
87
92
86
101
93
107
105
105
98
96
101
86
95
114
98
108
110
98
102
110
117
116
89
97
97
79
92
100
82
92
101
97
113
103
113
99
118
102
104
106
116
107
117
109
112
106
114
101
114
107
130
123
132
137
143
134
142
135
144
141
129
112
120
118
103
94
93
117
106
114
92
100
111
100
117
92
118
108
101
118
110
114
113
124
123
124
118
102
121
113
115
112
98
90
112
93
95
104
95
103
91
85
97
85
99
82
104
99
87
95
107
112
102
103
99
105
90
100
102
95
104
104
107
105
103
109
99
112
101
111
114
100
118
103
102
122
91
103
117
110
100
110
97
113
100
100
114
104
115
112
116
96
116
100
110
106
121
108
125
110
117
128
119
114
119
110
110
117
114
105
111
106
121
106
111
118
118
115
114
116
116
107
98
110
109
99
106
104
107
97
98
111
76
106
88
98
88
100
99
103
91
105
94
106
106
100
100
119
118
115
112
103
95
115
104
104
103
90
49
97
74
65
89
76
96
88
98
84
71
83
83
97
92
107
90
102
98
100
80
88
96
87
93
87
93
83
93
95
77
93
79
94
94
73
90
83
84
98
91
80
82
83
89
69
98
95
54
61
44
81
98
90
69
83
87
93
76
57
55
69
69
87
87
53
72
86
58
68
88
82
89
79
88
63
75
74
92
93
98
105
107
99
106
87
99
105
82
95
77
83
95
95
82
86
85
104
95
90
104
89
99
82
103
91
104
91
102
97
99
96
106
105
95
118
111
103
88
105
100
95
100
104
101
112
97
101
94
107
103
108
89
59
105
91
74
70
95
87
107
60
73
90
80
87
103
102
90
105
98
92
88
75
61
58
47
49
99
7
39
15
17
18
53
91
78
60
76
53
109
102
110
109
188
187
176
164
145
136
115
110
48
48
4
4
11
17
40
30
49
43
42
44
43
43
39
43
44
116
27
26
30
33
25
29
27
19
96
31
5
3
24
52
44
63
63
67
81
83
99
98
99
135
122
137
83
50
46
42
129
116
98
98
55
52
75
55
82
80
72
72
92
86
93
92
118
109
121
104
119
107
131
121
123
114
110
104
104
113
54
72
73
92
108
88
73
107
80
99
91
92
62
51
46
46
60
92
58
