39
39
35
55
84
36
120
157
157
162
173
173
192
154
162
165
127
136
115
113
117
138
90
112
110
122
104
112
110
106
127
119
131
86
98
140
106
131
145
135
141
127
145
136
126
95
100
103
88
95
101
108
84
140
79
86
62
121
110
99
105
117
112
105
112
158
82
128
158
174
175
181
158
77
59
43
29
176
147
175
79
3
5
5
36
36
55
70
72
83
68
44
60
29
16
48
14
58
46
81
72
43
17
4
3
17
18
38
37
53
60
22
51
24
71
36
47
60
52
34
33
7
5
5
11
21
4
8
6
7
16
15
34
26
38
38
59
47
63
68
73
66
72
97
89
58
62
86
104
98
79
64
69
95
96
3
1
20
24
11
28
26
17
13
9
12
46
46
49
38
41
67
75
87
85
83
84
87
68
82
72
31
18
79
62
45
42
23
7
9
11
9
24
30
54
49
61
52
58
25
61
22
60
63
20
58
3
4
15
24
40
41
41
57
52
61
60
76
73
76
98
80
81
77
97
100
82
89
101
94
104
90
101
97
111
103
116
107
93
102
97
73
85
99
96
94
87
91
93
76
82
92
90
84
89
93
95
91
97
83
98
86
93
102
97
97
107
90
98
100
88
64
87
97
56
20
41
38
36
54
74
68
87
4
28
33
39
48
47
59
70
71
74
74
92
86
93
75
87
99
85
86
81
94
78
88
95
74
82
91
84
84
89
87
93
79
75
82
89
82
89
86
78
82
80
77
79
86
82
99
84
92
83
98
86
101
85
87
99
63
78
83
78
76
90
81
88
86
83
90
86
104
77
93
82
92
96
85
88
99
100
79
100
99
86
95
84
92
82
96
95
102
79
88
87
80
81
86
80
83
81
84
86
75
86
82
88
90
83
97
81
84
91
99
91
91
94
98
88
94
99
92
91
79
99
93
90
95
84
91
84
92
76
90
98
83
83
93
93
88
75
90
93
102
103
95
89
4758
4754
4753
4763
4751
4762
4752
4768
4757
101
92
99
77
104
92
77
85
97
105
103
95
111
100
101
101
112
79
91
86
96
95
97
100
99
86
80
83
91
79
102
102
104
96
102
2638
2629
95
2659
2642
2622
2613
98
2606
2633
57
98
57
55
2655
99
83
116
115
207
206
214
209
197
213
163
174
182
107
103
108
108
92
105
103
92
101
89
96
97
100
94
104
93
99
108
111
99
106
96
93
105
103
92
97
85
74
100
95
100
93
112
98
116
92
108
90
90
101
123
114
97
109
97
100
112
110
103
109
89
99
101
117
113
102
113
102
116
103
86
69
99
89
77
106
61
93
78
101
81
111
101
90
91
99
105
102
126
127
97
112
100
108
107
139
125
135
120
133
123
126
134
103
102
117
113
117
104
116
109
119
112
88
115
124
100
78
120
107
130
111
122
107
123
97
120
130
122
128
115
109
118
69
109
91
96
104
88
95
103
103
89
76
74
73
94
104
91
87
96
102
107
107
112
93
102
101
110
100
105
98
102
97
106
109
83
93
98
102
85
100
86
103
90
90
99
89
97
106
92
106
93
102
91
100
107
86
104
90
83
102
107
93
101
96
87
98
105
104
92
110
78
100
82
95
87
91
85
82
94
92
107
90
89
97
82
92
86
67
77
85
91
91
85
93
84
93
92
97
105
102
97
108
98
93
91
93
85
94
86
98
92
100
86
103
102
111
109
108
98
104
90
102
92
96
104
104
93
101
103
96
93
99
71
56
81
86
31
21
48
61
35
4
4
11
9
7
7
12
11
5
26
27
27
47
59
64
71
73
70
72
87
85
94
102
105
98
104
92
101
101
92
98
97
103
92
102
95
99
102
110
96
114
110
108
96
97
108
109
99
99
107
91
95
103
96
102
93
101
103
118
77
86
51
102
89
38
27
59
75
5
15
19
24
40
48
62
70
38
53
19
41
28
30
19
56
49
30
6
4
7
20
28
29
32
39
12
48
29
26
10
4
15
15
22
28
36
44
44
55
54
64
64
71
27
53
75
50
69
15
66
73
51
8
17
28
46
47
49
38
41
62
73
85
85
112
111
83
20
58
55
50
108
78
69
66
4
39
33
52
50
70
68
87
86
105
94
103
78
103
81
98
77
96
88
98
53
34
58
76
43
73
56
14
27
34
36
47
13
48
38
36
28
40
29
4
14
8
18
9
10
10
41
42
38
38
42
57
37
43
18
40
33
36
9
5
7
16
27
38
56
57
71
73
44
43
41
18
38
57
57
67
53
5
19
31
31
43
50
48
52
56
38
37
53
67
74
18
71
60
45
56
21
48
5
6
6
10
12
26
26
44
53
50
65
64
65
78
77
92
86
105
98
100
93
106
112
98
103
107
100
108
96
110
102
106
96
94
84
107
101
89
99
98
89
109
100
94
70
17
59
46
78
105
90
27
32
52
10
19
18
20
46
40
55
68
55
71
61
77
73
71
83
82
97
109
101
94
112
97
48
74
39
34
66
10
82
30
12
92
101
3
4
6
19
23
42
41
66
57
56
67
84
82
72
34
70
53
40
87
76
61
18
4
18
28
32
45
45
66
70
60
86
75
89
99
95
104
100
111
100
115
98
93
107
100
106
104
100
103
90
98
106
94
111
95
100
92
95
90
102
108
92
104
93
98
84
93
93
99
90
95
90
95
81
93
76
89
93
75
82
91
83
79
74
93
75
83
92
88
86
94
96
96
100
109
99
108
99
108
102
108
100
106
98
90
94
109
105
92
107
96
97
107
113
103
107
97
109
101
117
111
115
118
98
112
126
128
92
109
106
98
103
95
112
93
93
111
103
95
97
106
111
104
113
107
110
107
113
105
110
112
109
101
86
109
94
104
91
102
88
92
104
105
95
102
117
106
122
107
114
90
112
99
101
114
95
112
96
108
100
113
104
114
77
97
95
113
105
106
92
92
102
95
100
91
104
82
108
102
112
99
112
108
125
125
123
128
116
113
109
103
91
103
95
105
93
87
94
98
89
85
85
80
85
97
95
95
114
94
103
99
99
113
117
101
114
105
113
101
115
109
102
89
102
100
108
101
95
102
92
90
95
99
113
105
106
99
112
104
114
113
122
119
107
94
100
92
95
78
98
84
89
87
99
96
89
86
93
85
93
77
81
97
77
89
78
91
89
93
76
83
98
87
94
99
102
92
92
102
89
93
91
95
95
87
85
96
78
88
100
78
86
91
99
87
103
92
110
97
104
112
117
98
111
105
99
111
86
96
108
110
96
105
92
101
87
96
98
80
99
93
103
97
109
101
103
102
107
100
110
103
108
97
78
88
103
106
100
93
91
68
82
88
67
88
82
83
78
89
90
79
74
93
93
84
87
97
101
93
97
102
97
97
108
104
106
97
106
104
107
109
111
102
107
113
114
112
89
70
102
112
87
99
75
86
89
95
56
39
83
48
18
28
62
64
62
91
4
8
18
29
30
43
51
62
73
66
78
82
84
84
94
70
92
80
79
91
97
87
78
91
84
88
73
79
98
79
89
94
89
71
92
79
91
64
84
85
66
70
82
67
81
88
95
76
90
94
94
94
97
95
80
88
87
89
95
93
112
93
97
96
101
108
94
113
104
117
93
107
107
108
106
106
113
94
105
105
77
82
73
81
92
74
77
83
86
81
72
77
74
78
91
85
100
94
100
67
110
91
83
86
103
94
84
92
79
84
86
85
100
84
82
69
89
86
65
71
78
92
79
90
94
83
93
90
91
80
102
103
9431
9445
9439
9450
9451
9476
9466
9485
9475
9493
146
139
145
108
140
132
180
172
40
120
169
107
34
122
158
149
138
22
4
4
7
3
5
27
10
24
32
21
14
33
27
18
17
5
3
3
9
25
29
41
37
55
58
70
67
72
67
52
79
60
67
64
62
46
42
63
66
69
102
101
104
79
67
89
31
103
78
104
76
5
4
7
11
26
24
40
113
111
108
124
29
52
122
49
56
61
55
76
18
17
65
35
40
20
13
46
7
9
32
43
52
54
55
54
39
35
54
40
44
26
25
17
14
12
10
16
2
4
2
3
4
8
17
15
30
19
21
22
15
11
4
4
13
26
14
18
37
39
31
34
30
34
27
33
56
64
65
54
44
52
57
43
63
51
70
74
71
72
89
97
87
91
82
68
78
97
95
100
103
86
92
67
94
73
109
105
106
101
85
79
90
56
79
80
79
88
96
85
32
51
89
55
75
40
61
60
29
70
58
47
64
62
60
61
76
78
77
88
79
93
97
86
94
78
59
41
31
52
54
62
21
87
4
6
7
4
12
25
6
7
9
28
36
17
24
16
7
8
25
33
38
36
48
56
64
63
77
76
74
91
22
76
66
52
29
61
44
65
7
12
19
15
16
16
25
17
17
33
30
26
22
7
32
31
48
52
45
50
68
75
75
91
88
95
89
95
88
86
96
98
103
95
105
96
104
89
100
82
95
92
84
96
85
74
84
27
33
59
76
34
30
17
52
5
3
8
11
20
27
49
42
29
63
52
55
63
79
82
84
78
100
94
111
89
88
106
90
88
108
89
36
74
64
33
43
87
61
5
28
26
30
40
63
62
82
96
94
96
107
107
102
116
108
113
119
95
118
109
89
85
85
102
104
89
101
92
35
47
32
66
63
12
31
70
11
9
32
36
33
15
59
59
85
81
75
68
78
72
86
77
69
67
97
80
90
87
90
87
96
88
88
95
77
98
41
80
52
26
82
38
12
30
41
28
40
22
34
51
38
48
37
32
3
3
24
18
34
42
40
33
52
42
81
79
99
95
89
87
114
110
104
100
113
104
77
107
111
73
50
90
33
84
18
62
91
50
98
51
5
9
30
10
27
22
3
5
13
2
22
19
24
38
45
62
50
42
52
70
68
89
83
103
104
125
70
95
88
106
118
118
79
115
92
87
103
105
102
77
77
98
97
111
104
111
110
130
114
129
126
120
104
118
101
112
109
97
109
115
112
108
120
121
128
112
126
110
119
108
103
115
60
110
53
77
90
18
40
72
101
25
13
11
24
27
49
36
31
35
12
51
17
10
22
23
41
50
52
57
49
53
25
55
20
46
29
33
32
44
57
64
62
78
81
86
84
103
87
103
59
55
76
96
95
90
91
101
55
89
68
75
57
50
67
61
84
81
85
105
92
80
65
67
90
74
94
93
104
112
109
119
124
115
114
122
119
112
121
110
113
115
111
114
90
110
99
114
101
106
97
114
97
107
106
87
96
103
99
106
102
83
100
92
96
109
96
102
63
63
87
31
20
56
47
77
95
5
20
21
39
19
38
28
35
48
14
49
51
10
18
16
44
4
14
26
16
31
25
54
40
41
63
49
62
70
81
82
82
93
79
85
96
85
85
87
19
43
53
63
69
15
23
14
3
5
17
15
29
48
57
44
63
61
74
70
83
84
100
99
100
101
96
99
102
106
101
116
101
102
104
98
95
94
105
89
80
87
89
88
91
84
95
86
94
81
94
80
81
96
92
84
99
88
99
88
86
98
100
97
103
93
104
92
104
92
85
79
65
78
97
89
93
86
93
91
104
90
95
71
88
88
97
86
96
91
99
88
77
94
92
94
88
75
90
85
64
77
88
92
88
99
93
87
88
88
98
96
100
81
76
92
42
49
58
112
40
66
77
74
94
95
74
71
83
82
83
90
106
98
79
91
93
89
78
99
85
72
70
93
65
96
90
85
103
102
102
110
97
111
106
116
113
125
101
111
104
108
94
108
97
105
93
112
102
113
120
120
107
100
118
99
118
134
131
113
111
121
109
84
119
107
132
119
114
123
113
123
111
129
117
128
109
119
104
98
103
105
116
92
108
105
107
102
110
106
109
112
96
117
107
95
94
106
102
78
102
88
68
87
100
96
90
77
62
56
15
55
81
27
49
38
97
8
3
3
4
4
9
4
14
12
26
40
20
13
33
47
51
66
53
54
68
68
82
82
79
93
85
46
81
101
61
69
74
42
98
2
3
19
17
5
25
7
15
4
8
14
11
14
4
27
25
23
21
20
33
23
21
7
14
29
31
48
54
26
56
45
30
36
31
52
17
50
4
17
22
39
17
35
27
38
51
62
53
17
46
59
19
15
4
18
35
35
47
76
72
85
80
83
95
111
92
111
123
113
120
106
102
101
97
105
112
113
114
102
108
102
101
114
104
100
91
108
93
108
119
104
110
110
123
103
122
109
123
113
123
117
119
113
120
129
106
94
109
92
106
98
99
118
109
108
104
116
100
116
106
118
123
113
121
110
110
117
107
121
113
102
101
88
99
106
94
106
97
94
97
110
106
114
109
90
112
99
106
116
96
93
109
102
82
95
89
95
101
113
98
98
89
99
110
113
99
108
99
106
98
107
109
107
91
103
109
96
103
96
107
93
106
88
92
105
95
84
77
94
89
97
92
96
89
83
95
86
86
96
111
100
95
96
95
100
101
102
80
82
98
87
78
90
95
83
94
96
104
80
95
93
99
111
78
89
89
97
99
88
105
98
111
93
101
94
101
104
82
97
67
70
91
99
83
104
99
87
88
89
96
101
86
101
91
100
91
99
92
107
89
97
78
84
89
95
69
76
84
95
90
93
91
87
98
97
99
74
89
100
93
101
93
94
90
97
93
95
98
90
84
91
86
101
105
94
107
98
110
94
106
104
96
115
106
94
96
106
70
100
87
108
88
79
92
107
95
98
80
74
91
77
76
100
100
108
95
108
95
91
83
97
98
107
101
106
100
105
96
107
109
109
103
110
106
108
101
109
102
105
94
105
95
102
108
107
104
107
105
99
111
101
110
100
109
112
108
113
107
112
108
107
113
114
112
98
113
100
108
97
95
108
115
97
116
98
99
89
106
117
102
116
96
105
94
99
109
93
80
107
106
95
108
96
93
110
110
102
100
94
79
107
94
109
95
108
97
112
103
113
102
112
106
104
109
106
109
97
88
110
108
95
124
115
110
126
129
113
113
114
98
124
105
109
112
96
105
103
98
86
93
106
91
98
91
96
96
86
103
93
106
87
90
90
98
90
81
93
84
72
83
94
83
74
93
96
96
98
87
104
97
97
98
91
90
98
95
91
84
88
97
93
78
89
90
58
34
51
98
23
74
91
41
93
25
70
6
18
15
34
42
49
51
52
66
65
61
80
91
84
65
15
50
29
42
92
101
72
43
84
2
4
15
17
35
34
47
52
48
39
50
30
62
52
53
33
32
24
5
3
18
25
14
14
24
20
36
36
24
54
67
60
22
19
48
59
31
14
38
10
8
30
39
38
50
60
59
72
70
68
59
64
88
93
99
86
84
80
91
86
83
16
86
102
49
72
64
15
50
32
88
13
30
27
36
39
39
73
65
81
80
79
75
98
95
96
96
103
88
84
90
95
62
88
55
69
11
19
76
97
35
15
20
29
28
38
37
51
64
54
63
81
70
69
85
84
100
99
87
95
43
57
21
39
72
67
104
3
4
21
13
24
31
30
42
43
53
44
50
65
77
74
71
92
92
103
72
90
100
97
102
100
104
101
120
101
96
90
104
92
95
108
87
94
90
93
94
87
95
100
105
97
86
93
106
97
106
109
97
114
98
116
114
100
114
101
95
105
94
99
106
103
84
100
106
96
95
100
102
95
95
111
95
94
109
97
105
96
102
82
91
110
95
93
104
96
108
109
99
100
109
96
106
96
107
105
110
112
108
113
108
115
112
116
114
113
111
113
105
113
106
104
111
111
104
99
105
86
111
91
107
95
103
94
103
97
101
102
112
107
110
97
112
104
108
111
110
101
111
108
95
109
105
97
106
104
104
98
103
100
106
97
108
101
105
93
105
100
105
94
107
101
105
109
112
105
112
109
114
106
106
114
89
99
109
96
108
106
94
105
92
99
94
104
94
105
94
102
108
103
109
109
107
99
109
102
111
106
86
97
102
97
103
96
98
108
113
99
99
98
110
104
89
112
99
108
93
109
97
108
97
96
96
102
98
107
105
101
90
91
103
92
97
99
92
108
93
80
81
98
90
98
104
98
112
115
116
100
90
110
109
97
106
86
94
76
95
83
96
98
62
38
46
46
28
70
87
72
78
2
4
25
15
28
30
45
53
48
61
59
67
61
63
76
74
82
102
93
100
102
97
93
104
92
110
102
108
114
111
104
107
103
99
112
106
96
98
110
95
113
101
109
98
111
100
106
105
114
120
105
124
107
119
105
113
99
104
78
94
94
106
111
95
99
107
113
100
103
118
95
104
97
112
96
109
94
99
105
98
84
92
82
94
87
96
88
96
100
92
102
106
98
103
91
106
98
102
105
82
102
88
95
90
83
79
89
80
87
77
92
94
94
104
91
98
99
104
95
101
94
91
102
96
102
90
104
81
100
86
69
65
77
104
88
88
87
71
82
85
81
58
81
82
95
98
95
102
110
107
107
118
97
101
118
116
108
109
97
103
95
110
103
94
103
98
87
80
73
98
105
103
92
101
96
103
100
105
88
73
97
92
83
97
84
98
97
100
71
65
48
70
96
83
42
91
35
7
17
29
27
35
19
49
11
44
42
13
24
8
7
27
43
45
46
57
56
70
75
82
89
88
94
95
99
91
82
97
98
91
87
96
97
109
92
90
104
87
91
90
94
87
105
110
109
96
106
83
80
104
95
86
104
87
75
87
94
94
84
90
92
99
91
97
79
89
63
55
74
96
78
86
87
79
81
80
72
78
94
93
98
108
89
96
109
102
111
111
100
100
112
110
101
98
97
105
96
46
82
65
48
59
74
91
33
30
104
77
52
71
71
49
79
50
52
81
86
87
102
88
107
98
115
103
121
100
112
101
109
101
99
105
105
99
102
83
100
97
89
89
97
87
76
88
83
69
88
86
92
92
75
82
101
86
86
85
102
94
96
90
101
86
103
97
88
95
83
97
90
94
84
102
91
105
95
105
97
107
96
107
93
84
99
103
100
92
74
93
86
92
92
79
84
65
79
70
90
85
97
88
96
94
94
101
101
96
101
100
95
107
109
102
96
108
83
92
103
89
96
98
88
88
78
85
75
93
86
77
100
86
93
93
110
98
104
103
109
94
104
101
96
98
92
103
97
104
85
96
97
91
102
97
99
97
85
80
88
96
78
93
94
88
87
93
79
99
93
109
97
108
99
105
105
112
100
97
108
109
95
108
88
110
98
110
96
111
102
91
93
93
95
63
84
92
56
103
74
100
91
104
89
68
93
64
76
75
80
85
91
84
88
88
104
104
103
98
90
91
120
107
101
96
86
84
92
107
104
106
94
92
97
95
88
105
94
67
87
81
99
87
90
102
90
89
103
95
95
95
108
99
102
108
110
104
106
100
108
100
100
88
98
94
102
91
97
104
102
91
90
77
110
94
77
92
86
77
87
85
90
63
80
75
85
88
75
86
92
86
85
79
90
80
78
70
82
93
82
95
86
96
87
95
86
75
98
82
84
90
87
92
69
76
85
82
80
80
85
97
70
76
80
81
82
91
94
88
95
98
72
109
97
98
93
90
100
77
84
99
94
90
75
94
84
89
72
87
97
81
92
82
80
96
92
97
102
92
95
83
80
99
87
94
86
96
90
98
106
99
97
90
105
91
100
76
87
98
87
84
89
85
84
78
70
84
82
89
80
79
97
81
97
94
77
91
84
63
75
83
75
20763
20775
20763
20755
20778
20787
64
99
20798
33
30
20798
55
55
20783
5
4
20
25
28
25
16
30
23
26
3
22
24
18
18
21
42
39
25
34
36
28
32
30
8
17
18
42
58
57
70
63
73
56
70
77
70
71
60
67
83
84
79
91
74
72
63
55
64
54
72
70
55
87
52
76
18
92
15
70
30
5
3
6
22
30
38
47
54
44
61
53
66
68
23
55
73
67
66
38
49
26
75
9
3
7
11
8
29
55
48
31
48
47
66
58
65
78
77
73
80
86
96
32
53
13
49
10
82
36
72
54
5
39
36
45
45
63
64
78
77
94
91
73
93
103
89
102
85
92
97
83
77
87
74
94
114
107
113
122
120
129
131
117
126
100
104
95
102
100
103
104
106
99
106
104
85
108
88
93
102
102
107
94
94
80
101
106
92
102
94
83
99
86
100
85
96
89
105
99
97
100
102
103
88
95
66
79
100
88
92
55
98
78
101
89
90
106
99
91
88
109
100
102
120
83
91
74
90
88
102
105
97
93
106
103
112
111
110
86
100
93
100
94
96
89
79
103
97
95
110
92
81
98
101
107
111
95
88
88
66
50
89
96
86
48
90
65
45
100
108
75
51
51
65
66
80
88
87
99
91
95
88
85
90
93
83
98
93
102
93
99
85
93
104
61
70
54
17
38
48
98
93
5
7
7
23
2
21
23
48
46
59
58
71
71
80
83
80
54
12
58
82
22
72
44
38
4
16
16
33
45
57
56
59
58
75
74
89
95
96
106
12
46
105
69
60
81
9
27
44
103
4
7
15
22
19
17
23
3
27
30
54
51
45
43
25
23
48
42
26
28
4
25
23
20
38
48
45
57
37
22
24
34
4
4
3
4
8
11
7
13
23
38
28
39
54
70
67
79
93
82
97
89
85
115
100
80
77
115
99
90
98
81
97
96
108
96
89
100
105
104
91
99
103
90
104
102
88
100
82
96
100
70
66
47
30
43
25
84
93
59
3
15
10
33
11
10
21
31
6
5
22
16
23
20
4
6
8
16
16
11
19
37
36
51
29
29
17
31
10
49
47
3
12
15
37
13
18
40
27
15
27
11
7
12
9
5
13
25
34
22
45
59
56
59
73
68
76
85
81
92
89
73
91
86
79
65
101
87
72
74
66
75
68
93
70
44
63
40
81
70
43
71
58
55
71
93
84
73
68
75
70
84
92
92
90
101
101
94
107
96
110
99
103
110
120
108
115
101
115
108
118
105
117
106
119
99
105
108
101
113
100
98
108
81
76
107
91
106
100
107
104
109
100
91
74
94
95
107
113
94
90
106
98
96
103
72
90
90
101
94
76
96
85
96
102
95
106
109
106
75
98
97
100
95
105
94
104
93
101
110
117
110
110
105
109
103
119
116
101
108
98
109
104
106
110
108
94
97
104
87
101
91
94
100
104
97
109
100
116
101
114
107
109
101
108
95
88
97
92
94
81
76
62
100
82
93
58
70
85
63
87
82
82
92
100
95
94
115
115
125
118
127
121
125
120
114
94
93
107
106
87
91
106
101
101
105
113
102
107
115
92
116
119
104
99
96
111
96
112
98
94
115
115
110
126
112
104
114
98
106
108
116
97
96
105
108
97
114
107
116
102
107
113
99
111
108
102
96
102
86
97
94
80
73
92
96
87
93
92
101
89
64
48
34
78
54
39
70
77
97
