16
20
21
40
226
295
300
16
245
285
239
303
232
250
215
191
161
173
209
186
141
175
218
217
190
178
227
160
201
237
280
273
286
290
307
263
279
257
238
179
177
202
191
171
183
263
178
192
168
205
152
165
179
191
178
118
203
193
146
215
210
245
194
221
226
206
149
188
191
204
223
234
235
229
231
206
218
197
219
208
197
191
187
147
167
151
183
195
174
193
175
195
182
206
207
223
207
205
192
195
181
176
189
178
163
179
141
166
193
133
148
166
143
177
164
151
188
158
159
184
145
168
169
140
174
127
159
175
171
167
152
151
172
214
203
201
206
228
222
191
211
247
177
186
176
183
170
176
160
187
170
179
158
179
163
180
181
151
170
191
160
179
154
131
167
183
170
178
148
168
179
176
190
180
171
192
180
172
191
191
180
183
164
163
185
179
167
144
172
155
157
179
154
172
151
159
132
156
105
93
127
128
157
142
161
150
144
154
150
186
150
167
179
178
165
161
170
166
180
173
175
185
153
177
190
200
178
192
170
177
168
160
152
157
191
149
149
162
143
172
167
166
181
157
193
144
177
161
173
141
138
156
137
171
157
73
91
114
117
131
138
150
90
153
166
166
164
138
161
101
110
126
126
149
138
142
160
168
157
150
170
171
167
167
171
144
162
153
173
178
163
176
156
183
177
199
177
153
182
190
181
173
131
160
167
158
178
159
161
153
176
162
187
159
178
143
131
152
155
139
157
137
154
149
151
143
125
136
145
117
147
143
114
132
118
146
134
153
143
132
150
140
167
144
138
155
146
157
121
143
161
144
147
164
154
175
164
156
179
167
178
159
178
166
178
167
175
148
136
159
142
149
140
142
133
138
133
138
137
145
115
144
149
134
144
135
128
136
151
138
140
164
160
151
153
162
165
161
162
151
163
148
151
160
148
161
132
159
153
158
128
140
148
135
118
106
148
138
140
131
103
143
137
141
128
139
146
154
142
151
141
158
143
162
148
160
153
152
145
136
147
136
113
142
125
150
132
160
148
152
146
163
162
1893
1870
1891
1881
1891
1888
1898
1879
1880
1900
175
161
171
160
172
162
142
168
147
149
132
143
120
123
107
118
87
96
94
97
90
98
92
96
95
98
92
3094
3089
3106
3098
3136
3130
3177
3166
179
3183
195
192
175
167
124
131
179
117
129
103
126
118
105
105
97
103
96
108
94
100
99
89
101
96
106
96
101
96
129
128
135
120
129
115
127
115
82
126
112
95
89
97
92
94
96
90
75
92
70
89
83
90
78
86
95
80
92
90
104
92
107
98
116
102
111
103
109
109
111
104
98
105
93
105
108
96
103
91
76
91
102
86
91
101
98
94
93
100
98
88
93
94
106
98
104
93
107
117
105
117
114
126
94
106
119
113
106
97
112
103
74
111
96
81
71
80
99
87
97
92
101
79
101
101
115
107
125
124
121
115
121
112
121
110
105
115
116
119
113
100
114
100
109
103
110
94
104
97
48
80
33
21
19
67
64
43
86
3
26
11
24
8
17
13
14
2
3
3
16
24
36
43
35
50
51
62
61
77
78
92
96
87
100
99
112
101
109
108
99
106
94
78
102
92
90
102
91
71
88
102
60
86
81
99
85
97
91
110
96
98
86
99
98
99
114
107
109
102
116
102
119
104
116
119
86
105
94
107
96
111
102
100
102
95
91
108
107
97
107
97
104
93
101
104
110
99
111
99
108
110
110
103
91
84
91
97
97
94
99
88
86
98
94
93
104
93
102
82
95
103
96
108
90
95
89
94
90
102
94
101
88
103
92
92
98
85
102
92
82
88
77
69
78
100
98
105
89
98
105
105
105
106
114
95
89
96
89
86
79
94
100
90
93
102
110
97
99
104
100
96
106
99
106
97
106
100
108
114
90
102
84
107
101
52
77
89
23
24
29
65
82
5
18
18
22
33
31
36
36
42
29
45
17
25
15
41
64
17
28
4
6
4
22
4
4
6
4
43
7
35
25
16
10
12
18
6
5
34
43
55
46
60
16
56
34
48
32
39
58
23
45
12
26
23
25
38
42
55
73
73
72
70
83
82
85
93
111
86
62
55
27
102
79
37
107
63
22
26
29
17
27
31
20
82
98
97
26
38
12
19
23
67
9
52
104
11
22
21
28
22
20
18
18
20
4
20
14
7
16
15
15
22
28
55
52
60
64
52
64
28
52
47
45
25
19
49
43
7
14
19
20
11
33
44
40
39
42
63
64
47
62
77
72
76
64
90
92
94
77
99
103
95
96
88
111
108
102
115
114
105
111
119
104
112
99
110
83
107
98
116
106
119
115
105
106
95
110
114
88
126
100
92
115
99
111
104
102
110
104
102
114
103
101
100
87
99
106
118
104
118
106
116
108
124
110
108
110
122
118
112
92
110
99
107
95
110
103
92
100
95
100
102
95
83
106
96
97
108
111
91
102
113
103
97
97
109
109
107
102
111
107
106
119
112
100
121
112
124
93
70
32
63
31
86
24
51
116
105
3
2
12
20
22
24
26
22
20
28
36
34
52
29
52
24
52
56
72
74
73
68
74
85
86
99
98
102
101
118
103
96
106
107
87
98
108
82
87
106
95
82
102
91
94
94
99
111
107
96
107
114
112
112
104
98
112
93
86
103
109
94
96
110
105
100
110
103
114
95
109
100
107
98
106
93
53
105
85
92
39
72
63
46
29
99
4
18
17
35
26
29
34
57
57
64
37
58
69
68
83
82
82
85
95
73
91
92
106
91
107
106
95
113
104
101
89
100
69
87
77
91
84
95
86
84
89
94
85
93
91
101
93
87
97
62
80
73
49
84
94
87
93
89
91
75
70
88
89
95
79
93
111
105
117
108
105
112
97
81
116
96
91
101
90
93
88
96
94
96
92
100
101
90
93
69
88
83
75
89
96
74
88
81
92
90
92
93
77
61
92
96
93
91
93
98
95
69
72
97
91
100
89
91
99
81
99
89
106
91
108
86
96
92
100
108
121
107
115
115
101
100
100
115
112
108
130
124
114
113
120
100
103
109
93
106
96
83
93
70
53
93
47
37
31
22
65
68
81
5
7
24
20
21
22
14
37
46
22
36
47
53
51
66
61
78
71
89
91
96
97
110
104
86
107
99
104
100
92
113
101
115
106
111
105
113
113
119
100
107
105
107
97
105
94
108
102
98
108
116
107
111
117
107
90
112
111
104
113
100
113
99
115
100
101
112
111
98
106
113
113
99
112
108
119
104
117
111
118
107
123
110
121
114
124
116
120
106
119
112
115
95
102
107
115
127
112
110
116
105
88
116
107
112
110
115
106
110
114
109
110
123
117
116
107
108
101
90
106
104
90
89
100
89
110
97
89
101
89
96
94
91
90
90
93
105
79
99
88
101
92
91
99
93
100
94
93
108
102
102
98
88
74
95
105
91
95
89
94
93
106
98
104
101
90
96
89
97
88
94
72
64
85
71
95
80
87
83
57
76
86
80
80
101
95
93
100
89
100
95
83
98
90
86
94
102
88
90
72
83
93
89
94
89
96
101
95
60
83
71
101
91
99
92
101
86
92
103
76
96
91
90
102
99
103
83
92
102
95
107
98
106
93
74
95
84
98
88
96
91
95
89
94
88
112
102
61
33
98
89
27
55
64
76
72
4
2
16
16
35
38
32
52
72
63
65
80
74
65
73
8375
8385
8367
8374
8374
8459
8463
8455
8476
179
183
177
93
152
131
105
89
8466
112
123
93
83
109
84
104
79
77
76
96
95
97
89
88
95
105
92
147
146
145
142
145
136
146
146
145
140
103
99
109
99
61
87
106
80
71
110
105
160
142
150
153
151
128
143
156
148
85
135
92
101
106
91
104
98
115
102
108
98
66
100
77
89
83
146
161
156
150
165
152
137
93
94
96
77
66
48
106
87
108
99
108
108
103
75
109
92
87
84
86
104
95
100
97
103
80
82
95
102
104
98
104
99
102
97
105
100
112
103
104
92
98
73
89
96
77
89
85
70
87
78
74
91
84
87
92
94
98
98
107
97
105
97
96
105
105
102
103
95
108
95
108
99
92
103
93
112
82
92
108
91
87
84
92
81
92
90
91
74
89
83
75
89
86
78
76
91
88
81
80
93
91
92
100
98
104
91
103
91
104
96
102
99
83
94
106
91
77
96
101
89
102
89
108
94
110
97
114
106
99
106
91
68
103
82
92
93
94
82
95
86
73
93
90
90
100
90
88
100
95
101
102
94
102
95
98
93
85
99
93
87
90
81
94
84
99
93
86
101
105
104
106
100
105
99
104
107
109
96
106
98
89
103
84
91
75
96
87
96
78
95
97
92
68
99
90
92
84
88
80
86
85
98
88
91
91
105
98
90
104
93
99
102
81
74
103
32
42
18
61
54
48
3
5
18
17
35
34
35
22
38
49
61
72
65
70
79
69
69
66
84
83
91
79
97
96
74
71
79
100
96
90
97
90
106
102
83
118
101
94
107
110
109
97
108
97
107
59
87
97
67
74
101
88
99
96
88
77
87
92
93
88
98
104
108
97
99
96
106
108
90
109
102
114
108
89
84
102
76
70
98
92
84
90
92
68
81
87
88
95
102
104
115
102
113
104
99
37
95
61
70
80
53
110
84
73
96
69
58
77
76
93
103
93
102
113
98
100
82
73
122
65
54
28
48
88
82
47
27
26
78
26
29
15
15
13
39
39
56
68
50
53
35
64
61
39
46
24
23
45
37
3
3
5
4
15
15
27
41
43
61
56
56
70
80
77
85
88
86
103
102
115
105
113
101
110
114
102
104
101
73
40
44
90
76
50
57
19
108
9
10
23
40
55
42
52
55
54
70
69
82
79
89
96
91
91
108
19
79
87
55
102
30
76
14
45
73
40
4
4
13
14
34
54
60
61
62
49
52
47
66
27
15
61
62
36
59
16
16
31
44
54
53
69
59
77
75
90
99
84
95
36
46
65
69
66
28
96
25
19
15
27
13
26
21
16
8
6
30
28
29
43
41
60
61
64
65
74
77
89
74
79
74
76
74
80
77
93
42
34
26
55
53
61
73
90
84
5
4
22
18
5
10
20
31
22
8
7
20
18
26
15
29
41
34
37
47
46
57
21
6
8
25
15
25
20
38
36
40
46
59
49
62
43
62
82
79
91
87
64
99
76
104
72
101
90
103
107
118
99
115
88
85
93
84
102
110
110
77
106
115
93
98
107
114
99
97
106
80
105
96
96
111
102
109
106
88
100
96
116
105
107
119
110
116
122
94
107
113
97
95
113
87
72
95
90
98
55
87
61
49
16
81
75
52
33
6
9
8
4
18
29
37
44
22
34
45
15
42
53
15
21
31
56
7
9
20
4
21
12
26
32
48
40
40
52
67
57
76
78
91
88
82
91
48
91
12
56
93
73
53
25
12
9
21
24
40
39
49
55
60
62
62
64
73
86
38
63
55
80
16
73
83
14
34
5
14
9
18
40
38
33
57
35
57
66
54
66
57
72
37
19
36
46
49
14
48
6
5
7
22
4
4
3
4
6
12
6
26
23
24
7
2
8
4
16
24
19
22
48
49
44
48
45
60
50
72
73
73
74
61
65
91
74
83
84
78
91
35
22
51
75
83
66
100
62
4
11
20
35
32
59
74
68
71
85
75
90
94
102
100
119
81
88
102
100
100
105
111
113
110
91
90
112
105
102
104
116
99
117
75
94
105
48
26
70
64
41
91
4
20
8
19
10
12
6
15
16
32
37
50
37
48
72
60
87
81
85
98
106
84
91
80
105
74
20
91
89
45
108
76
69
111
17
54
7
6
22
22
1
4
20
15
17
31
35
58
70
49
60
76
80
79
97
96
106
115
109
101
103
111
94
87
109
97
100
72
115
76
70
70
86
83
80
91
51
80
64
64
82
82
100
81
45
99
63
103
31
26
92
72
51
22
9
14
23
34
46
39
64
61
58
73
70
69
94
86
68
79
83
99
91
101
87
100
99
78
111
90
78
92
80
102
86
80
90
89
100
88
97
94
88
93
98
81
96
109
96
86
94
84
86
79
88
97
78
92
102
95
109
91
102
108
106
100
88
78
91
98
95
93
93
103
92
107
110
100
102
118
114
99
97
102
106
94
101
101
77
96
86
93
89
87
99
93
104
73
98
92
89
95
92
87
92
93
87
95
73
82
65
78
87
91
103
98
86
94
95
103
102
103
97
105
102
100
98
105
104
96
101
103
101
104
103
106
99
104
101
100
76
83
90
99
96
101
99
103
101
105
103
120
99
111
103
102
108
107
100
107
100
107
104
81
103
85
105
65
87
94
96
85
87
103
77
77
103
103
97
115
101
114
99
116
102
118
102
112
106
111
105
110
103
111
104
109
106
102
110
96
110
107
105
108
101
101
107
87
103
107
111
97
96
108
107
96
107
98
115
99
111
108
107
109
108
110
109
101
107
96
100
108
105
86
101
115
99
114
102
110
102
118
103
107
101
110
113
106
95
113
115
103
102
115
101
113
101
112
88
108
117
109
97
107
98
97
108
114
97
100
99
112
104
103
110
109
96
107
86
104
115
103
112
105
105
111
115
107
110
109
112
110
101
110
105
80
102
100
110
108
95
99
92
110
94
112
103
95
102
104
89
97
79
100
106
93
104
74
70
86
92
104
80
99
92
99
74
100
86
87
107
102
105
84
98
106
91
108
94
111
90
91
99
88
101
93
106
95
106
95
72
18
55
79
49
92
30
55
36
96
7
6
23
18
29
26
42
35
49
31
33
14
15
43
28
39
9
10
28
51
51
59
54
56
64
73
72
91
81
89
94
100
92
109
87
87
95
100
96
86
93
110
97
102
110
95
95
112
98
114
105
109
102
106
106
101
95
106
70
82
93
87
92
92
87
93
95
75
84
84
79
84
95
94
90
81
97
101
108
98
107
99
99
88
77
71
60
94
81
102
97
87
89
101
93
104
106
107
85
118
90
96
91
90
90
102
91
83
100
85
93
102
96
87
94
99
91
64
93
80
78
90
76
91
93
91
97
89
97
89
99
102
97
97
89
94
92
99
89
101
92
85
92
101
111
99
98
114
104
67
46
88
59
34
73
20
27
90
3
2
5
25
16
31
32
28
27
40
42
64
65
62
55
40
60
25
46
19
44
50
41
42
5
13
24
17
31
33
31
47
45
20
16
18
44
37
34
6
19
33
39
54
53
71
74
68
72
92
92
104
102
102
92
101
103
95
102
86
85
99
94
96
107
93
105
94
82
96
87
106
105
94
101
92
93
104
97
92
105
96
103
97
95
106
106
95
99
95
101
81
89
84
89
71
81
86
87
76
71
86
80
96
95
98
96
92
96
86
105
92
109
98
104
107
95
106
99
103
91
77
96
74
77
101
89
100
82
88
103
70
93
85
91
95
82
95
76
92
87
97
91
102
96
101
96
90
92
100
98
80
90
99
89
92
102
82
92
101
88
79
96
94
78
83
89
81
80
76
81
62
84
93
94
84
99
98
94
74
78
69
84
83
88
93
98
96
97
86
85
103
90
88
99
87
94
99
89
92
90
101
99
93
83
81
100
92
93
89
94
90
80
98
79
96
97
95
75
79
89
88
77
81
93
90
97
101
101
115
113
114
99
111
99
105
112
110
112
108
95
101
107
101
108
97
105
95
104
81
94
100
99
89
97
83
90
51
91
75
71
52
75
86
87
86
96
87
106
106
91
90
107
98
103
90
99
92
103
102
91
106
90
98
94
103
103
101
107
88
95
78
106
105
84
78
103
96
104
96
116
95
108
102
108
116
89
110
102
105
95
101
96
102
101
91
97
95
92
91
86
96
76
92
85
91
86
102
94
112
95
110
109
106
96
112
104
111
109
109
112
114
108
100
116
106
113
88
101
109
96
103
105
92
100
89
72
100
90
99
91
109
96
83
105
95
78
91
102
95
102
90
93
104
108
98
105
86
78
94
90
84
89
86
72
63
86
75
85
69
88
87
104
105
89
97
105
102
108
100
107
97
105
103
112
104
103
91
93
95
105
93
104
97
101
80
20
46
95
30
62
39
83
70
3
15
14
17
14
12
3
19
26
19
18
15
14
13
13
34
44
43
56
67
59
58
74
70
87
74
87
93
99
100
108
109
103
98
91
107
96
102
86
100
102
104
94
112
106
107
94
87
105
85
98
102
104
96
102
87
100
79
90
99
81
113
109
115
111
116
109
97
111
126
113
100
86
99
93
86
102
89
108
97
106
95
101
75
85
94
87
86
89
79
93
83
86
95
92
92
94
98
102
100
105
97
109
99
103
88
96
109
94
108
90
86
88
86
93
78
94
88
95
91
102
92
101
101
96
101
95
105
95
106
96
100
85
101
98
79
95
107
106
94
98
103
105
115
103
111
105
93
104
89
94
87
92
84
90
83
92
85
92
85
102
90
85
90
102
94
101
89
101
94
98
92
100
83
104
102
101
95
74
90
83
85
90
77
87
98
106
104
95
102
99
86
116
107
105
95
104
101
101
89
99
121
82
93
95
103
77
101
99
88
88
100
96
75
90
87
80
82
90
84
68
68
76
88
93
92
95
101
98
96
111
77
82
82
93
85
101
84
90
90
104
91
102
88
92
99
89
90
83
89
93
72
105
99
101
87
95
103
101
105
83
97
90
92
61
28
69
34
18
45
88
50
75
11
22
38
52
51
62
68
47
43
61
9
16
51
49
53
31
4
5
5
30
9
26
37
54
51
61
62
65
64
73
84
76
89
89
82
100
107
92
84
107
68
90
62
86
100
87
107
94
66
102
68
91
92
106
81
73
90
77
94
94
106
94
104
102
96
102
79
88
99
91
101
92
93
100
97
107
116
100
108
101
111
104
109
99
105
96
101
95
108
110
101
110
102
111
88
104
107
110
98
121
106
100
97
109
109
100
108
97
106
96
109
101
111
100
112
105
105
112
115
104
103
110
98
110
110
102
107
99
101
95
83
102
92
107
93
103
96
112
103
118
110
103
102
110
110
96
89
78
101
94
114
98
117
107
108
106
125
129
116
122
115
112
125
86
118
84
110
105
96
104
93
104
96
106
90
82
104
94
111
106
99
106
102
98
87
56
97
60
61
86
80
88
81
60
88
60
75
58
91
93
87
92
82
63
96
77
90
89
100
91
96
104
103
100
93
118
105
106
101
118
101
110
100
115
101
97
103
85
103
90
91
90
77
91
90
97
95
95
89
99
100
104
95
84
80
88
94
74
96
87
95
86
89
88
100
80
80
86
63
77
99
51
89
85
91
79
72
87
88
61
91
86
85
83
103
89
104
101
125
117
115
95
98
110
104
56
79
87
68
100
96
88
97
96
104
102
105
114
102
118
102
100
97
102
102
96
106
104
107
96
92
95
107
104
96
105
93
110
84
94
97
89
103
97
95
93
81
72
91
82
82
87
87
74
79
78
88
93
85
93
82
95
82
88
80
100
105
88
107
100
90
61
107
53
32
80
17
91
24
63
7
3
4
21
4
5
16
12
14
25
31
29
38
35
52
63
59
49
73
61
75
88
90
84
86
74
101
88
96
87
100
94
103
96
90
104
81
99
88
98
86
85
90
73
87
95
84
95
90
96
95
82
83
76
96
90
92
84
94
93
102
96
106
92
96
95
104
95
82
98
93
95
94
88
94
87
75
75
71
92
89
94
94
88
90
88
87
84
100
90
88
79
86
75
90
90
90
79
91
82
94
92
80
85
78
88
96
85
95
75
80
87
83
65
94
95
84
85
66
76
86
75
87
70
81
69
76
82
72
85
88
80
44
79
39
79
27
61
53
78
18
13
31
40
51
50
67
70
73
63
47
40
27
17
62
70
70
74
11
20917
20914
20919
20921
20920
20915
20989
20988
21004
126
47
37
66
98
34
27
4
7
4
9
8
39
50
22
13
12
27
27
43
10
25
4
12
10
18
31
38
30
49
35
44
20
32
28
36
47
34
8
6
6
6
13
11
8
29
18
16
23
20
39
27
39
34
35
38
37
55
66
49
45
60
61
62
85
74
53
96
90
22
19
87
18
15
4
2
29
48
47
64
72
72
90
72
79
53
53
74
75
81
33
35
5
7
9
11
14
7
16
13
25
7
6
27
21
28
7
15
11
16
28
41
29
48
18
35
32
17
36
38
45
14
5
16
15
25
29
42
52
49
59
69
67
71
70
88
88
103
102
108
97
100
99
96
96
108
107
101
113
99
112
87
103
110
95
93
100
110
92
108
94
90
97
91
105
93
94
112
99
94
96
93
102
104
94
104
90
99
88
97
98
104
92
100
103
100
105
106
99
104
108
108
104
113
119
106
116
106
100
114
115
97
102
111
102
92
94
102
106
100
97
108
101
112
110
100
110
112
109
105
110
97
106
108
110
108
109
99
111
104
107
105
98
109
93
109
98
115
98
96
109
106
92
108
99
95
103
110
102
105
111
103
113
116
114
98
116
99
108
106
93
85
107
96
107
96
107
95
109
98
101
98
101
107
107
105
110
99
110
102
98
104
104
96
100
89
106
95
102
108
100
111
97
93
106
111
108
94
103
93
85
101
83
93
107
93
96
96
87
88
80
94
93
87
100
93
107
95
103
112
101
100
77
106
93
65
84
107
90
93
108
96
109
87
98
77
97
96
90
103
81
92
25
65
30
25
64
80
48
3
2
5
7
24
19
11
37
8
22
43
42
20
7
12
12
6
11
8
10
20
18
27
31
33
48
36
40
61
71
74
69
85
52
82
62
71
55
91
96
68
53
35
26
16
72
95
83
39
41
3
3
18
23
31
30
34
25
26
49
65
63
77
79
53
60
88
82
102
76
85
104
90
79
78
74
109
93
85
53
95
71
105
76
54
21
53
22
77
91
62
75
5
4
5
47
38
50
35
22
31
26
37
30
5
3
22
17
26
38
30
7
9
10
6
20
16
29
13
31
33
38
29
39
45
45
71
63
85
82
89
90
106
95
98
116
114
105
132
123
111
123
107
108
103
94
114
105
98
98
95
99
81
88
97
98
105
100
89
62
83
77
95
85
62
68
88
89
85
90
81
94
90
103
95
86
95
87
91
87
91
90
68
76
97
92
85
96
92
80
74
83
85
78
90
86
88
94
102
96
98
115
108
90
98
95
96
106
113
99
113
99
104
102
95
95
94
103
94
67
81
72
95
89
104
102
107
99
126
111
112
128
122
135
125
132
121
112
106
114
106
113
102
113
100
112
104
107
105
108
106
108
102
105
100
111
107
117
109
99
110
114
117
106
112
104
109
102
93
92
107
103
109
89
71
77
31
24
97
96
63
52
4
8
7
20
19
16
23
12
5
16
31
36
30
45
24
27
16
36
35
38
