37
9
7
8
6
183
180
36
169
178
37
36
21
230
187
111
31
30
48
77
78
78
113
124
112
85
88
144
120
33
105
131
123
146
145
155
157
153
161
155
167
138
122
102
102
112
94
87
107
76
101
92
99
95
80
109
97
103
114
115
107
115
96
111
87
106
90
93
103
95
100
92
86
102
96
104
110
88
109
105
109
114
107
121
110
113
122
110
110
104
118
108
120
105
125
112
116
122
103
130
112
100
129
120
125
115
126
123
123
96
110
110
129
139
136
110
125
129
117
129
118
110
105
114
106
123
110
105
120
121
114
120
114
120
111
92
99
81
113
106
109
88
98
102
85
104
105
89
98
63
74
64
38
93
76
59
87
75
31
26
29
28
19
27
26
24
32
7
5
6
30
31
48
54
66
65
74
81
79
93
91
111
104
115
105
109
104
103
104
115
92
101
111
105
104
101
113
112
101
104
112
103
118
114
103
119
102
111
98
88
99
104
100
95
100
94
117
104
110
110
125
122
101
108
115
99
120
102
87
108
57
40
84
49
73
71
4
21
21
31
41
38
29
56
27
25
22
54
56
29
38
19
19
15
16
49
21
19
54
53
20
19
18
22
20
42
10
7
12
25
26
21
3
19
3
13
14
22
21
21
25
5
24
5
11
12
32
32
27
9
16
12
20
19
34
42
55
53
50
71
63
80
74
97
99
109
115
92
113
83
111
96
109
104
91
91
101
82
117
103
98
110
104
103
99
113
114
86
96
93
92
78
81
94
90
75
67
83
85
85
75
91
85
84
89
81
76
77
82
83
87
98
83
97
87
93
92
93
95
79
81
94
88
83
90
90
96
91
92
92
87
94
86
90
84
89
83
86
73
86
88
83
83
88
89
84
87
91
89
83
93
82
93
86
93
83
94
88
94
84
94
84
90
90
84
91
86
91
86
90
84
91
91
93
75
82
88
81
89
83
89
84
93
86
84
84
93
91
86
92
85
89
83
96
87
88
76
97
73
89
83
91
84
91
80
91
88
96
83
95
91
85
96
85
90
85
73
84
77
79
80
79
62
80
72
82
76
8109
8102
8165
8163
8173
79
79
51
46
43
8187
8183
8191
132
8179
8192
6
3
19
19
35
40
38
49
51
57
58
60
86
87
101
83
99
95
100
100
91
101
91
91
96
93
99
100
101
104
92
104
98
77
91
89
74
92
63
52
41
32
101
53
80
34
6
32
30
26
52
57
58
54
83
67
81
80
100
100
116
107
111
110
106
118
114
117
105
119
108
97
111
82
94
99
100
89
89
92
80
66
80
83
105
106
122
120
116
124
132
100
110
102
109
119
123
112
40
109
101
90
56
68
80
48
89
97
53
98
53
82
83
104
239
240
215
38
184
211
223
27
213
245
173
186
260
250
155
155
154
176
175
189
188
189
72
64
65
75
65
67
67
64
63
74
63
71
55
71
66
64
66
70
70
65
67
51
63
50
72
59
69
40
56
34
47
20
43
43
2
4
14
12
17
15
23
17
23
38
37
38
46
48
46
41
48
67
65
52
61
65
40
40
43
70
70
61
65
68
67
69
59
63
64
72
70
77
82
74
76
72
67
77
73
58
70
65
64
58
65
64
62
66
62
65
65
65
50
61
55
50
62
49
45
50
58
49
18
41
35
33
19
26
5
4
4
4
23
14
14
42
39
32
28
11
12
26
57
4
3
10
10
21
26
43
54
41
66
63
80
78
96
97
107
115
124
105
115
106
113
92
106
111
126
121
112
126
115
126
116
114
107
120
110
119
108
105
108
111
104
109
96
110
103
110
107
113
105
114
109
113
105
110
103
96
107
106
98
81
46
41
72
25
94
99
59
27
64
3
3
4
6
3
17
13
5
16
17
35
38
37
43
50
51
51
53
60
73
72
87
87
111
102
109
121
106
100
113
108
118
101
103
111
111
103
117
110
119
105
115
103
116
106
118
110
104
113
107
68
89
76
100
101
95
102
97
109
96
113
103
106
116
109
120
107
122
89
56
54
75
26
111
108
69
43
5
4
13
7
4
27
12
47
44
26
26
47
59
58
55
88
89
89
79
104
82
108
104
106
99
101
114
112
109
106
114
120
112
116
102
107
116
120
107
106
118
93
104
111
114
101
118
99
104
98
103
96
112
102
112
105
111
100
106
113
113
105
110
111
103
105
112
91
115
103
104
111
109
97
93
87
71
82
106
89
98
90
99
88
96
94
105
114
98
84
109
80
91
85
80
96
94
83
90
89
111
160
143
142
154
141
159
141
153
144
118
105
98
102
99
90
93
102
88
102
107
96
84
100
87
96
88
102
101
89
94
85
82
98
124
117
109
98
88
75
98
104
90
96
100
80
87
83
81
99
92
92
103
104
95
97
96
96
107
106
93
103
105
94
101
95
99
96
105
80
103
95
97
81
73
100
92
108
98
101
115
104
101
106
112
104
101
94
79
92
86
91
87
93
98
85
98
93
99
93
102
96
110
110
103
115
111
102
92
107
101
91
97
86
96
87
100
87
89
95
94
94
98
88
101
90
99
95
103
93
106
97
106
99
108
96
97
85
106
49
66
72
55
84
89
79
82
81
87
85
89
81
97
96
100
94
104
89
83
98
92
99
96
84
96
82
74
74
66
93
88
88
94
74
79
89
81
83
83
98
87
96
62
78
45
72
18
29
60
85
37
2
16
14
31
31
40
23
24
19
38
37
3
4
3
3
4
9
10
18
31
35
25
24
21
22
28
18
15
7
5
27
28
31
51
49
65
66
73
72
89
90
104
84
103
103
91
96
98
89
98
96
98
81
80
99
87
106
84
92
107
112
107
109
117
91
121
116
113
110
122
118
109
117
133
131
119
122
129
114
126
112
114
123
100
116
102
111
101
108
96
104
97
115
101
119
107
102
112
123
137
122
135
129
142
119
115
133
129
111
118
110
110
105
93
108
112
114
102
117
103
105
114
104
121
101
100
112
94
106
104
113
110
114
110
103
116
109
117
94
121
117
104
98
90
106
97
105
95
85
102
79
83
114
107
111
104
111
99
111
90
101
102
106
95
109
103
95
107
105
97
101
96
104
102
103
90
103
95
104
88
94
116
102
118
107
108
114
116
110
122
113
120
112
116
103
117
106
109
120
111
122
98
105
100
117
109
102
106
98
90
101
106
78
76
112
100
106
98
107
101
101
98
97
107
113
112
107
121
107
111
127
121
113
115
111
110
114
100
109
83
92
103
71
95
114
105
93
79
109
96
98
116
120
106
106
114
35
66
103
24
58
54
67
115
4
29
35
41
45
47
48
70
69
85
79
95
95
112
76
95
102
81
95
94
76
82
82
92
90
89
91
85
99
89
77
94
63
56
39
76
87
50
99
88
26
65
80
54
55
60
73
73
96
93
105
86
104
97
112
109
106
116
83
90
109
97
111
99
111
103
112
89
90
100
82
100
108
101
106
98
83
81
110
101
117
101
98
91
83
99
66
90
76
89
83
104
94
96
91
101
89
82
93
90
82
45
39
93
65
79
26
52
72
77
44
8114
8119
28
8111
8113
8106
8110
8112
8115
8115
5
18
17
25
21
8
22
5
5
9
20
18
41
40
35
36
31
50
47
19
45
40
33
4
3
11
17
12
39
67
59
63
58
68
74
98
97
116
124
131
139
126
141
126
134
118
127
114
113
123
106
121
113
119
120
113
132
122
138
137
138
130
139
139
125
113
116
126
129
105
129
120
123
114
114
100
113
98
99
90
92
96
102
99
82
95
104
100
95
93
97
94
102
107
100
92
47
83
102
57
66
73
35
29
94
85
98
98
117
79
91
87
97
96
96
108
90
107
100
102
82
102
92
94
100
84
102
96
100
109
101
103
113
93
125
117
130
109
121
99
107
97
95
89
97
81
95
98
92
94
101
111
94
102
96
104
98
103
95
93
101
100
82
88
97
102
91
89
102
82
97
89
133
140
143
129
109
119
120
141
131
144
94
104
94
129
123
97
82
120
104
103
85
102
84
79
89
89
92
90
80
106
97
90
78
94
71
60
96
84
79
96
86
102
93
108
88
102
88
91
87
73
86
91
92
87
52
67
85
91
72
50
79
89
84
85
91
66
66
79
78
94
90
100
90
100
92
104
98
105
107
96
108
99
100
105
109
82
95
97
91
107
89
102
82
97
89
101
93
99
98
74
92
112
75
88
101
100
87
98
86
101
93
101
95
79
91
105
100
99
90
104
101
89
96
95
91
102
101
101
103
95
101
93
100
102
109
102
105
95
100
105
96
99
103
91
108
93
88
95
95
95
88
94
83
98
90
100
89
99
94
98
97
96
96
90
97
91
99
93
96
100
103
103
105
94
109
102
108
96
110
99
90
105
99
100
96
102
95
98
92
84
83
101
89
95
102
104
100
106
104
109
103
108
100
86
108
95
94
86
102
99
87
101
93
97
97
89
80
93
92
96
83
92
82
101
89
96
91
98
103
106
94
102
109
111
109
113
106
105
109
102
110
98
107
104
97
101
95
102
99
79
86
97
96
87
81
89
85
80
87
81
102
89
101
96
94
99
83
100
94
100
76
84
97
99
90
106
95
103
91
91
93
108
103
96
93
110
103
92
103
91
105
98
92
100
106
103
108
102
109
101
108
103
113
99
112
98
112
105
103
116
117
104
115
104
117
104
114
98
104
108
108
98
94
111
105
99
107
96
106
98
104
84
97
105
96
94
101
104
98
104
100
99
106
101
82
94
92
89
75
87
98
103
97
105
93
91
109
91
109
101
113
103
116
110
117
129
103
116
114
107
117
107
118
110
116
108
81
99
105
88
116
105
116
103
116
113
121
86
122
121
140
127
132
141
138
131
117
129
102
111
98
96
109
109
96
97
96
90
117
117
105
103
122
114
112
127
109
109
96
110
67
98
86
92
87
90
98
94
88
106
93
96
96
116
103
117
106
122
115
120
116
118
89
105
93
116
100
110
97
114
108
114
99
117
109
122
126
110
119
116
108
104
116
107
114
116
106
107
115
115
105
112
100
116
107
114
101
114
104
112
105
106
114
113
99
114
105
108
102
101
109
116
113
110
82
90
109
84
89
100
109
94
96
104
94
100
102
101
124
99
109
98
98
114
107
94
93
92
106
85
99
97
85
93
109
97
107
104
99
111
105
89
113
106
99
105
102
107
94
110
97
111
100
112
99
111
90
99
74
94
54
85
65
113
95
80
85
75
84
73
69
78
86
98
94
102
102
113
111
100
111
111
114
104
106
101
108
83
25
104
38
81
57
92
44
72
12
9
46
48
69
60
59
46
42
78
72
90
89
113
112
113
125
109
132
118
124
99
114
94
63
67
67
56
44
92
104
127
82
19
25
44
51
45
78
74
102
85
102
99
111
109
120
112
110
127
105
95
99
103
108
106
99
108
93
99
122
109
117
104
112
89
102
104
98
98
110
101
94
107
98
104
104
110
118
109
119
113
121
120
112
119
109
117
113
110
100
91
102
111
98
111
112
101
110
104
101
121
97
115
96
107
89
104
52
83
62
75
90
89
101
79
77
88
81
70
92
100
96
110
103
112
106
108
101
106
102
111
103
115
114
120
115
119
110
117
106
121
98
120
88
114
124
121
127
129
128
131
123
121
115
108
119
110
120
110
118
107
119
107
122
110
110
123
123
121
124
116
118
110
109
116
109
113
90
76
107
97
108
68
99
75
88
106
104
124
105
112
105
78
93
92
116
109
107
88
105
90
111
118
107
115
97
88
110
112
104
123
107
114
99
114
112
110
100
103
81
94
89
95
94
89
87
75
92
92
83
86
93
84
93
80
77
91
75
96
88
94
75
80
91
82
68
87
85
72
84
83
90
88
86
102
100
90
86
88
84
93
100
90
106
98
110
105
117
111
124
110
115
108
114
104
107
115
116
113
119
108
118
105
106
102
112
106
102
92
105
87
115
112
133
112
126
117
115
127
103
101
112
97
84
105
97
102
91
61
94
76
85
68
81
82
82
76
90
98
105
108
118
110
120
105
104
103
118
107
121
103
100
121
113
103
112
104
103
91
110
103
110
99
100
110
111
109
122
108
100
114
112
109
100
117
112
110
113
109
113
104
113
102
99
100
98
82
104
92
105
93
94
106
112
112
90
100
97
105
100
112
106
125
128
134
258
249
247
271
22
175
44
201
203
237
153
222
3
19
14
34
34
33
44
42
54
32
45
49
57
57
66
50
60
66
50
67
78
93
68
79
71
79
78
70
57
63
61
60
68
60
64
60
65
61
60
63
74
62
70
70
64
67
75
72
77
76
67
62
40
53
72
44
63
65
57
66
63
45
60
49
65
62
73
68
77
69
72
67
80
73
77
72
73
70
61
75
65
59
68
65
54
61
64
66
61
65
63
66
75
63
64
68
69
65
70
68
69
68
67
68
71
73
64
71
64
74
71
68
70
215
214
225
221
245
245
232
238
243
266
113
117
109
126
104
124
118
130
120
117
114
129
142
126
137
123
125
129
116
133
124
129
56
84
65
92
77
106
106
101
90
119
89
68
88
89
105
105
116
102
108
107
101
97
105
95
105
108
93
106
117
96
97
103
109
101
91
70
111
100
32
76
46
87
56
89
69
69
66
72
65
72
91
91
93
117
120
118
127
112
139
154
142
161
160
170
136
116
150
163
92
141
127
140
87
124
52
52
99
98
112
95
111
95
85
93
72
96
92
83
68
111
125
121
98
98
131
121
96
117
115
128
124
122
108
108
123
108
114
106
107
90
102
95
91
96
98
92
94
99
99
94
116
116
105
97
101
98
99
96
97
90
98
96
89
102
97
113
111
107
106
113
95
105
112
102
103
96
102
116
94
82
71
93
84
96
82
89
92
91
72
82
83
86
98
99
87
110
109
99
119
106
105
111
110
101
112
99
112
103
89
94
107
105
95
90
102
82
103
86
96
85
73
85
99
83
89
74
94
95
102
92
100
105
125
112
125
116
112
104
82
42
59
25
106
98
47
85
31
13
7
4
6
35
34
53
31
46
44
53
55
73
72
97
98
113
106
94
115
109
114
98
83
26
86
67
43
111
38
45
4
3
7
6
22
29
36
53
52
65
63
53
79
77
68
95
95
106
105
101
108
103
118
105
92
108
93
115
75
76
112
98
85
105
57
85
80
82
82
79
105
94
103
93
89
90
100
87
87
110
102
104
79
92
114
113
112
103
115
100
118
108
110
109
140
135
141
138
138
131
134
117
50
116
38
55
109
67
32
19
6
6
4
19
6
14
17
42
31
44
55
55
74
74
94
94
86
71
101
82
110
100
90
96
89
103
90
144
153
161
160
170
172
161
172
160
98
106
96
99
109
114
101
89
104
52
59
75
92
53
91
37
92
84
75
48
65
50
70
70
89
87
88
77
85
100
84
90
101
90
100
90
92
89
90
81
87
100
95
76
83
86
94
95
101
90
81
94
69
85
92
90
80
81
88
90
67
85
81
80
71
87
84
91
90
92
82
96
89
88
94
87
81
100
85
89
84
97
93
77
80
92
84
95
82
97
84
80
96
90
99
92
95
89
89
95
77
85
103
95
84
95
86
84
97
98
77
90
86
79
91
93
82
88
84
86
95
95
88
104
94
94
101
80
99
102
91
86
83
90
94
83
99
85
82
87
91
96
86
95
85
85
97
90
90
93
82
75
92
88
83
77
91
91
80
95
75
88
87
102
88
106
101
86
91
97
100
94
80
99
83
96
80
95
90
96
88
85
91
89
99
96
80
93
102
91
92
100
97
91
74
81
78
86
93
76
82
83
87
96
109
102
109
91
108
80
94
99
105
102
97
96
108
83
105
91
88
100
80
90
97
97
80
89
96
90
95
101
98
97
106
107
94
105
91
98
93
88
88
86
97
89
99
104
102
87
91
91
84
96
85
61
68
76
81
70
77
65
98
53
95
88
68
79
79
85
67
72
72
83
74
76
91
86
90
82
85
98
79
93
88
95
89
102
90
99
88
97
88
106
94
107
97
102
109
109
96
108
100
106
99
88
100
93
102
102
91
90
101
102
96
102
105
83
97
87
95
89
98
88
80
95
94
80
83
83
84
78
85
88
89
79
109
120
119
112
126
120
130
114
92
98
98
89
106
95
101
94
94
80
91
96
94
96
94
95
89
99
90
97
78
84
65
97
101
105
97
84
98
90
95
94
113
110
122
86
89
102
89
98
75
85
92
94
102
103
97
99
108
109
102
98
118
111
124
113
113
120
123
103
23
66
49
110
84
70
92
113
46
26
93
66
59
54
64
75
73
87
86
21
31
63
86
37
62
54
79
4
9
6
12
10
17
3
17
5
2
3
10
6
3
15
13
3
4
13
11
14
2
16
4
4
7
24
28
41
41
63
62
82
81
92
92
111
110
101
118
113
100
110
106
113
106
111
108
110
107
106
108
115
108
113
101
113
99
117
107
115
90
97
110
99
111
99
99
115
106
118
122
108
114
98
20
40
53
110
64
34
80
74
4
18
19
32
52
37
47
56
54
60
68
58
87
85
84
103
107
94
98
111
99
112
108
101
88
77
109
91
97
94
102
111
96
85
85
105
85
111
101
109
99
106
93
97
82
90
98
101
97
90
94
101
91
103
114
99
117
110
114
122
117
103
112
110
106
124
97
96
102
96
105
97
108
101
95
76
97
64
63
29
21
19
47
37
83
107
9
8
17
15
43
36
17
40
18
16
20
41
30
17
3
17
8
21
8
19
37
50
66
57
56
68
67
88
86
87
100
91
108
114
103
111
120
105
126
116
94
112
114
109
114
117
91
116
107
107
114
113
110
80
70
89
100
91
90
94
109
108
90
82
103
101
102
114
107
108
110
100
114
102
110
99
105
99
107
107
111
89
108
105
98
118
108
116
119
117
111
118
124
113
108
107
114
103
113
105
111
108
110
98
94
108
108
95
82
89
102
107
109
118
123
114
85
84
55
50
33
19
99
117
20
106
83
4
5
2
3
5
15
38
36
44
43
53
55
84
82
90
102
86
104
96
101
93
107
98
79
98
84
85
101
101
100
91
97
92
92
106
104
112
91
104
119
112
121
108
109
123
110
122
104
113
114
103
117
118
104
110
113
103
113
97
105
103
109
96
112
96
104
104
110
108
107
120
115
114
107
121
119
114
108
111
124
107
119
105
111
105
119
103
97
91
103
102
89
96
90
95
90
92
72
72
62
79
89
104
109
100
96
95
98
101
66
89
112
88
90
95
108
95
89
90
110
111
119
123
121
100
111
102
112
102
96
109
110
98
109
104
99
106
101
106
98
103
104
106
101
109
101
108
103
106
100
116
110
111
102
110
94
109
106
116
130
115
328
297
297
283
265
335
315
325
252
306
19
27
28
54
50
53
55
95
101
98
110
102
100
83
81
121
109
107
100
90
107
104
113
106
118
128
130
129
128
138
140
137
133
126
103
113
139
122
132
241
211
226
218
229
196
192
207
107
117
110
119
111
117
109
124
111
123
114
121
104
118
115
118
110
117
121
103
129
116
127
114
124
110
124
101
97
97
112
102
109
99
115
111
111
98
117
103
117
108
125
110
114
103
116
111
105
111
105
119
98
104
115
100
110
104
121
104
111
97
108
106
111
116
99
117
119
107
118
106
115
101
115
111
118
121
118
106
119
122
111
122
115
125
118
127
115
129
115
125
100
117
118
110
118
118
106
111
119
120
110
125
117
139
128
126
139
117
152
135
150
132
151
133
129
149
138
149
131
131
123
137
125
120
137
140
132
143
133
142
133
21191
21192
21173
21160
21160
21160
21198
66
21163
21175
74
21197
69
71
73
76
6
3
4
4
4
23
20
22
26
23
9
18
5
7
20
27
34
35
48
53
62
54
51
66
69
73
53
87
89
102
99
109
109
112
94
105
105
91
80
89
82
100
104
88
89
91
87
104
103
88
102
84
92
98
88
102
88
93
95
102
99
100
92
101
90
100
105
109
94
72
99
88
76
60
108
105
107
106
95
102
105
98
79
97
89
97
89
94
87
84
95
92
90
72
101
91
89
98
93
100
99
109
97
93
102
95
110
100
131
121
121
130
132
123
135
127
101
128
98
106
104
88
105
95
96
89
81
100
92
85
99
104
94
107
93
108
92
81
96
98
105
92
91
85
108
94
103
102
105
104
108
101
113
106
102
91
104
92
88
100
82
91
97
81
94
88
92
81
87
86
91
83
92
85
90
89
100
90
102
83
88
98
98
88
91
76
89
96
95
88
88
79
100
98
103
102
100
101
96
98
109
104
95
96
76
87
89
94
100
89
97
92
92
97
80
93
79
102
77
94
85
95
84
90
89
82
78
60
78
80
62
81
75
91
91
96
86
89
105
104
91
69
68
86
96
74
73
93
88
82
89
71
84
83
99
87
79
97
101
87
112
109
108
100
107
100
108
88
95
116
101
92
98
99
103
111
110
109
107
123
99
108
97
78
101
92
93
86
86
97
97
85
98
89
95
73
89
89
89
96
78
71
95
88
96
87
93
94
86
94
94
96
97
89
106
96
103
101
104
95
92
100
101
87
96
87
98
91
99
97
97
116
101
107
108
97
111
103
112
100
109
96
94
104
103
91
102
89
103
91
110
105
114
106
94
115
105
115
109
123
101
112
107
112
106
123
116
123
125
126
118
127
121
128
120
127
120
124
118
114
112
118
94
110
111
103
100
108
101
110
99
66
85
110
89
90
98
102
94
111
101
94
94
113
111
104
71
53
117
24
49
88
65
35
97
5
23
25
21
40
45
42
77
56
54
57
67
65
79
80
95
94
109
104
107
98
97
108
112
105
117
108
118
118
113
123
116
116
128
115
106
128
122
117
124
123
115
123
110
120
122
128
99
115
112
120
69
82
104
112
90
102
82
76
83
93
106
87
102
128
116
140
125
133
139
108
139
148
123
130
114
115
101
112
93
104
100
100
111
88
106
109
95
102
104
108
85
88
93
88
97
109
101
105
106
117
108
110
110
118
120
124
122
139
141
115
122
116
120
100
119
106
127
106
115
101
100
109
110
114
102
105
97
104
100
105
97
114
104
109
107
102
105
102
104
92
104
113
98
112
100
104
116
108
109
119
115
110
103
110
94
102
93
100
98
87
98
87
99
98
87
101
90
105
95
102
92
83
98
91
103
91
92
80
91
75
67
93
76
85
91
90
89
86
99
96
92
82
104
91
98
98
99
85
85
91
86
79
93
93
79
102
92
99
92
102
95
112
98
107
92
101
95
104
90
89
100
99
87
85
98
78
95
83
87
92
87
94
101
82
85
72
92
73
60
67
92
85
94
89
95
81
74
78
87
85
92
98
83
66
86
47
72
56
48
40
