120
43
42
240
40
241
298
286
302
256
263
233
151
133
139
84
95
136
128
144
64
78
94
71
109
86
101
89
90
126
124
138
134
121
92
85
102
97
111
109
92
123
94
101
90
84
110
101
94
105
109
108
106
120
94
111
100
118
116
120
88
119
125
112
107
102
111
403
395
415
396
398
383
394
380
371
81
84
96
85
99
91
100
104
114
100
122
114
129
115
112
111
117
124
105
92
79
102
110
108
117
101
100
115
113
107
117
86
98
102
87
75
100
97
101
108
108
100
110
99
106
113
122
111
109
100
109
98
112
100
104
86
109
98
91
100
88
99
87
100
86
90
88
80
97
91
94
89
83
99
86
100
92
107
94
83
77
89
96
81
93
91
72
77
83
70
96
87
97
92
105
98
110
107
121
101
115
97
106
92
102
105
98
107
94
97
107
105
111
114
113
108
110
108
179
161
174
166
174
166
175
173
177
114
113
110
117
114
106
118
117
108
114
106
118
107
114
107
112
98
101
112
114
107
106
113
112
104
111
104
113
105
114
107
116
111
115
113
113
105
110
103
110
101
108
100
106
96
110
102
110
102
102
109
109
101
110
108
110
116
114
85
58
31
56
96
69
108
29
78
3
14
12
20
8
19
3
3
23
5
14
13
27
25
30
21
47
34
20
33
27
32
15
41
31
39
51
8
5
6
4
4
15
5
4
4
7
9
27
19
25
35
15
20
33
27
27
32
29
18
29
26
4
2
22
14
22
23
20
23
32
45
46
61
55
58
80
77
71
84
95
94
105
96
107
100
104
96
93
106
92
96
90
87
92
92
87
92
92
78
63
59
83
82
84
88
82
95
82
94
84
78
99
90
90
97
103
89
103
92
100
91
110
109
110
108
104
102
107
105
108
101
104
95
85
104
102
92
105
108
93
93
100
107
90
105
102
98
100
96
98
97
85
98
93
100
90
94
99
99
96
105
98
106
94
104
107
108
106
105
99
96
104
103
97
81
99
90
110
98
106
92
102
105
98
90
101
115
103
100
111
98
99
109
117
100
109
100
112
105
109
110
100
109
88
94
108
3661
3636
3625
3644
3658
3641
3643
3657
3648
3660
97
95
102
94
102
104
102
117
115
103
100
113
105
112
96
113
82
91
92
97
90
97
104
88
90
101
91
91
96
107
97
76
88
107
64
96
102
90
104
102
98
106
113
93
104
84
106
97
96
96
74
86
92
73
83
80
2467
2465
62
2494
2494
2490
2509
2503
2495
158
148
118
96
101
75
2502
105
121
121
115
147
119
126
125
140
128
104
149
121
117
115
107
93
56
72
83
50
110
26
97
51
34
12
9
28
25
23
39
29
46
40
50
41
43
50
34
22
40
43
44
52
32
41
70
53
70
76
57
74
71
67
73
61
69
114
111
102
116
98
109
85
92
91
81
91
67
101
88
101
109
100
106
103
108
97
97
107
95
106
103
107
95
109
107
114
101
98
113
116
104
106
117
114
107
114
110
104
112
109
93
106
94
97
92
88
108
104
114
103
97
110
103
120
111
115
97
107
100
101
117
112
97
106
109
112
103
110
103
111
105
103
111
113
112
116
108
116
113
112
110
114
106
115
112
105
112
100
117
104
112
107
125
116
123
111
122
127
114
115
109
105
104
99
101
108
113
111
101
114
104
97
116
94
101
88
54
36
30
68
100
47
78
108
19
4
13
23
16
20
24
52
72
70
54
71
62
78
78
86
79
32
60
74
89
26
54
18
88
65
4
16
15
28
29
26
10
15
3
9
22
10
13
19
6
16
15
31
30
21
34
18
4
3
3
37
22
34
45
57
76
68
72
80
77
76
77
77
93
98
103
110
95
59
38
48
85
22
97
95
64
47
4
19
27
32
51
50
48
59
78
74
81
88
87
79
79
60
53
49
43
91
93
90
7
9
8
17
21
6
3
5
15
23
21
22
42
56
58
68
57
142
135
135
128
9
145
118
133
101
132
103
4
4
11
20
24
22
38
48
52
47
71
68
67
79
81
83
104
103
102
113
95
97
100
93
103
97
90
104
86
104
92
104
93
102
102
91
90
100
83
99
94
100
96
105
94
112
99
114
101
98
100
102
91
90
103
66
80
91
93
98
74
94
84
90
90
78
81
103
103
95
79
79
88
90
95
90
99
89
94
93
100
86
97
88
94
87
95
82
95
97
91
80
248
237
252
246
252
253
248
258
95
89
111
104
82
94
107
81
96
91
99
91
92
92
104
102
82
115
89
100
90
93
87
99
88
90
99
90
82
88
95
88
89
83
72
94
83
80
87
80
93
85
88
98
88
91
91
102
101
117
106
121
111
122
113
124
112
127
120
118
104
116
108
113
105
109
100
95
89
106
80
98
93
99
82
94
90
100
102
116
94
93
93
97
90
100
81
67
102
86
93
84
98
85
101
86
98
73
91
91
96
106
94
107
105
93
100
89
101
96
91
100
92
96
98
86
101
101
103
89
99
87
98
106
93
98
96
82
95
87
76
89
92
86
69
76
86
71
81
86
90
95
93
94
78
95
90
88
95
98
90
97
79
89
85
83
76
95
87
98
96
89
96
107
96
95
96
95
102
99
92
101
95
101
98
98
86
96
98
91
92
95
74
95
87
98
90
92
86
96
87
98
90
85
87
91
92
89
89
88
78
87
76
86
81
96
82
88
57
61
75
86
78
76
69
96
106
94
100
110
116
116
93
93
124
117
103
106
100
59
71
91
79
84
81
95
82
74
62
65
65
50
92
94
93
108
98
103
102
105
95
103
95
117
115
108
127
117
117
130
132
113
105
124
107
100
106
96
107
96
94
108
109
100
104
90
101
91
105
99
85
103
113
95
115
114
109
122
106
122
99
102
109
118
111
120
107
117
114
115
109
94
110
100
114
99
106
97
88
96
95
88
105
102
96
92
107
104
117
110
98
116
114
107
119
104
85
113
109
103
97
87
81
92
78
88
90
66
32
73
48
21
74
42
72
56
3
4
4
12
11
9
23
15
8
11
7
9
34
36
23
20
22
4
3
8
4
8
13
19
14
19
35
46
37
34
47
51
49
73
82
80
58
80
33
21
23
76
76
47
14
7
10
15
6
2
20
6
10
37
37
32
25
36
38
6
25
25
32
12
23
50
40
14
45
16
33
48
6
8
16
17
7
10
20
45
42
52
51
57
56
57
66
55
95
93
98
106
90
93
107
106
104
92
94
83
87
89
95
94
111
105
94
105
95
105
100
129
114
121
112
125
102
114
124
134
149
114
122
123
117
110
124
62
81
91
101
89
93
103
97
92
59
79
79
99
98
111
106
119
119
121
123
101
117
105
95
106
87
99
107
98
103
98
111
109
115
115
111
101
117
115
115
104
60
93
50
48
99
71
97
113
106
99
104
111
113
81
88
83
100
111
98
85
92
105
104
87
87
118
113
114
120
124
131
150
131
146
116
119
107
117
90
105
108
79
94
101
98
98
92
69
76
80
113
106
101
114
108
111
102
83
83
102
93
110
95
85
106
96
94
103
89
80
88
81
90
91
110
100
82
99
106
105
87
113
92
97
108
92
91
103
98
95
69
67
90
94
94
85
74
64
72
94
68
84
85
99
74
51
33
38
19
76
77
78
86
4
3
2
10
10
32
48
56
47
61
51
48
52
65
67
67
82
73
60
95
45
89
63
67
67
76
65
73
54
62
54
43
72
45
36
92
79
88
33
34
33
65
64
81
87
79
77
98
97
99
92
108
97
109
107
119
117
100
113
112
110
111
104
96
107
99
85
76
105
100
93
90
102
97
105
79
81
102
101
95
106
90
99
96
95
92
103
99
94
95
100
68
93
48
28
44
13
50
100
23
75
6
8
16
4
14
10
8
22
7
27
24
7
6
21
31
37
45
37
48
60
66
78
79
97
96
105
86
18
99
34
47
73
24
76
56
78
3
16
16
35
33
51
46
50
69
68
81
74
68
76
81
109
119
117
117
107
106
95
78
76
74
84
83
80
62
87
225
225
230
223
224
213
225
61
20
39
45
33
53
216
201
79
78
42
85
43
66
44
36
44
28
63
61
6
4
6
24
16
15
16
38
37
54
65
31
19
48
51
28
33
48
53
31
10
29
40
54
53
61
60
74
83
80
87
89
96
97
106
73
87
91
95
91
89
102
98
92
106
92
91
103
102
109
94
96
105
86
94
104
98
92
97
91
96
91
97
91
97
94
80
106
95
112
98
112
100
115
106
102
113
102
85
107
111
92
103
90
106
92
94
109
111
100
102
100
105
103
105
107
98
106
101
86
104
105
92
105
92
105
91
104
89
93
103
100
98
99
96
97
88
94
103
95
104
91
84
75
83
105
102
102
100
105
107
121
110
120
109
112
110
86
103
109
100
87
95
95
91
93
86
81
86
87
105
98
78
92
91
86
93
105
80
78
103
99
102
95
98
108
106
117
110
94
116
101
95
101
96
94
77
93
85
104
95
103
97
118
112
121
115
111
111
121
115
117
114
105
96
98
104
102
97
84
99
94
90
95
101
91
95
88
95
89
98
87
98
90
95
100
101
99
83
89
45
34
107
16
18
70
49
56
75
5
19
14
7
17
12
11
13
9
8
9
6
20
36
37
31
33
33
34
46
43
41
28
43
16
9
30
32
47
45
53
64
63
79
78
96
95
115
100
103
103
109
95
99
97
54
42
51
67
73
90
84
80
94
76
92
74
76
76
94
93
107
96
102
94
108
100
101
112
92
111
106
103
96
121
108
119
94
114
104
99
112
129
113
98
106
92
97
112
92
101
93
108
90
87
89
109
107
103
117
111
93
114
129
121
109
116
105
111
103
104
98
117
92
114
100
111
103
105
96
110
96
107
97
112
95
96
109
88
83
103
104
97
100
106
118
103
104
117
64
95
100
46
45
79
30
55
28
87
3
18
25
20
27
49
51
50
70
80
68
73
66
73
79
88
87
84
88
100
103
114
100
102
88
86
71
109
94
108
73
99
74
89
99
81
106
92
109
89
103
100
101
100
109
87
98
112
96
110
100
115
105
121
109
130
115
123
110
113
106
96
110
110
102
105
98
104
107
101
109
122
109
103
113
110
114
119
117
90
58
109
91
71
110
102
110
99
111
98
119
105
113
106
117
115
113
105
86
95
124
111
107
101
104
91
110
96
109
107
86
97
97
108
114
102
115
124
106
113
106
119
106
105
117
113
103
102
83
110
91
70
101
89
69
90
82
99
68
113
113
119
100
99
119
109
127
113
122
120
110
98
100
123
103
109
103
111
110
127
129
111
105
95
110
102
80
88
69
93
91
89
98
104
82
103
59
91
90
98
85
94
86
69
85
94
95
89
91
96
103
92
94
89
87
94
82
87
96
77
89
85
86
91
98
102
106
100
107
100
113
105
105
99
100
108
107
92
102
96
99
101
103
96
102
110
110
99
115
102
114
106
111
117
105
114
114
105
117
105
116
122
94
102
107
119
102
82
100
119
104
110
89
110
109
112
103
119
108
102
96
58
92
71
83
105
48
111
107
107
110
122
71
83
71
84
106
106
114
63
55
85
69
90
107
94
97
84
95
100
86
83
94
95
100
107
99
111
102
108
89
104
100
102
97
93
102
104
102
108
97
108
99
95
107
103
91
102
90
98
98
93
99
95
31
61
57
84
14
45
108
72
91
27
59
41
32
52
52
66
66
84
83
99
92
99
114
97
111
98
86
107
102
109
106
124
105
101
107
105
116
110
97
94
105
106
104
104
114
97
109
102
106
105
119
100
110
96
114
105
103
100
88
117
110
120
108
115
104
105
117
84
91
80
97
44
27
59
92
47
71
65
26
28
9
25
35
51
52
58
59
62
72
64
77
83
97
95
99
92
107
15
65
51
27
31
88
42
84
64
3
17
14
10
20
22
30
29
32
12
35
26
22
26
9
11
33
29
31
31
49
60
64
62
83
53
75
68
64
72
73
69
67
56
43
82
21
79
29
27
61
46
31
26
44
53
51
47
67
70
56
75
55
89
80
75
74
62
82
30
70
61
42
5
5
11
18
9
6
5
4
12
22
30
43
43
52
50
62
61
82
71
73
105
68
35
62
57
102
19
33
89
72
65
23
4
3
6
8
9
4
3
3
4
3
20
30
33
22
55
45
62
54
42
64
76
70
81
89
90
69
73
54
41
14
58
46
79
18
5
16
15
24
34
24
38
39
36
55
57
57
57
70
67
24
26
41
44
50
42
7
20
31
44
49
50
39
27
17
15
42
33
52
26
29
7
28
23
17
13
26
19
9
9
23
24
25
34
36
50
62
56
46
48
25
61
35
20
63
31
43
2
47
2
4
3
20
34
49
43
43
75
74
85
70
81
54
14
84
66
46
30
71
10
10
27
24
54
56
65
64
69
69
88
89
104
102
110
87
101
106
97
96
112
101
110
106
116
115
113
103
113
88
91
105
94
86
41
71
86
22
87
50
34
9
6
26
49
53
51
69
60
85
85
104
105
113
122
103
114
59
118
80
47
92
23
16
37
72
29
108
4
15
13
15
29
27
10
29
32
57
50
59
65
71
74
77
78
95
92
99
112
103
99
84
107
98
92
112
103
89
100
92
87
94
96
97
99
92
87
98
99
88
92
84
99
92
91
81
97
88
97
87
97
98
99
108
104
103
82
103
95
99
104
108
98
108
99
99
98
110
103
110
100
124
114
107
112
124
111
124
120
106
103
92
96
101
102
116
92
90
105
107
93
98
98
95
102
96
104
105
115
98
102
96
100
94
105
96
107
99
112
83
96
102
98
93
87
76
96
92
83
73
90
88
73
87
94
74
82
87
90
82
73
98
80
100
95
104
85
97
108
101
113
95
105
92
55
67
98
87
70
76
89
78
79
86
86
55
71
71
73
90
74
46
30
64
25
37
86
90
5
5
22
23
36
29
48
60
54
65
65
79
68
81
85
83
92
102
105
110
107
105
107
133
118
123
126
116
126
109
124
105
89
119
102
95
99
85
81
89
84
103
88
105
96
107
97
112
102
108
107
96
54
43
72
108
61
92
79
98
88
103
83
98
63
72
72
91
90
102
100
102
92
105
94
103
97
103
95
102
85
95
93
98
100
98
105
84
104
91
91
91
91
102
101
92
100
93
91
91
89
99
98
76
90
88
81
91
80
91
85
93
95
91
90
79
77
105
91
81
94
86
93
98
89
100
14
29
62
99
84
72
47
22
82
39
21
23
26
44
41
47
17
14
50
42
49
15
39
3
3
4
17
3
29
15
34
35
47
60
73
76
76
85
85
82
84
100
96
107
96
109
107
97
94
102
110
94
85
89
93
95
82
105
100
95
87
87
75
75
99
96
85
102
99
94
99
35
70
50
33
90
50
109
66
89
3
22
21
27
26
31
31
39
46
35
46
64
73
71
80
82
78
85
80
94
93
105
103
96
91
99
100
96
90
108
101
94
108
107
85
93
102
96
106
98
117
104
116
94
107
95
103
116
95
109
107
101
109
105
120
108
103
93
105
98
103
77
95
89
90
93
72
91
55
50
60
79
85
79
78
93
80
94
65
69
38
63
47
30
78
15
77
51
69
12
20
31
18
11
26
18
29
4
4
15
5
15
18
6
24
4
27
6
25
19
21
19
23
30
39
41
62
67
63
30
40
42
52
55
73
80
87
32
40
26
19
33
73
44
31
30
9
10
17
20
33
24
18
20
34
4
11
34
35
34
12
40
28
44
46
43
36
28
12
5
17
23
42
35
50
53
52
56
67
77
75
87
80
84
102
81
92
85
87
94
82
93
69
69
90
92
71
81
95
91
83
85
88
94
97
87
72
90
64
97
97
107
95
93
67
96
99
69
94
88
96
87
97
69
95
77
98
102
95
104
99
93
89
105
84
80
94
88
92
85
96
87
104
87
88
99
97
95
78
101
89
88
82
85
98
90
99
84
96
90
103
95
100
94
99
99
94
87
91
96
76
87
95
95
83
96
86
95
85
83
83
87
77
86
76
95
89
104
96
112
100
107
82
85
104
94
90
101
95
83
107
100
102
95
107
105
107
87
106
105
96
82
103
92
108
92
108
108
100
94
110
104
97
93
103
99
92
80
98
85
82
88
75
87
87
79
87
81
80
92
90
90
99
101
97
80
95
88
77
96
100
88
73
88
91
91
82
95
105
87
97
99
107
86
104
103
96
111
90
96
77
90
99
90
100
98
89
91
95
103
95
90
87
97
96
88
99
91
89
90
99
94
102
91
102
91
98
89
87
74
91
85
97
83
89
86
85
88
99
102
96
90
96
92
94
101
95
103
79
87
101
95
87
86
76
91
117
107
100
119
92
110
119
104
107
108
95
83
103
100
96
96
108
99
111
109
100
113
97
95
105
81
63
84
58
95
74
93
77
87
96
96
106
77
91
87
92
111
94
105
112
92
109
102
112
110
119
98
107
105
101
98
91
102
88
94
101
111
95
103
102
106
86
98
105
107
102
105
101
107
94
108
99
94
93
100
94
99
95
88
97
93
86
94
87
101
89
99
100
95
96
96
88
90
99
85
95
96
87
91
90
80
91
87
86
72
81
98
88
89
91
107
102
101
113
91
76
101
94
95
93
103
94
87
105
71
77
95
95
87
97
96
86
66
92
58
30
62
43
38
79
75
49
80
27
4
6
8
21
11
8
22
4
30
10
36
55
52
58
60
56
82
81
79
98
96
106
85
92
96
89
99
106
112
82
100
58
35
23
67
88
41
73
13
14
37
37
49
43
38
50
58
65
79
62
78
88
90
88
24
64
85
76
34
72
42
46
13
72
4
12
32
26
22
43
52
56
51
48
55
65
60
60
82
87
81
88
82
83
85
97
84
96
95
97
92
89
79
82
71
75
97
64
84
88
91
79
97
97
102
110
92
87
92
88
98
87
97
88
94
92
40
67
58
41
80
90
27
26
48
76
94
5
5
20
36
35
33
30
21
23
7
19
11
39
18
13
24
42
45
28
32
47
19
38
45
16
35
81
78
87
79
78
90
91
87
82
93
89
93
89
100
90
102
95
83
93
101
88
98
98
86
100
87
100
92
84
108
95
90
86
105
92
104
98
109
101
109
112
91
116
114
105
97
107
92
91
106
101
89
94
93
94
53
79
97
36
115
112
58
70
38
4
18
18
42
52
49
61
54
70
69
83
82
95
91
93
101
93
93
83
108
90
112
93
103
105
69
77
85
96
97
75
85
103
91
99
89
103
105
88
99
72
81
80
89
83
90
79
77
77
69
86
87
87
76
108
71
99
99
106
85
61
93
69
77
83
84
88
92
79
81
76
92
97
90
101
92
90
101
97
91
96
91
96
95
86
100
96
109
100
104
97
109
110
97
101
84
118
104
88
74
93
89
96
95
105
106
103
94
92
89
87
103
103
96
99
79
96
87
84
93
94
88
96
96
89
91
107
93
97
105
81
91
82
88
95
83
96
82
72
90
87
81
80
93
79
71
93
93
84
86
86
97
102
79
110
95
75
93
87
80
90
87
80
63
81
63
64
87
82
97
89
103
101
115
113
106
106
105
114
111
103
88
91
108
85
74
101
94
91
96
90
90
84
91
107
91
82
60
99
75
99
93
92
96
104
95
89
99
92
100
98
111
94
97
44
59
20
22
53
36
73
4
3
19
5
3
14
17
22
21
29
12
15
29
8
4
6
19
32
31
44
47
44
63
68
68
77
76
86
94
75
90
95
95
96
87
96
102
81
90
95
77
92
102
89
89
73
95
84
68
89
79
89
96
92
88
92
82
85
101
98
91
89
89
66
69
76
88
84
84
66
75
81
80
80
70
75
55
40
86
41
19
28
74
50
60
86
67
19
36
36
55
56
70
71
85
89
84
85
72
83
88
85
91
81
92
91
99
77
93
93
85
97
99
88
97
86
79
94
88
102
88
98
96
90
88
82
95
72
86
73
94
70
77
83
91
87
80
89
79
91
19012
19020
19011
19016
19024
19011
19024
19026
19007
19032
120
100
101
108
96
99
75
92
88
108
101
115
117
114
110
118
126
112
123
111
117
110
119
107
115
98
110
98
115
109
111
119
118
105
117
106
118
109
114
106
111
114
104
108
94
101
109
102
102
106
108
96
101
111
113
106
115
114
123
114
122
114
112
120
117
106
95
113
88
96
102
99
82
92
105
99
105
93
100
87
95
76
96
102
96
99
105
109
109
123
123
116
117
109
126
113
121
111
122
112
107
112
111
92
105
93
97
76
89
82
98
95
90
102
92
101
90
84
106
110
98
103
105
69
86
95
71
106
87
91
99
89
103
101
82
97
96
85
72
104
65
92
99
90
100
94
84
101
99
98
115
100
110
100
106
106
106
105
103
105
107
104
103
91
102
93
85
96
110
101
107
101
111
100
102
110
81
96
106
97
116
98
94
100
104
108
105
99
92
85
92
94
101
94
84
67
64
54
104
92
74
108
86
93
83
99
79
72
72
69
94
89
85
79
91
93
83
89
73
88
92
95
90
89
93
100
94
102
97
102
95
104
96
100
92
100
94
94
100
98
91
91
66
79
44
21
58
41
95
61
26
5
4
4
4
4
21
8
16
25
18
21
26
38
35
42
56
60
61
57
51
52
71
62
63
90
91
91
90
93
99
62
80
77
86
90
101
91
106
105
108
101
109
104
93
96
108
101
108
99
106
84
99
102
94
69
77
97
66
90
121
116
119
126
131
118
124
126
99
97
88
109
91
96
97
87
94
84
82
95
94
94
98
85
68
12
79
11
63
44
24
33
50
13
20
30
45
48
55
18
41
37
38
47
41
53
48
33
9
8
6
5
3
7
6
17
29
38
46
38
57
54
71
59
49
37
64
72
61
71
73
83
87
74
56
70
74
72
86
82
72
96
91
105
93
96
101
92
103
79
107
96
111
101
109
89
98
115
107
117
101
100
112
74
99
104
88
95
94
87
75
91
97
106
87
102
61
86
95
85
101
76
104
101
100
119
117
127
113
101
105
101
111
112
112
100
117
97
106
94
102
95
95
95
108
106
108
98
115
112
116
104
117
103
113
100
112
110
113
110
114
102
116
111
111
118
122
109
115
101
115
108
113
105
106
115
104
108
103
110
100
113
111
104
118
100
108
79
63
100
53
38
76
31
94
5
37
35
51
43
40
69
67
83
79
60
66
57
55
33
78
56
23
56
54
10
16
7
13
5
22
31
42
53
51
68
45
59
56
63
51
21
33
61
13
48
3
5
22
6
14
20
16
19
8
4
6
7
6
28
25
25
37
93
85
94
76
82
86
79
80
37
18
29
21
18
27
7
24
5
18
16
4
3
18
36
25
28
44
15
46
32
15
11
7
4
18
