24
24
23
8
118
122
145
165
140
144
144
141
104
155
128
93
98
114
108
90
90
101
92
93
102
103
117
124
104
106
152
136
143
152
151
149
127
136
113
122
119
97
124
119
135
105
134
93
110
108
122
116
109
116
108
103
58
68
53
102
35
21
83
93
116
100
41
116
110
8
20
19
18
38
28
14
10
25
8
22
44
53
33
38
24
21
57
46
38
20
53
35
4
12
14
12
33
36
18
33
29
23
44
41
15
3
3
11
20
29
37
40
44
64
63
75
70
77
75
86
77
87
88
101
98
96
111
114
111
98
104
105
107
106
104
92
87
94
97
101
100
94
108
108
75
92
50
56
60
102
63
19
99
4
20
13
39
53
50
62
70
71
75
87
93
92
101
90
93
114
100
109
85
101
98
101
97
86
99
97
85
105
95
91
110
82
99
93
92
104
96
92
96
93
110
100
114
65
40
96
82
48
60
88
28
70
91
61
45
47
50
53
51
52
64
85
62
3
3
3
3
4
5
4
22
18
18
21
11
14
39
29
26
41
57
40
44
64
72
77
57
76
77
81
86
86
84
104
107
104
108
100
117
98
104
108
99
102
103
112
110
104
107
93
101
98
47
75
71
31
78
67
65
101
59
75
54
55
72
71
86
87
105
100
103
101
107
95
110
99
114
104
85
101
92
101
78
112
93
66
101
94
97
101
95
105
117
113
96
89
97
91
93
99
77
94
80
86
92
98
89
105
87
97
88
103
90
90
90
88
99
88
96
81
77
74
83
72
79
94
90
87
103
98
95
95
110
103
100
95
95
79
89
90
81
100
90
94
101
99
94
103
109
97
81
101
93
97
104
92
139
126
126
137
122
139
131
147
126
136
92
83
87
84
78
84
77
84
73
84
88
89
80
89
99
96
92
94
70
80
69
86
82
85
86
71
83
83
90
84
101
78
93
92
70
19
18
80
67
53
90
38
35
8
6
19
14
26
17
24
15
4
3
7850
38
15
44
46
14
61
7867
41
2
6
5
4
9
15
15
26
30
18
20
29
46
18
22
32
43
4
8
4
4
5
4
12
26
34
33
45
54
57
68
62
75
75
78
69
77
97
99
104
99
84
109
108
96
100
107
96
101
110
94
96
104
92
104
124
87
65
63
40
40
110
64
76
107
4
3
4
8
20
14
16
9
18
58
60
52
48
46
54
84
95
91
109
102
101
112
77
97
98
114
100
87
117
94
120
107
106
100
100
89
87
109
116
103
110
107
106
103
117
124
115
122
98
113
110
113
102
104
101
115
112
117
109
120
119
120
102
111
82
104
100
92
109
90
85
78
98
100
80
84
93
96
84
96
97
93
87
110
90
101
116
104
114
111
123
111
116
124
125
105
113
100
108
100
103
97
102
93
95
87
109
98
261
251
255
264
267
264
272
254
266
250
98
113
110
101
108
88
106
92
102
79
101
91
109
95
103
112
116
104
107
112
133
113
108
106
111
114
116
120
119
114
107
20
78
99
89
30
67
52
41
127
4
5
16
9
4
10
8
12
11
28
41
23
38
32
49
40
61
74
52
73
73
79
77
74
90
88
102
42
62
50
77
29
71
100
85
8
6
9
27
14
25
19
11
15
9
12
15
6
11
14
7
6
18
22
30
33
27
21
25
35
24
6
8
4
4
5
10
13
26
37
48
56
53
63
73
75
72
70
54
20
46
34
67
62
72
3
4
23
32
39
41
42
55
67
66
63
73
68
54
52
35
55
33
18
68
45
59
15
12
83
3
21
23
40
48
57
54
61
76
70
86
87
112
110
132
133
140
137
125
72
105
32
108
110
48
46
6
29
30
43
22
39
25
12
28
26
10
4
5
9
5
15
23
13
26
23
28
16
4
14
3
5
12
24
6
21
47
32
18
12
28
15
10
4
11
22
11
21
11
4
8
22
25
42
65
51
41
35
36
38
27
43
35
62
52
4
9
18
19
23
38
50
48
49
58
57
66
75
70
83
69
79
66
97
98
109
108
96
112
115
97
79
85
100
76
87
44
23
92
65
32
25
71
111
4
3
3
13
36
39
56
58
69
78
77
93
91
112
109
114
106
113
118
110
105
110
79
65
24
109
29
40
65
100
49
94
5
13
8
21
4
5
32
7
13
35
47
51
38
37
21
23
33
4
5
6
6
4
23
23
22
37
46
41
56
39
46
56
39
46
38
46
53
5
3
27
29
26
30
28
33
42
38
8
16
51
3
14
26
24
20
22
13
5
35
4
17
11
4
3
12
5
4
10
9
16
19
28
26
33
44
46
51
61
64
72
79
76
76
86
83
96
98
97
105
110
110
117
107
62
59
87
22
109
74
100
45
36
9
6
11
45
40
41
65
67
73
23
49
66
76
68
64
60
72
15
25
23
26
50
70
74
72
71
72
78
72
94
92
109
108
106
93
111
110
126
119
111
104
114
112
113
97
117
116
116
109
98
120
74
92
101
64
82
103
103
85
100
99
120
117
128
126
48
60
26
68
21
96
80
135
36
18
12
11
30
29
42
34
46
46
36
45
41
11
58
25
16
29
56
5
14
8
4
18
15
29
26
41
39
54
66
52
59
77
77
88
87
96
96
102
100
113
111
117
111
114
74
82
96
93
78
101
95
101
92
90
88
67
95
106
103
99
91
118
108
115
110
104
106
107
104
58
85
64
51
87
96
81
76
88
93
90
71
83
90
95
87
103
104
98
111
99
85
106
80
92
94
97
92
94
91
74
87
97
88
103
86
102
67
89
110
73
90
109
117
100
113
76
108
107
133
123
124
118
115
115
101
122
89
108
103
100
117
97
106
99
98
107
105
97
82
114
77
65
71
100
92
94
109
55
62
19
27
34
32
36
39
15
42
25
4
11
5
12
5
8
17
16
30
29
17
6
10
9
9
40
59
50
59
60
80
78
93
86
98
99
105
115
86
101
94
107
103
119
112
102
120
98
107
113
118
110
118
111
116
103
107
113
114
107
112
115
122
104
34
63
90
46
26
92
56
87
120
6
35
54
45
72
71
84
95
94
95
85
41
67
92
111
24
102
37
59
56
10
8
11
38
65
51
68
65
86
89
99
96
115
114
91
82
106
112
72
100
98
98
97
91
108
99
89
92
97
105
112
113
104
81
102
84
77
99
83
85
101
90
109
103
100
108
100
100
113
102
110
113
99
107
104
94
111
102
7783
7802
7796
7820
7832
7824
7835
7833
7829
161
146
128
136
115
118
107
119
120
108
114
115
106
111
103
84
94
107
101
101
116
111
109
107
109
88
108
106
109
93
104
93
107
101
119
103
121
105
119
116
104
119
103
91
87
84
78
74
87
81
76
84
81
99
94
110
97
92
103
102
89
91
80
98
89
74
34
70
58
65
29
66
21
87
45
8
4
4
29
37
41
45
43
64
56
64
58
86
76
72
92
101
110
112
116
112
104
83
111
101
91
82
106
42
69
65
117
48
20
34
6
13
9
3
5
18
21
26
32
47
40
52
52
63
60
62
73
74
87
77
97
86
100
95
100
109
106
117
105
113
109
112
112
119
130
113
120
111
129
114
115
106
113
116
105
113
111
115
103
118
106
115
108
111
103
99
112
105
112
110
99
111
100
113
106
116
111
105
115
110
103
102
108
106
98
93
105
104
106
105
107
88
107
100
89
109
97
101
98
102
93
99
84
103
96
105
110
101
105
87
95
106
91
70
88
92
77
72
91
83
92
89
91
87
104
91
105
94
94
103
94
110
106
111
105
110
108
108
97
109
97
103
109
108
97
109
103
88
107
100
107
95
107
96
103
95
99
104
100
100
101
112
114
108
110
103
52
31
48
90
90
72
75
20
6
5
5
13
22
24
18
26
16
45
58
54
57
64
57
65
56
66
81
68
65
67
82
76
91
102
99
84
91
70
77
74
74
58
77
46
23
35
69
54
85
37
3
5
16
34
11
19
13
21
15
4
14
6
15
19
34
20
5
10
9
11
24
11
26
21
4
23
37
29
46
42
57
59
47
27
17
55
28
44
4
18
47
57
55
74
66
62
90
88
101
109
90
106
98
96
82
91
78
96
111
89
99
101
59
19
78
40
82
16
76
98
105
31
5
16
28
31
41
37
42
39
58
66
68
81
85
83
101
80
112
108
116
128
116
118
115
119
107
120
95
99
90
107
99
88
103
103
88
111
111
103
123
115
122
108
129
118
123
117
126
111
101
128
102
93
108
109
98
110
101
104
98
107
109
79
93
118
112
106
93
87
60
77
112
78
109
87
79
69
122
109
117
116
119
117
127
97
78
98
92
100
95
101
109
102
100
106
110
73
97
64
82
102
76
96
93
100
86
74
73
95
94
114
110
114
113
92
112
100
102
103
92
50
27
31
27
81
66
45
60
10
12
15
58
28
24
62
27
22
27
35
66
46
69
3
1
3
16
26
44
39
40
54
42
52
57
41
52
45
39
4
16
16
6
30
29
51
18
41
60
68
66
82
68
68
82
74
74
101
109
96
105
114
105
105
119
117
107
95
77
55
9
23
75
46
27
108
44
4
4
13
18
29
29
41
48
51
70
69
80
87
80
99
97
98
97
99
100
90
76
77
74
88
105
111
98
116
103
68
73
86
69
35
13
83
117
50
28
13
21
22
37
44
37
21
46
36
22
3
3
14
5
23
6
4
4
22
39
40
41
49
53
70
82
81
100
89
105
92
101
106
108
82
125
106
95
59
66
46
87
88
97
84
44
46
54
68
46
74
63
70
65
70
78
46
86
58
45
17
68
56
27
43
41
5
20
19
18
17
51
52
55
63
70
75
73
83
79
84
85
93
98
104
110
111
99
98
98
51
93
36
25
68
56
97
86
28
3
5
13
18
15
27
27
30
39
26
43
6
38
21
42
9
18
7
21
39
39
53
67
82
59
64
66
78
74
91
90
111
110
105
113
29
33
39
103
64
101
80
90
54
3
4
15
40
40
35
50
55
51
53
79
80
93
86
80
96
94
94
91
107
107
99
98
91
85
95
88
75
36
12
70
54
69
23
44
20
13
28
41
40
40
20
42
47
58
33
58
30
37
45
11
8
12
6
8
5
4
4
3
21
5
7
8
26
26
41
43
42
61
60
66
71
70
71
80
72
76
98
91
107
96
104
110
94
103
108
87
99
88
101
105
14
95
65
84
33
37
15
54
70
4
14
15
18
39
53
61
58
63
55
59
77
84
82
94
91
93
77
106
92
103
97
88
92
101
100
108
108
85
101
100
106
30
68
100
48
18
84
51
96
18
57
4
15
28
19
13
16
21
6
28
8
25
27
24
51
48
49
49
71
75
64
56
88
17
57
45
87
63
26
72
14
18
80
5
18
26
32
23
46
59
65
64
75
69
74
73
85
85
94
106
107
94
116
110
108
117
105
108
111
108
107
109
72
91
94
53
52
25
63
20
36
21
20
43
43
57
65
72
82
79
90
85
101
88
103
103
90
98
98
101
90
101
94
100
107
95
101
108
109
105
101
114
100
116
97
109
120
103
108
101
96
110
106
99
83
103
82
77
93
66
88
99
100
93
94
101
74
72
98
94
86
97
88
101
90
108
95
117
107
118
108
117
107
117
93
120
85
109
112
100
98
113
104
98
105
112
114
104
105
103
96
103
77
92
89
97
93
81
65
77
82
92
73
83
86
87
83
56
53
21
57
19
38
57
52
5
3
14
13
21
36
34
48
47
44
70
69
81
84
84
99
89
97
92
91
63
56
25
54
43
23
45
85
60
91
99
13
12
25
40
39
51
25
45
28
38
43
42
32
12
11
12
12
26
25
30
17
6
3
11
4
9
14
46
26
17
28
10
23
41
8
32
38
16
5
6
20
19
18
13
5
4
6
34
43
44
55
53
68
58
65
84
84
94
96
98
104
104
102
113
122
94
83
67
111
91
100
80
91
83
24
27
67
91
61
25
50
12
69
7
17
22
30
29
29
52
55
60
70
55
67
53
35
25
18
39
33
5
22
14
23
23
21
20
56
54
60
52
47
62
61
78
61
63
79
83
84
101
69
94
49
80
88
80
95
93
71
94
78
75
83
85
82
78
101
95
103
94
110
99
104
91
103
78
93
94
88
82
102
93
86
90
95
92
96
84
100
91
110
98
107
20
56
37
75
54
66
95
85
29
6
9
12
10
2
3
18
9
24
25
38
47
62
60
67
67
63
66
82
81
98
94
107
104
103
97
110
93
81
52
35
71
21
94
34
101
65
104
29
5
13
22
27
43
39
48
54
53
46
62
63
76
76
83
95
60
63
93
80
88
98
87
94
94
102
90
82
87
94
98
94
96
90
124
101
96
109
98
100
103
94
89
109
93
100
60
73
52
79
89
98
82
67
85
75
91
66
61
74
86
85
81
97
94
99
82
100
96
95
101
93
100
89
72
81
87
93
79
88
83
88
82
98
89
94
92
93
109
103
108
111
104
105
103
109
90
106
100
102
91
103
99
106
98
112
107
109
103
112
110
86
107
101
103
90
101
91
89
86
73
96
67
54
93
101
95
81
100
68
85
87
86
105
98
105
104
96
106
106
94
97
104
100
81
89
90
83
92
96
76
78
93
89
96
88
86
96
100
105
96
109
84
63
86
97
77
95
95
101
90
93
100
98
89
91
105
99
105
95
96
94
84
96
91
102
78
82
91
87
92
90
97
88
106
96
100
93
89
102
102
101
104
96
105
102
106
93
101
94
99
103
96
82
104
99
91
80
103
94
97
97
73
89
96
91
100
90
87
90
92
99
92
100
89
90
96
96
95
104
91
103
91
104
90
98
90
97
86
94
89
90
79
85
84
80
87
83
81
87
85
77
87
87
100
80
83
99
90
91
89
73
91
95
92
95
94
95
91
99
93
92
92
92
102
106
102
96
104
107
95
107
95
105
97
104
95
101
96
103
90
102
98
86
92
102
95
99
80
97
90
95
94
102
113
92
100
93
93
92
102
51
24
84
33
85
94
45
64
19
5
14
13
11
8
38
36
27
25
6
30
44
50
47
9
5
25
19
22
25
22
36
27
18
4
19
11
10
17
4
23
33
41
47
49
52
46
31
22
40
37
27
30
24
5
5
4
17
16
14
18
47
46
69
29
16
30
31
27
5
21
32
34
34
43
63
57
70
58
34
12
25
12
49
61
70
41
71
6
5
6
25
29
28
32
30
37
39
40
65
64
71
65
40
54
67
14
31
16
30
3
8
4
10
11
23
25
38
41
18
20
10
37
30
40
7
5
8
23
24
38
62
47
56
58
70
70
85
75
76
97
91
90
78
90
105
86
88
96
99
100
42
88
88
96
51
32
90
16
83
61
19
81
23
36
45
48
40
42
44
41
43
77
80
90
74
78
57
17
59
44
14
55
35
96
92
53
4
9
27
21
26
33
33
31
46
56
53
64
69
67
75
71
19
34
21
82
77
84
48
52
42
4
4
8
17
35
43
49
41
65
62
69
84
83
58
80
94
44
86
25
65
40
59
6
8
22
28
28
36
47
50
49
60
57
66
77
75
91
91
109
98
99
109
106
104
88
108
95
98
92
100
90
100
101
87
91
102
66
74
70
91
94
87
91
95
95
75
82
77
77
71
81
65
43
54
32
20
4
4
11
20
29
39
37
47
61
36
24
18
17
39
53
49
54
51
9
9
30
27
28
45
39
51
51
70
51
49
67
83
71
85
77
92
92
85
94
96
107
102
101
113
95
107
97
99
104
99
105
104
101
109
91
86
101
99
89
107
93
76
91
39
21
58
52
86
62
34
8
11
9
11
12
44
50
40
55
57
42
52
37
55
19
49
25
43
40
3
5
5
15
35
26
42
38
36
39
43
50
88
83
89
86
98
87
109
86
83
100
93
105
94
89
102
95
105
101
65
34
89
28
47
51
69
80
18
8
23
34
40
44
30
33
46
15
43
18
27
4
3
5
12
7
10
28
38
27
32
42
49
60
46
52
43
67
80
78
89
90
107
98
102
97
88
106
71
108
15
73
48
41
85
27
6
4
7
7
6
35
47
32
30
20
28
18
33
27
17
27
5
3
16
3
6
12
18
17
33
44
42
56
48
60
56
63
57
80
79
86
90
99
96
102
102
102
115
58
80
72
56
80
87
42
75
100
77
102
67
83
84
80
98
73
68
99
61
89
88
96
103
86
100
98
100
68
81
78
82
90
99
89
91
91
104
100
106
115
118
81
117
89
95
86
95
92
87
95
87
98
99
79
86
95
83
93
74
85
100
87
95
95
95
93
111
107
91
93
93
105
97
105
94
107
98
105
87
93
89
102
95
89
100
73
82
93
78
94
88
98
91
103
92
95
108
89
96
77
100
89
95
90
91
100
98
91
91
101
95
86
92
85
73
63
77
72
35
82
43
42
26
48
25
3
4
11
4
16
26
19
33
49
42
65
50
62
55
73
72
84
94
86
94
95
84
82
85
86
96
62
21
41
104
33
77
54
91
75
34
6
5
4
14
13
10
27
8
7
11
26
8
6
4
23
11
32
39
35
39
57
54
59
56
87
82
96
82
71
95
88
79
84
93
94
106
87
100
99
94
95
103
106
94
100
98
102
93
90
89
100
86
95
90
95
97
95
90
102
87
96
96
103
92
87
96
87
94
85
94
93
93
96
90
96
94
97
89
97
87
79
95
69
95
85
88
83
82
87
97
89
101
102
91
94
78
93
84
85
76
67
87
93
80
94
83
91
82
99
90
96
79
98
100
88
89
102
96
86
102
90
92
88
72
82
83
66
75
86
76
84
78
86
85
100
70
85
82
81
85
88
80
85
76
73
74
74
64
68
86
77
81
81
90
91
92
79
87
87
99
98
19757
19754
19770
19763
19765
19766
19769
19764
19773
110
115
92
103
37
103
72
50
92
77
21
58
30
20
19
18
20
1
10
17
18
17
27
14
21
4
2
4
17
8
15
6
9
5
5
4
3
12
15
17
6
3
2
19
35
43
40
43
54
30
45
48
42
31
30
47
4
4
9
14
28
23
39
30
36
31
54
47
52
20
39
11
23
4
11
17
6
12
7
15
6
19
29
30
41
49
35
42
71
69
78
81
77
85
82
101
108
100
104
13
76
35
32
30
93
48
88
43
5
18
31
43
43
51
45
44
71
74
83
84
93
97
100
105
90
83
95
95
83
106
112
98
96
102
93
101
78
90
90
77
62
96
64
87
88
70
71
77
69
73
74
89
77
74
99
92
96
94
104
91
113
99
87
99
95
97
101
96
95
105
84
93
90
107
77
97
89
52
78
71
72
54
83
95
82
72
83
38
98
64
64
77
75
77
103
103
122
107
101
97
103
77
98
90
97
104
91
101
75
86
92
97
95
108
96
90
86
79
97
96
90
92
101
91
105
104
101
121
112
119
126
125
117
118
124
111
98
86
89
106
97
80
88
85
97
88
80
96
87
93
100
111
105
93
116
102
94
15
84
80
45
32
56
9
7
4
9
7
6
8
20
19
26
13
34
15
35
52
38
47
36
29
27
39
41
25
28
6
19
7
21
8
16
8
13
25
19
10
26
22
11
6
4
16
18
17
38
47
63
71
69
64
65
67
53
85
77
92
91
103
86
59
60
70
75
77
70
86
80
42
11
47
2
17
16
30
39
48
48
55
56
66
76
66
73
79
89
82
97
93
85
97
108
82
87
82
67
72
36
19
63
17
33
24
43
68
5
24
38
31
45
56
70
80
73
58
49
49
42
41
71
73
58
5
3
8
8
18
23
31
36
55
52
71
48
61
38
42
57
34
46
58
60
20
32
31
32
57
55
54
88
85
99
44
96
76
96
72
26
45
34
69
8
9
28
29
31
30
42
59
27
49
25
19
36
53
22
39
6
7
27
28
35
48
56
45
50
59
74
84
87
98
99
90
81
102
113
115
121
109
115
112
54
52
71
98
87
34
58
32
39
64
70
16
23
24
46
27
50
73
73
90
88
66
75
83
85
81
82
112
109
95
99
97
109
85
97
100
93
104
105
96
108
112
104
106
105
108
101
114
102
105
100
102
95
86
109
105
94
106
102
109
107
126
109
122
102
108
111
121
117
111
99
110
95
121
125
125
128
106
109
95
105
102
95
115
105
111
104
109
108
117
119
104
90
107
95
116
104
119
117
108
110
123
99
122
104
118
111
104
117
108
121
100
109
41
103
94
27
81
25
59
83
55
67
18
36
45
59
58
68
69
80
75
91
104
111
84
64
27
38
46
114
49
72
95
48
16
26
32
28
53
52
48
71
70
58
67
72
76
84
73
79
112
98
91
85
96
78
73
73
95
94
106
105
111
102
105
109
103
119
116
100
101
120
113
122
117
119
130
119
130
99
126
130
98
107
107
102
91
97
90
95
92
92
85
101
64
99
44
33
59
52
73
28
6
4
21
21
27
28
46
45
59
58
64
66
65
63
67
81
83
67
89
99
107
94
91
92
85
97
60
53
62
66
89
95
135
112
106
46
55
87
42
85
38
22
50
46
4
27
40
45
45
61
60
77
79
91
85
98
111
98
95
75
102
80
97
97
83
95
97
88
102
95
86
93
69
84
89
98
96
105
84
85
94
86
91
92
108
96
108
97
98
106
100
108
110
100
108
102
103
91
100
88
91
101
100
89
86
99
102
89
106
103
102
106
95
96
106
89
108
101
105
100
96
104
108
102
118
111
107
95
108
103
112
110
107
100
107
97
108
100
108
101
87
82
102
87
68
81
91
86
72
94
96
92
106
96
102
93
84
101
105
99
99
106
106
100
105
97
108
110
106
103
107
105
119
111
122
114
126
116
125
117
123
115
108
109
100
77
93
104
103
74
45
62
81
91
57
79
83
88
69
77
97
83
81
81
81
107
108
85
104
95
96
91
93
86
82
100
69
90
61
83
27
48
62
30
63
45
12
8
10
46
44
53
45
53
54
55
80
88
79
100
101
100
110
91
88
88
102
92
95
104
103
91
48
75
20
64
57
36
25
4
4
7
5
4
11
19
16
27
36
32
16
29
9
13
19
31
5
4
5
12
12
5
33
15
29
7
8
8
35
46
47
39
55
54
38
30
31
13
51
49
28
41
15
25
36
47
52
50
43
55
72
71
84
85
87
74
98
76
89
89
90
89
98
91
95
83
90
67
28
67
90
82
34
64
45
20
3
12
23
30
29
35
10
38
26
35
22
4
2
19
14
35
30
15
17
18
23
33
24
6
17
15
25
29
23
33
32
51
58
60
61
59
60
76
78
80
91
93
102
103
94
104
116
93
95
95
96
93
81
96
95
96
97
99
90
99
87
97
89
85
108
96
113
98
102
105
57
48
41
62
99
90
40
98
82
