16
24
31
181
186
267
270
308
213
15
279
309
259
228
350
233
411
393
355
380
397
429
415
305
385
280
339
338
384
414
418
397
389
388
511
380
457
478
458
451
426
463
390
277
455
444
334
322
385
351
334
409
466
449
448
351
355
409
404
414
407
378
376
405
406
397
373
467
438
382
371
432
409
387
411
380
364
326
364
361
366
313
275
318
340
281
239
299
305
268
303
283
314
269
268
315
299
323
296
258
220
324
287
282
294
235
129
280
234
262
210
134
282
263
317
314
293
253
290
231
285
302
288
320
289
325
291
300
241
316
311
286
247
265
303
242
275
269
273
283
292
263
209
284
269
280
280
264
275
321
356
320
374
334
395
341
367
360
328
315
361
349
321
346
345
338
373
349
361
313
325
298
359
345
372
370
333
345
323
330
316
343
345
319
290
325
289
294
331
328
263
283
357
320
364
266
308
317
301
325
293
313
327
292
311
251
301
299
241
267
312
316
307
299
307
292
254
293
217
253
248
298
287
266
268
263
298
239
280
276
305
299
286
279
293
339
248
246
219
260
220
260
226
240
265
248
237
201
256
238
234
194
201
199
177
190
170
187
173
211
184
196
187
200
205
197
201
201
159
181
204
177
198
158
180
173
177
176
153
141
164
140
142
151
172
138
174
174
196
168
190
177
192
172
172
170
190
164
144
166
149
168
134
163
168
158
159
157
184
158
165
174
162
148
141
161
161
180
165
178
163
176
156
170
124
153
154
152
173
160
172
174
163
181
171
181
178
184
171
185
171
169
188
189
178
191
170
176
189
176
189
173
187
186
165
186
176
181
159
141
175
170
177
155
131
166
149
143
158
150
107
107
158
122
143
120
157
143
135
141
115
116
119
139
134
123
147
156
151
80
152
164
106
129
166
92
169
142
132
154
106
86
107
107
135
139
113
124
135
142
129
130
143
2059
2039
2091
2078
2098
2094
2127
2130
2133
235
227
225
193
161
176
131
128
131
117
151
125
137
142
138
152
156
169
154
175
160
171
174
157
168
169
151
166
156
162
150
164
148
164
147
158
167
166
174
158
137
172
175
151
167
147
172
143
168
147
167
144
159
141
146
156
151
120
131
143
134
135
150
147
137
147
135
147
141
130
149
142
155
127
138
165
148
170
160
184
166
171
187
186
175
152
175
175
154
161
170
136
152
166
159
174
170
139
152
171
156
175
149
162
171
179
164
162
159
171
147
161
144
163
152
157
150
153
125
137
141
156
143
160
154
144
153
146
160
150
157
140
149
139
146
129
154
136
150
134
125
154
144
153
148
154
138
140
147
145
136
140
136
139
152
154
144
146
156
158
154
138
147
130
163
149
141
127
132
121
147
142
142
159
135
160
150
150
152
123
154
151
152
136
124
137
135
135
135
123
133
118
110
126
127
146
136
118
137
120
150
147
146
151
140
157
135
145
157
158
146
148
136
150
140
148
129
140
152
152
142
126
150
135
149
140
136
156
164
155
165
163
179
170
182
173
169
182
179
169
164
181
178
130
146
121
109
165
136
119
85
133
124
87
88
119
120
148
148
162
76
135
122
93
109
126
131
146
133
145
162
139
154
140
155
155
175
161
167
153
152
170
163
153
165
139
149
155
177
167
119
139
123
143
140
123
142
136
152
134
151
149
175
162
178
154
170
150
170
160
163
165
175
164
181
165
188
177
186
189
173
189
157
90
74
64
116
105
135
116
128
126
128
120
81
97
119
117
137
136
162
144
159
147
167
153
166
158
162
152
82
41
34
135
53
112
125
91
66
159
14
14
38
25
50
14
16
22
49
6
4
27
25
29
49
81
77
75
88
104
113
127
106
127
125
124
156
135
150
144
129
141
91
46
19
62
77
90
61
39
120
136
64
12
11
29
25
22
23
25
51
48
50
70
92
104
89
75
76
123
99
102
130
128
132
154
113
143
151
160
163
153
133
146
132
128
126
147
132
144
135
138
143
142
122
158
132
146
142
140
124
145
126
155
142
166
147
159
130
138
155
147
134
142
111
141
130
144
137
108
128
86
66
47
114
145
104
59
9
11
11
36
55
43
34
27
16
37
12
5
7
6
4
27
30
44
34
47
62
55
59
40
64
42
10
14
12
37
45
5
17
33
14
34
45
36
37
48
62
58
78
78
94
102
106
107
104
78
82
81
128
126
127
110
116
104
51
24
77
55
37
146
5
13
14
22
40
27
50
41
42
64
43
53
39
24
5
19
7
19
21
36
24
43
42
56
36
16
10
47
30
46
13
7
11
12
12
22
20
53
47
67
37
34
68
46
27
15
48
62
22
58
62
11
10
11
31
67
45
41
47
67
56
94
107
97
104
129
119
123
110
110
108
130
135
132
156
116
129
137
132
150
112
157
138
135
134
116
134
132
141
138
147
144
152
150
163
154
164
147
173
166
151
156
147
139
151
154
136
150
142
144
132
127
91
74
54
65
102
119
144
115
106
100
54
80
79
105
106
130
130
150
134
131
152
149
134
156
145
160
145
135
127
149
135
140
113
124
129
104
114
114
96
119
118
124
132
132
102
128
103
136
115
132
130
129
135
119
138
111
131
97
40
66
20
63
137
77
112
126
4
34
29
47
50
54
88
106
83
80
74
95
102
101
124
135
127
116
121
114
99
119
130
7324
7324
7313
7339
7358
7324
7356
7336
125
113
122
126
133
82
97
98
95
166
161
165
164
179
196
173
173
124
140
125
102
84
123
130
129
198
179
191
182
164
183
161
179
173
187
110
121
126
119
115
140
137
118
135
121
141
124
132
126
125
107
114
125
90
110
113
109
130
112
147
154
169
148
145
137
109
22
94
146
64
120
33
61
40
5
5
35
35
36
59
78
77
96
112
102
118
123
116
101
95
137
120
140
80
129
132
131
120
112
99
82
102
96
99
130
127
126
114
137
129
124
148
92
93
95
125
115
109
125
97
126
124
108
120
119
146
137
148
132
117
138
121
149
131
126
145
142
131
117
104
88
135
149
127
134
121
126
135
134
88
88
35
84
25
81
54
80
65
6
29
24
26
19
39
19
5
5
22
27
40
39
63
76
75
89
61
57
86
22
66
40
60
82
65
11
36
54
66
76
77
66
84
97
94
109
27
71
113
28
83
99
58
117
47
5
4
22
20
46
48
71
92
91
99
100
112
107
146
144
154
157
167
141
151
138
138
147
131
110
109
110
113
141
137
134
137
113
103
125
119
122
116
137
134
122
111
135
116
118
142
129
148
152
141
154
135
150
135
151
150
145
156
146
160
148
167
154
148
161
158
141
162
150
142
157
134
143
139
121
151
139
159
138
121
104
117
134
72
117
82
119
112
123
106
98
118
113
113
134
134
119
137
146
135
128
97
116
121
139
127
139
114
134
127
148
111
135
147
136
120
134
134
140
126
135
147
75
89
119
144
68
112
102
100
101
130
133
100
100
128
125
126
158
129
134
108
145
139
139
144
128
145
113
137
135
147
130
147
152
131
144
148
160
146
133
150
123
136
147
153
136
153
140
138
132
137
144
120
122
135
133
121
131
141
125
136
135
141
147
150
116
113
138
138
103
124
125
128
94
115
114
106
125
117
108
127
117
122
105
114
107
111
125
128
118
120
119
132
139
147
144
144
131
135
144
140
131
126
107
122
106
124
108
100
94
79
114
124
113
128
110
108
108
120
98
124
125
136
123
139
132
118
133
124
136
130
119
131
135
127
111
130
122
121
117
126
111
117
125
122
107
101
114
76
71
59
39
101
104
120
111
69
35
57
13
17
26
11
38
36
38
58
12
37
39
51
8
4
5
46
25
43
28
33
23
35
30
40
52
6
5
21
39
7
21
43
14
4
6
6
26
13
9
8
6
4
46
27
41
55
75
87
85
100
84
108
101
131
128
141
154
137
149
151
160
148
116
95
92
126
124
112
93
28
79
37
33
38
112
40
5
7
4
5
5
28
18
15
18
12
14
12
6
4
19
22
23
10
14
22
7
8
41
53
24
46
15
28
33
33
36
7
6
21
41
27
51
42
40
38
16
37
20
17
15
32
53
71
70
94
81
79
59
39
73
70
29
67
63
10
22
39
36
39
86
76
97
95
109
107
101
97
103
108
105
116
96
119
117
130
98
98
78
67
59
86
111
98
109
117
112
118
68
73
75
74
77
86
120
115
118
139
129
142
138
124
131
146
151
152
138
157
141
151
143
134
152
137
118
138
140
122
148
138
131
142
121
124
125
112
88
51
69
92
118
52
106
86
59
114
114
128
125
89
90
109
108
130
130
144
132
139
89
100
113
122
105
125
99
131
130
117
133
107
125
126
142
115
131
130
162
152
164
154
162
147
162
147
113
154
142
155
139
155
134
130
147
152
139
137
136
137
134
146
142
148
142
108
121
125
151
144
149
127
131
123
120
122
118
95
135
133
127
155
136
147
139
162
97
118
65
47
74
18
42
107
141
129
16
19
48
50
67
43
39
39
63
32
35
9
5
23
12
7
16
26
23
20
18
20
53
52
72
73
37
16
41
33
12
6
19
33
20
28
32
18
36
47
56
54
53
67
79
79
78
81
99
93
87
83
119
117
135
132
144
156
157
69
150
103
92
75
52
26
49
148
115
25
37
57
40
46
26
32
54
49
74
90
87
82
59
73
37
34
71
46
19
17
21
47
23
6
16
29
38
34
45
39
48
51
48
63
43
47
41
64
13
4
3
20
21
30
27
40
10
37
14
23
42
5
22
29
44
41
63
71
78
60
70
46
71
59
74
62
93
29
73
68
76
78
11
62
42
61
18
58
30
22
21
6
23
26
11
39
37
60
44
59
62
76
62
62
70
53
97
118
116
129
123
136
135
105
112
103
116
108
124
115
127
112
135
130
121
117
122
156
159
171
136
144
130
134
128
146
125
110
94
110
112
113
121
126
122
112
105
127
127
124
124
135
107
134
121
132
118
130
114
113
129
132
115
115
135
127
124
125
114
122
127
127
119
120
121
114
121
113
123
110
129
111
96
128
113
122
115
123
123
131
106
104
128
117
132
123
131
137
121
137
119
133
124
134
120
131
128
115
128
132
123
131
124
130
117
135
127
134
128
126
133
128
115
128
112
125
117
124
116
122
124
102
123
110
128
116
118
137
109
124
115
125
122
125
117
132
117
137
119
121
141
135
126
135
126
134
124
120
135
131
117
122
131
131
116
131
122
124
119
103
125
117
125
117
133
117
133
123
137
129
133
135
136
127
134
108
118
136
121
117
136
91
85
105
112
108
107
126
113
127
125
148
135
154
131
138
128
129
136
131
139
139
135
139
135
138
129
126
129
104
138
120
134
117
121
134
140
129
126
110
121
135
123
100
106
112
123
108
121
104
112
104
99
131
123
114
107
127
112
111
122
114
104
88
114
118
106
101
107
93
64
66
116
98
67
115
105
118
128
112
124
106
99
123
122
136
125
131
120
129
130
102
126
110
110
100
121
120
111
120
110
119
117
123
117
125
116
131
129
134
119
135
126
128
130
118
134
133
124
105
132
124
111
130
118
115
126
125
95
112
113
103
122
138
134
91
83
72
65
28
121
100
117
7
8
10
6
13
16
5
6
18
27
35
57
49
69
81
85
85
108
99
119
111
129
134
135
147
123
130
131
121
113
127
115
112
116
97
107
84
68
53
45
28
103
114
79
66
110
5
23
20
29
9
18
26
37
26
21
19
45
47
65
62
79
70
76
74
81
79
110
108
103
125
124
123
138
137
37
65
13
110
94
56
82
33
21
127
19
18
20
20
40
40
59
58
45
57
38
14
23
33
42
6
4
28
28
40
48
42
59
41
29
38
23
40
26
51
5
27
39
26
41
23
37
26
39
6
4
9
21
19
15
9
6
18
18
44
28
15
41
13
18
36
5
16
28
36
44
59
61
63
85
74
86
92
97
99
111
105
99
95
118
101
104
119
106
115
103
122
112
121
109
117
106
107
96
132
114
123
132
119
139
117
102
106
111
128
116
101
116
122
91
110
122
113
133
116
126
110
130
119
115
115
128
110
113
97
119
86
102
73
37
82
57
39
62
43
111
4
21
38
28
47
44
52
50
65
47
64
70
68
75
86
69
65
90
104
102
125
109
133
147
134
144
134
151
137
148
141
123
146
129
136
100
121
125
123
125
116
109
102
94
116
96
118
103
108
108
120
103
92
109
106
111
116
115
131
127
127
105
120
128
141
137
132
122
131
120
131
134
123
133
132
135
131
135
137
132
137
127
124
135
123
131
134
131
132
123
129
125
133
120
133
127
137
134
104
118
127
133
110
122
106
126
106
127
115
115
114
134
127
119
102
131
116
125
118
104
131
119
121
127
112
112
121
130
112
115
116
131
130
128
124
122
127
103
124
92
112
84
107
113
111
116
98
119
122
133
124
127
119
101
124
111
123
108
115
100
107
115
95
107
116
115
107
106
118
106
104
97
89
113
77
62
29
72
104
92
52
21
28
4
4
24
42
66
67
62
90
97
87
103
108
119
131
119
121
131
131
119
122
122
123
132
136
131
142
137
133
66
44
119
115
99
55
35
30
76
126
109
4
8
17
19
6
17
15
29
31
49
58
44
63
72
80
78
101
93
89
108
94
62
92
96
51
79
35
20
18
36
35
48
50
71
70
69
73
83
82
78
78
102
102
115
100
117
101
119
115
118
134
113
114
136
133
130
119
118
128
116
119
127
128
117
114
94
105
126
110
126
113
119
108
100
122
113
117
98
114
101
111
111
109
125
111
122
122
117
126
124
133
139
114
136
122
127
138
94
136
18
133
108
85
30
56
73
39
90
52
53
56
66
67
91
91
112
111
128
121
137
129
109
108
115
123
109
118
93
101
113
115
106
115
99
105
105
82
105
123
109
112
109
118
116
113
110
105
104
114
110
117
103
122
110
127
114
109
97
117
122
118
119
128
136
116
133
122
135
117
131
124
94
107
109
101
118
109
103
110
102
111
94
116
116
122
112
106
123
111
124
117
125
124
123
114
128
129
119
132
121
128
118
113
127
128
119
126
118
124
129
121
119
124
112
124
120
113
116
109
114
107
112
101
111
88
100
75
103
89
113
112
92
114
97
107
121
121
129
129
94
124
109
112
90
120
98
111
107
97
106
104
103
107
108
107
121
110
125
112
108
115
91
126
110
109
125
116
110
120
111
124
108
89
101
112
113
93
114
103
86
100
105
86
106
98
91
104
100
97
83
92
96
58
59
78
98
91
106
98
103
99
102
72
101
105
89
100
93
106
95
105
97
112
112
101
99
112
77
97
91
103
94
112
102
101
117
106
115
118
117
103
115
101
113
113
111
95
115
106
108
123
125
103
130
122
119
125
135
123
135
125
132
120
93
118
117
98
109
84
113
102
108
116
124
101
98
119
124
122
114
108
114
106
98
115
112
105
110
114
93
101
78
99
109
98
112
120
108
102
115
112
103
90
103
107
101
90
82
98
77
92
97
96
90
108
98
99
19232
19235
19220
19246
19236
19246
19254
19261
19249
19242
112
129
126
99
119
118
104
110
92
101
92
62
93
38
77
52
70
20
33
4
4
17
19
30
41
50
39
47
49
50
50
41
58
39
51
45
78
74
95
103
112
108
87
83
76
79
82
81
79
94
84
108
94
103
107
100
118
134
103
112
94
104
129
122
131
116
127
133
126
125
83
113
120
109
109
121
103
111
90
99
95
59
33
46
22
97
72
98
50
11
11
30
40
44
59
47
54
74
78
73
97
94
82
20
105
61
97
17
103
67
38
76
51
7
12
4
7
6
4
2
3
2
22
32
24
19
15
27
13
15
5
20
16
9
4
2
28
19
29
42
46
46
55
51
21
25
47
62
65
22
42
4
21
36
39
40
57
56
59
58
56
71
59
59
42
55
39
62
36
34
46
66
77
4
5
3
5
8
15
16
20
20
19
26
43
46
52
42
51
62
57
79
74
74
81
83
94
98
92
98
109
116
106
123
114
135
116
113
121
129
125
122
110
119
131
93
117
113
124
111
121
107
127
113
130
114
121
114
120
115
111
119
94
114
101
116
104
122
102
105
115
107
99
108
98
111
102
104
80
109
100
116
103
114
111
83
118
107
118
105
116
103
103
117
96
109
116
121
107
119
104
123
120
98
81
121
63
79
122
101
108
96
99
89
92
90
89
55
91
92
82
93
94
65
45
100
39
43
38
60
79
90
39
37
42
4
10
7
6
15
6
15
5
25
23
9
33
38
15
36
4
7
33
43
56
59
26
57
44
40
61
17
50
54
31
58
10
18
15
43
13
4
42
10
26
7
18
30
37
28
50
50
62
76
78
76
79
74
98
90
86
95
115
108
124
111
89
112
100
102
104
34
118
67
30
15
108
98
83
9
20
21
31
47
61
72
76
51
75
63
76
79
81
84
67
105
82
97
95
108
118
96
108
105
128
125
122
130
116
108
121
117
114
113
102
102
99
100
108
109
103
125
115
125
122
119
131
138
129
135
75
61
50
24
132
102
37
113
86
10
13
5
8
12
9
7
4
18
18
30
34
26
28
57
55
76
72
81
72
70
67
78
81
89
46
27
25
69
83
48
78
93
105
89
28
19
13
33
17
26
4
20
25
41
40
31
30
28
30
34
30
5
17
22
25
49
61
69
62
67
76
64
73
37
70
82
38
84
55
24
72
33
5
15
24
52
59
64
74
65
89
88
108
106
62
51
38
17
104
77
94
104
20
5
7
24
9
55
28
33
16
51
17
30
24
5
14
17
32
31
57
63
70
80
64
78
78
91
112
20
52
33
69
19
49
76
79
90
108
3
3
2
6
3
9
6
8
92
45
54
65
31
48
64
45
44
77
77
97
37
36
61
68
43
65
78
87
46
63
24
16
28
29
82
5
31
44
31
38
32
30
26
23
15
4
2
28
40
20
37
24
25
36
26
23
43
5
27
51
48
68
65
67
90
107
109
107
104
78
110
40
75
135
56
28
102
98
10
42
50
85
88
61
72
69
92
98
80
90
87
111
100
123
113
123
125
126
111
125
125
107
118
106
111
105
120
121
140
124
129
138
109
132
129
99
136
116
106
113
111
101
90
89
88
113
94
58
77
87
50
42
52
72
93
9
7
4
20
21
8
6
26
28
28
38
53
67
76
59
62
88
82
87
100
98
91
82
71
106
117
102
103
121
106
111
111
78
87
91
76
53
73
20
50
94
35
68
10
11
31
41
51
43
59
61
49
57
76
48
49
38
59
64
67
8
24
12
9
22
20
19
4
1
3
27
18
17
26
50
52
71
77
82
68
77
82
92
88
82
90
99
94
106
115
105
101
104
103
107
102
104
117
106
96
100
108
91
109
108
128
110
124
109
121
114
117
132
115
124
113
125
106
121
108
119
109
109
114
111
108
111
102
105
100
89
103
92
82
106
93
99
104
81
74
93
100
96
76
96
89
103
87
86
85
102
102
98
112
88
105
99
107
95
93
103
92
98
101
91
91
88
92
77
92
104
119
118
125
49
44
24
114
60
103
50
113
22
91
29
3
6
4
13
25
21
35
36
47
39
55
25
25
46
35
32
54
42
9
11
20
9
23
25
3
12
13
25
38
40
52
49
58
66
76
75
87
69
73
10
39
79
49
25
46
63
2
3
24
7
12
3
3
4
6
16
4
6
18
21
18
14
33
50
56
49
58
67
69
67
86
86
99
100
101
95
106
66
55
83
39
30
23
58
54
91
93
5
5
21
7
13
4
19
8
17
17
15
27
40
40
47
48
51
17
60
27
38
48
43
56
40
27
35
10
13
10
37
37
46
35
33
37
17
14
18
55
18
56
39
11
24
32
38
39
18
29
40
43
37
26
20
11
10
25
37
36
50
41
49
49
57
74
67
55
83
57
38
59
15
81
78
29
61
5
6
4
13
15
22
34
27
35
46
51
66
46
48
45
56
64
80
86
86
80
79
70
94
74
78
83
96
17
42
81
78
86
49
25
38
67
7
24
31
36
21
22
18
20
35
6
17
19
7
13
9
8
11
32
36
15
19
40
16
13
7
16
22
24
28
38
48
35
19
18
47
7
9
27
3
4
4
7
15
18
10
24
5
17
15
19
5
4
18
18
4
4
22
16
26
26
51
62
64
63
77
77
76
74
88
91
98
89
91
95
95
98
96
95
93
102
98
108
103
107
111
107
111
119
110
115
106
105
109
107
104
99
105
104
106
99
106
107
99
83
89
102
93
101
92
106
97
107
101
105
101
108
87
102
104
89
95
87
98
87
91
103
105
95
100
98
100
98
103
100
101
99
104
102
108
106
108
100
110
106
111
104
102
109
108
98
108
100
104
97
102
95
96
101
82
100
98
104
94
112
97
98
108
112
97
110
93
104
97
84
102
94
106
89
76
95
84
95
88
92
94
106
89
83
90
77
96
86
89
83
96
87
101
72
93
99
93
103
96
108
96
100
95
105
97
103
101
102
95
82
97
100
70
61
84
88
47
104
78
94
82
78
86
96
94
105
106
85
99
78
87
85
96
86
101
89
97
103
90
92
92
92
102
91
94
102
79
87
101
94
91
35
56
81
74
10
45
63
9
4
3
11
9
20
17
30
29
42
49
10
22
10
20
38
40
25
5
12
15
28
30
36
39
42
61
59
39
59
36
28
18
28
41
54
53
3
4
3
22
33
46
58
55
70
72
79
69
93
84
64
102
58
40
51
76
84
103
82
80
42
85
39
54
50
70
68
67
85
82
54
44
41
88
21
70
47
68
53
7
21
20
25
19
32
55
56
51
64
66
59
75
74
90
83
81
88
84
103
97
72
104
93
102
73
93
76
92
81
86
80
82
89
84
92
98
88
96
87
105
97
106
92
87
93
84
71
66
90
84
93
86
100
98
98
88
96
73
80
89
92
101
98
114
103
111
103
94
105
114
118
95
101
95
99
83
77
89
93
85
96
89
91
87
97
97
110
80
86
76
69
101
87
87
80
96
82
95
89
104
80
99
95
98
95
113
101
118
104
94
107
97
115
116
113
90
89
101
102
92
104
102
103
94
108
107
105
107
109
92
68
85
114
72
88
94
91
77
77
56
87
86
54
95
100
109
97
85
105
101
97
110
89
71
84
77
81
77
91
78
84
76
93
94
92
97
88
91
107
103
96
100
100
97
105
100
106
101
94
95
102
90
80
82
97
104
103
94
106
108
100
109
106
102
110
119
111
117
110
94
112
100
114
96
65
82
70
105
91
86
99
95
98
100
79
98
96
98
88
96
88
102
87
100
91
87
87
98
92
96
87
96
86
101
90
103
92
92
103
105
106
102
101
85
78
47
68
104
97
56
85
78
25
73
24
58
20
25
