23
6
14
6
16
13
5
30
43
50
50
59
59
61
51
47
46
125
47
143
35
142
43
156
56
121
62
14
121
123
35
124
13
3
4
156
4
16
3
16
26
27
23
10
12
36
29
14
45
13
5
42
9
33
37
41
57
36
10
16
4
34
7
8
11
13
20
7
17
12
16
33
14
41
34
28
50
55
51
68
78
73
78
79
67
94
84
83
97
107
91
79
88
94
98
79
88
97
90
99
89
104
91
88
107
96
84
89
90
95
92
96
101
89
88
101
87
86
79
85
92
87
80
94
89
90
97
85
103
87
101
92
104
78
83
95
90
92
106
94
82
94
100
102
107
85
73
77
86
104
94
107
95
97
111
107
106
116
113
110
103
94
105
107
102
107
95
106
93
98
97
85
89
72
98
104
104
100
111
110
111
113
125
99
105
100
105
93
92
99
88
105
100
110
109
103
98
106
103
105
113
103
103
94
94
105
100
108
100
108
107
96
109
98
109
99
111
106
111
101
103
87
107
103
96
86
100
93
99
94
105
103
119
100
109
102
108
101
89
105
107
101
107
98
106
101
111
104
121
107
111
105
110
103
97
110
109
96
109
96
67
105
107
88
82
67
99
87
98
86
97
98
88
82
100
99
112
109
148
147
140
149
138
150
139
151
139
103
148
94
107
87
93
104
101
94
104
97
113
99
115
117
104
114
114
110
113
101
105
111
110
98
109
111
103
109
111
107
97
87
107
79
89
101
91
82
85
83
80
75
83
72
74
80
75
80
78
75
64
84
78
82
78
91
74
87
77
86
74
79
78
76
91
72
88
84
92
90
91
89
80
87
82
89
83
87
84
76
63
82
71
84
79
70
82
79
81
88
67
82
66
81
81
77
88
81
78
91
73
84
83
84
89
83
70
82
86
89
83
100
93
91
90
77
89
85
86
89
88
82
88
88
93
89
74
73
81
81
72
82
81
67
71
83
76
72
66
84
84
82
84
71
69
78
78
70
77
75
69
58
88
82
79
88
95
96
89
96
68
85
79
82
92
80
80
79
84
76
88
85
87
88
85
84
88
7765
7735
7747
7753
7741
7726
7756
7816
7805
7823
124
113
107
109
110
108
136
123
136
121
109
115
90
100
89
116
98
113
96
109
98
102
107
99
105
112
105
111
108
112
104
112
100
111
102
110
108
108
95
108
101
111
105
111
113
103
109
102
108
104
81
97
86
99
90
84
75
78
87
88
86
85
77
74
85
75
83
81
87
86
82
90
73
91
87
88
87
72
97
61
79
26
32
89
42
55
15
6
4
4
5
9
17
22
31
31
33
34
27
25
31
30
42
52
51
63
61
50
52
57
58
58
29
64
41
24
61
55
45
10
11
9
44
56
39
50
48
44
32
33
20
27
35
49
46
3
14
19
11
13
40
24
42
19
34
28
30
26
16
9
5
5
9
7
8
49
70
69
26
33
26
25
26
34
36
46
3
3
20
6
20
19
8
4
4
5
11
28
19
27
48
48
55
53
60
62
73
71
78
77
79
86
85
23
19
42
69
79
45
74
55
4
4
15
21
27
29
35
34
52
55
62
59
61
69
70
79
78
73
80
81
85
94
95
97
95
92
99
86
102
90
107
100
118
112
119
109
110
103
110
102
101
108
107
104
106
95
105
102
106
95
107
98
107
97
96
106
110
105
98
111
109
106
100
107
105
84
107
76
57
89
101
70
91
87
72
89
84
95
87
92
92
74
88
68
96
85
92
73
83
79
89
85
78
87
91
92
110
102
114
102
104
95
106
113
113
96
91
97
90
94
82
97
97
88
99
92
103
99
82
91
100
86
102
101
91
93
93
84
102
94
102
77
83
101
84
96
99
90
89
102
88
47
36
77
57
44
78
38
7
6
6
4
16
19
16
34
45
56
46
60
71
72
78
70
84
82
107
96
110
103
104
91
106
80
96
90
92
95
88
103
108
98
111
99
108
99
111
102
119
92
85
99
95
104
90
97
104
109
99
114
102
120
96
106
75
94
50
87
64
55
113
80
83
94
91
86
90
104
104
106
72
109
99
86
93
98
109
105
98
111
90
88
109
96
99
95
101
99
84
116
108
111
105
109
104
122
122
129
121
116
108
116
108
123
98
113
99
106
108
98
101
101
112
99
100
106
96
103
103
93
102
100
98
94
81
105
92
110
97
99
108
102
112
105
98
100
111
95
108
88
105
99
107
113
106
109
118
121
113
116
108
111
106
104
110
98
107
107
114
108
125
116
96
131
105
116
106
116
100
106
99
105
98
114
111
105
92
104
92
103
97
89
41
54
67
79
60
95
90
84
81
65
86
80
72
96
97
115
111
114
117
111
117
118
97
104
109
111
100
100
109
108
98
80
88
108
70
100
112
101
112
101
121
97
90
91
110
99
106
110
101
113
106
119
116
114
112
107
118
112
113
110
113
104
105
111
112
97
93
115
101
121
102
117
108
108
108
107
125
122
115
119
112
115
102
109
107
113
79
105
99
102
106
105
97
101
79
94
101
88
106
98
108
115
99
101
107
123
92
115
99
106
98
108
99
113
116
105
102
102
76
87
87
94
94
95
94
104
109
95
100
99
95
103
100
107
106
87
110
111
109
117
89
96
82
19
54
65
27
85
105
102
59
43
4
14
14
13
32
35
40
37
39
48
50
40
45
46
34
37
38
58
54
62
8
6
26
23
32
37
11
39
10
20
23
8
17
32
39
33
49
42
39
58
59
61
55
84
86
84
85
87
95
95
88
107
95
81
112
97
109
103
115
113
120
109
93
89
92
99
114
86
112
101
104
101
115
115
132
114
126
107
113
104
121
113
125
109
119
104
116
112
115
102
114
108
108
110
106
119
102
112
93
102
112
102
118
104
118
107
105
113
105
112
97
112
99
109
102
120
104
115
118
125
116
104
100
108
120
115
113
95
109
98
108
100
92
107
92
103
113
85
95
102
106
100
104
110
91
98
109
98
99
87
105
96
96
110
99
71
76
80
100
95
19
38
33
58
20
56
3
16
13
4
5
7
34
32
9
5
18
24
7
7
26
24
12
15
37
44
28
14
25
18
16
14
19
14
18
21
4
14
13
21
9
7
24
5
12
26
14
8
23
5
3
17
20
14
7
5
10
28
39
58
57
66
69
66
30
88
72
87
43
76
83
55
37
32
4
3
14
4
6
19
5
4
2
18
4
20
18
38
49
48
51
71
58
57
60
37
44
62
32
55
2
3
23
2
4
8
7
23
19
6
3
8
22
31
36
43
34
44
40
65
66
63
70
69
72
56
41
48
78
65
28
7
7
22
45
60
51
66
59
68
84
93
91
59
46
85
64
98
62
51
33
24
5
3
3
3
13
20
13
19
12
3
3
5
2
16
14
11
22
15
32
31
31
34
42
28
34
36
11
17
4
3
15
46
45
58
56
78
75
96
102
93
119
111
123
105
100
103
106
92
101
91
99
90
92
93
91
96
99
92
81
101
90
104
96
110
101
115
88
106
107
101
110
98
110
100
106
106
108
100
106
97
103
97
76
91
98
90
93
75
90
85
84
90
69
72
95
84
95
94
94
102
101
112
104
113
98
112
105
106
96
115
108
120
113
102
111
111
115
91
101
119
108
95
73
104
97
93
91
61
64
81
15
56
50
38
64
67
76
82
60
58
58
57
70
67
70
57
72
8220
8213
8224
8214
8208
8229
8228
105
8242
105
89
85
100
90
100
92
101
84
100
92
87
86
138
158
142
156
158
151
155
158
104
166
100
108
119
118
116
114
121
130
125
109
124
116
122
108
117
100
109
102
117
104
115
113
111
116
92
99
109
100
100
45
73
97
40
50
89
44
69
23
28
16
18
33
44
43
49
56
27
37
24
33
36
52
4
19
10
24
23
38
35
18
18
22
32
20
4
5
21
6
16
13
24
18
22
22
24
36
40
42
40
38
59
59
56
74
30
20
76
75
59
36
70
40
79
90
95
99
94
103
102
90
83
91
78
98
97
100
94
81
92
99
106
96
107
98
109
108
98
111
107
97
95
83
85
91
102
102
91
92
100
101
66
102
91
73
88
97
91
85
83
93
81
98
93
98
101
92
102
104
95
84
104
79
89
99
82
48
34
71
62
88
55
17
41
3
29
28
48
49
57
74
72
89
88
104
93
96
104
94
88
89
87
73
96
90
102
98
101
87
89
88
82
99
86
94
80
70
101
90
100
90
101
104
105
106
97
104
74
85
101
99
98
90
94
73
91
84
86
80
86
85
85
102
86
82
98
96
107
97
112
98
107
98
94
89
86
75
95
87
83
91
86
91
89
95
96
93
73
88
100
79
90
74
84
93
95
94
93
90
90
100
88
85
95
104
91
101
100
104
94
102
94
78
85
88
96
103
96
86
77
75
69
89
81
98
91
68
69
98
84
101
93
94
76
62
80
77
75
65
77
86
97
94
78
86
83
99
84
76
28
28
69
28
62
46
29
54
4
3
21
32
32
30
20
40
21
24
20
30
4
11
10
20
27
23
21
36
40
21
38
49
24
31
27
19
45
42
46
11
5
8
45
27
28
25
44
72
82
99
92
88
97
86
89
79
82
35
75
43
82
35
66
32
3
19
18
32
54
51
65
79
75
69
82
80
83
105
105
104
115
97
99
103
101
104
103
101
87
89
85
99
89
103
93
114
97
103
109
129
129
98
37
66
88
45
118
74
107
60
5
16
15
17
29
39
30
43
32
16
36
43
47
45
15
40
78
81
38
43
23
77
47
22
19
22
43
54
64
75
76
29
36
33
49
78
27
32
18
8
4
6
18
33
26
41
24
13
43
27
39
35
13
21
5
13
50
45
66
69
73
75
75
62
75
50
24
78
72
34
12
6
10
4
15
25
16
18
20
18
50
59
54
51
57
23
28
40
29
36
5
5
10
4
17
11
18
7
5
13
12
39
38
51
71
71
70
77
76
97
92
95
91
108
106
95
109
101
85
74
62
36
110
59
65
77
87
80
57
56
73
72
71
78
68
77
93
93
103
94
101
91
100
74
96
104
101
112
102
113
104
122
103
101
109
98
92
108
97
112
114
94
100
108
99
83
90
106
92
110
93
108
97
97
105
110
96
105
105
118
111
117
113
106
125
99
111
102
102
111
99
115
104
115
100
103
95
84
105
97
113
102
118
105
105
115
106
114
102
114
102
86
113
99
102
116
111
99
102
97
107
106
95
103
104
89
92
47
37
78
35
54
73
67
20
35
35
52
48
63
50
71
87
80
97
97
95
104
91
90
92
96
101
108
102
111
93
103
110
103
100
97
101
92
84
97
105
91
107
95
101
94
102
96
92
89
96
111
101
94
99
92
99
92
83
77
95
89
93
95
105
90
97
98
97
103
98
99
83
81
75
87
103
90
89
100
98
93
99
99
89
110
87
90
85
87
96
91
74
86
89
97
102
77
89
86
84
92
90
86
92
94
76
94
92
89
94
87
70
76
86
87
95
90
95
92
99
83
105
97
106
90
99
89
103
87
88
96
79
85
101
88
94
95
90
99
94
82
97
89
115
99
114
99
112
99
107
116
104
103
110
102
110
97
111
109
98
108
78
111
107
93
109
103
111
101
111
88
102
104
94
106
98
97
110
102
96
96
97
109
97
108
82
100
93
101
101
93
101
95
113
97
115
105
103
103
103
116
116
108
114
118
104
116
103
115
103
116
98
99
85
108
109
93
94
106
106
95
106
96
104
99
112
110
111
102
101
112
114
107
115
108
114
108
117
109
117
107
113
104
113
100
105
112
107
100
103
97
101
94
79
81
94
86
97
92
87
74
68
75
67
37
81
50
89
67
97
34
58
78
77
77
105
106
119
97
96
114
99
106
113
90
100
91
99
86
93
88
87
85
93
77
90
87
71
83
91
80
79
90
80
92
98
91
97
72
82
90
94
96
87
97
95
84
96
75
90
90
104
99
113
106
113
102
113
110
111
101
108
101
102
110
92
106
104
92
85
102
96
96
108
95
104
104
75
96
103
95
93
108
83
109
72
92
90
90
94
97
89
88
78
87
95
76
52
23
53
90
78
65
86
45
22
31
4
4
5
7
22
24
23
36
57
60
63
53
69
64
66
71
56
97
95
103
102
85
102
94
100
100
103
103
76
96
88
104
92
93
96
107
99
81
92
85
96
92
85
92
84
78
99
86
88
102
105
93
106
90
77
101
82
109
104
115
104
112
105
105
106
113
104
92
105
93
99
95
97
103
97
98
108
96
97
108
107
110
107
98
102
107
105
102
83
91
74
85
94
83
100
91
90
91
97
106
105
93
105
100
67
64
71
54
80
88
83
101
76
79
87
97
72
79
100
93
88
101
95
89
106
93
99
107
97
102
116
104
111
103
110
103
95
103
91
88
100
93
99
107
91
85
95
111
107
115
104
112
103
109
99
102
95
96
104
77
98
69
95
91
81
76
94
87
86
80
73
80
87
81
62
86
85
98
90
81
92
83
94
79
90
97
106
90
103
94
105
98
99
95
80
89
88
100
93
97
110
100
100
112
109
118
101
102
89
102
97
90
77
95
77
84
88
89
90
101
102
96
107
98
99
105
93
108
79
89
96
89
100
98
87
96
100
99
98
90
93
99
98
95
96
82
94
94
79
99
90
95
85
100
87
88
91
96
89
103
87
92
86
81
80
101
95
94
83
93
99
89
81
105
114
107
91
105
95
101
109
85
82
91
98
95
75
90
99
88
93
99
75
88
108
89
96
95
80
100
94
93
93
69
81
81
92
84
92
75
91
93
98
92
103
116
98
101
95
100
83
72
93
70
81
105
74
81
89
85
63
80
78
86
94
99
69
85
89
84
92
80
81
93
92
86
100
80
86
99
88
76
96
86
80
78
92
91
83
78
96
98
93
97
106
111
102
109
102
107
87
98
104
88
93
103
98
89
102
88
101
94
85
89
102
100
108
93
110
114
101
110
108
113
102
106
86
100
101
109
97
110
104
101
109
105
98
106
104
103
96
99
88
95
80
92
69
95
76
88
95
91
99
93
87
106
72
98
89
89
96
103
102
85
100
108
91
79
89
105
89
97
97
78
90
89
99
83
94
93
96
106
98
107
101
116
110
102
107
96
105
96
105
95
100
91
95
101
101
88
91
96
89
93
89
97
86
83
91
99
97
74
98
93
105
78
87
100
92
95
102
110
91
100
95
94
94
53
64
98
26
104
46
84
33
75
22
66
82
56
47
72
61
62
73
74
76
83
88
80
85
92
93
87
96
77
94
99
100
84
88
103
92
99
97
82
89
94
87
77
93
94
89
97
99
98
78
106
88
100
92
99
88
97
87
94
87
81
61
77
69
88
81
77
85
102
96
114
99
109
108
126
105
118
110
105
100
88
101
98
98
85
95
97
86
91
80
89
93
92
75
81
90
83
93
91
89
104
94
107
98
98
110
100
107
104
103
101
100
97
78
99
84
97
97
95
53
65
95
78
92
56
60
43
76
67
88
99
86
85
101
101
109
119
99
115
92
98
101
104
102
89
101
93
98
94
103
105
102
95
108
104
105
96
104
101
105
97
106
99
96
105
101
108
104
110
109
101
107
104
106
94
106
100
96
107
108
101
107
105
107
105
105
101
106
104
97
100
81
111
96
113
98
109
96
112
103
104
98
94
102
111
110
89
97
106
95
104
97
91
104
90
99
91
99
89
90
104
105
102
105
98
106
98
108
110
109
106
91
108
96
96
109
107
94
96
112
108
106
107
113
112
110
106
113
101
88
109
102
90
97
89
91
102
107
93
106
97
87
110
103
82
71
98
89
92
102
97
99
100
102
115
103
95
118
111
98
111
100
107
93
111
96
103
96
108
101
106
101
88
108
94
105
105
98
109
104
108
90
110
103
114
101
111
103
84
110
96
95
107
110
100
94
90
103
97
103
110
112
105
110
108
105
113
91
104
101
89
78
92
87
81
97
89
97
88
90
102
90
101
76
99
95
94
105
110
93
100
109
96
97
99
110
112
107
99
111
99
89
99
84
78
111
104
89
101
94
94
83
96
104
105
100
113
96
103
102
94
110
103
105
103
85
88
97
80
98
86
98
80
91
82
89
86
100
104
102
71
82
98
65
95
103
91
52
103
111
63
91
89
87
100
92
62
78
82
89
89
79
97
94
85
95
101
100
101
95
110
96
99
99
104
88
96
95
92
91
85
91
76
71
60
85
95
85
95
86
85
85
98
75
74
87
88
84
89
93
84
76
87
89
95
78
91
97
98
91
106
105
103
95
92
99
97
93
100
88
87
98
97
80
86
96
85
86
97
89
97
89
96
86
76
94
84
91
85
93
79
110
110
103
120
114
118
94
110
111
122
99
90
95
103
100
95
91
97
99
87
99
100
105
78
91
104
97
99
100
94
106
92
93
93
110
96
110
106
111
89
102
95
95
106
84
96
71
86
101
89
98
96
96
90
83
79
117
108
96
93
91
102
100
83
84
85
81
76
94
76
94
92
75
87
72
100
92
86
79
84
93
85
107
84
102
95
106
96
103
97
91
92
87
66
52
57
50
93
83
33
71
91
88
86
64
80
67
77
76
94
96
73
84
91
103
96
86
97
94
94
88
86
75
92
92
90
85
96
91
103
103
76
89
87
100
90
111
96
104
79
96
99
86
84
98
105
106
104
97
96
103
101
84
97
90
92
106
100
94
85
83
104
97
94
104
103
85
91
95
92
100
107
97
110
100
109
102
111
96
108
104
98
106
107
102
110
101
111
107
84
93
108
100
100
92
84
94
74
92
95
69
86
85
93
94
89
95
90
100
90
88
65
82
33
98
23
38
57
45
76
3
25
35
29
43
39
31
32
40
40
45
29
14
7
4
26
26
32
37
50
48
59
48
67
52
48
49
59
51
58
75
83
76
70
80
60
77
70
85
71
84
92
100
99
110
107
111
109
110
103
97
105
91
102
102
100
88
100
96
85
101
92
99
87
97
87
93
93
100
96
90
94
95
92
106
85
91
104
101
95
113
98
102
94
108
94
112
100
95
103
102
99
104
96
104
107
108
101
98
110
105
89
88
108
106
95
105
103
107
104
105
115
93
111
103
115
102
114
102
117
104
109
107
109
102
109
83
94
102
107
102
119
102
119
96
112
115
104
105
117
102
110
110
108
118
116
113
103
110
98
110
101
101
108
104
102
108
115
108
91
111
114
107
110
116
110
107
99
111
104
105
107
95
101
116
112
101
99
87
100
88
102
86
103
99
84
73
94
85
92
81
86
90
82
92
80
77
91
85
90
75
83
79
88
70
81
72
76
63
70
94
92
89
89
93
115
114
101
114
97
109
106
79
102
100
94
101
94
96
109
103
103
111
96
104
100
95
106
104
99
99
81
92
97
88
98
91
109
95
109
97
101
108
98
109
103
107
97
105
108
102
108
97
102
92
95
83
76
100
90
92
104
107
98
114
101
114
112
85
89
96
95
89
80
88
104
81
97
82
75
101
84
95
80
94
93
90
95
83
90
95
102
93
84
95
84
102
101
92
106
104
99
108
106
110
117
114
105
86
105
93
94
98
98
95
102
93
83
100
90
95
76
103
87
89
96
80
88
93
77
99
92
106
112
116
100
82
113
97
99
92
111
97
108
99
110
106
104
103
99
91
82
115
96
89
92
89
89
84
85
67
103
93
89
87
92
101
92
75
84
98
96
90
78
72
86
81
57
65
74
90
80
87
89
94
90
100
98
78
107
93
92
103
97
107
98
108
100
104
95
102
109
107
100
85
83
137
128
115
139
117
95
125
86
80
121
64
70
99
96
100
94
110
73
96
89
96
97
92
102
91
99
93
94
94
103
104
96
103
96
106
95
96
103
104
104
106
98
86
96
89
86
81
91
91
82
78
85
79
90
83
85
89
89
79
94
91
99
79
86
87
93
87
95
97
75
92
82
81
81
88
84
96
87
89
87
90
94
79
93
95
91
79
82
61
88
71
64
75
79
78
74
73
87
67
67
65
86
87
95
92
102
100
94
83
92
92
75
89
92
96
81
90
83
93
81
74
75
91
89
93
81
97
98
89
87
73
88
91
88
91
100
82
89
95
84
80
86
95
83
91
81
94
92
78
93
94
89
80
89
77
107
87
84
75
83
88
99
64
83
81
82
70
101
80
95
102
98
83
68
71
85
83
90
95
76
69
21360
21358
21381
21383
21404
21407
21394
21388
21420
134
143
115
129
110
132
116
120
112
119
118
111
98
108
102
102
95
85
84
75
77
88
90
70
65
72
75
76
79
55
69
60
67
67
80
79
70
81
79
63
67
70
84
66
75
72
67
64
84
85
82
90
91
106
102
103
115
135
124
135
133
141
143
137
130
131
91
125
108
97
103
96
104
100
93
95
83
95
89
80
76
86
103
90
99
100
113
102
109
84
114
106
102
113
99
116
97
114
104
102
101
161
184
168
174
177
167
168
147
156
163
172
149
152
142
150
139
149
141
135
91
151
92
90
100
71
84
102
91
97
93
92
100
106
99
88
86
88
99
89
83
101
101
86
93
106
105
109
93
106
103
93
72
91
107
100
101
108
116
103
113
104
93
93
103
99
100
88
91
91
93
77
92
95
88
90
97
88
101
90
103
94
98
90
94
80
70
78
94
94
89
93
89
99
108
111
101
98
99
83
90
78
103
87
93
98
100
100
90
99
85
97
75
97
70
81
86
78
86
92
83
57
95
57
72
94
24
97
53
22
100
20
56
81
72
94
79
48
56
60
57
60
84
81
93
100
95
91
93
101
102
91
68
82
73
58
95
97
93
94
101
94
101
99
102
77
76
93
96
86
95
76
80
87
79
81
77
94
93
83
96
81
100
94
79
99
81
95
86
99
71
90
74
90
81
71
79
95
91
88
100
92
85
86
98
77
87
88
97
88
101
96
104
91
103
92
97
101
95
106
108
95
109
105
99
107
103
113
103
106
94
103
93
99
102
97
83
89
83
95
89
94
96
91
94
107
98
60
108
48
55
106
72
40
86
8
6
25
40
47
60
54
58
64
73
70
87
86
98
100
93
81
89
102
85
93
92
80
98
89
105
93
100
94
84
107
101
109
98
117
100
113
105
123
113
114
106
113
97
109
106
102
94
92
83
84
93
96
83
80
95
88
103
99
106
100
110
102
110
86
109
106
102
98
102
97
102
86
96
98
88
99
99
94
87
114
103
97
106
108
97
109
100
105
85
104
107
102
106
97
101
84
91
46
73
75
53
112
117
108
103
58
67
71
80
80
79
78
104
102
106
104
105
100
109
106
113
105
117
112
105
114
111
115
107
121
104
91
114
104
110
111
117
100
109
79
76
55
38
54
77
99
90
