19
48
161
170
25
171
171
71
173
173
57
54
172
173
174
72
86
39
45
67
44
73
68
106
106
103
128
122
119
115
119
114
124
103
117
108
114
101
120
119
115
113
113
110
106
94
104
93
99
104
103
96
98
103
106
86
104
103
93
106
90
75
94
96
98
96
99
92
105
100
88
80
105
100
110
98
108
108
122
114
121
102
120
123
110
121
127
132
117
133
140
136
142
85
107
97
114
127
116
122
104
122
78
70
73
75
69
57
47
46
109
67
5
3
19
23
22
25
32
50
43
36
45
56
85
84
106
107
107
97
114
138
138
163
155
170
133
67
129
56
152
21
142
153
39
5
24
49
20
24
27
27
30
23
39
36
41
8
9
9
27
16
3
8
16
3
37
42
46
45
51
51
67
67
91
92
85
106
101
78
91
89
93
76
63
47
59
74
75
70
86
77
74
72
80
87
69
75
75
85
68
78
40
71
48
53
73
36
97
95
90
79
65
31
33
35
38
40
18
22
61
63
125
155
157
183
211
209
228
222
149
209
39
150
62
72
115
51
91
99
4
3
51
40
58
51
72
70
92
90
116
115
127
131
135
116
98
92
65
77
49
115
131
37
7
7
30
25
39
27
27
57
58
80
80
99
100
93
115
91
120
115
123
109
101
119
108
125
127
120
91
81
104
111
120
83
66
78
14
57
18
92
17
39
24
100
16
2
10
39
36
43
49
63
63
51
57
71
80
40
80
78
78
101
75
94
58
57
75
54
76
87
88
94
70
96
78
105
90
99
107
93
90
74
53
72
80
33
61
50
20
82
3
5
3
18
17
35
14
15
16
18
16
17
8
11
8
44
48
44
58
60
78
79
100
99
105
108
108
76
95
121
94
103
78
68
93
90
67
66
85
93
104
93
90
80
75
76
63
56
48
42
5
96
89
9
12
11
45
40
44
63
48
61
62
76
75
85
89
103
93
97
87
102
95
102
108
92
110
93
101
102
94
102
96
101
99
75
102
61
31
17
105
95
54
89
46
18
12
23
31
35
33
34
61
61
59
95
88
91
90
101
120
4631
4638
4624
4621
4643
4603
4633
4617
4594
4571
69
88
86
78
85
87
80
76
69
89
87
94
101
90
78
90
88
81
89
92
99
74
66
77
87
49
87
44
29
36
15
12
37
36
51
49
47
53
3003
3005
3040
3041
3063
3057
3065
64
3058
3065
3092
153
179
146
120
126
128
139
165
184
145
148
157
148
179
165
177
155
163
152
118
103
116
95
80
143
101
75
83
76
80
71
71
92
78
89
80
80
97
98
96
88
100
91
104
105
102
108
96
108
101
114
107
122
113
121
118
124
112
127
120
128
118
121
108
119
107
109
115
116
118
93
104
108
110
91
106
93
105
94
102
99
115
98
104
103
117
101
115
109
117
106
115
110
111
117
116
119
121
114
116
107
121
99
118
103
113
101
116
108
103
97
89
90
106
105
99
77
106
87
95
119
107
128
109
122
110
124
123
133
114
124
117
121
113
121
111
112
103
117
104
114
121
127
119
126
124
135
127
114
98
122
114
102
119
98
105
99
111
103
98
91
100
111
90
99
111
109
112
109
112
95
106
101
101
93
106
99
91
102
105
103
108
111
126
111
118
125
114
123
117
132
118
128
116
117
112
121
110
118
107
92
118
104
119
108
108
122
122
111
115
83
49
38
99
12
5
5
18
74
119
30
64
66
27
35
24
22
13
27
48
23
25
20
4
3
34
19
25
52
53
72
72
71
71
100
112
104
100
106
109
99
98
94
94
113
105
117
103
118
104
116
118
97
110
114
119
105
110
99
108
98
105
92
106
103
105
91
95
79
77
73
62
59
53
80
12
11
23
22
28
39
23
36
44
48
43
49
46
64
63
80
80
81
91
105
94
80
109
101
122
107
112
108
113
121
135
125
123
114
118
110
121
116
123
109
123
115
118
122
118
109
116
108
116
112
102
115
115
113
123
116
124
115
124
116
124
122
128
118
123
115
121
113
113
122
118
109
102
132
121
130
118
127
113
132
117
97
116
111
109
112
103
113
106
114
110
116
106
111
98
104
96
113
106
102
109
107
105
112
111
119
111
103
98
109
95
89
82
101
89
89
72
63
86
53
69
68
56
62
68
69
74
72
64
72
79
73
71
72
79
74
76
78
62
77
78
78
83
79
85
82
84
80
81
80
59
73
40
53
68
167
164
159
136
119
119
15
166
122
120
149
50
4
29
25
29
11
11
15
2
6
2
18
3
1
4
2
5
7
12
10
3
9
4
4
2
4
3
4
1
7
4
12
18
9
21
6
18
21
9
17
37
21
4
7
6
16
12
9
3
6
6
17
7
6
6
5
8
6
8
8
5
35
49
34
44
56
48
69
68
83
83
87
97
97
94
112
95
104
109
102
116
113
120
122
113
138
119
126
112
105
94
83
77
64
53
5
4
10
20
20
16
18
11
6
5
6
16
27
16
40
50
48
58
51
46
70
94
95
107
126
123
113
124
105
116
117
124
118
132
122
112
104
87
71
62
46
13
113
128
96
14
31
3
6
3
4
13
10
10
4
18
17
7
4
14
13
23
6
4
14
13
6
14
17
12
5
26
10
7
34
39
47
51
40
47
48
49
80
82
89
97
88
85
87
87
77
81
109
115
85
129
112
99
99
90
90
69
56
58
112
3
6
8
8
19
33
28
39
38
62
17
51
38
25
49
38
18
18
3
4
11
3
17
4
3
39
37
49
50
65
65
82
81
95
95
104
97
101
93
105
90
95
81
98
106
101
111
104
124
106
114
124
109
109
121
99
110
120
106
109
115
111
122
120
110
119
111
102
102
119
111
99
95
105
111
96
109
82
77
90
86
102
92
109
93
102
97
93
83
102
100
112
109
114
107
117
114
118
106
120
109
121
124
120
95
110
118
105
121
107
123
106
114
104
121
119
81
115
107
91
109
103
109
100
112
103
105
109
99
105
112
99
93
97
115
107
109
117
105
118
117
109
114
112
116
108
121
103
110
98
103
81
93
113
111
96
109
102
111
110
119
107
93
113
105
94
106
105
96
94
99
88
115
113
117
108
115
106
121
112
113
123
109
120
111
117
107
111
108
101
109
107
101
96
97
106
116
101
110
103
109
103
84
99
63
82
111
92
88
89
95
87
93
97
77
95
95
106
93
103
104
96
109
83
90
102
89
104
96
99
96
102
97
111
109
97
108
108
97
102
107
107
95
102
80
88
88
98
78
98
87
86
96
100
82
99
94
112
97
97
114
110
101
108
101
110
102
115
110
116
108
120
112
123
115
121
115
115
109
113
116
117
110
115
112
114
111
111
103
109
92
103
96
89
91
98
106
96
109
97
114
98
116
106
110
108
105
112
112
105
115
104
111
109
114
108
112
109
111
104
110
108
114
111
110
99
118
116
114
107
113
111
109
103
112
102
105
102
105
98
105
103
111
108
108
97
89
80
112
73
55
23
60
29
5
39
4
5
5
41
28
49
56
47
58
57
86
85
104
97
127
113
131
122
134
115
111
94
117
91
98
90
96
94
87
95
102
85
97
96
108
101
108
101
109
98
102
109
109
103
109
103
110
102
111
105
108
100
109
102
110
103
111
104
109
106
110
103
108
100
106
98
105
96
109
106
105
107
109
107
112
106
113
105
112
110
115
107
111
102
105
98
102
94
100
93
97
94
97
95
95
97
93
86
91
68
84
99
86
101
87
84
97
94
86
99
13665
13680
13676
13662
13661
54
37
13659
13687
13645
13645
13649
7
10
50
57
55
60
53
76
75
94
94
117
111
125
104
119
119
106
112
119
103
112
112
97
115
100
111
115
104
112
105
99
112
105
91
94
87
104
109
110
100
109
87
92
77
110
67
92
80
90
88
76
66
63
76
76
93
88
93
95
77
89
101
94
92
95
103
108
108
116
111
115
126
117
111
106
123
126
112
112
100
99
113
103
98
105
105
92
92
99
105
79
85
95
90
96
89
89
99
92
86
98
107
93
101
95
108
96
102
94
100
92
120
100
108
113
107
106
116
74
104
111
95
91
88
82
69
100
98
102
99
102
92
89
108
87
94
90
100
100
93
82
99
99
93
98
98
99
82
92
101
88
87
99
100
89
99
80
88
96
87
103
86
95
85
94
103
86
107
110
104
112
108
103
99
93
92
97
92
103
91
47
74
83
57
63
38
84
78
75
65
55
57
58
60
70
100
92
100
90
75
95
70
82
83
102
94
100
95
96
96
102
109
96
108
95
107
108
105
105
100
86
106
97
109
96
97
107
111
101
103
103
114
110
106
113
113
104
102
110
111
100
108
101
109
98
103
108
107
110
107
100
111
109
114
107
113
104
114
108
110
117
115
107
111
114
114
108
109
112
98
111
104
111
110
104
109
112
108
112
109
101
109
106
108
101
108
97
106
108
108
102
100
102
89
102
98
95
92
96
88
69
80
95
87
95
92
83
69
91
88
80
81
71
95
81
81
92
83
88
94
73
83
89
87
87
90
82
85
88
94
82
90
84
88
88
83
94
95
87
95
90
81
100
85
84
90
62
80
92
46
71
88
83
110
99
111
101
113
92
97
107
117
109
103
97
89
91
97
105
113
99
97
87
102
96
98
108
103
75
91
83
105
91
104
91
107
100
103
105
88
112
94
107
99
107
101
94
81
93
93
101
90
87
97
68
94
86
86
96
88
100
76
85
95
76
99
85
96
94
89
96
98
91
90
100
91
91
86
92
103
114
98
106
117
110
119
123
114
110
111
125
122
127
119
119
133
127
119
128
120
121
118
117
125
126
116
123
100
114
119
113
98
43
24
67
81
22
90
59
4
5
8
12
24
26
45
38
55
55
73
72
89
89
77
99
89
99
89
123
106
114
109
113
113
128
117
129
106
99
112
111
104
102
109
104
93
100
103
99
91
99
93
88
96
101
99
101
86
65
55
52
45
44
64
84
92
4
5
21
15
42
51
30
47
56
57
52
86
85
101
101
115
107
119
108
98
104
119
114
103
108
102
102
110
88
106
99
104
96
66
82
78
105
97
100
89
86
94
78
73
91
90
103
99
105
94
105
94
103
83
95
105
92
92
102
109
98
110
93
102
109
104
107
86
86
108
101
99
106
90
103
98
106
97
109
97
98
87
100
93
102
90
92
101
101
107
96
111
111
98
100
108
108
48
20
58
30
94
80
86
66
35
63
78
42
43
44
64
64
77
76
98
96
95
107
109
99
87
107
102
102
101
118
108
118
107
85
121
107
105
115
114
111
104
99
108
112
90
107
112
95
103
110
114
101
88
115
109
94
102
86
108
93
73
75
88
109
111
101
78
95
87
89
82
97
98
108
100
111
101
92
111
105
108
99
109
102
119
103
121
102
108
101
111
105
111
105
115
113
113
108
121
120
116
47
115
53
95
32
60
85
20
71
3
9
16
34
44
51
58
50
63
64
73
76
82
85
87
95
99
97
94
109
103
112
122
128
119
133
124
133
122
133
118
121
107
124
115
126
116
128
115
133
120
133
86
138
112
102
76
110
119
108
99
101
99
96
78
97
96
111
102
109
103
106
97
105
93
103
90
98
90
94
92
87
101
98
98
116
112
98
114
107
107
117
113
114
109
120
111
115
104
106
92
65
81
100
104
95
104
96
110
97
98
90
91
109
102
104
91
107
109
109
118
128
121
123
127
116
124
110
108
105
116
96
111
94
103
94
101
92
89
84
96
105
91
99
96
107
94
93
104
96
105
95
100
92
95
100
87
93
67
101
95
99
93
102
90
88
87
95
81
87
97
98
89
104
89
100
102
106
99
107
98
94
108
105
99
83
95
71
106
90
67
96
87
96
85
72
91
85
81
60
91
86
51
69
76
84
96
83
78
91
62
62
59
86
85
101
95
108
93
103
95
97
91
83
99
94
100
93
93
105
78
97
91
101
90
100
93
90
97
100
93
74
101
95
93
22
45
84
51
57
62
88
33
76
5
6
8
45
40
52
51
69
65
67
107
101
52
67
42
107
110
84
90
60
25
37
34
35
57
84
82
101
102
103
122
137
140
105
99
122
130
145
127
131
86
47
49
50
52
52
53
62
122
4
11
10
6
4
9
4
18
16
45
42
56
58
65
77
76
108
108
127
132
144
128
146
137
123
141
131
124
107
52
61
81
96
78
106
23
63
97
68
19
36
90
56
24
27
76
72
72
73
95
97
95
82
65
66
65
80
60
77
76
98
88
107
101
111
107
121
109
120
104
113
105
110
103
104
95
99
95
77
89
101
84
90
110
99
98
111
110
90
105
98
85
99
113
101
94
104
94
102
97
98
108
79
100
94
99
60
71
81
90
88
93
97
91
88
101
82
76
83
80
84
101
96
98
91
98
96
110
109
127
98
102
101
109
109
104
112
88
104
98
107
102
112
104
104
115
90
87
118
106
111
109
88
109
95
82
104
91
100
88
76
99
94
82
81
72
87
96
93
97
84
93
89
107
98
97
96
102
89
100
95
107
93
105
94
104
93
105
103
105
99
100
89
91
101
103
101
98
96
98
87
98
104
104
95
98
107
93
110
100
105
94
104
93
108
113
111
117
98
116
117
118
124
127
116
110
119
118
115
121
119
116
96
119
119
108
118
106
117
105
120
101
99
112
104
117
103
116
103
104
113
120
106
106
105
99
98
111
104
99
109
99
105
113
110
104
108
105
107
95
103
100
93
101
97
79
91
75
65
18
53
57
46
27
36
79
80
82
33
36
37
25
66
34
41
19
33
58
34
28
26
62
62
77
77
94
93
92
114
89
104
88
101
93
81
85
99
91
97
89
98
101
89
106
98
109
93
98
86
82
105
80
92
104
99
106
91
99
105
101
96
107
93
103
93
100
106
110
107
107
88
95
104
96
105
93
89
83
99
93
86
98
86
94
87
110
104
110
97
104
110
119
117
112
118
97
88
87
100
82
92
73
83
94
95
102
101
105
98
111
101
114
106
110
108
114
102
118
113
119
111
117
110
117
110
115
99
111
103
110
117
116
113
110
105
109
112
109
107
89
100
88
99
101
103
81
95
86
97
87
97
87
73
69
55
76
85
87
77
90
78
82
81
97
97
98
93
106
92
102
94
89
93
105
91
99
95
84
94
88
98
86
104
89
101
99
104
107
101
81
90
84
71
98
86
79
86
75
85
68
75
94
81
99
93
95
105
102
97
99
93
98
104
100
106
97
107
86
105
97
104
93
99
79
89
95
86
81
97
97
90
101
94
101
95
100
92
98
87
94
99
89
96
90
101
95
106
92
84
79
81
35
97
58
43
65
97
89
108
93
94
69
92
96
88
103
97
102
95
98
99
106
109
97
79
106
92
98
87
104
90
87
95
98
87
85
86
98
87
88
99
100
91
88
98
100
89
100
89
105
96
95
103
104
106
92
105
102
80
94
92
97
101
92
100
90
93
98
97
94
101
89
100
72
96
90
85
95
79
97
88
62
76
57
91
85
102
106
96
52
75
59
43
50
36
120
104
87
99
4
15
12
5
7
5
5
6
21
13
27
36
34
40
37
36
61
64
63
64
56
29
22
45
58
3
3
5
2
3
15
24
15
16
21
21
48
55
58
39
59
60
61
60
58
90
104
100
93
109
100
93
90
122
108
111
91
89
110
103
89
106
107
96
103
91
94
103
79
99
80
87
97
77
96
86
91
103
98
94
93
111
102
91
100
101
96
108
113
105
124
103
121
119
115
106
121
115
112
120
119
113
120
113
121
118
117
123
111
122
130
148
128
139
130
144
133
136
127
125
123
117
108
115
112
102
90
110
95
109
89
98
84
85
96
90
98
97
106
98
96
107
105
125
117
107
118
105
126
109
114
125
125
112
124
120
121
128
112
124
105
76
123
85
59
96
70
43
85
63
89
80
84
85
104
103
110
88
80
95
95
116
107
115
109
102
107
130
129
114
128
117
125
110
125
109
123
114
116
109
112
107
114
101
95
102
106
90
103
107
96
72
93
99
90
103
88
83
108
105
98
106
86
104
103
107
106
113
103
91
110
98
107
97
99
65
75
94
82
94
76
93
93
86
72
99
93
93
113
109
113
114
113
124
94
116
105
74
48
82
34
68
55
103
72
43
49
61
62
75
75
92
93
97
75
63
79
88
101
80
103
92
100
92
100
103
78
116
109
90
94
98
93
98
93
101
92
105
94
88
99
78
96
86
100
95
105
101
118
108
112
111
122
128
121
113
120
104
116
114
116
109
108
101
113
111
117
115
117
109
103
116
114
117
91
121
114
118
104
118
102
112
112
100
88
89
112
88
99
99
78
86
96
88
94
79
99
95
74
102
95
90
98
104
90
91
104
94
107
102
103
110
76
114
96
82
108
112
109
110
108
107
104
109
108
116
121
96
105
118
112
98
88
92
101
79
96
103
98
98
101
108
111
100
114
103
99
88
110
85
98
105
110
95
103
97
83
98
82
91
84
107
90
95
77
76
104
99
109
106
114
92
107
93
62
63
84
106
105
109
78
74
73
90
89
106
105
116
106
114
102
110
100
113
98
88
113
108
101
108
98
116
103
116
117
113
134
121
134
122
133
122
107
129
125
111
98
91
105
97
83
73
97
81
99
94
87
95
93
96
87
86
98
92
86
99
90
100
88
90
102
104
92
102
91
109
107
113
102
95
118
109
121
109
107
98
105
101
100
100
95
103
107
95
107
100
94
108
110
106
116
106
108
118
124
110
127
112
118
125
121
117
66
102
90
110
18
29
17
58
75
36
45
20
30
33
61
61
78
77
74
99
96
98
86
111
100
64
57
22
92
62
44
13
20
85
36
30
48
48
65
67
90
91
112
112
114
108
116
101
118
103
113
101
109
92
103
85
105
98
82
94
100
79
79
78
96
95
109
93
109
109
94
684
668
664
663
644
642
654
624
626
85
77
82
57
79
79
92
107
107
127
118
133
111
114
103
91
96
109
118
117
104
115
104
124
116
106
112
127
69
51
36
44
30
122
101
88
108
59
20
11
13
18
15
12
9
6
4
17
33
11
24
25
10
13
32
43
43
49
33
45
48
77
88
79
104
102
106
75
68
95
104
108
103
122
101
106
99
117
117
123
97
114
102
124
116
109
103
91
41
62
22
122
55
53
78
7
5
8
5
10
11
8
36
36
41
68
64
59
55
59
63
59
61
67
69
79
85
71
74
67
73
59
92
85
79
77
64
49
84
54
3
4
26
4
40
63
4
13
19
23
47
47
38
38
34
13
14
37
42
44
46
43
55
44
46
46
121
120
104
52
68
72
69
101
101
122
107
125
112
86
100
83
91
58
90
58
79
28
29
32
85
27
32
31
7
7
39
38
58
47
73
73
72
102
102
123
113
91
57
93
116
56
95
24
22
25
20
68
93
22
26
52
24
68
66
65
48
39
40
49
56
41
39
38
65
38
86
24
27
60
26
27
71
72
101
83
55
48
56
100
56
57
56
97
76
77
19
37
24
17
11
12
4
15
4
6
10
9
22
53
51
60
67
76
72
58
81
80
73
78
101
88
88
103
105
96
85
103
96
95
93
105
105
100
99
108
91
106
90
87
100
77
53
45
69
96
69
77
86
38
68
36
43
64
60
66
78
77
85
77
84
97
96
78
90
69
92
22298
22301
22317
22294
22301
22321
22324
22322
22337
57
161
69
85
94
48
32
113
75
33
47
62
61
73
78
76
80
77
35
74
80
50
212
185
207
82
65
88
87
105
103
113
119
102
121
122
136
117
114
125
124
113
93
129
106
98
90
103
93
103
92
103
89
105
117
114
99
93
130
124
125
131
124
114
113
81
90
91
102
94
96
98
88
93
87
92
86
96
91
94
82
71
96
96
99
94
102
85
96
76
69
87
95
90
99
89
106
93
106
70
97
97
91
88
94
95
89
97
91
89
90
102
96
103
91
102
98
100
88
99
89
96
86
81
99
92
94
76
88
87
93
84
96
94
85
100
88
98
91
101
90
90
98
99
87
81
90
95
75
95
87
93
76
85
60
95
89
86
105
97
87
113
98
99
112
107
113
105
119
109
129
77
96
111
86
127
117
103
116
106
111
101
84
97
79
83
81
89
110
104
108
96
111
103
116
107
105
107
121
106
113
101
120
108
119
111
120
110
125
118
128
119
112
127
118
126
129
113
117
127
119
112
121
108
122
119
118
103
113
108
117
107
113
106
102
113
103
114
116
102
113
97
87
116
103
113
103
111
111
103
109
106
106
100
114
103
112
114
102
115
93
99
108
110
97
55
94
73
49
112
70
84
106
101
89
72
94
79
71
84
89
90
100
112
102
107
112
101
109
108
117
110
100
80
108
88
119
117
121
131
116
126
119
138
122
119
112
119
115
121
107
121
100
114
126
109
128
110
121
108
81
111
90
109
96
110
95
106
100
102
111
114
107
120
111
120
95
117
37
66
106
45
85
53
23
78
9
11
9
33
37
28
44
43
44
63
63
71
79
72
69
55
97
92
102
89
99
92
91
77
85
77
85
91
84
73
94
77
84
100
96
109
102
110
102
120
104
105
98
115
96
113
122
106
113
107
110
119
120
105
100
106
113
105
117
107
125
127
111
118
129
115
109
115
121
108
91
107
119
90
80
103
117
98
109
81
90
107
104
107
106
118
114
116
121
123
128
95
114
117
89
118
104
104
113
102
97
90
112
104
107
115
101
114
94
119
108
108
108
119
122
123
111
105
126
103
117
100
108
86
76
105
99
104
118
102
88
81
80
97
87
96
96
102
85
103
99
104
104
101
110
112
101
101
96
110
98
105
95
106
97
103
91
91
102
103
83
91
112
99
113
100
105
116
115
108
119
110
117
105
113
116
91
103
113
103
119
122
103
97
113
110
114
111
125
105
118
105
123
107
117
107
118
110
118
110
119
107
118
115
111
118
116
109
114
105
112
100
108
96
109
100
115
113
117
111
115
114
98
118
116
118
101
113
98
107
88
76
97
70
70
100
80
92
98
92
97
87
101
100
120
108
100
119
111
121
108
108
125
104
119
101
88
94
107
106
93
107
103
106
84
106
106
115
113
118
115
116
104
99
116
116
104
118
1074
1085
1099
1067
1107
1091
1083
1078
74
53
62
1070
61
92
1095
33
98
101
25
29
67
27
87
94
95
57
96
70
69
82
83
97
97
88
71
63
49
76
44
66
21
85
14
69
5
4
6
47
13
16
4
5
2
3
14
16
11
14
12
4
7
6
10
20
15
3
4
3
2
18
16
8
3
33
41
47
38
56
56
72
72
91
90
103
98
104
92
106
97
104
109
104
97
101
106
91
103
90
94
102
101
89
92
100
91
98
77
96
83
92
86
99
81
55
51
43
55
88
72
34
60
