76
106
112
114
110
128
64
93
97
170
176
116
113
128
92
110
87
76
139
108
101
100
168
143
77
95
128
63
90
137
181
180
101
129
157
136
177
210
199
175
187
221
216
211
192
216
196
176
194
169
199
190
175
196
198
160
163
191
183
186
172
122
117
117
144
202
210
143
195
217
216
180
201
155
67
211
82
149
64
223
200
185
210
180
150
209
134
138
137
164
175
185
162
163
190
190
177
196
166
193
214
183
189
215
208
173
157
175
164
148
161
191
172
176
203
177
177
202
149
182
191
165
184
164
173
156
168
161
168
158
179
156
177
147
157
179
162
145
178
155
164
161
141
164
162
152
152
168
162
163
191
172
177
193
178
161
189
188
154
167
167
190
164
171
183
186
151
165
181
169
240
216
235
214
219
234
240
228
243
226
192
166
191
181
189
186
169
146
181
159
163
176
171
150
155
173
166
156
173
161
174
158
172
154
153
164
165
147
173
173
174
154
165
154
138
173
148
120
124
140
151
157
163
160
141
168
156
187
171
173
162
174
158
126
170
158
151
171
173
154
161
153
138
142
166
155
143
164
177
156
230
197
220
226
232
232
217
247
244
230
203
198
206
188
201
189
201
185
190
181
187
166
180
161
183
161
129
175
164
142
166
145
162
150
164
153
164
164
153
164
182
167
176
163
183
172
144
166
173
147
153
168
156
141
157
162
145
164
151
161
161
159
148
159
163
162
127
139
155
142
164
123
143
144
132
158
146
143
150
130
134
142
139
158
154
157
150
168
142
165
148
174
157
147
153
143
155
114
147
153
143
156
145
158
154
150
153
142
151
114
138
152
133
164
153
179
151
174
157
154
168
129
161
150
149
139
158
140
158
147
153
147
141
141
149
155
137
131
147
141
151
133
158
146
136
159
182
189
201
197
204
195
202
199
211
164
133
142
158
161
139
150
143
154
139
158
130
155
151
143
134
158
139
156
154
121
153
132
131
148
150
122
140
150
112
140
148
147
137
1753
1736
118
1740
1740
1740
1765
1777
1770
186
187
192
187
177
202
163
189
159
178
158
138
173
157
149
156
140
175
148
162
151
156
147
162
154
127
150
146
143
132
147
143
139
146
128
151
143
151
158
152
148
160
2972
2970
2957
2982
2974
2962
2960
2970
2940
137
121
129
81
105
73
100
89
104
97
106
89
94
81
95
95
108
99
111
104
104
110
106
87
103
102
94
103
96
100
94
97
111
109
109
109
98
103
92
103
91
92
101
80
110
95
105
96
110
84
97
81
103
99
98
110
98
107
96
94
94
109
107
93
118
99
87
94
90
95
82
89
108
97
89
105
97
111
108
101
115
106
101
91
104
86
102
110
98
112
95
98
103
118
102
106
103
110
104
112
100
110
99
111
99
109
115
103
113
106
51
110
62
80
106
70
96
103
101
48
55
84
118
80
80
76
79
102
95
81
102
95
95
121
113
125
111
127
106
86
96
115
31
74
63
40
48
5
21
32
38
44
44
19
12
56
14
47
36
31
35
54
50
4
2
6
17
28
41
44
42
61
64
62
70
80
79
93
90
98
78
27
90
17
65
64
40
93
50
6
4
25
15
29
39
38
40
10
20
18
6
6
24
24
41
51
58
66
55
70
78
77
92
93
108
100
97
106
100
114
101
115
105
120
102
111
100
92
106
82
101
89
84
71
91
87
82
86
88
82
84
88
90
74
91
87
87
93
99
87
70
96
91
92
103
99
94
100
106
99
103
102
114
112
100
109
95
87
106
95
102
91
100
91
105
96
100
102
104
93
106
93
89
101
103
106
91
102
90
77
90
100
102
110
100
105
106
102
104
97
108
98
105
95
103
94
101
88
80
100
90
95
94
101
101
98
104
90
105
100
102
108
102
111
102
113
113
106
100
112
115
108
116
107
118
112
118
110
121
111
120
113
123
115
123
114
119
112
115
114
114
107
110
117
96
100
86
115
104
84
46
62
26
72
23
24
91
28
9
10
23
26
21
20
11
19
38
18
20
42
44
43
44
38
39
26
12
16
19
7
25
23
12
22
47
44
57
37
38
41
72
53
55
54
26
46
55
58
57
62
58
71
36
64
73
81
75
90
88
94
106
93
100
103
80
116
103
122
108
110
117
111
126
59
96
86
93
71
97
112
101
114
90
95
97
114
91
111
99
99
66
83
21
88
68
59
34
48
114
4
3
29
19
24
29
34
10
36
42
39
10
9
5
20
11
22
32
43
45
60
59
65
76
45
63
62
77
83
85
80
31
53
3
12
13
7
34
31
19
28
14
18
9
7
24
37
49
58
48
60
37
45
75
71
73
90
88
82
66
91
48
35
21
53
84
80
3
15
23
18
35
37
50
44
38
28
36
14
27
15
46
24
6
8
27
36
44
44
56
73
39
32
57
19
27
20
27
51
8
16
17
19
16
13
34
32
41
39
57
46
52
44
14
43
54
4
5
21
46
36
47
50
34
44
64
60
69
47
32
66
56
14
17
15
19
21
55
81
85
81
63
75
80
69
98
97
109
123
107
120
118
119
107
103
108
113
107
91
110
105
110
87
69
32
68
103
95
70
39
83
4
17
14
7
5
4
3
32
26
42
34
40
22
33
25
32
37
64
71
86
84
100
60
68
88
76
86
103
96
103
95
83
105
98
107
99
111
99
109
104
108
102
111
107
107
102
99
106
104
90
92
103
107
100
102
91
94
102
87
100
97
99
86
89
90
99
87
88
79
99
94
102
91
107
95
111
98
101
112
82
89
103
99
92
98
93
84
105
92
99
109
108
101
91
104
78
85
72
94
108
73
101
91
95
98
100
98
95
123
114
97
112
96
106
92
71
101
79
98
85
97
95
94
98
92
103
94
111
107
102
100
108
98
103
108
96
106
97
101
90
102
94
102
94
92
104
100
93
85
96
93
100
93
79
97
91
88
96
91
104
67
96
86
88
83
89
85
94
85
92
81
84
83
86
90
85
86
103
93
108
102
114
108
108
90
92
32
102
29
53
45
20
66
3
38
36
31
55
65
64
82
83
84
90
57
41
25
37
60
66
92
3
3
9
8
7
28
21
25
40
49
59
56
66
58
79
78
85
82
82
93
73
110
94
75
69
102
88
88
86
87
87
86
98
98
75
94
94
108
97
108
96
103
112
111
103
94
99
105
111
95
92
102
97
102
103
107
95
105
99
115
97
110
104
101
108
107
113
92
104
112
109
109
101
107
97
94
103
81
81
102
100
97
96
80
100
92
90
97
90
90
95
106
104
94
95
88
95
79
103
92
88
98
95
94
100
92
93
86
101
85
85
92
78
95
83
79
85
86
98
89
89
80
81
89
83
95
95
82
88
84
88
87
94
97
80
66
79
95
92
81
96
83
103
94
91
85
93
105
88
94
80
82
61
67
80
84
84
92
85
82
98
86
96
106
107
91
80
88
93
86
87
93
96
87
87
91
99
92
95
94
87
91
74
68
64
86
59
75
83
93
64
77
86
84
99
89
97
100
78
77
75
76
90
83
94
80
99
93
96
92
98
99
71
101
57
78
85
89
95
96
102
88
98
78
96
100
99
85
93
101
90
98
81
88
77
88
87
93
82
90
90
78
89
95
78
97
92
79
88
94
91
90
80
77
76
80
94
74
89
77
85
89
95
89
74
76
85
89
90
8644
8640
8659
8640
8654
8645
8642
90
8657
105
125
118
128
114
133
118
126
126
124
123
150
127
120
137
123
132
131
127
142
116
113
101
114
99
83
111
97
92
102
105
106
85
90
99
94
94
98
104
96
112
110
119
100
111
89
104
105
98
107
101
105
111
113
107
115
109
106
122
153
144
138
147
144
141
146
139
145
140
105
104
102
107
104
110
107
96
104
107
106
104
98
93
81
83
70
64
49
68
77
77
72
88
94
71
74
69
101
94
181
172
193
181
206
205
221
200
89
201
189
103
110
105
90
74
84
92
68
63
89
91
91
100
84
101
98
107
99
99
100
91
83
106
98
92
76
96
90
96
87
99
97
94
100
97
107
100
94
85
96
93
97
91
95
85
84
91
89
89
100
88
87
98
104
101
98
86
102
100
88
90
90
84
100
88
105
88
92
98
101
78
88
97
89
106
91
107
95
107
100
113
112
121
100
102
95
98
91
83
97
95
84
94
79
86
107
95
96
92
92
106
102
96
105
98
101
100
94
100
107
98
104
111
115
104
111
104
114
97
109
101
104
97
105
93
95
84
103
82
100
90
81
99
94
88
94
98
77
85
86
92
96
79
80
88
96
99
93
109
95
112
95
110
93
104
95
101
89
101
88
99
92
97
91
97
87
98
88
97
84
95
84
78
93
87
85
90
82
82
95
94
78
96
89
103
91
96
89
99
95
103
103
97
102
97
101
95
98
98
101
92
89
98
98
81
86
93
74
88
94
81
75
86
81
88
67
68
79
58
84
90
96
90
107
95
88
83
100
100
110
101
109
105
101
107
107
104
108
99
109
98
111
108
113
111
113
100
110
103
106
94
106
98
104
106
106
98
108
104
111
100
114
108
108
116
140
133
133
139
121
147
126
142
129
121
119
117
109
110
117
114
121
117
114
108
115
112
117
110
120
109
123
110
123
110
128
123
109
116
107
107
119
105
112
103
120
100
112
77
87
56
104
68
107
48
37
84
88
71
89
88
80
81
81
104
104
127
116
129
117
132
119
113
111
125
117
123
108
124
110
113
122
120
112
122
114
112
120
118
104
117
108
117
103
107
115
116
104
115
106
114
106
115
103
117
107
109
115
113
107
114
105
105
112
100
112
110
114
104
110
105
105
112
106
116
119
111
106
118
119
104
116
106
116
106
116
105
114
105
104
117
122
108
117
104
116
115
102
109
108
109
94
97
105
97
99
104
97
96
108
114
103
108
118
124
108
100
91
118
109
105
91
104
95
93
96
92
98
94
110
108
107
102
112
108
108
79
95
100
107
122
118
116
97
122
119
133
116
115
114
105
115
99
39
43
84
25
75
66
106
104
5
5
25
20
21
32
39
15
6
29
4
15
15
27
45
47
57
73
69
81
29
70
63
67
36
49
32
27
53
8
20
12
17
9
11
15
29
37
31
18
43
14
28
12
7
5
31
30
47
42
46
57
49
65
56
59
55
89
78
96
98
106
100
111
84
81
102
61
92
85
108
102
107
97
113
106
64
98
106
119
58
72
86
92
36
104
112
114
102
66
65
66
67
92
92
109
101
109
94
86
100
114
111
106
100
98
84
95
77
89
89
83
70
89
100
107
95
115
114
110
121
131
118
125
121
127
110
114
121
120
110
115
103
73
115
81
94
115
111
101
104
112
122
108
103
95
112
111
130
115
112
95
102
123
88
107
101
102
93
104
99
114
114
116
109
123
105
117
109
113
107
113
83
36
99
75
105
51
93
29
55
67
3
5
20
35
42
60
65
50
62
43
33
56
28
68
53
31
5
3
3
8
6
29
42
47
56
52
72
74
70
83
78
93
88
105
93
101
102
101
110
107
109
95
87
65
51
37
18
23
110
70
75
4
5
6
12
6
9
39
47
37
45
51
74
72
70
87
87
85
92
96
104
109
118
118
126
116
119
105
98
122
110
110
122
103
118
121
106
121
107
122
94
119
114
106
99
108
97
110
105
105
122
106
101
107
113
92
99
100
106
92
111
97
98
106
106
106
95
76
71
58
96
112
66
125
97
96
78
75
69
66
57
76
93
99
105
105
101
105
111
104
101
106
105
116
108
124
109
123
113
124
122
116
125
116
113
107
115
106
97
98
96
108
94
82
90
105
101
109
86
117
106
116
109
122
123
121
123
115
143
121
128
122
125
123
57
83
77
91
48
31
25
104
3
12
8
7
12
15
9
9
7
33
18
31
43
19
42
23
39
9
44
6
15
20
16
22
40
30
16
29
44
18
23
25
52
51
51
31
34
42
25
50
44
47
4
24
20
15
43
38
58
25
49
38
22
42
25
17
45
20
15
26
27
45
49
28
32
38
40
27
54
42
27
3
5
6
19
15
3
5
4
8
3
27
13
21
23
42
48
77
76
69
81
54
74
82
81
102
88
92
72
94
115
107
119
111
101
88
91
77
95
108
102
103
102
118
99
118
111
112
110
99
92
113
100
105
91
107
101
83
104
99
89
90
111
96
100
106
111
110
98
121
112
110
92
76
26
102
58
86
53
68
37
6
6
16
12
6
3
4
49
47
62
60
78
77
94
92
112
113
115
79
76
94
98
80
94
99
91
98
95
104
54
75
49
28
66
55
36
69
7
13
16
11
7
9
6
4
3
19
29
23
21
18
24
26
18
7
21
16
19
7
8
10
10
6
10
11
34
44
46
52
43
46
47
11
62
42
46
12
38
67
55
24
28
48
47
65
61
63
93
94
114
115
119
116
110
99
59
83
119
110
72
111
101
123
112
116
93
96
109
114
113
124
115
116
118
115
106
101
23
53
32
69
89
68
111
77
45
5
10
11
34
37
57
41
49
49
68
71
25
60
40
49
38
47
64
5
23
13
10
20
5
34
34
45
46
49
62
59
61
90
90
104
104
100
126
122
122
107
110
128
102
87
104
78
20
131
118
66
40
61
23
4
3
23
10
7
16
36
51
13
24
37
47
42
34
58
72
70
66
77
69
79
86
89
88
86
99
105
90
88
97
68
117
115
114
106
125
134
119
118
117
121
96
104
112
105
60
92
102
71
77
92
78
89
87
84
84
95
101
90
88
113
99
120
118
129
105
115
105
101
106
110
102
91
77
24
15
56
98
47
39
64
29
90
104
9
9
12
43
63
61
71
64
74
77
77
74
73
75
90
105
93
111
100
115
106
96
95
99
99
115
100
114
103
106
117
119
109
123
120
122
115
123
115
128
119
116
125
124
116
119
106
117
98
115
111
117
115
114
102
99
94
113
109
95
107
96
95
101
106
93
96
96
84
95
105
102
59
23
96
45
23
88
49
71
76
8
9
25
23
33
29
28
55
61
67
75
75
66
68
74
75
69
78
78
94
92
98
97
106
100
113
106
120
94
39
57
35
120
51
86
71
97
97
105
102
84
76
89
94
94
116
106
96
96
99
97
89
104
115
104
92
113
112
123
128
108
121
103
125
118
137
122
105
133
126
115
121
89
116
81
106
97
93
89
82
75
87
86
92
92
110
103
117
103
118
116
100
118
110
92
111
88
102
101
108
98
114
118
117
133
84
110
93
103
102
106
71
89
84
102
73
50
39
69
20
72
93
23
54
5
3
25
10
30
32
42
39
46
37
68
71
72
69
58
81
83
78
82
62
72
24
15
52
86
49
21
45
26
40
38
58
57
74
73
92
92
105
131
116
130
119
125
111
124
119
125
117
103
95
80
92
95
90
103
91
100
93
93
99
97
97
103
81
88
107
92
92
96
101
91
103
71
92
95
90
101
89
93
97
99
101
92
89
91
80
99
90
99
91
94
90
106
79
94
97
92
98
111
101
95
101
95
101
109
98
109
102
101
82
94
100
98
103
115
100
103
110
108
102
88
103
92
89
98
96
89
100
101
92
91
108
80
96
105
94
101
93
102
89
99
98
99
98
101
85
101
95
109
92
98
100
94
108
94
100
98
103
107
100
109
96
108
106
93
102
90
101
90
97
89
96
99
89
92
90
91
100
98
100
95
96
82
85
89
99
99
101
86
102
93
92
93
82
111
86
88
102
97
88
106
96
95
89
93
98
91
107
93
104
93
104
104
89
96
110
99
103
97
103
97
96
103
103
101
105
105
105
99
105
102
96
95
105
99
93
100
100
100
107
110
97
87
106
98
99
93
84
96
88
87
99
79
100
80
100
94
105
97
75
99
69
93
84
99
93
87
82
90
68
98
100
99
76
93
100
85
112
103
110
102
106
116
109
93
105
101
111
81
90
98
108
96
107
99
94
101
109
97
99
105
102
108
111
100
113
92
112
77
96
88
64
42
56
55
22
21
81
94
63
75
4
15
16
27
29
36
47
51
67
66
60
69
5
33
13
24
66
59
52
44
51
56
71
34
66
33
34
32
31
34
31
68
68
90
90
103
100
105
84
83
94
98
92
97
88
82
96
94
101
113
103
111
102
112
101
91
111
106
95
99
85
77
86
100
93
91
101
100
93
105
103
90
108
105
92
99
92
102
92
98
100
93
101
97
100
100
113
104
113
103
121
119
116
106
93
108
113
112
124
104
110
113
109
113
114
118
105
102
114
112
103
88
90
102
96
107
92
102
100
109
103
117
109
95
104
101
120
102
96
115
97
81
111
108
100
106
98
112
86
97
89
104
93
103
100
88
96
92
101
93
91
100
83
106
99
113
93
108
93
93
89
73
85
80
90
78
70
90
66
84
92
66
85
56
65
30
98
31
46
29
70
78
13
25
42
43
59
58
66
78
77
93
83
86
103
89
104
96
94
92
90
85
78
81
92
76
93
91
89
97
100
97
102
95
104
90
103
91
95
85
106
79
99
93
97
85
98
92
97
88
98
102
50
55
37
32
15
68
74
86
4
3
5
21
23
16
31
46
46
54
73
56
71
69
65
82
85
72
78
87
94
102
90
84
100
92
94
91
85
102
92
97
83
94
86
89
84
76
89
84
88
56
66
78
92
86
93
92
85
87
73
95
84
91
76
83
83
96
94
113
95
104
95
102
95
101
94
109
94
109
91
97
103
90
109
102
105
98
108
95
108
100
94
115
115
98
118
105
121
109
122
121
123
122
119
116
99
106
98
88
84
98
87
75
57
95
57
75
76
21
60
86
35
10
24
25
26
44
60
52
51
79
69
60
66
64
85
84
98
103
96
92
103
80
78
102
93
92
86
17
43
30
56
75
94
38
63
106
19
62
33
40
40
63
61
63
73
63
90
73
90
105
90
102
110
103
113
104
113
104
98
113
98
55
30
67
48
104
88
36
20
75
4
13
12
19
34
29
43
47
47
56
58
62
68
60
68
72
108
95
105
106
124
115
128
112
119
117
120
126
109
115
105
98
96
102
102
88
93
101
99
92
80
85
97
96
85
98
93
105
98
90
101
98
103
91
95
87
98
84
94
95
97
105
97
98
95
97
88
89
88
86
91
69
91
90
103
86
83
84
63
92
101
92
87
89
93
92
89
78
98
77
89
100
95
91
98
90
97
93
88
97
91
77
90
100
95
88
75
95
96
88
100
87
87
87
82
84
85
93
74
70
70
83
65
97
105
116
102
116
107
100
118
98
91
97
101
99
93
93
103
110
103
77
91
68
85
95
90
96
99
92
102
100
110
108
101
94
107
104
105
99
105
99
107
96
107
95
107
96
102
112
108
112
98
106
86
108
94
88
97
101
78
95
84
91
106
110
94
101
110
110
97
100
103
95
105
94
93
106
96
110
111
105
102
109
111
99
110
102
110
102
108
102
88
115
97
112
96
109
97
107
97
100
107
102
104
103
97
104
102
95
106
105
95
107
102
97
107
102
96
91
101
104
92
95
101
104
95
94
106
107
99
92
101
93
92
98
99
93
103
92
107
99
108
97
100
108
106
100
105
103
106
94
98
108
111
92
100
106
100
91
103
83
99
94
91
98
90
86
100
103
101
97
103
108
96
111
97
100
98
85
109
94
105
94
102
94
103
96
106
96
112
109
106
103
106
98
91
102
89
82
71
101
99
89
102
91
92
100
98
73
81
91
98
20076
20086
20094
20085
20052
20057
52
47
20087
20070
31
20060
16
17
39
46
54
66
65
67
63
55
86
79
145
139
155
156
167
130
148
122
32
16
26
114
56
45
14
15
38
50
61
56
69
52
27
49
40
24
66
60
74
45
63
5
9
6
11
18
29
20
24
16
29
31
16
35
30
11
16
14
21
15
28
15
21
18
13
13
17
9
10
4
2
2
4
8
9
17
11
24
3
21
8
4
21
6
10
9
32
42
46
56
62
66
71
74
58
94
85
97
94
110
120
107
116
111
125
53
33
69
40
12
72
94
29
101
70
6
7
37
36
46
41
42
47
26
20
28
43
49
38
41
3
3
19
10
24
16
24
5
21
4
2
26
31
45
46
54
50
72
66
81
79
100
98
114
118
115
105
102
114
117
118
116
113
123
115
117
109
114
106
104
113
114
101
114
107
113
100
112
110
113
104
104
110
109
97
110
99
114
103
115
109
116
113
110
117
116
105
113
105
111
105
113
106
114
109
113
101
113
106
99
109
108
101
109
97
108
97
110
102
111
103
113
107
112
99
112
104
113
105
102
110
108
97
101
108
108
101
108
106
107
105
99
108
106
86
99
61
70
88
80
101
89
98
94
92
90
101
90
102
96
96
93
106
96
97
103
94
97
88
89
101
100
101
115
103
96
102
87
107
95
99
91
92
97
87
87
101
89
100
100
97
104
104
86
105
69
98
76
104
92
98
91
98
85
88
87
86
100
94
111
98
106
102
106
110
103
102
109
78
115
60
99
93
67
89
102
94
103
68
97
84
85
98
98
109
100
109
97
58
67
89
27
33
74
53
50
14
34
46
43
51
26
43
39
38
44
40
53
40
3
31
28
40
50
41
18
47
42
45
25
25
34
5
16
16
27
25
53
71
74
73
77
86
96
102
111
118
123
137
115
124
118
110
101
110
112
106
122
102
111
108
107
108
113
103
106
108
108
101
109
103
112
110
121
114
127
119
116
96
104
126
103
112
114
116
114
112
97
123
110
105
118
110
118
106
98
119
108
116
108
115
109
100
96
111
115
122
115
121
70
95
120
107
78
119
108
122
115
120
87
109
100
103
41
89
99
65
94
63
44
4
19
27
33
29
55
59
60
51
81
75
80
85
98
109
63
96
107
73
78
110
106
110
108
119
125
85
121
106
110
116
103
115
104
86
107
96
95
110
97
95
83
105
98
96
92
97
91
102
99
101
94
93
108
97
107
101
108
101
108
101
84
96
104
99
92
93
98
94
87
93
100
86
89
99
111
96
110
104
120
107
106
107
106
125
109
122
109
121
104
103
114
111
90
109
110
105
105
97
123
118
120
114
124
109
124
126
116
123
111
119
106
119
116
118
116
117
104
111
108
90
112
97
96
105
104
98
110
99
96
102
108
115
100
94
117
114
120
125
100
112
114
93
94
103
115
101
112
115
112
123
107
113
103
120
120
119
76
112
81
97
118
110
108
71
70
21
44
43
34
43
99
92
13
14
10
40
31
21
18
49
15
11
29
57
56
64
43
53
47
40
19
31
45
42
57
5
14
14
20
33
18
30
25
34
48
47
42
43
43
22
44
61
54
4
4
5
7
6
13
4
4
3
27
17
29
29
28
63
63
67
72
67
68
89
78
109
105
115
111
71
52
80
38
112
97
84
