61
79
80
448
468
427
407
453
68
469
94
80
28
468
426
82
39
131
46
126
130
51
106
123
132
100
101
103
102
89
84
55
58
60
53
53
48
36
4
3
22
29
31
43
31
40
43
51
54
27
45
44
4
10
15
23
26
37
51
42
48
67
61
80
80
91
91
111
104
108
104
118
103
117
109
118
110
125
112
128
119
120
126
116
124
130
123
159
150
159
146
164
154
173
169
164
156
128
120
127
119
125
114
120
107
108
121
123
115
123
110
124
113
127
118
121
133
110
137
124
134
111
125
122
97
65
65
79
107
89
429
429
433
432
439
419
437
438
118
451
128
135
131
108
58
47
71
80
123
91
87
90
67
71
74
58
61
84
84
99
83
96
98
78
91
96
76
88
93
88
89
89
104
96
106
95
92
99
105
92
106
93
102
89
90
63
78
72
79
89
88
76
91
91
97
94
85
83
92
81
94
89
83
86
87
78
91
80
87
96
85
91
72
100
90
97
92
93
98
108
95
104
102
101
108
107
88
104
83
101
95
75
68
96
86
94
75
77
89
92
82
90
81
97
89
81
96
83
88
97
80
100
88
92
87
91
79
85
81
81
81
73
74
83
87
82
91
87
90
87
93
95
99
73
98
89
77
84
76
67
76
86
79
72
73
72
78
76
85
85
71
87
86
82
92
94
91
88
72
82
77
83
79
82
81
81
64
88
77
87
80
93
74
80
86
85
88
90
90
84
90
86
86
92
95
97
91
82
73
84
79
77
68
81
80
85
73
79
79
92
84
81
82
96
78
90
72
79
81
78
89
80
86
86
89
78
87
78
86
85
77
85
76
90
83
88
82
95
88
71
82
90
94
96
79
85
98
89
95
83
88
80
96
83
81
81
94
91
96
93
105
91
4814
4822
4832
4824
4824
4817
4847
4861
105
142
124
125
117
110
4848
135
108
105
107
107
110
98
95
107
88
106
86
90
76
95
95
99
94
105
99
100
115
110
104
116
104
116
101
110
98
100
109
106
99
107
95
107
104
2753
2751
2825
2834
2833
2824
2921
2926
2952
2946
224
322
307
198
203
221
621
607
594
606
561
516
533
59
516
74
533
86
566
13
10
6
28
18
22
22
17
5
30
909
898
896
891
885
893
902
900
924
947
64
49
47
75
77
101
108
87
74
109
101
109
65
73
107
92
74
74
74
77
94
94
92
292
288
308
291
280
310
293
296
291
140
122
113
130
121
102
101
101
109
101
109
97
115
98
106
117
106
110
124
126
125
111
96
108
132
125
143
136
139
96
127
80
106
126
80
970
948
972
962
955
914
928
928
945
942
50
100
55
77
41
26
121
92
70
26
41
28
48
48
64
62
81
79
100
100
114
105
109
100
142
135
138
143
129
122
142
144
138
99
106
119
111
108
81
75
112
114
97
112
110
115
90
105
47
42
34
64
55
93
30
56
54
4
4
11
4
22
4
20
7
23
25
27
26
43
43
64
64
67
89
89
88
97
107
103
90
73
89
95
98
106
105
109
100
121
103
119
93
104
86
99
110
109
92
93
86
88
76
102
91
76
104
109
94
108
101
130
129
119
77
50
35
138
18
69
60
88
18
108
88
35
56
54
72
73
88
85
44
67
55
80
27
89
86
37
2
3
6
3
5
5
33
51
51
49
62
49
52
50
46
38
51
53
51
50
5
3
7
5
27
10
18
13
28
11
12
27
46
45
57
56
65
64
79
80
94
94
101
88
103
88
107
90
81
56
51
71
94
87
88
83
77
38
95
66
65
86
86
100
87
104
106
88
101
95
109
92
102
90
91
93
90
102
104
91
99
98
79
85
94
96
94
96
95
97
85
102
100
78
92
106
91
111
94
97
111
112
109
115
100
109
100
105
98
104
94
106
95
106
98
112
110
111
109
92
113
105
115
99
91
109
75
93
78
91
89
98
87
96
82
96
72
90
91
108
94
93
100
106
100
108
96
102
94
97
85
95
95
89
87
99
95
99
94
100
93
84
99
93
100
98
93
103
98
106
103
96
105
98
105
94
93
83
101
72
95
89
98
93
100
94
105
96
104
99
110
99
109
111
112
103
110
106
114
111
115
106
107
98
84
99
112
114
98
113
95
104
113
104
97
100
109
104
111
99
112
110
101
111
109
101
108
108
100
109
104
111
102
109
106
100
111
113
107
115
135
127
137
114
121
119
129
120
84
126
93
93
105
86
104
97
115
98
113
100
107
102
88
92
103
83
97
91
98
85
98
93
95
109
106
85
105
101
89
87
94
94
75
85
91
85
85
95
88
86
83
81
92
91
80
71
86
63
93
93
88
83
100
100
110
105
108
103
98
105
84
100
93
98
90
101
100
111
95
104
96
95
95
101
106
102
103
106
108
97
88
98
104
103
94
102
91
101
92
97
91
97
106
108
96
109
101
89
86
97
105
104
95
97
105
90
93
102
102
96
108
98
102
95
109
84
86
96
77
103
77
107
101
111
108
129
120
128
129
89
132
108
98
112
107
93
108
95
94
102
107
99
105
103
99
96
91
91
99
106
87
95
90
97
95
104
100
106
96
104
98
102
96
102
90
98
80
87
90
102
88
94
98
92
85
96
86
102
109
100
112
109
91
110
95
93
92
101
108
104
105
93
107
119
122
104
117
104
116
105
114
85
104
108
111
108
89
111
106
96
102
107
108
98
107
102
107
104
109
101
105
97
105
118
88
76
101
71
105
101
106
107
102
94
103
94
91
92
106
119
110
114
106
115
106
115
106
114
117
103
100
107
103
89
60
50
81
69
38
25
96
32
4
2
9
11
17
14
8
31
45
44
61
61
75
74
89
99
96
106
99
94
109
107
96
96
109
99
66
83
75
101
108
93
96
108
93
104
81
95
82
92
93
98
102
85
94
73
93
97
84
92
89
93
95
89
100
97
90
84
88
84
94
83
79
85
91
79
93
84
91
83
91
85
97
95
100
87
97
88
101
91
101
96
99
93
79
96
89
100
89
94
97
91
96
84
84
80
80
89
79
121
111
112
118
125
117
129
120
130
119
101
89
99
91
97
92
96
87
95
83
94
84
93
83
76
89
95
97
78
67
33
96
52
62
44
84
26
23
6
4
6
40
33
41
34
51
51
52
70
72
81
85
78
95
82
84
86
85
85
80
72
98
81
83
75
86
77
86
80
72
83
74
90
79
85
87
101
78
82
82
94
91
86
96
87
10423
10437
10436
10441
10492
10503
10472
10507
29
10480
127
103
120
10492
4
17
18
43
41
60
58
66
70
86
84
108
107
121
108
118
117
111
122
119
102
112
102
108
115
117
108
116
106
110
117
107
117
102
85
77
107
59
16
78
21
63
39
13
14
41
22
82
39
25
40
39
55
55
71
70
85
87
111
106
105
94
100
108
97
84
91
83
63
77
109
75
94
86
148
142
151
108
96
140
20
147
31
153
126
102
127
116
92
127
111
52
70
69
81
76
63
14
42
31
49
70
26
81
3
3
3
2
11
21
20
22
48
62
61
63
83
63
82
75
80
82
89
79
109
93
104
89
98
101
108
106
103
98
112
101
115
106
113
109
107
113
110
102
108
100
106
95
100
106
108
97
111
105
111
105
107
112
99
109
105
108
96
111
97
106
98
100
109
84
71
88
108
89
107
90
101
89
78
84
89
94
94
87
99
101
94
101
80
97
89
88
80
83
99
89
85
80
71
101
84
95
77
88
94
103
97
89
89
100
92
101
100
89
99
78
90
97
91
95
83
100
92
71
97
89
101
96
97
110
101
95
94
105
101
81
93
69
62
53
80
90
90
83
88
79
84
80
92
98
98
109
100
110
98
101
91
94
88
96
96
95
78
106
89
102
95
99
79
86
86
80
76
90
87
75
92
100
94
97
91
88
99
96
90
80
92
88
86
92
98
87
86
96
92
74
79
88
86
89
98
105
90
108
93
113
103
101
108
111
101
106
114
109
111
108
106
98
108
107
102
104
107
106
94
82
102
96
100
92
106
94
107
93
107
95
112
96
108
100
97
107
107
110
110
104
107
101
105
103
105
92
100
96
90
96
99
97
97
90
92
96
90
96
86
99
97
87
98
87
102
95
102
85
94
105
96
97
104
110
93
101
96
105
99
108
93
110
103
101
114
114
107
112
105
111
103
109
100
85
108
98
95
95
110
91
101
100
92
101
85
104
98
104
115
115
112
110
122
125
118
109
121
108
127
106
137
124
144
123
146
132
144
130
137
130
101
116
109
111
101
107
109
97
117
116
116
105
115
114
119
108
105
112
111
110
118
112
118
110
112
107
117
108
115
100
106
91
107
95
106
97
85
78
94
101
81
59
60
48
39
60
94
24
73
5
6
14
5
23
25
19
17
50
47
55
51
52
68
67
84
85
100
95
103
102
111
103
114
102
111
102
106
113
98
114
106
112
104
102
108
113
103
110
100
96
105
106
105
107
97
105
93
94
103
90
101
99
92
99
87
100
94
95
100
93
84
63
46
96
56
43
70
106
27
81
9
7
19
4
20
8
9
9
6
11
36
36
44
56
48
68
57
67
68
86
86
104
104
119
111
114
111
116
106
115
117
118
108
115
100
107
115
116
98
110
85
107
112
105
120
109
118
104
119
116
112
119
113
124
95
59
80
75
108
115
107
101
92
94
101
103
119
105
110
114
112
121
121
115
121
118
100
106
88
79
90
98
105
96
87
104
94
96
101
87
107
86
73
118
103
115
110
109
73
81
101
101
120
100
99
98
99
104
96
112
110
128
122
143
116
105
109
111
110
84
97
99
99
97
86
109
116
104
112
105
122
113
127
95
116
103
107
89
81
101
109
107
104
111
102
106
80
109
100
99
114
107
118
118
110
107
113
113
111
96
87
94
100
102
93
109
102
104
114
109
111
106
117
107
122
107
109
104
113
104
99
112
110
116
102
104
109
96
109
103
113
111
100
113
104
113
117
107
123
109
113
120
118
116
115
106
114
105
109
101
113
101
103
112
114
101
130
122
133
116
128
126
128
118
127
104
95
107
107
105
102
87
105
98
111
97
92
108
107
99
87
106
96
108
106
113
100
106
109
120
102
131
141
141
134
155
151
159
153
117
122
131
138
128
116
138
111
122
126
119
109
132
121
141
123
112
118
97
124
183
186
152
146
135
129
118
45
46
48
7
19
19
7
10
16
223
19
19
47
52
55
60
71
82
82
89
89
90
91
87
106
54
45
45
45
40
98
85
70
42
8
10
18
28
44
32
53
48
64
63
84
84
103
103
116
107
115
102
119
103
108
117
120
112
101
117
94
109
93
102
96
110
98
108
103
108
108
126
126
126
120
119
122
108
114
98
106
101
98
109
106
100
108
96
101
109
96
107
93
101
90
93
92
96
107
68
86
75
58
52
89
89
94
71
85
85
81
77
51
79
83
96
92
102
95
106
65
82
83
100
99
110
104
108
101
76
86
104
95
66
92
101
95
90
96
86
89
83
95
101
96
113
105
107
116
107
108
119
119
116
100
109
99
100
109
101
110
105
90
109
107
71
95
41
95
48
33
79
56
71
112
23
2
3
17
2
29
41
48
52
58
66
67
67
66
98
94
92
103
100
92
100
86
85
109
112
111
128
119
130
134
134
104
123
136
130
112
100
101
133
108
120
113
104
97
104
118
106
99
111
99
110
105
123
71
63
86
32
70
88
122
41
55
5
11
18
52
41
57
71
86
81
122
134
130
131
150
169
91
80
143
127
162
108
117
107
128
106
120
116
113
113
137
119
138
110
122
115
122
120
123
103
111
47
31
80
53
66
20
96
36
89
3
7
8
5
19
22
26
41
54
57
39
61
66
80
80
93
95
100
106
103
103
91
75
101
100
97
104
94
103
96
111
97
91
90
94
90
103
82
90
98
86
98
91
103
93
72
74
101
82
91
59
102
89
97
98
105
101
80
79
94
93
102
87
101
97
97
120
100
116
106
111
111
104
112
100
98
113
91
80
99
83
106
88
99
84
76
107
96
98
79
80
94
92
110
89
88
106
98
118
103
104
122
113
103
110
107
107
100
108
102
103
96
110
108
110
97
115
113
109
91
96
101
94
103
95
98
103
90
109
96
84
90
100
95
84
104
92
89
99
107
105
112
102
116
113
117
103
118
105
119
106
117
110
125
116
113
122
107
121
118
109
113
108
105
112
107
100
112
111
96
93
108
110
103
111
109
100
112
115
105
110
103
114
77
90
118
105
97
102
105
113
121
106
104
103
103
117
109
116
104
116
103
108
118
127
125
123
115
117
110
105
95
113
101
104
105
98
113
105
121
107
123
112
119
110
107
116
103
115
116
106
109
86
101
119
105
112
101
102
112
118
110
107
119
112
101
105
112
111
98
111
104
110
105
102
109
106
110
107
109
107
99
102
83
91
83
93
81
74
90
83
72
90
91
94
84
88
82
91
118
101
104
114
115
123
117
107
127
110
90
101
105
88
94
87
90
94
97
79
88
91
88
98
93
94
106
104
97
93
94
101
108
93
106
104
86
93
97
100
118
111
119
108
109
114
116
117
110
85
104
94
104
100
118
97
104
97
105
99
99
100
97
109
104
103
108
100
108
100
109
107
112
108
112
99
111
105
110
98
99
106
106
96
107
95
96
100
94
107
96
109
98
109
109
102
109
105
115
98
108
112
101
113
101
118
103
111
98
99
108
104
97
104
96
104
97
105
107
110
104
88
79
102
109
101
94
87
100
97
90
91
69
95
96
106
95
79
83
87
88
107
85
99
97
97
96
111
102
121
104
110
103
108
105
109
111
112
105
111
103
107
102
108
106
109
99
110
102
107
100
107
110
110
103
107
100
107
103
109
100
109
106
107
105
108
105
110
102
110
107
100
110
102
110
113
105
103
109
108
106
105
107
106
108
107
105
101
110
88
99
109
106
96
96
112
95
112
107
92
126
110
125
118
119
113
101
128
121
123
112
111
118
111
118
95
112
104
116
100
105
94
105
103
116
105
118
103
111
104
110
112
99
93
101
102
90
108
94
109
92
112
95
102
103
119
101
115
104
119
99
101
117
110
101
116
94
100
103
106
102
92
107
102
111
93
110
100
104
106
104
99
106
107
102
100
86
75
95
88
88
101
99
98
99
97
99
100
106
112
112
103
105
116
105
118
121
111
123
111
117
114
121
107
118
112
110
118
105
117
109
116
114
105
116
99
112
99
102
112
108
99
109
96
109
101
107
95
106
110
117
109
117
114
107
111
127
110
120
119
106
95
88
111
96
109
96
109
100
117
103
121
103
115
103
115
102
116
103
113
118
104
113
105
116
116
108
116
104
121
106
108
116
121
127
121
134
134
128
135
126
132
121
118
107
116
117
105
115
110
123
111
99
108
114
103
114
99
93
111
107
106
115
95
93
119
117
115
116
113
99
80
103
107
92
100
111
96
100
90
95
112
110
99
104
74
77
110
99
91
53
72
108
97
101
85
94
105
81
92
91
102
89
100
77
96
100
116
107
102
107
101
117
107
121
119
108
99
101
112
100
107
113
102
117
104
114
106
112
102
108
112
110
98
110
99
95
67
82
32
22
75
89
52
49
108
17
26
41
42
58
56
65
66
60
81
78
81
88
97
94
93
108
97
100
89
97
95
103
95
106
99
98
103
101
105
105
94
96
102
103
100
97
105
83
103
95
104
107
103
104
103
108
117
103
121
105
115
104
110
92
101
116
111
98
110
110
106
111
104
94
115
113
106
107
114
117
114
113
121
119
110
120
118
118
105
116
108
103
113
115
105
100
112
113
111
87
106
97
99
82
91
72
96
95
84
96
82
86
97
90
84
103
64
69
86
80
58
38
53
32
19
19
74
59
78
8
14
15
16
45
31
56
33
65
64
80
81
99
100
112
102
97
97
110
105
112
105
114
102
104
116
103
116
104
115
106
118
118
105
96
119
109
106
118
111
117
110
96
107
73
111
84
104
92
99
112
113
106
115
97
99
98
107
106
114
87
80
110
103
106
104
97
116
119
115
107
98
119
88
94
101
81
94
91
107
80
91
97
85
99
108
108
118
102
109
118
109
117
114
118
99
102
90
110
81
104
92
101
89
100
94
99
97
107
90
89
89
100
90
84
82
89
101
94
99
93
81
92
84
102
115
113
103
104
104
93
101
87
100
97
88
93
97
85
104
104
89
76
102
83
99
83
77
100
86
94
88
85
85
98
103
104
97
105
103
92
104
94
102
102
94
101
95
96
77
84
66
94
76
86
90
92
104
88
86
99
77
82
83
93
94
89
101
95
105
100
100
101
104
97
107
100
105
92
103
93
97
105
97
95
83
104
100
95
92
102
95
103
104
101
94
109
101
90
101
91
92
81
95
85
100
91
100
104
99
101
91
101
116
116
95
96
104
102
103
108
117
96
105
103
108
100
111
115
104
108
123
117
108
120
109
120
105
115
107
1280
1298
1280
1271
1299
1301
1318
1310
1317
135
1317
154
130
141
116
148
126
116
128
133
115
122
104
75
96
93
85
83
95
119
88
66
64
66
83
113
127
126
128
93
77
80
65
65
52
37
30
78
114
4
5
3
5
3
3
3
20
4
6
12
15
3
4
15
3
2
16
16
20
13
5
11
27
3
2
4
4
18
18
20
26
29
60
56
62
58
58
68
74
80
80
90
94
88
94
102
94
94
94
95
95
110
108
92
98
105
111
100
54
107
47
17
75
104
62
28
114
38
6
5
7
4
9
8
26
4
8
4
29
38
4
4
3
4
4
4
4
9
17
17
28
36
44
39
64
55
73
69
81
79
83
89
91
99
100
113
99
112
98
108
102
97
107
87
98
95
297
288
286
280
275
279
279
267
250
46
77
288
38
34
53
53
57
62
56
51
41
41
55
57
56
46
5
18
34
26
52
50
57
52
56
51
67
76
66
73
77
93
57
85
59
82
88
90
86
95
75
61
83
77
77
93
86
82
63
80
92
85
78
67
60
91
86
75
74
75
86
85
97
80
77
91
89
82
95
97
84
87
82
94
85
85
99
89
97
82
94
77
89
84
84
79
78
87
86
73
79
92
92
87
85
93
93
81
74
73
82
89
76
86
77
84
76
85
78
87
70
75
82
73
77
84
71
85
84
79
91
81
94
83
93
75
84
91
94
83
96
85
96
91
97
91
94
102
96
90
77
86
91
92
87
101
91
97
90
104
96
100
93
94
82
94
92
19257
19264
19252
19241
19228
19222
19229
19224
19256
54
19235
5
6
84
82
10
81
46
65
22
61
104
48
122
28
26
120
113
134
134
151
151
164
147
156
94
115
111
110
120
112
121
102
49
65
76
80
119
105
114
124
119
112
95
97
96
111
113
132
89
92
97
103
108
108
96
114
120
104
116
102
102
107
135
126
113
133
124
134
126
128
135
123
104
111
102
125
114
127
120
126
116
121
101
116
117
101
102
98
96
104
102
108
115
109
116
102
104
115
116
105
114
105
115
109
117
110
117
114
120
112
119
111
117
109
110
108
112
104
108
102
109
102
111
104
110
103
112
101
104
82
111
90
107
95
112
104
113
102
112
119
109
110
123
115
118
109
104
113
112
101
104
113
112
99
110
111
115
104
112
110
95
61
82
71
102
93
112
103
97
119
97
105
72
72
88
89
82
107
101
107
110
104
116
114
119
115
118
107
120
113
99
106
121
115
93
102
112
97
111
108
115
102
106
111
103
91
88
112
99
91
100
90
100
97
100
97
102
98
109
106
106
99
103
101
97
103
99
102
93
103
103
98
115
105
119
111
122
113
124
115
107
124
110
98
103
114
117
104
114
109
112
110
112
101
81
94
104
97
86
92
86
64
55
80
87
72
105
117
120
104
106
118
84
76
80
73
84
96
87
91
87
96
88
95
94
107
89
107
97
99
93
111
92
107
100
108
104
97
89
77
103
101
107
89
103
92
101
109
117
116
107
105
113
99
110
100
107
96
109
101
115
103
108
118
121
112
113
81
59
66
45
35
119
101
29
87
4
5
8
18
5
45
37
53
53
68
68
86
87
106
108
111
119
114
101
118
111
117
106
105
115
108
112
103
109
101
105
97
104
96
102
94
101
103
105
105
107
104
107
111
100
109
100
96
103
107
107
114
100
117
105
117
109
121
117
122
109
94
119
107
113
108
115
115
103
111
119
110
126
118
113
115
93
102
101
114
101
106
105
99
105
100
94
92
109
102
119
101
112
100
114
102
121
105
100
120
113
97
114
108
99
86
95
105
103
78
79
114
77
72
96
70
76
81
80
70
62
74
73
67
74
68
61
72
72
65
68
70
65
60
69
61
65
56
58
62
56
61
67
66
66
69
71
63
75
68
73
67
73
68
74
63
70
59
58
60
69
68
54
61
62
62
65
74
66
54
65
66
77
71
82
74
80
87
72
57
35
51
85
23
80
71
41
13
29
30
36
48
48
49
64
60
26
19
44
10
3
22
5
9
33
4
9
4
5
11
4
5
22
26
27
31
380
378
390
387
387
392
410
411
408
108
443
288
278
272
276
250
268
75
246
267
260
296
123
136
143
143
131
128
151
147
142
148
136
119
133
128
105
119
124
115
102
124
112
128
116
121
111
117
105
105
105
122
112
126
119
124
119
126
127
115
133
117
129
117
123
132
118
139
125
125
118
137
136
120
107
142
125
139
117
141
131
129
151
141
145
132
119
66
88
104
134
89
76
79
78
98
76
83
84
94
92
106
92
107
121
129
103
114
121
127
112
127
123
130
114
125
108
115
113
80
116
100
90
110
116
113
103
108
78
121
102
26
60
70
98
88
45
50
76
50
23
40
42
68
68
95
95
108
100
106
130
123
132
117
107
127
117
129
122
110
104
137
125
100
111
121
117
97
110
90
122
115
91
114
95
116
150
151
170
147
159
146
164
147
125
111
125
156
160
164
158
643
629
638
629
639
606
593
88
30
49
56
16
73
608
37
570
5
3
17
5
3
20
18
9
38
31
42
43
40
15
39
15
41
15
47
6
6
21
17
15
20
27
24
43
46
70
65
67
86
105
106
124
119
120
138
80
83
138
123
127
125
62
123
104
109
102
125
98
95
136
95
120
93
95
109
105
125
113
99
75
90
73
92
119
100
106
92
82
100
90
81
76
96
126
122
381
368
389
376
388
377
385
375
364
107
97
112
104
86
97
98
92
97
91
92
77
85
95
87
80
97
88
56
36
28
72
79
93
83
40
66
45
3
12
40
33
48
46
57
53
69
68
69
94
98
91
79
98
88
100
94
100
100
90
99
92
72
94
101
81
63
84
73
95
87
87
76
93
74
84
85
95
74
91
101
94
96
92
98
94
105
97
107
101
100
82
89
104
97
101
93
93
38
28
47
77
31
73
65
