88
148
225
291
357
459
576
137
363
459
668
585
633
693
624
634
464
420
427
729
466
661
456
428
591
447
688
517
706
495
645
741
695
693
705
659
474
486
406
410
388
562
642
489
460
515
478
487
524
540
498
476
527
396
503
490
455
432
384
457
389
475
434
380
387
525
455
468
451
706
538
682
567
634
670
702
671
556
497
539
687
584
731
641
657
560
664
582
567
604
549
471
152
625
142
213
92
364
313
101
241
56
109
192
173
83
146
246
105
241
120
138
186
26
33
23
118
50
50
62
48
83
54
7
12
47
75
73
111
144
131
57
53
166
65
82
156
126
90
10
27
13
60
87
57
80
90
45
54
23
21
8
26
15
104
64
74
102
124
141
131
135
148
152
113
87
160
77
66
120
131
93
169
34
65
114
113
162
120
141
102
155
146
98
59
34
123
66
12
37
59
53
29
13
14
45
48
20
9
52
76
82
79
153
151
49
72
69
108
128
129
80
37
128
140
35
37
88
84
160
158
156
185
220
213
237
225
232
289
249
296
308
319
269
300
264
175
252
235
306
178
267
234
258
229
138
252
212
202
204
204
254
226
212
241
253
211
248
222
244
269
237
279
257
246
266
212
279
137
126
194
220
252
199
319
306
270
194
194
300
457
455
489
475
432
421
439
449
473
476
275
261
246
278
349
369
338
377
362
393
346
343
358
385
278
277
255
253
228
260
237
226
235
183
215
219
207
205
232
232
212
241
222
175
248
247
281
222
239
202
235
156
251
174
223
203
220
188
149
79
167
206
207
248
219
257
196
267
230
233
230
263
153
154
138
264
231
204
281
262
304
264
282
287
219
253
258
250
263
227
231
252
241
218
200
245
224
209
241
249
239
264
242
254
239
261
235
270
247
251
200
232
262
233
268
239
278
244
270
225
248
242
274
199
263
228
241
207
235
219
220
248
243
227
220
220
260
235
247
260
244
255
251
236
257
229
239
215
229
211
217
198
208
206
196
189
191
181
234
201
242
216
245
220
230
258
183
159
190
236
221
188
229
218
192
203
201
238
217
215
182
214
183
209
190
217
204
211
199
198
186
202
187
182
205
208
186
211
208
215
221
199
223
195
203
215
190
196
213
223
202
228
214
235
225
237
213
218
238
240
204
222
206
205
222
210
188
207
189
198
197
204
178
183
203
186
210
218
196
220
225
210
250
218
225
213
199
221
207
198
200
195
167
197
173
185
186
190
200
175
210
214
194
203
211
214
227
181
205
236
219
234
231
213
156
206
199
223
218
204
213
205
175
202
215
224
234
237
196
207
197
200
199
216
187
175
212
189
207
187
200
175
151
54
114
103
139
46
91
43
69
10
11
5
7
54
20
37
36
83
84
96
123
99
112
142
44
111
144
102
143
138
106
83
68
14
9
65
63
99
118
144
117
129
146
132
102
128
126
118
78
94
168
159
149
142
98
161
32
64
166
40
26
43
41
57
55
77
17
41
82
62
10
57
54
75
93
117
115
148
144
141
151
154
174
175
119
75
16
101
21
132
156
198
84
171
46
5
16
21
7
19
28
29
55
57
86
114
92
108
66
80
108
85
121
49
117
161
138
62
123
155
79
14
42
58
99
81
89
103
136
135
122
161
157
204
187
184
191
208
174
163
160
74
71
46
127
96
173
177
45
42
109
9
10
24
53
43
69
95
90
77
73
116
114
159
156
169
184
168
194
168
155
185
213
170
186
181
177
190
190
177
172
188
153
188
153
165
174
164
150
157
171
173
195
168
205
187
198
192
198
166
173
182
142
182
159
160
171
187
179
194
200
212
173
191
179
196
178
181
173
158
145
165
156
135
138
155
156
165
180
174
186
181
169
178
192
189
157
169
139
164
158
170
136
169
175
154
179
179
155
168
176
169
159
143
165
108
129
86
110
73
134
60
146
189
29
121
59
27
25
46
50
39
16
37
44
8
15
10
47
66
62
67
6539
6528
6528
6526
6543
6525
6522
6523
6523
65
12
33
61
139
135
123
120
142
120
54
121
138
44
127
10
33
45
55
20
44
39
25
40
14
29
31
51
51
77
81
88
102
116
24
51
86
109
40
91
56
66
37
88
8
25
29
26
65
62
83
15
29
38
34
95
61
80
68
65
18
10
13
9
14
18
15
15
25
67
21
73
27
11
12
33
30
29
31
46
26
35
9
4
6
21
18
23
37
40
36
47
52
62
95
75
88
106
100
124
125
141
142
126
115
50
146
83
95
63
35
8
18
16
31
24
48
60
70
80
73
95
69
76
95
60
55
64
75
90
34
110
7
5
16
32
34
64
83
94
110
32
68
55
98
54
94
106
88
93
73
7
17
35
57
46
46
54
69
70
65
116
115
136
139
141
141
164
143
179
171
157
129
160
148
142
154
139
138
143
135
152
163
138
167
158
194
186
183
199
197
193
200
179
190
201
174
153
187
182
162
157
177
174
148
184
143
165
197
166
188
170
184
171
163
125
125
169
158
159
179
181
164
173
176
172
177
158
181
156
153
182
166
174
163
160
182
139
159
173
177
184
167
165
180
179
158
167
184
188
185
162
152
132
160
140
163
154
157
169
152
129
160
163
142
137
127
78
61
107
73
63
123
145
81
157
6
6
6
6
25
29
20
20
23
47
45
44
32
7
5
25
6
22
5
21
62
30
31
47
24
11
8
30
10
26
29
52
86
81
98
95
111
111
131
64
114
82
129
127
26
44
103
60
134
5
23
16
21
25
19
49
51
62
75
73
94
52
90
96
81
48
100
31
64
91
8
28
41
43
73
74
44
41
73
41
43
43
69
39
77
5
7
21
5
5
5
21
27
43
77
76
66
71
74
89
39
41
84
66
13
45
61
64
84
75
108
108
129
146
136
99
152
127
124
157
147
141
152
145
167
138
124
119
109
112
152
175
167
192
163
180
167
182
138
162
151
167
164
146
144
155
133
131
174
149
167
157
182
167
192
176
187
176
177
164
165
173
173
155
162
167
172
168
165
167
165
147
146
164
134
171
158
149
144
154
153
133
146
158
127
130
158
172
154
167
152
165
143
166
145
147
146
156
142
155
170
149
149
163
172
153
165
151
177
161
180
169
178
169
178
165
177
160
158
180
165
147
169
152
154
168
152
154
173
160
176
167
177
164
173
157
191
169
189
186
175
195
198
193
185
201
185
173
181
158
175
149
170
150
168
155
173
151
178
168
173
170
155
162
167
161
164
152
154
170
148
144
158
144
162
133
119
137
147
128
144
132
120
130
166
164
162
154
172
158
176
163
182
161
143
173
100
81
169
28
115
67
49
131
5
11
28
28
36
69
81
80
106
109
115
136
135
145
143
159
151
179
178
152
152
187
166
165
167
162
166
155
181
161
176
156
172
171
178
174
190
176
190
194
186
164
190
214
185
194
191
210
204
190
187
201
150
198
168
146
139
128
116
153
146
119
134
126
123
131
139
133
152
141
149
129
133
144
145
159
128
101
134
141
112
144
128
134
152
136
163
176
165
145
134
125
154
146
152
129
146
142
131
120
143
150
133
138
138
135
150
135
143
133
158
138
140
111
133
139
130
111
142
132
143
128
134
146
159
137
152
142
149
130
156
138
155
154
156
137
149
133
155
142
134
152
151
133
145
152
163
151
160
140
162
150
163
132
143
159
140
156
139
116
114
137
131
108
134
128
116
109
101
135
120
120
140
116
141
120
144
132
157
143
157
153
151
141
145
128
141
122
129
141
134
144
145
172
148
163
162
165
171
147
138
133
137
130
121
162
79
106
117
117
76
135
96
148
158
139
95
128
89
89
96
124
116
123
144
127
146
133
150
123
145
151
148
149
167
159
167
147
160
140
150
152
132
137
154
134
134
154
124
145
157
156
124
142
152
151
135
137
148
144
143
169
141
159
154
173
168
185
172
148
187
169
156
171
142
158
175
143
160
125
138
110
99
139
139
131
146
126
139
95
129
107
123
97
115
134
141
143
131
146
133
154
170
181
146
163
160
166
149
168
163
129
148
116
153
148
137
128
157
137
133
162
159
157
83
125
61
137
99
46
136
29
72
12
42
41
72
82
74
98
97
117
120
112
135
134
151
148
165
144
164
98
126
113
141
141
134
122
80
110
49
99
96
105
102
128
120
124
127
126
124
146
135
150
142
147
124
130
139
114
144
119
150
132
147
154
169
151
156
120
158
124
82
124
122
59
101
42
26
133
44
28
59
71
4
5
19
46
43
69
70
103
91
101
106
32
92
113
65
87
51
22
75
55
96
10
30
28
11
16
29
14
16
36
36
74
72
69
89
83
102
109
111
111
78
135
75
112
114
133
125
54
128
81
29
24
95
141
41
34
132
6
6
38
41
40
57
54
94
89
98
85
82
109
101
122
119
150
138
146
155
149
148
191
173
189
178
188
170
182
149
177
171
139
143
132
159
132
146
126
141
141
144
142
147
149
135
123
143
139
147
143
65
97
119
68
143
47
103
70
148
135
134
143
107
106
97
115
133
133
156
145
143
168
164
121
138
162
140
156
140
138
154
145
138
148
139
149
131
149
141
148
135
151
148
123
140
154
111
146
141
122
150
130
134
146
149
132
148
140
148
155
132
134
142
146
133
131
148
138
126
140
139
149
138
138
103
87
69
111
67
13
42
13
75
86
128
59
10
25
27
46
61
55
30
58
15
45
21
18
6
25
38
44
45
46
70
69
90
91
108
122
119
117
140
140
131
127
153
143
163
135
140
152
145
156
115
142
125
131
103
114
125
161
100
148
146
156
170
154
185
169
168
176
181
156
150
155
132
155
142
155
140
160
147
166
156
146
127
160
117
128
138
146
134
143
134
134
131
103
140
150
165
140
137
160
145
106
99
160
114
128
143
146
129
141
125
159
157
144
159
132
141
148
151
118
115
134
100
129
114
132
132
151
134
145
150
159
141
173
140
168
122
159
137
153
137
142
133
119
132
143
157
145
132
146
156
130
148
143
128
172
136
90
118
91
107
120
133
109
133
123
128
117
117
119
113
80
116
87
61
138
128
146
137
119
107
99
144
108
137
138
143
142
136
140
157
149
163
144
134
147
148
145
166
163
150
153
164
152
164
160
139
156
138
159
149
158
145
147
150
157
162
165
161
165
148
162
154
166
151
152
162
161
151
159
146
164
154
150
166
153
168
142
157
140
128
161
126
144
118
111
133
94
120
119
133
111
122
146
143
150
148
150
141
136
167
133
133
122
134
143
129
145
136
141
130
114
114
83
56
36
139
70
46
107
91
7
6
28
40
35
66
22
52
38
29
42
55
24
28
15
28
49
47
72
57
61
91
64
85
39
33
38
89
60
62
52
20
61
54
57
95
91
99
119
117
136
127
83
61
140
66
31
114
102
45
8
25
50
48
46
46
68
84
82
111
106
127
138
114
129
137
146
152
161
147
147
161
159
106
137
141
147
143
125
142
124
144
124
141
128
137
131
132
144
148
144
151
148
137
151
154
137
125
149
135
148
131
144
148
151
138
158
162
152
169
151
156
169
155
152
137
149
149
144
146
131
134
147
151
136
153
140
149
136
134
150
133
117
146
127
136
148
132
137
151
162
140
140
141
142
157
126
156
138
118
148
134
134
147
148
144
137
168
139
146
139
149
145
134
137
153
155
142
151
137
144
147
158
139
138
151
143
149
151
137
128
145
140
151
132
105
119
146
145
142
157
134
153
140
151
145
151
138
126
137
154
152
135
132
141
114
140
122
103
136
139
85
113
129
119
118
110
125
114
109
101
122
122
132
147
137
137
148
150
120
127
146
131
146
141
127
126
132
137
125
123
123
122
119
130
105
118
127
103
127
112
133
128
124
119
126
141
139
113
140
106
118
136
124
93
127
113
128
99
122
106
126
137
131
142
127
151
111
144
133
128
124
141
128
140
138
119
139
126
132
132
108
136
120
96
103
126
121
141
123
141
122
129
90
102
118
73
122
118
105
128
124
117
139
125
124
119
137
124
124
104
122
119
92
98
112
133
118
139
128
144
145
155
152
167
149
125
140
139
137
136
130
139
128
101
114
124
123
114
120
113
128
138
126
125
144
131
115
139
130
122
108
145
121
115
108
118
131
120
133
103
128
132
131
144
130
115
136
126
123
115
145
134
118
19509
19504
19527
19522
19521
19522
19532
194
19541
134
190
162
171
165
159
171
166
189
179
193
144
151
152
172
165
165
149
168
151
160
138
130
160
136
151
121
132
128
153
157
152
165
142
155
144
157
147
145
136
165
149
130
145
127
207
187
189
189
209
192
209
211
205
192
151
133
154
131
158
143
139
140
124
156
125
141
128
190
209
209
169
195
203
197
197
209
149
127
138
113
125
127
134
124
126
132
115
127
140
114
129
122
143
145
136
130
146
113
127
140
121
125
142
133
141
147
127
125
148
112
137
121
131
125
103
103
107
112
79
86
92
111
67
78
121
90
56
131
97
79
77
113
81
93
91
108
124
123
110
142
130
111
133
108
133
133
140
121
133
134
125
144
134
137
134
124
128
57
34
22
105
30
84
85
50
88
127
7
7
9
30
28
50
50
51
82
83
96
82
102
114
126
127
137
65
87
110
77
133
123
50
98
111
106
117
77
89
84
100
88
86
101
99
119
109
129
127
130
128
128
113
123
110
105
121
107
121
100
122
106
94
91
107
111
107
128
117
128
120
138
125
137
135
148
82
78
64
108
91
56
34
65
139
6
23
27
20
57
75
49
40
23
34
39
20
66
75
5
4
29
8
25
22
15
19
17
32
44
5
38
7
15
14
6
19
28
27
27
30
56
65
71
83
77
89
91
108
121
97
113
116
123
112
68
102
88
24
60
104
55
100
14
12
9
18
5
6
9
11
15
35
41
37
65
69
71
93
73
77
98
74
101
74
72
125
118
139
139
149
167
125
125
65
42
85
86
121
138
28
36
137
81
60
43
67
65
66
76
86
98
98
131
131
158
142
150
163
154
125
45
96
52
135
72
44
103
162
12
9
34
30
46
60
55
29
57
49
37
29
11
25
43
56
47
49
74
70
38
34
81
86
84
66
42
87
39
11
22
37
53
48
40
24
20
10
25
35
5
3
19
18
31
42
44
58
62
64
53
19
76
65
44
39
55
51
74
42
67
4
13
12
30
42
38
51
48
68
60
72
80
82
91
97
93
116
113
104
117
119
85
104
92
59
82
93
98
106
89
103
94
83
68
79
81
101
94
105
97
92
82
92
96
93
81
91
78
73
92
105
97
115
108
111
111
129
122
143
111
100
97
88
89
78
73
61
61
118
118
10
11
25
38
53
50
43
53
40
89
80
81
73
82
38
22
66
30
90
49
8
1
6
5
40
16
50
8
8
3
6
4
3
16
9
12
32
33
28
20
27
21
22
21
41
43
57
57
71
69
87
78
98
77
13
56
79
63
97
61
41
25
23
33
53
55
61
78
76
87
83
99
95
111
106
85
113
108
115
98
88
21
72
30
68
102
49
54
74
5
21
43
40
43
57
76
75
93
92
92
110
119
122
113
121
114
118
104
112
109
108
103
88
95
104
93
95
98
80
90
79
106
81
104
88
101
100
71
98
84
74
95
94
101
95
94
103
101
98
119
121
110
114
119
129
113
113
122
111
101
89
102
106
109
97
91
106
98
96
93
111
81
103
85
102
107
114
72
127
109
123
124
130
130
146
96
84
116
138
87
114
102
113
107
107
116
124
111
125
85
94
111
108
98
111
91
108
111
101
114
107
124
96
118
113
97
88
109
106
107
85
99
110
100
110
108
116
118
110
135
125
116
95
117
114
106
103
113
108
105
121
105
102
124
120
121
109
123
107
108
90
89
107
98
96
98
87
94
100
84
101
91
98
66
44
32
84
25
92
37
14
57
77
5
22
23
31
47
66
76
74
81
79
77
87
86
93
68
48
17
90
93
82
49
13
33
60
29
5
4
5
29
17
27
30
45
22
36
47
25
25
36
14
49
16
32
8
24
32
41
38
51
63
62
73
78
83
93
76
79
92
110
101
104
98
103
61
80
26
18
47
71
38
88
8
22
22
37
44
56
63
58
65
64
77
76
89
97
87
90
100
61
87
95
76
93
69
63
72
7
50
68
29
71
3
2
18
21
32
27
32
44
56
69
62
77
79
79
82
81
94
93
109
98
104
102
122
102
114
112
94
106
109
115
94
94
87
88
89
94
93
111
94
93
104
106
93
89
91
94
102
95
73
80
85
79
97
80
51
78
24
15
26
81
66
44
92
13
59
10
9
27
34
34
20
45
57
64
64
63
67
75
76
89
89
91
72
84
87
95
102
91
99
91
82
96
91
84
90
92
65
75
83
61
93
70
87
77
87
87
87
75
90
85
97
102
102
100
99
110
109
113
111
109
111
109
107
100
90
106
101
91
92
97
79
89
96
103
87
97
72
85
88
76
83
76
89
83
86
84
75
51
77
84
63
68
105
95
100
108
102
115
86
100
100
99
109
106
105
107
109
110
103
102
115
105
112
113
105
109
117
104
105
111
101
107
96
85
102
89
96
86
88
102
104
90
90
99
95
91
98
84
87
95
81
91
85
94
84
91
91
82
96
77
92
98
75
87
96
90
95
86
87
82
98
89
97
81
98
98
103
94
105
85
106
92
104
92
96
102
83
104
96
86
105
103
97
104
93
97
91
101
104
92
106
96
112
104
119
104
101
106
105
97
100
85
82
36
60
47
76
93
20
65
61
30
4
4
9
7
13
32
16
13
36
33
19
47
60
59
54
62
66
65
76
72
90
90
82
88
97
93
108
105
102
113
107
103
101
119
117
102
91
78
92
80
64
90
82
92
95
93
102
95
88
83
94
97
84
108
87
97
108
97
110
100
111
114
102
97
106
107
99
82
105
77
99
90
99
88
97
95
79
102
99
115
91
93
87
92
97
80
86
94
92
87
88
92
97
82
74
90
73
92
88
92
96
101
93
94
94
94
103
93
101
97
94
94
89
95
87
101
95
93
103
100
104
110
104
116
110
106
98
96
106
84
112
95
90
96
105
97
101
117
105
99
108
106
109
97
102
95
100
92
92
100
98
89
95
100
89
92
102
100
111
96
92
102
92
97
85
85
97
87
95
93
101
93
109
107
100
106
98
107
103
111
100
114
100
110
109
112
105
116
88
103
70
93
106
87
104
97
81
85
92
101
71
87
88
107
101
116
106
103
101
108
97
100
109
112
100
110
99
90
104
83
97
91
103
98
92
95
83
87
91
100
78
86
98
90
85
82
88
80
92
80
73
91
78
87
88
98
84
94
91
77
62
69
95
83
83
94
79
87
57
78
71
71
82
88
84
84
76
97
83
68
86
81
85
87
87
91
89
84
98
88
103
88
98
95
97
86
80
89
89
85
73
102
98
91
97
83
88
94
98
91
90
86
96
91
97
103
91
97
92
98
76
87
95
84
103
90
94
90
81
102
86
99
100
97
91
90
95
81
96
88
84
87
104
94
87
93
105
95
104
98
111
109
103
92
104
106
98
96
104
97
107
98
110
107
101
114
102
111
102
103
112
112
107
114
106
99
112
110
97
111
111
110
112
111
101
98
109
107
100
93
80
101
94
84
95
87
103
89
103
93
111
98
111
100
104
85
93
101
114
104
97
107
95
112
103
104
97
109
98
114
103
106
112
104
112
103
109
109
102
101
108
84
105
101
107
97
104
93
95
112
107
98
95
113
114
116
121
114
119
110
112
123
123
105
112
104
111
103
109
103
107
98
79
99
87
104
97
105
98
100
109
116
107
101
121
87
80
66
97
87
95
90
95
56
91
56
82
82
99
91
95
91
92
100
101
100
100
88
102
90
95
103
106
106
100
107
102
107
112
100
112
102
102
111
104
97
109
99
107
96
102
108
108
97
110
107
97
109
109
91
106
94
101
83
105
98
106
102
106
104
122
102
105
113
116
104
104
116
116
103
116
104
113
109
107
99
95
104
104
102
104
93
106
99
108
82
94
103
108
101
75
54
44
34
90
93
68
55
32
4
13
19
26
20
35
40
55
53
54
31
38
44
32
18
28
52
47
4
14
25
33
46
49
48
63
59
62
85
86
88
100
93
96
112
110
102
112
106
72
103
110
39
94
18
33
63
54
86
15
4
12
32
42
38
31
42
32
68
69
80
80
89
85
95
20
95
60
26
39
29
66
63
65
13
4
6
21
29
15
29
44
29
43
57
56
67
66
88
90
89
85
108
104
111
118
108
94
99
94
88
105
104
106
94
91
102
89
104
88
75
95
77
85
87
78
85
94
91
94
87
97
86
97
91
95
103
103
91
104
93
104
92
86
96
93
101
97
87
95
94
86
87
97
77
97
108
96
106
90
108
89
107
93
73
82
109
85
93
99
83
95
101
70
102
89
92
96
92
101
110
94
98
106
101
100
91
111
102
76
86
115
67
97
93
80
95
83
93
68
92
83
83
101
96
105
92
93
103
88
97
95
84
84
90
98
92
100
92
98
104
95
110
103
118
105
117
105
116
110
123
92
101
117
98
96
79
93
99
102
95
103
88
106
104
108
102
92
106
94
94
111
80
92
99
99
92
106
93
104
90
101
87
94
86
106
99
90
99
99
106
104
102
115
100
108
102
100
103
82
106
114
89
120
102
105
107
114
78
93
86
96
79
86
90
94
96
88
92
92
104
97
98
91
101
79
91
90
101
92
94
92
74
91
105
96
95
91
94
85
98
89
84
78
69
80
89
67
70
81
92
86
83
81
82
93
93
93
92
91
97
87
105
93
91
98
102
95
110
103
94
104
90
98
94
105
95
104
97
102
102
98
106
95
69
53
48
41
42
63
87
61
86
100
10
20
23
37
27
34
61
58
66
64
57
71
38
36
65
27
51
13
55
59
11
7
6
2
50
48
56
52
65
63
78
73
89
91
84
91
15
52
47
89
67
87
103
34
74
19
8
13
24
24
35
44
40
54
48
14
22
48
35
50
38
40
24
4
7
5
24
10
14
45
55
55
32
55
66
65
80
80
77
93
90
86
93
90
90
83
95
82
92
91
96
77
64
71
47
83
70
81
92
94
75
66
66
80
81
101
99
110
114
112
104
109
104
113
110
112
105
111
110
116
114
107
114
116
108
116
109
104
111
107
103
109
114
102
100
113
111
103
103
96
118
95
108
99
110
106
84
91
99
98
102
110
119
100
111
100
108
117
112
103
114
104
109
101
109
102
109
96
103
108
109
102
114
107
86
106
109
107
100
93
98
86
99
94
106
105
101
89
111
102
107
109
110
103
95
100
84
61
82
98
82
102
91
92
94
121
85
109
91
88
60
47
68
76
95
37
82
51
33
