61
76
106
114
55
249
207
325
278
271
263
206
152
145
206
263
277
142
105
75
139
78
100
139
148
163
148
161
161
176
122
114
115
104
141
148
109
119
118
112
119
119
141
119
138
119
126
119
129
125
114
124
130
122
131
120
127
121
107
128
126
111
138
152
148
124
85
82
135
104
174
175
190
180
154
159
89
110
109
120
120
113
91
115
126
91
131
113
113
106
99
118
101
127
138
141
130
117
131
82
85
82
87
73
93
80
124
113
140
99
110
77
384
390
394
402
400
392
384
381
378
100
110
101
109
97
106
96
101
97
103
101
103
97
97
100
100
99
113
103
95
103
104
101
108
100
108
99
109
108
97
107
103
85
105
97
86
74
91
100
98
88
90
99
111
103
100
104
113
111
116
109
116
105
112
105
107
98
104
97
93
86
95
86
98
107
89
93
100
99
97
85
106
85
104
95
90
88
90
95
104
106
96
94
101
84
88
98
96
97
92
102
91
83
102
97
105
111
111
90
82
102
92
87
64
18
36
71
53
42
79
92
18
8
28
12
26
14
10
27
22
4
5
22
21
47
50
57
58
71
61
58
83
81
103
101
106
100
44
96
60
22
16
56
30
83
69
3
15
11
31
36
35
60
62
75
74
92
102
87
102
84
101
97
113
102
101
112
98
100
61
64
92
43
10
67
51
30
21
10
22
34
43
40
40
43
46
54
49
69
76
46
66
14
19
66
50
53
4
13
8
8
5
4
3
21
25
31
40
49
46
47
59
63
67
81
78
78
24
90
52
42
10
89
57
36
61
5
3
7
6
18
29
66
58
55
65
47
58
79
58
68
76
81
89
58
61
66
68
80
71
75
92
90
94
83
97
76
85
90
95
99
52
80
35
33
13
86
70
26
72
24
36
34
53
51
67
73
66
89
90
104
94
104
80
92
100
93
106
93
100
85
92
100
92
101
98
91
78
69
96
86
95
88
89
100
4501
4485
4501
4496
4477
4503
4497
4500
4512
91
96
91
106
103
95
98
86
105
104
106
97
94
103
85
71
79
67
92
100
58
58
59
77
80
90
88
99
100
118
110
98
105
2673
2673
2767
2762
2768
2780
2795
2794
2802
200
213
119
130
120
91
127
125
103
91
104
91
97
92
110
106
102
95
109
102
94
91
80
78
98
108
99
98
104
102
111
110
99
108
105
92
78
98
90
92
100
104
91
103
98
98
99
80
90
97
106
102
90
101
95
100
91
99
91
108
107
93
105
93
97
90
103
110
98
105
100
109
101
107
109
85
117
97
112
99
112
92
96
91
80
89
99
104
92
97
88
93
102
88
94
99
103
93
95
104
95
94
107
98
98
109
118
110
98
105
115
112
102
119
100
119
106
108
107
92
111
106
106
112
116
109
100
107
124
117
130
133
121
133
129
124
132
100
85
94
108
99
95
103
102
122
102
113
103
106
97
109
103
114
107
100
106
112
105
113
99
91
104
97
116
102
99
119
108
104
112
117
110
96
109
105
107
105
100
101
99
82
97
89
92
96
96
84
99
89
93
76
91
89
82
90
96
97
93
104
100
105
102
105
98
109
100
101
109
104
92
107
94
99
110
110
96
110
109
112
79
101
94
99
103
93
103
90
82
86
100
99
106
90
91
90
86
96
82
86
83
86
73
75
75
97
86
98
97
111
104
118
107
97
104
106
104
105
96
102
94
98
69
95
78
97
95
70
76
91
97
85
73
85
85
87
96
91
73
86
86
93
99
99
80
88
95
91
100
93
102
92
103
95
102
109
88
107
96
106
94
91
98
105
78
87
99
98
104
93
104
98
100
115
88
102
110
103
96
111
95
104
96
108
80
89
89
93
118
103
104
116
111
100
103
105
115
103
92
104
91
99
92
21
53
48
37
100
22
91
65
94
83
74
4
8
21
32
36
51
39
35
38
49
13
48
34
16
15
31
21
32
43
46
45
45
48
29
16
12
42
20
8
3
7
6
15
25
31
22
22
40
44
57
55
53
65
62
77
73
85
84
85
83
100
97
103
100
67
21
63
48
80
105
89
56
34
8
21
30
30
31
49
55
50
59
68
67
76
80
77
93
79
70
28
60
42
67
18
66
56
58
100
14
10
42
53
55
71
62
72
69
72
66
95
110
109
133
113
119
114
118
105
113
117
98
81
126
114
91
96
109
86
81
105
77
104
93
90
105
85
103
98
100
114
103
114
119
131
110
120
106
116
103
109
98
117
112
99
105
101
109
100
105
100
111
98
109
105
110
103
115
115
111
115
108
117
103
102
114
102
97
92
105
102
90
100
89
101
91
98
80
96
88
96
71
75
93
89
98
73
88
83
87
93
95
69
69
96
88
109
96
99
104
88
107
89
106
100
89
93
78
102
91
98
85
91
86
85
87
110
92
90
90
98
88
100
96
97
110
85
102
91
98
93
106
91
92
93
91
97
90
93
96
98
92
90
75
105
84
95
98
84
78
87
102
92
89
89
109
106
108
109
105
118
102
96
98
95
96
86
100
93
96
93
104
108
101
102
108
103
115
108
99
105
112
105
98
97
106
106
97
107
95
103
94
82
90
103
98
79
88
97
95
111
103
102
95
105
112
114
105
88
94
76
98
107
104
96
106
100
118
108
108
101
114
104
111
104
107
86
98
83
96
91
93
87
91
86
91
82
76
84
97
98
87
80
90
88
81
92
68
118
76
106
92
101
117
101
99
100
99
83
86
104
85
95
93
100
102
92
87
100
91
96
81
89
93
85
88
86
99
82
100
86
95
103
98
97
108
101
77
88
85
109
107
108
98
101
89
105
103
99
94
91
91
102
96
99
93
86
96
98
88
100
89
96
79
84
90
94
94
84
82
87
89
85
73
97
86
99
87
94
101
107
93
96
110
81
100
104
77
92
103
92
102
90
109
97
107
116
110
112
108
96
100
107
91
104
85
74
100
86
97
32
62
39
33
80
44
78
34
92
43
19
29
26
28
30
34
32
16
26
23
3
15
26
28
31
31
51
58
74
66
81
59
85
76
61
74
97
91
100
102
82
89
95
86
97
111
104
100
59
25
90
45
22
105
82
71
47
20
16
20
15
19
22
12
12
5
3
3
3
3
5
13
10
33
42
28
27
27
31
31
30
71
71
78
84
81
97
71
68
69
83
42
76
52
55
57
83
87
34
26
3
2
3
4
4
3
5
20
7
4
11
18
24
40
36
47
39
59
64
47
63
30
31
63
38
61
45
35
11
10
25
35
33
17
19
43
55
37
31
18
17
29
58
26
17
14
11
19
41
43
42
59
59
65
63
59
66
86
93
89
91
88
92
68
56
95
86
34
57
44
55
38
5
7
7
21
22
23
34
16
32
17
8
5
4
14
11
17
22
9
27
25
29
23
17
30
40
55
53
80
79
87
92
101
93
107
114
110
120
100
104
76
83
107
34
45
51
97
25
62
4
13
12
24
33
41
51
51
68
66
75
73
84
87
86
102
89
81
92
97
82
82
91
103
68
52
44
45
40
34
74
89
60
103
5
18
26
35
30
28
61
55
72
70
87
68
69
83
91
102
94
101
94
107
82
91
89
99
79
44
17
68
15
57
61
29
94
15
17
19
40
52
51
73
70
74
64
66
83
83
95
97
79
94
90
98
93
104
96
79
85
88
95
96
96
77
89
103
92
95
102
88
96
83
89
92
70
94
74
85
90
87
83
85
81
84
100
86
79
97
83
89
87
9016
9004
9021
8988
8985
8999
9009
9013
49
8980
8967
15
10
24
28
35
33
50
57
48
51
65
64
72
65
65
77
80
89
88
82
84
156
143
141
149
154
148
137
57
130
64
139
150
137
137
135
146
78
141
96
95
156
143
142
149
146
145
158
151
162
114
107
94
113
108
75
69
123
96
104
99
95
85
104
69
107
92
94
150
143
144
146
136
151
144
82
130
99
105
105
93
102
104
110
119
110
122
107
105
115
117
116
118
121
106
119
116
111
113
111
90
102
98
88
85
40
58
74
77
94
46
93
83
87
77
78
59
78
78
98
99
112
99
108
94
103
90
101
94
104
97
100
89
102
94
88
80
99
90
104
100
86
89
95
93
102
86
82
95
102
95
96
97
103
90
103
90
73
93
94
81
95
74
78
95
96
95
98
92
80
88
97
97
77
90
98
96
89
83
87
103
99
91
99
96
96
104
103
100
75
106
97
86
105
99
94
103
101
89
89
76
87
97
94
95
85
98
89
99
87
84
61
85
97
95
105
87
99
92
100
102
108
96
92
92
88
104
90
96
107
87
91
102
89
99
99
82
97
91
93
86
100
87
102
93
91
90
91
99
100
97
111
101
111
100
103
109
112
115
111
103
108
101
107
101
97
104
106
106
114
103
115
101
99
94
93
101
112
108
97
111
99
115
115
125
122
117
106
111
118
115
107
109
101
94
109
97
86
98
86
96
95
86
87
91
100
99
110
101
94
102
100
105
108
96
82
108
75
98
95
110
106
100
113
106
112
108
116
105
109
100
106
98
82
82
93
91
101
106
85
92
103
95
114
106
122
100
102
114
106
115
100
113
107
96
102
113
100
118
106
102
88
103
104
111
90
91
97
82
88
95
105
89
111
107
119
117
121
115
120
109
110
100
94
77
74
70
60
109
42
32
91
49
8
5
7
7
4
18
29
36
37
30
69
68
87
76
89
77
89
101
100
117
125
122
116
105
118
115
111
128
114
108
79
84
97
122
95
61
73
56
87
79
47
36
49
62
61
75
74
82
81
97
96
103
109
105
116
115
97
97
80
106
96
78
90
84
91
76
83
93
95
90
90
91
95
99
109
113
105
114
105
98
86
62
76
94
96
105
97
86
66
60
63
86
79
97
89
84
86
105
93
99
108
101
84
92
101
61
25
55
57
40
96
21
74
97
5
3
6
25
9
4
8
31
33
31
28
59
64
66
62
83
51
48
74
78
91
97
38
72
35
34
96
54
78
47
77
73
74
77
21
47
19
23
44
5
4
4
32
13
26
30
28
31
32
39
49
21
19
7
33
48
49
24
7
23
24
22
20
11
34
37
4
23
23
30
39
42
43
28
53
58
69
78
94
58
70
64
69
54
67
103
100
113
96
103
111
67
101
97
96
109
103
111
88
121
103
63
56
71
95
27
95
85
57
42
11
19
19
22
32
10
25
35
6
4
6
3
18
3
9
9
6
41
28
43
48
42
35
41
45
46
39
16
16
16
5
26
37
33
47
45
53
50
76
74
62
66
92
84
87
104
28
13
30
22
54
63
98
51
118
88
5
25
13
22
9
11
27
3
20
19
22
16
38
43
44
54
56
67
76
79
80
76
95
75
79
102
102
79
108
100
96
121
115
130
130
140
108
59
36
100
41
130
36
74
91
4
24
35
37
42
39
34
79
80
87
75
90
66
84
84
100
99
108
105
117
90
110
102
107
111
80
92
49
75
113
98
87
59
58
74
48
18
72
66
7
18
38
34
31
64
57
55
36
68
47
73
17
57
69
69
70
5
19
30
28
38
43
35
56
80
77
76
87
76
46
74
36
63
60
15
58
25
78
4
3
9
4
7
4
10
5
20
4
16
28
7
27
23
27
14
17
4
2
15
18
15
10
30
22
32
37
31
43
44
59
57
40
38
33
19
38
44
51
52
40
3
3
15
20
38
49
21
29
28
46
43
38
25
15
3
2
3
7
7
27
23
35
42
59
59
76
68
82
82
74
54
41
26
28
26
67
83
83
84
3
13
22
30
29
36
42
45
53
48
41
44
65
58
77
73
67
57
55
64
74
72
81
84
79
96
93
94
75
85
84
103
86
93
104
85
97
84
99
65
86
29
52
36
57
21
85
48
16
79
4
19
27
37
56
55
66
70
72
58
83
17
84
40
79
72
50
63
5
6
17
19
19
5
18
23
22
31
40
47
58
36
34
34
23
58
32
38
11
37
48
44
33
40
51
46
48
88
68
14
33
46
85
52
87
6
4
25
15
32
22
22
37
14
11
23
16
39
4
18
6
15
3
4
11
18
25
38
40
61
46
28
45
56
48
46
22
40
30
42
10
12
30
42
25
46
41
67
75
79
81
94
76
73
89
91
97
109
100
109
109
114
108
114
111
125
118
120
120
129
140
134
138
132
118
139
135
120
125
110
113
120
102
122
106
111
122
116
108
119
117
125
113
121
109
102
98
114
118
104
107
95
59
51
40
71
98
80
79
62
74
72
61
45
67
68
98
98
119
113
130
115
131
122
135
111
121
116
55
38
89
82
30
74
99
70
4
5
17
12
15
41
41
57
54
62
60
53
57
91
101
94
47
95
58
83
110
48
82
92
33
74
25
36
40
90
14
22
99
14
16
26
39
53
51
69
71
75
77
83
86
85
99
101
96
95
109
100
77
76
88
76
90
71
86
82
89
103
95
100
69
94
123
59
65
94
85
92
83
100
86
79
90
90
111
104
119
126
111
105
119
121
107
104
111
112
98
94
105
99
73
82
93
102
105
105
96
106
96
113
103
97
111
104
115
108
122
110
120
114
117
112
107
114
112
120
110
110
104
94
81
40
55
116
63
62
33
102
23
4
3
6
3
20
24
16
16
30
31
31
10
9
40
23
7
44
10
4
20
21
35
37
50
52
63
59
33
46
36
57
14
54
39
4
3
14
13
30
33
42
21
32
29
24
17
33
6
20
41
38
51
47
49
59
37
21
53
57
50
54
60
30
6
12
16
20
7
4
5
14
24
44
40
45
59
57
68
77
76
88
90
82
102
97
95
98
28
79
34
46
66
83
60
42
15
96
5
20
31
38
36
54
12
54
17
15
31
56
33
46
45
41
19
24
18
41
50
58
60
77
70
78
77
96
89
104
97
110
115
111
101
107
86
54
60
25
22
93
77
39
93
64
9
10
36
46
53
51
61
60
78
75
87
77
84
101
94
111
99
101
91
104
55
33
36
21
99
48
88
68
96
3
4
4
18
15
26
29
43
52
59
58
75
68
83
75
77
99
101
100
105
82
99
101
96
108
94
101
111
101
81
94
71
111
102
60
94
99
87
98
94
91
55
80
78
86
87
95
89
101
72
78
32
41
20
68
50
58
91
8
23
21
32
34
11
42
28
12
30
3
3
4
11
39
44
24
30
28
38
31
27
27
27
3
21
28
32
52
51
57
31
33
44
22
9
41
45
57
53
4
11
32
20
16
21
17
17
28
29
31
31
24
39
35
32
59
58
70
73
86
81
94
90
83
100
90
96
95
111
92
98
101
96
111
99
108
99
94
96
105
100
108
109
100
96
94
99
97
100
108
92
97
102
95
107
76
73
98
93
103
91
104
97
102
114
116
109
113
106
110
95
98
89
95
96
92
104
90
105
91
101
86
94
86
98
85
94
86
81
90
96
95
100
88
97
89
72
92
99
90
96
95
102
102
97
104
104
89
106
103
101
92
104
92
105
96
100
115
104
94
96
106
103
80
100
96
82
89
89
107
87
103
89
104
92
104
108
108
99
96
102
90
79
96
93
75
69
69
89
80
58
82
67
94
92
104
83
82
82
102
98
99
117
87
97
94
104
98
102
97
106
100
110
101
107
96
106
96
104
94
91
96
105
86
102
95
97
107
87
93
102
51
103
104
66
36
96
79
20
31
74
24
4
19
22
38
52
51
48
53
13
55
55
68
26
71
50
43
38
9
37
49
58
56
63
67
65
72
69
87
105
84
54
97
24
30
17
68
70
16
12
22
16
41
39
43
59
31
41
40
21
27
31
38
40
40
8
22
20
22
50
62
69
61
81
76
83
85
80
92
91
115
100
102
114
112
72
97
78
96
65
18
67
89
36
34
51
15
75
4
4
17
8
17
41
47
58
55
38
68
68
79
65
90
95
101
93
91
102
98
91
100
107
106
73
58
49
42
112
101
77
75
91
29
8
17
15
42
43
40
47
58
63
42
74
50
82
62
69
25
74
18
69
40
30
13
11
24
50
50
65
65
66
77
84
82
86
84
91
97
104
91
81
76
90
96
82
84
94
90
91
101
100
96
102
91
94
89
97
86
97
95
100
86
102
93
89
90
86
92
99
92
120
115
105
110
116
119
128
133
115
112
106
112
112
119
121
104
95
112
104
107
100
103
100
93
95
107
106
87
72
99
62
97
87
100
89
96
96
105
107
72
86
91
110
99
103
104
101
92
101
62
64
63
72
96
97
91
89
94
94
86
103
72
94
93
99
107
102
114
100
112
80
100
107
99
91
97
100
68
82
91
87
93
86
97
76
85
93
92
102
95
88
104
76
71
101
93
101
90
102
94
98
100
98
95
88
73
92
103
92
106
92
109
96
97
110
97
106
96
103
95
107
93
110
101
104
94
108
107
103
92
107
103
103
105
105
82
97
103
94
107
68
87
62
74
87
89
88
97
92
101
99
105
91
109
108
109
111
86
105
97
98
92
79
84
72
101
88
69
68
87
90
87
95
94
112
105
105
96
85
98
90
88
99
98
86
98
91
93
94
106
95
98
107
96
76
84
74
104
84
88
91
87
95
81
83
92
105
97
97
92
87
100
97
89
103
88
98
78
95
82
90
99
90
87
97
87
96
95
92
84
102
79
90
81
64
82
96
75
80
91
102
102
100
78
80
94
89
105
112
105
99
105
101
109
102
109
101
90
100
93
104
94
101
94
114
112
96
109
92
106
106
100
102
94
97
91
60
79
70
92
86
91
91
105
84
98
72
84
84
97
87
98
89
99
98
100
98
92
62
54
54
47
49
79
61
74
5
9
17
19
34
32
46
56
47
61
67
68
77
81
78
98
95
93
78
91
103
98
91
86
85
101
96
100
99
107
98
99
111
109
115
96
101
97
94
96
75
46
71
64
27
20
105
86
49
44
8
10
37
31
28
35
5
3
2
9
22
19
26
44
36
30
52
46
59
61
74
78
72
90
74
67
91
68
86
88
50
80
85
51
99
33
95
72
80
81
94
93
93
106
87
99
104
102
113
104
109
120
105
113
90
115
107
99
116
84
95
109
106
104
90
108
108
83
94
100
109
108
96
97
111
107
92
96
109
106
106
98
99
111
101
116
109
103
108
115
115
112
112
114
109
102
108
101
96
105
98
104
96
95
104
93
98
105
105
85
102
109
99
102
95
94
90
111
75
106
96
103
97
103
96
104
97
94
95
94
106
105
99
103
94
103
96
99
107
105
98
104
99
104
96
90
101
99
93
82
103
88
98
92
103
92
111
97
100
96
115
102
88
91
99
92
94
90
98
91
92
101
95
90
103
93
90
99
79
101
87
96
86
98
85
100
91
105
98
95
103
107
101
98
105
105
107
110
99
97
106
106
99
107
95
104
102
98
103
103
101
101
91
88
92
81
98
99
96
99
92
100
94
106
104
116
102
102
97
102
107
104
111
107
103
19594
19588
19596
19596
19604
19609
19605
19588
19602
127
113
121
112
117
124
91
119
104
119
107
118
112
128
114
132
118
107
127
121
111
120
108
111
114
115
107
97
117
99
116
101
102
107
109
82
93
92
104
108
100
112
104
97
103
117
104
102
98
92
98
109
115
89
107
107
111
95
95
100
90
90
83
101
95
95
88
100
82
101
88
72
100
96
100
98
92
107
61
76
89
69
86
59
94
101
98
91
108
106
123
112
123
128
103
113
108
94
119
117
105
114
96
72
96
86
77
91
48
58
69
83
58
60
18
46
3
2
3
2
9
18
17
15
20
33
33
47
42
50
62
59
68
67
57
72
73
59
60
82
19
12
62
32
41
10
22
21
64
58
72
51
79
68
67
83
83
89
69
38
20
61
72
40
91
63
4
14
24
16
28
53
54
43
62
55
71
69
65
77
60
75
37
53
26
19
72
8
22
36
49
51
50
70
68
75
74
71
79
36
85
73
20
60
42
87
50
8
6
11
28
24
21
41
45
44
51
55
54
74
84
85
86
23
78
58
86
39
68
37
35
7
16
34
43
50
49
38
42
42
52
44
62
55
64
82
106
103
10
38
36
48
53
50
96
90
21
44
4
4
10
18
3
15
25
25
39
38
11
43
53
32
12
24
41
52
27
5
14
15
16
30
31
30
45
47
51
68
62
74
72
60
72
69
71
28
47
72
39
81
74
91
80
77
54
55
64
48
73
77
50
63
57
79
90
88
74
89
58
55
58
32
87
87
85
93
100
111
99
121
114
117
104
107
113
112
123
113
88
48
65
89
99
70
89
78
72
85
67
62
62
79
79
99
94
106
92
83
102
109
91
100
97
108
109
100
97
101
112
108
107
103
113
56
64
84
98
75
115
92
103
106
105
101
92
92
95
96
105
100
82
96
107
109
97
111
95
104
92
103
95
92
95
88
102
96
99
77
92
101
95
81
91
91
99
105
90
96
103
89
87
81
88
102
74
96
101
97
95
99
111
82
105
107
83
115
109
101
115
83
97
107
41
36
81
53
67
69
44
6
15
7
10
33
25
29
37
32
42
50
20
31
29
15
42
33
39
5
30
33
49
54
49
52
77
85
87
102
91
85
69
101
99
93
102
103
68
101
100
98
81
80
49
53
54
64
80
78
5
3
7
22
33
32
55
43
60
56
57
53
72
66
29
68
60
72
42
13
9
9
8
35
60
48
44
56
66
49
58
65
42
30
52
56
3
2
5
8
7
18
27
7
23
19
12
4
4
10
14
24
25
33
36
13
12
21
6
5
4
5
19
23
31
32
50
20
30
28
28
39
32
5
2
15
17
17
31
36
51
41
65
64
77
73
80
85
70
117
101
102
112
88
33
69
63
94
96
48
18
36
5
16
29
25
29
28
43
48
27
45
54
67
62
80
82
94
86
103
101
123
121
119
123
123
117
134
136
119
111
109
127
112
127
108
69
107
92
81
71
76
96
108
97
111
113
94
92
82
82
110
103
61
42
80
22
22
100
53
78
3
4
18
20
21
41
46
60
58
29
55
38
20
17
37
30
26
4
3
18
16
24
33
8
19
18
22
30
41
11
48
47
48
66
62
79
76
84
103
104
54
32
87
52
112
76
107
62
19
82
8
19
17
34
23
20
37
15
40
18
24
12
10
14
44
21
21
24
23
24
21
47
15
47
12
6
16
28
32
31
45
56
65
68
64
86
72
53
83
61
85
38
30
16
83
92
83
68
8
14
29
19
7
29
10
22
8
20
21
43
38
60
64
51
67
73
73
81
82
71
81
81
74
106
86
89
82
98
87
70
92
33
94
48
27
28
54
3
4
19
7
26
25
25
46
47
28
47
39
67
66
82
87
101
88
116
116
89
119
78
29
76
102
66
40
32
51
7
3
3
3
4
14
3
4
6
33
21
7
5
4
35
20
32
19
17
35
