199
62
66
59
61
57
65
125
67
116
54
66
113
112
111
125
92
88
91
86
139
87
69
82
84
75
91
111
115
138
73
71
48
140
132
73
38
77
56
43
90
89
75
75
75
65
72
76
92
107
106
131
76
133
121
126
118
77
134
114
67
45
79
131
59
123
86
42
101
7
9
18
8
23
26
10
6
7
40
39
34
29
53
54
42
59
55
24
33
35
31
3
15
20
20
8
12
17
15
3
18
26
35
22
25
14
16
30
3
4
3
27
44
36
49
62
59
72
75
73
73
92
89
101
99
111
108
115
98
112
88
109
111
103
112
101
108
102
68
61
66
108
91
91
99
108
99
96
70
77
77
94
95
88
103
92
89
85
96
103
109
99
92
107
102
116
100
109
101
120
101
124
111
123
115
123
117
121
102
71
87
119
107
97
71
62
54
39
86
61
72
27
105
5
5
47
54
49
64
58
60
82
84
82
100
97
99
76
64
87
87
94
90
90
100
97
102
99
105
103
83
101
91
104
99
96
83
77
103
103
101
107
89
101
95
105
67
72
65
108
95
111
102
105
93
99
82
94
95
105
100
103
103
107
95
108
106
106
99
107
119
117
112
97
121
110
120
114
100
120
108
100
100
99
110
96
105
94
110
102
100
110
93
107
99
91
86
101
104
101
106
114
101
107
111
106
94
118
107
112
114
107
107
121
129
118
136
109
111
118
99
121
119
124
104
121
103
107
121
118
88
109
113
119
107
118
118
112
119
110
116
122
120
118
134
112
122
136
137
122
128
136
138
126
132
130
115
378
370
363
362
349
388
395
403
551
213
19
21
24
23
217
22
536
22
4
15
15
17
16
23
17
34
22
43
37
50
49
48
66
68
89
88
74
89
92
44
56
80
88
66
103
36
82
71
90
78
73
67
87
87
110
111
125
123
128
127
112
108
115
105
111
101
99
84
106
74
74
91
88
82
100
101
96
108
95
93
99
116
100
105
101
93
101
92
97
110
103
102
110
91
107
98
110
119
110
101
112
106
110
120
108
102
109
122
106
113
106
83
98
106
100
81
82
86
96
90
99
103
103
86
102
85
48
19
69
38
75
77
94
17
4
2
27
14
12
16
10
3556
97
3600
100
3609
88
88
185
185
193
180
128
124
73
73
92
92
101
96
93
88
95
93
87
100
85
93
114
102
92
111
104
93
98
91
101
87
99
89
92
100
98
101
97
85
95
103
104
86
102
91
97
108
106
100
110
120
104
115
105
122
124
116
108
3262
3261
3266
3270
3287
3287
3274
3284
3277
233
128
132
124
102
96
108
114
109
87
109
103
96
105
97
109
68
106
86
74
88
76
81
62
90
90
94
71
82
98
89
84
90
99
103
102
111
113
101
113
99
101
110
108
103
110
101
104
111
102
108
108
98
111
104
104
111
108
102
108
99
110
98
122
114
122
117
124
109
86
123
36
63
102
62
89
45
4
6
14
13
12
15
14
41
50
41
66
49
52
55
64
71
68
78
85
89
91
87
96
97
101
115
88
101
112
113
105
121
104
105
95
97
101
81
88
80
51
66
56
105
84
46
77
43
14
23
3
3
4
6
17
23
18
24
15
21
52
48
62
36
33
38
35
18
44
32
35
9
14
9
20
18
9
23
41
64
62
66
68
30
68
73
46
56
31
64
53
32
70
9
10
6
3
17
33
36
36
35
62
59
61
71
74
33
57
76
24
61
22
42
70
80
51
10
25
40
46
41
66
64
78
72
94
90
105
94
109
107
120
113
119
130
107
101
114
108
100
116
96
106
98
106
103
116
104
113
115
116
105
113
107
105
112
108
96
110
101
105
94
85
107
105
105
132
132
124
131
126
139
131
153
122
151
126
114
121
107
115
123
104
117
108
104
121
115
107
119
111
122
118
126
123
125
99
112
114
122
108
100
110
86
107
95
100
107
84
96
88
97
100
95
90
102
96
106
89
93
108
103
115
103
110
101
112
123
109
109
119
107
98
119
85
41
52
62
84
91
61
68
35
43
61
65
64
62
86
3
4
17
15
30
29
27
60
46
65
68
70
65
62
62
59
56
49
59
11
7
6
10
24
33
36
27
15
11
11
17
30
35
5
5
17
18
12
19
25
22
27
30
45
37
46
21
31
29
28
28
19
4
4
9
7
17
3
5
3
4
3
3
18
15
11
24
25
28
32
44
32
30
41
56
58
62
62
56
65
62
78
75
95
92
101
100
90
101
96
111
99
106
94
110
104
115
115
98
124
113
128
115
119
108
121
107
118
103
112
102
109
107
109
96
96
108
97
113
100
106
99
111
99
118
108
113
107
111
100
116
104
114
105
110
105
93
100
113
116
104
95
111
105
120
113
101
121
118
111
123
120
115
123
71
64
55
34
82
91
53
31
104
3
12
23
18
18
21
30
4
2
5
3
22
7
4
6
27
45
39
56
45
33
50
38
54
47
34
49
5
16
29
35
43
45
56
54
54
73
74
90
85
96
98
103
102
110
96
89
96
73
86
68
86
104
107
101
113
91
102
111
103
122
115
94
105
106
100
117
106
106
88
106
95
87
101
107
99
93
104
99
108
106
109
106
106
132
128
153
138
102
136
97
54
114
38
122
150
32
72
12
9
5
10
35
42
30
46
27
40
29
25
23
19
15
21
55
17
50
15
15
47
55
56
8
5
2
3
5
15
12
8
14
14
23
14
13
41
36
34
45
39
37
31
21
19
31
5
22
15
10
13
24
4
6
7
27
7
7
4
16
19
23
17
44
56
63
76
64
87
85
109
94
98
111
103
110
128
120
122
129
109
72
78
125
78
124
103
115
77
37
41
42
117
103
33
43
43
105
34
5
6
27
21
33
32
58
55
70
67
76
90
84
106
107
129
123
99
57
66
108
36
41
89
81
16
20
15
60
58
82
79
73
61
73
107
129
130
269
255
261
220
251
251
251
264
245
136
122
139
130
105
85
69
98
138
125
102
102
87
77
95
82
62
61
64
99
99
106
112
100
82
61
53
92
116
123
119
119
116
66
84
79
102
102
113
102
113
102
109
65
32
26
88
97
50
58
78
4
5
27
18
7
4
23
30
29
19
42
75
72
76
94
116
92
87
81
90
89
97
96
97
93
113
97
114
104
115
97
97
95
110
93
103
92
96
60
79
60
102
61
98
108
114
74
111
30
46
46
78
79
97
96
107
115
125
117
102
94
127
113
103
107
101
104
99
106
103
98
84
97
104
99
108
108
109
100
111
101
99
107
95
99
100
88
83
72
88
103
87
80
98
91
102
91
106
91
90
102
110
107
105
111
103
100
91
51
41
71
62
84
108
35
21
3
3
3
23
34
31
45
45
51
54
48
11
58
29
45
59
25
3
3
3
17
12
28
55
34
19
25
22
58
25
22
42
40
4
12
12
19
16
30
33
47
51
50
62
61
75
81
74
81
72
105
92
102
91
93
93
98
93
96
91
95
101
99
92
99
90
105
99
102
92
101
98
99
102
102
100
88
98
92
97
88
98
84
99
7730
86
7732
7726
7729
7748
7728
7741
7728
7780
7779
140
120
90
123
81
94
105
101
128
118
130
121
138
123
145
130
92
106
125
84
133
129
120
120
134
106
123
96
87
79
116
118
114
116
108
120
117
112
110
109
86
97
70
78
97
89
99
104
104
98
114
107
93
91
93
121
131
121
129
112
115
123
118
113
105
104
114
108
115
113
114
104
100
155
175
148
122
128
158
142
148
175
194
117
135
124
136
127
129
141
109
123
83
88
104
95
97
106
97
85
110
89
96
72
99
99
104
103
105
103
113
105
61
69
52
84
114
101
105
100
107
105
112
110
88
81
100
100
112
106
113
98
113
103
117
104
119
110
117
122
121
116
128
115
123
129
123
107
108
118
114
82
68
102
86
100
110
95
104
101
93
112
99
114
96
94
99
102
102
111
110
109
96
112
99
103
112
90
118
104
111
102
111
104
116
104
104
112
115
100
113
112
104
113
103
125
114
125
111
108
120
114
116
105
97
92
93
98
103
102
93
110
99
107
100
101
112
104
112
113
106
109
102
107
99
112
111
97
112
100
104
97
109
111
68
82
41
47
99
58
17
93
29
4
2
7
20
24
10
26
4
3
14
14
16
21
23
12
26
6
3
2
34
24
30
18
22
4
2
18
9
17
28
35
38
48
50
63
78
69
83
81
91
72
76
63
52
48
92
89
90
87
55
67
66
83
83
106
106
122
123
141
129
138
70
140
87
97
122
107
84
106
98
89
64
110
97
97
99
98
88
99
370
354
353
376
418
397
648
643
641
657
339
383
347
356
425
416
167
164
188
188
209
104
104
95
108
51
69
84
42
113
83
16
37
36
38
37
76
80
104
100
113
114
126
110
90
28
124
45
103
54
93
66
3
9
4
8
6
22
27
26
5
11
29
13
6
4
3
13
25
16
32
28
44
28
35
46
42
61
48
66
63
65
51
85
93
82
89
103
103
92
84
90
82
86
75
75
73
62
77
82
85
76
86
77
88
76
67
78
73
81
62
71
76
76
64
63
76
71
76
84
80
76
71
85
69
78
80
87
95
86
68
93
58
55
54
86
53
96
94
89
98
82
90
90
88
98
62
31
47
71
43
100
23
31
40
5
7
15
16
65
13
13
8
23
46
43
26
37
10
31
29
39
25
3
2
4
8
5
55
44
48
48
25
50
38
15
43
41
49
33
37
9
30
31
30
54
42
56
76
85
63
84
67
84
83
103
103
122
115
117
126
121
97
112
117
104
117
116
109
112
111
114
106
113
105
115
105
99
111
112
110
114
111
116
109
124
112
114
128
126
119
122
115
119
101
115
108
111
99
109
100
113
103
116
111
110
99
111
101
110
102
96
111
103
108
86
106
90
91
97
99
89
89
97
69
97
86
84
88
90
101
105
92
98
103
107
116
119
103
114
112
45
45
36
65
86
97
54
74
5
14
14
14
23
21
5
6
3
5
16
17
25
12
7
14
4
14
13
20
22
30
11
17
6
19
45
52
53
59
56
73
63
67
70
98
87
85
94
102
96
90
89
89
106
94
98
94
102
94
107
105
104
98
102
106
104
100
109
101
105
98
102
93
103
104
107
93
90
100
101
93
103
86
98
96
97
90
100
88
97
87
98
95
95
88
78
83
73
88
95
83
98
86
99
92
90
101
99
76
94
84
96
89
85
96
95
101
81
110
110
114
118
109
115
109
108
121
100
111
99
116
102
93
104
111
95
112
104
115
112
113
99
108
109
99
95
112
91
91
103
103
85
101
104
106
97
106
98
102
108
110
96
86
100
101
89
113
100
107
115
118
98
115
115
120
113
109
89
112
99
103
89
97
107
109
95
109
94
93
93
106
98
94
103
105
97
107
105
121
131
106
37
123
82
126
86
27
71
101
33
15
39
41
52
63
71
59
61
86
69
83
85
86
100
92
91
92
94
86
92
98
97
93
88
91
94
79
98
91
87
94
97
78
88
84
92
93
92
90
85
81
91
90
91
83
88
97
87
98
91
77
94
76
69
95
65
88
79
85
90
81
95
96
97
91
89
97
82
89
99
99
92
99
88
91
98
101
93
92
87
95
91
92
94
80
87
69
87
82
91
84
91
93
104
96
93
98
93
77
85
95
79
89
85
95
52
60
92
89
48
81
85
80
88
87
93
67
74
75
93
93
106
103
84
96
104
108
92
99
93
92
81
96
90
99
88
101
94
105
103
115
96
109
101
88
104
92
87
100
86
96
91
86
98
92
108
94
110
98
105
106
83
104
97
101
87
97
85
97
90
107
93
108
92
104
93
106
97
103
90
99
92
99
88
104
98
104
93
104
88
94
100
91
102
89
87
103
98
89
97
92
102
96
102
96
102
93
101
95
101
93
79
91
97
100
85
96
85
85
96
99
83
89
76
83
98
87
96
85
97
82
99
92
90
91
103
87
93
66
90
41
69
32
94
49
83
17
18
6
18
16
31
37
49
63
55
68
69
84
80
82
66
84
90
74
92
70
80
82
87
106
100
114
103
117
90
114
116
104
119
95
106
94
99
108
104
100
108
104
109
101
109
103
100
108
106
109
103
110
113
110
110
98
113
111
105
112
113
110
109
107
112
114
100
115
92
102
109
108
113
104
112
103
91
109
100
103
99
101
95
95
89
94
87
99
89
93
103
90
100
106
100
113
104
101
110
102
111
101
101
100
111
92
109
95
87
107
96
96
100
91
161
181
164
181
163
182
159
185
174
199
100
100
100
116
100
77
98
75
72
109
116
104
109
98
106
104
97
101
84
74
100
59
57
121
50
72
3
3
9
6
11
10
8
17
33
36
36
28
17
14
30
26
31
39
4
18
17
30
30
41
20
20
35
21
39
3
15
12
15
13
5
3
25
24
24
26
53
65
55
31
71
74
19
34
56
31
26
17
41
5
19
18
33
48
49
69
55
75
77
83
88
107
109
127
115
105
118
115
117
119
94
104
111
119
114
125
127
122
114
119
112
106
113
98
117
99
114
98
107
102
107
114
107
115
103
103
116
100
100
82
119
108
105
98
104
106
104
108
88
102
97
105
105
107
115
113
87
95
108
88
94
75
99
92
95
87
53
30
68
67
81
55
20
69
8
6
20
39
38
38
40
42
51
68
59
55
68
43
69
62
74
94
98
95
117
117
119
109
126
122
121
114
111
117
111
117
115
116
107
109
117
93
106
114
113
97
104
112
120
107
109
90
87
117
117
122
106
114
102
107
101
73
85
94
91
102
112
117
111
111
102
109
97
93
106
89
110
102
102
111
109
101
111
98
105
96
97
97
111
101
108
105
104
87
73
99
93
103
94
85
95
88
69
71
78
86
89
88
100
99
96
77
84
32
60
40
84
66
50
73
30
2
8
3
18
2
9
6
22
21
28
29
42
56
47
45
33
31
49
26
31
41
30
59
7
13
32
38
35
31
66
72
75
87
92
78
95
94
117
96
101
94
123
121
96
118
86
123
100
93
117
74
102
76
94
97
83
81
86
92
72
61
85
60
70
74
84
94
73
117
98
114
114
131
94
74
80
74
102
96
112
100
104
113
108
118
121
110
119
104
119
107
123
110
124
115
121
116
119
127
122
107
113
106
111
109
110
104
102
96
100
72
95
69
102
84
112
113
105
119
107
97
94
77
76
90
94
101
89
105
105
98
101
86
345
65
53
451
459
454
460
451
171
461
187
188
192
81
81
83
1751
1758
1769
1778
1768
1798
1788
1778
125
1794
69
63
67
80
92
3
6
5
20
24
25
49
78
76
95
81
86
83
82
85
58
48
84
72
37
9
9
12
4
22
18
12
21
31
8
11
39
37
20
45
25
9
15
39
45
14
21
38
32
12
12
28
64
69
32
52
59
58
74
75
75
93
98
98
106
100
115
104
117
111
121
124
123
110
130
113
106
108
104
95
113
102
115
100
108
106
99
105
89
108
86
78
102
86
86
100
91
118
110
132
118
134
134
143
141
135
127
116
125
124
117
121
111
119
116
115
108
117
106
93
109
76
84
103
85
90
74
67
91
80
86
66
85
101
102
102
106
129
87
112
97
86
92
94
102
115
109
107
115
96
90
98
111
109
110
121
112
121
93
113
102
113
104
113
105
115
104
112
107
124
114
118
110
114
111
116
108
116
109
115
107
116
113
119
113
114
107
112
106
112
104
112
99
114
122
109
110
121
117
112
124
111
106
118
112
104
89
105
93
100
92
97
104
104
100
114
106
114
100
107
81
93
68
101
104
98
91
92
77
98
79
98
79
97
101
110
105
117
117
102
116
126
99
123
118
105
116
121
102
123
116
118
125
124
108
125
113
110
123
100
115
119
117
72
96
105
83
108
91
99
102
105
90
97
92
110
96
111
113
112
121
124
115
124
123
129
131
124
112
122
109
109
118
114
98
104
95
107
99
92
93
109
87
100
92
97
107
106
101
113
101
110
102
103
96
108
99
107
99
98
109
109
106
112
101
114
106
117
108
117
109
119
106
117
111
108
110
93
119
101
116
110
101
92
111
98
111
105
107
98
81
70
97
111
75
97
92
100
78
88
95
52
89
70
65
56
90
50
53
36
82
66
89
4
13
9
3
4
4
5
19
31
27
45
53
53
69
60
44
60
73
79
96
93
98
106
120
117
105
106
108
120
112
103
91
101
84
91
105
102
95
95
79
101
97
97
107
99
103
95
86
90
102
84
104
100
95
107
107
92
84
101
109
94
103
100
91
96
103
89
96
142
143
136
148
137
154
138
152
153
152
109
88
117
33
67
51
104
51
20
75
4
13
28
26
19
9
31
20
24
6
6
13
15
31
37
24
37
57
65
65
80
71
77
66
82
81
98
98
104
95
91
89
103
104
87
87
93
96
85
100
98
97
100
78
84
86
76
50
57
73
93
74
84
90
91
95
68
81
93
88
98
88
78
105
100
90
101
92
95
87
96
94
109
93
107
105
110
108
116
109
115
112
115
109
113
110
112
104
112
104
111
108
108
106
108
100
109
106
102
109
110
108
113
111
98
115
107
112
98
107
95
111
94
92
109
109
102
106
102
106
98
104
93
98
106
104
101
105
103
108
105
110
108
107
105
110
100
110
108
107
100
109
107
110
102
110
103
107
105
110
104
107
105
102
109
88
96
106
108
91
91
98
91
95
75
92
86
86
97
96
114
95
109
95
99
98
108
101
103
110
109
106
109
105
105
94
107
99
105
94
104
106
109
107
109
106
108
101
110
102
109
107
109
101
112
106
105
112
112
105
113
111
689
687
693
690
694
693
696
687
693
112
122
115
110
117
112
105
112
104
104
111
100
98
101
96
102
94
103
101
104
102
110
107
106
103
104
111
98
105
102
108
111
104
116
106
112
105
119
121
123
122
122
120
118
109
118
103
115
97
110
108
108
104
109
100
107
99
98
105
105
94
107
99
106
99
111
91
104
113
99
112
99
116
107
96
103
114
108
122
118
125
127
113
131
129
102
93
122
113
105
109
100
111
97
114
106
103
102
115
108
104
112
91
117
101
112
107
95
86
105
96
84
111
113
86
66
102
89
102
94
106
93
105
85
104
103
112
100
107
104
113
104
109
101
108
101
18154
18142
18119
18113
18151
18142
18089
18105
63
18096
8
3
23
4
32
4
14
5
17
5
8
7
28
16
18
42
42
20
12
38
39
24
23
44
42
49
51
68
70
87
87
107
106
118
104
113
103
116
111
106
105
109
118
120
115
123
116
120
118
115
106
112
97
108
101
104
96
97
100
105
89
104
91
114
108
161
162
158
166
164
150
150
156
83
145
94
86
65
26
65
44
35
91
81
75
63
15
4
16
9
22
33
44
47
50
51
56
55
70
68
77
77
87
93
88
74
93
85
92
92
82
88
83
99
86
95
99
95
97
100
81
69
94
93
82
73
64
83
93
62
26
70
36
20
15
52
43
82
63
3
12
12
17
18
21
31
18
47
42
57
54
57
56
69
69
86
86
99
89
98
88
100
89
100
89
101
92
95
100
99
80
87
91
85
88
94
77
86
54
102
68
89
94
65
93
76
85
97
93
92
91
81
101
100
83
90
93
99
69
82
100
90
98
75
86
101
87
101
100
102
101
95
100
93
102
75
89
95
86
98
83
98
91
91
70
96
93
97
87
102
96
98
88
122
104
125
123
134
127
134
121
144
141
118
114
116
108
111
107
114
106
110
102
110
104
101
109
91
106
88
94
96
107
100
119
103
120
112
126
128
136
128
128
120
115
123
121
104
92
99
111
97
108
101
114
116
104
116
103
116
108
124
109
128
107
120
107
120
116
125
110
117
125
112
134
124
133
116
123
133
128
147
131
154
125
137
130
133
126
131
120
119
111
84
92
110
102
110
105
115
115
120
117
118
113
129
120
125
121
107
132
114
123
91
87
56
114
101
73
45
48
55
3
5
14
16
26
33
36
24
41
27
35
5
9
17
9
20
8
9
8
32
30
8
10
31
23
15
6
26
20
11
53
51
69
50
67
66
86
86
103
103
110
126
112
121
107
107
114
117
111
123
121
117
112
119
117
117
118
105
117
110
127
108
122
107
100
87
95
103
111
106
100
110
99
107
115
126
125
111
106
128
114
97
103
111
109
111
99
115
103
111
100
118
90
58
88
69
112
118
100
38
51
8
14
34
43
44
37
51
70
74
82
77
89
75
87
95
107
106
118
110
119
115
118
110
116
106
104
117
118
116
110
107
109
102
106
91
75
92
100
84
108
96
110
100
108
101
100
91
116
100
100
87
101
89
102
94
106
80
88
76
94
102
90
103
103
119
68
91
69
60
34
27
67
44
103
8
10
27
30
30
63
68
62
65
84
91
138
138
172
187
171
207
187
219
200
139
148
163
147
181
177
159
153
135
113
137
134
115
113
127
113
119
106
152
84
129
95
115
106
84
65
47
93
77
86
97
61
81
52
66
70
68
62
65
118
110
126
123
113
131
105
101
103
41
32
88
67
79
103
53
10
7
30
29
35
44
63
29
34
27
52
40
37
4
4
9
9
21
40
11
37
27
5
28
21
36
42
52
66
60
42
45
44
39
27
59
105
95
100
108
126
65
84
84
92
92
98
112
100
100
105
110
113
105
114
100
110
116
102
105
111
109
111
99
109
101
104
98
111
110
109
116
117
105
118
103
88
102
114
109
93
99
86
100
79
84
87
71
69
93
84
85
96
78
97
102
93
82
83
77
98
101
87
100
96
95
112
97
92
86
92
99
104
104
106
113
120
113
121
123
121
138
129
117
127
113
115
104
93
110
98
107
88
105
101
107
97
89
111
102
110
88
84
94
105
92
87
79
77
89
96
81
96
92
93
112
91
95
96
92
89
74
66
45
40
75
73
58
93
34
54
31
12
8
5
11
10
6
8
3
5
8
6
9
15
13
40
37
50
32
27
32
29
30
48
3
12
5
1
8
21
23
23
38
47
45
19
55
32
35
12
58
42
6
13
74
47
95
37
58
59
58
74
73
93
92
106
107
101
108
123
101
123
107
113
111
99
114
95
89
101
91
73
97
93
98
97
114
99
109
97
113
95
106
103
104
101
109
106
106
109
108
88
106
107
102
100
95
73
36
22
20
34
64
86
56
37
4
2
20
15
22
36
38
38
36
58
56
70
67
64
75
69
87
98
90
86
77
72
72
63
103
91
80
73
103
92
102
100
95
113
114
111
109
101
128
94
100
101
105
94
97
96
104
95
106
95
81
93
89
75
83
97
89
104
87
102
113
101
108
117
98
94
83
97
71
98
84
29
51
60
52
65
110
11
13
29
40
38
57
42
59
53
62
57
50
55
56
67
93
55
59
62
65
36
70
70
77
88
