42
42
78
97
108
119
119
142
143
142
176
166
127
145
137
127
118
133
136
134
122
117
119
128
111
111
127
113
116
101
122
120
117
106
121
107
114
105
113
105
111
98
112
100
110
98
109
100
106
103
89
97
106
95
111
99
118
108
124
115
111
115
92
109
124
100
110
91
91
103
101
80
90
85
108
103
83
95
102
95
107
99
110
96
104
106
93
108
102
109
101
108
100
103
112
85
102
94
88
105
97
91
101
92
104
93
99
116
96
114
101
99
105
103
95
105
116
118
119
113
123
114
131
90
121
72
95
118
92
71
76
99
90
88
101
107
107
110
121
100
99
77
88
64
90
99
90
80
102
87
95
112
94
97
118
116
113
133
111
117
120
110
114
107
87
120
94
85
84
92
103
103
100
99
105
116
108
123
105
100
104
93
104
93
106
92
95
99
106
104
108
95
108
105
62
91
97
67
78
100
93
80
100
81
73
75
88
89
90
95
98
92
104
93
105
96
86
92
82
107
100
89
93
100
106
88
108
102
112
106
106
113
110
102
94
101
95
106
108
94
108
107
114
108
118
106
107
98
111
104
109
102
102
83
95
108
95
97
91
100
94
111
103
103
103
123
116
122
101
108
118
111
119
113
121
108
113
120
112
101
118
110
117
103
115
107
117
104
113
115
104
121
105
112
106
114
106
112
111
112
98
88
112
99
102
92
78
95
77
91
86
92
76
90
88
74
90
75
90
95
96
94
84
92
59
93
76
88
87
89
87
83
89
80
91
90
84
103
86
94
93
87
93
84
86
92
93
80
76
90
82
77
73
96
89
92
92
85
95
103
92
84
107
98
96
95
93
87
91
89
94
72
71
80
69
81
87
82
78
84
91
89
83
95
75
83
89
97
89
93
95
103
93
92
85
81
94
89
72
83
82
78
77
78
68
87
83
92
81
80
81
95
86
97
91
76
102
89
83
83
92
86
93
93
84
101
94
87
90
103
88
96
76
86
95
84
95
97
90
97
91
101
88
106
99
106
4746
4739
4761
4751
4763
4740
4757
4730
79
120
92
74
113
4750
92
104
102
101
101
115
100
107
91
99
111
113
98
109
105
100
107
112
95
97
96
98
122
104
98
116
109
98
106
100
97
2835
2837
2837
2823
2833
2848
2859
2850
107
2851
2843
133
119
106
107
117
109
119
112
89
96
103
88
103
98
92
100
100
94
87
87
112
109
97
100
94
102
97
111
108
116
107
89
108
101
99
118
94
109
92
98
106
104
90
103
102
92
101
91
104
93
107
103
111
103
112
109
110
103
106
109
96
110
95
108
97
104
94
100
98
103
95
100
91
98
94
98
92
98
93
100
91
101
92
102
100
104
96
133
127
133
122
116
131
120
135
124
93
133
104
92
102
95
105
94
100
95
112
105
110
103
207
213
199
188
206
193
187
198
193
84
94
80
97
99
94
95
102
100
95
104
97
115
84
96
100
104
107
99
106
100
113
100
90
91
72
99
103
86
91
98
90
107
98
118
100
106
107
121
112
132
119
120
115
119
112
110
124
120
122
120
108
115
122
106
118
112
103
106
108
98
103
95
101
89
105
97
102
103
110
96
112
99
112
105
106
104
98
101
95
100
88
94
86
103
91
97
98
92
93
89
99
92
79
99
88
92
82
92
97
85
72
90
95
97
76
99
46
72
92
83
82
88
73
78
86
71
87
78
96
90
103
92
97
105
103
107
101
113
101
98
104
110
99
87
106
93
92
90
97
88
103
94
93
101
103
97
108
101
94
110
81
101
93
89
95
92
88
93
86
98
91
88
85
91
96
88
99
100
80
87
94
95
102
83
82
105
96
106
98
111
100
106
101
101
101
109
101
112
98
105
102
94
81
74
63
95
84
88
94
95
84
85
77
93
92
84
105
98
92
101
96
89
75
92
86
95
79
96
90
103
92
103
100
103
97
103
92
101
94
88
99
95
99
83
107
92
105
101
107
111
112
104
98
116
105
123
108
105
111
109
115
117
109
114
87
109
105
94
102
92
99
91
97
92
96
90
106
95
106
95
106
96
96
108
109
100
107
94
77
84
80
88
102
79
91
90
86
74
91
93
92
94
106
109
108
103
107
104
98
84
100
100
102
80
94
103
94
101
95
92
107
107
86
97
103
91
83
74
97
99
107
87
84
100
113
111
103
121
114
133
113
121
134
132
125
141
127
142
129
123
120
113
122
108
119
96
112
100
107
108
94
107
105
96
109
115
109
115
109
121
108
122
110
110
125
126
124
117
126
122
119
118
115
114
101
105
111
111
93
102
111
102
97
105
102
95
104
107
96
96
96
112
105
105
114
113
124
103
106
101
101
107
90
106
99
86
107
93
90
102
100
90
91
76
83
104
91
91
96
104
83
101
76
75
81
90
75
85
77
84
76
81
93
94
84
92
83
80
68
71
92
100
90
70
96
88
84
78
92
91
111
86
94
100
97
109
96
109
111
94
88
99
106
98
97
91
78
100
95
89
100
91
92
99
80
79
99
60
83
72
92
55
100
75
84
79
71
73
83
82
72
73
74
78
93
93
80
93
99
99
98
120
112
103
101
109
101
109
111
102
99
111
98
90
103
104
97
102
91
101
92
96
104
94
99
100
86
87
100
105
106
99
110
102
106
104
113
120
107
96
100
83
100
97
89
86
97
97
88
94
92
96
101
104
92
104
96
100
90
100
91
81
96
86
99
88
96
89
93
91
103
88
102
95
89
100
73
97
91
77
101
84
77
96
84
72
98
65
84
78
72
78
82
70
64
58
91
89
96
108
101
107
99
100
118
110
95
94
91
106
98
99
105
96
88
77
97
95
101
107
96
112
96
110
102
73
92
85
83
84
94
67
94
99
109
99
112
111
124
133
113
113
122
112
114
98
122
113
100
106
94
94
72
84
71
102
89
100
108
101
118
107
123
102
112
111
111
129
122
97
112
120
106
97
107
119
101
110
108
105
89
106
105
122
98
112
101
104
122
118
108
123
117
120
116
124
114
116
114
128
128
116
117
127
128
109
119
111
96
101
107
95
103
83
94
107
92
96
88
101
86
75
96
84
94
88
101
93
102
92
93
94
102
90
82
109
94
110
105
117
105
120
114
127
120
127
106
116
109
119
109
114
100
101
109
109
102
111
104
110
103
108
111
104
94
109
85
87
104
82
72
89
89
90
104
96
102
96
111
95
96
98
107
96
94
105
106
95
110
98
108
100
111
105
110
98
110
102
109
98
111
105
72
87
90
65
79
69
86
107
93
105
100
93
66
57
42
105
102
104
41
41
40
48
48
47
73
70
72
73
73
122
109
115
107
114
122
139
137
131
124
122
119
98
111
129
119
113
119
121
115
125
119
123
120
112
108
108
97
107
99
87
87
92
96
104
99
109
93
100
98
112
103
112
99
101
89
99
93
102
88
98
87
97
85
99
88
98
88
98
87
99
89
86
98
87
97
98
87
96
89
87
97
91
98
98
101
96
115
102
105
116
116
100
108
119
108
116
107
111
103
109
98
84
99
91
108
98
112
92
100
102
110
106
108
90
119
108
95
96
101
111
104
118
120
123
125
92
115
99
109
96
106
92
90
99
93
101
96
111
103
110
111
104
108
107
98
98
107
108
100
109
99
100
100
118
111
80
78
73
72
66
83
100
89
36
29
30
58
62
60
88
87
88
118
111
108
108
104
118
108
127
114
114
136
122
119
139
140
154
155
166
140
149
133
144
109
110
137
425
412
412
403
395
398
382
399
80
83
88
80
84
78
82
66
82
70
74
67
70
64
75
68
63
54
74
66
76
68
76
71
74
68
78
74
73
62
68
78
75
67
73
78
65
59
54
62
68
63
49
44
54
61
71
70
77
41
75
65
62
66
59
60
75
66
76
76
79
64
68
73
82
74
79
73
77
71
75
68
75
71
70
62
70
49
59
69
54
62
9127
9127
9150
9152
9183
9179
9198
9202
156
143
156
140
101
135
115
90
95
90
104
107
105
121
110
117
117
140
139
188
207
199
197
158
148
191
68
167
65
71
5
72
188
23
24
42
43
43
56
54
63
63
68
61
59
75
79
69
85
81
87
90
95
96
112
104
97
98
111
101
117
112
132
124
128
122
133
122
125
115
121
96
109
102
110
98
107
101
107
100
89
105
107
99
86
101
101
108
99
108
100
115
103
111
105
115
101
112
119
120
112
118
112
117
109
112
122
112
124
125
112
127
120
123
114
117
122
121
118
121
112
120
118
123
109
122
119
114
113
97
115
102
109
93
107
90
80
63
104
92
89
101
90
104
96
68
57
86
68
83
96
92
118
110
118
124
134
128
127
117
114
91
107
106
119
112
118
103
113
120
108
119
106
111
105
125
114
127
119
128
115
123
110
122
111
114
117
103
88
112
112
101
115
103
95
112
109
114
107
119
106
115
102
115
111
104
102
120
111
97
101
104
106
100
89
90
104
111
103
102
109
98
110
102
114
122
99
111
101
112
102
106
98
108
84
95
83
101
95
102
106
99
98
106
109
104
120
111
485
475
464
482
475
488
475
486
93
472
116
88
114
111
80
96
103
91
100
103
73
85
90
88
110
105
92
104
114
97
79
100
86
111
66
99
89
105
92
104
94
95
84
102
102
112
108
108
114
113
105
114
106
112
103
116
114
117
113
114
100
111
109
115
108
111
104
110
103
116
109
109
117
108
107
117
115
119
110
116
114
114
105
111
108
104
113
111
108
111
109
110
107
113
106
103
111
111
104
99
109
102
108
109
101
106
115
116
109
120
118
124
121
123
115
121
110
120
111
116
108
113
112
113
100
113
105
111
107
100
102
92
89
114
96
89
99
103
104
104
111
114
113
703
702
747
746
719
709
701
687
672
343
68
49
10
7
10
29
41
44
47
52
56
68
67
75
74
89
88
88
86
82
82
72
68
86
80
71
86
78
71
76
71
89
73
98
77
78
82
76
85
81
70
69
74
66
73
62
64
57
57
75
69
71
66
54
58
79
77
83
79
72
69
70
72
80
76
68
67
66
74
81
81
70
68
66
72
75
61
72
45
59
78
62
71
66
65
57
58
69
65
54
63
63
71
76
72
78
75
82
83
90
77
73
68
64
71
63
62
55
62
60
1691
1684
1701
1700
1719
1710
1726
1723
1732
100
111
101
106
78
95
59
89
53
71
86
91
91
40
43
45
42
45
70
41
40
74
35
64
46
46
66
65
83
81
99
99
109
106
112
105
114
106
95
88
111
102
109
87
76
101
35
60
36
36
61
55
37
36
70
62
36
62
65
66
82
82
94
104
118
112
133
109
108
109
124
126
123
109
125
118
105
105
99
92
91
85
87
85
83
68
75
71
75
63
71
78
82
95
99
106
104
110
111
101
100
97
89
63
86
66
74
55
72
77
75
63
63
58
84
72
70
72
85
96
88
88
93
82
99
80
93
81
72
81
93
85
80
91
87
79
96
86
105
103
110
81
94
98
106
97
96
97
102
106
88
96
108
77
91
109
97
94
94
73
69
86
83
95
80
109
102
112
74
80
61
78
78
95
94
106
103
107
100
107
101
108
102
110
105
106
103
115
106
114
106
114
106
112
105
109
103
109
102
108
101
108
101
98
105
105
98
105
98
107
99
103
101
106
101
106
103
105
98
105
102
107
101
107
101
109
103
106
102
104
98
104
102
105
98
105
101
108
102
108
106
105
103
107
100
106
98
106
101
104
98
111
103
111
104
113
106
112
105
115
108
113
105
113
106
113
106
112
105
110
102
112
105
112
105
111
108
113
111
107
114
113
104
110
108
112
104
110
103
109
105
110
106
108
102
107
100
106
99
105
103
105
99
106
99
105
99
107
100
107
100
106
100
104
101
107
105
106
100
106
100
106
100
106
99
106
101
107
100
107
100
107
102
108
102
108
105
108
102
107
101
108
102
106
100
106
100
107
105
107
100
106
103
101
107
108
101
110
104
111
105
113
115
120
111
114
121
119
115
121
123
110
122
109
122
110
120
109
122
109
116
98
85
105
107
105
94
104
101
104
106
109
104
108
120
115
105
85
105
108
90
104
100
89
105
88
93
101
110
110
111
98
111
99
110
104
107
105
86
103
91
88
94
97
90
103
93
107
96
109
109
111
102
106
111
98
110
97
101
94
103
94
103
103
106
94
107
102
109
89
101
94
87
106
112
114
105
117
106
111
110
124
121
120
108
114
110
116
109
116
114
115
108
114
117
116
110
118
110
119
117
120
112
118
110
110
119
114
112
114
106
115
108
117
111
120
126
110
132
115
113
127
113
126
101
118
94
116
100
96
98
86
102
110
108
129
127
121
114
129
127
137
129
107
112
109
101
108
99
102
95
102
113
111
101
117
111
118
109
119
110
101
111
89
111
95
100
93
112
107
112
105
116
106
112
105
114
121
93
101
95
103
97
105
98
101
106
106
98
108
78
71
108
92
107
106
95
100
108
108
112
107
109
141
95
108
106
106
93
109
72
105
84
78
92
102
72
88
76
96
93
92
111
111
102
100
110
101
105
77
50
59
71
99
94
92
86
84
83
97
114
115
132
113
123
118
111
111
110
117
97
106
97
111
98
104
96
107
96
101
111
107
114
114
117
124
123
116
122
125
116
126
115
112
122
120
113
118
106
120
113
122
120
101
121
106
116
107
117
103
114
102
114
102
122
120
93
97
118
110
115
107
118
115
114
105
118
88
107
105
110
118
112
109
112
104
107
95
110
104
93
113
102
114
103
115
102
116
100
117
98
109
107
114
107
109
117
118
116
118
106
123
108
123
110
126
109
122
115
110
124
94
103
120
114
99
102
110
114
103
87
106
122
85
119
111
110
119
106
86
91
115
100
81
98
99
85
103
87
100
100
102
95
101
100
109
115
112
115
119
107
114
106
107
105
94
106
108
106
109
101
113
109
117
115
114
100
111
108
97
105
104
97
100
100
99
87
99
93
97
93
98
99
104
98
104
87
53
99
59
83
74
87
75
97
80
60
60
58
60
63
76
81
62
81
87
85
101
87
95
106
80
104
103
114
124
117
113
121
120
129
113
128
116
125
125
125
117
118
103
114
104
106
113
114
103
113
111
104
116
112
104
108
99
129
126
129
120
132
126
119
126
142
87
98
93
100
142
112
110
112
104
118
102
119
119
131
100
102
115
114
102
122
121
119
106
121
104
117
106
119
112
109
115
94
89
111
99
102
99
95
112
114
111
130
107
113
121
118
116
107
112
101
104
98
108
101
113
104
104
104
105
97
118
102
110
86
115
99
107
106
83
101
98
98
115
112
120
103
120
83
117
119
86
103
94
101
109
94
91
104
92
116
115
119
112
112
105
123
112
110
78
128
93
106
105
108
110
112
104
112
100
114
106
118
106
116
106
97
78
68
90
110
94
100
89
108
107
73
101
106
91
95
93
114
111
111
97
115
105
104
90
106
83
107
100
105
95
111
97
122
123
113
125
102
119
112
106
113
113
101
109
118
85
126
104
108
117
107
113
105
109
100
108
87
102
109
93
105
95
99
93
96
91
91
102
93
104
93
100
96
99
105
107
107
87
75
67
108
96
105
98
117
99
110
102
93
87
109
108
120
110
119
112
117
108
115
108
100
112
101
110
95
112
102
89
100
118
111
116
108
118
103
120
118
123
91
109
104
99
95
91
92
105
99
98
109
107
111
103
119
112
119
116
122
110
107
116
114
106
111
114
114
106
114
115
110
109
100
116
113
110
110
96
79
91
105
101
95
84
109
93
87
102
93
99
100
110
108
114
102
111
102
109
97
105
103
115
102
110
97
114
114
119
114
123
115
92
113
105
116
113
112
107
100
94
100
96
100
91
103
91
87
96
79
90
102
86
72
92
88
85
96
88
89
80
92
84
84
110
100
117
109
129
113
133
133
141
120
132
129
118
113
108
104
100
117
112
85
102
94
409
396
415
407
395
411
383
102
101
114
122
105
87
76
70
65
54
46
112
127
88
26
19
33
33
48
48
63
74
86
91
90
80
77
65
63
54
56
45
4
12
14
6
19
5
30
32
30
29
37
55
90
55
86
88
88
102
129
124
132
131
142
127
81
102
91
78
71
72
72
79
79
77
105
94
99
96
97
91
105
95
71
100
82
74
73
81
107
96
116
101
115
109
118
120
131
104
103
111
94
121
110
113
108
117
104
109
106
121
106
100
112
120
115
122
113
110
129
116
81
124
98
104
107
119
91
114
103
83
97
88
107
100
114
112
124
97
107
110
117
118
105
113
99
85
110
98
97
87
103
107
89
95
100
91
91
105
96
87
99
87
139
141
157
156
163
163
177
160
175
166
130
114
132
124
840
854
816
856
822
847
829
78
816
825
832
111
71
79
89
82
100
111
85
148
146
149
285
253
282
281
305
299
302
256
273
262
133
124
122
106
118
111
119
107
116
108
112
105
111
99
133
126
133
122
113
132
128
142
129
86
140
98
104
92
92
107
92
88
107
105
88
108
101
114
102
104
118
103
102
116
109
107
114
111
105
101
110
86
108
105
107
95
106
99
100
116
98
114
96
113
108
100
107
101
107
97
108
98
100
110
108
104
86
93
109
91
107
101
84
100
96
90
100
92
102
95
79
105
93
93
106
107
92
104
93
102
98
105
103
96
97
112
92
92
80
80
82
81
78
99
98
99
100
112
99
104
115
111
117
117
87
89
84
87
72
95
70
90
98
101
103
86
107
94
78
81
89
94
84
93
84
92
80
96
89
91
92
104
97
104
93
101
98
105
92
85
101
94
105
97
103
97
107
100
103
97
104
110
104
111
83
105
92
101
90
89
78
82
83
88
95
78
98
92
106
95
108
107
97
106
104
102
103
101
108
105
106
108
89
109
107
113
97
109
95
105
94
95
110
107
105
104
97
105
97
103
101
108
104
107
109
112
109
105
108
98
105
102
96
102
100
104
96
107
109
113
102
117
104
115
107
105
113
107
109
109
102
108
102
110
104
109
111
115
113
114
106
107
114
103
110
89
93
111
107
92
101
94
97
94
103
112
105
118
107
107
119
121
106
116
110
104
116
117
114
117
108
117
114
120
113
123
113
121
109
117
124
126
123
121
114
111
121
124
109
124
112
110
121
109
123
119
115
117
109
118
117
101
114
97
103
118
106
117
92
106
100
104
112
123
101
103
96
119
112
112
103
106
105
120
112
123
114
98
104
116
113
113
105
113
107
111
108
119
101
114
106
117
110
118
109
118
111
116
109
115
113
114
106
132
124
124
129
131
129
135
132
134
108
118
118
104
129
108
120
110
106
102
111
99
97
109
90
82
76
91
55
63
86
88
97
100
98
116
99
104
94
105
104
107
110
87
110
88
74
97
100
96
94
106
103
111
95
82
83
109
107
119
104
103
110
114
108
115
120
112
105
110
106
107
116
114
107
102
106
108
104
98
106
107
98
102
97
79
89
100
89
104
101
88
89
97
112
103
98
98
112
102
113
109
100
120
99
90
106
95
98
90
96
93
92
90
95
88
100
94
103
99
100
97
102
96
104
102
102
99
102
99
104
101
101
98
100
96
102
99
102
99
101
99
105
101
105
103
19347
19394
19371
19363
19425
19418
19419
125
19412
19424
152
19404
157
141
81
65
154
137
159
160
178
184
241
254
256
165
182
180
175
185
180
99
67
75
48
47
110
86
80
68
7
8
50
47
118
110
133
132
154
153
229
230
229
247
168
179
165
176
170
109
109
95
99
103
115
102
114
110
119
111
121
115
112
125
99
92
91
100
95
81
114
100
114
111
131
126
140
126
129
120
117
109
115
108
114
107
108
100
99
110
104
110
109
98
104
110
103
112
85
105
103
99
99
90
95
83
94
86
77
94
94
93
84
97
99
88
103
101
115
112
105
119
110
120
109
123
110
119
110
110
117
117
105
119
112
136
133
132
110
122
131
131
118
129
115
104
110
97
104
98
116
104
108
102
110
110
105
90
110
113
98
114
104
109
127
121
111
126
118
117
126
121
117
107
115
105
122
119
110
122
113
125
93
79
67
104
112
92
97
88
87
64
97
65
90
83
100
108
114
128
120
101
94
62
97
118
80
80
89
98
90
80
53
78
79
96
90
106
107
116
122
110
120
114
104
114
100
111
104
108
98
120
127
129
107
126
118
126
123
128
120
108
96
104
94
105
97
105
105
106
91
101
87
89
99
92
91
97
95
101
108
100
112
101
116
104
98
98
105
87
91
104
108
96
103
97
93
101
82
104
89
101
93
78
95
90
91
100
102
109
91
105
104
98
102
102
96
105
102
92
100
90
88
94
93
82
94
76
85
87
91
84
94
83
97
91
100
82
96
97
105
100
110
104
108
102
98
104
107
92
85
91
97
99
94
104
95
94
104
105
98
95
105
92
105
103
84
96
92
106
78
93
89
90
86
93
71
84
104
88
77
96
95
118
103
95
96
81
122
112
108
124
109
119
121
99
78
79
100
119
112
127
125
146
130
147
147
147
148
174
136
156
118
132
122
120
117
394
401
490
469
474
468
453
450
163
156
130
480
34
27
30
32
33
36
37
38
24
22
8
21
28
20
48
48
65
64
82
82
65
88
108
107
90
97
108
112
112
112
113
128
105
115
113
101
114
113
115
104
106
106
116
106
102
118
111
114
98
102
109
84
71
96
92
85
87
118
116
129
124
121
126
151
126
91
74
65
56
38
79
130
151
3
4
26
27
28
29
30
37
69
63
88
87
119
109
129
114
105
102
95
85
71
61
50
102
4
19
9
7
29
44
43
62
61
82
82
101
101
105
134
132
127
128
124
135
127
119
94
107
137
111
113
111
120
114
117
95
109
100
99
117
110
122
117
104
121
127
110
71
94
125
115
81
138
122
106
124
120
143
106
108
105
47
47
46
40
38
24
80
109
96
52
53
51
51
81
81
99
99
91
135
143
81
81
83
110
69
97
82
98
121
88
65
74
76
83
83
102
103
118
107
116
94
105
101
116
102
113
112
110
101
109
102
118
132
109
117
112
119
115
124
112
156
142
147
140
133
141
129
134
135
81
89
88
91
86
89
96
96
84
94
77
77
105
85
79
66
65
54
45
42
75
93
35
15
33
57
57
67
71
70
91
93
89
103
86
91
99
79
78
98
103
96
113
105
92
99
104
95
98
94
99
105
103
91
80
88
80
102
90
98
89
91
98
103
94
86
85
105
91
86
92
99
100
92
108
109
90
98
117
95
89
77
94
76
83
83
76
58
66
85
85
86
89
90
102
91
84
87
86
100
99
92
95
88
83
66
80
102
88
94
76
93
75
84
97
98
106
87
83
92
93
88
82
93
84
79
83
92
87
51
78
72
62
59
80
26
28
30
31
61
62
87
50
