19
43
89
115
96
48
62
97
48
46
98
107
48
89
72
72
81
42
89
26
80
106
107
104
97
55
104
65
48
13
10
54
73
42
70
55
68
85
86
85
78
87
85
131
131
126
122
117
127
123
131
116
130
150
163
145
141
130
138
144
150
128
131
126
121
157
139
133
140
136
142
131
108
119
135
115
93
97
114
108
86
103
121
120
124
196
181
162
116
149
173
151
215
132
82
62
63
82
81
99
100
119
111
93
114
154
111
108
109
67
125
118
125
99
104
115
111
129
126
110
105
107
109
101
97
111
100
98
92
97
90
84
83
77
91
80
97
88
82
84
85
95
93
95
108
57
73
77
90
58
66
90
86
95
76
55
57
58
72
73
93
89
86
83
102
107
89
89
102
97
87
85
91
88
88
101
91
103
94
96
90
81
88
101
86
101
102
87
98
91
106
91
87
86
99
96
98
92
97
90
92
81
93
99
76
92
97
104
98
113
106
100
112
103
94
103
115
107
88
103
106
99
96
113
113
103
111
95
103
102
88
96
78
88
101
89
101
95
91
102
92
87
87
94
81
90
95
97
85
83
108
90
106
95
111
86
95
68
95
93
98
91
69
76
79
46
80
47
84
87
79
80
102
82
94
79
75
65
97
89
99
96
90
89
82
95
40
82
76
55
91
81
83
48
74
50
74
50
63
98
75
96
92
110
108
124
124
98
109
138
105
88
100
101
116
86
64
34
91
58
94
42
32
32
101
47
77
100
7
8
11
33
42
53
41
50
62
68
70
62
88
87
103
92
93
101
83
102
92
83
99
94
89
80
109
81
87
94
90
96
78
44
91
48
37
75
64
19
56
3
9
21
32
37
39
28
53
60
59
53
60
71
62
64
72
82
76
67
93
84
86
95
85
99
84
74
76
82
65
80
78
87
85
70
57
49
13
35
78
38
14
67
8
9
22
20
33
35
50
39
50
54
64
61
63
73
76
81
80
96
69
86
78
88
78
89
80
91
99
99
104
83
91
90
102
92
4534
4517
4528
4531
4527
4519
4538
4529
87
87
98
100
101
94
96
92
102
91
94
100
77
83
89
82
89
81
91
85
97
89
88
88
94
94
2799
2809
2807
2804
2809
2819
2816
2834
2826
122
107
97
122
135
108
123
129
113
115
117
138
121
120
119
122
106
114
106
86
113
106
107
94
79
100
95
113
107
118
104
116
109
91
110
94
99
74
34
56
79
50
18
50
61
85
4
5
10
20
8
22
33
31
29
44
47
61
41
55
43
19
61
45
38
21
28
23
4
12
19
9
13
4
30
32
41
39
19
44
34
40
34
36
26
32
7
8
22
18
9
24
6
8
10
13
6
7
25
41
56
47
66
63
68
71
70
88
96
98
96
81
51
44
75
86
71
51
52
50
68
52
66
56
57
56
48
50
44
73
79
65
73
73
92
84
88
80
94
93
87
95
92
94
89
85
95
93
97
76
89
93
104
92
106
100
113
88
97
93
111
74
110
84
77
98
86
86
88
77
103
106
95
97
30
63
95
72
43
96
17
37
89
4
16
15
25
32
42
53
57
68
65
72
77
86
84
97
95
112
104
114
112
108
116
106
121
113
108
101
115
117
104
113
105
112
103
114
103
82
51
97
40
17
59
101
28
74
4
3
18
4
8
20
29
40
42
42
44
59
55
58
78
78
87
82
85
95
95
105
99
110
99
93
110
84
73
61
78
99
79
95
87
90
101
93
97
101
107
92
98
86
96
60
69
95
97
83
97
97
89
71
102
103
91
91
100
94
89
103
99
86
101
93
97
106
89
101
111
93
102
109
104
111
91
104
95
107
77
78
55
70
51
39
98
71
25
7
7
4
22
24
21
19
40
52
46
49
47
44
64
43
57
57
53
35
21
54
39
34
31
10
21
33
32
28
40
42
51
63
66
73
71
83
84
66
81
89
93
102
99
104
91
102
100
108
91
105
111
94
109
91
123
112
125
112
117
110
108
121
126
78
48
113
54
71
37
31
92
63
5
4
19
12
21
33
25
33
50
56
57
74
68
78
83
86
91
87
100
96
108
111
123
83
109
40
20
56
92
31
57
75
16
18
42
44
70
69
88
71
87
95
99
106
98
95
114
106
117
98
101
102
102
72
95
60
38
74
47
69
28
4
17
16
22
31
40
41
32
52
54
63
62
62
45
48
71
65
87
85
97
96
80
92
106
79
86
95
86
94
95
105
104
84
94
93
81
69
81
87
94
57
105
86
108
108
126
126
130
124
93
91
97
89
91
84
104
94
86
93
104
102
109
87
94
99
93
79
66
86
95
56
83
92
81
73
79
88
72
72
91
92
100
97
104
105
103
105
106
100
93
96
102
105
99
115
98
109
94
105
97
83
115
107
86
94
99
91
101
99
101
118
108
94
115
91
116
94
99
92
87
97
78
94
93
102
86
102
98
78
90
105
96
104
107
107
92
112
106
95
95
93
112
97
112
99
114
103
115
106
124
109
105
117
113
104
110
96
102
84
106
103
86
107
118
112
115
109
113
120
126
114
121
112
118
124
110
106
109
86
98
107
92
91
105
89
92
99
89
95
94
92
94
103
96
94
82
86
87
110
85
97
108
90
89
77
88
95
80
86
71
101
115
102
105
123
121
114
125
128
134
120
118
102
97
98
108
95
95
103
93
104
102
101
94
91
98
95
101
91
102
95
105
95
96
92
106
100
112
98
90
108
97
114
101
75
84
99
95
81
89
101
101
110
105
123
114
130
117
97
97
107
99
105
90
104
96
103
92
106
97
105
113
94
109
112
100
113
112
99
109
106
94
85
83
57
55
89
46
51
49
93
72
63
7
19
12
5
16
7
25
37
54
49
61
71
71
87
78
87
84
79
87
86
99
92
81
101
96
93
76
56
93
67
59
91
72
62
59
68
83
5
8
10
11
9
24
35
38
42
54
57
58
55
62
64
48
53
80
64
53
77
61
57
85
65
84
95
88
77
74
76
104
83
100
100
103
91
114
97
100
100
113
110
102
109
127
113
120
105
113
102
105
115
110
96
116
118
101
117
103
114
101
113
112
121
118
115
109
115
108
114
109
100
113
110
72
86
108
92
66
98
93
94
86
94
87
91
98
107
106
87
100
70
81
87
109
101
112
97
104
93
92
105
108
98
98
106
107
113
111
95
85
25
35
18
110
18
44
57
89
66
96
6
6
25
22
48
52
48
69
44
49
48
45
91
63
23
94
26
27
77
20
59
84
4
4
15
16
11
6
24
28
4
5
14
12
20
37
15
33
24
37
45
53
42
36
26
32
43
35
58
47
40
55
69
59
80
78
95
106
112
105
119
114
100
118
104
93
101
106
98
109
80
62
51
47
49
54
93
66
103
17
33
43
47
59
52
50
80
31
49
77
63
60
14
41
39
47
65
64
80
76
82
100
92
102
71
71
81
100
60
13
22
70
92
75
49
33
12
10
19
10
20
8
23
25
5
6
23
22
12
31
36
32
30
51
60
59
64
60
62
80
70
72
98
91
105
92
99
92
95
87
81
106
97
116
95
98
82
88
53
55
85
63
67
22
91
23
23
51
77
40
22
5
6
19
17
8552
8558
8549
8578
26
69
31
37
67
28
34
71
4
6
17
43
33
41
60
64
65
67
87
90
76
87
93
103
90
95
105
105
101
90
87
107
90
86
71
62
68
75
73
74
86
87
68
79
80
67
90
90
100
88
101
96
109
106
107
99
106
104
107
83
97
91
96
71
79
91
102
100
92
93
83
89
92
93
95
108
79
91
102
98
88
88
99
102
85
78
95
94
98
92
80
18
63
56
30
72
46
36
99
3
13
12
26
23
29
47
49
74
66
60
62
82
80
79
93
96
96
115
101
95
108
100
102
104
111
86
78
84
89
92
87
103
91
104
102
94
94
93
108
101
117
92
95
91
96
85
109
97
113
102
117
112
111
119
97
92
121
103
97
99
84
74
92
97
81
94
93
67
87
82
88
99
60
70
84
83
92
94
80
98
69
84
89
86
92
84
84
76
89
95
81
81
97
90
88
97
84
91
76
91
100
91
100
92
94
104
91
89
69
55
62
115
82
99
103
93
96
95
100
97
105
86
113
109
110
100
116
109
117
114
125
111
112
110
95
108
94
106
95
92
105
108
95
106
98
105
102
99
99
92
92
98
91
65
75
76
86
67
82
59
64
81
85
81
92
102
115
114
106
124
122
80
126
75
103
84
91
95
85
87
80
86
91
78
101
88
77
93
73
87
81
75
65
67
62
61
63
43
40
78
87
4
15
14
13
15
9
12
41
47
51
40
28
25
16
26
30
31
50
5
5
9
25
10
25
7
13
32
48
46
62
63
61
69
78
78
81
60
30
75
74
66
56
22
47
20
43
51
48
45
54
61
76
73
93
102
104
70
100
60
78
88
99
68
35
38
39
33
46
82
100
97
31
4
15
29
39
38
48
54
66
64
61
82
81
92
106
109
118
117
128
98
125
122
136
101
111
122
117
117
107
105
117
102
98
97
96
115
103
105
104
123
109
111
105
109
113
89
116
109
127
109
119
119
114
109
106
105
94
103
96
96
106
96
92
99
86
103
92
86
92
84
88
85
96
81
86
82
105
112
98
111
101
117
102
113
85
111
116
105
108
105
87
99
104
113
111
120
110
99
110
100
98
113
108
113
107
97
115
103
107
109
123
123
111
99
118
102
123
121
125
116
105
125
112
123
108
118
101
93
87
103
107
88
105
97
89
95
84
101
98
104
87
99
92
99
89
74
77
97
98
97
93
89
89
107
116
116
105
105
125
113
104
123
110
91
99
108
111
103
105
107
112
94
92
109
59
71
38
14
100
97
79
16
55
3
3
9
10
26
25
42
36
22
35
20
18
4
5
11
9
15
28
13
14
58
25
19
21
32
33
25
18
36
31
37
37
42
42
42
40
19
24
11
42
47
51
22
7
16
15
12
21
19
35
15
19
9
5
10
4
25
26
39
55
49
65
65
29
60
42
30
50
64
46
46
28
4
24
33
34
46
52
54
54
62
70
71
69
77
86
82
74
52
70
65
35
20
39
79
39
3
6
11
8
28
11
25
15
46
52
56
59
69
61
70
87
81
91
93
101
90
90
101
95
76
61
56
38
88
103
37
34
47
72
14
14
20
19
17
20
22
58
72
66
83
64
66
79
79
82
84
89
82
81
81
33
87
98
115
124
137
113
3
8
14
13
33
19
30
42
43
23
41
21
43
24
53
62
67
42
40
76
30
61
30
42
28
27
5
17
16
5
13
4
7
30
31
46
49
48
55
59
66
74
75
92
78
81
81
93
100
94
84
95
98
95
92
91
82
50
64
71
80
61
89
81
62
43
87
55
47
57
70
67
61
65
69
70
74
76
106
107
116
110
112
114
109
109
87
108
75
30
48
48
46
75
32
57
74
87
76
50
45
51
56
61
59
82
80
102
95
110
96
92
108
42
97
76
30
22
107
36
59
85
61
5
7
22
31
16
17
37
46
45
39
56
29
12
30
15
38
32
48
10
26
34
34
50
44
54
61
44
83
74
23
37
27
76
68
70
56
65
48
3
3
23
8
5
9
12
12
34
46
48
51
42
63
72
73
92
90
99
94
108
84
100
89
85
100
94
104
97
116
95
98
45
58
91
78
10
55
24
32
72
22
39
48
46
49
44
72
69
81
79
77
105
92
104
83
88
109
109
106
60
50
41
18
78
63
98
32
80
22
39
37
54
53
66
76
77
76
72
82
99
59
29
60
72
92
45
22
3
4
14
10
13
16
4
14
19
24
28
40
41
41
48
46
53
52
64
74
78
32
53
63
75
60
25
41
19
51
4
4
22
38
40
36
57
67
59
76
87
84
102
96
95
106
108
109
103
115
102
112
108
102
100
101
104
104
116
94
113
92
51
36
27
63
100
53
82
70
12
4
5
8
5
15
9
17
30
30
45
40
55
56
63
71
65
73
64
58
71
75
82
86
83
85
97
100
97
114
99
95
109
98
95
101
89
93
108
87
101
86
102
88
83
89
79
85
61
66
70
79
89
57
81
69
84
92
78
92
89
83
97
83
97
90
82
103
86
94
76
63
89
80
92
79
88
88
97
76
104
104
85
98
109
119
120
98
110
105
97
97
90
101
108
105
107
99
110
97
97
108
110
91
104
104
107
105
94
91
104
107
98
100
92
100
95
108
99
107
85
104
100
96
92
86
95
106
95
100
103
95
106
108
116
101
92
103
85
91
106
107
91
101
91
107
98
114
113
108
111
109
111
110
79
101
93
102
101
92
96
89
99
92
98
107
111
101
103
105
104
82
90
104
90
78
96
85
98
90
87
102
99
103
102
103
101
97
86
107
101
110
93
89
92
102
88
99
98
94
116
103
95
101
111
69
55
108
53
85
99
83
85
86
69
56
57
73
74
89
82
100
100
88
98
102
90
89
99
103
97
100
96
107
107
96
104
106
90
104
93
102
114
99
109
111
110
110
89
105
111
93
98
104
116
98
102
115
103
101
107
104
106
85
61
72
64
50
33
41
95
19
4
11
4
13
3
3
21
8
31
29
42
29
45
33
32
18
10
65
51
45
49
29
3
4
8
2
34
29
33
47
47
56
68
66
60
44
70
56
58
67
57
52
24
26
7
14
25
18
24
18
38
61
57
54
65
54
56
57
71
44
32
66
40
68
69
69
55
68
62
38
61
56
49
62
72
80
67
81
80
93
95
80
95
97
100
83
101
88
100
90
94
104
103
86
84
97
84
84
77
88
93
97
90
97
100
88
83
98
75
91
84
79
89
84
65
72
88
72
79
77
78
90
91
97
94
93
83
98
84
99
93
104
102
105
104
100
102
106
101
101
102
91
97
104
110
99
107
107
100
98
106
90
81
95
95
88
81
88
72
32
44
58
81
74
33
46
17
11
20
27
26
25
21
50
18
49
43
20
52
28
21
14
12
29
34
48
32
50
50
72
76
74
62
74
72
73
69
82
92
80
87
82
73
87
86
92
104
97
103
95
101
96
47
67
13
73
35
26
53
93
4
25
36
43
52
59
51
67
82
81
91
98
94
113
100
106
109
104
110
98
66
78
54
86
105
91
100
92
104
102
86
95
87
103
96
92
112
104
96
112
91
105
101
73
95
86
87
95
88
97
85
96
91
108
99
114
98
95
94
104
115
103
109
107
101
105
107
111
113
83
102
97
88
90
106
94
94
102
94
91
109
72
90
82
101
91
83
101
79
85
85
104
97
90
111
96
107
94
110
97
110
93
89
107
94
103
94
90
99
93
67
87
90
83
78
92
81
84
73
91
89
88
93
92
79
92
85
92
90
93
81
92
65
84
91
86
77
98
89
97
77
95
98
100
83
95
95
83
83
79
96
87
80
94
69
94
84
102
100
95
75
88
99
100
106
92
94
95
89
103
71
88
83
92
82
101
97
88
100
88
101
99
108
97
82
49
45
104
30
63
65
107
88
33
4
17
10
15
23
13
29
26
3
7
6
5
36
25
13
3
18
16
40
43
39
42
66
66
62
64
90
87
90
88
83
88
96
103
111
103
101
103
104
93
101
69
56
87
88
69
83
93
99
72
65
68
29
18
81
77
43
98
5
17
21
26
36
51
44
55
51
57
40
35
47
36
38
24
6
2
5
22
22
30
41
41
61
54
68
56
46
80
90
88
87
91
90
96
94
88
105
114
101
20
61
48
101
69
109
29
79
49
81
33
5
3
17
9
24
20
28
36
35
37
42
22
22
35
45
18
45
20
3
3
17
12
25
32
39
42
49
39
63
66
64
85
84
97
98
100
100
95
75
68
99
96
80
102
92
101
75
93
79
81
68
57
86
28
84
76
88
48
41
15
4
2
20
20
34
51
35
47
59
63
62
84
77
86
105
97
103
105
79
93
84
102
94
54
34
78
100
46
62
76
19
92
10
4
16
12
25
21
33
34
47
53
54
44
54
57
36
58
45
60
71
39
85
82
58
22
9
20
42
24
80
29
10
4
6
5
12
32
37
47
38
36
39
56
72
71
81
73
16
29
63
26
26
40
61
9
8
5
8
37
35
43
50
45
65
58
66
72
62
90
89
100
90
97
107
105
59
28
61
47
37
89
74
83
103
5
26
43
40
49
41
52
44
49
64
33
23
49
63
22
62
72
71
88
103
57
73
74
94
80
99
98
107
93
108
116
83
106
103
96
98
86
101
88
103
80
84
97
89
103
99
104
96
84
101
93
97
77
91
79
90
93
78
96
88
93
89
92
92
85
100
94
81
75
69
82
87
95
80
80
68
85
63
59
53
43
68
4
28
34
23
34
43
53
59
56
58
58
68
68
80
83
73
80
87
86
101
104
109
114
113
113
119
111
124
87
100
96
97
103
85
109
88
90
99
92
77
83
91
89
92
98
81
96
95
97
75
97
87
93
88
95
97
95
98
86
86
98
89
100
92
92
80
90
96
95
90
81
101
93
104
92
105
99
99
108
102
113
105
93
105
92
105
99
98
107
97
108
90
103
106
116
99
108
100
119
104
120
111
125
103
96
100
105
78
92
95
110
94
108
112
104
115
106
102
114
98
108
109
96
95
107
107
101
103
106
103
107
96
88
108
99
106
104
97
111
97
113
98
101
100
111
100
108
103
101
108
98
106
84
105
89
93
102
109
91
87
101
99
102
88
101
98
78
94
76
101
94
98
88
99
101
104
92
107
98
112
101
107
100
106
97
91
104
103
106
95
83
96
106
88
100
93
105
95
110
95
110
112
105
118
110
109
109
98
98
110
109
98
102
111
102
109
109
97
90
107
94
105
88
98
82
93
89
76
81
85
93
100
90
109
95
105
97
109
108
111
105
40
46
27
23
85
67
87
55
4
16
13
22
31
40
39
42
47
54
57
57
21
25
51
43
14
56
46
32
3
19
34
41
42
37
50
35
48
22
41
33
38
28
7
5
6
7
25
34
39
45
43
49
62
69
69
78
78
75
96
55
63
37
14
72
70
89
43
31
32
35
58
59
75
71
83
90
84
93
61
50
70
68
101
91
107
94
106
105
82
105
91
93
87
86
97
85
82
107
89
88
87
103
94
101
93
97
67
86
78
91
97
82
84
93
81
90
80
92
80
81
80
81
82
111
91
105
125
116
139
129
138
130
128
108
60
42
68
103
103
50
86
93
83
86
87
82
100
99
93
111
93
89
94
95
100
97
102
96
102
91
84
103
89
70
65
57
85
69
79
87
67
86
75
88
86
104
86
90
89
96
76
95
87
76
88
65
96
59
72
81
88
82
86
77
48
53
71
85
69
65
76
69
88
79
91
91
90
100
97
104
69
92
87
94
92
88
82
92
83
72
92
79
80
76
84
90
84
79
85
90
76
90
91
92
87
33
24
22
68
55
43
62
39
4
12
11
12
10
10
3
20
12
10
21
41
50
50
49
48
44
65
65
64
63
89
85
70
73
72
80
81
90
86
92
43
46
54
48
80
57
79
58
80
77
20089
20091
20122
20122
20120
20117
20131
20132
20127
117
139
100
124
108
90
53
62
103
82
31
100
71
44
4
2
12
21
3
11
5
4
6
30
31
28
49
46
48
43
31
71
72
71
87
78
71
70
90
88
98
114
113
122
108
114
107
106
100
105
105
76
67
71
84
103
105
103
85
89
99
112
99
96
79
84
105
87
97
95
94
101
93
95
98
105
86
85
97
103
103
96
108
96
100
112
112
67
76
52
103
100
84
105
100
111
95
100
80
85
88
103
104
109
117
109
60
32
103
51
43
87
70
23
82
3
4
15
16
13
26
25
23
3
4
5
17
32
33
33
43
50
51
47
67
70
68
72
65
81
81
94
100
98
99
102
111
101
110
103
112
119
97
97
94
91
89
90
99
91
102
89
107
105
107
110
111
114
110
106
111
101
106
104
105
95
106
100
91
128
116
119
129
128
116
130
116
131
94
99
93
91
94
85
91
80
71
91
91
94
95
89
77
99
93
84
81
91
83
89
88
88
84
84
92
66
93
79
100
94
92
90
100
98
102
101
113
90
101
96
89
104
99
88
97
90
92
82
99
98
100
91
102
101
96
101
110
87
98
79
99
78
106
91
97
88
103
100
109
107
120
112
116
96
94
105
97
103
85
94
103
89
96
84
95
98
100
98
113
96
112
113
110
95
108
106
95
103
85
87
97
96
83
96
84
87
92
88
87
100
91
80
78
88
101
83
92
92
89
94
83
91
87
87
84
95
94
91
97
96
92
100
83
89
102
97
105
98
107
105
92
108
86
102
49
19
52
34
98
20
90
79
67
61
12
21
31
31
29
60
57
51
59
69
65
40
63
85
84
98
40
113
51
45
34
89
45
12
60
33
12
79
65
20
8
6
10
4
20
9
21
18
38
31
41
28
51
46
46
51
50
50
67
79
74
92
70
52
49
70
66
86
92
100
103
91
73
66
78
80
81
92
95
106
98
106
107
92
103
102
96
101
113
97
108
106
112
101
119
111
116
108
100
107
104
108
95
108
98
104
99
105
99
107
101
104
91
102
96
84
95
94
86
93
103
106
100
103
99
109
121
107
114
113
94
67
51
40
63
110
79
85
34
4
9
19
35
32
33
49
56
45
54
26
51
13
64
27
13
22
3
18
16
24
61
60
61
71
65
78
77
81
71
69
25
83
53
94
34
40
91
5
16
7
16
28
40
11
10
10
21
19
6
6
5
20
18
6
40
40
32
53
52
68
84
83
92
90
93
82
89
99
77
18
68
108
50
103
22
4
13
12
8
5
22
22
19
39
52
54
47
57
62
90
88
80
79
71
100
94
113
106
96
60
127
106
55
68
80
93
97
98
93
106
80
65
68
70
87
97
97
106
110
111
128
104
119
120
119
108
118
118
118
111
118
124
119
121
118
104
97
123
109
95
83
106
109
106
110
109
127
100
116
107
107
101
113
107
94
100
18
47
19
81
88
59
107
112
71
7
5
30
30
55
52
74
73
90
89
108
111
117
123
117
55
101
93
25
80
115
83
39
44
7
30
29
32
39
46
51
49
30
56
19
34
47
23
5
21
22
31
30
27
50
46
25
6
41
41
27
12
23
7
3
4
4
5
5
2
22
26
34
29
56
48
46
70
49
65
57
68
28
71
42
73
21
3
16
16
25
37
52
60
45
56
55
61
73
86
85
101
103
119
105
112
103
100
107
104
102
89
81
106
113
106
96
106
114
112
96
114
102
101
88
111
97
102
107
120
112
109
118
100
123
118
121
124
115
120
110
106
121
116
105
115
113
123
112
126
118
116
102
124
107
122
115
98
111
106
37
92
101
38
79
74
103
61
69
49
22
