22
64
65
204
46
202
218
255
241
255
218
109
258
111
101
120
125
128
104
102
91
104
108
98
115
110
105
123
101
86
115
110
102
101
113
115
97
105
93
95
102
109
107
107
110
101
94
111
115
99
111
95
101
66
92
76
58
73
101
81
70
81
103
87
102
99
102
125
125
132
104
122
93
98
101
88
102
97
112
105
110
90
103
119
110
101
110
93
112
120
104
66
104
73
90
86
113
97
115
101
107
101
121
90
92
93
114
108
106
94
107
99
101
87
90
107
97
107
95
98
92
104
94
83
96
90
95
78
90
76
87
83
95
98
86
97
92
101
95
105
103
101
112
94
103
103
93
85
91
102
98
101
105
95
104
104
94
105
103
120
117
122
108
125
112
123
110
120
125
102
113
109
101
114
103
103
84
89
111
96
83
102
95
89
99
90
105
102
83
103
100
110
95
88
98
84
98
104
87
98
100
102
90
93
104
104
98
104
110
95
88
105
97
106
97
115
101
106
101
106
101
93
53
74
60
59
78
103
98
99
100
76
67
56
78
76
96
95
113
114
113
105
115
107
101
107
111
103
108
90
98
108
105
100
97
113
109
106
96
115
103
121
109
109
111
126
123
75
86
84
117
103
110
94
90
110
99
89
79
80
93
94
102
100
100
97
99
86
86
77
95
97
90
96
101
109
114
111
105
123
123
115
128
115
128
118
126
123
103
118
127
115
133
125
128
119
124
101
115
117
123
112
104
112
104
102
105
117
81
101
95
110
107
100
100
113
122
114
120
115
124
122
116
107
97
94
114
85
103
101
89
87
93
94
73
100
96
118
100
118
103
107
118
88
98
97
102
82
88
91
83
81
84
89
89
81
76
98
92
98
99
106
83
93
102
93
90
94
92
94
92
95
79
90
97
87
105
91
98
104
86
69
62
39
48
43
95
69
91
62
74
72
75
65
63
80
80
96
95
100
101
83
85
103
88
102
96
103
92
88
76
93
92
83
90
92
88
88
73
93
78
104
96
110
104
94
107
106
83
101
101
109
101
105
99
103
83
88
94
87
93
84
81
87
83
87
86
82
93
83
88
89
94
91
75
92
82
95
84
85
90
69
94
85
86
90
93
80
79
90
81
93
82
78
78
88
84
73
90
88
93
82
8776
8794
8788
8818
8818
8836
8816
8798
8809
196
120
59
27
26
84
97
154
98
98
99
101
116
112
111
133
94
105
104
115
101
91
97
106
96
106
93
91
92
103
111
98
104
105
105
111
107
101
111
100
100
110
107
99
109
100
103
90
98
69
78
91
94
89
76
96
84
77
90
76
85
88
83
82
86
91
80
72
79
78
93
89
90
96
93
99
82
92
82
77
88
89
92
90
83
81
97
95
111
109
110
93
107
98
109
103
104
98
106
94
98
105
83
102
90
97
91
97
95
85
98
88
77
97
79
93
89
89
94
74
88
90
85
91
86
100
91
92
97
78
93
102
96
101
89
100
90
102
93
92
76
99
90
84
87
80
77
87
93
94
79
91
88
103
94
100
105
89
71
56
75
88
97
94
83
98
78
84
92
83
90
79
92
99
89
102
93
106
97
107
95
103
103
104
93
106
104
102
96
103
103
96
110
98
111
100
107
105
112
102
110
103
98
111
108
99
107
104
105
100
102
95
102
91
102
92
100
104
94
100
103
83
90
94
100
101
102
110
100
120
107
108
108
122
111
93
106
116
127
110
122
109
122
116
125
122
119
117
109
135
124
114
113
126
123
114
125
119
113
90
73
84
107
96
141
151
116
144
66
76
85
85
104
102
123
92
113
91
111
120
125
113
124
97
121
95
118
116
113
118
102
91
119
97
102
104
115
105
108
97
112
84
95
95
108
94
99
90
113
101
84
93
111
102
103
116
117
106
126
145
138
131
139
133
130
139
131
139
116
110
117
110
103
116
106
117
117
115
107
112
104
93
80
93
102
96
86
102
114
99
109
108
118
98
108
92
97
106
98
100
95
97
90
99
93
97
89
82
70
113
102
110
101
110
92
100
116
97
106
93
104
97
116
97
109
101
115
108
114
101
112
104
110
101
103
96
103
92
103
94
96
105
110
99
93
103
113
112
93
101
112
99
104
98
82
89
105
89
97
83
87
72
101
87
95
100
86
107
105
116
107
126
112
101
112
97
108
102
113
106
111
101
105
107
96
102
98
108
99
108
106
94
112
101
112
99
110
98
104
102
100
87
83
98
91
98
92
103
93
107
99
95
98
109
99
111
108
115
119
108
111
109
120
112
117
90
107
100
103
90
100
87
95
76
87
91
91
92
93
104
92
105
107
98
116
98
115
96
107
97
111
100
109
97
106
101
109
99
108
94
109
102
109
91
98
106
100
115
107
100
92
81
109
107
113
110
88
101
103
91
106
106
70
87
79
116
83
83
80
86
102
68
87
89
89
102
87
104
84
95
102
108
117
98
100
82
97
106
109
101
108
97
108
100
105
102
102
108
113
106
108
114
116
103
112
104
90
98
104
92
82
105
96
85
98
75
84
84
89
101
99
96
102
92
106
65
84
94
88
95
76
98
38
61
31
36
63
45
86
30
37
37
84
85
99
99
114
114
128
127
130
88
133
97
51
71
85
95
86
66
110
104
97
108
87
65
102
87
87
107
105
118
115
111
102
115
102
99
111
87
54
71
98
66
76
106
99
87
97
78
63
63
64
63
97
96
87
97
98
79
86
103
109
88
110
113
127
110
122
118
106
70
117
95
116
103
93
104
94
92
108
108
90
91
95
95
115
103
110
104
103
111
108
116
125
125
115
103
91
101
112
104
110
97
103
108
90
105
100
115
101
108
102
102
109
111
104
103
80
90
99
86
76
74
85
94
86
82
92
74
84
95
92
94
84
77
97
94
97
84
93
79
87
90
98
88
99
78
95
70
76
75
94
88
96
88
89
105
103
80
101
80
79
71
79
101
84
88
95
97
78
96
90
84
102
95
106
95
89
100
94
87
104
89
101
98
101
100
101
94
98
106
90
100
96
102
81
100
87
98
87
94
88
97
87
94
70
85
96
90
98
88
105
89
91
104
103
96
103
93
106
102
105
93
105
91
85
92
79
72
88
85
90
91
88
83
80
87
81
101
89
92
82
96
65
94
85
98
93
89
93
94
102
87
102
110
92
62
91
59
63
97
80
89
87
60
102
78
40
79
77
96
95
104
103
99
98
107
106
114
121
101
124
116
119
107
125
107
119
102
99
113
116
109
107
123
109
109
121
123
115
124
116
124
122
123
116
123
111
117
121
120
114
124
111
115
107
92
114
111
116
97
107
95
111
98
114
102
113
102
98
112
104
121
108
119
105
120
104
107
76
57
40
101
86
61
89
87
103
93
68
67
89
87
102
105
110
103
89
108
103
92
101
86
84
92
96
116
99
101
86
104
101
109
99
103
97
106
100
88
86
95
101
98
97
100
94
92
95
126
112
123
130
138
108
117
125
113
119
95
90
103
85
94
73
81
83
77
88
66
86
77
89
88
92
90
89
107
91
90
98
91
78
99
85
58
64
81
94
50
73
87
92
90
86
84
76
60
139
139
154
148
139
157
146
158
150
93
89
94
87
88
94
97
80
87
85
96
77
85
90
92
83
93
89
94
89
91
101
98
81
91
99
89
89
100
100
88
92
87
70
67
86
85
79
74
81
83
68
72
46
60
77
86
74
48
63
84
85
83
77
65
82
65
76
76
92
85
79
88
89
95
88
77
85
92
86
94
85
84
98
93
90
95
81
83
74
80
77
68
78
63
81
71
81
85
75
74
82
90
95
83
94
84
87
79
97
11012
11017
11018
11011
11057
11049
11076
11068
11091
168
146
152
109
107
119
128
117
69
88
104
61
76
90
75
42
78
115
37
63
52
61
101
99
116
115
136
135
145
152
135
115
111
104
107
99
105
103
109
99
93
111
98
109
101
113
99
97
110
123
114
126
124
123
107
120
120
131
127
108
112
105
121
108
110
95
103
121
104
115
102
111
102
117
105
118
109
106
109
121
99
115
115
105
115
110
114
108
123
102
106
98
111
105
115
105
114
99
97
110
111
98
107
112
99
108
81
96
95
104
104
91
110
105
94
109
103
108
101
115
99
103
107
108
93
88
101
87
91
96
110
98
113
98
112
110
89
61
59
100
113
91
104
98
89
104
98
101
90
98
119
121
113
117
125
126
115
125
105
130
111
110
119
120
113
123
94
72
117
60
102
102
91
87
102
90
72
106
87
86
106
99
106
102
94
94
94
103
86
101
94
111
100
114
104
106
116
98
105
90
121
102
109
96
109
95
105
92
99
102
62
84
98
64
75
96
102
107
92
107
115
113
129
131
98
102
125
94
107
113
99
108
95
95
111
97
99
105
74
101
57
41
69
82
31
51
88
81
48
92
66
66
68
99
98
119
113
110
106
117
91
94
116
101
110
104
106
90
98
97
113
98
98
107
95
86
104
102
114
95
87
73
104
101
95
95
102
100
89
85
99
88
101
91
92
103
101
110
101
112
101
100
92
105
101
120
111
118
108
118
111
112
119
121
121
105
104
116
112
105
120
108
112
99
91
117
112
102
116
106
108
115
96
83
106
97
95
79
75
75
87
62
111
105
110
115
125
121
104
130
107
111
105
118
106
111
95
51
73
102
65
43
84
80
82
80
80
80
61
60
88
86
98
92
110
83
56
36
71
102
81
45
34
103
58
33
32
45
60
61
46
81
74
74
84
103
106
126
119
128
101
120
130
114
136
121
131
108
114
124
121
115
129
114
125
116
123
106
124
109
92
105
74
113
83
102
95
104
96
105
94
114
85
105
103
104
116
109
112
117
109
115
107
110
105
100
112
113
105
99
112
112
100
112
116
94
64
102
52
81
75
91
73
81
76
73
66
45
44
52
51
60
53
67
68
69
64
70
63
75
75
63
71
65
67
73
75
68
78
74
85
80
86
83
80
67
66
60
70
68
59
52
67
43
53
41
73
74
71
42
50
395
391
396
401
401
405
402
406
265
382
7
4
19
4
14
2
49
35
34
23
70
70
89
91
111
113
130
124
96
92
98
85
128
68
78
80
50
77
63
73
75
75
43
50
69
47
47
77
79
84
73
59
49
50
61
75
74
78
80
84
74
69
72
84
92
84
86
73
64
70
82
81
70
70
65
71
70
68
69
75
58
79
70
53
57
63
69
68
68
73
73
70
68
64
73
74
113
91
90
85
80
77
60
55
55
73
31
65
54
32
10
13
51
20
2
3
14
30
44
45
35
69
60
60
48
70
70
69
38
4
72
43
6
25
67
42
55
34
65
25
54
54
77
77
93
86
100
92
96
81
85
105
91
85
90
95
106
109
101
117
98
108
114
106
93
101
95
102
90
103
96
107
96
105
92
93
94
105
85
99
91
100
94
80
69
89
84
83
100
109
98
108
91
125
123
153
134
145
137
104
130
72
78
63
65
38
76
63
60
36
34
37
87
56
38
40
48
37
37
39
40
56
103
90
37
37
50
37
36
64
89
104
96
113
100
91
90
91
91
108
107
110
125
108
96
120
147
143
155
145
150
121
142
140
138
92
88
85
92
81
96
68
86
91
77
90
88
89
73
94
83
80
88
93
86
85
94
81
95
90
96
95
107
95
104
103
95
95
109
82
100
89
88
55
87
68
76
87
89
86
81
69
77
86
94
78
77
87
103
95
98
107
88
104
80
105
100
113
102
108
101
113
105
122
106
109
96
95
92
92
87
105
119
94
108
128
124
129
132
129
140
130
109
111
113
110
96
102
93
97
94
92
84
79
71
76
76
84
87
62
84
92
71
87
81
97
74
94
82
98
99
99
110
108
103
108
112
116
102
99
110
96
104
103
91
99
95
95
84
93
84
88
81
87
90
93
97
99
93
82
100
92
98
107
82
111
86
97
91
97
94
82
97
89
97
96
114
93
99
100
105
96
83
94
80
90
95
82
60
81
93
77
95
89
91
91
95
106
100
78
94
94
106
99
103
99
110
100
112
110
107
114
108
115
112
86
99
102
97
104
83
94
81
103
102
104
105
81
102
96
82
85
99
76
67
86
83
96
91
101
99
89
67
94
96
95
104
104
104
93
101
86
87
83
95
80
85
93
85
94
91
110
90
94
90
96
90
97
98
91
101
89
93
90
98
95
83
89
101
88
84
89
98
71
102
90
98
86
87
95
92
101
104
90
94
89
97
88
96
84
78
93
67
85
94
84
89
94
93
86
76
93
87
93
90
99
101
92
101
94
117
109
98
122
116
125
214
212
225
218
214
205
216
206
213
205
108
125
117
105
111
122
108
122
109
102
98
68
106
61
86
96
109
85
85
90
97
94
98
101
72
100
96
118
115
131
111
121
105
124
111
111
103
118
109
116
119
116
122
112
120
121
118
96
108
104
93
93
100
98
66
52
38
76
79
84
34
65
78
48
61
48
48
64
64
81
79
94
94
87
101
95
104
98
111
98
114
100
104
97
111
92
108
103
119
117
103
119
104
101
115
113
104
119
125
106
86
105
104
109
113
103
122
98
102
95
112
105
100
114
107
99
85
95
104
103
98
108
103
109
102
104
98
114
105
96
115
109
98
108
96
113
105
103
92
108
110
106
110
105
102
111
95
109
92
69
77
97
88
81
101
90
98
102
100
92
97
119
116
114
112
129
104
101
112
113
100
88
113
98
93
96
107
112
117
108
89
121
118
118
106
105
122
101
109
103
111
121
118
112
111
112
101
112
101
101
103
113
119
108
116
108
129
106
114
124
120
110
116
110
109
121
108
116
112
103
107
77
96
86
110
78
106
90
97
83
93
85
110
99
98
93
83
116
112
111
122
121
114
101
114
97
123
102
112
109
101
109
98
116
101
106
107
106
96
108
100
107
99
111
114
104
115
106
116
101
109
117
106
112
111
96
105
98
89
75
114
111
100
109
101
105
91
112
106
111
79
90
100
90
102
88
102
105
95
111
111
85
67
50
78
107
97
60
54
89
35
31
80
66
33
77
77
67
95
85
60
68
79
80
80
83
89
76
93
80
81
98
98
103
114
99
104
97
107
97
106
98
105
121
104
108
123
111
118
124
115
127
110
111
108
108
97
84
94
99
57
76
71
48
86
91
91
89
100
72
71
50
72
50
93
93
91
100
91
89
76
76
91
92
94
106
108
99
109
102
114
79
82
109
88
62
111
69
62
99
98
95
98
101
114
51
100
46
58
98
59
64
103
96
98
78
69
62
93
78
105
105
119
120
121
115
120
109
105
104
115
110
104
92
77
103
98
104
101
92
104
100
102
106
104
108
92
108
91
100
100
102
95
85
93
99
99
89
84
90
93
79
82
69
85
85
82
91
82
91
91
79
86
85
94
100
86
93
99
102
93
91
109
104
102
57
67
99
107
49
85
81
85
103
80
97
98
77
78
78
93
92
99
94
104
95
98
92
98
90
99
93
101
89
99
103
109
102
107
111
92
98
100
50
41
89
81
78
33
60
71
78
79
78
78
68
81
69
83
60
77
76
91
90
83
83
93
85
91
90
108
89
104
92
102
102
110
97
104
109
111
98
90
82
111
102
97
103
97
106
95
91
100
85
75
88
108
73
86
86
76
85
59
57
83
58
49
56
105
90
85
101
57
60
78
79
78
77
92
81
55
31
39
63
38
72
89
82
86
42
62
62
82
82
99
99
98
111
111
104
110
100
108
99
98
107
83
103
94
90
98
104
94
65
82
74
88
82
93
87
90
96
71
69
96
99
99
119
104
109
102
118
102
117
107
101
114
114
106
115
117
111
123
109
127
109
108
119
119
109
102
94
115
116
104
105
112
116
106
84
71
80
108
102
94
53
85
46
107
65
42
72
88
86
61
85
63
56
56
82
81
100
93
91
108
104
96
109
86
93
82
91
104
99
91
88
99
95
102
106
98
110
114
110
120
107
120
110
123
114
123
123
117
112
119
112
110
117
104
114
90
112
103
96
101
99
94
115
99
120
104
120
110
119
119
113
125
107
122
120
117
121
112
120
123
118
109
119
108
116
113
114
112
114
103
115
108
113
107
116
103
115
108
107
104
106
103
96
113
95
96
97
111
96
107
97
102
97
105
103
99
106
112
112
106
113
118
121
110
114
114
129
131
116
124
109
104
112
101
117
103
100
123
114
109
109
115
122
115
121
115
119
108
113
104
107
116
119
112
121
115
122
112
118
123
124
121
115
107
113
106
104
64
75
78
99
84
79
113
96
114
102
118
118
46
118
33
106
56
84
70
94
69
89
86
88
75
86
86
104
102
116
108
116
102
114
106
112
105
113
101
97
99
113
114
97
116
100
113
98
102
118
112
100
115
101
112
110
116
107
113
109
112
114
114
102
106
114
112
106
108
96
97
105
102
105
67
87
61
79
88
106
91
91
107
89
105
93
109
114
106
103
100
94
103
99
101
95
75
90
95
84
97
102
81
73
110
93
106
118
490
475
478
425
434
64
476
467
443
432
96
76
93
62
54
71
70
92
105
92
107
117
108
117
112
115
107
111
105
108
110
103
106
98
91
110
98
100
111
723
711
718
691
701
682
668
688
50
707
727
31
20
11
13
10
17
16
6
33
32
47
40
57
66
57
86
85
105
101
104
111
98
114
112
127
107
110
117
121
121
120
90
115
101
129
110
104
109
96
106
114
101
95
108
102
87
111
106
118
102
103
109
111
102
99
119
97
110
106
102
102
105
95
103
97
113
96
105
95
108
111
109
130
103
120
105
113
106
122
87
73
109
94
118
132
130
32
97
92
74
26
119
78
79
82
88
56
73
72
94
93
113
103
116
112
114
73
66
51
41
32
102
96
83
123
4
3
4
5
5
1
7
32
31
51
51
74
86
74
84
97
99
98
119
96
93
93
113
88
67
76
77
97
89
78
63
68
62
61
42
53
64
29
64
62
37
55
55
73
73
94
93
113
112
162
149
152
159
158
143
151
146
151
92
149
113
98
98
109
98
105
99
93
96
96
99
110
101
114
104
118
103
117
101
103
84
108
95
102
104
91
73
93
79
79
104
84
92
85
75
82
91
93
65
75
93
82
91
81
96
91
85
88
82
97
87
94
79
101
89
93
93
106
104
105
98
106
99
105
102
98
85
107
110
105
118
108
114
109
114
109
119
113
107
113
113
101
106
99
104
97
103
95
108
83
83
85
96
95
86
93
85
89
84
72
93
100
85
101
87
94
104
110
101
88
96
113
91
109
85
80
99
79
83
90
78
72
77
78
84
96
90
96
86
90
97
103
95
86
101
84
88
101
99
84
93
91
91
101
98
96
98
82
92
105
105
96
92
110
93
83
99
92
96
96
89
95
87
91
117
113
122
109
111
113
104
105
112
90
102
96
96
105
97
110
99
111
102
99
108
94
105
103
96
98
95
99
97
103
98
107
102
111
108
114
107
106
114
107
114
111
106
112
105
112
110
103
111
103
97
105
107
106
99
105
101
114
106
101
118
105
110
116
110
127
127
106
110
127
129
116
121
118
102
108
88
113
103
89
109
97
96
107
107
106
93
79
105
96
108
92
90
97
100
91
89
97
93
55
96
66
90
85
100
75
108
99
88
105
114
104
73
76
88
76
97
90
87
103
94
93
88
92
99
101
110
83
101
89
102
90
80
94
74
91
89
84
66
83
70
99
110
103
106
97
101
100
63
110
111
104
92
96
90
91
98
87
79
87
93
88
99
87
97
73
84
98
86
104
95
112
98
103
95
108
78
96
88
100
84
92
77
90
97
88
91
98
91
94
97
99
95
85
107
82
87
86
80
64
78
85
91
75
91
92
90
99
89
96
98
89
96
98
82
96
90
88
67
60
33
43
102
27
52
85
72
59
58
53
63
54
62
68
67
83
82
78
73
74
91
79
94
89
80
93
87
91
100
102
80
94
77
88
75
73
76
93
78
90
88
91
85
94
88
102
92
89
89
92
102
99
73
46
87
27
62
81
52
32
57
72
37
61
38
62
60
61
78
79
93
85
89
85
92
93
78
85
100
94
98
88
83
98
90
94
83
88
94
92
87
78
100
89
94
101
90
99
92
100
93
100
89
75
97
87
22744
22782
22750
22745
22762
22743
22773
22776
22766
156
110
79
65
66
71
73
71
81
80
82
107
106
100
91
109
87
112
101
108
100
110
104
100
96
101
99
124
113
131
123
130
117
130
113
167
188
178
173
173
153
165
163
164
167
102
90
103
91
97
92
93
115
107
111
107
120
111
96
100
113
104
111
97
103
95
108
90
90
110
105
118
77
100
86
103
113
161
155
155
157
144
149
150
72
40
147
61
46
57
145
31
78
81
76
53
71
71
85
69
87
86
103
105
116
104
104
114
114
101
112
109
111
105
106
82
100
90
97
87
90
100
89
85
94
93
90
99
77
96
94
94
87
84
75
85
66
75
75
93
97
84
117
113
115
141
125
132
151
135
138
121
131
124
122
80
105
125
113
79
108
243
230
211
173
158
155
149
148
245
258
5
9
10
19
18
47
47
45
46
45
46
38
38
40
43
4
5
5
15
6
12
20
43
29
28
4
11
7
7
6
8
10
13
5
3
8
11
34
37
32
38
39
43
46
47
43
34
34
6
15
13
20
10
5
5
10
17
14
4
16
6
7
11
19
29
19
10
21
9
4
3
13
9
5
6
7
47
42
44
62
69
62
70
83
84
103
74
92
97
77
71
89
99
93
94
104
75
101
97
92
101
87
98
116
126
106
115
83
95
102
115
102
66
60
52
43
88
112
113
14
79
18
4
5
36
31
45
59
56
58
45
91
90
107
105
112
110
105
125
119
133
99
109
126
116
124
134
122
106
127
85
58
40
85
110
44
46
29
77
50
50
48
50
27
23
45
46
127
88
42
44
45
42
40
74
93
86
94
93
102
80
79
77
84
93
85
106
99
109
96
88
106
111
109
121
110
114
121
130
109
134
131
129
138
130
120
131
112
127
118
106
113
106
115
105
115
108
138
121
140
138
147
107
97
77
131
141
78
113
55
70
98
10
15
79
73
4
10
3
18
15
48
40
58
58
73
74
78
78
94
95
85
91
104
116
108
109
116
119
111
102
111
76
77
45
71
35
30
53
60
79
60
36
58
43
66
67
84
85
100
95
105
94
95
103
94
98
88
96
77
95
82
95
83
88
94
77
94
84
93
90
105
87
83
100
80
84
91
88
83
87
78
91
87
89
97
91
90
101
95
98
103
83
93
103
95
111
104
96
116
98
113
98
113
103
111
100
113
105
111
108
105
113
103
110
109
106
111
109
112
101
111
109
112
101
110
114
103
110
108
105
111
88
70
29
43
72
92
108
36
54
