53
29
28
37
33
296
300
255
106
105
137
104
127
100
26
311
114
96
283
117
27
226
92
273
271
271
284
292
270
276
239
77
247
146
101
88
107
77
105
88
94
78
128
120
137
115
59
51
118
103
97
30
112
45
89
102
9
6
37
51
17
38
33
9
27
25
21
6
8
15
16
24
43
51
45
70
75
75
89
92
89
116
126
111
108
108
88
103
111
98
97
114
101
110
107
118
109
97
106
107
87
101
110
104
107
99
107
108
79
103
100
107
113
104
108
86
98
103
101
95
111
95
113
95
99
94
95
111
107
112
98
113
104
118
109
110
117
101
118
96
98
111
89
92
105
109
100
115
112
100
119
119
125
116
126
114
116
110
114
108
116
94
116
107
119
111
109
84
117
97
92
100
102
81
95
110
98
95
95
101
93
151
149
129
150
149
148
161
159
163
109
108
121
96
109
120
117
77
79
104
92
59
90
99
77
84
81
71
68
82
85
79
76
93
88
99
91
97
84
91
98
98
90
84
87
95
83
77
80
91
84
77
102
96
97
103
95
104
103
113
105
103
87
91
91
71
89
98
99
96
92
108
77
96
78
81
91
91
105
95
107
108
118
116
124
121
113
105
106
96
102
105
97
80
99
93
89
95
83
97
86
85
92
95
91
87
80
89
86
97
95
89
100
87
82
96
82
90
96
90
96
104
97
101
114
93
83
91
97
102
93
100
93
99
98
103
102
103
90
82
93
92
80
74
88
85
90
82
96
82
92
90
80
89
82
88
83
72
80
91
82
94
74
83
91
84
67
86
79
82
76
82
75
75
75
90
62
81
88
85
91
86
86
70
92
74
87
80
73
91
78
81
75
72
72
82
74
55
45
32
41
27
72
75
17
4
3
3
6
6
18
14
29
23
36
34
20
18
24
30
11
4
16
38
48
42
58
56
64
63
84
86
77
76
103
91
101
86
73
69
91
77
83
63
91
70
94
88
95
100
87
80
105
88
60
76
61
97
73
67
89
88
89
87
79
94
94
8325
8340
8337
8356
8347
8380
8371
8367
8388
172
170
152
149
134
162
141
148
150
139
132
119
122
98
74
97
84
88
60
111
106
145
134
146
125
118
119
144
93
134
85
144
110
97
113
94
103
132
118
139
84
136
132
176
161
178
125
158
64
170
116
126
97
148
44
23
5
5
4
26
45
49
67
65
63
90
95
100
99
117
115
125
149
140
161
127
143
115
111
115
160
142
138
131
144
137
1236
1241
1210
1236
1219
1219
1212
1222
1212
1213
126
117
135
132
118
111
97
112
128
163
151
175
165
153
151
160
161
161
160
133
127
117
115
114
105
104
121
103
117
116
108
112
115
117
113
121
116
123
102
113
122
109
126
106
103
115
120
100
110
105
114
112
113
111
127
117
127
109
127
120
122
132
113
139
132
117
129
116
120
125
120
98
110
117
103
115
103
122
120
103
108
126
111
120
108
126
107
120
106
107
107
108
91
106
114
113
98
110
95
97
113
97
117
124
127
115
125
123
122
118
109
104
118
118
90
108
108
100
110
117
111
104
124
102
121
113
125
113
119
107
124
115
125
112
103
124
109
124
110
111
118
124
108
126
115
125
110
126
119
118
135
123
140
123
132
123
134
120
127
101
87
127
90
106
99
88
103
96
103
95
95
94
100
108
116
103
115
104
116
104
120
110
120
92
100
106
109
96
76
104
108
83
98
80
96
95
98
86
102
91
93
106
113
111
118
108
117
101
113
101
112
101
105
86
93
91
102
106
94
104
100
105
98
95
118
110
111
99
97
105
96
91
96
88
81
102
98
90
88
87
78
102
102
95
115
109
113
113
129
120
244
236
246
234
246
235
238
217
230
220
90
97
90
72
77
102
76
92
93
98
92
97
91
104
101
92
89
110
110
114
107
118
100
113
111
116
107
113
102
112
109
112
101
104
111
111
103
108
106
109
106
103
110
108
105
107
101
109
102
110
103
110
106
111
98
111
109
88
96
108
110
98
103
97
109
97
112
102
115
99
111
99
90
102
108
92
104
104
80
89
86
93
72
73
90
88
81
75
88
86
80
87
79
80
95
75
84
91
88
80
86
90
74
75
80
67
73
89
89
92
88
99
87
88
106
98
106
91
102
78
88
68
92
68
91
79
84
75
80
77
72
89
89
82
98
97
96
112
102
115
117
105
87
124
115
124
131
110
140
119
108
110
98
70
80
87
78
88
84
96
104
96
100
111
105
117
108
128
107
101
94
101
95
103
71
89
95
91
99
94
104
93
100
97
85
102
95
99
93
108
94
99
104
97
111
94
106
102
94
103
107
96
103
92
107
93
84
107
103
104
93
98
102
83
93
96
82
98
79
90
86
92
56
18
83
37
18
54
52
66
77
5
2
15
4
16
3
16
3
22
35
27
33
50
43
43
55
57
68
67
79
80
100
95
99
108
109
90
98
114
98
113
95
114
96
107
98
102
101
112
99
111
104
110
103
110
103
110
107
110
103
110
103
110
98
109
101
96
105
93
105
101
103
102
92
98
104
107
97
95
100
92
94
99
104
92
90
105
103
95
108
101
107
96
105
108
100
111
111
99
109
97
108
102
110
122
104
104
113
104
119
121
103
119
110
108
106
110
107
115
104
124
129
117
120
126
102
134
112
100
114
89
106
87
96
95
98
83
100
95
114
92
97
81
82
80
100
113
108
116
112
109
132
131
145
142
122
137
118
117
107
123
134
90
113
81
104
78
100
84
92
92
102
93
92
106
111
114
107
127
119
128
107
118
111
97
120
107
93
111
88
107
101
111
99
102
99
100
114
113
97
91
95
96
94
102
95
107
106
80
29
55
37
62
92
52
61
3
3
4
4
17
21
16
24
34
41
25
22
16
33
36
5
7
18
6
37
26
47
52
50
78
76
98
97
116
97
111
107
112
112
110
99
108
106
110
102
103
108
109
91
97
91
107
91
104
95
108
106
129
120
120
123
114
120
126
133
121
115
104
106
114
125
123
129
118
128
129
127
122
118
107
111
102
104
102
92
81
101
101
88
89
69
100
88
74
75
98
70
82
72
90
96
70
94
101
99
95
92
87
87
80
80
94
87
93
86
97
93
90
85
98
100
106
92
92
105
108
101
107
96
109
78
99
93
64
78
100
106
101
90
104
104
105
94
114
110
123
96
106
118
103
102
118
102
121
120
98
114
107
112
104
115
103
113
111
113
106
106
111
105
77
89
112
105
94
107
100
107
102
96
82
92
110
102
105
99
107
94
108
97
100
87
98
87
81
94
91
80
70
83
94
98
76
86
84
100
105
96
88
79
93
88
105
84
104
104
117
110
124
122
134
131
8420
8432
8427
8459
8467
8459
102
84
57
52
8428
8448
8441
8424
3
2
14
78
27
92
39
32
47
20
20
58
20
45
60
21
4
3
8
19
20
43
51
49
51
57
46
57
47
58
48
41
50
32
3
2
4
3
10
7
10
38
45
16
14
35
24
6
5
7
8
2
4
5
7
5
4
28
5
10
7
12
3
9
9
34
32
41
57
45
62
73
57
72
85
85
71
91
97
96
88
102
94
107
94
97
104
87
105
108
106
94
108
94
91
103
103
95
96
95
80
90
73
104
100
102
98
89
80
121
131
125
119
136
131
135
128
129
100
107
99
103
91
92
104
104
106
106
97
85
96
81
91
89
101
94
111
93
99
99
111
110
101
118
112
109
102
106
101
109
96
97
94
95
104
71
83
100
103
83
100
89
100
90
95
72
98
90
91
102
82
87
104
92
112
98
105
97
102
111
98
117
89
112
94
109
92
102
89
89
102
110
97
107
100
106
99
103
101
109
106
105
102
101
99
105
97
107
103
102
108
100
108
113
110
106
98
102
95
98
100
89
77
97
98
92
107
92
111
98
97
113
102
97
89
120
105
96
99
114
108
98
100
109
96
117
97
106
111
110
107
100
105
96
95
75
82
64
101
91
98
87
96
102
87
53
79
78
89
95
105
105
106
89
103
90
95
84
103
91
97
95
87
100
93
108
94
108
108
103
104
95
103
93
102
88
98
94
97
111
97
92
98
100
109
98
111
107
84
99
93
90
107
100
89
83
101
96
95
91
96
76
105
90
92
89
88
97
90
104
75
89
82
90
59
46
98
92
78
66
96
101
101
67
69
61
76
77
95
94
113
102
84
106
100
97
110
108
73
85
92
70
99
88
102
92
111
92
105
89
108
108
120
111
115
112
122
115
122
113
106
115
124
119
110
89
98
109
92
107
81
101
98
96
107
90
69
86
78
96
88
78
70
84
69
56
79
99
97
100
86
124
91
90
116
124
131
109
121
88
104
112
99
76
78
87
88
89
107
104
101
117
102
106
117
108
107
124
100
92
114
122
117
117
115
113
103
96
92
86
103
97
94
55
77
68
108
90
50
80
54
84
74
62
62
80
80
97
97
85
106
104
98
116
108
83
95
94
102
119
105
117
98
115
109
125
117
56
75
72
34
20
122
115
46
7
11
8
31
33
29
5
5
10
8
6
5
22
37
17
18
17
23
41
25
19
4
9
19
16
6
7
9
30
5
3
8
4
4
10
12
22
6
9
27
9
19
16
20
18
35
26
39
31
37
39
41
64
60
67
56
57
80
71
94
94
107
92
99
110
112
116
105
116
99
117
103
121
101
112
105
112
106
109
104
110
108
111
103
111
109
85
108
113
103
123
95
102
90
110
105
99
105
111
100
114
106
112
102
114
98
107
97
114
106
98
108
100
89
103
90
103
97
107
95
109
99
113
101
115
104
111
110
114
117
105
116
107
110
104
108
113
129
115
102
112
105
126
110
111
124
103
117
100
118
109
98
109
97
108
100
113
103
108
83
117
97
100
111
117
125
119
111
92
113
108
119
106
120
121
102
112
111
99
96
97
105
94
105
95
107
106
95
94
108
103
96
106
89
82
96
83
103
103
93
106
93
101
108
119
112
89
104
54
104
73
31
69
43
77
30
4
3
13
5
20
2
4
19
8
7
6
4
4
14
18
21
24
32
47
43
34
24
23
26
39
30
48
4
6
14
4
4
24
26
24
15
27
21
12
8
8
11
7
11
4
7
5
17
27
25
30
29
38
34
18
6
22
36
34
6
6
24
26
38
30
36
47
48
36
60
55
72
49
55
52
7
4
9
64
17
14
5
8
14
10
41
27
34
42
68
66
81
83
86
106
108
135
143
142
472
477
463
464
464
478
467
461
461
447
142
129
144
125
132
122
118
126
108
118
101
109
99
115
112
100
116
103
120
109
117
108
118
101
103
110
92
107
101
88
98
87
92
90
94
97
77
87
91
83
94
88
88
83
84
87
87
87
104
98
104
97
108
107
77
71
67
58
55
43
90
93
4
3
11
17
23
15
13
18
34
29
36
44
52
31
40
28
41
38
17
45
7
8
6
4
5
2
9
14
10
8
18
36
52
42
35
47
38
80
80
25
20
17
71
49
78
64
24
13
29
11
29
28
22
19
26
10
3
5
6
24
38
49
44
35
49
60
42
574
46
50
556
560
40
42
597
589
581
6
10
16
22
19
20
19
4
3
19
25
26
42
31
40
76
74
45
34
42
24
72
28
76
4
5
4
12
2
19
5
9
21
25
31
21
24
23
25
32
5
5
13
9
4
44
26
51
50
75
70
70
73
55
55
68
69
47
5
8
21
29
15
30
23
38
6
21
25
30
17
18
40
55
46
51
47
49
78
78
101
102
107
112
106
113
122
101
74
63
43
105
92
30
45
53
51
54
56
66
63
56
108
110
109
115
114
135
123
108
103
115
127
130
111
127
119
128
120
126
110
119
115
57
97
34
51
105
82
66
112
112
62
113
72
71
89
88
88
80
49
36
30
100
61
102
111
39
87
3
10
4
11
24
3
3
2
35
28
34
31
59
39
14
50
52
25
17
56
3
5
2
3
4
4
15
6
4
12
35
15
8
24
22
31
37
33
52
43
68
70
63
69
80
90
88
93
98
103
89
104
95
92
112
97
106
89
103
107
109
102
108
61
54
78
93
82
82
95
93
93
90
106
73
69
54
84
81
83
105
101
100
113
98
102
77
102
100
120
105
119
109
113
110
102
121
96
83
95
109
108
102
115
108
120
108
110
92
103
104
107
90
96
98
97
85
97
91
85
88
81
99
78
85
94
97
89
96
96
90
106
107
82
77
71
82
103
52
64
88
87
89
82
71
82
95
91
84
94
94
123
115
123
99
113
104
117
113
116
95
107
100
95
101
96
105
105
90
110
101
99
76
60
83
94
90
101
111
99
117
105
106
93
97
114
105
105
107
90
99
97
105
103
93
86
114
105
122
113
127
102
120
107
103
114
111
109
113
100
117
105
117
101
79
75
41
52
92
60
110
29
4
3
17
8
19
5
24
6
5
23
32
21
40
30
11
28
13
9
10
6
4
37
35
21
41
55
57
69
68
59
72
76
75
82
86
82
91
72
90
74
90
82
75
83
90
88
73
93
73
80
94
88
96
93
100
103
113
98
82
97
92
100
80
93
96
85
101
91
98
90
91
100
88
105
98
99
99
97
111
104
97
88
82
93
72
86
95
97
75
82
86
89
97
95
100
94
95
93
110
80
95
95
99
100
85
97
97
90
94
88
101
96
97
104
92
110
86
88
97
91
94
85
35
72
42
16
69
59
15
50
3
16
18
31
51
54
56
51
52
72
66
84
83
96
83
95
103
92
104
92
89
100
100
90
90
95
100
88
102
89
98
94
89
100
94
101
93
103
92
93
93
89
103
101
91
98
78
91
103
94
105
94
88
95
108
97
105
98
100
93
95
98
105
92
99
95
93
105
108
116
101
108
92
97
110
104
85
98
100
82
91
83
101
89
90
94
90
85
91
96
94
71
73
67
93
96
89
103
78
91
107
98
95
94
71
111
100
96
103
80
95
100
90
85
79
97
91
106
93
92
79
99
92
91
92
84
90
95
87
98
97
93
102
79
101
103
89
98
102
88
90
86
87
83
83
99
90
84
74
93
83
99
86
92
86
95
90
92
101
103
92
81
99
88
82
96
85
78
68
83
86
73
75
77
89
99
91
98
92
110
102
110
99
108
109
118
111
119
107
117
108
92
105
113
91
111
99
100
93
100
92
87
86
70
59
61
58
54
83
15
12
15
23
31
24
36
44
49
55
55
55
43
62
76
73
65
82
68
80
46
31
39
100
76
74
54
68
69
69
79
81
83
102
94
100
90
103
93
108
99
101
80
84
76
98
102
96
113
26
41
115
28
27
81
38
69
4
18
16
34
44
23
47
10
9
34
19
21
5
5
4
3
32
39
45
39
38
58
63
67
70
74
67
59
81
79
94
93
86
109
119
117
133
128
121
105
126
127
130
115
119
107
119
109
105
116
100
98
109
99
74
84
105
78
89
93
116
103
121
97
105
104
106
125
114
101
110
97
103
92
100
97
80
106
103
97
106
107
102
117
102
96
83
104
110
102
114
104
118
106
118
117
123
129
120
119
123
121
101
97
117
122
114
107
114
106
101
108
99
97
92
92
98
90
98
75
85
98
96
81
79
89
106
93
102
105
97
99
111
116
120
102
116
110
114
106
82
88
121
106
106
100
100
92
106
103
96
95
95
117
105
107
100
100
92
97
100
79
89
101
92
97
104
96
114
104
102
102
111
106
114
117
92
54
112
101
69
70
82
121
91
100
81
61
70
64
74
90
90
89
98
104
104
99
105
99
118
99
106
109
112
103
85
94
109
107
95
68
45
93
107
85
91
97
78
87
97
61
80
80
101
101
122
117
115
118
98
112
91
105
111
104
93
108
121
104
119
111
121
122
131
102
122
105
80
117
108
115
114
118
117
122
139
133
154
116
104
95
114
69
20
61
49
39
75
92
88
3
1
21
20
19
29
23
59
58
55
70
67
72
63
42
53
55
71
69
68
79
80
52
73
72
95
87
103
97
99
106
99
98
114
94
112
99
113
100
115
106
105
114
94
110
100
107
100
109
101
106
110
103
117
109
131
121
142
134
141
130
139
135
129
112
124
111
83
96
102
18
70
21
99
80
67
42
33
52
4
4
8
23
24
4
29
29
25
28
104
105
48
127
43
44
76
91
89
101
102
120
73
53
113
76
39
84
78
59
33
5
17
18
10
15
55
38
23
25
16
55
20
12
14
16
17
35
50
27
48
6
3
5
4
11
6
7
15
11
32
10
7
34
31
5
7
5
2
5
38
15
34
56
55
73
76
67
75
93
85
70
86
29
40
84
49
88
63
10
12
19
16
14
63
56
72
81
99
99
118
107
111
108
130
118
112
119
124
110
113
129
129
120
111
119
110
111
101
126
111
128
109
125
138
129
122
142
141
132
132
121
136
137
121
126
103
136
128
114
96
105
138
121
69
117
67
83
118
147
118
104
129
128
125
121
119
127
124
132
121
113
105
119
112
103
105
99
105
95
112
112
98
108
110
107
113
98
112
120
101
121
140
130
136
128
134
131
135
121
129
113
113
100
91
144
135
136
143
136
122
142
140
141
131
114
99
99
84
76
114
70
90
91
81
96
68
91
91
91
92
84
112
109
114
104
122
112
112
102
89
104
105
108
97
104
97
105
82
64
100
93
86
69
97
81
90
83
92
86
83
86
82
101
85
95
101
99
96
95
105
100
110
102
117
107
107
112
117
99
107
95
108
102
106
104
111
107
111
108
115
103
116
110
121
103
121
96
118
102
118
110
92
106
95
110
119
113
112
104
107
105
115
112
123
109
113
106
109
113
113
111
115
102
114
106
111
104
100
109
107
101
100
96
77
82
108
102
66
96
89
79
95
93
98
100
96
87
105
99
98
95
104
97
114
110
18826
18816
18839
18840
18856
18849
58
36
18815
18848
18826
18861
78
90
16
31
28
52
57
53
59
58
59
82
69
79
85
84
95
94
106
88
94
118
104
101
98
102
88
55
101
89
88
16
19
34
47
26
51
17
20
29
53
48
12
28
2
17
9
13
34
34
60
63
59
62
84
83
67
78
74
78
95
102
89
91
84
57
43
71
70
19
80
56
32
26
87
19
3
9
4
10
29
12
6
20
44
68
46
62
57
72
75
86
84
101
100
113
106
108
95
100
108
107
100
110
107
104
106
109
94
110
101
107
100
107
105
105
108
115
104
112
104
116
100
113
101
104
114
107
115
113
104
100
108
112
109
102
111
99
107
106
99
103
104
87
101
81
72
95
88
94
82
90
87
76
72
81
81
88
77
90
79
66
85
69
94
86
96
84
76
96
98
88
102
103
110
93
100
97
101
93
93
104
103
93
102
95
99
104
93
104
99
108
86
106
112
100
105
94
86
109
58
82
88
108
34
86
32
64
34
98
7
17
26
26
40
51
45
59
48
63
63
82
80
92
92
110
109
106
104
106
99
84
91
108
98
90
107
93
105
95
97
96
109
101
107
110
103
110
102
109
108
102
108
100
106
88
98
109
98
108
98
111
99
107
95
107
100
103
109
109
107
108
97
110
103
109
100
106
104
97
109
108
102
107
101
109
107
128
121
126
121
123
111
117
104
119
90
101
91
97
95
95
103
85
103
96
98
92
99
99
104
98
103
90
103
86
91
100
90
102
100
87
81
93
88
89
89
104
82
91
102
88
97
101
95
102
89
100
92
102
93
104
96
101
88
91
101
79
99
92
95
89
92
97
102
91
101
91
84
48
60
72
90
37
90
66
80
87
83
51
68
66
85
84
95
96
95
97
102
107
102
97
99
106
96
109
103
94
98
91
100
87
87
85
93
100
106
105
109
95
110
102
113
121
121
112
103
97
92
109
97
101
106
113
103
117
117
126
117
128
113
123
113
123
112
117
103
111
116
103
110
106
85
98
96
90
80
99
89
98
97
100
83
84
104
98
115
96
106
89
97
102
91
111
101
104
118
108
120
120
112
121
111
117
109
115
108
115
105
110
106
107
94
112
100
114
96
107
107
107
100
83
110
104
101
105
106
94
98
109
104
114
95
107
105
109
101
95
111
104
98
106
98
108
99
108
96
87
96
105
95
100
90
94
108
103
72
92
102
113
111
119
100
111
109
109
97
111
103
112
103
114
102
109
96
98
106
98
101
90
101
103
89
102
101
108
110
112
110
114
106
114
112
118
89
115
107
98
103
108
98
84
95
102
102
99
112
92
103
101
99
111
94
110
94
108
89
103
104
76
30
83
42
16
102
96
47
63
52
3
5
4
13
8
16
24
13
9
29
20
6
2
4
20
12
25
21
14
28
17
10
4
20
36
30
36
43
50
62
63
80
79
95
105
101
88
99
105
96
102
87
61
97
41
21
16
12
69
34
71
85
9
12
9
4
11
11
4
16
16
44
45
56
51
65
67
69
87
90
101
88
106
99
107
88
91
95
99
96
103
94
101
91
107
96
93
109
107
97
104
110
100
107
95
93
105
111
108
107
96
90
101
98
105
81
91
103
70
91
102
85
100
102
95
100
99
112
100
94
96
95
107
96
104
99
99
105
100
106
109
103
88
95
108
97
88
83
91
99
80
92
93
76
98
98
121
104
106
106
120
108
116
110
114
113
98
98
109
104
98
90
96
89
117
99
108
96
94
106
107
105
112
91
89
89
101
90
101
107
96
103
94
112
101
104
95
90
98
105
92
89
102
102
90
103
102
116
97
117
101
107
121
112
120
114
126
121
123
88
96
111
103
116
111
116
106
120
123
114
136
123
118
129
110
98
132
123
133
96
59
109
74
80
122
89
89
108
92
108
86
86
104
84
106
85
125
113
112
127
113
117
58
87
390
378
365
373
375
377
117
378
85
105
50
379
449
451
98
92
96
74
95
94
106
106
122
117
122
115
102
123
117
135
127
132
124
125
129
130
123
111
96
116
115
107
114
113
121
122
116
125
139
120
105
119
127
114
110
125
90
113
105
122
112
124
104
106
118
119
109
104
116
120
113
117
109
114
105
104
116
105
115
114
115
109
122
112
128
102
114
125
111
128
112
127
121
129
123
138
130
134
140
127
119
133
117
133
129
113
119
118
137
123
144
134
143
135
141
128
140
126
124
116
111
108
94
34
101
55
42
68
114
26
80
74
14
15
24
21
40
37
23
46
33
55
72
72
83
66
64
72
79
89
89
86
110
97
111
103
114
104
105
113
105
106
117
104
114
101
102
114
117
107
124
112
131
120
134
136
113
123
136
116
120
128
108
95
122
119
112
123
108
115
107
123
113
111
101
118
110
103
124
117
130
114
119
113
110
112
100
69
89
82
73
78
67
77
73
84
78
71
75
79
79
83
74
60
63
68
61
73
80
52
85
82
84
85
89
88
64
41
53
85
97
26
31
98
