48
73
87
87
88
76
84
130
135
125
130
131
136
102
114
105
108
101
106
122
127
140
112
143
126
128
105
108
138
114
146
130
120
119
124
110
115
149
126
102
165
153
144
140
126
125
109
85
107
107
99
105
112
114
102
127
109
109
119
91
120
114
115
131
101
121
110
95
110
110
101
106
113
112
118
115
125
121
146
138
147
142
125
142
131
128
141
103
52
67
79
94
92
80
112
96
85
90
75
90
114
104
88
83
106
100
113
114
125
106
118
112
120
105
114
126
135
130
136
142
146
139
113
145
131
134
150
119
129
139
111
103
118
101
117
128
125
101
95
103
109
141
126
140
103
126
159
512
518
487
490
484
468
461
448
130
170
42
44
47
52
56
60
61
41
43
3
3
10
23
23
30
47
11
18
22
23
42
45
9
26
42
43
69
70
63
77
78
79
68
72
97
90
112
109
122
113
117
104
135
129
140
130
137
125
131
120
133
110
101
94
103
111
79
69
58
61
56
72
96
85
8
4
9
5
18
16
24
37
35
395
393
388
387
415
414
430
425
441
100
109
97
105
104
116
105
127
130
123
128
118
123
117
121
112
113
104
107
95
95
108
105
95
109
98
115
100
112
104
112
104
115
102
112
97
100
107
105
94
115
102
114
107
116
108
112
112
113
93
105
103
109
91
97
105
120
118
133
124
153
144
559
563
523
506
552
526
534
550
521
44
77
41
523
42
43
41
41
39
82
109
92
91
66
68
53
76
52
55
58
60
66
65
60
61
66
67
75
51
69
61
74
101
96
108
114
115
63
108
90
87
86
75
87
80
101
58
77
84
80
49
60
73
54
21
53
42
20
35
5
3
4
11
11
8
4
15
4
14
8
13
34
48
45
49
42
49
47
33
33
18
49
51
45
28
47
7
14
27
24
36
51
49
51
57
49
63
56
62
74
74
89
83
80
92
95
74
97
82
98
86
99
87
85
100
96
109
98
107
93
95
102
89
100
83
100
92
90
98
84
100
90
96
88
103
87
107
93
109
103
83
103
92
5284
5277
5271
5280
5277
5270
5291
5280
99
107
110
113
118
135
181
192
198
183
205
197
209
209
209
205
130
134
129
131
116
124
117
119
127
122
86
106
95
129
66
96
87
71
106
111
99
98
104
121
115
130
136
135
149
108
113
108
118
95
107
96
98
105
96
107
101
107
95
103
92
105
103
33
90
48
85
24
65
58
74
40
4
7
6
15
24
34
27
39
34
49
51
74
55
63
75
71
67
58
77
70
85
83
104
102
103
104
122
109
122
110
122
130
130
125
133
112
127
119
125
118
118
107
117
110
114
100
112
100
112
101
116
108
117
115
120
115
122
114
122
114
123
121
124
116
90
119
99
112
113
111
106
99
105
103
110
107
91
101
121
113
104
114
105
100
121
118
110
125
126
120
110
105
117
96
115
102
85
95
104
100
87
82
95
101
96
103
79
100
93
107
115
104
104
126
113
116
115
105
134
119
117
114
99
101
99
90
111
84
85
94
83
94
98
95
93
107
98
115
111
115
101
112
103
117
110
114
101
109
97
104
115
112
120
116
109
112
105
109
104
96
99
88
104
91
106
94
100
100
106
100
115
104
116
101
111
100
112
105
107
97
90
101
102
93
109
103
90
102
111
106
110
114
99
105
101
98
99
118
105
105
112
123
114
116
108
119
108
119
115
116
104
115
112
111
103
109
101
104
98
104
107
107
97
111
106
88
107
97
123
104
117
106
116
104
109
119
121
103
112
109
110
97
107
102
104
96
105
91
102
89
103
97
102
84
91
78
103
91
98
89
83
96
78
70
91
100
81
86
85
95
49
20
22
35
53
42
83
54
73
6
4
5
14
16
12
21
14
30
17
5
7
4
12
10
4
4
19
23
23
14
19
3
26
22
31
32
16
18
39
34
37
8
6
26
26
33
40
48
29
27
38
17
31
6
11
3
3
17
14
7
14
5
10
5
20
4
7
10
8
8
28
30
49
47
61
57
60
92
94
104
106
100
115
121
101
89
76
93
82
112
112
110
117
108
99
81
115
103
103
115
113
121
107
120
125
119
109
116
125
113
133
101
79
75
66
56
44
106
116
36
33
85
15
7
15
8
3
4
14
27
14
14
23
26
53
24
22
37
30
51
50
50
53
49
29
51
30
27
18
17
39
54
110
108
132
117
121
114
116
117
117
64
53
111
3
7
26
5
6
15
24
35
54
65
53
75
72
85
86
88
46
37
58
34
84
73
104
93
102
7
6
16
15
4
27
5
14
18
17
11
14
42
41
27
22
18
19
31
25
37
45
43
8
6
26
28
16
12
16
5
47
48
52
43
64
74
69
42
22
10
73
19
24
5
6
15
15
23
10
11
25
35
37
5
10
32
6
6
4
10
8
24
5
19
7
5
22
31
25
18
32
33
42
53
59
57
75
61
76
78
79
93
93
109
96
118
112
104
107
121
116
123
110
119
88
96
113
106
106
102
95
105
95
115
99
113
114
108
108
119
107
114
90
98
80
71
104
97
102
100
92
99
112
99
102
107
112
116
105
119
110
118
104
123
107
114
106
99
112
107
110
111
108
110
99
105
101
107
102
108
106
99
107
104
87
97
95
106
112
95
107
95
111
96
115
100
114
111
113
105
110
99
111
103
109
102
110
105
99
108
92
119
103
114
88
103
105
99
103
106
108
100
113
103
121
104
117
109
120
113
116
91
108
83
103
103
106
103
107
95
102
103
113
114
113
110
114
100
73
90
52
17
29
85
42
75
14
26
23
33
26
51
51
50
66
53
71
70
84
87
82
86
106
106
101
114
116
110
124
115
132
123
114
123
120
123
98
100
114
86
107
95
98
89
98
81
97
102
101
95
110
101
104
111
81
82
101
93
108
106
97
108
84
104
87
77
83
48
73
17
55
37
83
10
10
28
31
30
27
43
41
66
70
64
78
61
75
84
82
87
98
77
81
65
89
110
105
92
95
100
59
60
85
85
92
81
88
89
81
102
96
104
114
116
109
100
122
94
116
106
90
95
87
80
97
94
99
81
100
95
90
97
100
91
101
95
97
95
79
92
91
99
104
110
101
104
112
106
106
103
112
113
111
111
97
105
113
103
116
117
107
117
106
118
110
102
111
103
114
113
105
130
124
133
126
138
123
138
129
137
109
102
108
81
86
94
117
98
95
112
109
100
100
100
85
117
77
87
94
104
91
103
94
104
92
99
112
110
109
98
110
110
99
110
113
99
96
88
110
103
96
98
90
95
96
86
96
97
88
75
94
87
97
92
99
100
95
111
105
90
89
109
96
109
94
111
94
82
53
73
21
14
74
91
40
22
33
64
6
11077
11076
11085
44
11
10
43
5
54
4
9
7
18
14
6
28
31
89
82
99
96
113
84
129
106
96
101
100
100
110
99
109
94
114
93
110
55
86
87
59
115
113
139
129
133
131
119
107
128
121
119
99
81
106
115
120
121
126
97
93
126
60
108
92
142
122
110
124
106
64
63
49
48
32
128
108
76
129
95
13
11
10
13
10
11
14
39
5
40
40
43
53
50
71
69
87
86
91
81
101
118
110
115
88
128
76
93
99
123
119
124
110
112
117
104
92
102
119
88
103
107
92
88
102
103
97
102
119
104
107
129
121
128
140
136
145
131
109
132
109
99
109
108
103
116
100
100
132
130
133
132
149
136
119
74
53
22
74
62
74
36
4
4
7
41
42
38
75
72
67
70
96
107
83
86
87
83
91
108
93
109
89
107
103
100
100
94
112
104
98
107
96
97
88
85
87
94
95
87
93
83
98
98
95
89
82
125
117
118
125
100
111
132
119
87
99
91
103
99
101
93
92
92
91
102
101
90
93
89
73
92
80
93
83
86
90
91
91
91
76
106
96
90
104
92
100
92
82
100
95
82
99
99
90
104
91
97
107
105
102
121
119
113
98
92
103
95
98
106
89
110
112
110
108
109
112
114
110
109
105
105
95
101
92
94
101
102
99
73
82
81
94
85
101
102
106
101
103
86
104
105
104
115
89
116
95
113
102
96
102
137
81
80
81
71
45
115
82
106
123
6
16
33
46
54
52
53
51
54
60
65
26
59
52
73
54
74
44
41
81
12
22
42
44
26
22
15
31
40
17
59
37
83
50
56
66
64
62
90
92
112
108
115
103
125
111
120
113
123
110
112
123
125
109
122
109
124
111
122
113
118
108
100
119
112
116
102
112
105
113
106
112
114
109
120
115
110
89
102
107
105
109
99
108
100
112
115
97
118
111
164
159
169
151
161
165
154
154
155
101
90
106
26
76
77
57
56
17
30
43
11
99
70
5
8
5
31
44
42
59
61
75
69
72
87
87
105
98
111
96
113
97
98
113
107
109
98
109
106
99
85
101
94
93
100
105
94
112
98
105
98
100
111
110
100
108
100
103
106
104
82
102
99
89
89
96
96
89
98
93
95
100
106
87
90
93
109
96
106
102
106
97
103
95
85
105
93
96
91
100
88
95
89
85
75
105
94
106
96
107
100
109
101
119
96
119
83
107
94
95
93
88
90
100
76
93
85
80
78
100
88
95
89
99
91
91
90
103
96
108
102
105
104
95
96
84
88
101
102
89
99
88
95
95
87
98
106
96
92
96
90
97
85
91
83
94
82
91
86
94
90
78
74
82
93
86
94
85
85
96
91
99
97
113
105
99
94
100
101
101
95
95
89
100
103
104
103
103
100
105
103
115
113
108
102
109
103
107
99
107
105
97
104
92
91
101
76
90
98
98
93
103
89
95
91
101
93
110
111
102
100
104
94
105
93
102
82
95
102
105
97
95
106
107
107
102
117
110
102
115
108
113
109
94
109
94
80
105
96
106
96
110
109
106
102
97
87
106
94
94
80
73
103
73
82
85
87
75
72
85
66
66
66
90
84
88
73
93
97
102
96
98
94
111
104
88
113
117
97
114
102
120
110
114
105
97
107
104
116
91
79
76
96
110
107
114
105
115
98
110
124
118
128
98
85
94
101
73
90
96
96
86
91
103
107
87
106
106
107
121
119
103
95
100
117
117
99
95
102
97
111
99
100
108
99
106
111
114
105
111
109
105
113
90
98
114
109
95
105
96
97
91
98
90
85
96
92
92
106
94
109
90
94
104
90
106
112
88
108
99
93
104
99
84
106
92
104
86
109
105
111
94
103
60
83
101
108
116
97
112
97
112
107
106
124
104
113
104
102
106
115
105
110
109
115
113
116
105
118
108
78
94
67
99
111
118
111
123
112
126
110
97
90
108
100
112
98
105
110
99
110
104
111
106
111
89
106
106
104
118
103
108
80
60
22
98
35
102
83
53
70
5
8
6
2
6
5
32
27
21
18
27
7
20
35
34
55
60
53
46
50
58
70
68
73
73
27
48
25
70
58
4
19
19
43
51
62
60
81
78
93
84
98
97
87
108
109
105
102
89
82
97
100
95
103
93
100
96
100
105
97
96
96
99
80
73
109
82
91
85
96
102
93
103
105
115
134
123
144
112
124
112
131
113
128
118
117
99
107
106
84
97
114
114
102
116
100
118
109
102
95
109
106
94
104
106
98
105
99
110
93
114
107
116
114
95
114
107
101
69
85
30
33
78
83
59
54
75
32
51
5
7
3
16
7
14
7
38
48
42
42
58
57
54
80
76
90
88
79
99
94
100
82
94
88
86
95
86
97
87
99
99
104
110
108
119
102
117
103
118
108
120
110
123
106
120
107
129
126
134
131
124
122
134
126
101
117
115
101
114
100
105
100
113
103
79
89
84
110
97
93
103
99
77
80
84
79
77
92
97
79
100
92
109
109
99
106
121
105
125
122
116
110
119
110
119
107
105
114
114
101
121
122
116
109
117
111
120
96
111
120
108
98
88
97
112
94
95
100
106
85
101
84
95
100
99
107
108
107
106
92
96
108
100
111
88
107
97
107
101
114
99
97
106
100
114
112
100
104
113
94
113
104
92
102
94
108
92
103
105
88
104
105
108
96
111
100
108
110
102
118
104
109
103
102
107
108
105
101
114
113
112
105
119
113
126
115
114
108
98
111
93
124
100
102
100
110
119
111
106
123
123
115
130
104
118
95
76
35
97
44
120
55
69
20
19
5
10
6
20
4
9
20
18
40
49
49
49
166
164
161
165
193
186
186
218
121
219
110
86
104
74
64
113
77
75
87
113
98
85
108
103
102
55
102
43
53
50
78
51
56
6
6
30
43
25
37
41
28
45
83
101
91
116
114
125
82
128
111
109
117
120
107
109
90
95
107
100
120
108
114
107
128
124
103
125
116
108
100
127
116
99
118
104
77
88
111
68
63
111
123
108
128
99
114
103
101
122
134
128
132
131
130
110
123
114
115
120
42
26
93
77
53
108
128
114
7
5
4
28
25
17
61
59
72
74
57
55
65
79
69
74
75
10
51
79
26
37
5
17
6
18
7
4
15
17
4
28
13
5
6
14
6
11
9
8
13
3
6
3
4
12
4
8
7
18
12
6
6
5
8
32
28
38
38
47
35
33
46
35
50
37
71
72
42
97
20
19
18
17
60
39
40
85
5
7
24
19
8
7
22
21
24
14
26
18
26
19
31
35
55
63
57
55
41
49
34
32
32
33
58
39
41
49
54
5
12
8
9
6
43
59
33
40
41
62
72
71
96
102
103
116
98
121
121
130
148
117
97
122
111
121
28
46
71
102
45
18
56
117
72
80
9
10
23
24
21
51
62
51
64
75
73
86
85
94
95
114
125
114
74
98
114
81
117
113
99
120
110
94
77
85
83
99
78
73
63
62
86
94
103
104
88
3
4
9
3
15
29
8
13
19
10
34
38
37
34
30
17
21
4
4
15
16
14
25
29
33
37
46
46
55
66
64
79
59
68
71
83
86
96
95
107
105
114
97
110
111
115
124
124
115
121
105
115
101
116
105
113
106
93
83
112
98
109
116
117
104
113
112
127
128
111
119
59
50
108
88
73
111
28
47
66
90
70
70
72
110
109
82
103
96
96
105
102
126
102
112
106
119
111
127
119
117
129
122
114
119
110
103
118
106
114
112
107
116
110
118
110
116
107
116
95
104
108
117
108
114
112
112
104
110
112
121
104
107
110
99
111
104
108
70
76
106
109
88
105
95
94
107
109
97
110
101
100
114
102
94
111
104
93
114
99
110
103
112
103
100
88
112
101
91
104
88
89
102
91
76
154
148
157
154
152
145
142
178
169
183
107
118
105
122
112
117
109
109
117
116
112
114
111
94
116
102
99
110
107
96
87
101
88
85
95
98
98
97
97
95
95
111
105
85
99
102
91
94
89
67
76
84
48
91
83
88
86
92
93
86
96
95
90
90
103
96
103
94
94
105
102
93
97
106
105
98
106
100
106
96
105
93
107
98
105
95
107
100
97
108
96
104
99
80
93
95
85
84
89
87
93
98
88
89
95
94
90
89
95
95
77
86
99
91
96
91
100
94
102
95
111
101
95
101
103
93
105
88
100
59
54
55
46
43
44
82
72
77
89
79
11
20
31
27
16
29
19
9
9
10
21
31
28
27
38
26
56
60
17
15
14
14
54
31
5
3
4
3
4
25
9
18
22
23
33
35
38
40
51
60
45
41
60
57
69
69
82
79
79
91
80
58
68
74
90
86
95
89
98
96
88
64
67
94
79
85
74
91
85
96
95
84
90
83
99
92
108
104
104
96
101
107
95
107
102
100
90
102
77
89
97
93
83
84
97
83
74
88
88
69
72
80
90
90
83
92
79
72
85
90
73
87
83
88
70
77
86
82
94
101
89
91
86
97
91
108
91
102
93
105
102
108
94
101
109
84
52
65
34
105
70
46
98
82
74
46
15
13
59
14
18
3
14
10
16
12
15
17
33
17
40
52
43
37
35
51
45
49
38
63
78
75
91
83
94
90
80
81
72
90
96
94
75
87
73
91
80
84
71
84
90
83
90
95
86
87
86
97
80
89
95
68
83
28
36
20
52
44
57
84
16
15
26
13
26
29
9
30
5
3
20
28
27
24
17
28
32
49
59
51
63
50
58
72
71
77
68
76
93
89
101
107
103
117
108
104
116
108
114
116
112
100
102
110
112
116
113
101
115
101
108
111
97
107
101
111
102
121
117
122
119
122
129
103
125
114
111
77
37
56
45
82
16
95
70
3
6
7
25
23
27
26
21
11
27
22
13
25
25
29
4
13
4
3
3
3
3
5
3
6
13
12
23
24
33
24
36
32
33
17
35
33
43
41
34
47
49
32
18
15
34
6
8
32
38
39
53
61
60
19
36
69
58
79
34
67
32
72
64
4
2
16
6
3
5
6
4
6
7
7
25
24
38
54
53
69
76
60
77
38
60
56
45
58
4
13
12
6
7
2
4
4
13
12
6
19
26
3
4
22
3
3
15
1
22
4
6
9
17
18
47
56
61
65
68
62
64
86
83
77
107
102
112
105
115
113
106
105
127
111
119
111
115
117
108
110
100
118
108
115
102
116
102
113
108
127
116
117
105
120
114
107
103
107
108
98
95
101
78
80
69
68
51
51
46
46
102
91
3
23
37
52
48
53
50
38
45
82
73
97
91
87
92
82
94
84
86
87
106
101
98
117
103
94
113
104
111
99
111
95
104
88
108
94
99
99
113
102
97
109
102
108
80
86
103
90
103
87
95
89
102
105
94
75
22
50
41
37
115
25
93
100
71
53
84
68
43
6099
6095
6182
6200
6200
6194
6203
52
6201
6191
6200
132
71
10
9
11
14
16
2
4
6
15
25
26
25
33
40
48
23
18
20
23
37
5
32
43
48
53
68
66
82
90
89
100
101
104
114
110
99
96
98
99
94
100
94
96
105
107
104
110
105
120
108
116
122
109
101
104
84
104
101
87
100
89
104
93
98
100
108
106
85
76
67
64
65
50
52
90
8
14
6
8
5
21
18
32
13
5
3
1
3
9
5
19
18
25
36
61
61
71
77
82
77
90
88
100
102
117
102
107
112
87
95
109
110
103
102
110
113
100
104
114
106
101
111
104
14116
14112
14107
14098
14181
14175
14266
14263
14257
155
221
238
196
213
79
67
67
70
74
58
93
216
196
7
8
4
22
88
80
18
82
83
55
57
65
37
62
60
14
3
2
5
4
21
16
17
24
30
52
59
51
65
66
63
71
72
90
89
102
99
87
89
88
85
102
88
101
95
95
85
104
109
102
103
114
112
106
119
107
122
120
113
100
113
104
109
111
100
109
94
99
83
96
41
41
31
47
70
89
82
48
58
14
7
33
35
33
51
64
51
60
59
27
49
39
32
19
28
55
93
90
92
74
78
76
71
79
78
93
100
83
102
99
91
91
110
102
106
113
108
107
106
101
116
103
110
104
126
102
106
114
127
109
121
111
123
119
117
109
113
116
96
111
108
96
99
106
92
105
85
80
100
89
81
88
92
78
64
50
66
71
28
28
34
107
87
86
109
70
65
80
80
103
104
99
110
119
120
110
123
116
122
117
121
114
131
121
121
109
115
108
105
116
116
110
119
106
109
117
119
96
109
116
120
113
117
97
115
109
120
115
107
103
111
103
109
99
110
97
109
96
118
104
118
106
117
106
114
106
114
105
112
100
105
103
114
106
95
86
116
83
78
70
102
88
94
85
75
56
84
80
104
115
115
104
126
138
143
142
127
189
170
185
177
155
163
218
216
205
212
155
161
155
155
166
100
110
90
104
100
88
98
104
97
104
77
83
80
95
88
87
72
80
91
89
97
91
97
62
84
51
27
40
85
77
68
34
13
11
19
30
28
22
28
30
6
37
28
10
8
29
22
44
5
3
20
6
9
33
21
13
32
46
42
37
11
9
7
29
49
24
27
3
3
5
14
3
22
25
29
29
48
45
50
63
57
54
59
60
52
45
16
70
28
74
63
4
2
6
6
16
7
11
4
7
8
8
41
25
33
36
34
43
42
60
53
68
66
78
80
81
73
87
72
86
99
93
89
101
95
108
99
93
86
88
84
106
92
86
95
92
79
95
104
111
104
117
92
96
115
111
105
93
97
101
88
84
95
96
72
78
87
93
70
100
87
98
99
95
102
113
105
115
108
103
83
89
89
92
100
97
85
85
98
74
93
74
98
91
95
91
99
110
112
103
101
121
105
112
117
111
88
77
104
87
63
78
70
46
98
29
60
32
97
40
87
72
89
62
62
62
75
74
94
94
101
108
105
93
104
94
38
21
77
36
98
16
64
46
91
57
3
23
23
34
44
36
32
30
31
17
3
3
11
11
9
6
38
44
29
44
43
58
35
22
14
16
50
31
55
38
66
5
6
10
4
5
16
28
3
24
26
34
30
55
56
70
56
77
69
64
82
91
93
103
98
106
100
80
76
111
101
105
89
103
111
99
90
96
106
98
92
106
98
112
97
106
99
116
103
119
124
119
107
112
120
119
114
114
110
109
102
110
98
110
110
110
70
23
60
59
76
39
97
96
98
8
10
14
16
4
16
35
34
58
66
70
70
80
64
84
88
81
115
115
134
123
128
127
118
121
117
118
97
97
94
90
89
97
83
95
92
97
100
100
109
119
112
113
122
104
117
115
112
97
110
112
105
97
93
107
93
82
99
98
90
106
91
88
93
86
97
103
96
99
103
103
98
106
87
94
103
98
106
111
103
96
107
107
113
105
114
100
114
103
114
119
110
86
106
96
93
99
76
102
105
108
106
110
109
110
118
115
101
103
102
81
94
99
91
100
91
107
95
99
88
93
84
92
107
96
101
93
90
96
103
106
86
106
99
114
103
117
116
114
109
113
99
111
104
113
106
106
111
109
112
105
114
110
87
102
92
96
108
101
86
91
63
102
82
85
79
80
100
106
99
123
116
106
109
107
113
94
111
106
114
94
112
99
109
97
99
110
110
100
115
103
89
103
80
98
102
111
109
97
114
100
117
107
112
95
64
102
61
80
88
106
91
81
91
87
83
85
81
78
88
87
94
89
98
87
84
93
91
102
96
113
108
123
111
107
99
114
112
110
110
110
92
95
96
104
89
105
101
119
104
115
117
114
126
111
129
112
103
114
114
103
108
97
109
94
107
113
118
109
41
27
52
113
95
33
102
89
69
77
5
3
18
17
19
40
51
44
42
62
74
74
95
94
108
96
77
97
90
95
99
106
103
93
105
101
107
100
112
101
117
115
116
110
109
96
90
103
73
87
95
83
76
86
94
103
87
100
92
88
105
100
96
108
105
103
98
96
107
115
98
110
110
111
115
113
113
116
100
104
91
120
99
114
103
103
102
107
95
94
100
94
75
105
78
85
76
85
80
80
82
71
83
77
28
45
56
49
28
37
19
64
