45
45
41
39
201
202
48
51
114
126
189
6
9
47
207
206
27
61
86
49
77
78
83
150
175
152
161
162
192
151
156
170
182
183
177
150
166
174
174
205
216
208
230
186
163
206
175
143
196
178
206
200
185
202
185
189
167
143
149
135
112
170
201
157
157
58
52
142
118
161
54
179
105
52
151
141
168
92
94
94
127
145
150
185
143
157
143
159
195
178
172
163
166
170
158
150
156
191
204
118
167
220
236
60
143
152
103
194
8
42
40
84
82
104
117
132
130
162
142
131
140
155
21
124
140
138
74
64
101
7
20
24
8
41
24
43
56
80
86
96
90
109
113
134
128
145
160
155
146
166
144
143
137
166
116
149
150
130
135
151
160
138
130
152
49
103
27
33
128
88
65
77
141
5
20
6
19
28
21
37
45
59
72
69
61
69
35
50
95
49
80
49
83
65
5
21
25
40
25
28
38
29
26
83
63
25
25
30
27
28
7
37
39
66
79
77
103
101
120
112
126
135
139
141
142
155
149
156
166
161
176
160
145
169
182
197
34
91
115
122
178
29
139
48
76
14
27
28
53
51
78
74
84
97
101
115
113
139
141
167
66
129
161
164
140
170
71
30
101
7
4
34
41
67
68
87
85
62
85
98
97
118
117
131
134
132
134
145
140
137
125
136
108
141
79
21
103
130
89
58
52
10
12
32
29
55
38
77
93
79
77
101
103
99
93
96
131
134
134
144
142
71
82
85
123
54
139
71
72
38
8
8
21
12
53
78
74
84
98
100
113
125
145
140
144
164
162
173
149
115
130
173
163
128
131
42
48
25
155
67
136
44
99
5
7
28
36
47
59
82
72
94
87
107
105
110
123
115
116
129
121
121
38
46
42
86
73
76
95
116
7
22
30
43
30
31
33
36
32
52
47
21
20
34
45
62
74
57
73
66
76
79
84
95
94
112
98
108
95
111
104
112
123
116
103
104
89
89
106
44
30
64
37
21
52
79
87
6
15
20
5
11
5
25
35
30
46
47
56
74
66
72
86
83
96
93
80
98
89
77
21
101
81
51
62
41
34
5
6
9
10
13
11
26
14
32
40
32
33
30
35
41
48
63
57
61
78
74
87
89
105
98
3314
3305
3298
3288
3295
3304
3317
34
117
45
63
15
3311
3296
72
3
4
23
12
6
12
12
12
8
9
24
25
33
22
30
30
41
49
48
9
35
65
29
43
52
32
48
61
3
9
11
24
19
22
10
4
6
5
6
8
11
14
12
14
12
49
61
42
41
46
75
71
69
90
87
97
108
117
108
108
112
108
101
122
107
115
113
115
105
111
113
112
129
98
107
119
117
104
102
119
108
117
116
110
64
94
56
37
80
71
39
102
22
9
29
29
24
7
9
3
16
30
26
39
39
36
28
36
37
5
4
10
8
5
17
17
20
19
18
18
22
22
14
46
44
32
35
36
58
33
31
38
34
5
16
26
16
31
23
45
32
64
62
74
68
79
76
81
101
103
114
117
109
132
135
127
117
120
132
132
118
88
87
128
72
93
76
87
84
94
93
57
108
93
90
137
75
112
127
60
4
4
10
16
14
12
28
29
39
54
55
73
35
60
40
56
23
40
33
37
40
5
7
26
44
46
47
58
55
62
105
102
115
113
105
59
81
71
52
53
53
46
44
30
138
114
128
4
2
9
3
3
11
11
9
30
41
35
33
65
75
67
68
78
46
79
73
73
89
86
97
90
111
108
107
103
95
120
124
115
118
80
78
94
101
69
52
27
80
54
105
101
42
17
51
5
14
15
3
24
19
17
23
14
20
29
17
12
10
13
24
16
26
23
21
3
3
5
3
11
20
28
43
41
52
58
59
73
70
85
87
83
81
93
91
78
74
106
11
70
78
93
38
15
96
55
4
4
17
25
45
45
62
61
78
77
90
96
95
120
118
119
32
71
92
19
74
54
93
44
110
3
3
7
7
7
11
32
30
36
51
47
50
66
59
77
76
75
83
89
98
93
90
107
92
68
67
87
79
75
104
92
89
83
90
95
92
75
74
92
85
99
94
103
99
100
104
109
109
114
108
100
103
117
119
96
89
112
108
82
68
95
61
107
83
118
103
123
86
105
102
112
93
121
111
93
104
108
117
87
100
77
92
110
97
101
110
101
76
96
97
97
106
97
88
87
100
109
112
101
111
108
100
105
111
116
95
108
100
111
96
100
113
92
91
101
90
99
89
90
103
102
100
99
105
113
99
109
98
99
107
97
107
101
96
60
39
79
29
88
69
46
103
113
9
7
9
27
35
30
37
21
33
35
43
45
21
6
7
24
8
28
7
5
11
12
22
18
13
40
60
64
66
59
72
69
78
85
96
94
105
101
108
98
100
110
107
109
72
84
91
101
34
63
48
38
63
9
16
12
18
9
4
3
10
14
8
23
20
32
25
26
7
11
15
18
7
6
19
5
20
12
39
6
31
5
22
8
25
12
14
10
11
8
25
29
6
5
16
29
9
13
18
28
18
4
15
27
19
22
45
45
62
63
64
69
70
84
66
80
87
99
105
103
114
89
91
98
111
101
100
104
95
93
107
53
17
105
27
64
43
93
86
46
3
4
5
7
5
8
14
11
37
48
57
47
63
67
61
58
76
81
85
97
98
81
73
72
57
74
78
75
64
67
27
40
4
14
12
19
19
25
5
20
10
4
5
16
13
26
38
36
36
55
63
58
85
78
95
109
108
128
102
124
126
35
116
60
85
89
95
49
68
28
11
7
7
30
15
34
22
4
11
9
5
20
12
14
32
44
42
44
55
44
68
76
76
85
92
105
103
119
115
117
118
117
117
104
78
92
85
90
82
92
94
103
90
95
99
91
108
116
106
110
103
122
116
105
115
73
94
52
59
83
97
28
65
5
21
32
16
26
21
22
28
8
30
29
43
45
42
16
17
48
23
27
44
44
4
3
30
29
27
44
43
57
65
63
73
59
75
78
91
78
89
103
103
112
105
102
111
109
110
93
94
98
103
95
107
67
80
102
52
29
66
72
56
3
14
18
28
30
41
32
43
56
54
64
75
60
74
75
79
90
75
80
94
109
86
95
116
102
92
110
100
94
33
69
101
73
37
103
55
18
60
6
6
4
16
3
13
23
33
25
22
22
11
30
13
4
11
29
35
46
42
44
68
68
82
87
95
97
105
100
75
21
62
100
46
29
92
102
77
39
3
3179
3177
3181
34
29
7
8
4
4
4
20
20
23
23
27
34
33
34
15
25
20
4
3
4
5
3
14
17
15
21
35
57
45
53
57
65
67
74
78
77
92
96
83
88
99
105
104
94
95
108
112
99
97
99
50
88
59
19
82
63
79
28
3
19
17
24
25
36
47
37
57
49
62
68
67
83
68
84
59
78
47
62
39
82
26
81
20
12
27
41
40
55
42
35
53
45
32
42
45
34
4
16
17
29
29
48
61
61
69
80
85
77
79
93
78
85
80
96
90
95
87
106
99
102
80
95
94
89
103
104
116
90
83
74
91
95
87
91
92
79
99
92
94
90
94
35
37
59
75
88
85
17
78
51
22
4
31
29
48
41
59
45
69
76
88
97
95
80
101
90
77
98
88
97
105
105
94
106
91
97
105
94
101
104
95
99
87
35
12
85
26
77
59
45
65
3
5
11
17
13
12
27
45
45
44
100
96
84
104
105
85
18
99
90
105
102
9
20
21
36
54
46
69
74
82
80
89
91
91
113
114
106
94
102
92
91
107
84
88
100
107
98
29
44
46
103
37
76
83
28
54
96
4
1
4
20
20
23
21
32
43
56
56
52
62
66
61
75
65
69
79
41
56
42
70
67
87
14
8
77
31
33
79
4
33
33
41
59
56
74
73
82
93
90
88
87
110
104
115
98
96
93
98
92
95
100
77
74
89
111
104
100
108
79
95
87
92
109
107
120
103
92
107
101
95
111
108
113
99
116
110
116
112
75
116
92
65
96
110
104
92
104
91
97
72
86
85
109
109
124
118
126
123
122
109
123
116
122
124
122
113
118
112
122
108
123
115
117
107
116
113
118
108
117
116
116
110
119
112
125
113
124
129
125
118
117
125
125
115
121
130
114
116
124
120
132
140
121
132
118
126
119
121
110
114
105
107
89
100
100
79
106
92
104
100
114
106
123
112
110
110
120
111
116
109
118
110
116
108
101
114
97
110
88
88
104
86
101
99
87
85
97
80
82
73
74
60
59
50
50
101
100
10
3
20
20
22
29
39
38
25
46
9
27
36
34
16
29
37
47
53
66
63
73
67
72
85
84
92
37
34
96
26
31
94
54
66
73
6
7
5
3
3
3
2
8
21
22
32
28
29
42
33
33
48
44
51
44
61
64
58
71
80
73
80
89
88
76
94
90
85
105
105
79
96
83
84
98
98
106
87
105
88
94
91
93
97
79
26
100
55
75
46
61
12
9
24
25
35
35
56
33
20
44
36
25
22
48
18
17
26
34
44
43
39
30
59
66
59
86
76
41
39
23
15
41
79
6
6
26
28
4
18
36
25
23
15
42
40
59
52
47
48
44
51
49
26
62
43
55
3
14
20
6
15
16
8
4
13
23
16
20
7
7
3
4
26
3
17
26
22
42
43
57
58
59
56
69
83
81
97
87
36
74
52
29
55
69
97
103
78
78
43
47
47
39
62
62
75
76
78
86
86
98
92
99
79
76
107
105
64
94
99
102
81
86
66
98
72
88
88
98
106
95
98
82
93
84
80
90
110
100
106
105
118
106
124
122
132
128
112
102
109
107
109
96
108
105
92
104
102
101
103
102
101
97
101
90
88
106
97
77
68
61
53
44
90
64
100
74
73
96
84
94
79
99
80
61
92
98
34
62
39
11
12
13
18
14
16
3
4
3
23
20
35
36
33
47
31
69
69
72
87
89
102
79
98
89
95
79
101
86
49
43
73
53
34
28
95
52
93
7
6
3
13
24
18
42
17
47
13
43
46
22
19
11
7
19
4
11
4
12
13
22
36
10
27
14
27
16
35
13
24
5
12
12
32
33
49
59
58
59
75
75
94
79
83
84
91
100
112
109
25
99
62
58
40
60
76
40
91
8
16
19
29
20
14
32
12
40
4
5
5
3
16
14
6
16
5
2
28
16
38
48
48
65
59
51
42
49
72
65
74
75
98
109
104
123
121
110
108
110
125
113
109
88
105
85
91
92
92
65
62
67
22
86
34
49
8
7
5
41
35
13
24
15
9
4
15
10
12
33
42
44
45
41
54
59
48
21
32
23
55
36
17
4
6
21
4
4
23
4
4
5
4
33
36
42
57
63
55
84
82
80
83
75
88
75
82
88
90
82
79
97
94
91
61
22
72
28
64
62
54
43
64
51
4
5
6
12
10
13
5
5
8
34
42
26
39
22
9
42
41
13
26
14
25
38
49
47
40
36
60
69
67
69
76
52
76
81
95
89
93
97
93
108
81
103
103
86
30
51
58
82
71
95
93
19
92
27
16
13
22
25
100
75
3
4
12
18
13
26
22
38
37
50
60
58
11
17
37
51
35
59
27
21
55
19
29
24
49
53
64
61
71
71
49
31
62
70
69
66
51
67
73
21
22
38
35
8
31
41
25
28
4
26
13
18
27
9
14
11
3
4
17
5
3
5
19
34
37
20
21
25
36
33
22
20
7
7
21
39
28
34
33
45
41
57
64
59
80
63
83
82
41
26
50
79
33
91
80
34
23
90
8
19
27
38
49
47
55
52
50
43
81
82
53
64
72
41
66
80
69
58
57
66
63
23
69
9
15
14
9
8
11
10
37
48
46
59
64
68
62
86
86
79
105
107
93
96
79
115
87
93
94
92
70
65
58
85
72
77
75
89
83
95
103
81
86
84
89
60
46
32
61
89
72
26
92
3
14
21
15
38
33
25
40
41
38
34
39
51
53
50
71
82
83
77
65
74
73
79
75
72
82
62
94
76
73
59
69
43
4
15
21
30
44
50
42
36
33
24
22
19
44
32
26
4
3
16
4
12
26
21
21
29
29
40
21
28
37
16
24
48
63
68
65
68
69
76
87
86
98
96
95
99
91
76
94
74
85
84
66
61
74
83
73
91
15
71
34
51
67
69
46
58
4
3
17
6
18
4
15
11
18
16
26
36
42
47
46
64
61
63
73
79
77
87
98
96
114
86
93
90
66
101
103
37
22
79
58
48
29
4
12
12
27
25
41
38
36
41
55
63
71
77
88
88
95
75
91
87
94
86
36
52
42
52
27
93
82
67
4
3
4
5
32
27
25
38
53
55
69
68
86
81
74
95
95
111
81
110
114
45
57
32
84
65
29
12
11
14
28
27
16
12
33
15
16
13
29
43
41
59
75
80
24
25
65
44
26
67
47
41
49
3
21
37
36
46
49
57
34
87
86
90
108
102
87
105
96
107
110
94
99
96
96
86
97
98
107
98
111
96
77
36
69
97
93
21
53
60
73
28
8
10
14
6
13
8
10
6
5
8
9
8
38
37
55
67
65
84
83
94
84
102
99
111
91
119
102
122
118
119
110
111
121
110
119
112
102
112
107
72
102
93
69
26
34
78
83
47
4
7
6
19
7
18
22
33
35
12
27
14
6
18
22
42
34
35
49
78
64
81
83
81
95
95
97
81
41
97
45
36
108
25
59
54
89
75
3
17
6
4
13
4
13
6
5
9
27
9
8
21
27
26
37
55
59
57
42
24
36
15
50
55
70
66
40
39
11
13
26
20
39
35
37
19
58
82
82
98
85
96
84
81
95
101
100
92
96
109
30
15
100
59
16
43
82
43
13
18
22
40
40
36
54
59
56
65
67
69
76
62
74
58
74
25
17
22
28
72
50
64
10
8
7
4
4
17
14
32
27
31
37
29
41
25
16
28
39
5
5
7
9
21
33
34
46
48
46
44
67
65
80
71
81
102
113
116
96
76
121
51
20
83
37
105
63
12
12
8
41
49
67
54
69
82
72
82
91
79
79
75
84
120
119
91
100
117
85
114
100
98
117
120
103
102
122
113
80
34
103
45
56
90
64
37
9
8
7
39
38
27
17
15
19
36
3
4
22
32
23
18
20
38
12
35
39
9
7
15
15
35
39
36
39
51
63
61
73
80
75
83
66
80
53
73
38
69
31
52
63
17
17
31
25
12
26
26
29
4
8
24
25
33
41
39
52
22
24
49
37
4
10
5
3
25
35
20
33
32
22
17
33
38
44
28
4
4
3
3
13
11
20
20
17
30
23
27
39
39
47
53
58
65
65
67
43
34
53
13
69
49
65
30
45
35
3
13
13
15
17
25
3
8
5
19
11
4
12
10
20
31
22
35
43
45
61
75
55
66
43
47
63
61
68
90
93
97
110
101
88
100
92
84
30
27
63
79
56
42
83
3
3
4
3
12
27
37
51
49
30
25
39
52
44
60
42
27
4
5
12
9
25
27
39
29
44
42
44
32
62
54
61
41
38
16
70
70
53
12
30
4
11
7
8
24
22
36
42
57
64
59
69
49
60
42
45
42
34
26
39
63
7
17
30
34
24
27
39
25
32
25
22
38
63
77
43
65
73
45
55
45
35
59
53
12
20
7
23
26
15
9
10
7
31
43
40
27
35
36
38
68
80
77
57
84
67
78
88
61
82
115
91
41
32
30
27
34
11
82
9
10
6
9
4
4
29
39
52
62
61
77
82
87
99
97
104
112
114
101
107
120
111
117
101
109
106
113
102
105
114
100
99
88
112
92
100
110
102
112
110
116
113
102
109
112
97
120
98
108
92
107
100
99
99
100
91
98
100
91
105
103
104
106
93
107
112
108
120
106
115
104
117
104
119
106
113
106
109
95
88
109
90
97
89
100
103
91
99
104
106
92
109
103
114
105
107
89
69
66
50
31
93
87
29
74
58
57
37
5
3
3
4
5
2
20
17
17
7
27
19
30
6
6
12
9
38
20
47
38
52
35
49
27
36
39
40
50
37
5
12
24
22
36
40
39
53
67
48
47
33
48
55
55
64
81
80
96
85
78
67
41
87
51
20
69
58
66
77
23
5
16
14
17
4
20
22
4
12
13
22
39
35
40
47
50
57
66
67
60
77
22
58
47
67
69
45
35
37
75
61
37
9
8
5
10
11
3
2
47
38
34
46
44
61
62
64
74
71
86
85
84
70
67
71
39
53
69
93
36
83
4
11
31
35
42
41
38
68
49
77
81
87
99
93
105
102
102
116
107
108
102
112
103
87
101
79
90
93
102
106
92
100
102
99
99
106
114
82
72
99
97
63
75
13
64
38
49
5
7
5
7
7
22
39
46
52
51
64
60
67
60
84
90
98
101
91
66
20
37
79
68
64
49
89
103
34
5
13
14
25
32
38
43
44
46
51
62
58
48
60
37
39
47
55
19
46
21
24
24
20
45
40
43
71
18291
18275
18249
18302
18252
18252
18253
18285
18252
30
18258
3
4
3
7
13
17
10
24
25
23
15
43
3
6
4
5
17
17
7
9
5
21
23
24
50
57
53
37
40
66
26
46
32
32
46
62
10
12
22
33
28
40
55
52
59
46
33
46
60
43
34
34
34
30
40
49
48
41
40
22
46
40
45
44
54
41
41
64
61
68
64
66
66
82
89
84
105
97
98
203
194
194
201
196
207
199
203
82
90
195
101
103
102
94
114
98
79
91
80
89
100
97
98
79
86
94
94
74
86
92
95
89
92
94
101
91
101
99
103
95
94
101
89
81
94
102
92
99
94
101
95
105
97
90
97
92
108
90
101
81
102
90
99
97
99
97
98
102
96
98
93
101
97
86
96
95
86
89
97
81
83
95
96
82
85
93
79
70
97
66
81
83
77
88
87
85
73
104
83
99
93
86
99
93
79
97
95
85
80
95
87
99
101
89
103
80
104
96
99
106
97
114
107
98
107
88
93
99
77
96
99
88
72
79
92
85
102
87
89
96
94
98
73
100
90
93
79
96
86
101
86
100
92
85
94
88
92
82
98
72
91
93
96
88
85
86
74
90
100
87
85
85
95
83
96
97
78
79
87
59
84
89
80
35
42
26
49
26
64
7
5
3
20
30
25
45
45
46
59
63
79
76
88
84
95
96
96
94
94
103
96
87
97
96
114
107
104
94
97
104
95
90
91
99
80
102
81
98
92
95
71
45
52
89
19
25
77
63
13
12
34
50
48
62
55
70
72
60
66
66
84
82
100
98
94
98
110
106
105
111
101
84
45
67
87
82
25
22
82
44
57
30
4
8
8
11
32
27
40
27
27
31
46
14
21
9
42
53
53
12
10
21
41
42
58
31
38
48
35
46
35
34
3
4
20
23
21
20
41
49
50
60
78
56
25
29
64
53
21
41
25
57
58
40
3
4
18
7
51
54
64
56
72
78
76
40
90
86
54
27
64
83
74
39
9
12
6
4
21
20
10
12
48
63
57
70
56
64
54
80
68
77
96
91
114
105
110
126
123
116
70
107
51
60
30
48
97
38
83
9
7
10
4
23
21
31
30
48
45
47
51
40
50
15
17
19
38
35
14
13
31
29
30
26
3
11
2
13
7
11
6
16
6
16
16
26
8
16
13
32
5
19
36
33
46
45
55
51
38
23
43
38
40
38
21
53
4
3
5
4
30
30
31
30
42
53
65
65
78
83
66
45
60
74
61
78
65
36
47
7
6
11
17
27
29
47
57
53
66
55
80
79
82
34
81
53
25
10
61
57
88
81
71
4
14
27
42
40
52
62
57
70
78
79
99
98
109
98
101
77
46
81
67
91
53
43
33
4
4
3
9
6
8
5
42
57
44
51
61
59
78
77
91
100
99
79
57
25
69
37
85
55
114
71
104
3
5
5
3
21
20
18
15
34
23
24
27
40
30
21
14
28
30
26
5
3
21
7
15
7
4
39
28
44
46
39
61
30
76
77
80
99
94
84
68
33
47
64
35
70
102
25
42
45
4
14
36
23
32
36
36
52
27
28
28
28
44
47
19
35
29
49
51
17
16
4
3
5
10
5
13
19
19
19
10
4
6
6
7
21
34
45
56
56
53
54
69
50
61
64
62
85
95
91
88
109
90
67
82
94
91
49
18
60
80
45
62
10
9
7
49
39
46
58
58
58
77
79
86
98
88
83
93
91
97
94
108
97
104
113
95
100
118
111
109
120
114
99
100
102
103
95
105
94
113
115
124
108
114
111
114
101
108
108
96
106
96
99
99
115
97
103
103
108
100
109
103
114
104
117
105
115
121
120
107
123
110
119
113
114
105
89
119
103
74
82
113
95
101
95
82
83
81
58
60
74
68
105
98
105
116
112
112
120
129
98
112
102
105
97
98
111
101
97
111
83
95
106
100
113
104
111
103
117
115
117
105
107
106
108
115
96
120
95
112
106
107
90
103
121
106
103
108
118
94
103
123
119
99
103
94
110
95
106
106
95
116
98
78
110
126
110
117
122
113
116
92
113
116
107
109
105
97
88
77
108
114
106
112
110
112
105
119
93
109
106
98
107
85
96
110
113
82
75
78
96
94
114
48
96
73
88
111
67
79
97
92
100
92
76
82
93
92
93
109
102
112
96
104
99
98
89
114
88
103
104
97
99
104
100
109
101
103
86
100
95
102
97
92
96
91
103
77
91
98
85
104
108
99
108
93
101
82
100
93
86
90
94
87
76
104
96
97
100
100
95
105
99
105
99
110
98
110
102
107
101
111
102
113
106
115
102
111
122
121
124
123
119
122
117
122
116
117
116
119
112
107
115
104
90
82
108
89
97
91
96
74
86
69
90
85
83
91
100
107
95
76
81
111
102
112
111
93
79
42
34
112
103
68
53
91
112
88
105
106
66
74
58
85
81
62
84
82
27
76
45
35
4
4
16
5
4
14
7
10
26
39
24
29
11
13
37
51
48
40
11
10
38
45
51
30
26
32
16
14
29
26
37
3
5
18
21
19
39
44
27
22
33
29
43
25
18
20
24
43
55
54
76
75
90
100
91
98
107
125
110
109
87
83
55
101
53
70
54
32
8
18
30
15
32
48
60
56
60
62
56
61
82
90
90
54
85
33
25
37
65
35
91
64
57
79
91
101
67
59
62
87
88
102
111
92
31
102
37
84
86
104
87
44
14
8
31
45
47
42
35
58
46
44
43
112
114
113
128
135
126
144
89
73
67
90
65
132
91
92
74
88
91
88
101
89
78
93
93
87
92
39
80
79
37
44
61
4
14
30
27
27
40
43
59
59
71
70
68
69
73
84
85
99
92
100
99
89
96
93
97
99
96
87
100
88
85
108
96
98
106
100
100
103
99
75
90
66
88
83
41
37
58
93
52
