44
42
41
26
110
71
117
103
124
139
109
23
109
88
85
117
100
126
97
237
275
267
269
275
289
276
275
291
70
147
88
95
113
110
279
118
129
113
101
81
130
118
137
128
140
134
141
128
113
109
118
106
112
105
74
98
123
96
105
115
106
143
143
101
112
152
94
155
138
127
101
84
93
128
73
90
73
91
106
83
121
78
96
62
99
82
37
82
71
76
79
35
35
74
80
70
37
77
57
112
35
54
7
5
4
3
14
14
13
7
52
52
37
33
63
73
70
83
80
85
83
15
26
7
22
51
117
100
113
103
134
39
55
32
118
71
24
133
96
111
5
4
13
16
5
17
15
34
32
50
51
63
53
55
70
75
73
89
42
74
36
32
78
67
71
49
100
96
100
73
56
67
60
84
87
86
90
97
105
88
79
86
106
69
97
87
65
97
94
88
85
93
80
86
97
81
97
97
102
87
98
100
113
110
110
108
105
98
109
107
114
115
104
100
107
100
110
99
96
108
106
111
102
109
86
106
99
111
94
81
110
93
100
77
91
83
95
75
85
90
76
82
87
95
95
92
108
89
87
88
103
106
90
100
90
103
96
104
86
102
106
112
101
119
108
120
110
120
110
115
120
106
104
85
79
99
96
96
99
89
92
84
89
80
79
99
91
100
95
103
103
108
114
98
111
99
96
115
96
109
97
98
97
100
111
101
104
112
99
100
96
107
114
91
104
92
101
92
101
103
112
90
102
96
108
113
100
104
99
107
97
108
99
104
102
101
97
84
95
105
108
91
74
85
95
98
83
88
93
90
99
108
106
109
96
99
102
97
105
98
103
94
102
92
107
100
107
100
102
95
101
79
95
87
99
86
93
88
93
95
85
83
82
90
87
91
82
83
88
93
75
90
126
118
110
117
122
126
124
127
86
95
88
90
96
94
74
84
85
79
84
74
58
23
13
64
44
50
42
12
35
4
15
28
33
13
42
27
39
20
31
29
20
33
3
5
23
23
31
29
44
50
58
51
75
69
81
77
74
78
69
94
89
85
89
89
88
94
80
92
90
75
76
94
21
56
89
36
75
31
77
68
55
43
3
10
9
29
39
48
50
46
61
58
70
61
82
79
79
72
81
92
94
82
91
87
92
82
99
3545
3526
3535
3543
3537
3524
3531
3541
3535
79
80
50
69
27
17
85
60
51
36
4
3
3
7
15
17
5
11
4
11
23
23
37
48
45
56
53
63
59
57
78
87
86
91
90
109
89
95
96
101
98
95
105
93
93
3149
3166
3164
3177
3170
3204
3197
3203
3183
162
175
152
168
105
122
160
125
104
137
79
102
65
51
101
81
3
4
16
19
30
40
42
58
48
66
55
38
64
36
34
53
57
36
80
77
42
46
42
56
62
60
67
65
35
24
58
55
26
39
38
15
13
31
43
54
51
55
67
63
76
77
76
86
91
100
95
98
109
97
78
115
103
85
80
119
106
117
91
100
104
100
95
99
97
98
77
65
67
66
100
54
58
38
80
95
68
10
12
27
27
46
37
53
64
70
72
75
85
86
98
96
113
93
98
104
122
131
104
109
111
100
111
85
94
110
108
98
108
72
23
51
37
34
78
107
61
93
8
28
39
42
53
59
73
72
89
80
89
97
87
110
108
105
99
107
103
81
94
29
73
35
53
19
32
64
8
21
32
40
47
59
56
54
74
86
79
91
83
85
69
38
104
78
57
23
70
93
45
5
6
21
34
36
48
52
51
70
61
62
91
90
96
98
106
41
74
96
34
106
12
85
53
67
19
30
49
47
59
27
45
59
14
34
53
35
57
46
4
15
18
24
28
32
16
38
29
57
52
39
37
33
36
28
66
59
37
31
16
15
35
35
32
54
54
40
60
55
57
83
95
89
90
109
107
90
101
101
109
112
123
112
115
119
109
99
120
110
105
125
111
104
125
112
110
118
121
84
105
31
23
54
71
47
88
112
4
24
8
9
19
4
13
15
13
33
31
43
36
54
53
62
46
64
24
22
49
24
51
4
8
15
16
33
42
51
14
26
30
26
30
3
5
3
18
13
12
23
24
23
40
54
56
55
70
50
62
65
68
61
71
83
89
49
101
92
84
53
66
53
51
65
64
35
2
7
4
34
48
19
27
37
9
12
22
9
11
10
27
24
14
25
9
63
72
47
46
49
50
78
71
80
83
92
103
88
63
103
105
121
97
91
98
30
50
33
49
35
60
122
8
28
9
5
24
21
12
16
14
10
7
47
34
28
36
33
40
49
61
34
27
46
42
56
38
19
13
3
4
28
25
27
25
43
28
50
64
53
70
68
68
66
85
82
88
57
38
93
86
91
53
30
69
22
4
4
6
8
20
19
22
24
37
51
62
71
63
81
74
92
98
97
104
107
93
41
25
22
56
81
41
69
4
14
16
22
13
70
66
34
15
68
45
37
16
22
19
15
38
35
48
66
66
79
80
90
94
106
92
96
114
106
107
111
100
86
112
116
119
122
113
113
121
104
100
104
117
104
118
114
127
119
138
117
118
37
73
115
78
29
90
105
52
3
14
15
27
39
36
33
50
59
67
56
65
84
100
81
100
99
69
92
103
80
77
102
70
87
36
49
63
13
26
46
41
45
61
63
59
62
85
64
89
75
81
78
92
106
98
99
96
111
105
114
104
93
116
65
103
87
77
32
54
25
5
17
16
27
39
49
49
45
55
46
68
37
47
44
56
54
64
29
4
3
25
13
37
32
52
51
50
57
69
55
77
76
85
83
87
90
90
80
108
110
78
95
106
90
115
100
112
92
37
113
43
78
25
62
105
48
51
3
20
36
45
60
70
75
70
74
99
97
106
94
106
129
113
112
98
118
115
118
115
104
105
112
58
82
112
103
73
92
89
71
87
72
4
3
4
2
12
7
4
9
17
29
27
39
31
39
60
57
78
70
79
80
75
78
77
74
97
76
90
89
100
88
99
104
104
99
111
90
106
107
101
93
106
79
12
66
86
98
62
36
49
14
13
33
30
53
54
63
57
73
59
32
51
55
68
59
40
53
72
26
15
41
42
53
64
62
75
70
84
70
73
102
89
77
103
92
99
96
75
90
69
75
57
88
22
36
24
50
96
48
4
1
5
13
21
25
24
33
46
52
52
45
55
57
54
73
65
71
27
16
41
59
54
62
10
4
3
17
5
20
27
13
12
4
7
2
12
4
16
27
27
28
36
38
52
59
71
70
69
79
65
73
79
81
90
83
96
103
84
97
74
72
93
101
83
85
85
93
75
95
57
54
58
86
95
81
90
97
82
87
103
77
75
69
96
82
77
88
83
79
81
65
86
76
84
76
85
84
91
74
92
92
96
100
96
101
99
89
61
78
78
89
75
7603
7596
7597
7619
7632
7587
7614
29
108
106
107
71
65
60
58
52
61
89
72
95
67
19
19
53
19
19
19
80
69
4
9
5
20
23
33
35
38
49
47
60
59
76
64
61
82
79
80
103
104
97
105
104
87
90
104
106
92
106
93
104
64
39
40
31
48
77
88
65
99
10
21
31
34
54
33
39
50
23
36
52
35
14
46
84
85
101
81
82
65
73
63
78
74
116
103
113
97
89
88
95
97
89
109
101
105
115
92
95
94
102
95
103
31
90
80
55
71
16
46
49
16
61
7
5
4
4
4
5
2
16
3
28
30
27
45
43
62
71
69
73
71
33
23
45
79
66
56
84
74
4
16
15
29
23
16
27
4
17
31
31
28
47
62
56
72
81
75
90
87
92
104
96
87
105
104
108
101
102
105
97
107
99
94
108
116
98
115
105
117
100
116
127
112
120
121
112
112
103
27
93
107
24
67
44
13
45
90
48
10
8
23
36
26
20
35
24
28
22
3
11
13
23
45
32
39
42
47
54
70
83
80
92
90
96
66
93
86
103
102
108
97
104
116
108
113
107
106
112
116
103
98
115
86
95
97
77
83
88
83
84
76
92
87
86
94
96
87
102
91
88
103
72
77
91
89
92
95
100
98
110
107
124
100
112
96
110
110
100
90
104
93
91
101
101
87
103
96
101
94
106
99
108
105
98
114
99
85
78
112
100
114
104
116
108
113
110
110
109
108
116
102
110
108
101
89
114
100
113
108
119
111
117
109
117
106
115
106
108
95
108
94
92
104
86
109
104
107
114
123
108
120
110
124
119
121
114
122
113
121
109
121
114
116
108
117
114
99
111
114
113
108
107
115
114
109
110
111
94
104
90
95
88
95
89
93
101
102
100
94
90
103
98
109
91
103
95
106
96
100
107
102
110
117
106
122
109
123
70
115
91
106
76
104
97
105
93
96
78
89
89
94
94
116
116
112
95
109
99
119
118
131
120
111
100
116
129
120
141
120
124
128
138
126
137
82
135
103
47
68
112
19
37
74
3
4
3
8
4
16
12
20
4
14
6
3
27
13
15
12
9
8
22
22
19
37
34
46
45
42
55
78
66
68
82
64
78
98
96
102
104
113
117
129
120
121
82
98
125
105
95
106
92
64
51
80
68
91
76
103
98
95
74
30
72
81
55
100
71
37
71
12
27
24
49
62
55
72
72
80
90
85
92
89
93
104
97
101
105
98
107
113
95
82
94
89
98
102
77
88
72
97
65
83
19
50
44
42
30
16
26
39
45
44
66
65
57
78
60
9
60
44
79
88
34
13
80
68
23
86
57
15
6
22
11
13
9
4
5
26
43
50
59
57
60
78
71
21
28
78
48
73
44
68
71
76
7
7
5
26
22
34
33
38
7
23
19
9
46
53
27
38
40
34
40
47
39
49
39
63
52
59
61
44
14
10
28
13
38
49
63
66
57
55
65
77
68
81
86
84
106
93
106
88
92
106
99
74
41
86
55
50
78
99
76
27
14
16
18
37
48
63
62
73
64
60
81
80
80
84
87
86
95
105
95
98
24
79
88
32
14
73
49
70
97
47
4
4
12
5
4
3
19
29
25
40
53
61
53
68
52
50
77
30
25
67
55
65
45
45
3
2
7
20
29
10
24
24
45
8
7
28
11
4
4
13
10
27
19
28
30
28
55
65
74
67
71
65
67
80
83
83
97
61
93
13
63
54
46
82
34
3
2
12
18
4
19
18
18
19
30
24
40
53
44
48
46
73
36
53
53
56
50
38
69
5
11
26
28
30
37
27
34
6
11
11
35
23
43
51
17
33
34
30
36
15
34
38
19
5
13
24
22
28
37
42
16
19
40
8
45
37
4
6
5
10
8
9
9
12
36
32
54
52
47
34
46
44
69
68
77
85
88
100
108
106
105
94
109
100
118
102
106
114
100
65
40
17
80
87
51
29
64
69
51
28
23
30
49
59
53
50
70
61
53
30
46
44
24
23
56
58
57
4
30
28
38
49
51
58
71
79
70
77
74
73
72
68
82
76
84
94
73
71
71
89
74
76
88
90
82
97
100
78
90
75
79
77
95
92
79
87
84
89
92
93
84
82
95
93
97
98
101
99
99
106
85
101
91
98
92
92
103
89
70
46
51
32
65
98
72
74
84
80
36
53
59
53
77
77
89
93
96
79
86
102
77
90
89
82
91
82
84
86
94
79
86
77
91
85
93
90
100
87
103
94
106
83
96
109
101
89
98
91
98
80
61
101
91
95
93
107
104
100
92
101
75
92
92
103
101
94
93
99
98
79
93
85
96
100
89
99
95
103
93
100
83
95
101
93
87
95
76
95
98
105
84
96
90
92
97
103
105
92
101
91
98
98
102
82
109
83
90
89
84
89
87
82
106
105
113
106
115
107
115
100
113
104
90
98
92
91
97
95
89
99
92
93
102
101
89
91
84
100
82
88
72
93
101
101
95
104
97
104
116
99
97
110
100
109
100
110
103
107
98
87
98
89
104
94
87
96
89
93
85
95
93
93
85
87
96
73
93
84
88
73
83
89
85
90
94
86
87
86
97
35
64
56
31
94
23
47
73
82
7
32
45
56
64
67
65
78
89
89
106
89
94
102
100
92
97
97
104
96
92
87
105
102
86
79
98
92
99
90
100
81
15
35
33
17
19
94
50
79
76
7
23
22
24
35
33
22
22
6
16
17
29
39
50
49
47
53
68
67
68
89
82
92
89
108
110
109
101
117
114
104
115
120
111
108
96
84
83
118
80
72
94
91
77
88
90
67
66
86
84
84
81
52
78
10
45
67
22
33
80
70
7
11
10
5
5
3
5
17
5
16
7
25
38
36
38
37
39
32
16
51
9
46
49
51
13
11
7
9
5
3
16
33
17
21
18
23
21
16
16
3
8
12
31
13
11
9
22
19
5
12
5
10
32
43
49
48
53
63
56
74
72
89
85
96
95
107
100
101
90
104
99
38
56
67
33
36
70
34
84
20
18
15
13
11
9
4
8
21
5
20
12
5
25
25
36
33
48
68
67
73
87
71
84
79
83
86
101
94
97
97
102
104
98
119
118
114
105
99
110
106
105
97
102
105
94
102
100
97
107
100
87
97
71
82
63
20
107
46
80
23
94
30
4
4
6
9
9
26
25
40
20
14
7
23
25
4
3
24
22
20
17
26
25
11
4
5
7
29
33
33
42
49
60
55
72
59
77
63
58
73
79
56
84
97
91
89
81
66
69
64
73
74
82
82
77
102
98
115
113
113
102
87
57
37
66
22
77
61
63
69
35
4
19
43
32
36
61
62
69
77
77
89
99
85
94
107
94
83
105
96
107
108
81
71
73
93
64
78
79
86
80
83
90
89
75
87
89
101
76
74
85
89
88
86
79
98
91
76
97
73
89
75
87
94
99
90
100
96
102
108
92
103
100
97
113
106
85
94
92
95
97
75
96
91
103
95
98
97
110
97
115
108
113
112
109
102
98
106
101
106
95
109
103
89
102
90
100
90
95
106
104
96
106
87
68
99
76
89
101
90
100
99
87
73
76
91
91
101
93
104
95
106
96
111
113
106
99
100
105
82
100
88
90
95
97
91
107
90
97
89
103
86
95
100
83
101
93
103
103
101
102
99
106
104
113
111
86
97
106
104
94
75
87
99
95
83
75
76
95
97
91
100
82
100
93
104
90
93
100
77
96
85
82
94
84
77
88
89
80
92
91
95
88
103
88
103
93
96
87
96
85
100
88
95
89
107
108
103
114
105
109
100
97
77
88
85
101
69
82
88
96
96
80
94
75
88
95
94
87
85
95
95
89
87
92
91
73
70
61
54
39
24
90
24
77
61
86
77
4
3
19
20
18
43
50
51
57
69
75
74
88
88
99
95
96
88
97
85
91
107
100
110
117
122
97
22
46
30
112
94
87
60
103
39
22
30
48
49
64
72
64
72
73
81
86
92
95
82
90
95
101
92
92
92
105
90
97
95
98
105
85
92
97
92
105
96
105
88
101
104
89
92
98
117
121
120
107
121
109
120
111
116
106
109
102
105
91
104
94
106
104
105
98
92
88
96
92
105
87
77
84
99
91
110
100
89
113
98
92
111
105
116
95
109
96
111
101
98
111
105
108
108
101
107
96
97
108
108
98
109
97
108
96
109
97
108
105
105
108
104
100
92
106
78
97
91
106
91
90
99
89
97
82
103
92
86
96
91
88
78
99
77
73
74
86
85
89
88
99
90
97
95
87
71
93
72
87
95
89
55
88
101
63
76
70
92
95
94
72
81
93
99
91
68
67
103
97
103
99
110
104
102
109
95
103
83
96
85
98
103
92
100
95
98
99
106
86
104
106
96
104
97
103
97
106
97
100
96
104
92
104
99
99
105
102
97
110
97
94
108
88
96
103
76
95
103
95
82
91
79
97
82
84
72
81
89
93
88
100
87
99
93
112
100
112
102
109
96
107
98
101
108
106
90
99
100
108
105
98
91
88
99
106
86
102
94
103
93
109
110
86
102
95
100
94
106
95
93
101
97
89
103
102
102
95
101
96
104
98
101
94
100
99
79
92
94
83
101
95
106
90
102
94
108
94
107
100
104
101
103
96
100
95
98
93
105
94
88
99
93
105
95
100
100
101
97
97
106
95
96
79
98
86
90
85
73
80
90
97
88
99
83
93
85
98
116
103
118
98
109
97
106
100
111
103
109
99
106
101
107
99
106
99
103
94
97
79
84
103
92
89
100
88
94
103
95
93
88
87
82
98
103
95
102
87
94
102
96
100
85
85
97
83
95
85
85
78
98
98
103
72
93
82
89
101
88
90
101
95
95
102
92
93
92
95
75
82
99
98
87
102
89
100
97
108
87
97
82
93
92
85
73
92
80
94
83
104
97
112
102
106
106
79
110
117
98
92
106
103
81
89
100
91
98
106
95
79
105
91
97
104
103
91
103
95
95
71
86
89
84
104
88
91
104
98
97
112
97
101
89
101
83
95
96
87
97
86
40
78
62
28
96
45
17
61
8
6
25
36
30
37
38
40
58
50
58
66
63
70
74
74
74
72
81
93
91
89
78
82
85
89
82
92
76
29
95
49
43
21
79
60
79
8
20
37
39
49
59
60
68
70
81
82
91
86
96
99
85
95
99
98
93
105
95
92
90
101
99
86
41
67
94
80
26
57
12
66
23
31
44
16
15
44
42
56
60
70
62
66
73
71
69
68
80
86
87
62
78
61
72
17
26
89
50
46
30
35
7
14
18
6
16
3
20
17
21
24
21
30
7
14
20
32
33
37
49
52
68
67
84
76
84
98
90
91
110
119
105
109
100
82
115
104
113
95
112
96
79
74
90
81
83
68
88
82
88
81
64
84
64
92
91
97
65
22
70
76
31
79
62
73
50
4
14
20
24
53
59
54
56
68
77
76
91
86
60
44
69
83
20
50
28
88
7
10
8
35
37
48
43
42
45
60
67
71
80
80
72
89
78
71
86
86
86
94
99
96
91
110
99
89
89
44
64
54
47
25
101
92
78
4
3
13
20
16
23
26
53
55
58
64
73
66
81
92
89
102
110
94
108
118
104
108
106
110
105
118
105
112
101
106
96
94
94
95
89
88
106
96
84
97
91
108
105
116
105
109
103
110
110
101
100
106
110
103
108
95
107
97
96
104
107
103
105
99
99
107
96
106
105
93
103
97
102
95
92
100
100
97
103
92
104
98
105
95
104
93
105
99
106
99
105
99
105
94
106
94
106
99
105
94
19498
19493
19575
19574
19570
19577
19590
19586
19611
19655
255
196
187
172
184
183
141
158
129
183
128
139
120
124
137
116
133
114
96
87
92
85
90
76
80
80
83
89
84
93
81
93
91
99
81
103
96
54
96
49
46
87
110
75
78
86
84
85
50
65
60
77
76
90
84
92
89
100
88
94
87
78
93
141
125
129
134
142
145
153
141
110
108
110
105
115
121
130
108
119
106
95
109
116
107
117
116
112
103
131
118
137
129
198
191
250
234
157
96
38
193
242
179
221
170
3
20
20
33
48
11
40
19
46
9
44
24
22
3
20
20
9
11
13
7
6
23
24
8
30
26
12
34
10
4
4
11
6
14
33
36
45
42
25
51
23
45
14
49
32
58
16
36
10
7
26
21
18
25
33
45
49
45
60
56
56
73
71
80
79
82
93
101
95
106
93
102
106
92
89
87
85
94
92
15
51
31
17
43
76
74
90
59
13
15
15
40
61
60
55
75
48
50
47
79
88
81
62
68
20
28
27
89
84
98
95
101
56
55
71
62
64
90
93
88
92
85
94
96
90
87
100
92
36
68
70
103
54
93
24
38
62
5
19
36
24
25
32
35
59
55
64
79
66
77
75
73
75
77
75
84
87
82
91
86
88
91
89
83
79
84
99
94
112
102
108
97
107
112
106
101
113
106
111
104
104
102
113
101
110
104
106
103
107
95
113
99
109
112
113
94
110
117
104
103
116
118
105
117
107
118
110
114
121
103
116
103
119
105
118
106
118
109
118
110
114
106
113
106
110
101
114
112
112
105
111
103
107
100
108
100
103
111
109
111
92
109
100
99
102
110
95
114
97
115
113
115
117
134
119
123
115
126
120
124
117
120
118
122
116
121
114
110
118
112
115
115
111
109
103
105
96
104
76
100
95
87
110
98
111
100
114
102
85
108
105
104
116
103
120
108
124
121
120
126
125
116
125
112
118
110
112
93
109
100
89
72
91
84
87
74
68
90
82
80
92
94
94
93
99
109
93
107
96
99
90
102
97
103
103
93
80
96
86
57
92
84
68
100
89
88
95
73
44
81
97
47
81
72
80
84
85
63
87
79
91
91
99
73
62
28
92
41
16
86
71
55
3
3
22
16
22
22
27
39
50
49
53
65
63
72
68
80
66
89
102
105
98
101
107
96
96
87
51
78
37
82
28
64
50
89
22
5
16
26
14
13
23
15
16
18
15
13
59
52
41
56
64
67
75
87
84
90
100
97
108
106
106
98
100
109
98
113
101
107
94
90
93
85
89
82
94
89
79
94
94
98
107
101
95
111
103
103
96
104
104
95
105
93
101
93
93
106
94
102
95
93
84
95
98
88
92
88
95
106
89
91
98
92
85
91
102
115
98
92
110
110
108
98
123
121
112
109
115
117
108
121
93
105
84
102
96
106
92
106
90
99
103
89
99
91
101
96
84
22
40
28
75
103
64
85
53
98
16
17
33
34
52
65
77
59
75
57
67
85
78
45
15
38
89
93
69
91
55
72
27
15
4
15
25
20
38
36
50
64
73
67
64
68
83
75
81
82
90
92
89
88
72
82
94
85
73
75
95
91
82
65
58
80
93
102
79
92
92
107
104
76
98
98
111
96
105
92
101
93
94
88
90
99
103
93
99
77
87
105
91
108
92
90
99
76
102
91
95
89
88
105
79
93
88
87
94
95
85
84
80
91
97
80
92
89
100
94
109
88
80
101
99
90
100
105
101
93
82
94
91
97
74
104
97
106
98
97
94
107
80
104
86
100
89
101
98
102
100
116
102
85
93
108
89
103
89
95
86
98
97
38
65
45
70
30
86
68
55
19
5
20
19
26
31
52
39
43
57
26
46
42
54
28
48
57
50
29
11
25
37
49
44
48
35
61
73
78
76
75
90
94
98
92
82
90
108
99
81
96
111
94
98
95
104
100
106
100
89
16
73
41
98
53
18
68
32
98
83
17
39
49
48
61
57
63
65
83
87
99
97
103
90
103
76
79
99
101
85
100
84
80
92
75
73
94
93
81
73
64
68
14
25
62
23
48
59
34
37
43
19
3
16
23
26
37
28
37
30
57
78
71
85
83
84
73
75
86
96
100
92
88
104
96
106
113
97
119
107
97
106
118
99
98
96
94
84
73
77
109
100
87
85
89
96
83
88
80
95
82
85
100
92
106
95
99
93
104
96
107
100
106
76
33
56
52
40
90
69
100
