50
51
116
61
152
121
163
176
242
235
233
244
161
177
190
302
304
283
260
265
316
259
311
312
273
316
313
338
336
344
331
344
348
350
346
349
378
377
398
397
419
426
425
415
421
452
461
446
443
464
441
460
420
418
463
445
441
462
419
422
536
449
456
457
458
459
460
456
451
444
433
426
413
401
397
389
382
370
362
353
353
334
332
328
330
321
308
309
286
230
201
183
188
194
196
202
206
210
213
216
219
222
480
523
444
529
453
440
534
558
536
5
11
24
6
16
5
7
3
21
8
15
5
6
25
29
22
25
18
36
10
20
12
19
19
4
4
9
6
3
8
14
31
41
53
69
70
62
66
103
156
150
150
179
176
175
175
176
166
171
169
179
191
216
218
233
219
229
216
233
220
233
217
234
227
231
219
319
329
332
331
327
393
383
384
417
416
417
529
540
529
538
539
575
577
575
576
628
632
627
638
605
595
589
593
597
596
596
596
596
591
585
568
552
474
475
477
476
469
461
450
441
437
436
437
437
439
439
440
440
442
435
430
423
404
388
388
300
300
292
268
269
255
230
222
214
629
4
5
4
15
5
24
8
21
6
13
16
9
19
22
30
31
11
26
28
42
50
40
13
44
6
7
34
36
58
88
87
88
92
116
76
135
87
75
85
73
115
91
244
261
282
281
283
284
285
282
263
229
264
232
269
270
293
294
318
333
310
335
335
358
357
377
377
377
407
409
428
440
439
439
464
464
487
487
507
508
525
526
526
526
556
554
569
580
580
596
592
605
591
546
518
544
521
541
542
549
557
523
545
545
537
554
526
545
541
522
527
514
517
507
494
490
510
504
495
479
501
485
499
497
495
480
488
474
483
475
477
460
472
472
483
481
479
483
464
471
479
484
480
489
490
485
492
483
474
480
464
477
481
468
480
471
480
478
479
469
482
472
482
471
487
475
490
479
481
487
486
476
485
474
480
470
486
476
475
481
481
475
476
458
468
471
459
455
449
468
460
464
456
466
447
461
453
443
451
455
460
460
467
456
467
457
468
467
454
7230
452
7364
7339
7333
464
7370
7324
7324
7352
7360
7355
7287
7280
7322
7312
7290
7279
448
7295
7348
7475
7479
7487
7485
7499
7474
7481
7500
7475
7490
7501
7502
7509
7511
7526
7510
7529
7545
7554
7551
7539
7552
7541
7558
7546
7568
7560
7575
7563
785
7575
7521
838
662
611
675
545
543
550
560
560
557
577
577
594
595
609
605
603
622
630
623
630
641
627
628
631
626
636
627
631
623
631
619
628
618
597
619
618
606
617
605
616
604
591
602
589
603
598
581
586
528
543
527
519
512
537
528
538
534
538
529
539
542
540
549
541
553
552
553
544
553
544
518
535
549
484
520
501
501
536
527
533
526
533
520
508
533
511
492
499
510
500
507
502
514
503
516
510
520
519
518
511
518
509
506
522
512
524
517
500
510
518
521
510
505
498
489
502
504
497
495
507
505
503
518
487
504
505
517
510
524
523
522
513
529
534
527
545
530
551
548
555
546
554
565
565
573
568
572
559
569
557
561
568
581
562
561
567
568
578
582
573
587
580
588
592
595
583
572
585
550
573
562
566
566
564
572
561
575
566
563
561
551
569
562
569
577
552
542
552
527
547
549
531
525
535
519
509
508
505
537
534
542
538
517
515
515
501
499
491
471
527
479
454
460
507
516
510
516
491
520
520
519
540
532
543
531
535
530
546
535
537
547
529
538
550
541
549
557
536
565
542
537
548
553
560
557
567
539
541
554
552
539
509
495
512
512
531
507
532
534
532
533
557
558
568
558
553
561
559
565
550
565
550
537
561
557
563
555
558
561
559
532
555
547
518
544
524
498
506
471
483
540
448
558
496
458
555
542
529
532
515
524
532
521
530
537
521
531
522
514
524
519
525
534
521
541
525
540
532
537
542
533
540
542
529
538
524
525
544
537
523
536
534
524
535
524
524
511
511
524
524
540
539
556
554
571
571
545
549
549
545
541
556
554
558
544
536
554
554
553
555
545
532
546
523
539
515
502
536
511
505
527
534
533
518
497
523
468
509
486
478
535
528
535
525
537
525
548
537
553
542
555
553
551
555
538
528
429
467
409
556
524
382
411
478
429
475
448
413
435
498
545
492
383
383
511
385
415
509
501
503
417
459
477
491
480
483
491
490
487
424
489
530
547
533
525
537
522
707
700
705
693
682
698
592
497
494
486
493
494
486
489
490
680
650
646
649
648
649
681
694
677
688
681
700
701
722
721
745
746
759
759
770
708
724
706
694
708
697
709
657
455
715
705
680
672
708
648
759
621
427
596
583
448
450
614
582
407
468
465
437
407
451
447
409
566
581
588
598
597
577
598
590
578
599
587
596
579
570
592
592
580
572
478
441
439
462
462
491
504
504
492
436
420
446
408
434
442
443
449
447
433
448
442
445
432
450
444
523
525
547
559
568
542
570
571
615
606
600
615
597
586
568
597
605
604
596
599
602
602
601
607
607
605
587
597
617
589
594
564
577
579
597
583
592
577
533
561
565
533
562
528
530
529
577
575
590
590
582
606
591
609
602
587
610
580
597
589
567
550
592
585
591
585
591
540
559
568
552
590
557
613
632
627
618
619
619
617
581
621
581
602
615
609
588
612
571
595
589
589
588
587
607
605
617
607
617
590
598
594
607
604
590
605
594
604
601
597
578
579
591
596
572
568
535
536
527
547
547
565
573
565
574
567
577
569
580
560
561
561
578
577
586
573
574
586
584
591
574
577
569
567
579
584
571
585
579
571
583
575
565
571
559
573
551
566
551
562
553
546
562
545
549
544
538
541
549
532
523
546
538
530
534
526
549
540
548
541
532
542
536
515
528
534
527
532
520
524
513
535
530
519
514
509
514
519
520
508
521
510
525
517
530
531
526
517
541
532
544
499
431
521
483
475
460
490
403
443
448
512
529
464
539
539
528
524
518
526
514
522
534
518
519
526
534
524
523
533
525
539
537
516
530
536
522
535
472
494
513
473
486
508
525
513
498
505
498
501
493
515
485
413
414
427
426
439
437
440
461
461
473
477
476
493
486
494
492
502
499
494
505
498
493
492
487
500
487
491
499
490
505
471
478
500
492
475
474
467
468
485
473
495
504
498
501
506
499
491
505
490
502
504
493
503
515
520
502
518
523
528
512
513
520
512
512
539
521
531
528
523
526
533
540
534
539
542
526
544
534
505
467
412
411
406
469
387
529
511
526
452
401
364
450
375
432
494
482
477
488
422
394
442
455
466
451
462
482
477
492
483
495
471
441
424
411
407
410
403
335
253
257
259
262
258
262
265
270
273
277
283
288
291
296
297
462
471
433
309
312
414
310
296
312
300
300
446
508
461
307
492
493
301
304
312
492
480
499
493
486
488
282
297
298
317
315
332
331
262
260
281
282
310
309
334
336
353
353
379
368
380
369
421
420
419
448
447
465
462
462
476
476
492
521
521
493
548
559
560
580
579
595
595
609
612
610
606
620
634
621
631
623
628
621
629
624
616
624
628
631
617
624
612
620
607
611
616
602
615
611
622
621
601
599
604
570
584
593
586
595
590
594
586
601
578
590
569
575
563
574
564
576
566
581
582
598
587
589
575
585
579
588
582
588
581
590
582
577
589
582
573
581
573
574
581
575
583
586
576
590
596
585
598
594
602
586
596
591
587
605
604
569
596
590
572
582
592
580
592
586
602
589
595
582
594
585
600
585
600
589
578
575
584
567
554
585
572
586
574
579
554
587
564
579
570
578
573
558
572
578
555
9262
9295
9318
9305
9359
9345
9443
9434
9442
9437
9510
9500
9528
9526
9507
9518
9510
9513
9520
9520
9514
9549
9583
9671
9665
9671
9673
9677
9677
9686
9687
9716
9724
9715
9722
9726
9706
9694
9714
9711
9710
9738
9731
9709
901
972
639
9739
740
9730
845
729
952
9716
9727
829
864
9692
712
931
716
715
722
711
706
727
712
741
732
709
688
727
683
593
583
589
570
525
492
501
475
555
576
548
519
509
501
503
515
505
491
501
498
406
479
421
422
440
441
464
468
469
469
465
466
530
530
529
561
562
592
589
593
575
587
584
603
575
582
582
591
551
567
470
477
473
474
512
576
477
532
472
540
561
556
571
542
546
528
522
553
559
558
556
547
560
549
560
545
548
528
524
524
542
542
556
567
559
498
460
447
360
520
468
516
557
544
366
362
481
452
423
400
531
486
446
389
450
361
407
455
461
454
382
372
506
452
391
452
429
389
504
498
461
473
486
499
500
499
519
500
504
486
516
564
577
575
510
480
479
435
325
328
341
321
322
321
357
357
383
383
399
400
421
423
452
452
444
436
443
452
458
462
455
472
472
491
491
509
518
517
519
536
537
535
563
563
584
567
588
588
609
608
630
622
629
618
616
623
627
591
607
574
587
570
599
596
583
578
603
592
581
577
584
578
565
579
574
577
565
565
571
586
583
572
596
580
583
598
595
577
590
599
571
570
600
587
599
591
597
595
600
591
596
599
602
591
595
605
609
617
608
621
619
609
613
625
608
622
596
592
610
620
610
605
606
605
603
620
604
593
615
596
605
569
590
577
593
582
592
599
578
600
598
594
585
600
584
587
599
598
583
591
578
587
576
581
573
589
572
578
565
582
573
580
568
564
572
572
561
573
556
570
570
565
584
574
563
573
562
576
573
556
559
563
572
581
587
566
585
565
560
555
568
568
553
555
565
559
550
560
556
565
558
562
549
564
552
569
557
573
556
570
561
568
564
573
566
574
567
575
563
569
579
583
573
578
581
588
581
584
586
577
596
588
581
590
583
596
583
598
586
572
590
582
598
586
604
589
588
602
571
581
597
594
588
575
565
592
576
578
570
583
574
567
563
576
574
564
582
565
558
565
561
555
542
563
558
562
556
561
560
560
550
561
573
558
568
555
551
576
568
589
570
569
579
559
551
552
539
520
522
584
525
510
506
493
488
490
567
470
479
518
424
464
440
447
462
476
497
490
510
508
514
493
517
512
526
522
525
517
526
518
517
515
500
520
509
513
510
504
494
510
489
513
529
442
413
440
435
436
459
457
479
479
487
495
509
511
535
542
563
563
583
584
610
611
640
639
641
655
649
633
631
649
641
636
640
633
624
639
638
627
647
644
645
636
645
638
646
645
669
665
663
650
620
638
618
634
623
642
621
636
618
623
633
627
620
631
616
631
609
602
613
605
585
595
595
590
586
595
585
588
599
597
586
587
601
605
589
601
599
591
590
582
590
578
577
586
568
581
574
561
575
570
560
562
581
570
580
570
548
583
578
585
588
586
574
587
578
586
584
589
591
596
579
584
595
600
593
593
584
591
580
586
594
584
593
581
583
582
579
597
596
588
588
594
593
583
594
590
595
588
594
591
584
597
587
579
594
586
603
587
598
593
572
564
582
580
589
581
589
576
565
587
588
567
576
575
578
585
592
579
595
581
584
586
584
590
582
571
582
570
583
575
577
566
556
577
566
571
587
577
582
584
573
571
588
577
572
585
576
578
568
584
561
584
570
582
570
564
575
571
577
563
581
582
586
556
535
547
582
563
563
558
571
559
556
561
550
565
562
547
536
566
530
551
547
568
562
546
549
556
553
552
538
553
543
552
546
544
528
543
541
534
546
531
552
538
551
544
554
538
534
533
535
543
539
510
530
533
513
542
527
534
530
526
536
533
511
506
496
489
489
521
473
420
469
435
473
446
431
414
359
426
374
414
382
401
425
382
393
461
476
453
467
443
470
463
464
466
469
469
464
480
466
468
486
468
452
488
482
471
478
335
432
377
451
445
365
372
383
383
400
400
424
425
437
438
452
451
492
494
514
517
515
542
542
564
563
583
582
600
594
608
589
595
589
591
598
593
593
603
589
602
590
602
593
597
581
568
537
542
548
562
561
584
584
601
596
593
605
601
606
589
597
581
594
606
600
588
577
584
574
577
578
574
567
576
564
559
557
537
551
471
441
372
517
535
418
404
387
400
487
449
427
494
477
501
538
502
496
563
554
563
553
560
541
551
559
553
557
557
546
533
527
547
521
539
534
536
529
525
531
522
531
534
526
545
537
510
556
525
478
466
467
475
482
492
491
504
503
517
518
534
531
462
534
446
437
532
416
532
376
365
363
533
403
388
524
354
424
457
342
395
463
474
470
472
471
469
464
482
474
478
469
453
458
461
474
477
456
464
478
472
474
468
478
467
483
473
482
472
481
438
457
457
467
467
484
483
498
498
515
514
529
529
546
545
557
564
563
527
539
511
508
500
491
484
498
503
496
507
505
499
506
520
513
525
497
513
505
502
514
512
509
517
510
521
509
515
510
517
510
519
510
523
518
524
517
527
522
528
522
527
523
532
523
531
532
542
529
547
533
548
539
546
542
554
540
550
541
553
540
551
554
553
549
554
539
538
544
546
545
541
534
543
534
521
536
539
546
532
540
527
537
530
532
547
548
526
530
534
536
538
549
533
535
548
545
537
550
536
540
533
543
536
551
534
530
545
539
544
546
552
545
555
553
551
554
556
548
558
553
554
561
568
566
580
564
594
586
607
594
595
607
610
589
592
593
591
605
598
613
597
605
604
594
592
602
588
603
591
601
599
602
601
594
606
577
591
595
577
579
571
592
572
583
576
575
571
575
584
592
586
577
586
594
586
567
565
573
566
570
553
559
553
570
569
575
581
575
569
576
562
575
565
572
568
574
566
561
560
570
557
501
502
549
526
521
500
539
531
524
548
555
539
538
544
516
542
527
539
520
496
525
506
500
504
506
500
493
494
500
498
499
487
489
476
485
474
478
466
466
473
469
472
461
463
468
471
463
458
479
453
423
424
452
452
467
465
467
460
484
475
475
472
490
481
472
488
468
480
466
485
481
491
471
474
472
484
485
469
479
477
464
486
656
634
685
644
631
560
525
521
509
604
650
542
672
608
676
581
566
550
669
614
592
625
529
575
652
647
681
673
677
676
668
682
673
680
685
1779
1763
1790
1775
1797
1790
1798
1791
1788
1791
1806
1823
1821
1818
1435
1546
1436
1540
1435
1437
1437
1443
1441
1448
1442
1538
1438
1427
1814
1444
1442
1438
1442
1439
1532
1564
1564
1584
1585
1585
1604
1590
1605
1596
1601
1587
1588
1583
1595
475
1579
506
491
499
482
486
476
482
463
471
470
468
482
334
350
423
347
347
368
367
381
381
399
398
431
442
431
441
442
482
482
500
500
507
507
528
528
529
543
523
557
549
551
541
539
522
529
491
463
483
498
442
418
437
397
497
426
452
409
389
522
565
470
522
506
522
518
523
516
533
528
542
533
539
539
528
537
532
531
542
531
549
535
565
559
557
549
551
573
571
573
489
581
539
481
498
486
510
510
510
543
543
565
563
578
578
600
600
623
623
643
639
638
649
661
664
659
662
635
645
651
643
623
629
631
608
624
618
632
615
597
617
590
601
600
611
594
595
592
599
586
583
562
571
581
586
578
577
559
568
563
563
556
553
563
538
568
569
558
556
564
560
554
550
547
536
538
561
530
557
549
565
551
561
547
554
554
561
565
564
557
568
560
566
558
564
551
564
555
562
560
566
560
562
558
564
557
566
564
562
568
571
568
567
551
567
560
574
569
579
562
568
557
569
569
558
586
580
587
563
568
559
551
568
570
574
566
565
540
530
548
559
564
553
562
555
564
558
571
555
563
549
554
566
558
548
551
563
543
555
560
554
549
557
546
558
551
543
546
557
555
544
554
550
555
550
558
554
556
560
545
560
533
557
555
543
552
540
544
564
543
556
548
563
548
560
545
562
546
550
545
545
559
560
555
540
571
558
585
573
577
568
570
582
583
564
574
578
572
581
577
589
576
588
575
588
581
590
585
576
588
583
591
595
581
564
581
592
593
588
566
588
583
585
576
587
586
574
586
566
577
577
588
574
574
583
552
573
545
556
564
567
556
567
566
562
567
534
517
550
433
452
447
473
413
423
466
398
383
367
526
439
494
554
509
371
404
495
470
476
503
504
516
503
500
494
527
512
530
523
540
542
543
548
544
553
546
565
556
536
560
549
552
552
537
565
521
522
541
556
582
596
596
620
564
619
583
589
591
607
607
630
624
629
629
628
626
666
669
680
682
674
668
684
668
685
666
623
658
685
630
646
653
634
640
648
668
645
673
671
667
653
618
543
522
478
474
453
443
442
419
396
396
389
390
387
382
377
366
663
535
629
586
506
559
347
331
649
461
597
483
321
312
603
361
295
418
370
356
170
347
68
327
318
359
368
168
108
83
326
367
278
279
369
370
296
70
184
211
230
224
223
222
231
224
186
96
224
111
97
96
97
98
97
96
96
105
222
219
241
270
269
279
279
291
293
293
315
328
329
330
357
351
367
366
384
384
384
383
426
386
349
308
327
326
344
346
345
378
374
392
394
392
410
411
430
428
444
446
464
476
464
475
476
504
501
504
494
508
528
476
496
503
380
358
470
449
422
415
528
472
362
457
520
395
487
416
347
371
458
431
478
469
477
467
479
477
494
467
474
465
480
477
476
469
474
463
464
476
476
473
483
476
480
476
487
486
497
430
400
399
389
372
394
393
399
418
418
439
439
459
459
479
478
493
494
518
517
537
537
557
558
579
560
568
560
560
564
574
564
571
565
573
566
570
566
552
567
543
562
534
552
558
553
551
549
551
549
542
545
540
544
541
540
533
538
530
540
526
522
513
534
526
520
529
527
518
521
515
509
493
511
507
499
505
497
505
496
503
492
480
475
473
465
459
455
429
433
437
439
443
447
435
428
426
391
402
357
412
296
416
423
387
485
339
322
320
304
288
346
370
377
363
326
433
435
425
432
425
426
421
432
423
427
421
423
433
431
297
235
230
250
252
252
251
251
249
251
251
252
251
250
322
323
341
342
359
360
378
378
404
404
407
404
450
449
475
474
505
506
506
536
548
548
535
536
544
568
572
559
573
566
586
538
570
581
549
559
583
577
591
563
563
589
572
575
586
588
597
594
578
603
586
603
592
606
626
633
615
633
611
589
615
614
624
606
618
611
594
592
591
590
606
592
609
592
605
575
585
585
583
598
551
608
598
590
590
597
607
614
601
613
600
609
603
609
609
619
615
633
611
631
597
596
615
609
586
611
612
605
616
605
613
599
609
606
605
600
609
611
599
610
598
604
599
601
589
584
592
574
574
573
581
591
568
580
587
577
574
589
579
573
583
561
566
571
529
533
547
567
558
547
544
537
555
559
567
553
567
556
560
568
549
573
563
559
578
569
593
570
575
569
578
572
559
558
581
566
569
568
560
577
567
563
553
575
553
537
558
526
543
527
537
549
541
526
512
512
523
523
535
528
535
534
530
550
510
528
526
519
526
528
533
518
516
510
492
518
494
476
468
485
425
510
502
475
466
441
429
483
468
476
483
494
480
479
488
485
493
480
496
487
489
490
502
491
495
481
487
501
495
500
494
503
497
509
483
495
497
505
490
477
503
489
494
479
495
488
500
479
491
446
446
464
432
436
465
378
457
421
407
463
464
453
370
467
401
389
442
386
462
364
490
523
510
532
519
527
526
520
531
520
535
521
528
539
524
545
536
546
536
551
534
553
549
548
561
557
546
561
549
556
507
521
480
445
456
459
459
475
474
489
488
505
505
520
521
541
540
554
552
555
553
545
562
552
555
554
546
554
542
554
539
546
533
551
549
532
540
535
528
514
519
536
514
509
534
523
516
514
521
518
512
516
506
522
519
505
512
511
502
510
504
506
487
504
499
489
487
499
496
484
493
506
507
494
490
501
491
504
506
492
494
492
486
489
484
488
480
466
482
465
478
470
476
458
472
467
470
473
466
462
461
461
464
456
461
461
468
464
457
472
461
478
464
464
492
489
480
492
463
484
481
462
473
479
474
484
475
486
478
491
483
497
498
493
500
495
511
503
514
513
21509
21530
21529
21525
21547
21544
21542
21538
21554
21545
21533
21536
21544
21535
21516
21497
21461
21543
21545
21483
21476
21525
21510
21689
21665
21670
21683
21685
21690
21693
21696
21694
21701
21697
21707
21688
21700
21698
21691
21698
21694
21701
21690
21699
21705
21711
21701
21713
21702
712
21711
694
562
353
357
679
683
454
454
465
465
464
492
499
499
527
537
527
537
563
564
563
563
569
583
574
574
590
593
602
573
549
523
511
539
555
589
485
566
533
496
580
514
571
558
567
569
547
562
570
566
558
536
537
554
555
555
524
521
508
529
525
525
535
517
527
525
532
513
505
524
503
506
493
479
526
511
518
527
492
466
430
450
451
470
469
469
489
490
508
509
525
525
533
523
521
528
512
522
523
534
530
535
521
420
496
439
459
431
474
401
388
533
475
524
456
409
505
484
480
488
487
486
495
495
482
504
490
502
492
505
493
484
510
493
500
501
509
496
491
502
495
497
512
504
526
518
513
513
526
520
528
525
514
463
461
472
481
479
501
500
510
510
528
530
547
545
559
558
572
565
576
567
572
563
578
559
577
570
567
573
555
519
428
563
490
539
504
530
423
455
565
543
463
504
414
390
492
407
497
508
513
504
500
517
502
490
515
494
508
498
452
472
491
470
484
467
476
487
495
482
494
495
492
484
490
478
492
488
495
493
469
417
434
435
456
457
479
480
478
508
510
534
534
552
533
534
535
562
547
560
562
583
570
601
587
608
616
591
564
610
582
610
614
591
601
577
555
610
568
549
610
611
541
612
609
624
605
624
626
627
611
624
611
612
606
583
592
574
623
605
589
604
597
610
585
610
610
605
604
602
609
597
587
611
595
537
581
472
450
446
444
470
551
506
444
441
544
536
553
546
547
562
563
580
564
573
556
563
550
563
552
555
563
543
518
520
537
537
555
550
554
548
552
541
543
529
540
527
526
508
521
518
512
499
497
468
470
516
510
465
441
441
455
451
451
455
482
483
503
497
503
497
508
496
508
504
515
510
522
503
510
516
509
527
520
521
531
532
524
538
525
530
534
546
531
545
532
537
529
520
542
550
543
544
537
520
539
541
559
559
569
567
560
555
562
563
575
560
575
564
576
569
576
570
564
545
567
552
550
570
570
564
569
547
546
561
548
542
536
550
552
536
541
534
534
540
537
529
521
515
529
522
518
519
530
511
498
518
516
512
518
504
507
514
505
514
502
500
512
510
449
432
448
478
499
460
471
429
491
487
485
465
477
487
478
483
477
484
486
478
470
485
472
474
485
485
476
477
482
484
480
491
484
493
485
493
480
476
496
484
514
508
529
521
530
525
529
535
521
539
518
495
513
512
507
504
506
544
544
539
545
545
572
563
552
549
567
571
581
572
589
569
573
584
583
574
573
579
573
561
553
582
542
576
573
579
530
538
574
581
566
555
545
550
532
545
524
535
529
544
529
529
539
534
543
529
530
520
522
525
528
510
513
520
501
532
523
525
513
522
526
515
531
521
535
524
534
536
509
535
538
516
533
535
523
535
559
527
551
564
564
581
568
587
583
593
585
607
620
601
619
607
621
616
625
612
625
637
628
630
640
648
655
649
669
668
670
670
677
679
673
686
586
637
645
626
592
666
627
657
604
676
685
683
700
672
668
678
670
654
648
667
653
658
659
675
664
674
651
635
659
643
646
643
629
654
640
668
651
637
643
647
636
631
617
629
607
628
609
603
610
587
566
544
546
571
571
587
595
605
595
611
589
582
590
587
580
569
549
549
541
558
564
524
553
557
529
546
515
511
546
546
531
556
535
537
530
518
528
511
529
524
536
524
536
536
548
529
545
523
521
532
517
516
534
518
524
528
533
515
527
545
535
524
539
530
539
539
535
547
551
539
549
535
517
537
534
533
542
541
543
548
537
546
539
547
539
548
517
532
520
536
535
518
524
529
515
520
519
527
525
510
518
534
521
512
517
509
509
519
527
520
505
525
516
509
506
517
510
519
503
513
516
513
498
507
504
499
514
506
507
507
487
504
489
477
500
496
487
487
497
477
485
488
496
479
484
479
488
482
493
491
493
486
485
494
483
495
493
473
473
484
466
487
470
456
481
465
474
466
477
476
479
475
499
493
497
490
473
489
388
372
483
422
410
419
387
404
468
502
442
446
474
373
363
382
435
456
486
502
512
500
522
515
525
517
527
519
533
520
532
515
515
536
531
542
525
543
538
537
544
533
540
505
527
520
520
531
538
495
427
451
447
422
431
432
446
447
446
473
473
483
484
486
487
502
502
520
519
536
515
530
508
515
499
506
509
501
507
501
500
507
496
494
514
503
498
499
485
498
490
485
495
498
490
503
505
492
500
500
499
509
496
517
506
519
506
526
494
503
516
519
523
523
510
510
517
528
531
525
529
534
525
535
535
535
525
530
535
525
535
529
537
523
539
531
548
541
539
532
543
533
544
538
524
544
535
547
547
551
540
549
545
537
542
545
538
526
538
537
545
536
545
548
547
539
543
540
532
541
533
546
559
539
540
563
574
565
561
566
566
552
576
565
572
567
567
560
562
566
564
568
560
582
566
560
576
563
553
572
562
568
560
578
580
577
584
577
586
585
593
580
566
594
582
591
583
575
590
587
572
574
564
559
563
556
566
554
568
578
565
578
557
565
562
567
577
577
578
555
563
585
555
575
574
567
583
575
556
568
543
580
576
550
563
569
564
546
575
562
557
563
543
554
554
564
553
561
562
554
560
544
552
563
555
576
568
560
565
552
576
558
553
565
556
549
566
546
566
564
552
567
539
520
541
552
551
561
528
520
510
511
494
484
486
480
480
470
457
445
446
437
436
423
412
408
402
403
390
388
372
358
352
347
340
325
322
322
300
299
285
281
276
263
257
243
242
226
219
221
191
184
554
575
527
552
555
8
14
20
22
21
26
21
42
44
50
49
54
63
75
81
157
182
158
227
230
231
231
181
224
230
229
230
264
230
224
286
286
298
299
311
311
319
314
314
325
330
329
294
294
335
295
293
311
310
328
328
341
339
360
359
368
368
369
389
389
403
410
386
420
410
419
357
367
367
350
349
316
324
308
315
317
321
323
327
331
335
333
320
328
332
333
329
327
336
322
333
330
330
315
333
328
278
311
324
305
208
282
229
263
217
215
288
255
240
235
223
263
205
244
292
269
270
277
278
284
266
271
267
263
286
307
306
312
299
305
305
312
310
1531
1531
1548
1541
1562
1565
1573
1570
1595
1561
1542
1542
1545
1560
1561
1585
1576
1608
1637
1607
1661
1648
1662
1692
1692
1691
1715
1747
1746
1800
1802
1826
1846
1844
1859
1869
1829
1830
1853
1867
1894
1894
1925
1929
1962
1943
1953
1951
1981
1983
734
777
754
737
786
763
773
788
794
802
804
790
803
798
780
795
778
764
789
787
810
795
796
752
795
807
771
773
815
763
786
672
716
768
746
736
728
729
746
756
745
742
725
726
696
694
692
707
717
690
707
715
711
705
694
700
688
713
708
692
700
684
681
686
688
683
693
677
679
677
668
662
650
649
626
634
636
636
628
625
599
611
612
632
632
638
647
645
645
654
640
656
642
671
665
671
651
677
667
675
666
673
661
671
656
667
657
672
654
648
656
640
628
646
648
636
642
640
645
642
646
641
635
650
633
627
639
627
624
639
620
613
617
606
614
607
618
609
601
613
608
596
611
580
583
571
576
567
559
550
546
572
560
566
557
558
551
558
546
544
542
503
534
529
521
558
555
547
536
554
540
557
539
560
545
541
538
556
519
544
537
557
531
545
547
539
543
520
526
534
518
525
545
529
539
531
527
526
517
546
540
540
556
535
530
542
538
528
530
507
529
529
539
539
540
568
512
522
507
515
507
499
505
481
490
496
479
486
485
496
489
482
494
494
493
495
498
500
506
511
522
518
498
488
478
500
502
495
484
508
489
484
483
493
478
471
491
483
471
485
481
482
493
472
443
454
437
489
421
402
481
456
431
458
408
458
469
487
493
493
503
499
504
501
486
495
497
477
507
498
504
505
495
506
499
509
499
495
492
456
425
402
500
473
500
408
393
321
368
365
455
442
420
479
461
465
464
469
487
492
495
488
494
491
401
444
485
414
419
411
459
362
350
396
477
485
460
492
374
428
515
504
494
509
514
494
496
523
517
508
519
413
439
440
452
453
451
489
439
453
514
515
513
559
559
581
579
499
576
464
421
437
434
434
468
469
491
491
491
518
518
520
519
520
519
574
573
600
616
590
610
593
617
630
611
625
625
633
626
609
619
589
632
614
627
613
626
608
604
623
596
603
593
579
578
592
583
575
583
582
598
577
577
570
549
562
573
569
536
527
529
540
539
556
556
509
561
497
548
533
540
539
531
539
547
540
539
545
535
540
526
530
533
533
529
542
536
535
558
528
542
551
552
540
552
544
556
549
558
548
557
543
560
546
568
559
569
570
570
572
563
574
560
571
567
581
564
539
543
556
565
559
570
560
560
570
548
560
566
561
555
565
548
556
556
541
546
528
527
522
526
557
535
542
533
547
530
546
526
519
537
522
517
506
539
528
531
530
536
531
530
521
535
521
534
519
526
523
526
513
522
533
523
512
529
508
523
522
529
541
526
537
528
530
531
539
525
525
523
545
547
531
541
538
529
553
481
520
540
523
511
491
482
502
535
523
536
524
542
524
532
535
526
527
530
536
531
532
524
537
526
519
532
548
547
544
537
539
549
537
538
552
542
541
550
554
545
553
545
556
545
560
552
558
557
557
555
573
555
554
557
551
571
570
566
580
556
565
578
581
573
587
579
569
582
591
590
586
601
582
595
587
575
585
580
573
579
566
582
567
590
569
581
574
584
573
565
572
557
585
559
613
608
616
611
613
605
579
592
597
608
609
595
605
592
608
593
592
591
592
595
603
599
597
608
611
590
589
580
563
575
595
593
591
588
585
583
603
580
606
601
593
585
597
586
596
586
607
607
618
558
569
555
564
559
571
570
569
571
588
575
577
564
565
578
566
559
573
585
568
569
579
558
552
564
552
570
559
572
557
573
572
563
588
571
562
554
542
524
566
520
562
551
573
563
579
562
575
568
565
571
566
573
577
568
571
558
571
552
579
576
572
578
583
584
561
577
599
582
550
571
553
527
531
531
561
566
563
552
546
549
531
555
558
550
545
558
562
560
560
562
555
533
510
537
519
522
515
534
531
532
539
529
525
529
529
540
543
554
520
527
525
516
531
526
517
517
508
517
491
529
504
504
504
503
530
528
530
529
536
537
534
542
531
532
539
524
512
518
530
536
528
538
530
520
539
528
533
506
511
513
506
513
511
512
506
506
483
496
506
487
491
479
485
479
488
480
495
499
493
511
496
507
508
485
502
511
489
506
516
499
519
511
524
513
515
516
500
525
498
514
511
525
524
521
525
524
543
536
555
537
550
538
548
539
548
543
544
551
557
546
556
539
560
556
554
564
550
570
565
548
565
547
538
538
552
548
547
557
546
553
557
548
555
547
558
543
527
550
525
548
545
539
556
536
532
550
544
551
538
542
541
543
542
540
536
543
542
519
540
535
527
533
546
546
541
532
539
538
528
547
530
530
547
540
532
547
529
535
523
515
535
533
529
531
534
530
538
540
541
530
529
541
538
531
550
547
539
531
548
538
535
548
538
549
527
544
534
552
544
524
557
538
551
543
555
541
567
559
564
557
577
565
574
566
582
570
578
573
585
577
582
573
569
582
571
577
570
586
569
580
575
567
565
573
568
561
547
562
548
563
550
561
558
556
557
550
540
520
543
526
556
534
554
541
527
530
518
509
483
499
522
495
501
486
497
486
493
493
488
494
489
485
503
482
495
476
490
483
473
485
498
464
476
496
488
484
512
495
499
493
500
500
508
497
510
506
501
510
497
504
518
509
527
516
524
523
537
524
526
542
543
519
506
509
497
493
481
478
471
532
451
426
375
360
394
376
466
408
364
430
346
322
459
442
544
339
433
328
513
371
478
456
465
460
471
464
485
466
480
471
475
462
477
464
474
463
462
475
469
459
389
339
355
336
352
338
343
366
366
385
384
402
403
420
418
435
435
454
454
468
482
482
499
496
512
510
529
540
540
554
553
560
555
566
558
557
557
560
553
572
565
557
568
551
558
549
555
553
543
568
555
566
552
559
570
571
570
584
583
576
582
594
1027
1035
1043
1057
1065
1061
1088
1103
1094
1099
1100
1096
1108
1123
1108
1121
1109
1126
1127
1132
1122
1124
1133
1140
1137
1036
1031
1140
1120
1074
1045
1120
1091
1052
1096
1082
1081
1132
1084
1103
21833
21841
21840
21813
21830
21864
21852
21882
21858
21867
21416
21368
21394
21391
21412
21410
21397
21384
21387
21365
21341
21373
21344
21380
21359
21372
21379
21381
21368
21374
21359
21366
21374
21434
21425
21446
21443
21418
21456
798
760
792
793
807
809
833
834
855
856
857
809
817
789
807
769
795
799
779
799
795
819
808
805
803
787
793
795
782
803
797
806
819
811
797
810
814
827
813
812
824
822
814
761
747
768
746
733
725
721
727
716
719
716
703
711
725
720
711
705
724
715
710
717
707
719
717
634
713
679
694
646
657
687
666
682
670
673
675
671
664
660
660
646
647
637
626
615
628
628
618
621
606
611
604
616
607
593
613
592
585
584
579
569
572
565
552
561
544
544
555
547
531
541
517
508
502
511
478
477
489
491
498
508
510
499
494
494
504
491
506
495
495
506
509
496
509
502
498
494
497
494
495
496
475
489
494
488
495
489
496
496
506
493
503
493
480
506
494
496
505
502
495
491
488
487
506
497
504
493
504
495
501
494
499
492
482
495
489
473
486
491
483
473
491
491
488
494
490
484
487
497
495
497
501
503
491
501
482
501
489
490
491
490
481
497
493
487
496
491
510
497
507
507
500
509
488
496
510
504
512
502
514
516
522
520
532
518
533
523
538
537
536
543
564
551
568
555
557
565
544
543
544
568
567
574
573
571
557
562
548
536
573
573
543
560
531
564
557
543
558
554
555
571
570
564
573
581
565
579
567
569
573
579
569
574
567
577
561
575
558
568
556
556
552
544
530
542
552
541
526
552
526
554
546
542
564
543
543
555
543
561
544
562
564
573
572
566
577
577
588
581
593
560
569
560
572
562
578
565
573
561
551
567
569
571
562
577
556
563
572
566
571
565
558
572
550
552
553
539
543
562
560
569
567
573
571
577
564
571
551
549
531
570
523
540
557
565
551
564
532
533
543
544
548
565
538
545
560
555
557
556
567
559
580
558
578
575
549
566
577
587
574
581
593
603
582
586
586
609
591
614
619
625
606
630
617
604
611
646
639
633
613
624
632
646
647
664
665
649
664
633
647
646
672
669
659
679
662
712
699
693
715
696
691
691
687
700
689
696
695
689
679
684
668
648
668
652
664
644
643
616
609
635
623
642
634
653
636
623
634
617
625
614
607
619
618
612
594
601
592
614
609
600
610
601
594
564
570
553
568
561
560
555
600
595
594
594
580
574
587
592
585
590
589
581
593
579
589
577
593
595
605
601
618
586
593
592
580
595
580
594
582
578
585
593
578
583
576
575
578
573
571
561
571
566
553
565
549
560
554
564
556
554
515
511
511
522
506
491
505
500
510
499
508
503
498
510
502
504
499
489
502
502
486
492
492
493
474
486
458
487
478
480
489
470
485
478
491
479
488
480
487
471
481
481
492
492
473
487
471
484
484
488
482
483
487
491
483
481
485
482
471
490
468
491
484
472
477
487
463
487
482
470
475
474
485
485
476
459
481
474
491
476
480
472
470
480
475
487
478
487
488
480
494
472
483
476
490
484
482
480
495
476
483
493
503
500
506
500
491
504
509
512
487
501
482
505
492
511
514
514
532
523
539
515
511
524
518
506
535
520
525
507
512
522
514
519
511
525
510
510
520
515
483
503
483
500
514
516
508
524
512
526
518
524
500
495
505
501
508
501
510
493
511
502
512
513
521
517
517
515
514
496
506
514
506
506
512
492
510
493
505
494
458
385
498
488
410
393
408
446
469
377
427
487
452
416
436
366
418
452
447
453
435
452
442
445
448
450
459
449
459
456
448
461
451
461
452
455
450
455
447
460
452
463
453
464
456
460
444
431
397
396
392
409
406
421
421
430
429
430
459
460
480
479
496
497
503
505
501
535
527
527
514
538
540
534
532
528
515
535
525
527
534
528
520
528
521
503
510
483
481
516
496
514
507
495
508
513
534
524
522
534
523
536
507
526
519
524
510
511
516
518
508
516
508
468
484
508
476
520
510
511
497
506
518
517
503
516
506
507
505
499
509
517
506
499
520
505
522
498
512
507
523
518
536
529
536
525
522
510
523
518
525
517
525
523
503
523
516
527
520
529
518
528
508
517
518
489
504
505
504
513
520
514
504
513
508
496
511
505
512
497
499
508
509
506
499
506
485
504
502
494
486
494
488
480
490
483
494
491
483
469
482
487
488
488
491
498
502
493
494
508
506
511
495
516
513
519
514
525
517
521
520
533
536
525
517
539
533
538
532
547
531
532
538
545
540
518
554
531
541
545
552
543
563
573
573
585
573
589
587
589
607
614
594
610
596
605
594
612
618
630
632
622
628
620
633
629
633
647
639
635
626
621
614
599
596
593
579
574
573
555
555
546
537
527
520
521
520
512
497
490
484
475
459
441
425
418
417
396
383
378
366
357
351
340
339
326
323
294
281
271
257
247
237
230
232
217
197
10
8
33
33
36
44
52
65
65
21
45
23
27
36
39
33
2
4
4
24
25
56
79
53
57
61
55
67
57
60
53
60
69
52
59
52
61
185
205
205
241
241
257
258
257
287
288
308
307
329
310
264
286
265
265
280
291
289
308
308
329
327
347
346
365
365
386
386
404
404
422
422
438
438
458
459
474
471
489
489
505
505
521
520
530
530
537
536
560
552
551
560
582
575
598
577
588
582
590
579
581
566
575
558
572
576
578
567
582
578
583
575
585
576
583
577
565
505
501
477
565
517
529
570
468
460
447
441
431
497
490
546
423
414
551
534
515
523
523
528
497
519
509
530
524
515
509
515
509
523
529
549
547
566
547
548
528
540
545
521
534
532
541
537
541
539
499
553
456
456
437
430
449
448
447
476
479
490
481
495
494
499
500
520
520
538
539
561
562
561
545
575
589
554
565
575
527
495
516
481
437
437
594
578
472
429
559
457
504
544
581
561
573
564
569
556
571
569
559
571
569
558
567
551
563
562
543
530
554
563
552
563
551
564
552
562
533
547
512
542
541
553
551
414
527
436
436
448
447
467
465
482
484
484
514
512
528
524
527
553
545
556
552
554
551
542
541
544
532
527
541
512
527
534
531
500
526
524
523
534
536
529
534
526
541
533
531
549
549
544
537
545
533
542
533
538
520
536
541
530
535
528
543
533
538
527
542
522
534
528
536
529
530
538
529
540
548
535
543
539
546
537
532
539
526
540
523
537
532
541
515
529
537
530
535
525
533
521
523
516
516
521
515
518
518
510
519
510
521
521
510
507
517
503
515
506
500
509
505
509
507
500
511
501
513
504
509
498
511
501
509
499
498
499
513
510
511
494
494
510
493
495
508
496
501
487
495
511
480
512
512
505
522
517
537
529
535
521
536
527
541
538
531
542
532
544
530
548
542
543
560
545
537
550
548
541
553
543
558
546
557
550
548
549
566
555
574
568
580
566
576
577
583
568
578
575
587
594
588
598
583
592
578
590
576
562
575
582
569
585
570
579
570
570
581
558
578
574
572
564
555
569
550
568
556
569
556
568
561
589
592
574
590
596
597
601
603
591
612
605
620
624
613
624
616
623
628
620
621
634
630
613
600
608
621
618
598
599
607
628
628
611
629
641
634
654
667
665
535
651
650
589
573
625
663
517
643
564
602
667
614
640
659
650
669
652
653
668
652
637
651
659
653
663
665
657
591
626
595
589
586
642
622
664
664
659
657
659
644
652
645
646
627
611
600
612
596
602
579
545
556
553
571
571
591
590
606
604
548
621
560
568
560
545
557
546
560
536
510
533
529
522
540
531
496
459
476
470
470
498
465
483
498
499
492
485
510
508
498
489
505
479
507
505
507
502
503
514
516
515
522
509
505
518
508
521
515
519
530
515
526
518
523
526
520
519
504
497
532
489
519
406
451
441
511
427
416
398
385
377
494
447
439
466
459
430
481
514
486
497
499
498
519
512
519
508
519
509
516
513
520
518
513
526
523
510
508
520
513
521
530
513
528
507
510
518
516
487
490
429
458
444
444
458
460
457
481
481
498
511
510
499
536
534
554
553
573
568
568
567
558
569
563
562
576
578
563
574
561
571
547
551
552
564
560
549
558
542
555
546
554
546
553
542
550
543
541
555
541
545
556
553
547
559
548
533
553
544
559
556
563
571
547
550
551
556
542
539
552
536
546
539
551
547
538
534
547
545
529
531
544
538
557
557
548
554
531
554
540
544
554
558
546
550
559
555
551
565
558
560
548
554
554
550
550
544
549
548
548
550
537
552
544
554
553
553
548
558
552
552
563
550
558
562
549
566
559
569
572
566
558
566
548
554
544
563
554
533
552
544
552
562
550
551
562
559
539
559
530
519
918
919
912
914
915
903
904
896
879
867
860
854
841
838
828
821
813
799
791
785
776
767
760
753
739
735
722
720
717
699
698
689
681
666
660
652
643
629
611
612
608
602
594
589
570
567
567
567
568
172
932
16
49
74
124
140
133
137
141
144
147
150
154
157
160
164
166
168
172
176
180
182
177
180
180
176
180
180
183
187
192
197
201
205
207
210
216
218
222
227
230
232
237
241
243
241
234
234
138
141
235
3
12
21
17
28
29
38
24
48
79
106
151
150
154
155
171
171
186
186
202
204
210
195
231
230
209
257
256
272
272
291
293
293
296
300
302
306
310
314
318
318
322
322
326
329
333
336
340
344
348
350
354
357
361
365
368
291
372
347
314
296
247
320
304
371
287
279
285
256
330
338
366
289
269
371
358
474
485
492
484
192
304
201
199
199
226
227
245
244
259
259
278
279
297
297
314
314
331
331
347
346
358
355
359
373
372
379
379
406
407
426
426
439
437
440
463
462
475
474
491
490
511
511
523
522
525
542
530
517
521
513
480
505
524
509
488
503
497
498
502
492
498
487
493
491
492
482
486
491
491
485
493
480
495
483
481
477
492
484
494
477
488
478
467
463
475
483
479
465
484
471
464
477
470
472
466
474
467
470
473
466
469
466
479
461
470
475
480
480
475
486
486
477
488
482
492
481
486
494
499
488
492
495
514
503
525
514
511
527
522
516
522
503
524
526
495
528
512
528
513
532
526
513
518
529
531
518
516
520
517
509
527
513
499
524
518
529
518
530
511
504
515
521
509
523
519
506
520
509
515
519
525
494
506
499
487
473
475
493
476
498
498
476
489
475
470
451
475
485
489
485
484
475
485
483
487
488
475
496
488
485
482
478
500
496
507
495
504
504
515
513
523
520
515
504
522
507
520
502
517
514
518
525
509
518
525
536
530
540
524
542
540
532
541
518
475
457
444
495
540
513
438
507
500
420
554
488
459
543
405
472
486
427
527
496
516
540
527
542
524
537
532
531
520
527
525
528
527
523
555
547
553
551
553
530
542
549
552
539
537
542
565
482
528
484
395
480
480
480
418
449
424
445
444
459
459
459
486
495
489
507
507
524
524
547
546
550
539
538
551
527
517
550
522
540
514
532
390
474
488
437
419
414
396
502
454
429
468
447
493
497
495
493
462
477
476
495
495
517
517
531
521
533
526
524
533
530
534
525
524
531
508
523
537
533
523
535
531
540
533
537
534
550
549
569
570
579
546
477
556
509
508
523
521
523
520
561
562
591
591
592
598
584
592
592
581
575
599
597
565
550
559
563
585
578
595
638
623
632
625
635
629
645
756
760
742
754
740
784
761
746
710
737
719
779
650
634
723
672
634
691
596
605
575
753
707
642
658
631
718
720
732
748
741
751
751
738
659
740
720
655
657
659
685
686
712
706
703
701
716
717
716
725
583
596
573
594
573
494
422
414
434
435
435
433
434
484
485
504
505
527
535
535
526
524
576
577
603
595
576
550
522
516
492
486
470
603
446
526
604
588
429
419
410
397
526
390
570
525
457
496
463
496
596
495
629
649
647
658
665
647
609
661
637
637
636
660
655
660
643
669
664
670
661
647
623
532
474
633
531
551
530
530
563
565
583
585
598
605
601
623
629
627
644
641
663
662
684
683
701
700
700
726
727
726
634
626
612
574
596
566
519
483
359
614
352
543
576
510
494
552
460
361
360
531
475
535
617
442
496
500
498
506
502
491
503
488
475
497
484
486
501
478
486
494
488
486
489
481
473
473
480
485
477
425
488
451
450
450
475
477
474
509
508
527
458
476
483
472
482
504
522
533
535
533
532
534
533
530
573
562
576
578
570
576
537
562
565
528
519
572
506
502
557
548
534
591
535
545
558
581
579
578
580
584
566
567
576
564
542
558
570
583
577
589
590
578
600
571
530
594
553
580
567
558
552
554
590
581
590
603
597
603
571
606
586
586
610
616
615
610
598
529
560
556
577
576
591
572
581
572
589
589
597
607
577
594
607
586
575
575
597
575
22464
22455
22439
22460
22345
22441
22371
22346
22427
22336
22427
22457
22427
22479
22410
22334
22426
22399
22390
22498
22493
22489
22505
22499
22485
22486
22452
22493
22452
22509
22505
22521
22507
22523
22519
22525
22529
22551
22546
22550
22544
22556
22547
22563
22562
22561
22567
22573
22583
22538
686
693
689
598
647
526
509
593
595
618
618
641
643
664
672
708
708
731
731
742
741
737
742
741
736
751
720
740
725
737
729
726
736
719
734
722
704
722
722
714
733
716
729
679
702
715
700
722
749
745
705
700
685
610
603
599
582
574
559
552
535
505
499
485
478
470
461
459
443
433
425
418
405
398
385
373
366
357
346
333
323
306
276
272
272
259
250
238
233
214
197
191
187
189
147
138
716
696
725
