41
396
519
554
30
848
808
869
848
847
886
676
676
671
678
638
580
709
709
679
680
886
686
659
742
655
674
586
746
800
793
815
824
844
854
866
856
885
885
907
939
940
970
907
970
1019
1020
1048
1093
1136
1139
1150
1138
1145
1116
1165
1093
1046
1051
1167
1138
1150
1131
1174
1161
1112
1097
1090
1165
1138
1145
1142
1104
1042
1014
1036
1151
1157
1170
1023
1032
1037
1085
1042
1030
1033
1062
1087
1056
997
948
974
1102
1053
1114
1057
1014
924
733
1024
1038
450
274
760
745
708
996
701
630
1054
609
1008
596
1026
536
899
501
1052
499
825
768
1037
442
242
758
177
159
154
149
150
147
758
757
990
918
869
501
1051
841
476
501
426
680
153
321
154
632
1031
319
1008
1070
853
9
12
8
7
16
25
20
41
34
43
64
65
63
80
81
77
108
34
34
27
25
109
66
71
52
11
8
50
60
71
76
77
139
141
167
162
172
152
191
185
210
205
214
235
233
269
367
372
367
365
389
387
382
376
408
406
418
438
441
446
449
482
468
471
457
488
515
512
520
532
547
545
561
560
596
595
627
630
661
662
696
696
731
730
761
761
794
794
822
822
857
857
887
886
921
919
944
930
951
949
943
931
952
940
950
946
947
929
938
950
949
938
937
947
967
971
945
970
947
953
972
981
956
974
951
975
947
978
950
948
977
944
968
943
964
958
937
934
960
920
938
905
933
956
933
957
928
948
930
932
955
960
933
952
932
950
926
913
935
919
937
955
937
938
920
927
915
920
906
905
876
903
888
854
899
875
885
883
876
854
836
872
859
844
852
841
859
841
834
834
822
854
843
835
828
839
818
832
812
825
807
825
803
821
803
829
817
796
827
827
794
818
770
767
778
795
784
788
793
793
798
786
794
794
784
805
806
792
773
795
794
776
784
801
775
771
783
786
802
773
798
790
789
789
766
788
784
774
749
727
748
763
709
734
706
707
705
708
662
675
703
647
671
674
638
647
637
623
640
608
590
575
618
582
590
564
586
536
579
555
569
545
539
526
533
529
531
515
499
481
467
464
485
475
458
453
447
449
456
465
462
473
442
476
459
456
448
463
450
460
459
463
445
460
459
673
678
682
675
684
682
696
696
697
683
673
693
667
689
681
680
697
691
694
682
688
701
695
707
705
706
708
714
706
705
707
717
710
703
711
707
708
718
707
719
713
727
716
728
718
717
727
723
727
3559
3331
3344
3379
3369
3372
3384
3378
3378
3403
3387
3402
3415
3411
3407
3400
3406
3414
3434
3419
3429
3443
3432
3438
3433
3440
3436
3446
3438
3445
3439
3447
3438
3441
3446
3449
3442
3438
3448
3428
3435
3451
3440
3433
3439
3431
3438
3446
3428
3447
609
610
618
570
572
560
554
556
516
516
511
533
554
518
503
526
507
511
539
495
480
509
502
516
509
518
516
515
507
506
517
505
518
516
507
506
515
510
518
503
521
519
513
498
527
517
529
515
518
511
512
518
517
506
511
517
514
522
514
525
523
535
527
548
540
556
544
539
536
555
546
547
531
524
545
538
550
546
552
545
549
559
560
552
559
553
555
564
570
555
563
577
572
551
540
571
578
595
581
602
553
539
591
521
572
581
559
551
590
584
592
586
582
595
601
588
603
597
612
606
607
613
614
612
617
617
603
621
605
595
608
620
609
623
612
620
612
624
616
614
622
587
614
631
604
604
596
615
599
576
534
533
579
556
573
573
589
590
605
591
602
593
602
577
607
586
590
576
560
572
580
553
540
575
562
493
534
511
563
540
527
556
530
537
539
513
525
533
525
532
529
530
516
528
532
529
512
526
525
529
527
532
517
510
510
522
513
511
511
522
506
508
518
516
511
524
504
506
501
481
476
448
474
502
426
418
508
415
410
464
417
481
422
516
523
512
528
528
525
529
516
524
528
532
530
526
532
530
522
519
525
518
508
523
530
525
531
508
528
521
521
516
506
515
525
529
531
506
521
531
506
519
479
485
503
483
504
474
480
480
497
498
511
519
503
526
519
519
515
534
519
522
509
528
520
524
524
531
513
512
533
520
534
528
517
527
533
528
522
525
528
528
541
524
531
524
526
520
521
523
527
532
523
528
510
443
466
381
343
306
299
395
207
116
431
324
305
285
278
541
242
266
239
492
227
224
217
454
179
183
361
513
159
144
101
326
339
440
403
410
260
476
383
165
165
152
129
499
266
364
492
419
196
6
16
13
21
12
14
30
55
47
56
49
140
141
153
152
173
167
165
182
166
182
209
220
221
239
239
260
260
275
273
287
275
288
276
290
336
337
359
360
358
381
381
402
401
421
423
432
432
465
465
463
489
489
487
489
536
536
562
562
580
593
593
607
585
593
583
576
593
604
597
603
592
506
548
530
226
155
421
438
517
384
372
395
482
360
341
585
567
274
296
571
467
265
252
213
209
186
177
192
152
129
124
112
89
75
469
418
369
317
283
238
175
595
425
539
419
324
449
459
95
531
321
8
5
4
4
35
37
29
27
24
61
25
65
66
84
94
60
67
76
75
97
113
89
74
56
110
79
52
52
47
91
32
42
64
62
100
50
101
75
53
45
3
4
4
24
35
41
52
77
94
94
111
118
111
50
101
98
94
80
128
72
134
54
63
113
38
40
29
132
99
78
75
89
91
101
56
119
30
13
11
29
28
39
71
54
57
72
46
48
75
38
31
73
49
3
2
5
16
15
17
20
14
14
38
33
44
23
12
20
30
42
43
6
13
9
4
5
35
46
48
48
57
56
54
71
81
26
26
73
22
34
52
49
31
14
69
73
74
71
63
52
57
63
37
63
27
17
29
61
9
7
5
10
8
10
4
7
11
32
6
34
49
53
61
58
76
72
82
86
60
84
74
57
68
119
131
130
149
156
159
168
166
160
167
150
165
157
120
53
160
148
100
68
119
56
160
80
127
120
145
59
31
143
104
83
139
8
17
28
26
34
26
37
40
33
29
39
42
61
51
54
63
59
65
18
20
12
9
10
24
21
43
28
18
11
32
9
10
8
23
45
56
61
79
95
98
97
111
112
117
119
137
115
58
137
111
100
97
127
123
93
95
85
85
67
43
124
37
108
99
128
123
114
135
108
70
17
14
36
14
36
32
28
23
7
34
3
4
11
21
14
10
5
14
5
31
32
35
47
58
71
70
74
83
94
103
101
122
113
114
125
139
138
154
160
169
172
191
208
229
232
234
236
256
262
255
273
267
265
271
290
289
291
280
302
302
317
319
322
321
338
332
349
343
358
360
361
379
379
395
391
409
410
413
414
415
412
413
450
449
446
464
481
482
499
500
516
517
538
537
545
527
550
544
555
543
550
555
560
578
570
559
570
561
565
572
557
564
554
555
561
554
560
547
558
556
554
547
552
545
521
492
554
534
478
486
510
507
509
543
555
540
541
536
536
530
540
530
517
535
528
534
538
530
533
531
524
540
497
507
516
504
514
502
511
502
509
504
517
523
519
516
518
506
521
518
520
513
521
515
516
470
480
476
493
493
510
510
508
527
532
512
529
521
510
524
504
520
514
508
507
509
498
508
499
509
496
506
487
502
497
500
504
494
497
503
500
492
494
484
491
480
487
480
476
473
463
468
480
467
476
469
473
466
457
470
471
467
471
463
475
469
476
475
486
484
487
469
473
480
482
486
480
489
482
473
474
483
463
482
470
464
481
473
472
472
476
486
489
482
487
483
487
479
493
485
476
493
470
475
487
478
484
488
480
484
479
485
480
489
485
480
485
479
484
482
474
488
473
488
482
490
482
486
475
495
495
503
483
495
483
496
485
499
490
498
488
494
486
491
483
490
483
489
477
477
489
481
490
475
9220
9227
9212
9207
9200
9228
9213
9208
9190
9179
9224
9198
9240
9242
9233
9240
9233
9238
9251
9239
9240
9254
9230
9244
9238
9205
9217
9243
9237
9254
9255
9251
9253
9259
9252
9252
9263
9268
9257
9256
9266
9262
9267
9258
9266
9248
487
9266
498
9270
475
9260
501
490
507
496
510
472
474
475
459
454
447
441
433
424
423
396
394
388
487
396
492
370
492
369
354
491
472
395
465
431
422
460
448
462
452
462
461
461
455
462
456
471
460
444
430
444
443
441
460
443
442
450
245
211
195
189
152
264
259
257
249
246
247
290
475
230
439
230
359
206
431
177
471
158
131
119
290
71
286
71
71
459
254
262
243
230
457
171
72
71
277
71
291
244
226
291
229
298
137
269
293
7
21
22
38
55
84
96
131
141
145
148
146
168
172
168
167
195
195
214
214
223
225
232
226
224
271
271
291
291
312
311
332
330
343
342
361
354
372
373
389
387
408
408
428
428
446
447
467
467
494
494
494
516
518
518
541
533
547
546
538
559
553
544
552
560
575
562
556
534
560
545
534
533
531
553
545
555
543
547
540
536
548
510
523
545
531
546
530
534
527
536
520
527
530
528
526
513
524
511
517
509
528
513
506
522
516
528
521
511
518
525
532
511
530
523
534
525
540
531
531
538
530
519
524
524
538
519
537
532
533
539
539
531
522
522
514
537
515
528
543
535
509
527
537
525
546
544
542
540
535
528
540
537
539
532
547
527
524
533
520
538
528
524
531
524
536
532
520
537
525
532
527
543
542
533
531
546
521
523
516
534
520
506
527
504
521
530
533
511
536
516
526
527
520
536
532
521
531
523
520
533
513
525
522
528
525
512
521
528
530
518
524
519
514
523
517
527
530
496
502
487
514
516
521
520
509
506
518
524
516
515
528
498
528
511
517
509
511
517
511
527
516
514
519
513
507
496
518
507
434
394
357
338
458
450
477
308
307
489
285
498
252
238
413
202
424
186
261
441
166
274
161
152
140
379
334
299
278
242
185
212
467
295
401
179
376
519
220
349
388
336
377
318
317
369
261
23
32
23
24
350
357
332
42
22
3
31
48
47
53
61
60
61
83
81
97
104
117
53
50
117
93
64
91
35
66
30
13
109
43
49
51
31
86
40
9
16
24
37
27
25
14
14
40
35
21
39
3
14
12
23
17
16
14
27
4
12
20
11
14
3
7
3
6
8
2
24
31
25
43
50
68
70
77
73
53
86
97
90
107
101
105
107
95
122
93
95
127
136
144
148
138
163
159
156
173
165
217
237
233
239
238
254
247
266
265
275
271
268
291
287
297
292
309
288
299
299
314
313
318
319
342
342
343
368
368
386
385
402
402
419
419
439
438
457
456
474
474
494
484
505
506
526
525
544
544
560
570
571
567
582
562
570
559
570
576
562
555
576
573
512
553
517
531
545
557
560
554
558
550
562
547
574
553
564
558
571
560
571
563
576
562
575
563
575
568
572
562
574
568
578
564
577
563
565
580
581
555
569
575
570
578
559
579
566
557
578
564
573
554
564
563
585
599
585
575
590
578
593
579
595
580
576
588
589
586
578
590
585
590
584
591
582
586
580
595
583
590
581
592
578
579
581
572
578
569
576
578
582
579
586
578
583
575
570
575
580
580
588
580
589
576
580
578
586
564
581
570
584
576
584
569
575
542
565
517
504
554
533
547
536
552
539
557
558
548
556
554
546
551
539
556
547
561
548
548
562
552
541
532
553
546
564
549
577
557
572
560
558
581
568
573
570
550
556
556
573
565
569
555
565
545
536
541
549
554
554
572
556
564
576
554
559
577
566
577
551
568
557
558
545
564
556
552
555
556
559
542
552
545
564
558
556
548
568
548
546
530
537
541
550
549
546
557
561
488
503
465
523
440
529
480
452
517
530
537
535
542
549
532
542
548
531
534
534
549
546
560
561
570
549
569
556
572
562
574
572
569
581
565
578
572
546
574
579
575
571
564
591
564
578
566
575
576
568
507
535
535
545
552
567
567
585
584
585
593
600
587
603
588
601
603
585
564
583
576
570
574
547
540
588
567
551
588
574
590
571
578
583
573
575
583
588
578
588
586
599
578
585
557
565
575
571
569
591
572
578
567
565
547
580
560
568
569
559
569
557
566
564
567
558
555
554
566
570
568
573
558
552
548
569
570
579
590
576
569
564
571
570
565
586
547
566
554
541
557
550
536
537
554
562
543
562
551
557
534
553
555
547
557
563
556
555
564
555
546
566
547
555
560
552
425
396
500
142
409
90
543
524
373
369
332
459
307
286
469
280
265
234
215
446
513
162
190
128
108
149
485
83
396
438
384
354
325
351
314
286
252
208
193
113
65
422
474
360
172
64
262
92
228
527
8
18
19
72
117
142
140
128
136
126
135
141
144
149
153
157
158
153
157
161
164
169
172
175
180
184
186
191
196
200
204
207
211
215
219
223
226
229
232
235
239
234
238
241
245
126
129
126
127
129
129
126
128
127
128
9
7
30
26
32
26
27
30
17
21
37
47
57
61
69
67
47
87
101
105
107
108
105
121
131
113
115
140
134
33
43
111
83
132
129
65
56
121
134
140
81
90
75
60
142
26
126
79
59
105
10
27
38
52
54
52
36
40
48
25
71
50
44
48
50
47
48
19
10
5
19
18
37
47
49
61
60
65
79
88
89
103
94
53
46
41
45
51
90
93
57
77
34
69
7
5
22
27
28
36
34
6
29
4
6
10
5
10
7
8
12
5
8
14
7
15
36
32
54
46
59
54
73
67
73
45
69
47
64
58
93
92
121
111
113
137
137
142
99
104
120
123
126
137
217
204
217
219
215
198
218
245
244
262
260
256
269
276
277
288
292
290
295
310
302
302
287
260
228
286
294
296
292
286
287
290
287
287
264
298
288
299
228
227
209
162
286
197
285
148
301
297
106
311
138
97
78
87
286
286
287
286
285
261
288
225
173
137
123
286
289
230
284
285
188
5
10
4
5
2
2
4
30
33
51
41
39
18
33
16
38
43
39
35
6
8
6
20
17
4
3
5
6
6
20
23
9
11
25
36
23
20
46
20
30
30
61
78
78
61
95
86
99
98
114
124
123
138
136
135
67
113
96
77
75
73
120
114
57
48
41
138
111
108
93
138
60
43
82
65
133
14
13
20
16
20
17
8
25
19
22
40
27
56
59
89
89
75
84
74
110
44
42
71
69
95
109
97
38
28
36
92
120
92
91
99
103
102
43
16
25
21
22
16
18
5
3
19
17
43
39
58
57
80
73
83
74
101
82
63
103
61
65
83
52
99
39
44
101
103
61
43
39
83
103
5
4
12
24
5
5
7
8
8
9
6
43
57
35
42
41
78
77
88
84
82
79
75
77
80
82
68
71
67
101
85
99
96
12
7
6
4
6
8
26
21
5
29
45
47
52
40
41
48
42
44
37
35
35
45
30
25
22
22
66
88
96
110
125
140
137
155
129
128
153
142
141
138
151
145
148
142
139
137
188
195
196
212
201
184
173
213
223
186
151
215
88
78
222
56
201
180
57
57
56
54
213
161
80
57
201
178
62
56
141
8
10
6
9
30
9
26
22
25
35
53
57
51
64
56
55
81
81
89
83
78
23
49
77
45
29
80
82
52
33
91
75
25
4
4
3
5
5
13
24
39
21
27
43
52
49
45
18
24
21
16
3
6
17
21
25
31
44
25
34
44
22
11
18
7
21
35
57
50
69
70
69
81
98
78
111
110
117
141
34
120
134
62
56
57
36
137
112
45
35
32
84
120
95
54
107
74
137
4
6
8
20
10
25
13
4
15
15
34
34
47
45
59
45
54
47
68
24
21
39
25
72
11
19
29
44
44
55
36
29
47
56
44
32
54
53
53
15
54
52
57
27
64
36
37
67
59
21
46
41
23
32
13
5
4
11
5
5
35
42
50
43
51
54
72
87
85
85
91
85
101
114
104
120
107
113
129
127
63
42
40
69
37
31
30
30
99
49
119
104
129
77
67
117
4
3
4
3
14
24
30
52
52
55
56
72
75
81
91
110
116
47
106
90
56
104
45
31
80
27
68
50
87
34
38
72
83
40
13
23
35
33
39
47
47
79
96
95
101
121
46
80
67
103
67
106
83
65
93
47
42
31
29
68
84
50
78
89
48
34
63
4
10
18
15
31
37
30
41
42
43
64
62
69
76
70
81
92
85
182
180
197
196
210
209
211
210
224
227
222
222
234
233
232
236
251
253
253
270
270
285
286
298
303
303
320
320
332
336
349
349
361
362
362
398
397
414
414
427
428
429
450
450
448
472
473
488
487
505
486
499
509
492
499
505
497
507
511
502
510
495
498
512
498
509
501
500
481
493
502
498
506
506
518
507
517
505
511
520
521
511
522
507
507
504
516
517
509
521
518
524
519
522
518
531
521
535
527
534
525
530
520
519
521
528
519
508
517
526
529
531
525
538
532
538
539
547
535
545
534
538
531
533
522
540
526
519
525
536
526
531
531
542
525
538
530
540
525
525
537
534
522
526
537
523
515
536
522
524
529
525
536
532
546
538
548
535
550
534
536
526
516
528
530
531
549
528
540
530
543
545
541
541
551
535
527
542
539
553
539
544
528
536
550
539
542
542
540
541
531
540
527
530
532
532
528
527
535
528
520
504
508
542
522
520
534
525
516
522
513
523
522
525
534
535
511
524
535
525
521
524
531
512
541
520
532
531
543
539
536
544
528
544
542
535
523
544
531
543
533
545
546
551
549
552
546
557
548
569
546
552
546
546
561
555
565
560
564
568
553
559
546
556
553
548
557
561
547
551
560
551
560
514
565
534
520
531
541
535
531
541
534
548
535
543
541
537
543
532
545
544
525
535
542
537
530
541
543
524
545
533
543
544
547
543
547
536
549
538
542
551
536
548
551
541
550
523
544
537
543
535
531
551
547
549
538
551
541
535
544
539
544
538
541
535
544
538
548
537
547
537
538
543
543
539
528
513
550
531
513
526
524
504
521
506
514
502
511
525
512
514
523
530
530
520
529
533
534
541
528
544
534
543
533
538
527
545
536
543
533
539
529
541
542
534
539
532
539
526
521
534
540
533
535
516
531
535
528
529
538
531
538
537
545
534
548
528
534
537
538
535
529
539
524
528
520
528
513
521
541
528
516
527
522
531
520
526
516
521
511
514
523
524
514
523
518
519
524
522
527
522
532
528
523
524
540
536
528
521
538
526
487
521
515
428
503
540
404
402
362
353
333
534
466
445
426
436
368
451
424
392
492
342
475
477
490
493
492
496
491
495
486
487
468
489
495
472
482
477
468
462
482
471
478
467
485
475
475
493
482
488
444
379
379
394
373
386
386
399
398
414
416
417
443
445
461
461
482
483
499
501
517
516
535
534
535
522
509
545
542
536
535
529
537
535
533
525
539
540
544
540
554
542
526
542
532
538
536
524
534
528
541
532
544
541
561
541
557
550
560
551
548
549
561
555
560
535
558
545
539
552
552
549
543
542
531
535
535
556
545
561
549
559
557
567
568
569
563
578
559
570
557
566
558
567
584
579
567
573
556
565
547
569
562
560
549
540
553
546
548
555
542
550
554
545
541
552
545
552
560
550
548
546
542
551
528
553
520
539
527
532
530
523
532
516
506
502
527
519
513
516
509
503
495
504
496
482
505
498
504
494
506
498
504
502
494
505
492
484
496
498
500
498
506
504
489
501
505
494
506
500
505
510
517
511
517
510
519
518
513
511
518
518
516
511
513
526
501
526
513
503
512
518
516
509
501
481
495
519
473
507
510
499
513
505
495
519
499
491
477
516
487
503
480
495
504
495
505
492
501
488
493
484
499
487
495
504
505
490
490
485
460
476
498
490
506
491
494
492
494
501
485
505
504
509
489
497
488
482
497
498
510
498
498
510
497
488
497
510
512
521
514
524
495
507
497
503
489
496
488
508
505
492
481
488
494
484
491
493
499
476
478
478
498
491
494
499
489
491
491
484
471
480
500
480
478
482
487
483
488
493
485
475
495
486
491
467
485
485
493
496
498
496
513
496
507
491
494
510
489
496
493
502
507
491
490
502
502
499
490
20341
20360
20350
20383
20367
20353
20371
20390
20395
20404
20396
20412
20411
20421
20415
20394
20395
20385
20381
20312
20253
20243
20206
20317
316
20257
20248
20351
20243
20327
20224
20390
20305
20294
20190
20382
287
20288
258
256
245
208
20277
20370
20365
185
149
164
20358
20334
20234
20207
20195
286
254
195
20258
20342
20413
229
20371
172
20207
4
5
9
29
46
44
62
46
52
40
37
30
14
55
55
34
49
16
97
39
108
29
65
75
88
101
100
117
115
106
117
104
32
117
91
87
121
106
78
64
58
115
48
102
122
93
79
55
36
60
89
120
5
4
7
19
25
22
21
22
23
30
20
23
27
37
35
37
36
61
49
55
54
54
82
66
58
80
50
53
32
10
63
4
88
53
12
104
103
113
144
143
160
161
161
181
193
193
179
182
227
237
235
237
227
237
281
281
299
299
317
316
334
334
351
351
371
415
415
432
431
450
450
469
469
484
483
465
490
492
488
490
523
522
528
540
539
559
558
573
567
575
561
563
563
575
577
591
582
597
568
581
568
565
564
560
568
574
560
569
573
566
574
561
575
567
572
526
535
530
535
529
526
533
531
537
530
528
540
543
523
535
529
534
543
531
537
536
531
529
536
539
537
538
529
538
535
541
534
540
539
524
524
538
521
528
540
533
527
534
523
522
535
504
529
516
527
521
512
525
524
514
528
512
499
525
512
513
498
516
507
511
513
500
505
511
500
503
509
505
519
513
502
502
516
514
507
512
504
499
510
519
512
525
511
513
513
527
514
526
517
523
515
521
530
513
526
515
536
528
537
524
521
540
540
523
540
543
549
533
536
545
528
535
542
544
538
540
535
533
534
546
520
524
533
514
531
524
525
518
539
527
536
525
539
522
530
523
532
523
521
526
525
525
529
519
522
436
397
47
384
366
365
455
320
306
494
288
430
318
234
213
260
179
161
155
141
133
473
116
237
88
104
462
99
296
507
482
375
340
334
268
438
193
409
122
411
62
80
72
298
224
173
402
348
251
49
14
12
25
53
67
168
154
177
170
190
191
210
210
232
232
253
253
275
267
287
287
306
307
321
321
344
343
366
367
383
383
401
400
419
420
440
439
457
457
479
477
496
496
515
514
537
535
555
552
570
569
589
589
611
611
622
615
616
607
617
607
614
617
599
608
599
608
605
592
618
629
614
614
625
627
612
623
611
629
614
621
614
613
621
626
613
628
617
624
610
626
612
625
618
626
620
597
613
611
623
615
607
617
603
608
613
602
619
616
619
617
620
614
626
618
624
620
626
619
615
599
611
610
608
596
597
611
581
605
603
600
590
602
588
589
583
586
575
581
589
588
576
578
590
594
580
592
585
593
582
588
577
589
580
576
588
571
588
574
567
580
567
574
578
575
569
582
582
567
580
573
578
565
562
568
572
572
582
570
559
555
557
564
568
569
592
572
575
587
586
574
577
589
585
576
549
513
577
297
460
172
387
378
545
519
336
315
477
278
498
443
244
229
227
488
191
208
181
147
535
97
78
76
110
436
568
375
343
303
296
265
468
243
557
414
134
91
74
357
509
322
250
158
118
403
276
423
6
4
13
10
71
116
111
136
144
144
136
164
164
184
162
196
197
194
221
222
216
215
208
208
216
210
208
218
152
206
103
207
206
208
217
209
210
209
216
209
221
194
206
176
217
167
153
208
207
125
208
205
206
219
219
209
210
178
208
146
139
110
218
218
219
218
209
169
3
2
14
15
34
32
42
66
90
88
102
46
56
54
75
52
49
36
89
70
73
23
21
25
76
47
34
101
68
58
66
3
4
9
4
17
15
25
24
36
36
32
51
38
41
41
8
21
37
24
40
46
4
6
9
24
22
34
40
52
69
72
73
68
84
99
111
111
62
37
109
102
67
93
110
102
114
41
113
28
104
97
57
47
112
110
50
11
30
41
61
61
72
74
85
90
111
52
52
45
73
55
94
95
93
69
96
99
98
109
3
4
22
30
33
31
33
42
50
34
44
31
18
11
23
23
41
40
54
51
76
79
62
35
38
60
69
24
22
24
78
58
36
28
39
81
4
5
6
25
14
12
25
17
26
39
37
67
67
70
78
34
49
51
41
43
52
32
56
76
35
66
63
4
2
3
10
10
17
23
28
39
35
45
48
49
51
72
75
74
94
101
105
119
156
160
156
170
160
171
188
195
253
251
255
275
269
289
287
295
290
310
299
317
319
336
335
352
351
356
366
368
380
367
387
384
385
381
403
402
410
407
410
415
408
439
454
453
439
478
475
490
490
507
507
525
524
545
546
565
564
582
576
595
583
594
587
576
587
589
583
578
562
586
588
569
580
591
584
578
590
590
579
584
576
575
601
592
598
593
592
580
590
553
600
594
605
597
581
592
597
578
614
602
613
601
613
600
611
602
614
605
606
599
599
614
593
607
599
599
604
612
598
610
569
524
460
377
318
442
287
277
280
264
262
506
227
461
180
151
599
423
429
519
477
386
558
540
370
251
368
349
469
226
224
209
196
537
582
187
160
318
297
291
552
404
398
253
241
323
312
437
191
10
26
22
29
22
21
31
34
32
16
9
6
6
33
12
12
30
19
33
39
40
49
79
89
105
106
107
119
132
142
154
169
171
173
171
170
162
131
164
111
138
138
132
168
168
161
127
158
119
168
166
111
109
169
106
110
104
105
105
103
177
139
160
118
116
111
109
106
163
146
130
158
160
4
12
7
16
25
31
26
24
41
37
53
67
60
75
105
134
114
81
85
69
63
57
69
102
75
70
70
70
75
65
64
61
136
62
75
60
58
59
72
53
82
73
117
66
108
62
61
58
74
103
83
63
54
84
83
59
62
5
4
27
43
45
65
69
100
125
154
171
168
190
187
201
200
216
216
229
230
228
243
238
240
238
274
274
288
289
287
314
313
311
315
311
343
352
352
372
384
384
406
406
415
415
417
415
452
452
445
408
369
329
311
314
296
270
242
356
349
180
182
175
176
176
154
445
291
261
370
227
241
218
235
442
213
199
348
421
442
446
443
453
310
444
377
390
242
443
189
332
439
303
396
441
445
296
9
7
4
30
4
13
4
17
17
12
13
28
26
37
35
35
32
23
40
54
58
56
58
48
48
43
56
41
17
23
46
67
43
16
55
65
5
16
16
22
33
45
33
33
32
58
26
88
36
50
27
23
23
14
83
91
31
91
87
25
78
18
13
22
11
24
4
4
8
9
28
23
10
5
9
4
5
6
23
9
18
18
29
29
26
26
37
45
54
54
66
63
26
40
54
40
51
50
32
58
30
20
34
45
35
45
24
39
43
20
41
11
11
26
7
9
32
46
73
77
82
74
95
94
98
122
113
146
130
86
108
63
43
98
36
41
150
128
142
148
30
151
133
122
67
38
32
26
127
59
65
144
13
15
26
33
36
31
15
11
12
8
14
33
36
30
32
59
68
69
89
106
121
106
129
124
77
65
64
54
77
121
73
63
74
84
118
86
42
73
106
65
93
120
55
108
4
12
26
27
26
38
22
40
9
41
29
4
4
10
11
20
26
26
25
34
43
20
17
23
22
21
20
42
54
53
28
23
50
48
53
40
53
27
5
34
64
55
75
86
87
113
113
134
132
151
148
158
171
181
219
219
243
255
253
251
249
275
266
282
272
287
286
298
283
283
271
270
242
231
236
238
242
244
247
249
271
273
237
240
230
241
200
251
245
238
241
243
280
244
243
230
234
234
221
250
235
230
217
200
250
188
172
165
147
271
300
230
248
299
182
296
270
156
11
13
22
6
21
35
33
16
35
5
18
16
17
33
33
21
23
47
8
4
16
31
37
36
38
62
53
70
67
82
103
114
121
125
133
137
152
166
169
226
225
245
244
256
255
272
270
291
291
306
297
318
325
327
315
346
328
336
355
351
357
355
374
372
381
383
388
395
405
403
416
413
425
431
441
441
457
466
464
467
456
491
490
509
508
527
528
544
545
548
532
557
559
543
545
558
554
540
555
542
553
540
555
546
564
547
552
545
557
550
559
551
558
552
561
558
563
554
551
563
559
565
546
552
562
568
564
562
559
569
575
562
572
584
517
536
571
555
551
565
565
564
571
560
556
575
569
566
556
549
520
528
536
568
558
545
554
556
558
545
558
551
561
553
558
545
558
546
533
549
556
552
541
537
536
557
543
548
554
554
549
519
533
547
530
534
549
530
515
520
521
508
518
530
511
514
526
519
492
523
501
501
501
504
527
516
530
518
523
516
523
521
512
518
506
518
511
518
520
503
520
514
520
513
527
509
504
517
510
510
517
521
523
503
506
516
509
515
514
524
522
526
525
533
525
532
525
537
526
521
541
520
519
526
532
536
518
533
529
521
536
523
534
535
529
515
524
535
531
518
531
520
532
521
535
520
524
542
532
523
543
527
541
536
523
540
541
534
532
475
444
411
386
330
297
287
285
391
225
220
213
205
202
196
192
189
185
179
174
168
159
452
541
346
423
304
313
506
513
420
476
409
286
270
263
374
252
496
366
337
354
435
319
524
462
229
486
243
5
4
16
19
11
39
47
48
54
55
70
70
93
84
103
114
189
181
200
200
217
202
197
201
215
225
224
240
238
244
248
244
258
258
256
281
283
300
298
306
307
324
325
341
355
354
342
375
375
392
404
392
404
402
432
433
453
452
467
467
465
490
492
508
509
514
499
523
521
507
520
514
522
503
515
513
517
520
513
518
511
522
507
514
499
508
516
531
512
489
484
481
456
472
522
517
493
505
488
502
473
475
496
493
511
489
496
508
500
494
502
507
512
505
505
513
497
507
524
508
521
510
522
519
518
529
513
527
515
516
526
525
528
533
512
503
505
524
474
509
521
520
539
538
533
532
553
545
563
552
560
557
547
540
554
545
560
549
556
555
553
561
561
549
564
550
573
567
578
567
565
575
558
565
566
577
579
573
574
580
562
569
585
582
580
594
555
553
585
574
588
581
578
563
494
446
510
392
555
453
235
105
354
466
333
325
280
271
254
503
429
223
434
201
179
192
408
542
528
401
154
485
149
121
385
484
112
375
345
306
521
576
217
171
161
127
99
314
295
210
422
138
284
4
22
36
33
52
74
104
128
120
83
85
91
76
75
73
72
66
65
64
65
85
58
63
56
55
51
86
111
56
51
49
82
88
114
80
118
66
98
54
49
77
85
94
86
6
5
17
30
29
31
32
35
40
33
38
39
33
52
51
40
29
4
3
16
13
22
13
15
7
4
5
3
9
13
5
13
10
5
5
6
4
5
13
21
13
27
29
47
25
29
17
35
17
35
28
4
14
9
26
31
45
56
68
67
72
47
43
35
58
31
61
72
56
32
70
45
8
10
36
38
50
47
71
79
91
99
111
68
60
41
108
68
63
53
81
43
91
68
67
84
52
37
80
70
50
72
8
5
19
35
34
46
37
49
60
18
59
68
20
54
36
32
30
34
4
14
23
27
23
41
41
49
52
59
66
63
82
69
79
96
97
104
108
101
110
130
129
130
138
145
134
148
243
236
255
250
267
265
284
283
297
286
291
287
299
296
311
299
306
316
315
306
310
329
327
347
346
367
366
386
385
403
402
422
422
438
440
454
454
452
475
484
488
502
518
502
518
537
536
555
554
573
565
576
564
569
562
570
563
574
562
564
580
559
576
571
552
549
583
581
583
570
567
576
582
581
574
578
569
572
578
554
563
577
575
561
564
578
574
573
562
577
552
566
559
566
555
564
557
561
547
553
560
550
554
529
273
257
420
386
381
490
357
308
283
561
315
456
257
542
218
201
212
187
191
166
184
148
435
117
136
89
63
66
512
394
364
325
480
248
236
532
505
155
128
406
110
79
335
227
433
360
451
292
106
5
5
21
150
146
158
161
170
169
184
184
202
202
219
219
233
233
250
251
268
267
285
285
303
304
319
320
336
335
356
354
372
372
389
387
406
407
417
418
438
439
454
454
472
472
485
487
506
505
521
521
535
527
536
534
541
534
545
536
544
535
553
549
535
549
535
541
534
523
514
534
502
20599
20620
20629
20623
20603
20570
20638
20514
20500
20480
20428
20356
20327
95
20383
20599
20626
20365
20577
20508
20316
20312
20488
20299
20273
20292
20562
20264
20551
20467
20453
163
20537
150
20445
20407
95
20435
20389
20391
20374
20587
20338
20279
173
20271
110
20423
20547
20346
20617
20482
129
20535
162
4
5
13
21
15
23
27
41
33
36
125
131
143
158
169
86
58
65
55
70
73
40
42
79
64
77
75
44
54
31
80
55
37
11
21
47
83
84
103
117
130
148
174
230
229
238
241
246
251
254
255
254
241
242
244
244
244
241
241
241
235
236
238
238
230
230
231
231
225
227
228
228
231
232
226
229
231
233
234
237
238
240
242
245
247
250
252
256
259
261
263
259
248
249
253
251
245
16
21
23
11
19
18
26
4
16
33
44
46
41
35
39
19
29
22
20
32
44
13
12
30
43
53
64
53
67
61
67
90
101
112
66
81
91
20
19
85
61
69
35
99
88
109
22
4
19
20
18
27
44
56
59
45
54
54
51
65
76
86
84
98
112
117
116
114
144
143
157
157
148
177
228
242
237
243
257
266
264
269
278
284
277
277
290
287
287
287
294
315
303
319
319
323
337
334
334
350
360
362
361
363
378
380
401
401
418
423
423
423
419
455
454
477
452
494
477
508
507
505
533
532
539
545
539
527
530
530
518
521
531
508
524
525
525
518
530
514
525
517
508
509
523
520
512
523
512
509
505
522
523
521
512
523
515
506
495
520
519
527
490
493
501
510
514
512
513
501
512
511
516
505
507
517
520
500
516
520
502
524
525
531
532
527
519
511
520
527
515
507
522
521
531
517
530
507
516
521
519
519
514
527
508
514
512
502
509
528
514
540
530
540
547
555
547
562
548
558
550
548
550
564
555
537
545
548
540
549
542
557
545
555
539
549
553
552
572
575
565
564
573
586
581
589
590
598
595
590
592
599
611
601
617
612
623
616
614
606
612
597
584
591
580
590
570
588
581
581
588
594
580
598
580
587
596
592
587
600
586
587
595
576
582
574
583
600
586
601
595
601
585
591
584
578
587
585
584
568
587
586
572
578
570
579
565
548
568
575
568
573
579
592
575
595
578
592
584
578
562
587
575
572
573
577
578
569
571
564
568
543
500
456
440
238
218
86
532
558
474
447
551
301
297
279
289
406
247
428
393
226
374
343
184
168
152
402
142
118
97
516
339
105
462
321
297
267
515
415
198
372
157
478
128
357
264
178
328
200
13
12
29
29
30
10
40
49
12
26
34
52
8
37
37
59
43
38
45
29
54
44
45
40
19
37
6
11
9
13
14
31
34
35
50
35
32
60
68
50
52
37
32
28
25
46
24
33
39
37
10
10
12
12
6
8
7
8
27
44
43
44
57
65
79
22
67
76
46
48
35
83
80
30
23
66
50
63
43
71
86
32
13
10
13
49
24
45
43
27
69
89
102
102
62
59
61
62
64
58
59
56
98
105
103
58
105
75
4
3
28
34
27
42
41
50
40
70
70
67
86
99
108
103
125
121
122
138
139
151
149
149
151
150
157
161
195
209
235
243
235
249
220
220
252
227
250
246
231
234
288
287
302
299
306
296
308
311
302
313
304
315
328
328
348
348
374
373
396
406
400
396
433
434
452
452
471
470
485
482
502
511
522
532
532
504
436
486
337
508
226
116
361
339
339
436
301
278
269
252
245
323
256
419
212
412
194
176
531
155
535
400
393
461
134
383
532
374
435
519
294
536
428
199
435
161
139
374
315
434
185
130
435
5
16
14
41
27
50
46
19
21
14
37
51
33
16
4
16
35
32
53
51
60
52
55
52
31
29
48
58
39
21
24
22
40
51
50
68
70
67
84
74
53
59
77
73
56
35
19
41
84
37
52
74
3
13
14
40
42
49
53
82
108
109
119
113
116
127
139
148
158
158
189
189
207
239
257
271
271
291
289
303
301
311
310
332
331
336
337
347
338
355
368
368
381
378
390
361
361
392
384
384
405
401
402
405
412
403
447
447
462
475
476
494
495
510
510
526
524
546
544
547
562
553
561
562
527
530
554
582
572
572
584
584
578
582
571
587
576
583
582
578
575
566
572
564
566
564
575
569
561
568
556
548
557
551
566
566
581
567
577
566
578
575
556
562
567
575
544
535
481
482
560
568
534
533
554
553
573
565
529
483
557
537
499
550
475
446
440
494
514
507
460
532
540
548
539
545
543
518
549
534
548
530
539
537
498
514
528
536
503
545
500
546
523
509
543
519
537
531
547
542
542
563
540
549
553
539
526
463
454
552
483
484
499
510
509
526
529
532
530
552
552
561
551
557
541
549
542
548
535
552
531
544
532
531
495
512
508
526
525
545
535
548
535
548
552
539
567
540
557
543
547
537
540
539
551
544
538
506
496
516
514
495
514
544
542
552
543
549
549
564
571
560
543
554
572
589
587
587
579
578
591
576
591
595
582
600
587
604
592
608
600
599
605
611
607
606
587
608
600
614
608
612
612
600
603
577
602
583
600
601
606
600
618
609
603
616
613
599
601
617
606
596
609
576
585
594
606
589
601
585
595
586
604
585
593
577
586
570
581
566
581
565
563
573
573
559
542
546
554
554
560
565
564
565
573
570
575
566
544
528
549
550
533
551
556
566
555
566
552
560
552
564
552
568
546
560
546
538
548
553
531
534
553
538
523
551
551
539
548
542
552
540
542
560
548
563
570
576
573
554
584
518
462
406
426
420
552
368
351
469
331
301
381
296
268
492
318
236
465
255
246
206
210
543
156
452
134
410
122
129
69
516
89
101
389
368
326
298
532
466
195
177
129
80
520
269
448
112
569
344
224
4
9
13
4
21
17
25
35
42
54
54
59
61
69
73
71
81
80
98
97
114
120
136
124
139
138
168
153
160
179
169
184
179
188
268
267
280
280
294
296
305
304
300
292
281
316
314
335
334
352
350
353
352
373
371
389
369
385
383
397
396
406
397
408
408
422
433
433
449
449
464
462
460
460
499
498
515
513
530
529
548
548
566
565
574
567
561
572
563
573
568
558
576
568
573
577
562
567
574
553
575
560
557
520
534
571
548
559
551
558
561
556
549
556
543
549
560
554
551
541
509
522
560
552
550
548
546
553
527
549
534
548
542
554
549
560
554
569
560
571
560
571
557
573
556
547
558
556
561
551
546
541
510
511
471
431
337
422
507
360
325
285
465
445
268
254
246
212
191
175
182
164
510
139
393
133
367
96
92
119
547
483
332
315
277
229
504
204
495
380
78
364
287
452
412
145
344
308
403
131
6
8
5
25
11
26
18
3
3
3
6
19
44
54
81
79
88
105
122
123
144
143
160
162
190
194
204
243
241
261
259
272
261
254
272
271
284
282
279
299
298
301
314
317
297
307
310
310
330
321
319
311
321
328
344
354
354
367
369
382
383
385
402
401
420
414
428
427
446
453
455
467
457
459
485
484
511
516
508
512
489
494
501
508
517
499
500
513
506
514
513
512
510
530
518
535
496
484
483
500
498
507
507
507
507
520
535
531
543
533
543
535
531
538
527
533
519
540
537
523
529
537
535
538
531
528
525
534
530
528
523
543
521
534
533
517
541
535
532
542
515
535
530
533
542
527
532
531
550
549
546
536
533
542
536
532
528
529
538
526
534
539
528
543
536
536
532
536
538
516
530
543
542
528
526
544
518
514
500
522
537
526
526
531
536
523
522
509
526
517
515
529
530
522
523
517
530
517
501
524
525
368
317
289
215
455
169
164
440
331
505
292
307
408
282
273
495
465
403
385
472
214
173
371
182
482
356
353
154
129
352
439
474
289
427
251
238
228
225
397
194
369
448
161
152
308
123
238
11
21
22
51
53
92
134
166
151
166
165
169
193
192
205
199
200
216
216
233
233
248
256
256
247
275
275
295
298
298
298
298
254
275
350
361
361
349
383
382
410
409
425
424
434
434
451
452
461
461
473
477
474
500
500
518
518
523
509
520
525
517
530
518
538
529
537
531
542
534
550
539
555
547
555
555
566
563
559
581
553
531
536
553
560
568
560
573
562
548
550
539
552
539
549
537
549
540
554
546
558
546
548
554
539
549
563
555
573
552
562
570
559
546
560
549
557
535
554
550
550
542
546
539
539
533
540
528
534
532
534
542
543
529
518
532
520
535
525
531
533
521
531
525
534
527
535
528
528
519
508
516
528
527
536
528
528
515
529
523
528
516
518
526
505
510
524
518
518
536
525
521
524
538
533
540
541
535
542
545
528
541
534
532
532
525
539
523
537
546
546
541
549
537
550
542
550
549
558
555
545
546
569
537
548
532
547
557
526
543
550
544
549
553
542
540
558
554
552
549
551
546
554
537
550
536
550
544
552
543
540
552
537
549
545
546
554
534
557
556
543
556
557
543
553
543
555
558
543
554
561
542
543
527
529
535
531
543
543
554
546
545
554
556
543
554
543
554
548
552
539
550
539
553
560
551
550
547
540
529
546
555
540
555
532
548
550
540
542
525
529
530
506
520
531
539
526
538
518
539
524
543
536
547
546
555
531
534
543
534
523
530
545
526
529
529
514
526
507
524
513
524
534
507
492
532
508
536
526
525
519
525
529
530
532
528
523
526
533
536
535
538
528
522
518
514
472
504
440
369
503
403
491
124
111
350
310
281
303
245
239
420
428
237
211
199
508
177
170
184
392
357
359
145
135
102
86
95
334
319
483
229
218
408
193
163
461
329
113
458
274
395
452
238
161
7
4
25
22
32
29
65
122
140
153
153
163
175
176
175
174
204
204
219
220
225
229
231
235
239
242
246
250
253
256
259
255
259
262
266
269
274
274
278
282
287
291
295
299
303
307
310
313
316
312
317
321
325
327
331
333
330
332
314
310
305
296
292
289
281
218
219
220
8
17
4
16
15
5
20
44
25
25
28
11
15
14
7
27
10
21
40
51
20
36
32
34
17
52
46
37
30
49
52
4
27
46
55
66
62
63
33
61
60
56
50
76
42
74
65
68
46
30
47
3
4
2
9
15
8
17
5
43
54
50
56
62
76
60
50
42
31
68
56
65
80
66
87
38
59
50
40
76
78
42
5
19
18
26
24
26
37
40
52
30
36
48
60
81
84
81
68
44
38
33
29
25
18
60
52
47
34
4
14
13
19
4
23
4
11
18
19
9
9
10
18
31
29
21
35
40
31
44
38
60
59
55
78
37
33
31
36
21
50
40
75
59
9
8
26
36
25
67
23
42
43
37
39
29
64
62
46
48
76
34
33
71
75
4
19
17
10
14
19
40
38
39
43
40
16
68
14
49
15
12
20
30
29
19
9
38
35
28
6
17
4
4
3
26
9
5
7
8
8
12
8
3
14
10
14
22
29
14
33
72
98
111
121
131
135
152
154
172
160
156
150
124
170
166
123
165
104
99
141
90
94
74
144
87
139
135
133
62
43
116
120
102
92
69
47
107
169
162
65
8
5
7
4
25
22
33
43
50
27
34
50
46
31
20
30
21
4
15
14
17
20
22
10
39
56
57
76
86
97
94
112
107
103
104
35
89
84
73
60
81
50
48
81
32
35
76
61
58
50
74
70
84
100
9
33
45
44
56
66
83
87
85
82
118
49
108
77
75
72
64
63
54
58
22
88
107
105
24
95
60
86
107
9
20
29
30
47
49
49
61
52
28
59
43
72
34
23
53
41
69
4
5
22
25
33
52
66
69
86
94
77
37
65
61
48
45
74
38
74
72
62
57
50
39
96
30
79
83
6
7
23
24
38
50
63
78
68
75
93
93
109
121
129
129
138
109
111
107
102
120
130
105
106
123
131
87
95
121
72
83
75
118
70
70
105
89
85
114
139
95
85
4
22
40
53
58
76
88
100
95
105
87
84
112
74
76
68
98
57
56
96
52
43
27
86
111
110
71
65
46
27
70
41
99
14
12
38
39
35
64
74
84
106
118
150
166
193
181
196
205
204
200
195
205
209
208
217
221
218
222
246
250
259
268
268
260
282
282
294
296
293
283
273
293
279
212
212
168
280
283
274
272
279
270
284
242
240
231
284
293
206
273
175
168
283
272
282
168
270
168
143
132
116
271
286
272
254
277
272
168
143
120
293
262
272
160
105
138
3
6
14
12
3
4
5
16
57
13
9
8
8
22
23
49
40
58
78
76
77
90
90
104
117
116
114
148
160
167
167
184
181
207
231
220
202
197
210
213
208
211
212
214
200
202
206
207
211
213
215
213
216
219
216
219
209
211
213
214
208
199
233
208
214
207
203
223
207
208
210
210
202
204
208
210
208
206
200
7
6
7
7
6
10
31
9
27
25
42
41
34
53
42
40
62
64
75
73
87
91
100
110
101
128
141
141
185
211
207
220
222
221
216
228
240
240
250
250
268
268
277
275
260
281
281
282
304
306
308
318
312
332
322
335
335
347
347
361
361
385
386
404
404
422
422
442
443
460
460
479
480
479
489
506
505
508
523
530
528
524
530
537
540
537
550
541
548
534
546
535
556
552
568
556
574
573
569
562
553
569
567
576
564
575
572
569
575
582
570
577
587
571
589
575
588
574
579
570
589
570
578
585
550
557
586
570
582
571
574
507
546
571
462
514
457
486
494
525
538
581
568
461
509
527
515
526
514
521
516
526
522
532
528
525
533
520
522
531
531
522
527
519
524
518
524
513
524
507
498
492
476
508
490
493
516
488
500
508
507
505
442
497
460
456
472
472
472
494
497
496
512
513
524
516
529
517
527
513
501
518
514
519
487
448
277
495
153
375
433
355
320
476
345
299
364
302
264
264
262
232
414
240
191
202
393
172
466
145
372
380
101
95
75
508
399
420
469
219
212
172
157
121
371
439
343
310
283
133
114
172
73
