49
46
55
55
57
56
67
238
342
451
368
450
407
407
428
472
503
428
430
449
431
433
523
538
432
470
427
499
607
603
609
629
652
632
650
647
707
707
745
745
795
796
800
825
822
854
849
901
902
928
926
922
997
803
851
1040
1008
1027
1044
1043
931
1020
1027
1057
1037
1061
1038
1016
998
1149
1123
1117
1096
1127
1127
1164
1106
1106
1071
1097
1086
1089
1074
1063
1092
1068
1070
1046
1026
1042
1014
995
1033
1032
1033
1044
1029
1032
1058
1043
1029
1036
1015
1023
1009
995
1026
1001
1013
983
1010
1023
1040
1049
1040
1046
1018
1049
1045
919
934
932
956
912
907
926
903
932
910
920
909
928
925
895
941
942
896
894
941
939
938
906
903
918
937
866
899
890
902
913
908
928
905
931
910
885
898
909
915
834
833
907
868
853
873
870
870
896
903
737
647
501
440
398
734
613
578
709
515
773
720
687
450
450
405
368
813
336
298
270
362
867
236
201
626
846
176
639
863
577
571
551
460
652
860
373
308
262
190
134
424
284
159
783
447
828
515
229
479
243
277
247
313
313
281
343
300
302
303
338
326
340
350
337
353
398
398
430
430
461
459
490
469
494
494
528
529
547
546
546
547
617
617
648
647
680
682
715
713
745
746
773
782
782
812
816
809
817
871
862
889
891
901
914
875
906
902
890
889
904
906
890
911
909
905
892
897
871
848
865
897
907
894
903
922
889
913
897
924
932
870
905
898
897
885
884
909
888
874
872
896
852
839
896
881
882
881
844
910
867
846
859
879
872
860
843
854
856
870
868
865
889
870
884
857
886
868
864
849
877
846
834
862
890
865
862
884
844
875
857
837
869
854
872
843
849
835
835
835
857
851
857
818
844
843
834
824
857
828
814
827
822
822
842
830
814
838
836
822
808
792
808
793
780
817
792
815
815
837
821
839
795
780
776
784
790
784
784
757
781
773
771
784
774
772
793
765
791
778
750
755
732
761
740
735
757
744
772
748
750
744
751
769
766
748
767
754
771
761
775
787
738
795
782
773
766
787
781
769
763
776
734
777
769
778
764
773
766
787
770
773
778
762
760
778
772
760
748
761
743
757
740
775
750
719
759
755
746
759
747
747
741
714
731
777
731
710
714
695
697
692
4783
673
4808
4784
4803
4806
4782
4768
4775
4792
4796
4792
4788
4762
4783
4778
4759
4768
4767
4786
4779
4763
4734
4766
4744
4768
4758
4759
4755
4754
4735
4737
4746
4725
4729
4736
4728
4706
4720
4715
4714
4730
4722
4718
4726
4717
4728
4718
4737
4729
604
628
590
564
582
575
589
557
564
565
565
581
572
561
562
563
564
545
554
546
543
541
549
538
544
532
545
534
541
518
529
498
512
490
534
526
536
536
529
522
529
527
506
526
517
524
520
529
523
521
532
526
517
527
516
525
515
523
519
522
531
539
530
500
470
454
413
532
277
471
471
487
358
447
519
337
435
321
311
309
293
330
402
395
511
396
294
386
376
485
350
350
421
275
301
400
478
464
484
469
472
463
479
467
478
454
476
463
466
458
494
405
403
292
285
292
292
317
317
333
333
345
356
355
374
373
377
401
401
418
418
437
436
455
456
457
482
483
502
510
510
511
561
561
572
579
571
552
571
578
556
592
594
590
583
596
579
598
592
606
574
582
571
581
561
582
582
594
577
584
595
595
575
596
594
594
561
522
515
383
493
299
453
216
393
381
488
347
319
291
305
466
270
258
249
236
178
538
147
169
154
98
129
404
81
81
394
515
528
568
349
274
473
361
227
210
138
111
422
418
332
194
116
549
575
36
34
45
67
95
94
108
110
158
159
178
179
193
202
202
217
217
218
234
235
245
246
257
256
271
272
291
290
290
271
327
328
346
347
357
358
374
374
375
400
401
404
417
403
428
427
437
431
450
450
465
465
484
484
499
499
512
512
522
515
518
508
527
515
515
515
530
516
533
527
540
528
540
530
541
534
553
542
546
538
545
542
541
535
515
531
532
531
541
541
543
527
545
537
540
546
545
541
524
548
534
546
532
544
537
552
543
549
557
555
559
552
557
551
560
551
557
550
553
550
551
547
550
543
550
542
544
546
534
548
536
540
525
537
535
547
544
524
535
523
534
517
512
510
523
507
520
522
520
517
523
515
511
524
521
519
497
438
402
391
339
323
320
462
256
238
180
111
478
312
477
409
281
296
274
393
490
238
239
203
221
455
205
527
355
162
330
124
424
427
512
268
375
445
366
188
165
152
350
275
249
223
215
301
154
3
3
8
44
44
47
91
142
141
161
161
182
195
195
218
217
217
234
240
239
256
255
270
276
274
287
300
299
321
322
342
340
364
364
365
405
404
411
420
417
446
448
469
469
490
499
510
509
529
529
548
549
548
574
576
598
624
617
633
627
639
625
632
626
626
630
631
630
640
626
644
626
623
609
630
617
634
627
633
620
634
626
629
625
623
607
623
609
629
627
616
608
615
598
592
618
615
608
613
603
604
590
589
608
590
604
576
584
570
589
571
582
570
567
521
557
533
549
565
551
564
552
560
558
559
550
542
557
552
556
544
551
534
524
505
497
446
437
434
427
385
376
368
368
448
418
513
238
197
509
321
398
460
311
377
297
268
268
266
256
489
406
415
227
473
250
353
204
346
174
406
181
163
332
313
268
209
190
151
539
222
9
10
25
24
57
121
160
163
168
176
184
190
189
204
203
215
224
223
242
242
258
252
256
277
278
294
302
302
327
326
346
346
343
372
373
387
388
386
414
431
413
432
456
455
476
478
497
499
515
522
507
521
538
536
544
554
551
538
539
556
549
555
548
557
539
544
544
557
557
546
555
540
535
506
524
547
518
555
538
547
546
531
537
532
545
539
543
542
548
555
559
542
558
536
543
538
547
538
553
546
558
555
555
558
556
569
559
550
551
559
552
554
564
562
543
562
559
571
561
567
568
571
569
565
555
570
570
582
571
586
572
576
571
582
565
572
572
582
574
569
559
579
550
572
548
580
578
588
565
559
580
574
566
571
583
574
582
584
589
574
582
566
577
577
573
570
577
564
571
573
571
574
568
574
567
558
570
570
580
565
572
582
574
586
582
591
600
574
538
566
554
579
526
526
570
564
560
515
557
474
320
280
249
168
538
395
547
485
498
471
350
294
277
271
252
234
199
188
176
223
152
136
90
378
88
86
84
406
76
90
364
336
528
454
512
434
157
305
418
374
313
215
90
444
359
427
53
134
128
151
149
149
165
172
161
164
173
208
206
218
222
222
251
251
267
268
281
300
298
297
282
299
343
342
360
360
375
383
388
399
398
400
401
399
399
438
445
436
468
467
472
472
485
484
519
519
541
554
555
526
437
440
429
426
420
420
403
541
370
494
282
228
364
345
544
534
519
316
293
484
473
466
271
518
247
381
516
206
203
352
460
159
150
331
136
135
331
305
285
283
273
395
234
218
190
474
167
220
13
32
28
31
19
27
28
18
18
18
12
24
38
49
69
74
76
87
102
116
126
114
104
105
102
92
88
83
69
63
50
39
31
34
108
119
95
66
48
24
18
74
37
109
53
16
30
67
67
59
73
77
55
80
81
127
156
177
181
190
188
203
164
190
191
200
202
213
229
219
228
239
239
240
238
240
241
245
240
289
303
303
324
324
338
343
343
362
359
380
377
378
396
396
396
419
421
437
438
453
452
470
470
479
479
479
508
503
507
499
519
480
492
508
515
507
486
505
508
508
484
465
507
484
493
492
509
506
509
519
511
533
521
526
527
539
537
533
542
526
540
537
524
527
521
527
533
539
543
537
476
472
456
458
452
444
447
429
426
428
422
416
419
398
395
399
393
387
375
364
365
360
357
352
354
348
332
328
324
315
305
303
302
301
292
284
279
272
257
260
255
256
477
507
517
531
500
461
5
16
5
12
16
25
22
41
52
49
72
88
87
107
80
80
52
63
91
73
101
30
88
38
58
50
47
66
63
92
7
22
6
10
20
18
8
5
16
25
25
46
8866
8888
8875
8875
8881
8886
8878
59
63
51
8879
60
71
58
8880
24
21
45
52
60
61
58
59
80
77
79
81
92
56
51
57
31
85
51
93
28
61
89
63
37
2
19
37
3
56
81
91
99
93
122
119
133
129
121
154
172
204
203
209
210
228
227
247
246
253
252
254
283
280
283
293
283
315
311
317
306
305
309
312
316
320
293
323
314
345
378
379
401
399
409
408
429
428
427
427
457
457
475
475
473
513
503
529
503
539
532
523
513
529
557
539
546
531
521
537
521
534
526
536
521
528
537
539
523
486
484
491
489
503
516
516
532
531
533
559
551
563
549
550
557
543
522
522
550
554
560
547
549
560
538
560
564
556
568
558
556
565
550
537
546
556
551
555
550
555
536
558
543
535
551
540
545
543
520
529
524
512
537
530
515
521
515
528
510
519
513
517
506
518
511
517
519
524
516
517
531
514
518
512
521
510
523
512
520
522
518
526
518
527
519
530
518
511
529
523
531
529
529
527
538
527
537
529
537
521
538
547
536
534
536
535
525
536
532
528
536
537
532
532
526
534
524
518
529
523
525
513
523
515
523
515
517
507
518
503
518
506
518
506
516
505
509
505
504
504
515
520
511
519
508
523
493
507
515
514
516
504
516
510
508
520
521
515
529
519
517
527
503
534
517
530
511
500
507
533
531
527
528
535
529
534
531
526
538
521
526
508
528
532
506
518
517
524
525
520
525
509
517
512
512
520
511
524
514
519
519
521
511
496
517
511
508
501
502
500
494
439
397
198
359
312
413
318
305
283
404
403
256
278
256
267
404
220
234
228
375
169
160
447
114
368
141
447
111
348
93
481
488
382
174
152
113
346
82
336
289
449
254
142
391
449
205
186
131
288
418
352
252
252
267
266
283
282
297
293
315
316
335
275
296
294
280
277
301
300
314
313
332
332
358
358
372
372
386
390
390
419
419
428
429
454
453
473
472
484
484
502
502
523
524
535
533
530
531
456
512
536
243
246
144
492
359
341
351
476
333
306
287
300
267
532
274
535
503
234
225
436
155
148
417
117
383
104
93
484
365
478
314
457
432
175
126
533
391
529
205
169
406
239
191
7
4
15
2
4
3
28
24
33
36
50
63
61
52
81
91
85
103
75
102
95
97
112
103
74
95
99
131
141
144
161
178
186
174
197
191
160
161
182
181
206
206
206
223
223
238
237
244
243
257
257
265
275
275
294
292
298
298
317
325
327
316
322
360
353
375
375
391
383
389
402
405
408
407
403
431
429
430
449
444
460
451
471
472
488
482
487
486
506
492
480
505
488
476
512
506
508
512
529
534
543
540
535
540
533
545
530
541
535
555
546
559
555
542
518
529
527
516
518
510
512
543
521
546
544
537
526
540
471
502
526
535
440
511
393
373
378
494
477
539
492
474
418
480
494
495
509
510
506
524
504
501
510
495
511
504
509
496
503
483
488
477
482
493
501
493
501
500
501
495
487
486
511
505
509
502
520
507
505
526
519
523
467
506
507
502
507
507
526
526
524
548
554
564
570
580
568
551
545
566
571
585
594
584
593
592
591
585
599
598
616
599
621
619
619
616
609
617
614
606
616
604
611
600
595
611
596
587
599
589
563
572
581
606
589
585
583
591
591
571
592
585
593
583
574
584
569
584
560
573
572
592
584
583
596
591
580
590
583
593
570
579
587
579
578
582
567
579
560
570
578
576
570
584
573
580
577
588
590
585
588
596
582
572
599
585
567
571
589
573
582
589
577
594
584
579
600
587
571
578
567
584
569
550
561
554
562
547
554
543
550
554
541
542
550
552
556
553
544
554
550
543
555
546
543
553
538
550
534
536
515
534
543
527
515
529
536
529
529
542
514
517
502
509
506
498
511
511
502
515
504
516
509
513
510
522
514
515
526
525
521
516
516
508
511
505
514
516
508
508
502
495
503
495
511
503
504
502
518
502
513
503
492
511
485
506
502
493
485
510
508
510
507
511
512
501
516
503
514
503
509
505
502
503
491
479
500
492
504
505
501
490
504
498
499
506
507
496
491
514
516
509
523
519
509
518
503
516
506
513
511
512
490
516
514
512
503
517
516
506
499
488
503
487
497
502
497
489
497
497
496
500
498
500
491
501
484
500
494
502
491
500
489
493
486
503
489
475
500
482
485
476
487
493
482
489
480
489
471
481
484
477
479
492
493
498
495
499
494
467
478
459
477
472
500
445
451
494
494
491
479
486
497
501
490
503
491
495
506
506
496
488
498
503
501
507
506
516
517
499
519
518
504
495
505
504
522
515
507
506
502
520
512
504
489
509
497
495
503
505
502
518
516
485
489
494
489
497
500
497
497
506
498
501
489
482
505
498
505
496
439
494
481
441
452
425
484
462
492
472
480
488
492
469
475
491
480
490
493
486
489
477
459
491
480
474
461
491
494
483
499
492
482
487
478
476
487
491
400
453
330
274
238
256
405
193
215
186
478
376
176
388
154
147
129
153
137
323
323
322
99
314
320
310
309
448
485
299
241
458
226
176
120
470
112
115
107
73
285
283
207
339
491
428
416
88
301
284
316
330
333
332
330
331
86
83
79
65
85
81
181
82
78
79
120
69
70
70
69
86
87
63
334
66
86
333
77
333
333
333
330
333
3
5
23
14
31
19
11
37
16
22
31
13
30
29
30
47
61
54
62
34
49
16
51
44
13
17
25
7
20
28
45
51
70
36
46
59
28
46
63
22
49
27
71
35
39
24
7
16
18
13
28
6
25
32
6
6
28
35
39
42
43
45
63
76
70
82
82
78
99
117
128
120
157
166
181
201
213
210
177
173
149
194
116
82
128
127
126
160
195
125
159
125
156
109
109
106
96
146
105
92
94
85
145
142
170
85
80
74
131
212
116
117
107
97
89
82
132
141
116
106
173
83
82
160
94
5
23
54
46
47
90
112
123
119
110
119
118
94
90
119
122
115
124
88
122
88
92
93
93
90
90
118
84
123
93
85
85
93
91
82
90
109
108
110
92
85
90
91
85
4
4
19
14
7
24
28
19
13
11
9
7
15
16
37
35
52
52
67
76
41
44
79
82
31
32
58
88
40
63
61
26
33
28
29
4
4
19
27
21
38
35
42
57
57
61
79
107
137
145
157
188
182
182
175
198
205
209
205
212
224
223
242
239
259
257
275
275
275
296
296
307
308
325
326
358
356
374
376
395
394
414
415
417
424
413
450
446
461
461
478
478
496
493
510
509
518
518
539
548
543
539
542
565
554
555
547
558
551
566
554
574
556
567
554
556
567
556
571
568
562
569
565
552
572
540
556
540
553
542
552
540
555
545
555
545
550
554
543
527
533
537
553
523
542
514
521
517
536
514
506
532
500
521
519
527
505
507
515
500
496
513
521
507
508
522
514
503
515
510
503
502
491
506
500
493
491
485
476
474
499
488
503
503
486
498
493
485
475
496
496
499
501
510
501
500
487
485
479
479
498
497
503
503
521
514
504
525
521
513
528
527
540
527
514
524
526
517
524
518
507
513
517
525
526
517
527
520
513
529
522
520
510
519
512
516
514
489
497
520
506
498
478
499
506
502
506
498
494
506
506
496
505
496
493
504
508
500
509
503
505
490
502
499
494
505
497
509
502
504
495
517
521
506
521
516
521
523
523
511
513
522
503
511
517
512
505
497
502
505
504
517
517
501
515
505
512
495
505
511
485
504
499
501
497
495
505
490
478
498
480
492
488
481
477
485
485
494
487
485
499
499
491
497
484
486
468
467
479
486
503
493
467
488
485
485
502
495
514
512
495
497
512
487
504
502
494
509
496
496
512
491
511
506
514
510
528
515
532
531
529
536
538
523
512
526
511
524
516
521
513
523
512
523
513
526
505
515
516
526
524
529
519
539
532
541
516
529
517
522
530
527
518
501
513
531
524
540
531
544
519
513
503
525
492
516
503
504
498
490
505
504
500
511
509
509
506
501
507
507
486
494
486
493
401
442
431
394
447
354
423
348
500
459
466
386
475
420
365
374
455
455
435
439
445
438
442
454
453
449
428
447
458
446
445
452
454
458
440
457
443
456
465
449
436
460
450
439
435
453
463
443
438
435
453
410
428
394
408
407
424
424
441
457
441
442
457
454
492
492
504
503
492
497
497
488
508
498
519
504
512
508
508
517
522
518
505
524
488
502
509
512
529
517
517
523
512
522
520
516
515
517
499
508
521
523
499
519
508
509
523
506
501
514
511
517
535
533
519
511
527
524
544
534
524
524
537
515
526
525
534
532
513
528
511
517
523
521
520
534
523
520
524
524
529
526
519
524
508
501
520
507
512
523
519
524
517
513
513
524
522
536
515
529
519
504
512
517
527
520
526
524
524
511
521
512
525
516
532
510
525
511
524
525
533
525
535
517
521
519
523
518
533
519
535
521
525
540
538
517
531
533
527
541
535
524
535
540
533
520
539
535
542
537
543
542
532
557
531
536
529
542
529
541
513
526
537
526
527
533
537
529
536
527
532
520
530
519
512
524
517
525
519
501
504
490
492
519
510
510
518
510
507
521
519
512
525
505
512
511
494
513
491
499
498
496
479
506
495
508
509
494
475
446
444
416
389
376
501
366
455
349
491
397
371
365
482
425
405
460
436
434
447
441
449
445
460
462
454
448
455
471
437
466
452
458
463
456
460
458
458
469
462
481
464
483
483
496
458
468
478
443
473
465
421
423
403
403
410
420
421
437
437
447
445
446
469
462
480
479
497
497
514
513
519
499
509
503
521
502
521
513
509
498
503
520
516
500
500
506
512
499
509
502
513
499
508
501
500
497
508
512
509
513
497
506
516
506
525
518
511
520
513
509
516
519
518
512
522
513
520
509
515
518
503
520
512
515
512
510
507
499
505
514
505
505
512
509
522
505
512
497
506
499
504
503
493
498
503
485
496
493
482
495
489
490
494
487
491
482
468
483
480
500
499
498
487
496
498
498
497
491
503
500
506
504
491
514
501
517
509
513
512
515
509
507
516
494
503
513
495
514
516
509
502
501
514
514
501
484
499
499
500
472
483
493
506
495
489
507
506
490
489
489
476
478
477
495
475
484
486
472
493
482
491
495
488
486
490
492
482
494
482
492
481
482
490
485
475
473
489
482
482
494
482
488
495
491
497
479
493
478
502
501
506
502
496
486
489
495
478
496
496
479
486
493
490
491
501
494
498
482
475
485
494
483
491
483
493
481
493
487
495
487
500
487
499
487
502
494
490
496
486
497
506
495
502
488
467
440
461
476
491
477
495
451
491
497
510
497
499
507
516
516
517
498
514
508
515
521
512
524
518
513
537
523
515
513
524
512
526
521
516
521
516
525
518
507
493
526
513
526
499
512
522
514
509
523
503
484
498
498
497
515
515
557
562
571
556
563
556
572
555
565
555
567
560
569
563
573
565
575
566
570
560
546
549
564
526
562
556
567
550
556
572
569
559
575
572
574
564
563
563
577
580
564
578
566
584
569
578
566
575
524
527
563
535
539
533
540
533
530
539
538
517
529
538
525
537
522
529
520
536
524
539
525
537
523
538
526
510
529
526
516
515
529
521
528
518
530
513
521
527
518
539
531
519
515
532
529
521
537
536
534
539
421
515
275
244
222
400
120
90
438
309
292
453
508
276
260
506
482
441
228
210
469
183
180
169
404
151
376
146
457
537
112
78
326
325
307
269
242
189
161
135
363
344
352
339
487
424
383
188
103
19
19
68
89
134
151
148
147
139
153
130
150
135
129
128
148
129
123
135
123
127
151
130
128
127
138
138
149
139
126
123
125
152
125
125
135
130
129
134
129
123
141
129
133
122
122
130
136
123
124
124
124
128
130
138
8
6
24
32
36
66
95
119
139
155
148
163
173
173
184
186
199
198
208
209
227
227
246
247
264
264
279
279
296
296
310
308
307
328
326
328
351
351
361
362
360
358
372
374
374
391
391
406
405
409
417
417
435
436
448
443
456
463
462
473
457
461
467
459
465
469
459
441
402
456
433
414
392
421
459
464
465
476
476
473
459
476
469
467
475
468
482
466
484
484
483
488
478
491
470
478
489
485
487
495
479
471
461
489
495
493
473
466
483
494
497
496
503
511
497
516
487
455
464
464
485
485
496
490
505
514
491
498
487
500
468
481
493
460
500
507
476
408
454
446
398
367
485
76
359
462
290
298
333
281
266
248
252
233
220
237
196
181
202
166
181
164
137
118
82
80
74
439
416
333
496
489
471
387
366
210
374
155
339
76
337
280
447
350
78
130
336
3
14
25
18
32
48
44
57
52
53
65
18
55
31
28
38
57
38
51
54
5
3
20
22
13
30
6
42
41
37
18
11
21
20
28
41
57
70
64
54
68
54
31
61
64
78
51
54
65
48
66
69
75
53
62
16
19
18
33
8
25
29
31
4
23
20
23
21
23
19
25
16
7
6
11
17
22
31
39
36
44
40
50
67
65
77
90
79
98
86
104
124
115
99
101
96
86
113
67
68
69
66
69
68
96
117
67
93
95
119
69
102
70
78
78
69
68
65
5
13
20
15
31
37
38
50
60
63
70
85
95
103
99
112
102
94
62
104
69
104
95
59
87
54
110
53
51
74
71
54
54
55
83
52
74
85
100
39
4
13
21
23
22
41
62
75
146
148
143
157
156
154
175
178
179
180
183
198
198
204
211
209
224
224
239
238
249
253
247
267
266
267
295
295
329
287
287
330
343
342
21909
21932
21942
21942
22025
22031
22032
22025
22029
22030
22031
22024
21997
21990
22022
21987
22024
21956
22022
22032
22030
22031
22009
21978
21970
22013
22141
22125
22125
22138
22119
22146
22146
22153
22166
22144
22159
22157
22172
22158
22165
22158
22168
22167
22179
22153
22159
22153
22161
626
616
599
591
476
544
479
388
358
368
378
384
384
404
405
421
422
445
444
462
471
474
500
490
500
517
517
530
530
548
548
564
563
580
574
589
589
591
580
582
589
585
586
562
558
553
579
590
543
514
521
533
565
576
564
584
568
573
581
566
575
563
572
550
577
554
565
556
568
559
564
558
520
525
533
523
528
506
518
531
530
527
515
529
517
526
515
519
516
516
512
520
484
458
495
481
482
491
494
474
412
442
492
273
491
361
429
316
413
310
392
395
277
390
254
493
369
390
229
196
206
180
169
494
151
348
157
328
122
485
102
111
342
294
273
241
232
451
193
168
441
287
461
247
213
117
133
11
5
30
48
34
31
36
35
34
33
35
36
34
33
26
35
11
23
36
34
47
14
33
55
21
36
46
44
21
49
18
15
24
21
15
21
13
17
5
13
14
18
12
24
27
19
21
21
25
36
36
42
43
43
44
42
52
55
55
65
63
80
72
80
87
193
196
177
182
201
196
204
211
213
208
228
224
239
237
257
257
276
276
294
293
310
310
322
321
339
338
355
355
374
374
392
393
409
410
426
425
428
448
447
464
464
479
477
497
507
503
502
496
532
533
520
544
533
526
535
545
538
536
538
529
533
525
536
533
528
535
529
526
530
523
519
508
514
524
537
536
525
524
542
536
523
525
518
531
516
505
514
470
483
487
503
529
513
511
498
509
494
494
510
500
503
485
493
498
501
498
494
491
510
503
504
498
503
499
501
495
509
508
507
505
513
501
517
503
512
502
508
501
501
511
504
508
508
505
522
503
487
483
504
516
515
530
530
535
529
546
538
559
549
551
556
560
553
560
554
567
566
580
553
568
556
568
563
579
567
563
579
574
579
566
581
574
581
559
559
572
582
568
588
579
588
581
591
578
591
577
592
587
567
580
577
583
569
583
577
560
550
574
545
552
551
537
559
554
558
546
560
544
555
540
556
548
540
548
542
538
547
548
537
533
539
526
528
540
532
552
542
515
498
538
504
522
514
523
512
529
512
522
504
524
518
536
520
516
535
533
538
532
544
534
573
562
570
564
579
565
565
580
554
530
571
521
559
544
542
563
549
537
552
529
554
546
542
551
544
520
535
520
529
529
547
542
554
543
557
545
529
540
547
523
538
546
536
531
528
529
515
524
544
490
500
507
505
501
489
502
489
506
470
506
498
497
515
515
537
515
531
535
522
529
517
528
524
530
522
536
516
501
512
520
531
523
502
507
514
508
524
522
531
517
523
523
531
521
511
532
522
521
521
531
532
533
525
535
534
533
529
522
536
537
528
538
527
532
514
523
513
526
524
527
516
528
518
532
520
535
524
529
538
545
545
539
545
552
555
532
546
537
543
543
520
535
541
536
527
514
530
526
519
534
525
519
531
533
523
532
519
505
514
527
520
510
502
515
517
511
519
510
516
512
518
512
519
513
512
524
520
509
521
508
489
489
502
508
465
476
504
493
489
499
492
472
495
481
491
504
506
514
501
493
513
500
455
494
508
477
460
488
502
499
497
508
497
497
509
503
508
502
500
507
506
498
505
493
505
496
501
500
494
491
500
491
481
480
488
486
497
503
503
497
485
498
501
481
502
504
505
505
505
496
503
504
495
511
485
491
503
506
500
509
502
499
501
487
481
492
498
505
493
502
492
501
490
492
486
497
490
491
497
484
482
494
498
485
503
496
502
502
514
515
528
517
536
527
526
514
533
514
516
524
532
515
522
513
523
517
523
523
538
526
517
526
536
546
539
540
531
541
528
522
541
528
529
533
546
539
547
537
546
528
544
521
535
543
530
527
541
535
520
516
524
517
496
516
514
524
511
524
518
510
495
490
503
516
496
500
489
504
512
513
503
520
500
512
501
504
508
502
495
502
498
520
502
514
503
512
514
516
506
485
522
514
509
515
514
508
516
508
518
517
523
514
510
391
511
433
522
409
400
462
374
453
470
432
426
487
394
432
472
474
487
475
490
474
484
477
490
475
488
464
471
468
462
469
455
469
460
450
228
464
421
313
410
228
311
227
225
226
224
219
452
440
212
215
187
177
463
169
159
136
337
148
129
98
153
268
86
227
231
392
224
382
220
367
349
127
113
95
222
204
202
357
403
373
218
336
344
301
127
154
133
132
150
169
183
184
198
198
210
203
220
220
235
234
251
250
269
268
283
283
292
292
302
303
304
327
327
342
342
355
348
364
364
384
384
399
399
405
417
418
427
427
443
442
445
445
458
457
475
466
466
493
489
481
492
464
502
496
501
500
493
483
499
490
493
500
488
499
497
477
485
490
501
480
467
486
503
487
486
490
489
483
462
473
451
491
489
501
486
473
465
492
485
479
484
484
485
490
489
494
495
484
502
479
498
500
476
487
475
490
479
487
469
480
486
468
485
475
487
470
479
481
483
471
460
481
480
490
484
496
486
500
481
499
497
502
502
509
498
503
492
493
510
494
503
513
510
517
507
511
502
519
511
514
507
514
504
502
511
493
499
499
514
500
508
500
502
502
491
517
490
463
473
452
501
509
495
471
447
487
453
473
500
486
492
473
468
483
473
480
468
476
458
478
484
480
470
436
437
434
433
479
426
423
450
462
439
435
456
447
452
452
456
458
440
449
462
459
444
418
427
424
426
453
453
464
472
478
450
465
466
477
477
455
474
478
489
462
481
475
465
468
478
480
469
479
463
441
427
456
456
467
454
472
472
485
487
487
499
488
497
486
486
495
476
495
491
484
494
507
496
506
498
495
501
488
481
500
474
484
497
485
484
470
483
485
478
477
466
444
484
478
425
403
412
471
446
492
436
468
455
436
434
444
388
405
355
217
320
74
376
420
277
287
262
255
365
463
234
243
212
193
184
139
169
176
81
340
76
76
73
407
300
271
252
202
406
345
76
405
303
215
333
372
82
3
16
7
14
7
13
12
18
21
46
32
44
9
24
17
12
25
24
47
17
45
49
15
38
21
19
13
36
34
3
7
7
24
25
20
55
50
70
44
23
46
43
23
19
40
42
68
71
39
3
3
5
21
9
25
23
8
4
19
23
40
41
67
82
104
102
119
131
142
143
177
186
201
207
214
216
207
224
236
233
243
240
245
249
247
251
270
263
283
283
296
295
293
302
303
297
314
296
317
316
333
333
348
347
348
370
372
372
392
388
405
404
421
419
420
441
440
456
465
467
463
454
457
467
489
473
491
493
482
495
493
489
499
507
504
518
498
488
508
510
499
503
485
477
492
504
498
506
502
513
507
514
496
518
516
504
512
511
520
522
527
516
506
525
516
507
523
525
523
533
518
522
522
537
541
545
533
543
541
544
549
536
550
540
547
535
540
546
552
541
554
545
552
544
558
551
568
566
553
548
556
533
556
549
556
567
542
558
560
568
550
559
535
547
562
552
542
558
549
556
548
554
552
553
544
556
548
555
543
547
541
548
532
555
537
533
550
521
527
536
536
530
536
527
535
528
531
543
534
532
546
537
535
528
528
532
512
509
540
519
535
519
531
510
520
528
526
529
531
520
517
519
526
523
515
522
528
515
509
512
522
514
502
520
512
525
530
517
526
517
522
517
501
519
511
503
507
491
496
499
483
486
499
495
495
479
493
475
485
499
487
500
491
502
493
501
494
505
495
496
439
405
403
383
380
373
364
355
353
350
343
329
332
329
425
316
273
264
268
269
265
261
263
250
247
246
237
228
227
217
214
206
203
194
474
294
455
396
290
449
489
432
320
406
306
497
327
468
307
3
10
13
24
19
19
28
26
32
41
37
54
47
32
21
11
34
28
50
36
13
4
10
21
13
18
32
47
60
72
54
74
85
86
109
139
179
194
194
202
200
214
191
196
216
209
223
225
233
237
230
244
243
241
249
268
266
268
248
249
302
302
318
329
330
331
351
350
354
354
382
382
395
394
390
417
417
441
440
454
458
459
479
480
492
493
495
489
501
493
489
502
497
510
499
503
509
507
495
509
512
504
513
512
511
521
530
521
510
510
522
509
508
522
520
522
512
509
515
525
518
529
522
528
535
533
519
513
526
532
526
518
518
521
517
527
521
522
538
525
533
519
539
526
535
521
524
531
538
515
525
538
532
544
527
533
529
533
525
532
531
516
528
519
512
513
524
522
510
512
505
503
524
512
519
510
518
513
508
518
488
351
349
344
338
328
328
320
369
488
490
195
477
134
457
319
285
269
359
279
250
433
244
414
204
194
186
174
392
420
140
107
498
378
381
458
295
249
221
211
466
409
159
121
306
227
148
260
8
6
18
13
19
27
38
20
11
35
17
11
3
3
10
3
5
21
18
28
27
26
44
17
42
29
24
4
2
4
3
23
17
24
26
29
32
29
19
42
30
42
42
49
43
59
12
56
23
36
19
39
8
7
22
25
29
16
26
22
24
10
8
6
21
21
32
33
50
65
65
72
76
36
93
66
64
55
66
41
26
95
77
79
76
80
67
53
11
24
33
63
61
87
92
123
162
165
163
173
172
182
184
201
199
211
202
213
217
215
234
233
249
240
245
268
266
277
275
273
300
300
319
319
337
337
354
354
368
364
373
372
367
156
327
369
371
368
372
302
270
367
265
245
367
258
227
221
201
372
184
169
164
149
126
334
137
372
109
73
344
83
318
368
285
370
372
233
365
366
190
353
98
102
308
290
270
215
363
119
276
109
104
120
114
115
138
137
138
168
167
186
186
206
207
224
224
232
230
232
264
262
282
281
296
296
313
315
328
329
344
344
355
355
355
379
379
396
398
413
413
433
432
449
448
468
468
481
482
482
500
496
504
493
491
503
484
503
496
493
500
499
501
477
486
500
499
490
481
476
502
496
494
484
495
489
470
473
474
480
489
501
490
489
489
501
493
496
481
487
504
509
497
488
511
505
501
489
506
506
506
523
507
509
504
508
509
515
502
501
512
494
479
504
488
497
497
495
495
501
491
506
497
500
505
503
515
514
512
522
512
517
506
518
508
520
509
513
510
518
505
494
494
465
486
484
504
473
486
491
500
494
470
463
483
500
490
485
496
477
493
492
492
492
500
509
503
516
506
482
491
498
491
494
497
483
504
511
500
496
494
500
487
481
492
488
498
505
498
498
502
503
498
512
499
511
510
489
509
500
485
492
469
496
461
489
469
518
518
513
506
495
509
494
504
505
505
500
509
501
492
503
508
507
503
489
502
501
501
506
501
509
500
501
518
505
515
504
516
494
408
281
483
237
198
164
347
335
306
439
425
422
268
284
256
247
413
477
209
185
157
141
501
120
131
457
93
100
82
164
326
435
308
410
250
201
451
148
111
377
334
283
467
399
71
384
235
299
271
66
149
56
65
147
33
64
32
23
63
61
36
34
30
29
59
61
17
28
26
39
38
55
63
59
87
100
109
103
107
120
123
191
187
191
199
190
186
197
226
221
226
226
230
219
231
215
253
265
265
253
271
272
270
297
296
314
313
328
329
348
355
355
352
378
377
395
387
402
402
402
427
419
427
249
395
342
351
334
307
421
269
294
253
246
415
428
228
202
402
210
405
419
192
171
156
116
153
121
135
97
89
428
360
379
342
284
323
427
277
428
427
176
161
426
105
401
426
363
226
364
419
113
339
82
81
343
80
80
79
83
82
81
97
81
89
80
78
80
90
81
112
417
81
82
82
81
98
81
80
82
80
81
100
81
111
82
80
341
83
7
5
3
3
8
8
24
20
16
11
20
35
45
59
68
70
82
87
86
106
114
83
88
70
103
106
58
39
42
30
26
88
98
113
67
43
116
37
59
102
28
4
3
25
28
45
39
57
54
28
24
23
20
35
51
45
40
79
70
82
19
14
31
63
54
38
39
49
51
40
41
42
45
52
45
39
46
50
38
49
40
61
40
47
4
17
18
26
10
24
22
24
42
24
24
39
16
47
28
20
31
13
49
35
38
18
44
34
51
34
45
44
41
37
19
54
16
17
38
40
51
34
52
32
22
4
26
24
47
46
47
49
106
129
143
134
145
156
181
180
180
194
162
198
172
204
203
216
214
232
230
246
246
257
251
260
273
274
272
296
297
315
316
332
331
340
345
357
357
362
373
373
376
375
368
365
363
369
161
108
180
314
313
312
305
289
362
270
252
259
366
375
210
192
185
366
360
166
147
135
360
110
370
344
358
312
281
242
233
363
217
207
129
121
91
367
302
361
363
82
218
31
130
143
139
154
155
153
166
174
167
195
206
195
205
203
232
232
250
249
263
261
281
280
297
296
314
315
330
330
346
345
359
357
371
371
388
388
404
410
422
409
411
426
462
404
462
473
419
480
453
420
452
465
497
486
482
484
461
479
472
503
483
472
477
462
485
475
481
488
466
465
474
470
480
470
474
464
472
470
454
470
459
471
467
465
474
470
464
476
467
468
467
495
500
498
485
493
471
491
500
492
493
493
480
489
483
491
488
502
495
498
507
502
476
500
494
489
491
498
492
507
500
512
489
502
490
492
494
486
479
495
519
496
496
509
504
494
506
493
484
502
509
489
492
501
497
494
479
461
477
486
473
471
486
469
492
486
491
480
487
473
0
484
471
453
491
466
489
22347
22360
22352
22356
22334
22367
22387
22387
22364
22422
22412
22422
22413
22393
22410
22408
22407
22411
22393
22355
22379
22345
22257
22311
22305
22364
22298
22268
22337
22374
22397
22237
22336
22321
22378
22351
22279
22248
22328
22320
22248
22430
22428
22430
22478
22472
22463
22462
592
22478
22477
606
608
638
666
663
657
628
625
605
608
603
654
658
651
649
650
610
612
625
625
497
641
502
502
502
533
547
546
533
566
567
584
583
608
620
619
620
625
620
609
620
655
664
619
607
622
611
626
608
619
625
576
569
574
574
566
568
577
596
586
545
539
541
553
543
524
534
537
543
534
540
542
553
539
540
555
547
553
543
538
553
538
548
543
537
531
541
543
520
520
540
532
533
551
530
543
530
547
528
543
527
535
529
538
528
529
541
538
530
525
530
517
529
520
531
519
537
528
534
539
541
519
525
530
522
506
532
511
522
507
528
521
525
517
517
526
516
516
531
517
523
516
517
504
522
509
525
507
498
514
502
512
511
502
511
498
509
503
508
498
505
495
500
507
483
501
503
494
501
506
490
488
492
497
499
491
498
499
483
490
503
500
494
519
513
515
521
517
527
526
521
540
524
528
539
523
524
530
511
526
521
515
517
527
528
521
526
515
529
527
522
534
523
518
527
518
517
510
513
527
519
529
522
531
525
522
534
503
521
527
527
518
520
498
494
501
491
502
500
489
483
490
484
485
487
476
486
479
487
465
480
480
489
428
387
99
341
354
135
284
462
420
472
279
394
270
399
459
272
242
235
487
218
226
202
200
185
149
182
450
438
116
96
322
301
298
268
374
211
360
162
131
119
349
340
309
165
248
146
408
350
390
315
49
49
62
46
78
377
69
49
49
49
48
47
60
44
44
45
68
51
97
154
45
68
55
62
48
48
47
8
21
19
23
27
27
25
36
46
23
53
47
12
35
17
32
26
11
12
26
13
45
34
44
14
32
28
24
32
34
5
18
10
11
3
17
8
8
2
3
5
21
20
37
62
52
72
54
73
85
28
64
85
97
38
31
84
43
18
95
81
61
42
26
3
5
4
5
14
9
13
11
7
36
11
3
4
17
26
35
33
48
60
78
77
87
102
119
125
132
123
141
93
87
89
89
103
102
94
136
124
144
132
120
91
90
121
88
132
90
102
89
118
88
99
89
7
9
16
15
20
19
19
6
19
18
46
49
75
86
85
99
102
108
117
128
127
147
188
209
208
226
224
243
241
254
251
264
266
266
264
283
274
283
274
293
298
310
304
317
308
322
320
329
335
344
345
363
364
382
381
397
379
393
294
392
157
378
394
366
355
328
308
296
384
279
397
250
257
248
383
209
202
398
381
165
147
177
382
382
105
79
400
84
393
371
341
336
272
260
190
222
126
97
389
381
116
381
320
184
137
370
352
102
104
106
84
83
77
77
75
82
82
85
102
83
127
82
83
75
103
74
104
155
103
72
74
74
92
73
75
86
83
148
74
94
75
105
115
74
91
81
95
4
2
17
8
8
27
43
24
36
42
53
71
44
38
44
51
43
39
43
45
44
48
68
39
44
45
4
16
19
18
27
27
52
51
61
62
75
87
101
92
90
34
58
63
45
38
39
51
72
47
97
88
76
84
20
17
15
15
13
18
14
22
81
74
71
93
43
49
33
22
93
37
71
36
7
21
19
8
24
31
25
27
6
5
4
29
44
20
29
31
46
50
33
17
35
50
18
43
7
9
10
6
6
4
10
12
9
15
12
13
4
8
4
13
14
15
24
25
22
34
25
7
3
16
8
15
6
4
5
10
4
6
3
7
12
24
23
35
31
33
31
50
31
14
35
47
27
8
3
6
7
5
22
20
10
8
12
33
24
31
49
36
44
61
56
65
70
70
72
57
51
81
90
109
118
117
116
165
104
125
92
103
72
69
105
66
70
122
72
71
70
160
92
69
123
69
68
70
76
66
66
78
71
101
70
71
69
67
112
101
68
68
6
2
6
32
10
12
14
9
4
5
7
22
30
26
24
17
42
69
78
66
74
96
95
96
124
122
128
164
167
169
171
166
167
153
165
143
145
112
108
164
92
98
103
108
114
105
92
140
132
147
118
107
148
101
113
106
111
116
6
16
32
28
42
29
27
33
32
30
25
5
13
10
5
3
7
7
21
3
17
23
43
40
43
49
54
52
71
99
99
122
120
117
126
113
61
134
130
110
80
84
105
94
39
49
51
107
89
64
122
65
59
90
60
91
3
21
20
36
46
57
71
71
78
84
93
100
97
90
109
105
109
119
130
130
122
65
78
105
120
116
86
114
106
102
116
121
111
126
104
86
67
61
63
44
13
39
48
15
4
4
3
17
15
16
31
40
33
37
22
29
9
16
20
24
44
36
55
21
26
31
8
7
14
6
40
42
23
41
58
42
60
68
26
15
58
49
39
24
28
30
10
9
30
24
41
38
21
57
69
62
82
85
62
68
75
43
38
59
18
73
16
56
36
22
33
40
4
3
4
5
23
6
19
32
18
31
23
20
17
44
37
42
57
23
36
5
5
16
17
18
14
28
26
24
20
22
5
30
43
43
66
64
88
99
109
122
114
135
51
81
114
69
105
71
58
108
110
85
51
103
133
83
131
111
60
36
36
85
8
18
14
20
6
5
3
4
16
17
7
12
26
41
40
53
66
70
74
73
45
42
30
46
55
25
23
72
77
54
27
32
78
4
5
13
15
21
12
24
4
18
19
18
42
63
62
23
36
25
32
39
20
37
39
56
22
6
4
18
7
31
9
20
3
4
21
33
22
23
19
20
31
9
6
21
28
18
15
6
14
12
45
44
65
67
86
83
75
91
90
93
76
58
79
71
89
53
39
51
77
48
55
75
5
6
13
6
21
12
10
28
39
53
50
58
62
49
57
60
34
44
61
24
46
36
93
93
100
15
91
87
18
28
4
4
28
22
39
53
50
75
43
55
57
56
41
73
70
89
72
66
73
67
79
52
56
4
10
22
18
7
6
7
18
14
19
17
20
31
34
37
29
28
11
19
23
21
40
36
40
55
61
74
93
94
111
104
118
118
102
110
119
80
103
71
63
102
59
24
48
51
98
45
112
87
84
4
15
25
32
41
35
56
39
32
15
18
15
29
54
51
7
7
5
19
29
12
19
20
22
22
12
25
26
58
15
44
23
59
56
46
20
42
31
4
5
3
34
50
64
64
77
76
87
110
108
130
133
147
149
163
157
177
190
209
191
187
202
160
139
126
184
195
112
112
109
167
136
127
207
114
113
190
115
166
118
164
119
148
110
195
146
116
114
193
117
101
145
172
114
113
111
208
110
138
186
118
111
103
186
113
16
20
27
27
17
24
55
68
35
24
35
37
36
36
24
24
38
38
41
38
36
9
22
30
37
39
46
45
62
62
75
93
97
107
186
206
204
200
222
218
228
223
218
248
247
264
266
274
276
280
289
274
291
289
304
303
320
321
342
343
354
366
366
384
384
403
402
418
420
436
433
432
433
438
441
438
431
430
441
438
437
424
420
415
416
411
405
407
391
393
376
369
364
358
354
347
344
344
338
335
327
323
315
309
308
300
291
286
277
273
265
266
255
249
440
443
432
441
440
4
5
5
19
13
24
34
34
48
54
69
69
83
94
78
93
98
109
117
111
116
113
80
60
83
70
85
34
50
100
34
73
103
36
72
82
6
9
10
4
4
19
31
26
18
18
24
32
30
11
22
32
48
48
60
51
72
73
84
83
102
102
113
91
103
94
102
99
122
131
127
140
171
170
180
215
210
212
233
219
227
230
197
213
211
221
222
212
220
221
233
226
225
150
69
206
227
233
200
202
195
198
219
210
195
194
173
160
209
166
127
117
115
206
95
187
231
69
232
208
228
229
205
204
201
223
231
197
197
222
221
231
103
140
194
195
148
87
192
206
283
155
308
122
125
139
137
157
156
171
170
187
187
203
202
201
227
228
245
245
244
263
267
266
276
277
294
294
300
302
302
319
329
315
341
341
362
362
363
389
388
402
415
402
431
430
451
431
453
415
478
479
479
501
486
500
507
495
498
485
507
502
493
506
503
522
502
517
501
505
506
511
499
497
500
513
500
510
508
502
509
512
495
508
513
524
502
501
501
514
508
511
507
513
498
516
522
511
518
498
503
491
491
485
503
496
498
490
502
495
506
499
498
501
494
500
494
488
499
497
478
489
489
500
498
490
493
500
485
498
494
498
492
485
494
492
484
476
488
466
484
472
477
473
475
471
482
477
483
485
485
497
479
489
494
496
491
491
502
499
494
499
499
503
492
501
490
483
498
490
468
497
491
505
495
485
468
474
491
458
488
467
433
472
504
479
486
446
482
445
495
483
494
495
499
506
497
503
494
480
490
504
497
483
488
495
487
493
491
488
487
487
469
479
486
481
491
482
488
478
496
490
500
495
510
512
513
516
515
504
502
520
518
536
534
456
465
404
535
493
111
346
321
335
443
288
421
299
533
282
419
224
256
219
188
178
165
161
149
449
366
243
133
533
91
84
442
317
272
237
205
376
382
141
358
97
458
306
200
118
267
391
359
92
27
28
50
50
58
57
130
148
149
155
165
155
163
191
190
207
207
195
209
210
194
196
223
196
212
259
261
276
275
289
289
301
303
303
302
303
301
301
302
357
357
374
373
391
391
415
415
431
441
441
459
458
466
466
478
483
480
485
501
490
485
490
494
489
491
498
485
491
414
349
335
428
454
187
483
141
91
309
294
457
261
465
271
378
249
242
299
217
223
206
408
195
441
166
153
341
341
124
124
106
325
455
277
453
383
233
206
347
467
161
135
342
109
321
171
340
404
424
47
54
63
92
108
120
141
141
159
160
177
172
189
190
192
213
214
228
228
248
237
247
238
234
237
238
292
292
300
300
313
313
333
332
350
350
366
363
366
385
384
399
400
409
409
424
423
424
444
444
463
465
465
490
490
507
503
511
506
514
504
514
501
501
491
496
507
500
512
498
513
494
512
498
510
511
521
523
511
527
528
536
519
523
516
508
517
524
526
511
523
519
518
526
528
528
517
528
533
518
521
532
526
519
525
520
511
521
510
521
509
522
512
523
530
541
524
539
519
527
521
511
497
517
510
499
521
513
505
504
497
490
503
498
498
498
492
508
498
506
493
501
503
503
505
496
480
494
486
492
483
488
474
495
492
491
491
498
500
503
493
502
495
501
492
502
494
484
496
501
499
511
487
477
474
452
498
466
492
464
506
504
505
499
507
498
507
490
404
389
444
490
256
113
333
437
304
431
290
470
274
412
251
237
245
208
202
456
392
147
144
143
133
152
105
93
350
361
322
298
278
418
221
196
184
145
142
483
342
485
315
367
122
459
403
