139
115
177
197
184
112
184
247
248
317
347
371
371
434
410
343
398
319
435
411
517
531
533
532
619
515
695
618
696
721
725
696
730
728
765
767
786
785
809
821
819
854
853
730
812
893
893
926
926
924
954
954
983
982
1005
1002
1028
1013
1008
969
972
979
966
971
975
961
965
981
967
895
923
926
933
937
875
953
816
832
828
811
817
800
788
806
814
802
801
796
809
813
804
803
817
802
758
750
791
749
740
759
744
745
732
715
747
753
739
724
744
742
753
746
733
748
735
740
722
721
736
707
710
737
699
726
720
702
724
714
705
707
691
736
736
717
726
697
715
706
735
694
713
719
722
706
711
724
738
732
694
719
709
722
731
718
722
706
732
720
717
733
713
721
713
721
715
700
726
728
725
730
731
745
723
737
752
740
740
738
746
756
747
716
739
731
733
732
726
718
718
736
722
731
719
730
727
723
701
682
710
728
721
728
738
733
724
715
721
703
714
724
726
732
715
714
725
698
732
706
716
707
682
711
696
707
699
709
712
732
723
748
735
715
740
713
742
727
733
747
717
733
740
742
739
746
728
743
711
718
720
726
734
739
719
716
734
703
727
737
718
680
691
706
721
734
737
727
743
736
726
682
694
726
704
731
716
727
696
723
694
703
672
693
706
728
723
732
745
736
745
733
733
756
755
754
739
755
735
743
766
754
778
758
754
766
746
774
753
766
766
747
754
735
742
725
743
740
740
741
740
742
706
694
722
719
730
730
717
735
712
705
681
718
665
671
666
659
657
671
657
668
647
655
650
629
657
640
649
655
636
636
645
621
642
634
642
646
634
643
632
636
636
630
623
604
631
637
636
626
637
642
633
655
638
659
630
638
660
646
662
584
646
632
647
576
446
442
444
431
420
416
416
403
393
389
382
376
378
373
368
350
346
347
332
319
318
315
303
299
295
287
280
276
263
252
512
496
485
458
575
553
623
550
531
540
616
507
600
466
6
3
19
16
30
59
64
88
99
3350
3349
3370
3369
3392
3391
3418
3415
3434
3422
3440
3455
3456
3453
3442
3496
3496
3485
3521
3520
3535
3535
3553
3552
3556
3585
3585
3611
3611
3633
3633
3661
3661
3685
3686
3712
3712
3735
3735
3753
3753
3768
3779
3777
6043
6043
6142
2977
2932
2801
2902
2920
2880
2870
2856
2959
2947
2994
2985
2994
2966
2798
2888
2853
2836
2926
2793
2836
2729
2715
2848
2666
2615
2871
2778
115
2814
2803
359
349
2908
2814
248
2709
160
208
2861
119
2771
2744
2685
2887
2657
2700
2632
235
156
116
102
2755
2639
2626
2898
254
119
2649
340
376
376
304
390
317
330
331
341
352
351
343
278
276
291
300
246
260
260
282
281
296
297
297
322
322
340
340
351
361
361
376
375
374
390
389
414
414
428
437
433
451
450
471
471
483
486
485
511
510
521
527
536
529
540
521
537
531
525
532
537
543
519
524
524
518
525
504
507
519
516
510
510
511
524
514
513
523
532
520
529
525
538
538
548
532
544
516
531
513
541
528
506
494
559
557
555
558
564
533
557
554
566
564
575
564
570
562
568
579
588
582
585
597
590
602
595
590
584
571
590
604
596
585
607
611
615
606
618
615
612
612
628
616
611
616
613
611
621
586
612
584
583
597
596
603
594
596
585
567
576
595
586
581
567
579
584
580
569
555
544
563
556
574
564
551
532
509
529
523
527
504
518
518
525
528
513
524
516
522
526
498
517
508
516
516
523
516
506
529
523
507
511
527
521
506
517
508
519
509
517
518
521
503
520
514
518
525
521
531
539
515
517
526
525
518
515
548
541
547
520
538
538
551
536
542
555
549
539
536
554
542
530
520
529
535
524
525
533
532
534
527
539
532
532
513
528
516
508
483
498
491
535
516
509
501
504
515
502
498
410
435
434
400
514
366
347
478
335
300
291
426
267
217
488
203
206
416
385
358
461
380
274
258
250
318
235
472
338
272
226
395
315
380
388
389
388
393
383
400
405
411
400
173
143
147
322
149
136
387
408
129
142
109
107
131
150
129
148
129
149
128
365
142
117
118
371
117
116
116
108
107
107
407
106
130
115
137
138
388
140
133
146
150
150
138
216
102
111
139
120
100
71
138
112
114
108
99
109
134
98
90
86
88
89
111
83
77
113
75
84
112
136
92
170
85
169
73
113
93
76
106
136
277
295
296
328
355
356
378
378
402
402
420
420
398
301
268
242
257
273
266
287
286
302
301
318
318
319
337
337
360
351
365
366
361
364
382
383
401
402
403
425
411
423
425
424
413
428
412
412
421
426
425
414
481
538
533
530
544
549
529
549
532
539
531
542
535
544
541
541
531
541
522
538
533
538
536
535
531
544
519
522
538
501
513
510
529
530
529
523
531
508
490
470
489
502
500
491
509
516
497
528
525
547
548
560
547
557
547
553
539
529
550
546
504
543
536
515
496
528
541
535
544
530
530
547
548
561
544
553
553
557
557
558
590
587
587
576
592
589
591
569
589
604
592
585
598
592
594
610
591
600
597
601
598
596
588
606
593
593
572
570
601
473
457
504
447
398
504
353
344
339
330
324
319
313
315
289
287
277
270
264
260
239
211
404
414
427
583
250
511
233
362
223
550
201
157
501
434
554
494
490
398
399
459
168
478
194
186
3
2
6
24
7
27
9
37
55
95
78
74
78
79
78
81
80
81
70
79
70
81
78
70
86
71
74
76
78
78
71
76
81
78
72
71
80
77
78
70
9
9
6
10
5
5
17
4
24
20
29
21
47
58
56
49
39
54
30
48
55
38
8
6
9
7
8
7
15
26
27
32
50
46
54
54
54
65
66
61
74
164
174
158
165
174
173
171
175
189
190
202
200
215
213
223
224
223
225
225
224
223
288
287
304
305
322
323
336
335
357
356
373
365
382
379
398
398
414
415
432
432
452
452
464
479
481
480
465
511
504
519
515
524
515
510
521
513
527
510
526
506
514
507
518
506
506
490
507
501
509
507
516
515
503
509
515
520
509
504
519
505
486
499
487
498
505
494
506
494
498
502
493
496
497
498
498
507
497
510
504
496
508
487
499
505
490
491
505
498
499
492
485
495
487
488
502
502
485
473
496
485
486
497
502
495
488
479
495
501
494
507
505
508
484
502
505
503
494
504
497
505
505
501
505
507
488
480
474
497
478
491
489
475
475
474
499
486
497
486
487
506
507
506
495
496
506
511
491
508
502
507
495
509
501
483
493
509
496
500
508
495
506
508
500
513
502
482
476
506
491
512
505
513
504
516
507
525
523
533
525
521
517
508
512
519
512
502
508
524
526
516
515
522
514
518
519
503
508
517
505
499
514
522
511
511
525
508
528
520
535
519
535
510
527
531
518
509
504
504
510
517
517
509
511
515
513
494
501
508
508
499
509
511
513
487
500
501
481
478
487
497
499
490
504
494
500
498
416
448
432
470
436
466
458
392
416
481
407
497
491
481
477
488
485
485
502
490
506
505
495
504
500
498
494
509
495
496
493
487
503
505
512
510
492
503
500
494
502
495
509
507
498
494
507
503
504
501
479
494
492
481
465
466
458
455
489
488
508
507
519
514
503
509
514
506
515
504
514
505
520
513
510
521
513
521
520
512
521
507
523
510
517
481
508
501
508
511
508
500
524
516
523
515
534
516
522
516
525
520
532
520
536
528
535
521
531
509
524
515
525
509
517
523
511
521
509
516
512
494
506
512
499
507
490
497
481
494
504
490
509
499
510
509
483
493
517
509
508
499
486
504
497
515
503
509
504
518
493
500
499
501
495
470
483
489
469
488
488
503
493
495
504
505
486
492
499
494
496
497
495
497
491
518
517
507
526
508
503
502
513
506
505
510
491
508
499
510
502
503
499
492
493
504
501
503
491
506
504
513
511
513
514
524
519
510
507
498
508
509
497
493
495
477
503
500
494
495
508
499
499
505
507
505
493
485
491
461
468
483
479
448
451
474
477
475
468
475
483
476
467
480
463
469
465
451
460
460
450
460
454
446
454
449
453
457
454
460
448
463
459
467
459
448
469
459
465
450
460
461
468
468
463
453
469
470
469
476
463
455
473
477
489
484
482
476
493
488
482
491
485
498
477
482
488
487
493
471
487
497
473
455
465
439
418
406
436
402
488
447
492
484
455
459
472
457
464
450
455
444
460
451
442
454
455
456
471
460
467
472
456
450
459
437
458
441
439
460
439
452
10462
10459
10482
10473
10509
10501
10508
10490
10487
10495
10518
10507
10456
10466
10473
10477
10493
10492
10504
10504
10519
10518
10512
10527
10525
10526
10590
10584
10585
10584
10585
10592
10594
10679
10679
10688
10669
10670
10677
10675
10673
10682
10668
10681
10679
10678
648
10677
10663
734
719
718
714
724
688
693
682
608
550
541
621
673
282
651
446
435
583
653
567
418
619
570
317
552
309
266
277
244
650
530
608
587
632
454
427
301
543
236
412
293
462
256
454
460
474
462
423
406
466
441
465
447
459
465
451
431
473
453
453
324
366
370
304
367
394
394
411
420
420
410
444
455
454
471
471
488
488
505
504
502
527
527
543
544
543
544
543
543
546
545
546
544
600
609
606
592
604
591
562
558
566
545
553
559
535
557
545
551
549
502
553
514
502
500
505
493
499
500
494
485
481
481
507
491
496
496
485
495
489
489
498
486
445
488
471
462
462
481
482
498
498
518
513
523
512
528
512
521
510
521
511
522
523
501
508
509
521
521
510
503
525
516
521
516
524
519
526
524
524
519
536
529
521
514
522
503
518
510
495
512
507
512
508
512
511
503
511
487
502
494
488
500
502
491
503
488
498
493
504
500
481
491
491
469
499
478
489
473
491
491
498
486
498
487
498
486
492
499
495
496
498
490
492
506
496
496
503
495
484
491
503
493
504
486
492
503
500
495
509
505
511
511
488
500
499
506
509
494
493
499
492
507
495
503
499
520
519
513
502
516
505
502
513
506
510
516
515
534
517
519
526
526
520
530
524
532
524
520
529
547
529
539
537
529
527
519
527
539
534
543
535
538
534
545
547
540
548
532
548
545
415
286
453
445
424
505
406
515
374
365
339
310
532
329
289
292
260
492
234
435
525
391
352
298
263
476
222
463
389
331
544
243
488
426
429
422
431
439
459
448
452
467
467
470
462
457
459
468
465
464
438
337
335
318
317
331
333
348
319
346
319
346
346
352
362
358
374
373
376
376
393
386
403
403
419
419
436
436
453
449
458
457
471
471
490
490
508
507
506
495
519
502
497
487
511
498
486
431
351
443
423
477
397
379
465
360
507
351
498
407
469
369
415
453
377
473
463
469
501
453
483
443
479
473
455
461
476
469
461
466
476
474
461
469
475
473
479
478
466
488
478
487
486
489
478
487
464
481
423
414
413
409
409
428
427
448
446
465
466
487
487
506
505
485
523
507
523
523
523
543
544
523
552
538
551
564
559
573
566
565
565
575
578
573
562
538
574
551
550
558
564
552
543
560
552
545
554
549
541
527
533
543
539
532
526
540
520
536
514
518
531
521
500
515
512
504
517
502
465
382
374
373
362
488
432
296
271
457
157
172
314
305
408
395
427
474
262
248
357
390
224
214
381
208
189
336
321
186
336
509
445
284
263
232
336
334
480
240
278
203
348
394
405
399
408
400
296
221
181
187
185
197
190
207
206
223
223
234
236
234
257
256
258
288
286
299
301
322
321
322
339
337
340
339
339
340
389
389
408
421
407
422
438
440
436
438
460
467
460
478
478
477
515
505
513
518
515
517
523
484
521
496
509
502
526
521
511
529
537
549
532
536
548
537
540
516
529
535
543
517
507
506
522
529
547
529
548
557
559
553
541
558
521
562
552
552
560
558
551
566
557
556
560
554
555
544
557
558
541
549
532
513
531
531
547
539
554
535
530
538
536
530
536
514
526
511
529
526
506
502
518
517
536
517
516
527
513
510
473
451
497
450
490
509
502
523
505
530
518
526
516
529
518
527
522
510
524
533
529
536
533
551
537
530
489
518
431
464
479
375
351
312
290
282
271
464
388
493
506
318
319
536
311
546
428
397
254
267
547
458
216
208
226
392
449
331
443
513
430
392
237
362
318
248
182
441
192
412
472
482
493
482
497
488
402
296
229
220
257
255
251
251
269
270
288
287
306
307
324
334
335
352
343
365
364
380
379
381
379
408
408
430
428
444
443
445
471
472
490
489
542
553
538
541
552
539
590
589
607
611
611
604
603
611
588
579
566
605
598
577
551
469
461
448
409
365
349
331
492
526
149
561
428
341
322
301
238
246
407
238
395
238
212
192
181
520
385
312
434
395
484
169
164
510
388
358
539
458
229
319
253
499
501
421
542
248
249
289
287
245
224
217
237
235
251
252
265
264
262
262
299
294
309
312
313
333
332
357
356
360
378
379
401
401
419
419
437
438
457
457
475
486
487
495
494
509
508
522
524
535
537
551
549
561
549
568
566
563
556
568
560
546
564
557
570
569
567
570
576
567
581
574
580
578
560
576
585
570
575
553
568
587
576
570
569
578
575
565
567
563
568
579
576
562
565
567
578
574
583
584
568
586
574
581
561
571
585
575
563
570
572
591
584
597
585
593
585
596
586
600
585
600
594
592
593
606
581
591
608
592
611
609
582
599
603
605
608
609
606
605
612
598
580
598
595
590
596
585
604
597
597
604
590
581
598
617
615
621
613
621
619
589
597
573
584
598
597
559
580
567
585
569
580
574
575
547
550
570
551
563
571
564
554
567
554
508
568
528
514
551
531
545
520
496
467
479
483
533
545
518
554
508
514
525
505
518
515
521
522
518
535
524
525
531
526
538
525
542
542
531
560
536
528
530
519
543
538
515
544
544
541
547
550
541
534
515
533
514
521
526
544
544
546
544
539
511
543
543
563
562
575
585
585
599
588
599
586
598
589
585
600
584
570
599
595
577
589
576
578
574
569
584
592
591
576
603
590
595
577
590
591
600
599
597
614
602
603
597
582
605
591
606
586
579
541
548
596
560
566
561
548
556
554
550
571
561
559
540
561
546
566
550
552
557
560
547
557
551
562
564
567
564
563
555
573
561
570
573
557
566
565
573
552
556
545
551
564
558
572
557
558
563
562
568
571
541
574
575
579
583
591
588
559
582
566
579
572
589
573
566
581
557
572
564
554
559
569
553
570
559
578
538
574
509
519
492
529
555
535
531
536
517
531
533
540
532
534
524
514
535
528
542
540
524
534
537
526
531
524
525
535
537
526
531
525
535
534
531
542
544
535
549
546
539
550
548
538
526
542
532
524
537
503
500
502
533
529
554
549
559
555
563
554
566
568
572
556
545
549
525
556
535
541
527
556
550
556
544
545
556
539
549
549
542
551
544
552
537
552
537
552
541
528
537
544
543
524
523
535
533
532
524
542
533
538
526
521
491
515
508
505
543
533
525
524
512
531
544
531
542
524
534
546
520
526
538
539
523
533
484
516
518
531
494
522
511
533
532
531
530
521
516
513
528
511
528
533
530
528
541
533
516
542
536
525
526
537
543
536
556
555
558
530
536
538
534
537
515
522
531
523
530
532
510
531
527
532
512
519
528
513
534
534
535
545
533
547
538
543
547
548
557
543
562
537
525
550
551
543
543
534
548
556
548
559
544
549
562
555
547
549
542
548
544
554
547
557
544
558
553
565
551
556
567
569
548
560
550
570
567
564
562
549
561
563
565
559
548
522
534
545
506
517
552
494
548
533
551
545
542
550
550
538
538
547
534
541
551
534
539
545
551
541
539
550
534
545
545
533
548
531
541
540
537
534
524
532
537
529
527
527
514
535
527
551
549
545
560
541
531
526
538
536
554
555
566
553
545
565
557
570
555
565
559
565
557
558
562
560
558
542
554
550
540
549
553
566
544
547
542
543
549
544
548
552
549
548
545
549
545
559
530
558
523
518
520
527
520
527
525
513
526
520
525
515
526
520
515
501
528
522
512
523
512
525
520
536
518
522
522
532
526
532
534
530
519
532
521
533
521
532
524
532
524
532
528
531
520
534
527
521
537
538
531
542
530
537
526
535
529
539
538
535
529
536
518
535
531
524
522
536
528
528
535
521
532
510
487
491
529
475
518
508
515
509
515
515
508
515
504
516
514
518
514
512
498
512
507
521
518
500
499
492
488
510
508
509
503
499
481
487
501
494
493
499
505
507
512
503
498
511
511
498
487
508
506
498
470
481
482
499
498
513
511
517
509
519
507
518
515
508
500
518
505
517
511
509
505
515
506
509
499
522
511
505
514
513
515
492
521
502
512
501
510
499
510
509
502
513
505
506
501
507
501
505
513
504
499
509
518
507
516
510
512
505
517
509
517
520
510
518
512
508
501
507
513
507
516
506
508
514
507
519
515
522
523
504
514
528
517
527
533
518
528
526
517
526
517
521
530
516
520
514
513
529
520
511
526
525
513
534
538
526
544
530
530
540
512
528
519
539
527
518
536
543
536
538
552
543
539
546
536
549
532
534
544
544
537
542
516
515
539
541
527
542
534
540
539
539
542
535
542
529
525
520
505
536
535
521
533
512
515
507
513
480
500
501
480
491
502
516
493
486
503
496
489
488
499
500
493
501
499
503
497
492
501
487
499
495
494
490
504
478
489
497
489
492
473
492
475
480
490
469
493
481
488
482
492
486
493
487
494
489
498
488
457
453
448
489
474
448
476
468
466
497
482
493
484
492
486
479
491
475
458
488
469
483
475
487
481
495
480
485
485
487
485
487
491
492
491
498
503
492
488
362
224
475
362
464
385
450
339
337
335
307
295
289
259
315
251
492
223
426
412
429
359
437
326
282
270
470
408
502
337
221
339
429
448
442
446
450
456
451
459
459
466
457
462
463
452
446
466
412
310
451
339
271
268
289
289
309
308
322
322
339
338
358
358
377
376
392
393
410
409
423
416
423
448
447
466
466
485
484
503
502
502
515
517
493
508
520
507
460
499
487
445
344
388
382
218
194
326
459
302
310
420
290
272
388
262
254
483
235
234
201
468
350
157
146
428
333
438
321
283
376
377
186
168
412
363
256
238
175
405
414
407
421
406
421
410
349
348
265
220
211
220
221
224
224
249
247
265
265
278
278
275
295
295
313
313
327
327
339
340
337
363
365
364
381
382
393
397
413
413
399
431
430
449
448
470
470
476
477
484
489
486
490
488
484
488
491
467
492
480
494
486
494
492
475
494
485
474
469
481
486
499
492
496
491
470
481
476
497
477
479
494
496
490
478
508
496
504
510
496
497
504
508
497
504
494
502
493
495
494
507
506
498
508
502
506
502
511
509
500
507
512
502
502
500
511
498
514
498
506
524
490
501
503
501
495
512
513
491
505
511
507
519
527
524
523
519
524
515
510
522
512
512
523
519
518
522
529
519
526
525
524
531
530
521
532
525
531
535
527
532
526
523
536
530
525
529
511
519
516
526
513
513
528
522
530
515
530
513
529
523
518
511
516
510
521
515
521
514
528
529
506
520
511
492
499
504
495
508
495
502
493
490
498
497
490
473
495
485
484
484
492
487
480
484
485
479
475
484
487
477
498
495
492
488
493
492
495
485
492
482
496
485
490
493
476
493
489
486
488
478
466
460
485
493
478
502
495
495
487
503
494
491
502
503
490
509
509
500
502
512
504
513
505
508
510
515
522
504
514
528
505
504
510
512
506
500
467
456
512
481
491
462
488
495
489
488
488
495
501
504
491
476
493
486
493
502
499
492
482
498
505
490
494
477
482
495
485
476
493
494
488
495
478
487
497
489
497
481
492
498
482
499
483
494
489
453
489
474
474
491
492
507
508
519
513
509
519
522
529
521
498
513
510
504
495
512
501
495
504
509
500
512
495
499
509
506
503
515
515
516
507
512
519
522
508
520
511
510
523
525
519
519
520
513
509
524
505
515
502
493
516
501
508
504
505
514
510
505
500
499
496
505
505
528
509
522
506
511
509
516
511
512
512
513
514
508
510
515
514
502
506
500
503
497
499
491
495
490
487
494
486
475
487
471
494
490
494
492
504
495
494
469
501
483
490
489
470
493
482
486
502
506
508
479
490
489
459
473
482
457
487
490
479
475
470
467
489
480
480
469
463
487
500
487
496
486
496
486
492
477
483
433
494
451
504
462
469
439
501
475
473
485
465
479
465
482
474
459
480
461
463
480
467
475
474
476
466
466
481
485
485
494
483
494
494
501
509
503
494
509
501
505
498
512
498
507
501
509
496
506
504
489
504
482
481
480
486
495
498
498
515
509
511
511
521
508
526
517
524
509
515
522
521
527
524
513
525
513
502
524
523
508
501
516
507
514
507
500
511
506
512
470
488
481
503
498
488
503
496
495
496
499
494
490
488
492
481
484
493
476
481
480
491
488
480
494
486
493
492
485
501
486
484
458
438
413
494
339
445
328
313
301
295
360
424
289
269
268
374
261
450
217
211
387
187
380
198
366
468
347
310
388
405
235
247
205
177
474
280
228
374
363
383
413
418
437
427
418
430
439
434
430
378
299
246
263
264
255
277
263
272
273
283
290
289
299
299
315
315
330
320
322
344
343
342
367
366
380
383
382
402
404
408
424
421
423
443
443
461
445
459
461
470
459
425
444
470
470
454
479
488
479
485
472
483
470
480
472
475
475
482
490
492
484
480
473
472
496
487
500
483
504
499
498
505
512
505
515
503
515
515
525
510
522
515
527
519
527
517
526
532
540
519
520
494
514
510
529
530
538
545
556
535
541
547
559
544
559
541
555
540
554
536
552
543
542
535
547
544
545
538
545
538
543
534
542
536
537
539
531
538
519
539
525
531
525
524
535
534
524
531
525
531
524
531
520
525
519
532
520
521
538
529
537
518
540
525
518
515
523
523
503
515
503
518
506
506
513
517
504
515
502
515
503
513
499
502
509
502
517
506
518
505
516
516
507
512
516
505
517
514
497
505
513
507
494
512
506
513
506
500
501
495
503
497
506
496
505
499
498
513
501
508
511
500
511
511
506
509
502
511
505
511
509
507
513
22409
22440
22431
22403
22424
22386
22336
22346
22326
22349
22174
22299
22357
22288
22286
22284
22393
22257
22239
22222
22205
22191
22185
22185
22164
22416
22325
22416
22310
22307
22250
22233
22270
22200
22332
22156
22145
22363
22371
22377
22216
22431
22428
22431
22444
22449
22437
22446
22436
579
538
419
429
321
285
273
285
285
301
301
325
324
336
336
360
360
381
380
403
403
423
423
445
443
444
467
469
465
495
494
519
518
554
572
553
573
598
597
616
616
644
635
637
646
646
635
649
648
617
631
640
650
637
652
640
653
641
658
648
660
655
645
660
657
655
649
658
649
654
641
657
650
660
658
669
652
661
658
673
666
650
669
646
658
663
657
658
653
663
656
656
648
655
645
641
652
655
665
656
653
654
657
666
650
652
666
663
649
648
654
648
656
632
661
641
635
613
642
628
644
628
641
625
640
628
633
624
637
622
633
621
622
613
618
611
606
621
614
599
609
598
615
599
583
608
598
607
594
605
598
597
609
603
593
601
588
600
591
603
591
601
599
608
594
606
615
617
608
617
614
623
632
625
633
624
631
629
630
641
621
640
625
626
640
643
632
641
633
627
641
603
602
640
618
623
609
616
629
622
615
623
620
612
606
604
590
620
618
611
612
626
619
606
619
588
598
575
583
596
592
600
579
592
577
579
592
589
578
581
573
567
576
574
547
560
577
561
578
564
581
562
581
580
586
578
581
588
550
585
559
587
579
593
592
600
610
615
585
601
588
601
589
598
590
610
594
607
599
599
597
606
600
610
602
608
601
608
598
613
600
598
608
590
599
606
598
611
598
603
597
604
593
606
587
602
590
576
594
584
604
597
614
573
595
594
591
594
586
591
581
594
591
586
584
594
575
589
587
592
583
593
585
589
586
591
588
596
594
596
599
608
595
618
607
560
598
458
577
552
536
422
522
402
375
382
354
577
324
332
311
308
299
295
247
468
271
366
444
437
482
393
510
345
595
238
543
404
263
497
489
574
562
577
569
579
570
575
548
570
577
560
559
551
516
513
398
345
344
343
368
366
383
407
416
417
432
432
453
452
456
366
481
480
500
514
513
538
537
556
565
586
587
610
610
631
661
660
632
680
701
691
697
689
694
688
702
692
691
700
697
693
665
692
668
680
635
651
623
662
646
647
617
662
640
634
624
611
617
626
612
609
610
621
616
580
599
602
591
519
588
532
509
552
581
538
538
530
520
509
482
476
473
451
467
475
488
457
455
451
478
468
482
481
505
502
504
483
491
490
475
491
458
476
499
523
449
532
507
702
692
705
700
688
702
711
716
710
736
698
701
714
716
718
703
749
744
738
750
696
526
754
530
598
695
531
751
558
527
728
698
474
412
267
745
232
247
662
649
622
590
727
527
263
696
632
576
529
484
733
750
588
757
539
529
543
533
513
541
547
544
551
563
553
569
545
553
504
562
516
519
515
519
519
432
431
452
452
475
475
501
434
432
430
457
449
472
471
490
504
486
506
528
528
529
529
526
526
530
596
596
604
615
624
624
622
642
624
636
628
634
626
632
621
614
635
619
629
621
616
630
616
616
634
626
626
633
629
621
617
627
627
609
615
600
595
603
599
592
600
594
586
598
584
562
578
579
597
598
566
587
581
580
588
572
591
583
591
578
593
580
590
580
585
575
572
572
581
571
568
578
573
579
578
572
576
578
568
586
564
575
578
573
575
573
580
570
581
573
580
567
584
579
598
586
600
591
603
594
598
588
600
594
602
600
608
601
606
603
602
605
603
595
589
598
600
589
598
589
600
590
602
592
603
598
588
581
601
580
589
591
582
595
586
576
561
590
584
579
573
583
568
556
567
561
555
562
550
551
544
516
523
493
536
388
389
330
464
177
416
432
306
294
288
264
292
272
241
253
461
206
205
227
185
370
441
477
352
475
502
219
189
424
345
412
174
362
311
325
410
410
412
402
413
423
453
449
459
376
392
393
289
286
291
409
407
294
294
306
274
257
238
232
246
219
269
226
228
273
220
236
249
256
262
238
249
226
225
225
270
239
224
213
224
236
227
230
227
312
219
217
233
202
224
219
219
238
231
493
502
451
503
446
364
264
458
271
274
276
280
282
286
286
286
501
288
236
187
186
169
154
268
239
181
175
186
466
236
263
233
502
171
188
481
265
184
287
168
182
179
367
188
172
175
171
170
170
183
173
157
177
103
93
127
180
175
196
195
216
207
228
227
242
241
250
263
264
281
282
301
300
295
324
322
336
335
354
353
367
367
365
393
393
409
408
423
422
441
440
446
453
461
460
476
475
487
487
484
493
482
483
489
491
540
533
537
529
522
537
532
506
516
515
501
512
508
517
500
498
472
491
513
502
479
492
505
488
493
482
488
499
485
486
493
494
489
499
488
496
489
496
488
485
492
495
477
463
457
456
456
458
485
485
496
485
476
496
488
486
492
475
487
478
492
495
490
491
488
471
479
476
493
487
498
490
495
457
487
443
477
450
463
473
461
482
483
469
468
473
470
475
478
471
474
486
484
478
478
473
486
477
464
483
479
459
467
485
477
478
464
472
482
468
479
482
467
486
474
482
477
476
485
478
472
464
476
460
475
455
473
481
481
491
495
458
438
450
504
430
475
469
418
399
423
409
488
460
476
463
471
471
468
477
472
473
468
481
470
486
477
488
476
481
475
483
443
460
459
409
406
399
396
374
367
295
387
280
477
431
223
201
381
282
274
273
335
274
266
264
306
251
244
454
234
219
279
192
181
173
162
286
275
282
416
360
438
213
431
278
155
416
295
326
327
190
104
210
68
83
107
139
138
154
155
156
176
174
175
201
201
219
218
222
222
237
235
248
248
262
262
342
342
352
351
367
365
364
382
396
396
407
406
420
422
423
447
447
464
466
484
483
483
509
508
509
537
536
521
549
548
566
565
576
584
549
568
575
573
567
567
564
571
566
570
575
558
578
566
574
584
523
521
524
522
508
515
515
503
515
529
520
512
512
520
504
520
514
510
520
515
508
508
512
514
508
512
511
524
505
520
509
498
511
480
500
457
436
475
448
461
428
513
481
490
482
489
481
497
466
499
477
483
475
472
472
479
467
476
470
473
478
478
473
468
485
484
478
459
465
485
477
474
459
484
453
479
466
456
479
472
483
472
479
466
459
429
439
442
458
458
476
476
498
498
510
507
498
511
512
497
512
506
521
512
515
515
506
529
523
536
526
530
538
547
535
536
530
520
544
508
525
516
534
528
542
537
532
539
546
537
530
534
543
537
545
539
537
530
520
535
517
527
540
518
498
538
516
515
526
502
511
526
513
505
511
494
501
512
510
510
504
508
498
505
507
488
494
507
506
499
506
502
510
501
513
501
517
496
509
512
505
496
504
502
495
510
503
515
512
519
510
498
507
505
479
495
482
501
520
505
505
512
507
505
505
524
506
509
503
499
513
499
486
499
470
498
501
460
469
504
476
503
490
501
499
498
467
462
460
453
447
439
479
393
369
406
316
484
263
225
496
401
335
312
303
279
277
380
250
430
227
367
211
170
170
324
146
429
438
421
303
386
259
236
358
350
169
137
287
210
155
211
169
418
434
325
242
241
179
162
180
180
195
196
199
193
194
220
220
237
238
239
237
273
273
288
288
284
286
286
324
324
341
341
352
352
373
384
383
372
389
418
418
437
437
455
456
478
478
498
496
513
514
509
531
525
518
531
508
502
522
523
514
524
518
520
519
526
518
524
499
508
513
522
524
478
508
506
506
508
523
517
521
520
514
503
500
526
525
524
499
527
495
503
486
492
485
488
482
488
486
488
489
496
482
488
481
488
485
493
482
492
490
478
489
476
478
469
480
476
479
463
481
478
482
490
480
503
502
507
492
507
501
496
504
499
500
487
506
491
504
516
511
509
504
495
531
517
525
449
444
417
466
495
493
261
226
216
187
341
334
477
320
297
438
279
405
421
461
388
376
375
401
198
193
511
451
313
503
240
243
224
364
363
304
249
351
214
365
380
399
387
421
407
431
413
395
408
353
212
212
213
213
201
231
231
231
256
257
266
266
286
286
302
302
321
319
316
320
321
298
291
301
280
238
291
290
290
290
322
299
301
309
290
298
261
247
299
298
233
317
297
312
231
225
200
300
291
200
300
317
269
313
200
298
218
382
277
419
411
418
451
451
443
452
345
229
199
215
214
237
237
249
254
261
260
277
288
275
290
317
318
317
308
317
320
318
300
287
276
271
260
247
231
212
207
201
192
187
178
179
168
157
301
307
290
318
299
318
299
300
318
303
304
303
317
165
302
324
301
156
303
323
303
299
300
306
305
301
318
16
91
170
168
183
182
178
211
210
216
230
228
249
249
272
270
288
289
306
306
324
322
338
346
346
361
360
376
375
387
387
408
407
428
428
445
444
463
463
478
483
499
498
515
515
528
528
544
544
543
575
575
583
575
582
572
577
557
562
560
523
575
486
467
434
386
384
373
368
537
455
273
239
237
225
219
200
416
400
174
168
411
557
519
509
253
259
250
459
491
445
357
357
429
483
322
215
189
209
182
281
298
307
502
341
187
308
174
327
4
4
5
16
30
20
19
21
7
8
8
14
14
13
11
12
8
47
89
47
67
86
44
39
31
25
37
39
49
38
57
35
45
27
48
45
32
2
3
9
18
24
22
38
26
58
42
61
49
64
76
110
90
86
90
85
88
91
93
87
101
100
104
107
111
114
120
124
129
132
134
139
142
147
150
88
108
8
6
7
5
4
13
15
24
32
52
31
16
19
28
21
43
41
17
12
9
6
10
15
17
20
10
4
5
24
21
53
53
58
57
89
97
110
112
111
110
219
210
233
229
223
220
236
239
253
244
252
260
266
256
261
271
279
280
296
296
315
314
330
328
344
342
343
371
383
382
403
403
422
433
447
422
429
432
446
490
504
516
504
515
489
542
543
542
539
523
533
517
555
562
548
567
556
572
556
558
565
556
552
572
562
559
555
550
555
546
556
557
562
560
563
554
563
554
558
549
551
539
552
550
552
559
557
568
558
528
545
538
548
538
539
526
489
472
472
510
470
512
512
534
533
528
523
549
534
544
546
546
527
543
548
551
552
563
541
527
516
550
507
543
531
545
532
550
532
552
540
547
535
538
542
558
553
551
566
546
537
561
553
561
555
553
569
570
550
568
569
585
576
578
564
571
557
568
571
566
579
570
568
579
581
566
572
558
577
552
568
568
592
586
600
582
588
583
584
597
588
594
583
598
584
572
557
566
576
564
547
536
527
524
519
511
509
494
490
479
483
477
472
468
465
459
448
442
432
428
423
414
412
406
399
395
385
382
377
370
362
359
352
353
340
330
324
320
314
317
308
310
305
307
297
281
575
548
6
4
9
20
5
21
19
14
35
47
68
44
62
46
35
34
29
30
58
33
53
67
25
64
54
59
4
3
17
4
5
16
3
7
17
20
33
34
23
25
53
56
50
61
72
81
61
82
68
81
115
68
72
70
73
74
77
75
79
82
87
90
113
102
83
100
91
93
93
91
92
92
92
93
89
91
10
20
33
43
57
71
67
81
137
157
174
170
181
179
202
201
212
209
229
216
219
219
229
231
219
263
255
262
291
290
310
310
328
328
329
360
360
379
379
398
398
416
416
417
445
446
463
460
462
470
471
491
490
507
505
515
515
534
533
550
540
550
553
542
528
537
531
551
548
545
544
542
540
565
559
560
573
567
563
560
562
554
548
566
558
544
541
549
535
556
556
543
548
548
555
553
560
558
565
554
576
569
560
555
569
570
583
562
567
572
553
550
574
564
580
529
571
508
452
412
521
433
293
265
218
376
376
515
338
358
529
428
492
300
311
293
414
270
255
401
390
549
451
336
336
336
493
230
239
230
366
473
458
406
399
407
432
455
452
455
448
449
443
454
355
277
210
229
230
247
247
244
271
273
293
292
309
309
326
325
342
343
362
361
367
380
382
382
400
400
416
417
436
432
443
452
452
467
471
454
478
478
470
464
476
514
506
492
514
483
493
466
500
490
518
469
486
498
505
496
501
496
504
506
479
499
486
492
487
495
488
494
487
473
498
484
493
473
484
492
481
487
472
477
482
485
477
482
489
490
499
495
426
502
504
474
465
465
465
476
476
486
476
470
478
477
476
501
494
506
494
495
482
489
482
500
498
491
502
498
502
489
495
491
496
490
481
499
492
498
491
497
478
491
498
496
478
489
479
488
475
486
478
486
476
475
473
476
479
470
473
483
450
473
464
467
469
469
464
468
459
467
458
461
465
442
469
466
473
474
457
465
437
476
453
466
451
461
469
467
468
470
465
470
481
464
490
484
467
477
484
477
477
495
482
490
480
483
492
503
494
487
488
500
467
431
424
450
398
495
480
437
488
415
456
407
467
469
475
473
449
472
457
470
470
479
462
481
474
483
474
473
472
475
473
465
487
476
466
462
479
463
463
445
453
471
455
445
473
463
21129
21122
21109
21072
21116
21104
21118
21119
21118
21153
21154
21154
21142
21131
21144
21130
21149
21147
21147
21137
21208
21207
21188
21197
21208
21201
21203
21218
21209
21206
21213
21207
21218
21220
21209
21220
21217
21227
21212
21198
21214
21221
21230
21231
21236
21226
21234
21296
576
582
655
21279
577
577
646
644
633
623
616
637
591
573
592
583
587
585
585
579
580
564
560
583
591
584
585
582
613
601
621
614
611
617
614
630
622
621
621
613
608
630
632
627
664
673
682
622
621
633
635
635
653
634
644
599
601
592
586
598
592
603
609
600
559
557
552
551
568
565
566
595
597
614
615
646
646
662
657
659
651
635
606
612
596
664
624
587
646
631
644
625
632
600
589
594
594
592
605
583
594
604
570
587
590
582
573
582
576
573
580
580
568
565
578
569
562
553
575
561
576
564
559
569
546
566
548
558
554
549
556
539
533
534
526
527
545
544
565
558
570
556
560
543
560
545
553
545
554
553
557
559
560
557
550
562
561
548
542
552
548
541
551
539
554
532
540
540
541
547
535
526
546
551
536
566
550
537
555
552
557
546
555
548
535
555
548
539
552
538
556
542
550
559
535
532
550
528
530
543
535
523
537
534
541
538
536
540
545
521
528
532
526
541
538
536
527
518
538
514
530
518
527
516
489
524
494
494
486
505
507
492
508
491
501
500
499
502
472
482
468
481
492
494
497
484
486
494
480
496
500
501
495
508
494
501
511
508
492
499
510
516
501
500
507
502
504
510
490
517
505
497
506
488
505
488
507
498
491
508
503
493
507
510
501
511
499
509
511
512
511
523
515
533
511
511
509
519
508
499
517
486
507
496
503
496
510
495
496
495
502
491
506
504
509
504
512
505
512
514
516
512
515
525
519
517
528
522
524
522
514
504
507
525
519
520
526
511
485
503
471
492
454
465
523
495
503
492
509
501
504
500
515
503
509
516
519
512
526
524
532
531
528
529
530
532
535
530
525
519
538
531
545
536
541
539
547
536
551
544
562
562
563
545
537
550
526
542
524
530
540
532
534
560
559
565
570
577
570
569
581
577
564
581
566
582
564
563
577
564
572
561
552
579
566
557
567
565
577
556
555
572
562
555
570
554
569
568
571
562
570
560
575
567
573
570
527
470
499
237
423
557
481
412
400
390
564
375
532
349
460
337
310
306
290
245
270
275
452
253
497
383
360
316
504
333
505
441
430
545
456
449
459
427
169
103
106
464
88
105
392
416
105
381
370
362
103
350
101
283
101
95
124
93
91
104
395
100
104
105
102
102
95
92
102
107
92
405
106
435
322
336
357
389
404
414
237
342
218
199
211
219
217
234
233
252
253
266
266
286
284
295
304
305
319
308
316
317
315
319
348
348
365
365
372
383
381
371
404
403
421
412
427
428
441
440
454
465
464
468
479
477
475
469
523
509
524
520
514
505
513
518
529
534
529
545
539
545
538
536
546
554
540
544
559
531
562
550
549
549
572
566
571
565
575
572
542
565
549
582
562
532
560
574
567
574
577
582
572
534
579
550
552
551
577
563
579
578
586
566
548
570
561
550
555
544
518
521
542
527
552
536
547
548
543
534
538
547
539
562
546
536
544
553
543
550
541
531
548
547
565
549
552
550
566
543
538
547
534
544
535
541
538
501
510
530
537
522
531
539
531
525
533
528
522
521
486
513
506
505
511
522
515
482
498
507
514
486
491
465
499
507
514
507
517
507
514
507
513
508
520
507
510
522
520
511
524
512
519
525
523
528
531
524
529
528
524
545
513
536
525
525
533
526
524
538
528
536
525
545
531
541
547
548
544
569
571
579
571
555
545
560
555
542
551
545
557
555
561
558
554
519
470
441
406
349
508
289
221
416
400
503
391
542
364
500
367
362
526
336
467
318
303
311
284
256
243
231
424
477
399
336
270
211
535
489
456
434
451
203
427
425
431
460
467
492
476
484
471
273
478
387
255
254
276
274
292
293
312
312
334
308
313
314
329
330
344
343
360
344
362
361
370
367
385
384
398
399
406
427
436
430
427
454
455
474
473
496
490
507
518
518
517
548
562
552
556
565
571
562
576
565
577
571
575
563
572
560
548
563
552
557
561
569
558
568
564
570
576
564
579
568
583
570
585
573
588
581
580
575
597
588
595
578
604
588
591
582
600
588
583
597
577
595
569
582
580
590
576
590
586
573
584
571
566
574
588
568
573
572
589
577
587
577
589
577
594
578
590
584
589
579
587
580
598
595
603
596
606
604
584
601
592
596
585
585
598
590
568
582
580
587
597
565
559
503
522
518
372
364
566
271
237
216
200
504
187
208
235
390
538
581
528
350
486
332
469
313
280
295
431
250
419
398
411
383
479
460
257
438
556
336
440
326
465
454
490
481
487
481
384
386
492
389
485
389
388
423
423
439
441
463
455
456
476
476
500
500
522
522
543
543
563
574
573
589
587
474
424
420
426
421
454
453
469
442
442
468
489
487
506
506
521
520
523
546
551
547
539
503
525
519
521
541
541
561
560
564
574
573
560
573
571
566
530
556
522
538
529
524
580
539
536
548
542
534
530
514
544
516
532
525
531
531
540
543
527
515
540
513
518
517
512
515
508
511
492
508
507
515
510
493
495
500
491
477
496
489
488
480
481
484
477
481
483
491
491
501
508
511
503
485
488
478
468
479
464
481
482
477
481
474
487
477
482
472
481
476
483
474
472
479
488
484
492
486
501
491
499
491
496
504
509
496
508
502
504
505
506
521
522
521
514
522
514
514
521
519
511
519
509
529
517
536
528
531
537
528
532
534
544
535
528
537
533
542
536
544
538
549
539
555
534
545
533
536
547
551
539
522
531
550
532
539
539
533
541
539
526
545
534
542
540
545
541
544
547
527
534
543
553
536
546
533
533
550
544
531
529
536
533
540
546
533
531
544
538
530
547
533
546
535
546
535
536
548
530
541
532
523
537
539
524
528
534
526
529
527
519
531
524
513
529
522
516
520
519
519
522
510
519
498
508
502
509
503
511
509
511
509
505
497
499
480
496
497
489
500
489
498
485
470
492
478
482
478
486
484
488
472
482
485
486
492
491
481
484
494
498
483
498
487
475
494
501
494
502
495
510
497
515
509
518
510
507
495
515
492
512
508
512
520
521
506
483
506
494
499
511
520
517
525
505
519
524
526
505
525
513
516
526
532
509
518
514
522
521
513
520
522
534
519
508
523
508
481
506
495
503
509
489
494
497
497
489
489
488
502
495
492
498
498
494
486
498
471
483
477
465
498
509
495
506
496
512
498
509
501
510
504
516
506
521
510
519
517
521
513
520
521
508
530
514
528
524
537
535
532
524
540
541
542
524
533
550
532
536
533
546
532
552
537
553
550
563
549
558
547
558
563
543
544
537
524
542
551
552
546
528
548
540
544
535
542
543
536
543
531
541
550
543
535
522
521
543
534
530
532
525
524
529
509
527
508
516
526
526
534
518
524
518
521
511
520
500
522
511
519
513
516
514
513
511
503
516
505
506
489
499
497
496
507
493
502
491
487
504
484
502
497
473
482
498
472
480
489
489
495
483
492
485
486
493
495
489
493
495
484
472
501
489
488
496
498
490
493
484
498
486
493
479
491
498
478
496
490
494
491
490
506
496
506
490
496
509
505
517
508
512
519
523
516
501
502
518
519
507
516
507
513
521
516
510
517
512
523
514
509
516
518
513
521
510
506
520
507
517
477
484
500
364
470
195
457
376
357
437
509
309
327
287
464
417
265
240
247
229
389
231
175
183
350
329
282
272
403
203
428
447
342
297
215
396
275
346
365
353
354
385
392
390
405
424
411
408
408
208
373
274
232
238
237
249
250
264
265
224
281
288
296
295
309
310
329
329
342
345
340
339
357
358
373
374
378
388
383
398
398
410
410
410
408
410
450
450
464
462
463
487
480
495
508
505
511
507
516
509
516
515
513
499
519
505
516
507
525
527
507
522
508
519
510
514
504
495
500
510
501
498
425
419
486
310
309
300
298
289
457
375
186
181
176
170
170
159
158
152
257
235
217
232
212
488
353
211
193
345
337
507
489
397
395
392
283
264
366
235
471
362
213
439
323
420
445
275
459
384
3
47
59
73
83
117
116
138
160
160
175
186
186
201
202
215
214
231
240
240
256
247
262
268
246
279
278
295
294
295
318
321
324
338
328
324
320
335
360
357
360
363
360
389
409
410
425
418
409
435
435
453
451
467
469
482
484
480
492
476
471
480
478
463
495
482
487
487
483
491
490
496
495
508
492
511
496
502
500
502
495
507
490
500
509
515
514
489
501
500
510
510
492
481
526
515
476
464
511
515
509
515
510
518
528
514
527
527
527
519
531
521
500
517
523
515
509
522
522
504
495
521
510
506
493
509
485
497
491
477
504
509
512
506
511
493
502
501
508
493
495
508
500
487
505
504
498
506
493
502
495
505
506
496
492
498
508
509
505
486
514
506
512
505
512
507
512
521
523
515
506
507
524
524
532
532
531
544
515
528
524
538
531
542
532
541
531
526
532
548
547
537
549
543
548
538
549
542
552
543
536
546
529
543
535
520
514
526
525
519
527
502
509
495
528
526
512
525
516
522
515
515
510
515
518
519
505
498
509
503
505
495
498
495
496
501
493
506
491
491
503
495
502
492
499
506
492
497
492
492
500
508
492
482
501
488
500
506
504
505
496
490
491
510
499
493
499
504
514
508
518
512
526
516
498
507
511
510
504
514
513
503
501
495
496
486
497
510
504
467
477
435
429
383
361
324
386
372
505
342
458
500
277
301
411
248
275
409
402
243
439
227
200
450
492
327
316
260
228
303
199
428
292
351
471
217
444
434
436
454
455
449
459
468
475
467
465
451
460
403
313
285
283
284
275
291
292
306
307
321
319
318
342
341
371
370
379
380
391
394
396
392
421
421
433
434
455
454
468
467
466
484
485
482
496
504
504
514
494
503
509
499
512
508
492
496
501
494
496
484
480
491
487
472
489
476
484
476
483
475
490
481
493
484
476
482
471
483
464
481
482
471
478
487
480
482
480
473
483
476
480
488
486
495
483
494
498
482
474
491
498
495
493
486
485
478
492
488
495
500
501
481
491
491
493
504
505
497
510
500
499
489
505
507
494
503
497
489
492
492
509
502
501
513
508
510
498
505
486
505
497
496
502
497
503
510
499
516
508
502
502
517
510
519
505
508
521
523
514
525
522
527
527
520
525
517
521
514
500
513
519
499
518
525
467
445
394
401
397
389
386
388
377
372
363
361
352
488
320
258
176
146
443
483
296
302
274
283
422
264
247
235
223
205
198
339
189
163
507
457
331
500
429
235
463
168
155
342
308
412
211
468
