147
222
199
181
254
254
231
234
232
268
268
259
258
255
311
324
317
331
343
344
341
231
472
470
288
325
325
289
342
332
232
589
541
584
559
558
613
637
636
639
691
692
730
731
730
725
732
723
726
804
819
798
821
811
811
821
844
871
872
899
930
910
804
843
950
901
964
964
945
997
997
1022
1025
1052
1052
1068
981
976
1025
996
990
954
966
949
929
961
914
961
943
976
917
960
920
896
901
923
935
938
951
932
937
965
922
917
938
908
909
934
928
941
924
940
923
891
902
862
902
861
839
830
892
885
864
852
865
851
827
855
843
864
850
877
846
846
859
798
795
779
803
789
790
811
797
814
803
822
803
814
801
805
829
864
869
856
851
875
871
874
859
870
850
869
847
860
850
864
874
865
842
882
876
810
825
853
858
870
886
865
867
857
838
846
821
869
805
862
833
865
838
853
877
864
849
870
857
870
853
862
876
879
864
851
835
837
827
815
850
827
839
816
826
811
844
832
830
828
844
845
820
803
803
829
830
847
857
879
855
871
871
859
858
886
889
916
915
879
868
852
928
904
877
890
882
864
883
869
881
860
877
868
815
839
845
835
861
868
846
855
846
864
851
860
864
845
860
820
858
863
839
860
842
865
850
845
860
847
857
854
820
850
821
855
842
827
817
775
786
830
842
833
847
839
859
846
864
849
876
856
879
866
882
896
906
908
896
877
890
880
888
876
889
880
899
876
926
893
897
926
916
901
924
914
903
911
879
895
886
899
900
886
869
878
895
879
898
887
857
866
879
862
888
876
856
843
852
865
856
841
828
857
829
837
821
817
808
795
794
787
782
768
765
754
750
739
719
689
694
705
703
668
684
686
676
679
652
654
648
678
665
651
664
654
655
651
654
654
637
649
637
643
629
636
625
637
617
632
602
604
611
598
608
607
621
588
615
602
597
612
613
601
615
609
621
604
618
611
622
612
624
622
633
598
614
623
628
618
625
604
619
623
624
610
630
620
640
618
626
618
627
620
624
618
623
617
621
621
631
617
613
616
608
631
624
611
632
633
625
635
623
631
614
621
619
632
631
608
617
2735
2727
2700
2730
2725
2721
2717
2716
2703
2700
2713
2669
2624
2640
2695
2594
2587
2647
2706
2682
2602
2617
2661
2643
2646
2639
2638
2630
2630
2625
2635
2636
2613
2625
2602
2615
2607
2597
2584
2598
2596
2579
2570
2573
2571
2567
2579
2575
2553
2563
460
452
459
448
456
453
440
455
451
457
450
3195
3204
3202
3186
3185
3198
3209
3213
3200
3213
3211
3205
3212
3212
3328
3324
3335
3335
3339
3324
3331
3349
3335
3346
3338
3350
3350
3358
3343
3356
3340
3356
3337
3350
3359
3348
3364
3357
3358
3368
3371
3364
3378
3368
3385
3385
3383
3397
3386
704
634
642
640
633
650
603
636
622
609
626
529
538
530
556
549
563
542
540
555
552
541
542
547
549
543
473
548
500
490
464
526
481
448
540
508
525
523
530
532
509
515
486
499
512
506
499
513
496
480
504
493
494
481
493
499
490
506
477
447
452
450
447
441
438
461
434
499
488
472
469
464
475
389
456
341
326
305
363
292
363
388
356
218
159
143
141
145
147
150
155
157
155
159
162
164
154
364
461
300
390
309
426
358
363
265
441
251
362
311
330
161
362
279
258
247
157
362
284
232
260
301
9
11
17
18
28
30
38
13
47
21
26
12
52
51
70
52
89
74
75
72
68
63
63
65
90
73
72
85
84
87
62
89
63
76
64
62
74
65
89
76
70
62
90
63
83
63
75
88
69
88
87
5
5
5
13
4
4
4
4
4
19
34
38
38
45
59
62
61
71
87
97
86
101
101
116
81
96
69
92
79
54
114
30
86
29
81
119
80
67
50
44
32
94
40
52
5
16
26
28
37
28
45
47
74
68
92
93
98
129
146
141
129
157
127
129
111
120
126
127
137
113
126
108
107
106
104
92
141
137
126
93
92
89
121
81
88
76
129
78
141
139
114
110
102
94
129
79
80
108
86
123
114
105
80
287
310
252
311
195
174
182
180
181
170
171
199
189
197
181
225
226
241
241
260
261
280
279
290
290
309
309
313
315
313
337
338
357
357
378
378
396
396
416
415
434
433
453
452
471
472
492
492
508
508
510
537
536
549
543
551
542
554
540
554
547
555
547
552
543
548
543
535
544
517
522
533
541
543
535
540
537
542
537
547
540
560
541
553
537
540
520
546
552
560
575
577
580
577
578
558
572
586
578
561
580
574
566
573
557
577
574
579
576
579
571
583
559
580
595
578
595
585
600
584
594
582
597
580
585
582
599
599
590
608
598
611
609
612
597
595
623
611
599
589
580
558
564
560
562
571
575
565
570
549
549
563
570
560
550
577
564
553
547
560
560
559
571
578
540
568
557
549
556
567
545
547
554
537
567
567
555
564
555
552
543
564
553
537
554
546
552
541
553
549
555
556
548
566
570
561
548
563
556
558
578
574
571
584
560
573
565
534
583
595
554
571
566
570
563
566
577
573
567
572
580
589
588
578
547
569
354
157
153
148
137
136
129
124
122
114
118
297
286
199
197
197
245
588
191
172
196
450
410
428
529
395
403
376
382
366
492
514
480
320
270
534
196
165
436
458
561
339
306
136
268
179
501
471
339
417
134
125
151
150
149
164
163
184
184
199
198
196
222
222
243
244
264
263
280
278
279
293
302
308
311
310
333
334
346
346
363
363
382
383
397
400
410
411
434
444
444
442
433
471
470
486
485
504
503
510
519
517
520
533
522
521
543
535
527
535
542
535
523
528
543
525
531
525
533
529
539
517
539
526
534
525
536
531
534
522
529
531
519
519
528
526
521
500
504
511
523
523
524
511
531
515
525
512
505
524
513
500
498
494
491
503
498
499
481
506
501
494
489
484
494
489
497
487
496
461
485
485
476
479
461
471
489
496
480
488
503
497
498
502
514
500
515
510
506
497
501
509
491
511
466
473
480
490
497
493
504
503
507
514
516
517
498
497
497
519
510
528
515
512
526
511
511
526
529
514
520
522
520
523
541
515
505
504
515
535
523
518
534
518
506
477
522
523
532
438
457
490
433
417
423
467
436
502
481
519
545
538
541
549
555
546
553
549
553
546
550
544
560
547
561
551
568
559
566
564
565
567
544
547
520
528
564
569
534
559
552
563
551
561
536
474
473
485
476
496
495
517
517
533
537
535
562
572
580
579
585
576
567
576
566
559
544
553
549
563
546
553
563
549
565
555
561
548
564
552
563
549
565
565
524
568
565
541
502
441
402
326
249
187
141
356
529
330
319
278
315
527
277
424
270
368
419
246
228
221
218
376
180
176
148
452
345
159
298
514
547
264
397
374
475
483
461
315
199
493
546
378
358
388
368
360
437
269
206
194
192
212
224
222
245
244
264
265
283
283
303
303
322
322
343
342
357
354
343
362
361
377
377
400
397
415
413
414
412
443
442
459
458
482
481
480
481
481
530
531
548
559
543
532
547
555
549
491
504
521
513
561
507
593
553
543
537
556
550
587
575
567
566
573
572
547
545
559
549
538
569
564
555
550
549
582
545
570
564
565
564
576
577
566
570
537
557
555
575
578
576
581
550
534
571
537
518
540
541
542
569
570
593
576
589
587
604
584
540
502
538
495
575
487
485
525
474
496
586
573
586
574
568
576
578
562
568
558
570
558
570
560
561
540
568
544
559
551
557
558
522
536
554
545
538
529
539
536
534
537
548
537
552
539
532
538
510
506
478
485
483
498
497
520
520
543
543
562
562
582
582
589
584
597
593
585
593
554
535
584
547
513
572
567
569
570
582
571
586
582
585
570
590
589
586
578
592
586
576
590
567
572
563
566
580
579
569
579
566
575
584
571
582
592
585
574
564
556
555
541
531
526
516
504
499
490
491
477
438
437
437
435
434
435
428
416
409
403
387
374
373
356
348
336
327
316
309
292
283
281
279
253
228
228
227
219
204
197
189
181
165
153
2
10
4
15
25
37
54
52
85
99
102
99
110
112
129
139
222
224
238
231
225
241
243
246
261
258
263
267
261
265
259
263
265
257
255
253
256
251
262
270
263
275
274
272
298
297
314
311
312
15332
15346
15347
15378
15379
15394
15401
15402
15405
15409
15407
15524
15532
15532
15531
15532
15498
15517
15526
15507
15527
15466
15456
15470
15490
15450
15468
15451
15454
15443
15448
15482
15441
15446
15436
15432
15418
15410
15403
15389
15374
360
361
333
253
144
15434
15433
15395
15378
15361
323
15433
199
351
15419
3
5
26
7
7
7
19
40
39
49
52
52
114
159
179
177
190
191
203
204
220
220
225
226
235
234
247
246
232
243
257
249
255
248
255
253
281
281
296
296
307
306
316
316
329
328
338
339
350
363
364
440
440
466
465
466
491
491
512
511
520
519
529
536
538
523
529
538
527
540
530
548
540
554
545
546
555
556
554
571
563
571
575
581
558
573
569
563
568
557
578
574
596
586
600
592
603
598
607
594
603
535
545
530
534
534
543
532
539
548
540
550
532
549
530
528
541
551
553
542
546
540
552
544
546
550
531
546
552
552
543
555
546
555
550
562
549
556
544
542
540
558
551
563
551
567
555
567
553
547
561
562
550
559
546
560
544
553
538
546
539
547
540
554
552
560
542
557
538
554
536
536
543
535
547
550
536
548
537
546
540
546
543
547
540
547
545
549
547
549
547
547
545
543
536
544
542
543
535
540
544
539
536
538
540
535
544
525
543
546
540
533
545
534
544
531
545
531
539
529
523
539
525
525
517
504
510
525
506
503
521
507
510
496
509
481
495
504
497
485
497
484
493
485
494
491
481
477
481
494
481
460
469
474
466
468
477
474
468
479
476
474
493
431
458
491
442
454
503
498
512
510
515
525
509
530
524
536
528
548
541
538
547
541
550
553
559
547
552
562
562
565
571
565
571
577
557
581
574
576
583
588
587
595
603
594
587
594
586
552
537
538
537
551
538
558
559
574
581
591
568
583
571
557
557
556
550
564
535
551
541
545
534
504
492
555
532
513
567
557
568
560
564
556
562
552
542
554
552
568
561
571
555
566
564
556
569
552
560
509
507
397
540
328
286
244
285
169
134
129
118
445
287
517
276
261
255
480
416
231
239
207
204
184
527
406
169
147
153
376
456
285
285
415
545
408
489
190
388
383
346
447
427
221
361
465
17
7
5
4
3
17
12
9
22
19
48
42
15
12
17
12
25
27
4
12
14
22
27
49
32
36
40
47
57
74
94
102
111
112
126
108
121
117
133
177
176
188
190
88
90
193
204
96
93
106
95
93
89
177
160
168
84
146
85
87
142
174
81
88
84
86
124
109
108
187
91
87
85
86
191
127
85
108
165
104
83
199
338
342
361
362
381
392
360
255
204
174
173
173
196
213
195
229
229
248
248
249
279
280
295
294
310
312
313
306
304
337
336
353
353
374
374
393
393
391
392
391
420
420
433
442
445
459
460
478
478
498
498
515
509
527
528
546
538
554
552
562
556
574
560
581
568
566
553
565
544
552
558
552
558
553
559
572
562
562
563
569
576
567
571
550
561
575
575
567
581
592
586
564
572
570
586
546
560
573
529
553
564
543
561
562
554
559
548
555
561
566
563
568
565
564
555
569
566
566
555
567
558
566
558
567
556
547
562
556
544
559
557
562
576
571
576
574
568
573
562
555
562
551
561
532
530
531
547
557
556
568
550
561
564
578
568
574
566
576
567
571
579
577
566
577
564
564
576
576
564
578
556
562
567
566
577
572
580
583
570
561
593
570
568
559
572
557
567
562
571
557
575
564
578
573
565
589
585
580
592
581
595
575
588
570
584
575
568
581
582
568
563
554
573
566
578
575
555
564
576
556
561
553
567
560
550
568
539
571
539
511
494
550
488
466
501
129
424
343
363
324
331
315
283
457
269
258
529
517
250
261
194
212
178
208
408
174
132
139
398
148
385
377
477
562
453
219
450
427
156
301
167
355
301
221
313
47
348
35
312
20
19
18
237
20
22
8
9
9
5
9
7
5
27
27
5
8
18
9
5
8
9
3
7
18
12
15
23
22
36
11
19
7
25
32
42
54
64
64
61
59
39
80
65
61
45
50
89
57
63
77
29
14
11
31
30
33
38
31
51
51
30
50
40
48
5
15
13
20
24
27
19
27
43
18
28
29
86
90
102
100
69
80
79
108
175
174
201
200
219
216
229
228
246
245
267
242
262
246
263
263
287
288
307
308
316
317
331
342
341
363
362
422
421
440
441
461
461
477
477
494
494
513
514
532
532
551
549
566
566
581
567
515
455
420
404
503
353
341
333
331
327
276
272
263
259
252
253
242
233
232
428
209
163
373
350
582
493
496
581
447
533
222
562
197
186
179
172
151
215
554
580
440
529
383
581
552
468
367
405
4
6
23
21
28
25
40
51
52
104
113
146
147
151
152
158
169
177
175
177
197
196
214
208
208
237
236
254
252
268
267
282
273
285
285
303
304
321
321
336
337
352
351
360
360
375
374
383
384
396
397
398
419
419
434
432
448
447
463
464
479
474
482
475
470
471
490
480
482
482
498
490
486
467
484
479
490
475
478
483
475
480
469
490
483
487
479
485
478
487
478
488
484
486
488
488
481
470
485
472
465
434
469
455
444
470
421
450
470
466
471
465
420
446
437
403
456
431
472
469
443
450
441
446
405
399
413
391
425
433
441
441
439
437
433
427
438
438
433
437
426
436
427
436
435
439
433
450
441
453
452
414
414
412
452
448
441
448
480
477
462
467
477
449
442
464
481
469
442
487
488
495
485
475
461
460
478
478
494
494
517
510
510
519
520
506
515
522
487
504
511
493
517
514
516
522
513
510
528
520
514
520
494
501
493
528
521
498
536
499
499
505
497
506
508
506
514
508
504
499
507
508
517
507
510
502
510
501
511
499
506
494
507
497
511
496
510
502
496
491
504
504
494
514
505
510
503
500
497
492
496
515
511
493
502
508
502
509
519
500
518
509
506
523
514
507
506
517
518
506
517
507
518
508
517
505
515
504
467
476
508
458
502
489
496
488
468
482
492
475
466
484
474
469
469
484
478
476
464
494
480
492
485
468
482
484
475
471
476
483
462
474
478
485
471
469
482
471
485
483
473
483
474
481
477
493
479
492
481
462
462
490
490
506
500
500
496
506
502
505
496
486
500
490
500
468
470
459
469
468
459
471
402
410
385
441
254
456
328
109
369
415
294
393
229
210
200
358
430
366
170
182
163
160
338
347
135
141
125
308
114
96
448
279
94
86
268
370
217
245
152
135
287
100
319
78
246
120
225
254
247
256
201
86
86
91
123
109
110
136
135
153
153
168
168
183
194
192
211
211
210
236
236
255
254
263
264
279
279
280
306
306
321
332
332
322
333
359
371
369
385
387
405
406
426
425
444
444
465
457
474
477
487
489
476
475
500
493
489
499
494
498
488
499
505
512
501
503
517
504
504
504
516
507
516
520
515
524
518
519
506
520
522
534
527
527
521
537
524
529
535
536
530
537
527
531
509
522
520
526
527
523
522
528
522
514
522
516
503
509
524
513
520
509
515
507
512
506
513
508
516
507
523
507
524
508
513
510
509
502
519
516
535
512
513
526
524
509
521
508
509
519
513
520
521
518
522
530
519
491
474
457
407
372
395
190
355
344
330
429
317
299
423
281
291
268
413
503
389
204
201
245
509
462
367
378
164
129
109
141
484
335
453
320
257
222
181
149
125
527
279
169
237
444
211
340
339
333
170
299
101
66
120
71
74
67
76
51
49
49
45
45
43
79
67
53
50
41
79
46
77
7
4
27
43
32
40
46
59
10
28
16
39
56
36
42
46
5
5
3
31
22
25
42
57
70
88
93
103
90
101
118
132
177
189
173
204
204
221
220
226
226
223
214
244
245
259
260
267
276
283
268
267
281
297
296
307
307
303
322
320
335
336
354
355
370
369
385
383
395
396
406
405
411
397
437
436
453
453
468
468
487
486
496
487
466
494
477
482
475
484
463
479
479
489
470
480
491
479
477
452
487
459
483
479
484
491
491
499
478
498
495
485
497
474
486
482
498
492
498
490
510
502
478
436
454
349
328
398
240
484
192
180
326
384
258
247
238
358
224
209
364
467
424
486
343
160
148
132
131
110
107
128
304
297
279
273
264
384
431
378
225
208
408
179
142
321
450
285
190
332
484
415
325
246
282
304
304
321
323
338
339
199
381
203
187
166
136
170
163
166
187
153
153
152
151
149
151
135
177
132
119
119
117
100
97
172
174
200
201
198
180
179
141
178
176
174
200
185
170
153
135
98
165
196
102
348
389
409
408
425
363
419
425
416
389
387
423
423
439
325
341
288
278
279
295
294
312
312
327
324
326
325
324
325
325
388
396
393
383
384
383
387
387
362
397
392
267
387
227
173
150
129
352
124
280
383
394
246
384
209
373
200
193
393
383
359
383
397
328
127
130
317
393
311
261
239
382
384
172
130
131
125
396
252
216
351
191
345
76
112
120
129
123
141
140
159
157
176
176
196
195
218
222
217
242
245
242
241
239
242
243
241
244
305
305
333
324
323
333
363
363
378
393
393
377
408
408
408
410
410
446
463
464
480
491
500
501
517
511
507
519
519
521
522
513
519
507
502
508
520
506
518
521
522
499
507
478
471
490
490
513
513
530
523
531
525
539
532
526
515
530
518
533
520
519
533
511
505
528
528
541
533
520
530
540
528
541
528
522
538
541
549
559
543
556
548
543
559
567
564
547
557
549
560
553
566
553
562
556
561
550
558
553
551
563
557
552
575
563
565
560
563
564
576
557
569
564
573
560
568
567
571
563
563
553
565
562
566
550
562
553
545
558
551
548
555
547
549
547
541
551
540
527
553
539
515
534
540
520
533
509
543
538
546
522
497
537
545
484
502
510
529
518
534
525
527
516
541
538
543
532
546
534
549
540
543
532
541
525
539
549
535
547
550
546
554
547
556
559
563
550
548
536
543
556
555
559
551
532
532
550
549
557
548
557
560
546
529
546
548
565
543
531
562
571
550
563
557
559
551
562
547
552
558
552
566
557
566
563
537
555
547
553
565
554
563
563
558
564
500
446
537
359
351
327
328
330
324
322
308
304
297
297
276
269
263
257
248
239
232
226
215
212
554
180
512
519
445
426
495
406
396
387
384
372
207
208
190
170
157
469
547
435
419
484
458
529
479
5
4
18
5
17
19
36
37
40
51
57
57
78
79
86
79
116
100
108
112
124
59
48
44
92
68
46
114
25
116
91
92
76
50
97
28
89
26
86
10
9
30
29
27
14
21
24
32
27
5
3
6
21
17
30
37
39
60
52
59
55
66
69
55
88
99
107
34
70
88
24
93
41
103
63
110
38
105
87
97
98
125
125
136
141
141
168
166
184
183
200
199
219
219
240
240
256
254
261
262
270
270
264
266
276
270
272
276
275
276
275
260
262
272
268
276
276
260
261
260
268
273
251
245
266
213
276
188
182
162
137
119
125
262
277
260
224
207
170
147
7
274
259
278
193
270
278
278
276
136
165
129
126
109
120
157
158
178
178
192
195
210
210
231
230
232
260
255
270
271
291
292
310
311
334
334
347
347
360
366
367
393
390
393
422
422
425
440
444
443
441
426
425
394
377
347
285
444
420
251
172
422
338
421
425
443
440
299
410
278
418
276
242
230
230
396
218
212
388
166
158
423
154
424
323
305
404
287
255
419
443
364
321
419
354
189
362
354
222
224
182
216
144
161
162
183
185
204
204
224
224
225
251
250
268
266
288
288
284
277
301
300
318
318
336
337
354
355
374
375
393
394
413
413
427
428
444
444
456
460
475
474
494
494
508
508
523
519
524
544
543
544
562
549
561
548
534
557
549
548
560
543
552
559
533
558
541
555
541
556
539
546
551
542
542
551
550
547
542
551
552
549
556
545
549
557
559
551
567
557
558
565
562
572
624
617
603
622
569
596
619
580
594
575
526
588
503
470
431
422
399
377
389
512
492
336
410
366
351
567
317
461
304
327
238
228
264
439
220
193
556
536
593
558
489
281
456
199
131
518
284
254
370
292
349
356
373
372
381
391
158
334
166
164
166
190
190
208
207
225
224
238
237
232
231
265
264
279
272
289
287
287
311
312
315
312
315
339
339
353
352
352
352
374
377
377
376
410
410
424
424
444
443
452
455
461
461
477
477
493
493
506
493
492
500
505
492
506
497
506
494
515
512
526
517
515
504
519
507
504
521
521
516
527
518
527
520
531
523
532
529
531
544
517
530
539
543
531
527
539
531
526
542
531
543
534
546
536
545
536
547
535
537
552
552
536
547
534
549
532
532
545
547
529
538
526
541
524
535
523
530
524
535
523
540
526
535
502
516
523
512
526
518
514
531
523
531
536
525
541
526
535
527
539
527
534
527
543
528
536
528
539
526
524
534
538
525
523
533
525
532
521
531
528
534
526
527
534
535
532
533
526
530
524
530
528
537
524
537
529
530
537
540
528
533
527
525
535
537
524
522
535
519
531
516
523
516
518
525
526
518
518
526
523
520
526
523
539
519
530
518
527
518
530
518
527
515
526
514
521
515
522
516
527
517
529
519
520
530
528
515
528
515
531
517
518
525
533
518
516
523
515
529
521
516
528
519
525
523
525
522
516
526
528
521
527
516
522
528
525
523
527
520
515
525
525
518
525
521
529
521
527
515
526
519
524
516
523
519
524
514
524
516
526
518
526
517
526
515
527
525
532
521
21882
21892
21895
21891
21924
21932
21990
21983
21973
21967
21946
21959
21831
21716
21862
21818
21655
21634
229
185
21745
21739
21757
21904
21732
21935
21894
21868
21877
21706
21687
21929
21723
21679
21920
21849
21671
21667
21649
21634
21794
223
21813
21802
222
21764
21775
21786
21700
21911
21886
21953
21843
21984
196
420
315
338
144
113
129
152
169
168
187
188
207
201
220
220
233
233
234
232
269
258
265
265
266
263
264
270
265
257
255
255
253
255
264
267
258
259
258
269
254
257
374
379
381
434
433
441
448
447
464
464
465
464
509
508
524
523
528
522
526
541
529
534
530
538
538
556
550
530
546
546
541
564
464
518
427
427
447
446
460
459
449
469
461
476
474
495
495
518
517
537
538
556
556
564
553
551
566
553
536
566
550
544
558
549
560
554
558
552
537
560
549
536
547
535
551
535
523
521
537
543
538
542
535
543
531
526
532
526
534
533
535
522
539
526
537
514
524
526
529
516
524
517
526
518
525
517
531
521
538
527
534
526
533
526
530
526
505
523
521
534
516
531
515
514
527
514
518
528
503
524
504
521
514
530
502
511
525
519
516
516
500
485
516
487
508
504
511
499
513
491
511
506
499
511
488
497
506
504
505
502
504
507
504
485
500
501
511
487
495
497
511
496
496
508
491
496
510
501
490
505
498
506
492
508
496
505
494
501
492
504
498
503
500
515
492
504
506
504
516
513
515
534
527
524
533
525
531
520
527
516
515
526
528
509
525
519
518
526
516
516
506
527
516
522
516
514
513
497
503
514
506
523
516
501
523
530
525
522
497
505
517
529
516
527
524
528
522
528
512
530
522
517
504
508
504
506
513
512
508
513
508
516
507
516
507
508
513
504
501
514
521
499
498
492
508
494
485
482
511
506
528
520
483
486
508
501
515
490
506
481
500
500
488
512
500
514
499
506
500
497
513
511
515
485
468
456
474
508
492
513
506
514
502
520
517
518
517
520
521
528
524
532
527
501
510
511
515
539
540
523
548
344
284
267
459
388
148
398
357
490
512
332
316
472
496
437
259
446
222
265
273
418
188
183
499
395
161
140
117
529
481
283
247
217
202
172
366
327
267
204
424
238
374
362
350
340
331
38
32
70
34
31
362
31
266
363
70
45
4
4
28
24
21
28
22
59
82
76
83
97
185
176
185
198
194
205
204
224
224
238
230
242
242
262
261
272
267
284
284
304
305
321
320
341
341
361
360
381
379
401
401
423
433
434
452
453
473
474
493
497
513
513
531
532
556
554
555
589
589
605
594
602
578
531
556
469
501
414
401
392
384
376
372
363
363
347
336
318
310
306
404
485
452
429
573
299
417
492
271
280
238
226
541
330
176
594
155
203
135
455
525
512
290
269
228
183
250
149
436
471
167
5
4
4
5
9
3
29
18
10
9
13
9
18
40
41
55
60
57
50
69
51
85
107
91
82
91
128
158
206
220
202
205
211
226
225
239
238
257
269
250
248
252
268
277
267
290
289
306
306
323
323
342
340
358
358
360
382
379
378
374
381
382
375
378
376
430
451
451
468
466
473
475
479
482
486
476
466
467
464
456
448
442
438
426
425
414
407
467
368
359
354
346
342
336
334
327
324
469
311
241
207
292
318
468
216
214
216
293
208
404
195
202
277
274
393
379
208
208
4
18
18
22
39
40
36
25
7
9
3
8
14
8
9
16
12
31
22
13
3
16
15
30
38
45
44
41
54
59
61
52
94
92
102
112
98
111
105
109
99
107
169
168
167
164
94
61
62
129
102
104
97
156
131
62
60
62
60
60
152
169
149
144
63
62
170
116
143
5
16
24
38
37
45
35
67
81
183
138
127
142
79
118
125
177
116
115
126
113
130
106
102
95
94
89
88
86
145
81
75
91
127
141
112
181
107
129
110
98
150
161
82
117
111
104
85
115
77
95
301
351
418
418
437
435
454
454
241
417
216
226
227
245
245
262
263
269
272
268
291
300
300
291
324
324
328
348
347
367
366
384
382
394
393
409
410
428
427
444
445
463
463
477
477
495
495
513
512
531
526
539
547
553
529
538
547
545
550
548
562
540
551
540
549
536
552
537
549
551
551
548
551
560
539
546
553
550
552
548
537
548
537
549
541
545
541
539
522
548
528
540
537
531
541
531
537
530
535
528
543
530
541
533
533
540
535
538
538
535
540
532
534
536
537
527
539
533
541
536
530
531
538
535
538
540
546
533
538
545
537
524
544
545
534
548
542
547
554
555
548
554
556
549
558
545
544
555
558
555
548
556
550
552
547
551
549
528
547
548
542
544
552
552
545
544
552
555
544
544
552
528
551
516
536
528
520
537
518
508
525
518
530
526
522
524
521
521
516
514
497
503
516
477
488
493
490
482
495
504
492
493
509
494
501
495
502
496
505
493
500
497
489
494
491
495
486
493
487
495
487
498
495
487
483
494
481
492
482
484
466
477
491
480
495
486
470
481
484
484
492
487
465
478
488
465
494
497
479
479
467
482
474
484
476
487
478
485
476
471
478
486
482
489
490
478
466
477
483
477
468
482
477
485
484
490
488
489
495
505
480
498
502
495
504
482
484
498
499
495
493
507
507
519
488
505
505
513
499
497
508
511
509
498
509
484
498
502
485
496
497
495
504
506
511
511
504
504
517
525
515
526
523
518
533
520
524
539
536
528
535
528
539
529
547
535
542
555
549
539
540
547
535
547
545
533
546
540
540
533
553
552
548
559
549
555
546
549
558
554
542
546
541
528
545
535
535
546
544
517
535
529
538
543
529
542
528
546
527
528
512
539
533
521
519
527
519
510
522
519
516
522
516
505
526
504
509
513
503
513
501
507
514
514
504
517
509
514
510
523
518
527
521
527
510
526
519
518
536
525
534
535
534
534
530
531
518
529
527
529
526
533
511
524
519
523
530
523
529
528
512
538
520
518
535
522
520
531
532
515
508
514
519
517
496
509
515
507
515
505
513
501
509
497
510
495
491
504
497
482
468
485
484
471
471
482
480
470
474
468
474
479
462
476
473
480
469
471
466
469
457
469
475
474
477
467
477
471
466
474
473
485
484
485
483
475
474
484
479
468
484
482
477
467
462
452
482
475
484
482
479
479
494
483
498
505
505
494
503
491
498
506
498
493
486
503
493
506
499
505
489
508
500
505
498
511
501
503
415
497
458
470
402
208
382
430
365
360
352
326
493
312
276
263
297
259
241
449
215
204
224
457
180
176
141
132
390
443
364
342
334
246
403
384
152
476
422
229
160
306
196
352
338
249
36
38
35
343
38
318
38
306
39
329
3
25
34
38
50
65
60
63
77
86
93
105
107
120
143
166
168
194
201
201
207
213
212
206
207
228
227
224
231
235
253
239
248
248
254
268
268
287
286
302
301
309
309
330
330
346
342
358
358
376
376
392
392
408
408
425
426
444
442
458
457
463
461
455
470
483
493
492
501
493
508
507
489
493
493
498
509
509
514
497
521
472
512
470
483
507
517
501
511
498
494
511
510
497
499
481
493
502
489
499
501
497
506
497
497
502
499
506
486
497
505
503
476
484
502
511
502
517
505
511
503
512
504
503
513
504
496
490
487
498
481
467
488
488
495
501
504
500
505
517
501
494
503
516
507
523
508
508
519
523
503
512
506
509
505
493
503
512
516
498
515
511
526
512
525
513
497
526
512
505
514
516
506
500
515
512
521
521
524
522
531
512
512
524
526
518
504
514
526
517
525
530
528
523
521
522
515
509
519
491
508
496
514
510
525
524
521
513
521
510
522
515
508
519
506
514
497
517
499
518
509
516
506
519
500
508
514
496
503
493
504
512
509
500
505
498
503
486
498
501
500
508
504
509
508
508
518
507
512
509
523
500
507
503
507
495
508
496
504
491
477
486
493
498
508
500
491
507
504
492
508
508
502
510
499
515
515
520
525
528
512
513
506
519
516
506
507
516
516
495
506
502
513
499
510
488
481
501
497
504
499
507
515
506
488
500
505
501
492
493
498
474
319
387
514
343
352
332
310
423
274
248
264
235
218
424
225
415
175
194
170
215
382
150
489
361
449
372
331
440
301
283
257
400
187
459
424
162
465
293
504
194
358
349
346
382
393
399
426
444
438
383
383
197
280
208
198
195
209
196
187
179
183
185
187
187
197
203
198
188
194
195
186
193
200
194
188
186
195
179
177
175
175
196
196
150
201
198
134
187
202
197
186
186
186
177
189
187
174
169
164
120
181
142
209
194
87
50
66
115
140
131
139
159
159
166
162
167
163
168
154
152
168
153
165
164
212
210
202
203
204
203
194
195
169
79
203
202
203
201
202
204
196
204
194
213
202
194
203
185
170
162
152
137
204
211
204
202
203
195
203
203
205
201
204
214
195
86
7
18
14
17
59
91
74
70
73
77
71
70
71
70
73
76
72
78
81
73
68
91
69
61
61
75
77
73
76
71
62
71
71
75
4
14
11
5
3
2
4
6
3
5
14
24
39
30
31
61
59
76
72
89
86
56
38
82
81
38
54
80
28
28
61
107
37
59
74
76
7
21
37
34
24
50
57
67
68
82
79
86
108
107
124
144
178
178
193
194
191
196
200
197
207
209
209
218
209
242
236
235
259
260
278
280
297
297
315
314
320
320
340
340
360
360
380
372
391
391
404
404
403
426
432
431
447
447
462
461
470
470
469
471
495
495
506
513
499
504
521
514
524
512
529
518
521
510
530
525
541
533
544
541
543
535
541
538
542
537
540
532
538
532
521
535
521
513
522
516
526
512
509
518
517
517
512
526
511
518
505
514
513
527
515
527
514
529
521
510
517
524
509
507
494
501
515
508
499
506
483
491
487
508
491
500
500
502
490
507
483
490
499
479
496
487
501
483
502
499
508
506
513
511
529
513
514
518
521
517
517
524
526
519
528
525
518
522
511
527
519
528
526
525
537
532
523
529
528
526
533
524
538
535
500
519
528
512
518
513
520
505
497
517
516
505
515
507
524
505
518
508
518
511
513
505
505
515
516
511
520
510
523
510
514
516
523
518
512
513
505
512
506
511
508
509
506
521
505
507
501
511
503
487
495
502
503
510
518
506
523
515
524
504
517
517
516
513
513
506
509
504
512
502
510
504
492
507
489
499
482
503
493
497
497
487
503
506
505
504
503
497
498
504
506
502
505
507
504
512
470
494
485
482
512
496
463
453
471
493
483
495
501
484
501
507
496
495
506
492
496
471
459
476
490
482
494
481
491
484
488
470
468
485
480
488
487
480
486
471
491
479
484
474
487
476
488
477
470
483
471
449
469
472
450
469
475
485
485
501
495
511
491
487
497
489
495
495
513
494
485
486
483
499
504
504
515
512
504
514
503
496
511
492
510
514
502
504
512
511
487
488
509
497
504
497
483
490
504
501
494
509
507
506
514
490
499
492
487
491
500
501
503
502
498
495
505
500
494
501
496
502
502
508
487
507
502
492
491
494
494
486
495
476
476
473
493
481
488
485
483
488
477
486
482
496
488
504
502
497
485
496
503
503
505
509
510
508
516
510
502
516
503
513
509
509
506
526
512
504
498
511
494
504
506
507
515
518
512
506
520
533
523
532
525
535
533
537
536
546
545
547
538
543
531
523
531
537
535
545
541
532
532
524
521
529
525
526
510
524
502
513
530
521
513
519
513
524
512
533
505
523
521
503
531
522
517
523
515
514
511
519
509
519
520
497
517
503
511
506
506
510
520
510
513
513
508
518
513
510
516
506
517
505
507
499
516
527
513
511
521
500
519
511
524
499
507
492
506
515
514
505
505
504
504
487
499
496
508
506
495
496
492
488
498
492
474
499
505
495
506
489
501
490
499
490
499
497
500
493
496
485
489
490
463
482
485
492
501
492
491
507
490
474
496
474
430
404
450
319
271
256
207
113
421
319
467
449
295
438
394
386
491
372
443
227
193
357
180
178
166
371
137
351
123
320
379
341
239
213
188
410
417
291
264
238
214
157
307
256
141
287
458
349
231
362
246
247
265
274
264
272
206
200
202
201
235
234
254
254
270
271
287
286
304
305
304
326
332
329
331
357
356
372
371
389
387
402
386
402
425
425
438
438
459
458
471
469
472
491
493
487
505
496
501
499
483
499
501
502
488
502
498
498
513
515
502
514
504
511
502
507
497
503
456
482
330
458
308
266
170
143
223
340
319
405
416
396
288
282
274
389
262
440
230
388
204
191
171
201
125
380
151
349
420
313
287
489
249
468
163
110
356
432
491
242
363
202
116
348
337
51
53
257
52
53
64
49
52
324
53
53
52
51
51
52
50
50
341
50
57
51
55
51
7
20
21
47
52
66
81
120
96
78
70
123
118
80
72
70
105
70
69
65
68
60
59
122
55
57
57
93
54
51
84
108
115
70
96
103
60
52
95
120
70
65
53
84
4
7
6
24
34
23
31
53
54
72
66
89
101
85
98
117
127
123
135
149
149
181
184
190
214
223
222
238
230
242
225
227
248
248
247
245
243
261
261
267
277
278
290
290
304
303
312
320
313
332
331
331
344
344
357
354
356
377
380
386
387
378
403
408
400
418
417
429
429
444
441
454
460
460
481
470
474
468
467
475
481
476
459
478
466
470
464
475
457
468
480
471
468
477
467
467
461
460
462
470
441
395
376
437
366
365
407
399
386
423
455
448
406
440
432
448
457
446
444
449
442
427
448
450
437
451
431
452
440
446
428
422
439
442
438
436
452
434
451
428
433
443
447
446
443
449
443
451
454
429
390
387
388
387
391
370
418
419
417
424
435
434
432
420
454
454
427
443
449
455
453
452
457
467
463
458
456
438
454
451
22393
22394
22386
22436
22455
22448
22481
22457
22469
22463
22475
22466
22482
22472
22471
22460
22483
22455
22491
22480
22493
22498
22497
22511
22504
22513
22491
22498
22497
22513
22511
22486
22512
22505
22512
22518
22533
22516
22517
22533
22523
22532
22519
22527
22501
22516
22515
22496
549
22503
554
556
521
538
524
516
510
497
545
559
556
553
545
543
553
535
529
539
547
537
547
532
548
552
554
548
554
545
550
537
535
536
520
529
530
531
540
540
548
539
552
546
553
557
568
569
570
575
576
586
568
584
577
599
586
596
583
542
536
540
544
542
553
557
548
561
563
570
573
564
569
565
588
582
565
583
567
577
571
593
573
595
588
598
579
597
599
597
595
602
597
589
600
598
596
603
589
618
617
622
618
603
616
615
605
621
612
612
620
614
603
600
609
610
598
606
592
601
590
595
586
587
578
583
571
571
580
580
571
582
572
576
569
575
520
517
514
501
498
494
480
481
470
463
454
445
439
433
434
428
404
401
388
385
380
375
371
363
356
348
345
335
330
326
317
315
304
302
299
290
286
279
273
269
257
248
238
237
226
524
559
530
553
4
4
7
5
7
26
32
33
30
43
53
53
65
73
71
85
93
107
101
156
161
136
147
156
108
127
96
91
91
91
120
87
109
129
108
127
91
91
117
92
117
90
90
90
89
112
141
85
85
145
105
125
91
156
90
88
86
99
91
114
111
139
129
86
3
3
3
4
4
43
45
40
39
43
29
31
27
21
36
33
28
37
34
43
10
8
31
29
37
51
54
68
48
53
39
35
52
23
56
52
32
31
65
20
9
11
11
18
15
16
18
17
35
40
36
57
59
61
59
72
95
83
112
112
138
145
172
181
182
194
195
184
180
195
142
157
105
87
183
155
183
128
128
125
121
140
116
115
168
107
99
96
166
71
153
153
89
155
151
132
127
124
119
112
181
88
87
178
176
159
155
193
72
118
295
315
316
275
285
301
176
167
167
180
169
178
178
168
176
180
169
179
169
227
253
252
266
261
275
272
272
286
286
287
308
308
325
325
355
362
362
370
383
383
403
403
421
419
436
437
452
453
471
470
471
496
497
517
517
538
538
538
539
528
479
496
495
506
505
521
520
519
550
550
549
553
559
560
549
529
563
534
543
521
563
553
561
518
540
531
560
527
528
518
521
535
533
526
532
529
530
518
516
517
525
522
509
511
504
502
512
510
502
491
502
501
488
485
496
488
483
474
475
487
489
494
515
493
507
496
493
504
503
499
488
496
498
493
479
492
493
503
510
473
483
469
490
504
488
478
490
497
488
493
469
491
492
512
514
511
508
505
511
513
507
516
514
525
524
533
525
533
516
517
505
510
491
512
504
503
490
509
505
492
521
515
506
517
507
518
509
504
512
504
507
505
505
522
522
511
485
441
402
450
477
308
257
142
314
529
471
426
308
499
498
283
273
232
389
505
229
193
185
387
164
344
362
158
144
331
433
287
271
216
205
384
167
348
156
327
406
396
175
317
255
353
425
415
430
332
233
232
249
249
214
199
207
207
219
220
220
242
240
254
263
263
278
276
285
286
305
305
322
322
342
341
359
358
377
376
397
397
414
414
433
432
450
450
462
463
478
476
477
505
504
517
524
531
522
522
533
510
521
534
515
524
529
522
533
516
514
531
534
522
511
525
532
540
527
542
524
532
511
520
499
532
516
529
517
527
514
525
514
526
519
517
517
510
524
522
524
520
523
510
509
521
522
502
508
500
499
514
514
500
514
506
515
503
514
506
515
517
504
521
501
516
512
509
508
511
506
514
503
507
513
512
519
511
517
518
509
512
501
519
507
511
501
509
487
496
509
500
495
503
492
505
496
506
500
516
502
501
511
489
506
495
494
471
460
478
415
430
439
422
305
260
240
150
283
277
354
265
372
383
344
445
244
483
224
417
189
433
416
168
335
157
318
326
133
127
402
119
103
119
392
266
295
232
208
144
364
212
196
178
310
258
54
38
69
123
140
134
134
136
138
133
136
135
135
139
137
210
211
212
209
235
230
229
256
256
273
273
291
291
310
310
325
324
342
341
358
357
374
368
376
379
392
391
389
424
423
439
439
455
455
471
472
490
491
459
479
489
450
449
469
469
484
490
490
510
510
521
528
529
536
531
517
533
522
524
531
536
520
492
459
443
435
423
403
406
401
401
390
389
379
372
367
359
354
355
345
329
509
256
515
169
437
498
293
271
286
473
245
236
331
226
206
189
161
145
327
480
293
466
446
515
186
204
305
148
263
318
154
216
6
10
14
13
15
49
26
31
23
21
16
21
17
28
41
46
38
44
28
3
13
10
9
13
4
10
3
4
13
26
21
34
43
38
19
25
24
37
53
40
46
39
61
24
38
51
18
33
20
56
16
43
30
24
59
17
4
3
15
12
12
32
55
75
85
81
82
103
104
117
116
134
174
206
204
213
211
208
234
227
244
241
247
249
245
256
255
272
271
285
286
290
285
285
291
292
292
288
293
325
326
344
345
357
355
369
372
370
395
394
412
414
415
422
413
442
442
455
456
480
481
498
498
496
509
511
509
503
516
507
502
489
508
516
505
523
507
519
513
508
512
519
526
525
504
527
516
516
533
527
539
521
521
535
532
499
517
523
533
531
528
516
528
524
535
535
533
524
532
509
525
515
517
529
509
524
513
517
519
498
505
519
518
517
515
493
513
502
509
496
508
493
510
507
481
494
493
500
498
483
488
500
494
503
496
480
495
482
474
489
487
494
486
494
482
490
473
483
491
481
491
479
491
483
489
473
462
454
484
478
476
478
482
480
490
463
484
479
485
478
482
478
475
474
467
474
482
474
477
484
487
475
476
477
460
477
473
483
486
477
493
486
468
462
482
483
481
475
477
487
471
487
476
479
467
480
479
473
472
474
495
486
491
486
495
501
478
490
495
478
482
502
495
493
483
501
491
483
492
483
489
478
485
463
461
449
487
475
474
484
481
484
482
474
470
475
484
474
469
462
313
415
131
122
343
443
335
322
364
452
325
470
279
277
413
263
211
210
245
396
199
190
146
406
140
435
373
112
381
327
289
427
251
225
190
166
482
350
235
178
285
128
193
332
338
361
361
363
310
98
95
97
89
86
86
79
95
182
88
89
81
80
80
85
81
96
73
96
60
66
85
80
79
73
64
53
94
71
77
53
4
5
5
20
8
10
12
25
4
13
9
4
5
19
42
46
48
72
70
73
80
91
108
131
209
211
223
212
229
226
243
245
257
254
258
260
266
254
263
278
276
286
292
300
297
295
321
319
332
333
350
348
365
365
383
382
398
394
397
422
422
441
441
456
455
475
474
490
490
507
508
523
523
539
532
534
540
532
545
543
530
540
534
552
546
548
545
550
531
539
550
543
544
538
544
540
530
520
510
516
538
536
526
535
524
515
532
527
535
528
535
533
524
533
524
530
521
529
510
510
525
518
524
518
512
489
492
508
530
511
509
512
504
505
496
487
493
491
474
497
498
491
502
496
513
511
507
505
524
516
505
507
505
514
499
508
505
510
501
507
482
499
490
499
503
497
506
502
509
509
514
500
488
491
503
514
512
504
520
523
523
518
524
529
527
529
536
537
524
527
533
544
526
536
534
528
539
524
535
525
509
515
518
526
527
523
521
531
458
490
513
463
480
524
503
524
520
521
513
523
529
533
504
525
512
509
504
498
501
492
491
505
492
503
503
484
500
493
498
494
495
503
508
498
494
495
488
492
475
497
489
502
484
476
480
473
481
501
484
500
470
455
462
463
479
479
491
496
500
479
483
492
488
492
502
496
501
508
490
504
491
500
496
478
487
496
491
501
501
512
503
492
497
505
489
508
498
515
514
515
505
514
519
519
520
527
527
506
512
509
483
512
502
494
489
474
504
491
510
497
503
506
497
501
503
480
493
479
487
499
501
508
501
517
500
496
496
508
503
503
507
501
482
485
487
447
499
473
444
500
478
461
433
479
490
483
503
490
495
505
507
498
514
502
509
484
497
498
512
511
518
517
523
514
515
525
492
523
530
514
515
518
499
506
516
523
519
509
516
505
515
517
519
526
532
539
537
511
498
497
499
504
498
514
513
522
512
525
514
524
513
522
513
503
490
496
498
497
504
511
500
512
512
501
514
505
518
501
518
513
510
517
501
519
502
493
512
509
517
506
491
507
511
512
498
500
488
514
503
502
502
494
517
497
507
509
496
505
502
502
492
510
505
513
514
502
516
512
508
526
503
516
503
507
500
499
509
496
507
487
501
500
520
504
504
498
503
489
500
515
506
519
492
501
508
505
497
490
501
500
497
491
507
500
503
518
503
515
492
503
499
505
495
498
518
511
518
519
511
514
508
508
511
494
509
504
514
507
523
504
512
509
521
495
519
221
402
501
373
393
467
353
510
316
451
298
262
294
253
276
198
186
270
212
428
416
450
239
507
385
498
367
324
304
437
192
430
459
356
225
161
333
174
366
363
356
374
434
423
418
418
430
414
428
393
277
428
395
218
226
223
243
241
255
255
275
274
289
283
299
298
314
314
328
329
346
345
363
362
381
381
388
389
404
405
424
425
443
444
465
464
486
485
504
504
523
523
526
535
538
529
540
545
533
547
515
539
542
542
551
547
549
542
547
541
542
523
539
551
534
543
542
538
540
538
542
536
537
539
537
534
532
527
530
533
528
534
534
531
527
529
528
522
529
525
527
529
531
529
525
517
533
531
521
529
519
519
532
530
539
541
530
538
530
539
534
524
533
547
536
539
526
512
541
531
531
543
534
542
549
550
544
560
545
537
548
555
525
537
556
548
544
532
553
546
538
550
536
549
540
542
552
534
537
518
543
535
526
538
534
537
525
529
540
542
539
549
537
548
540
543
549
554
550
541
554
544
549
551
549
542
555
542
559
541
549
526
545
543
556
534
532
551
553
519
540
553
532
557
547
546
554
550
535
552
550
567
545
558
547
559
545
545
555
553
547
550
542
541
549
547
538
556
542
555
544
561
542
545
552
539
542
550
543
551
547
534
547
539
540
536
545
544
537
554
543
532
546
540
552
540
542
555
555
544
550
542
551
544
543
556
555
545
554
547
554
548
541
554
541
551
555
542
540
552
537
527
546
536
539
541
538
556
534
544
537
554
537
551
543
543
559
543
559
395
346
433
154
405
142
139
131
127
120
114
458
480
248
223
203
471
441
540
486
150
518
377
338
549
309
274
232
214
168
510
533
385
498
352
324
267
263
195
160
422
328
181
365
230
423
306
287
460
