119
111
111
202
111
246
246
243
260
261
275
226
275
261
225
294
338
332
337
335
345
353
264
371
339
347
313
296
378
420
410
408
419
470
431
489
488
488
520
521
521
554
551
567
581
566
592
584
566
593
568
582
579
584
658
659
671
666
664
672
669
670
679
663
636
680
658
665
663
660
659
660
687
680
687
684
640
632
623
612
643
615
641
633
601
579
613
594
600
589
589
607
599
603
592
593
604
608
610
622
629
596
595
617
628
633
625
617
623
603
617
606
619
631
616
621
614
622
587
604
593
591
590
608
585
595
577
595
584
599
589
589
578
581
582
566
584
560
576
568
568
557
540
552
568
561
548
561
550
542
547
556
520
507
507
513
510
518
493
519
513
502
515
502
499
504
511
504
515
508
520
505
528
526
528
525
524
516
506
493
520
513
523
511
512
516
525
526
519
523
527
531
521
533
534
527
532
529
531
519
526
533
525
522
534
536
528
541
533
559
560
552
561
572
573
565
576
551
559
538
568
559
561
552
544
555
562
569
559
551
555
565
558
554
566
568
555
563
552
559
554
543
541
551
562
545
551
545
560
551
549
570
564
549
542
553
539
546
511
519
544
523
517
522
515
514
471
503
517
520
481
479
513
521
507
515
502
480
494
498
496
514
485
492
508
502
507
500
510
507
513
493
512
521
514
516
517
513
492
509
494
512
497
509
501
498
496
502
499
514
499
495
499
495
495
491
503
491
476
490
490
504
495
493
477
485
492
490
487
496
505
504
493
496
465
473
450
475
465
470
469
452
467
465
459
460
458
451
454
460
447
461
444
449
433
454
447
446
441
452
440
442
437
446
446
441
430
450
442
435
440
435
446
413
329
436
407
362
346
382
316
377
296
279
424
296
367
252
266
237
358
206
199
385
170
126
163
323
398
287
248
221
208
182
158
149
329
308
228
187
349
269
146
423
341
342
341
393
399
377
390
399
355
253
267
268
210
279
281
222
220
223
238
243
242
257
267
267
283
278
291
290
308
308
325
323
328
331
330
354
357
358
374
374
389
388
399
400
405
408
8244
8247
8229
8232
8227
8204
8198
8182
407
8213
8241
8182
8237
8240
8191
8246
8180
8240
8240
8312
210
8226
8208
8197
8178
8172
8337
8152
8165
8129
8114
8103
8314
8258
8094
8252
8118
81
8245
8236
8102
8303
8225
8289
8144
8277
8298
267
91
78
77
8269
8320
8173
8206
125
8132
80
339
403
401
418
419
438
437
454
454
472
425
443
241
251
250
267
266
285
284
301
301
320
320
338
336
354
353
372
371
391
390
401
402
419
420
435
431
433
459
458
476
476
493
494
513
512
527
525
528
551
553
544
561
552
539
552
540
551
539
552
543
548
536
534
544
545
533
543
527
547
564
554
559
570
558
539
534
549
564
559
552
538
549
559
569
555
559
554
570
556
565
570
572
563
573
571
579
585
591
579
589
582
601
590
606
601
594
587
591
604
597
605
596
609
591
600
583
595
568
564
573
550
565
566
554
557
584
570
570
566
568
562
567
569
565
555
564
552
529
524
516
514
502
485
481
473
469
464
456
452
442
434
426
427
421
422
405
400
392
385
385
377
376
375
363
366
361
356
350
352
338
337
330
327
318
308
307
298
295
293
288
279
276
274
530
545
4
4
14
12
27
17
18
6
19
29
23
22
5
19
18
31
40
48
49
60
65
72
68
30
55
50
56
58
33
74
82
52
71
46
18
2
2
4
3
17
3
18
3
29
39
32
43
40
54
66
62
59
61
83
19
71
79
65
44
36
30
67
81
96
82
33
27
70
33
3
14
21
20
22
44
52
49
44
58
41
54
53
11
11
32
58
55
35
15
8
43
61
62
71
83
94
173
172
190
207
201
189
199
198
233
233
254
253
269
263
271
278
277
292
283
290
308
310
310
335
335
366
367
355
392
355
393
393
392
429
429
451
452
472
472
487
502
502
523
523
537
549
550
568
567
586
579
578
595
581
583
591
601
572
585
581
583
576
592
582
604
590
598
594
593
591
609
596
604
590
586
583
606
572
596
581
598
579
593
587
593
581
595
583
594
571
584
596
578
574
581
573
579
577
584
585
577
584
581
585
581
581
574
589
573
569
581
551
575
547
537
555
552
543
543
550
554
552
552
551
525
554
546
550
534
542
520
550
551
537
551
527
548
541
549
547
554
540
556
548
565
552
562
548
560
549
558
551
559
546
568
553
565
550
555
569
570
562
579
564
564
564
563
576
576
554
574
576
566
583
566
570
568
578
575
580
573
570
563
578
568
576
557
573
565
558
535
568
550
551
566
563
541
563
556
565
565
557
558
567
565
557
559
568
562
563
541
563
555
539
563
529
549
566
549
564
558
551
543
532
523
544
545
542
530
543
553
535
537
534
526
534
520
534
531
538
513
532
522
537
529
544
535
538
531
542
529
535
548
535
521
529
542
546
535
554
539
550
538
547
515
534
534
551
543
554
542
561
559
564
547
547
572
562
552
575
561
572
571
576
570
565
552
565
552
563
570
561
568
568
555
569
557
572
562
555
546
570
550
565
562
564
570
561
545
559
552
554
555
568
568
560
567
557
544
560
548
541
570
549
558
550
555
554
550
536
554
559
552
549
547
538
561
541
550
563
551
559
554
539
529
563
551
539
548
544
556
555
564
552
562
565
562
557
579
567
571
562
572
579
566
548
559
565
574
575
572
578
563
573
569
567
554
568
560
576
588
583
574
575
584
587
571
582
595
592
596
593
594
586
591
587
594
600
599
602
601
584
599
603
600
605
592
604
585
581
587
578
599
596
615
585
593
592
605
599
601
616
613
600
619
609
628
618
612
605
611
587
577
578
559
548
548
537
537
522
520
514
503
488
491
486
488
473
474
461
452
446
436
433
422
423
425
411
413
387
374
376
363
344
346
342
333
327
330
315
311
302
297
287
276
271
273
601
582
603
7
7
27
23
7
9
11
13
23
25
41
40
51
29
49
42
27
47
12
25
10
7
15
12
8
8
28
45
43
60
63
77
82
84
89
83
93
95
99
88
100
184
223
217
225
238
234
247
247
239
230
238
197
200
198
200
197
190
197
220
230
197
194
123
200
217
187
196
191
185
177
196
228
197
174
175
167
202
161
196
197
215
200
131
204
190
186
187
180
177
205
145
137
190
179
175
193
54
188
54
62
89
91
144
141
155
155
172
172
193
195
211
212
233
232
248
242
257
268
258
268
266
268
260
314
313
338
337
360
359
377
377
377
376
376
420
422
437
434
444
441
451
451
470
470
487
487
488
514
515
534
534
555
550
433
399
355
471
194
151
197
492
539
296
353
508
287
316
268
335
250
233
202
215
536
180
515
429
179
164
145
396
356
479
271
276
447
225
426
537
379
344
319
466
412
248
425
454
479
476
481
471
411
176
164
187
190
190
214
230
231
216
253
253
265
266
266
288
288
309
310
330
345
343
357
358
353
379
378
399
399
414
415
432
431
446
445
460
469
469
487
499
496
500
489
532
532
535
543
552
539
546
542
552
548
566
546
557
563
561
529
535
517
554
570
566
585
563
568
554
561
551
566
538
534
527
556
533
528
539
550
549
536
544
531
538
541
533
539
528
539
536
545
542
548
534
531
492
530
485
506
515
514
509
530
492
502
504
510
495
515
491
491
490
519
511
515
520
506
499
509
491
510
485
472
502
500
520
483
507
498
458
529
516
530
520
513
525
512
525
530
513
517
510
512
534
531
539
511
525
525
540
543
536
532
541
524
541
530
538
529
540
516
524
532
523
527
514
526
515
526
525
540
520
533
508
523
522
541
539
511
505
547
526
492
527
519
511
497
526
521
524
524
539
528
523
507
525
518
521
521
520
525
513
515
525
521
510
502
9484
9498
9453
9484
9476
9506
9577
9579
9591
9585
9588
9582
9585
9595
9644
9638
9640
9626
9607
9619
9648
9633
9645
9645
9668
9668
9664
9658
9660
9641
9643
9650
9652
9668
9650
9664
9643
9648
9654
9637
9666
9652
9664
9643
9659
9647
9654
9668
697
692
680
578
593
592
613
612
601
620
610
603
612
597
614
556
566
562
570
540
562
561
579
572
570
585
577
561
556
565
578
569
575
569
569
582
565
560
589
556
581
568
590
576
584
580
583
593
598
574
555
566
562
553
542
572
561
565
571
570
567
577
587
589
576
588
574
583
582
580
565
576
592
590
576
591
583
574
595
588
584
597
588
604
596
586
592
578
584
591
576
593
578
578
589
580
575
587
584
583
578
577
595
572
599
599
616
607
620
608
611
592
587
599
591
603
592
604
592
584
608
592
573
586
561
573
567
569
580
562
573
558
540
551
565
560
555
565
560
542
567
557
562
549
561
559
559
552
555
553
559
544
514
547
544
485
450
325
318
179
159
436
332
324
301
422
279
425
239
387
469
382
207
378
462
503
181
203
151
491
282
291
237
219
212
190
354
170
363
447
343
400
233
349
265
354
364
380
374
364
379
403
350
256
256
273
274
210
210
226
224
224
247
248
248
247
269
268
275
270
277
278
278
305
304
306
325
326
326
326
359
356
359
381
380
373
373
374
396
395
412
411
418
423
423
443
441
456
457
463
460
462
484
472
471
488
479
470
475
469
463
481
468
485
487
489
475
488
488
489
489
485
484
475
480
489
479
488
492
491
475
486
473
469
485
480
482
497
498
485
497
486
502
495
497
493
497
492
475
501
493
503
498
504
489
485
498
505
499
500
505
488
500
506
510
500
509
507
515
507
515
510
518
512
520
528
521
532
524
530
530
545
535
546
524
520
527
513
524
505
509
520
521
518
523
520
520
528
527
512
531
518
512
521
528
520
517
529
535
521
507
500
531
521
532
524
516
509
529
525
517
529
522
521
488
506
533
500
482
517
512
520
514
503
517
508
500
524
522
540
528
532
541
544
530
546
534
544
529
531
538
535
542
555
534
545
535
544
534
536
529
538
544
537
525
551
546
531
538
547
548
542
553
537
531
530
550
544
564
556
551
572
563
573
553
556
551
561
569
564
555
560
540
548
553
546
552
549
560
405
352
505
302
209
546
382
371
365
341
321
537
318
270
257
219
525
222
523
444
185
184
159
153
139
199
463
397
484
454
280
252
235
491
169
391
291
436
427
475
413
337
414
428
443
419
412
123
123
431
113
103
124
122
164
121
131
130
120
119
113
111
335
108
105
98
89
210
87
86
84
124
82
102
399
122
332
120
109
109
101
87
124
90
83
106
84
333
365
378
379
400
382
178
199
174
195
195
220
220
240
234
257
256
275
276
290
291
318
317
337
336
355
347
368
369
383
383
384
383
401
401
420
419
434
432
446
453
445
473
469
489
494
495
496
519
529
528
527
548
548
559
573
576
580
584
568
580
567
584
568
565
580
578
565
582
570
588
563
575
546
564
561
560
547
559
577
565
577
568
571
569
570
564
580
569
581
585
585
582
564
575
573
578
575
584
586
565
605
611
618
599
612
598
610
590
567
513
447
387
475
231
234
208
173
547
341
310
310
304
526
282
276
471
448
263
257
245
554
244
511
400
598
366
384
495
371
420
356
329
293
456
437
430
234
170
152
488
575
198
536
412
401
426
343
163
156
173
171
169
188
189
206
219
218
206
245
246
263
263
293
292
293
292
312
312
328
329
348
348
351
364
349
363
348
360
361
374
346
359
439
438
459
457
476
477
496
496
515
514
530
523
539
541
560
549
553
563
566
565
571
573
570
572
568
554
563
542
555
543
538
542
538
537
545
548
525
534
514
502
506
531
527
526
525
518
531
528
530
551
544
540
554
551
538
553
542
566
552
565
557
566
574
580
556
542
508
559
550
528
515
560
554
568
567
573
553
558
551
553
563
564
558
565
563
542
572
559
572
572
575
565
572
565
565
562
566
554
565
570
556
573
565
571
573
571
546
559
551
555
547
538
547
571
548
580
564
563
581
581
596
588
585
598
591
591
607
592
588
596
591
603
590
604
589
601
593
600
593
611
596
593
606
607
590
587
605
582
597
579
589
571
579
567
552
556
586
571
582
567
574
583
545
585
510
532
523
545
533
540
525
534
530
517
527
534
535
510
485
532
491
482
516
503
498
510
503
506
498
502
491
501
491
502
503
496
511
498
516
513
510
498
494
505
483
481
509
502
515
505
521
499
513
500
518
498
510
502
516
502
509
518
521
503
521
520
507
493
492
493
508
494
508
495
490
520
511
508
506
505
521
518
495
514
509
499
505
503
504
501
502
500
507
496
492
492
507
496
514
506
512
506
511
503
510
496
511
501
514
501
515
513
521
519
480
425
497
458
445
506
427
403
379
412
515
429
386
469
424
485
475
472
461
477
491
497
499
490
502
506
497
502
487
490
504
489
496
498
484
494
491
493
498
486
493
482
473
479
462
492
473
469
480
404
356
447
357
469
366
355
359
412
418
417
431
432
434
450
456
465
466
465
494
492
499
504
502
510
491
500
491
500
503
520
508
511
513
504
509
506
514
502
508
500
519
501
512
499
518
531
524
528
509
525
490
504
493
494
491
503
500
519
532
526
507
518
494
511
499
468
523
492
464
516
512
503
506
496
503
508
514
505
493
491
502
483
493
499
502
500
481
491
502
504
491
507
500
491
502
497
499
483
493
485
493
481
460
460
459
485
493
489
490
497
488
475
490
497
473
469
469
486
485
502
497
510
501
501
500
512
503
504
511
507
510
523
502
515
500
487
495
503
500
492
464
469
333
444
207
208
200
197
192
187
494
289
134
269
435
259
252
391
222
370
219
357
367
429
346
475
341
429
309
182
169
300
155
420
139
146
283
126
388
245
234
375
451
305
400
271
325
169
4
3
26
63
118
132
133
147
164
163
171
171
178
176
178
205
205
220
220
234
234
261
260
261
284
282
302
301
321
321
299
343
335
351
361
350
362
389
389
405
409
413
413
434
434
455
454
466
479
467
479
499
506
500
500
507
499
499
517
507
501
523
517
512
511
525
519
525
509
515
511
504
505
506
520
510
519
506
522
515
515
508
511
525
521
529
502
510
523
519
510
499
506
506
520
507
513
513
531
518
535
515
530
519
537
536
541
521
530
516
527
532
528
534
542
529
529
534
545
544
544
537
546
539
547
540
545
539
542
539
538
540
537
540
533
535
532
515
532
527
530
539
531
528
536
535
525
528
517
511
528
528
513
520
499
525
516
533
512
521
513
521
512
513
524
526
512
512
502
514
514
508
501
511
501
493
511
504
510
511
505
519
502
510
501
489
507
511
504
510
505
513
486
466
464
461
500
466
504
496
482
513
493
515
495
505
497
505
510
493
498
499
506
493
509
495
507
461
478
466
506
464
486
504
455
474
502
495
498
492
509
488
487
495
479
496
505
507
498
500
509
508
493
482
484
508
504
504
515
520
512
498
497
491
479
479
497
488
502
500
493
503
488
486
493
481
474
491
480
499
501
515
492
519
515
525
493
486
496
493
484
428
449
490
471
480
441
484
487
469
484
468
469
477
470
462
470
477
473
486
489
475
487
498
497
479
479
491
484
491
479
493
491
503
492
500
499
508
506
494
504
502
500
507
499
487
502
496
482
504
489
464
464
478
478
491
490
498
499
508
507
502
498
506
471
489
505
500
485
492
508
505
495
483
487
495
480
497
494
486
483
490
493
477
483
470
463
480
479
472
467
481
478
474
485
483
468
466
479
472
487
479
488
483
487
487
491
476
494
489
497
485
468
495
475
496
470
493
508
495
502
493
504
506
515
505
500
494
501
502
491
480
487
505
497
524
512
521
511
527
519
514
535
522
516
518
528
538
530
524
515
527
516
524
516
519
515
519
513
524
510
523
513
523
527
507
516
519
521
506
523
515
523
515
513
517
509
503
523
515
522
514
518
508
528
523
498
525
516
508
485
497
520
510
513
519
505
512
513
513
506
510
491
507
503
500
512
509
504
510
500
502
510
513
505
504
501
504
530
528
525
518
518
511
524
533
531
535
513
533
524
502
506
487
520
515
514
504
522
510
519
514
497
499
516
514
504
513
511
504
496
500
509
515
501
519
505
504
514
513
511
514
506
492
502
509
504
496
496
484
478
487
499
503
491
496
485
497
490
492
490
498
497
417
449
438
312
167
342
359
425
411
310
296
288
260
253
484
247
239
461
469
246
223
216
379
397
482
174
382
180
368
489
356
324
274
411
205
185
433
282
395
327
191
364
428
437
426
430
427
432
438
371
438
435
392
236
221
254
236
239
249
260
259
275
272
273
290
290
308
306
320
320
341
342
354
352
356
379
379
399
399
405
406
407
435
434
450
462
463
479
478
494
495
506
506
498
517
505
492
516
503
505
487
502
499
489
498
492
481
495
504
480
498
486
487
487
501
494
487
502
494
496
487
489
490
482
508
496
506
493
506
498
483
498
496
494
506
500
491
486
498
487
501
504
501
486
495
491
503
487
487
503
494
509
498
514
513
512
520
491
510
497
499
499
516
512
521
520
530
522
522
515
522
532
525
535
516
513
521
515
516
500
508
495
498
514
518
514
508
512
483
510
500
505
497
514
501
502
499
495
495
511
509
486
513
500
503
507
493
501
517
490
514
499
503
498
500
487
502
501
493
504
504
494
501
495
510
479
502
496
497
484
484
488
517
504
520
499
506
517
529
508
524
515
516
519
530
532
522
532
528
536
524
534
535
522
532
524
534
533
553
534
534
534
542
530
539
526
532
492
519
526
371
499
225
516
170
397
378
356
348
334
323
317
283
274
264
234
443
199
186
163
404
484
384
465
451
444
295
242
435
182
208
403
311
249
316
307
463
224
300
474
406
420
413
417
404
413
272
366
232
240
238
235
238
265
262
241
240
244
240
260
260
273
281
281
295
295
313
313
331
331
350
349
367
368
383
383
401
400
415
416
428
429
445
445
462
463
477
477
496
497
507
493
502
501
519
517
497
507
511
499
513
506
504
511
508
499
497
510
512
500
510
516
505
511
506
522
506
502
510
496
510
490
476
485
493
485
501
485
479
489
476
483
492
471
492
484
493
488
494
482
496
488
498
493
506
501
509
499
507
497
509
496
500
507
506
507
517
500
489
508
479
503
492
480
503
501
501
489
499
490
506
505
512
493
500
508
516
503
514
516
498
474
521
473
464
490
508
508
503
485
499
510
474
496
487
476
492
478
491
492
479
494
481
488
458
468
439
438
433
481
353
401
278
238
215
407
292
260
241
446
237
236
230
226
382
409
195
211
339
177
154
145
331
134
115
122
395
311
300
390
366
467
343
178
172
175
319
425
237
212
370
452
329
300
209
324
225
160
167
187
187
199
199
218
217
230
238
236
228
205
196
224
217
212
209
216
203
237
197
192
186
176
239
158
178
240
149
174
223
182
230
214
239
208
236
234
195
232
170
219
202
201
174
226
222
179
140
341
347
364
398
407
393
404
391
393
365
210
401
210
169
197
197
215
209
226
226
238
231
250
250
263
263
278
287
285
286
308
309
323
315
321
342
342
369
369
384
386
385
409
409
426
425
423
448
443
460
460
477
478
478
496
498
501
484
494
488
512
504
486
508
500
492
498
480
487
474
499
502
487
501
497
494
511
501
505
505
504
510
519
528
517
530
515
522
519
522
520
510
523
519
510
529
523
518
526
520
527
516
510
493
501
517
510
521
506
509
513
523
515
513
527
515
522
514
516
484
521
506
513
500
492
467
518
523
509
506
513
508
524
502
521
513
500
506
514
514
516
490
506
529
485
473
459
501
463
503
447
491
509
508
523
504
517
520
517
503
517
513
506
499
498
510
523
510
524
524
544
519
536
534
543
525
537
524
526
535
529
523
535
524
524
531
535
520
530
522
531
523
526
537
507
518
518
534
534
517
538
533
539
504
517
521
524
533
531
527
521
520
538
530
524
530
518
532
543
541
523
517
522
537
531
524
529
533
522
534
517
504
528
517
524
521
513
520
518
517
512
524
501
513
524
513
524
524
523
517
530
523
529
519
523
530
525
536
472
495
483
339
323
294
414
240
461
460
155
127
102
310
421
447
404
282
255
379
215
214
214
370
200
182
170
165
353
139
445
349
110
332
302
385
279
271
519
498
191
360
512
143
298
385
121
233
480
106
79
81
112
122
132
149
148
161
161
176
176
173
194
194
209
210
226
226
242
242
252
251
249
264
264
292
292
315
314
330
345
327
327
343
327
328
345
388
388
401
407
407
428
428
443
440
444
464
464
479
472
488
487
498
498
491
492
492
502
486
505
504
451
464
493
485
478
458
488
498
487
500
501
510
511
480
501
483
494
502
498
493
507
496
507
483
482
476
490
490
501
492
499
497
485
499
500
490
500
490
504
491
503
493
499
502
510
512
509
524
505
519
509
512
525
524
513
505
519
512
523
511
508
514
517
516
503
499
494
497
508
484
494
509
501
523
521
525
514
517
512
525
509
509
515
520
512
523
516
530
514
516
516
522
514
512
521
521
517
525
519
529
522
534
523
531
517
532
523
529
518
510
538
526
532
543
543
544
551
554
561
539
550
537
540
524
531
535
534
533
521
532
521
514
516
524
522
509
517
506
510
517
506
512
503
489
507
510
506
485
492
492
498
477
492
494
491
478
484
481
474
475
470
469
460
469
469
461
455
447
463
465
456
468
462
471
459
469
460
472
462
474
465
466
479
465
472
475
479
484
475
478
479
467
475
481
493
484
470
491
485
485
494
498
482
496
489
500
484
485
498
491
473
438
480
152
348
439
330
416
452
286
280
399
480
256
222
367
202
193
185
176
145
466
375
358
307
247
231
219
395
383
447
130
429
326
315
296
270
238
158
341
273
349
361
386
401
408
335
392
408
22555
22551
22595
22523
22524
22524
22521
22516
22518
22519
22597
22527
22523
22521
22596
22597
22514
22525
22542
22525
22524
22523
22516
22523
22543
22511
22731
22730
22750
87
79
62
59
64
68
71
76
79
83
395
22760
22755
358
280
22751
73
64
74
22746
61
22758
22746
22741
22760
22715
416
22730
283
22748
22752
73
73
22758
63
22742
22756
22760
22746
22744
381
75
22731
4
4
4
4
10
5
4
4
3
13
3
4
28
41
41
36
40
25
23
34
25
43
17
31
42
3
21
21
35
36
34
64
83
91
94
124
152
160
153
155
173
167
180
181
189
180
191
186
186
194
199
209
206
209
201
203
206
205
251
257
264
264
251
291
291
307
307
325
325
342
342
342
365
364
358
378
379
402
401
405
417
406
426
430
429
452
451
467
466
479
472
498
482
490
481
485
485
502
492
501
502
491
503
467
507
489
489
505
493
504
496
518
503
508
496
500
508
484
504
493
500
496
501
499
510
493
503
493
500
499
491
507
494
495
495
490
498
492
504
497
515
489
493
490
481
497
490
488
497
501
478
490
499
507
501
496
503
499
511
491
509
501
509
504
506
511
507
516
515
510
521
519
521
509
521
528
530
518
522
534
526
520
529
528
537
525
530
536
534
513
527
529
534
530
531
511
529
536
531
539
523
542
528
527
539
539
526
533
526
538
525
543
527
534
527
545
530
547
533
546
534
547
538
546
538
548
541
553
539
556
543
555
543
551
542
555
544
552
547
557
549
555
543
563
554
562
547
563
548
559
557
560
553
562
552
550
564
552
540
559
554
547
563
552
563
550
563
550
535
549
562
549
556
557
548
555
553
550
557
558
551
556
537
550
550
537
549
537
550
538
545
556
556
542
554
549
544
556
547
554
557
546
574
563
573
555
560
571
556
570
547
576
530
562
539
562
562
549
559
561
566
555
560
552
564
552
557
549
556
547
546
551
549
549
565
553
564
549
560
548
551
551
549
547
543
539
542
536
545
534
539
513
521
509
545
517
518
501
469
442
488
490
490
505
504
521
510
513
508
506
522
507
519
522
507
517
504
512
503
515
503
501
512
503
508
506
489
501
513
484
489
500
510
521
512
521
511
514
495
489
488
520
486
527
509
522
512
532
531
546
520
514
525
496
477
526
506
491
544
471
529
510
502
518
473
454
490
466
485
492
524
514
524
515
527
519
515
514
526
518
518
502
523
515
487
479
496
488
427
295
297
284
245
247
340
230
203
163
129
387
371
363
247
236
499
410
228
430
305
230
298
181
169
490
135
296
114
486
505
442
337
228
222
195
161
146
389
372
215
396
296
230
13
11
3
10
9
18
29
17
32
12
5
9
7
5
3
11
9
18
17
41
42
50
50
55
67
91
89
101
107
113
161
189
188
189
204
213
213
230
229
238
236
252
250
263
261
267
276
272
283
281
292
291
288
314
315
319
322
339
339
348
349
349
372
371
389
389
404
404
428
427
442
441
441
456
455
467
467
477
473
488
487
493
502
477
503
484
480
491
485
481
484
489
482
480
493
492
478
491
477
486
475
470
475
489
472
481
483
483
475
481
468
478
459
473
475
458
471
446
433
464
459
468
473
472
456
475
466
477
467
476
471
461
478
478
472
489
298
241
225
210
195
479
287
281
411
256
273
390
450
252
385
444
243
434
367
377
348
207
334
349
166
406
464
326
303
309
474
260
223
427
185
194
342
220
309
402
168
427
438
443
436
443
446
437
431
440
372
387
386
402
403
290
416
271
276
277
269
300
300
311
310
307
329
321
340
352
352
322
337
376
390
390
404
405
406
429
429
447
444
447
469
471
486
487
496
496
513
513
512
521
504
525
514
531
514
525
513
524
512
527
517
518
526
524
527
507
533
521
516
526
518
529
522
521
516
533
527
536
530
526
502
512
519
513
521
508
506
514
508
523
509
508
517
494
507
515
513
506
516
517
524
506
514
509
498
504
512
509
501
489
486
502
495
502
496
503
488
499
482
496
486
480
498
496
490
486
480
488
482
489
472
485
478
470
463
479
489
468
486
479
492
475
488
475
476
475
485
475
487
491
483
488
480
489
488
491
483
495
481
488
483
488
487
486
498
484
496
496
491
506
481
496
459
483
471
484
496
495
483
497
478
491
484
485
499
475
495
456
484
495
488
497
485
488
496
497
477
488
496
495
484
506
494
504
500
492
488
499
503
497
484
501
492
503
501
473
499
379
321
385
405
455
461
429
429
308
482
320
263
244
430
396
272
254
414
227
472
292
160
180
155
371
355
342
322
315
283
243
187
208
301
214
504
424
359
171
396
435
376
409
99
140
402
83
389
84
121
82
120
91
82
80
140
119
80
79
77
79
101
102
101
98
99
97
139
94
92
88
82
80
80
317
102
427
100
383
95
119
80
423
325
363
309
308
303
299
292
106
303
91
78
65
297
98
295
100
90
305
89
84
81
80
82
101
76
306
100
98
70
101
98
97
301
294
85
299
162
75
67
295
88
78
90
69
13
18
19
52
76
74
58
56
58
58
60
58
61
57
57
55
54
52
43
72
42
42
40
57
75
59
41
57
76
51
41
57
3
3
4
3
20
18
27
31
46
56
56
71
74
68
74
74
87
85
96
98
93
205
195
198
196
205
228
224
228
235
242
219
229
239
236
247
246
263
261
275
277
295
294
308
308
326
326
342
365
364
386
386
399
398
417
418
434
434
445
445
445
446
449
446
443
437
435
431
418
415
408
410
398
398
392
385
384
376
378
366
362
357
359
345
341
337
337
325
322
302
295
290
280
278
274
264
261
256
250
242
444
443
443
440
440
443
444
441
11
9
7
34
17
25
42
15
13
3
3
8
11
28
28
24
20
40
49
52
59
59
56
46
32
13
11
35
48
54
4
3
4
10
10
29
41
53
62
77
86
83
82
83
103
104
105
129
140
161
165
199
192
203
216
215
233
228
244
241
224
205
238
197
192
205
228
202
230
204
199
273
274
284
284
299
299
317
317
331
331
349
344
359
356
359
378
378
395
404
395
401
415
416
404
417
443
441
456
444
463
462
473
473
480
486
485
479
484
477
471
472
442
463
454
454
464
468
481
482
497
490
486
502
492
493
501
490
501
493
501
499
487
481
496
496
492
496
486
482
499
502
495
488
513
437
489
460
499
454
476
447
492
484
493
492
484
488
493
492
488
486
477
495
488
496
500
492
498
481
496
476
491
491
491
477
496
497
492
485
485
495
501
494
464
451
464
495
499
479
483
480
506
492
507
495
472
471
487
486
487
508
508
516
506
512
510
496
504
498
496
504
497
490
506
514
496
491
509
506
515
503
503
512
510
514
512
515
510
517
511
509
521
516
501
491
488
504
503
511
509
518
507
516
495
505
465
476
483
504
498
510
503
514
502
519
512
507
521
498
522
524
527
510
514
516
522
520
502
526
514
514
511
516
518
512
516
521
502
513
494
512
518
514
521
502
508
518
515
509
513
508
519
506
498
490
491
507
509
488
501
524
519
522
512
519
517
517
520
500
490
488
473
507
500
498
487
494
485
490
478
481
497
490
498
484
505
492
490
501
505
485
486
495
484
504
482
473
493
479
488
476
477
488
465
468
483
473
491
459
500
498
481
466
469
477
472
478
479
465
478
486
477
478
467
486
476
469
479
477
476
470
459
477
463
466
443
458
466
456
462
457
452
460
456
469
462
471
473
465
464
470
469
475
461
461
458
476
438
462
453
443
461
452
460
455
464
479
451
465
473
468
475
478
465
468
465
457
473
475
470
467
473
462
465
473
452
451
467
482
482
461
474
483
475
471
479
477
470
483
471
479
494
483
482
495
492
491
494
487
497
496
487
497
479
495
486
474
494
478
488
499
503
481
500
505
515
505
496
504
508
503
512
519
528
515
520
507
521
515
525
520
520
519
531
525
513
505
526
521
522
535
525
530
539
536
525
530
541
546
529
533
529
527
529
523
541
538
527
528
518
511
533
538
533
541
530
527
550
542
545
528
541
539
551
542
558
537
546
532
538
527
532
540
522
526
540
532
524
531
524
540
540
523
524
529
523
529
525
513
517
521
519
507
511
529
521
533
532
533
526
530
531
513
519
511
498
499
514
507
509
503
499
514
498
510
512
500
513
502
512
521
515
505
489
508
511
502
524
513
509
517
517
505
518
508
522
512
528
521
532
531
529
532
512
523
516
522
502
509
523
492
514
504
503
515
505
512
520
512
518
538
516
524
519
515
526
520
534
509
518
522
522
521
520
513
531
524
507
520
524
500
525
514
518
520
505
498
493
498
485
517
492
498
487
501
514
491
491
487
511
518
510
524
510
521
514
501
501
497
503
489
502
482
485
490
468
489
478
482
466
483
483
490
477
488
477
484
469
476
479
485
477
484
477
495
482
497
496
504
495
504
512
505
497
471
496
486
506
486
498
492
493
499
496
495
505
518
507
510
518
514
518
517
522
514
525
510
526
520
529
518
519
524
520
532
519
515
537
530
522
534
525
533
527
521
508
531
518
523
530
532
523
532
533
507
542
523
524
514
516
528
531
520
531
524
524
522
525
514
514
529
510
525
517
526
519
523
537
535
538
524
529
521
543
526
542
525
544
544
532
542
534
539
534
533
531
544
537
546
533
536
542
545
543
549
538
533
543
529
550
549
542
549
540
548
541
545
549
528
521
516
505
501
491
486
477
477
470
455
453
449
445
435
437
431
416
413
403
402
392
386
381
378
368
370
357
353
348
348
334
330
320
321
316
316
305
293
285
281
277
268
260
542
256
540
531
249
285
285
79
142
121
157
157
172
172
188
187
204
204
219
219
233
238
222
242
242
257
257
273
273
285
294
287
274
235
145
281
293
277
271
271
291
268
262
295
259
261
237
219
252
290
202
286
168
156
155
295
290
282
280
265
288
284
191
173
282
274
291
269
267
288
215
185
361
354
362
369
377
417
409
409
402
189
382
403
181
210
210
227
238
238
252
251
263
264
280
280
291
297
296
304
305
306
303
333
332
349
354
353
371
370
381
222
369
367
375
368
363
348
338
315
325
385
372
296
255
244
266
234
238
371
182
373
176
214
381
368
365
374
284
313
371
202
377
379
356
376
191
270
385
419
435
455
462
452
455
466
453
450
460
446
461
410
458
434
431
250
328
269
269
287
286
303
302
314
312
329
329
344
344
358
357
354
381
380
398
399
411
411
423
422
437
432
446
447
460
459
474
473
479
482
488
474
478
495
504
486
497
488
495
488
487
499
490
475
495
489
477
458
485
495
452
468
492
484
496
486
500
489
497
493
498
490
494
501
487
497
477
487
482
484
490
489
486
494
489
504
491
493
494
490
499
516
508
493
493
505
498
509
502
512
506
523
510
514
513
513
521
521
511
524
523
542
512
512
529
519
509
499
512
508
501
496
511
505
495
507
509
521
511
526
517
511
528
510
519
508
500
510
528
527
506
514
510
517
529
523
521
507
520
508
519
508
515
514
526
503
510
504
514
502
521
526
520
507
524
509
522
520
531
521
540
530
530
537
528
531
533
533
518
527
529
536
524
541
531
524
526
531
525
544
530
535
514
525
531
522
538
532
528
535
513
494
528
508
533
492
523
515
533
520
516
510
514
508
516
496
510
496
505
512
509
497
513
502
501
495
488
502
489
500
491
501
488
497
486
502
495
500
491
494
486
499
482
510
468
477
483
476
492
487
488
491
473
487
487
500
494
509
496
490
499
489
515
504
514
497
512
508
519
506
517
503
519
516
494
521
501
508
521
516
525
510
512
518
522
517
519
520
537
533
515
508
523
530
518
522
531
529
536
499
518
529
516
538
510
529
519
521
518
521
533
532
513
523
524
509
518
512
519
505
491
512
502
519
517
514
513
509
507
518
501
518
512
530
513
510
520
504
498
516
502
510
519
507
498
509
502
509
508
502
518
500
513
498
515
499
504
508
514
514
482
496
501
501
493
500
506
486
498
493
493
506
498
519
491
499
492
495
504
484
491
499
476
487
481
492
484
478
475
479
482
500
494
497
496
511
510
512
505
513
505
512
496
513
508
511
514
494
496
504
504
501
510
517
504
513
494
515
506
500
505
502
509
510
521
510
518
516
514
500
512
472
454
511
374
369
367
359
357
349
347
340
339
334
328
325
328
316
303
303
302
302
297
279
284
283
285
267
266
253
256
255
247
251
240
232
235
238
472
410
416
463
501
380
504
443
422
422
391
478
510
4
3
15
3
15
4
3
5
17
15
22
27
42
56
72
59
31
59
33
54
20
49
35
21
19
36
41
55
9
7
17
39
29
25
31
50
48
16
44
36
47
49
48
10
8
32
39
16
38
17
25
34
4
13
14
11
35
36
38
33
45
47
59
64
77
74
86
74
95
84
153
174
188
184
191
187
190
214
200
203
216
219
226
210
218
224
239
237
250
265
264
281
279
297
297
312
312
330
329
343
358
358
343
382
382
395
395
410
410
420
424
438
439
432
424
465
464
478
480
480
503
503
492
510
507
500
487
506
499
493
495
505
512
504
520
500
510
499
502
518
508
502
502
513
507
492
500
507
500
497
502
507
505
492
501
505
494
505
498
498
506
503
513
493
493
505
493
503
486
502
477
491
495
493
497
504
505
497
490
492
502
504
487
473
494
482
486
493
493
483
491
479
486
488
480
491
467
486
474
483
482
484
477
481
473
461
478
469
458
477
467
478
471
466
473
478
467
475
469
475
465
468
484
467
477
469
471
477
484
468
471
478
475
466
475
471
471
459
475
457
447
438
431
434
427
427
414
416
416
401
396
391
380
381
375
372
368
359
351
347
343
338
328
326
325
317
314
304
288
292
290
286
276
266
266
257
255
252
253
240
241
233
229
222
224
219
220
452
462
3
8
10
16
17
37
34
12
13
28
23
37
27
14
51
4
4
7
15
12
11
22420
22419
118
139
136
99
76
15
40
21
74
13
72
88
29
36
70
7
17
20
20
12
20
46
15
14
50
42
19
17
15
7
7
15
47
22
35
16
31
43
41
37
43
66
64
80
54
81
64
53
66
77
36
54
47
42
53
55
32
52
11
8
5
4
1
5
5
4
5
2
3
18
18
14
16
30
28
43
32
50
40
38
60
52
43
19
27
36
18
50
40
4
17
20
17
26
35
44
36
13
15
8
11
17
12
14
3
15
28
9
19
14
3
12
16
10
36
37
31
49
50
57
58
61
64
62
70
83
88
81
101
100
102
108
106
217
209
218
208
223
216
218
222
227
217
230
228
238
237
251
252
265
268
282
282
296
297
315
327
322
342
341
358
358
355
381
381
400
402
420
419
430
431
433
459
458
476
476
504
517
515
503
513
547
548
556
552
561
549
562
567
555
564
553
565
554
556
573
568
556
554
561
566
556
569
561
572
561
568
560
560
567
568
560
576
560
577
557
573
557
573
560
577
558
571
568
567
568
557
554
558
540
558
560
563
552
559
544
548
556
551
548
554
545
547
554
552
541
553
544
555
543
547
553
542
528
549
547
535
551
534
534
541
548
536
548
536
537
549
551
537
550
536
549
536
552
536
533
538
544
548
544
542
552
522
536
541
533
543
547
531
538
536
534
529
534
522
529
522
539
524
525
537
541
527
540
532
536
530
537
534
536
533
519
539
522
539
522
529
518
527
516
530
518
530
519
531
529
533
527
532
530
534
531
515
533
532
525
538
531
537
527
535
526
545
530
523
541
534
544
537
462
520
536
518
480
445
465
503
496
533
484
534
543
469
410
394
380
379
367
361
521
321
305
430
145
139
140
121
315
463
272
493
285
444
254
485
502
239
224
357
214
422
205
348
341
518
338
136
408
483
305
291
269
247
139
135
388
450
170
138
3
16
13
35
44
116
115
153
154
172
172
190
191
210
203
225
225
232
229
231
231
230
267
274
275
288
291
292
288
290
314
327
326
344
346
348
351
350
344
334
336
340
343
346
341
296
288
280
276
272
264
260
309
239
183
191
194
196
194
186
239
239
228
202
345
183
346
350
334
346
344
330
345
336
243
304
352
336
334
352
323
226
334
5
18
28
32
31
57
58
80
122
188
190
208
198
213
204
222
218
231
233
247
246
270
269
291
290
310
308
330
329
327
319
347
344
348
345
349
388
393
392
381
416
413
414
443
441
459
457
458
487
488
491
519
519
538
537
538
577
581
588
588
608
589
600
590
599
585
577
592
588
593
590
583
591
577
569
583
560
563
564
580
570
560
571
553
549
552
567
574
574
571
543
562
573
554
563
559
567
548
541
566
552
544
543
560
552
545
543
529
545
545
541
530
537
509
530
461
508
500
485
487
530
470
517
519
508
519
517
509
521
511
496
503
520
512
522
516
515
517
523
509
507
506
519
514
516
525
519
528
523
538
518
527
514
510
523
515
529
520
510
491
501
511
516
515
525
522
537
497
515
516
532
530
531
552
562
548
556
541
555
552
553
559
570
558
568
558
574
564
573
568
575
563
574
562
580
559
536
526
518
506
499
493
486
481
484
481
459
462
530
355
301
272
255
217
398
342
325
565
316
445
296
399
422
245
241
223
198
366
174
166
425
158
515
337
459
283
262
381
205
546
185
414
437
373
3
2
4
5
14
5
17
19
17
6
19
3
11
10
12
29
42
36
42
41
48
57
73
70
71
42
22
53
35
33
28
69
41
30
67
50
4
11
13
15
13
6
7
34
34
28
28
46
46
57
44
90
98
99
99
98
103
114
180
175
191
187
197
200
199
224
225
233
234
230
245
247
239
249
255
251
256
259
272
272
287
307
298
306
298
284
287
344
344
359
360
377
377
395
395
412
411
426
426
444
444
461
461
477
477
493
491
483
496
502
507
512
509
504
504
524
513
527
524
529
514
536
532
546
534
541
548
537
546
539
528
535
550
552
543
545
560
497
534
509
522
519
527
537
534
534
530
536
530
534
522
540
534
545
537
551
545
553
546
564
563
556
552
501
510
532
557
523
552
523
537
539
538
537
529
535
526
540
534
523
523
541
538
544
557
550
553
551
571
561
546
558
561
554
558
557
564
548
547
574
585
579
581
576
575
575
567
567
566
552
565
538
547
561
538
543
543
558
559
563
547
506
537
520
572
531
560
540
540
535
533
542
510
533
531
549
527
494
476
488
462
466
513
459
534
526
452
505
499
502
492
502
492
499
503
509
497
512
502
517
508
519
497
500
518
509
514
526
511
524
521
524
508
514
515
529
531
530
544
532
549
538
527
528
544
551
556
531
509
550
513
513
538
538
558
559
573
585
571
562
581
583
590
563
573
581
561
573
575
570
568
561
571
579
579
571
563
581
568
582
580
564
569
571
570
577
557
567
575
572
586
580
552
571
571
561
565
557
549
561
548
555
548
534
527
521
540
538
538
544
531
538
545
547
538
525
536
544
544
559
546
546
545
535
529
536
529
548
538
543
537
544
542
550
535
528
545
543
540
532
546
528
533
531
545
542
550
539
551
551
552
522
488
532
413
509
456
492
436
274
248
270
378
441
161
153
125
113
119
294
517
383
258
243
214
372
213
206
195
173
365
357
356
138
357
421
313
287
404
544
521
171
334
442
306
478
188
413
233
150
4
10
3
38
53
60
61
78
107
127
129
128
183
185
204
204
217
206
200
208
166
124
181
168
178
175
168
197
164
160
216
151
196
147
198
124
208
182
215
181
124
218
120
179
117
167
166
161
150
130
122
117
122
208
208
165
123
216
152
114
379
414
444
445
450
446
390
242
255
258
272
220
221
220
219
232
235
230
236
236
236
232
233
237
307
309
301
324
324
336
325
334
335
337
389
389
406
406
423
424
437
439
445
447
444
478
478
444
443
503
499
420
365
336
338
338
330
326
495
376
267
262
254
247
503
205
484
326
182
142
304
460
290
395
402
360
464
365
440
366
240
421
221
499
196
187
157
413
308
312
303
183
445
294
475
219
187
240
5
10
4
185
25
20
48
122
144
137
155
160
159
155
184
184
199
200
213
212
230
230
245
242
254
255
272
271
287
286
304
304
319
321
320
344
344
361
361
373
373
388
387
404
404
420
421
442
451
451
466
466
467
488
495
511
511
527
532
541
529
550
542
545
536
520
535
529
548
509
525
513
541
531
541
548
543
535
547
556
550
559
560
560
575
551
554
564
553
563
553
570
562
566
565
571
566
578
564
576
575
565
585
564
581
559
567
554
563
559
553
552
554
540
552
549
560
557
543
544
546
532
526
526
540
544
540
506
530
503
544
519
530
529
532
529
537
523
534
526
541
523
534
508
525
517
509
516
510
519
522
515
500
501
513
500
521
511
523
511
515
518
530
535
518
540
536
540
537
540
547
554
557
545
549
560
529
547
554
539
535
558
532
556
556
558
536
556
549
559
543
545
553
544
544
544
571
549
557
566
579
584
589
578
589
577
584
567
584
585
576
584
565
546
557
521
450
429
508
410
568
457
389
410
497
486
440
395
536
473
529
533
403
520
501
539
527
531
536
545
536
548
545
546
537
532
545
544
541
551
558
526
532
524
531
522
535
528
545
529
538
532
516
539
532
534
456
436
480
464
463
478
477
498
495
498
525
524
542
541
559
560
573
567
576
557
568
562
570
554
539
563
557
565
551
558
562
544
559
558
549
554
548
551
547
555
550
557
551
550
561
555
548
556
544
552
564
567
557
565
556
570
561
568
548
568
561
577
589
586
579
591
584
595
588
607
591
607
581
602
596
603
602
595
612
597
601
615
619
602
613
606
613
607
615
601
596
608
601
584
564
535
580
595
508
499
567
589
544
523
589
574
552
560
582
569
559
553
555
546
546
480
164
164
555
363
380
337
348
316
307
448
299
538
440
279
169
243
166
169
167
167
426
164
498
164
423
383
471
524
281
289
405
263
164
396
463
501
330
516
344
325
354
379
378
391
409
403
417
401
365
192
201
201
206
218
225
225
244
244
258
259
276
276
295
287
295
311
311
333
333
351
351
364
374
385
386
401
403
416
417
432
431
451
443
459
460
456
457
458
457
459
483
502
519
518
533
518
519
526
513
526
513
523
511
501
503
509
515
502
514
508
472
463
476
491
498
495
477
485
478
479
492
479
495
483
499
495
486
491
490
484
466
477
489
486
484
485
466
485
487
488
496
495
491
479
485
483
469
478
483
477
478
484
486
494
483
474
471
470
450
459
466
467
480
480
498
511
505
513
506
496
494
486
491
499
496
485
473
482
493
486
491
480
481
473
480
477
488
483
489
499
418
411
429
440
149
474
372
356
325
334
305
285
272
388
263
453
243
404
462
237
377
200
209
175
229
190
427
141
357
343
452
312
292
262
216
476
161
406
262
355
157
192
363
374
399
414
404
188
162
203
390
405
312
205
205
221
222
223
237
222
252
252
268
267
268
287
287
301
301
319
316
330
325
325
346
348
365
365
380
380
381
407
408
424
424
439
438
456
456
472
472
493
501
493
500
518
520
533
532
549
542
533
540
513
504
510
496
503
520
512
513
486
506
487
507
496
503
510
497
506
495
499
507
506
520
518
501
489
502
504
502
495
501
492
501
493
501
494
492
507
498
486
492
501
505
487
496
490
484
490
501
492
491
500
501
493
497
487
491
506
502
493
514
511
514
508
522
510
519
512
471
464
463
434
493
350
335
323
397
291
256
225
176
449
318
299
384
368
279
378
419
360
215
355
205
427
166
348
514
166
159
136
401
444
103
313
480
269
235
188
411
495
134
280
207
116
243
141
25
33
80
94
106
112
109
110
112
111
147
147
159
159
178
177
192
195
202
203
222
220
221
240
254
254
273
273
287
287
300
301
302
328
326
338
344
349
350
354
358
362
364
369
372
375
374
379
378
343
350
349
239
177
148
340
303
290
285
278
242
270
344
349
228
198
349
185
168
194
168
152
379
309
338
351
259
218
327
340
319
340
241
343
211
