30
61
22
50
92
85
114
131
178
166
166
177
127
172
112
172
187
219
187
245
245
273
289
286
283
219
243
271
403
401
415
414
433
427
449
459
449
464
482
482
497
498
500
526
541
539
525
428
470
461
579
580
603
620
636
652
653
668
656
666
667
672
648
663
664
643
619
604
637
651
628
661
661
667
661
580
566
564
575
558
568
581
574
678
587
574
562
557
597
588
584
617
596
608
609
628
632
604
605
595
600
612
619
614
627
608
593
620
634
635
624
633
660
638
646
651
607
643
536
604
572
635
606
662
551
568
611
601
617
600
611
605
622
614
603
615
599
607
622
579
574
568
579
586
572
586
570
574
569
564
551
558
578
541
552
569
528
549
553
529
495
528
507
507
512
515
506
471
492
490
495
490
495
514
515
532
527
541
531
529
546
538
531
535
503
529
507
518
527
529
531
542
549
548
541
540
545
537
535
543
520
528
526
541
522
539
534
524
542
555
534
551
537
553
562
559
553
558
556
548
540
553
545
544
548
551
530
498
537
540
526
504
516
532
532
524
541
549
526
541
507
482
516
452
439
475
432
497
454
433
467
512
525
496
495
506
500
502
498
478
489
500
484
488
495
476
544
532
542
543
555
553
546
568
553
556
564
573
564
578
572
568
587
554
570
552
564
572
570
556
505
522
517
526
537
547
557
550
553
527
579
547
575
586
568
588
592
595
585
591
584
597
594
521
583
540
534
531
524
537
527
526
535
517
525
513
504
495
509
504
513
490
492
503
503
513
510
496
490
490
498
482
495
491
496
503
492
483
496
499
487
479
455
480
445
454
437
453
477
425
443
445
435
415
426
448
417
448
456
458
459
457
449
458
459
448
457
466
473
466
465
479
457
451
469
462
472
464
478
459
457
455
452
456
460
445
472
466
473
473
468
462
470
478
476
485
471
484
484
483
488
486
500
499
507
476
466
484
468
478
471
469
475
460
467
476
475
466
474
470
463
470
474
466
471
469
466
460
466
460
457
465
470
471
474
447
456
447
447
458
461
461
450
449
465
458
450
441
445
7799
7784
7798
7801
7785
7828
7818
7843
7829
7845
7878
7874
7832
7943
7943
7966
7960
7979
7969
7981
7972
7980
7973
7984
7983
7991
7990
7991
7979
7974
7986
7987
7997
7984
7998
7990
8007
7996
8010
7997
8010
8003
8020
8023
8013
8000
8009
8022
7987
7995
654
664
581
608
651
652
592
591
603
605
576
576
590
505
493
499
489
495
503
508
506
516
508
513
518
506
523
513
527
526
523
525
528
517
532
520
534
530
535
528
521
535
533
530
531
528
531
544
545
541
559
559
570
562
559
555
567
559
567
551
569
562
571
561
549
558
565
574
561
569
559
566
556
569
558
565
557
568
561
571
563
563
557
574
541
554
545
541
567
554
573
572
555
576
564
566
562
573
571
559
564
575
578
565
577
564
580
521
482
415
563
301
532
543
393
518
358
314
304
474
240
253
461
227
453
173
315
188
574
152
129
145
109
401
88
425
80
386
501
318
328
298
229
187
441
161
524
104
372
244
199
120
341
552
351
436
4
5
22
33
56
105
128
128
114
118
121
124
124
125
127
109
103
125
113
115
128
110
108
112
105
103
103
123
95
92
90
90
120
87
114
112
106
126
100
96
113
87
126
124
126
93
5
4
4
31
26
27
30
49
52
21
40
51
19
48
44
42
8
6
30
42
31
56
68
40
65
35
38
34
20
55
71
69
65
31
57
30
8
4
9
7
7
12
20
23
8
19
36
35
41
57
55
66
67
85
108
119
121
129
128
143
150
100
78
69
134
92
96
131
113
80
72
102
97
61
46
94
80
136
70
62
45
139
112
88
4
27
43
51
49
67
64
74
61
101
105
94
145
145
118
106
132
76
92
65
64
63
62
82
82
119
64
64
116
65
66
67
67
85
133
62
66
81
119
61
66
143
97
5
14
28
37
29
52
62
90
92
106
199
188
205
210
210
224
219
240
239
240
210
233
209
223
192
241
145
142
204
203
202
200
198
198
198
209
197
197
206
194
194
205
193
182
175
229
205
204
157
234
206
204
228
203
205
205
200
207
195
194
206
205
163
209
134
226
191
7
6
33
33
34
29
50
49
92
121
132
131
135
156
155
144
138
112
144
141
134
132
123
123
118
124
114
153
104
139
103
120
102
83
99
142
83
67
68
68
66
136
135
137
117
142
118
141
156
101
138
70
137
68
71
141
131
116
142
81
122
103
3
5
20
13
28
27
66
84
83
81
114
167
167
185
183
195
193
214
214
228
230
242
260
278
273
297
297
279
262
333
317
317
332
355
355
373
374
397
378
396
395
410
410
412
434
434
436
449
449
464
464
482
481
499
499
516
515
517
544
544
544
537
571
556
535
567
551
550
543
558
551
567
540
543
535
550
568
539
550
531
552
522
543
539
526
525
541
527
538
545
547
542
544
559
542
552
548
535
536
557
567
572
570
572
581
569
562
578
563
550
566
569
580
590
554
529
534
514
513
504
502
565
573
575
547
566
555
553
568
542
524
570
560
554
502
544
516
532
540
533
541
531
523
539
525
530
520
527
504
535
504
517
491
501
494
490
505
503
493
482
505
495
477
472
427
428
433
428
452
451
467
466
479
480
477
466
486
453
495
471
452
492
460
493
476
481
482
472
465
466
485
473
481
466
481
481
490
494
502
484
490
498
498
484
497
489
473
483
473
486
486
468
476
461
492
493
474
483
493
488
492
484
501
493
495
480
477
476
494
487
502
501
504
496
493
512
499
512
520
501
497
525
512
513
508
514
509
499
506
494
505
510
497
506
510
502
507
512
522
519
520
526
524
529
542
529
523
538
519
515
534
533
517
531
531
520
532
525
531
521
536
532
529
528
530
559
560
548
546
550
509
465
430
476
393
529
286
263
370
533
483
341
321
537
445
495
285
425
420
235
216
220
198
187
388
379
182
502
173
154
127
451
134
331
304
279
250
411
203
360
461
153
352
120
319
254
179
104
520
7
16
14
33
41
43
50
77
134
136
136
148
143
142
159
157
157
183
182
198
199
217
213
233
233
253
252
265
266
283
282
303
303
322
323
341
340
364
365
384
384
401
402
421
422
438
438
458
458
473
479
491
478
472
489
525
525
538
536
523
531
519
547
538
539
543
532
530
525
514
530
514
506
527
532
514
510
522
521
514
511
521
523
507
510
519
503
512
519
503
513
505
503
514
509
499
485
500
499
499
506
516
506
514
499
498
491
498
498
487
485
492
486
486
482
496
491
493
502
479
495
502
498
498
506
495
507
504
501
498
493
502
495
505
485
499
488
491
507
473
496
504
509
499
505
513
522
507
495
501
508
510
519
503
501
515
517
501
516
509
525
517
498
498
499
519
516
533
528
520
529
500
507
505
512
503
509
509
490
502
494
510
478
492
505
494
510
519
496
487
504
481
491
483
485
492
493
491
489
507
496
485
488
500
494
494
480
490
497
486
497
487
493
488
465
494
493
475
503
499
498
507
514
503
521
507
514
506
519
518
525
522
539
516
515
497
514
514
529
510
500
515
511
495
505
518
512
499
509
509
486
499
495
503
495
503
503
485
487
504
496
496
505
508
497
511
508
465
455
471
508
491
484
495
483
489
494
497
497
513
495
507
495
503
512
484
502
496
467
474
444
501
500
508
490
507
502
506
506
512
506
496
498
500
510
518
514
500
499
512
518
505
515
496
508
462
466
496
495
497
515
511
516
503
499
512
503
478
455
460
473
394
439
492
484
441
450
493
468
469
481
485
475
472
483
482
465
471
482
475
482
472
454
448
490
474
468
462
463
471
463
475
470
473
475
470
473
471
467
449
462
456
446
457
463
453
476
468
463
481
451
432
476
453
449
467
476
481
476
485
485
482
493
483
475
492
486
481
480
487
477
484
492
473
490
491
506
491
499
494
506
500
504
507
505
513
502
492
502
495
506
497
505
513
512
511
501
490
500
497
501
498
494
500
505
498
489
473
470
498
503
492
490
469
485
467
484
490
490
492
474
491
477
479
490
486
477
469
476
468
455
476
462
470
449
10209
10217
10194
10131
10158
10176
9895
9846
10085
10149
10026
10188
10028
10016
10166
10127
10020
10005
10195
9985
9965
9948
9932
9918
9926
9912
10096
10142
9878
10074
10174
9863
10056
100
10064
10027
10025
10010
9982
9997
9934
10100
9897
10208
9884
9872
10112
10116
9958
9897
108
4
2
18
10
9
7
6
19
39
16
25
11
12
26
14
7
19
18
36
29
41
22
8
30
27
4
13
26
18
22
6
20
31
34
5
13
25
36
25
34
43
45
62
68
73
86
57
45
37
32
23
92
71
35
19
68
78
96
40
20
66
55
58
4
8
6
29
29
51
40
47
48
37
56
68
70
98
101
99
111
100
103
104
105
128
128
140
130
227
224
241
239
257
250
269
256
268
271
279
275
291
282
293
292
310
310
311
313
330
326
314
341
339
354
356
370
370
367
390
389
406
407
425
424
442
442
460
460
478
488
486
477
487
514
513
528
528
536
532
543
537
550
534
544
531
540
520
527
499
510
524
496
517
529
521
519
519
511
522
518
509
507
488
505
511
496
499
498
500
488
496
499
487
504
486
481
495
498
481
482
492
480
481
492
481
493
484
490
483
482
479
498
494
484
497
481
470
481
483
482
504
470
468
492
492
489
507
496
496
505
506
505
493
506
501
508
503
512
512
508
519
513
520
499
505
514
502
499
493
519
521
500
516
510
520
517
520
528
511
515
517
498
498
498
509
497
506
502
504
506
497
520
509
515
507
519
518
516
512
505
513
495
499
516
503
498
495
501
494
505
473
494
484
504
502
496
510
479
495
506
495
501
490
502
497
504
499
485
497
495
500
513
517
507
510
524
524
530
507
531
506
527
502
494
473
487
518
505
478
502
519
519
521
528
518
515
529
511
495
543
531
550
534
538
536
544
546
563
532
521
536
543
514
534
543
531
552
544
559
552
543
569
559
554
565
553
561
560
562
557
579
563
578
575
573
538
578
564
557
556
568
558
571
562
571
571
564
564
569
569
574
561
569
562
579
565
568
548
546
536
561
535
539
546
519
556
537
542
536
542
534
514
518
538
499
509
437
413
407
392
384
382
376
371
365
353
356
351
434
468
255
232
161
144
301
470
270
395
525
454
259
253
252
452
212
244
511
201
341
162
183
523
162
332
309
321
296
286
222
195
171
261
492
419
481
4
19
8
11
18
6
5
10
6
4
14
23
24
14
23
43
37
35
55
47
64
34
47
24
54
24
76
57
13
19
44
3
6
27
8
24
18
4
16
17
20
26
40
38
30
39
53
59
57
70
55
66
40
28
31
54
42
13
45
12
19
26
25
32
22
20
30
6
6
12
9
29
7
27
5
20
19
37
41
58
55
44
65
84
61
76
59
72
63
90
67
70
36
84
14
56
65
82
78
17
7
12
9
12
35
10
6
29
28
4
9
4
4
24
21
22
20
24
14
17
38
8
3
7
16
14
39
50
62
78
81
94
113
124
126
109
97
62
51
82
122
70
86
94
124
82
62
85
53
110
77
99
71
69
58
50
113
71
71
59
12
8
27
6
23
25
10
6
8
5
28
26
52
62
51
70
49
48
28
19
69
49
34
38
45
43
22
39
36
34
64
51
41
63
48
32
23
66
52
62
59
49
25
4
17
9
21
17
32
7
7
6
4
38
38
27
38
35
31
13
24
20
52
13
8
5
7
13
11
5
19
30
22
60
61
88
57
59
50
43
27
65
76
51
29
21
48
24
87
11
23
44
44
54
70
77
92
81
110
110
119
122
109
112
106
150
161
226
220
249
247
267
257
273
273
272
283
294
291
299
299
304
296
273
297
281
294
272
271
269
262
257
242
235
138
261
275
275
282
243
301
275
241
240
271
208
281
268
183
187
165
277
158
264
133
117
260
259
256
296
272
291
226
200
284
263
116
258
241
145
267
266
115
5
22
15
18
36
48
61
65
107
114
110
132
144
145
157
159
172
171
167
198
200
213
232
232
252
214
253
232
253
294
294
313
313
332
331
351
360
360
380
380
401
396
414
416
435
434
445
458
456
455
477
473
472
489
500
514
501
508
508
500
547
547
549
550
263
458
211
434
397
371
531
341
330
315
299
277
368
474
476
447
220
204
413
160
174
186
130
147
126
117
99
488
79
486
386
314
255
230
192
514
142
534
170
92
75
344
244
423
127
284
424
239
8
8
27
36
7
8
16
26
15
34
5
16
14
9
13
18
5
23
35
49
55
56
57
79
77
83
108
110
124
128
128
71
115
126
82
104
73
67
70
133
100
137
44
40
30
106
62
93
5
9
18
22
22
9
9
6
22
24
14
24
30
17
11
13
41
50
22
18
4
7
5
18
12
19
34
22
17
11
18
30
26
5
3
17
30
29
41
44
44
61
62
68
59
77
86
97
80
77
41
59
29
73
63
46
42
28
31
45
6
3
5
10
8
27
29
53
49
36
53
54
46
53
55
63
53
73
80
78
87
95
102
86
73
71
90
98
119
68
116
62
32
15
93
90
75
107
109
19
86
3
5
3
4
25
20
17
27
19
26
43
35
50
55
42
46
53
49
46
56
47
45
32
44
3
10
16
15
20
18
35
28
24
6
5
15
32
35
37
50
43
30
49
24
57
62
63
47
83
103
104
122
104
71
92
96
95
95
113
103
107
111
113
81
154
178
175
157
154
217
201
216
60
60
68
61
61
60
97
102
62
72
65
65
211
105
60
66
67
65
61
214
61
61
104
67
103
60
66
5
3
6
29
14
21
24
4
24
10
8
9
43
43
58
50
67
89
96
98
110
131
161
176
212
224
214
217
218
218
203
188
161
219
222
186
172
219
139
142
151
130
177
175
139
135
136
139
136
194
136
136
160
140
142
139
156
192
142
136
146
131
139
149
138
139
170
134
158
144
225
152
167
158
213
138
212
6
5
4
16
16
29
27
49
38
53
72
92
85
97
95
92
85
82
103
93
67
42
33
89
100
107
28
30
30
105
73
71
65
76
46
70
5
12
15
19
23
21
25
14
27
18
13
34
25
53
56
73
66
48
62
47
99
129
117
115
111
107
88
109
105
116
147
214
210
211
221
222
223
245
241
245
245
248
249
282
286
285
301
296
277
273
272
290
285
280
288
279
276
283
275
279
284
274
283
343
342
364
374
363
376
395
389
408
408
425
425
436
435
435
459
460
462
463
470
468
465
487
467
477
479
479
487
485
466
487
463
465
465
469
468
473
465
456
454
414
414
434
445
433
446
445
478
464
463
462
491
494
500
486
481
504
490
483
477
469
485
493
488
492
481
485
497
479
490
496
493
479
500
498
498
482
503
503
487
490
499
489
489
495
510
503
508
510
505
504
494
479
488
480
483
489
503
487
482
498
491
493
502
498
498
486
492
507
499
505
493
506
504
506
490
484
490
502
501
506
500
492
510
498
491
500
508
515
512
495
501
515
513
511
506
511
501
503
486
504
485
524
524
527
528
509
498
505
493
504
505
495
505
511
501
502
501
508
513
511
494
504
497
485
495
485
474
489
509
508
497
518
504
482
485
503
498
491
473
487
477
472
483
481
487
497
500
505
503
482
491
492
501
495
504
498
509
504
502
518
492
501
515
493
502
492
502
492
487
501
503
497
506
501
514
513
525
502
523
511
520
510
523
516
515
528
526
538
539
531
532
527
548
527
520
549
525
518
532
524
520
528
515
519
510
530
520
523
527
538
525
525
525
531
539
542
535
547
543
555
541
534
539
550
530
509
543
536
520
535
531
535
538
528
519
540
526
520
536
527
544
532
538
521
519
500
510
528
520
510
518
526
511
522
518
514
524
519
517
510
508
517
508
499
512
522
507
514
502
514
489
505
502
521
511
520
510
513
503
509
501
505
504
509
508
523
511
520
510
508
524
505
490
502
509
500
499
512
500
515
512
523
528
498
517
511
511
517
509
518
511
511
505
507
528
517
509
504
510
515
538
520
536
518
521
527
537
522
521
523
531
521
527
520
496
523
510
524
506
512
524
532
531
513
520
531
519
531
518
535
526
524
532
505
522
526
520
513
528
524
535
528
519
526
511
522
519
528
503
521
514
516
531
510
501
525
515
491
500
504
518
517
512
530
520
536
518
520
527
515
528
524
515
522
521
516
519
513
531
515
530
516
503
502
504
527
516
529
521
532
512
522
523
520
492
512
507
479
529
518
507
514
523
522
516
515
509
523
523
517
505
519
521
507
519
507
493
513
521
513
524
513
500
490
522
512
517
517
510
514
509
515
520
517
524
517
526
515
519
519
531
519
533
532
527
492
526
538
261
207
406
80
340
338
453
265
444
285
453
304
418
255
241
236
218
469
216
169
179
148
396
484
382
102
89
462
355
375
313
298
501
227
192
164
118
110
406
360
322
261
425
526
140
134
12
26
25
66
66
115
149
155
154
153
135
131
115
154
57
152
125
115
99
96
138
111
154
91
85
80
113
84
141
135
74
70
69
132
73
66
72
76
154
154
127
118
95
82
92
77
70
67
143
74
65
130
109
80
138
69
4
5
4
4
20
20
30
22
22
46
29
17
42
44
55
5
6
22
19
39
16
25
19
26
58
66
54
82
79
62
78
89
105
124
122
105
63
57
67
52
89
42
93
45
77
29
39
74
83
67
55
46
40
109
96
36
13
10
26
40
50
52
53
58
50
56
76
92
93
93
204
193
201
197
200
202
208
213
215
219
219
237
237
246
249
259
258
274
275
286
287
303
302
311
309
307
331
332
346
345
361
360
377
376
387
391
386
409
410
425
424
438
439
455
454
482
454
482
473
472
510
507
511
505
521
514
519
509
520
522
514
516
499
510
507
522
516
518
511
527
519
526
516
528
516
530
519
525
531
541
526
532
527
544
530
516
520
540
529
533
532
528
528
517
535
533
542
539
547
527
509
519
534
524
517
520
528
533
514
518
515
512
523
527
505
506
507
515
494
510
497
507
511
504
510
510
512
509
501
497
507
493
480
508
487
473
491
507
500
499
509
499
509
487
511
492
500
499
495
506
499
506
496
513
511
504
508
514
521
513
501
503
489
309
414
431
471
491
325
331
455
448
319
289
276
284
268
249
402
221
181
202
169
155
517
370
127
113
101
377
84
81
350
463
348
303
254
406
214
389
141
482
125
91
362
438
194
220
238
173
4
3
16
13
80
86
84
87
82
82
62
79
85
90
80
78
77
78
73
69
70
63
61
62
54
98
86
54
79
74
83
89
67
80
82
54
55
88
73
54
69
80
8
20
29
29
41
19
10
30
10
19
31
3
2
24
25
27
31
30
29
61
51
49
64
52
58
55
58
74
92
103
106
108
120
125
136
152
184
172
186
195
195
214
212
225
227
231
232
244
234
242
260
244
249
271
270
284
287
286
280
287
305
305
323
324
323
346
345
348
344
348
379
372
392
391
408
407
425
423
433
434
455
458
457
434
487
487
503
495
494
491
496
488
489
502
498
469
493
494
486
492
497
490
490
487
495
477
479
441
437
455
495
489
462
504
503
489
503
504
518
512
517
493
466
521
509
433
454
431
497
476
484
464
444
477
476
482
479
481
463
479
468
478
489
453
455
429
426
473
487
361
468
427
464
362
460
358
454
444
360
477
438
438
455
451
442
469
463
456
462
442
452
440
439
407
414
423
425
423
447
440
460
461
482
480
494
492
499
499
491
489
495
485
493
503
485
496
497
496
495
509
496
508
468
475
478
478
495
505
515
515
522
515
524
512
523
516
526
509
520
520
513
522
520
520
517
501
522
507
520
506
514
498
509
502
509
510
505
511
521
513
519
510
498
518
512
504
506
502
511
504
511
503
508
491
512
500
509
499
508
488
503
514
508
507
501
506
497
488
506
509
501
494
503
497
512
510
505
490
496
511
507
516
511
516
516
529
511
521
512
515
519
509
514
507
517
507
516
514
508
514
506
518
502
519
505
509
500
472
483
508
517
489
515
503
490
506
494
497
480
477
509
513
505
497
503
499
500
507
508
487
492
490
481
491
490
484
492
477
481
469
434
398
415
475
373
354
432
444
371
345
459
406
387
483
387
347
451
448
453
409
435
393
444
437
423
397
402
455
427
431
439
449
432
440
420
439
442
434
445
426
443
442
448
450
431
449
447
441
441
430
354
352
377
377
376
408
408
394
394
434
436
436
453
460
389
387
460
380
385
463
380
462
426
453
379
444
428
463
448
456
361
337
300
368
148
326
325
387
306
286
268
256
408
431
255
237
352
408
229
346
199
418
181
72
328
395
436
374
269
263
246
182
153
431
68
226
174
6
13
16
19
7
4
13
23
20352
20352
20343
36
52
14
50
20384
48
10
19
10
36
38
34
33
41
49
67
69
74
79
93
27
75
81
89
75
46
72
66
61
55
37
13
0
3
34
16
3
2
16
44
64
78
46
85
66
59
44
37
40
29
73
62
70
68
41
30
75
27
11
8
21
24
22
9
4
11
12
24
19
30
38
13
25
36
10
27
7
8
545
24
558
34
32
54
46
57
46
25
63
21
27
51
40
41
25
44
67
16
13
14
31
43
27
22
13
29
46
49
26
15
5
18
16
34
42
38
52
58
57
21
63
59
37
31
29
46
52
49
65
62
67
16
8
20
19
19
41
31
35
59
33
69
28
24
21
26
50
21
32
64
40
62
5
71
87
96
94
103
123
140
204
206
222
221
240
238
256
255
272
273
286
289
298
305
310
312
322
313
310
336
345
347
339
352
354
348
366
365
376
379
368
393
393
408
407
419
420
434
439
441
440
463
471
471
462
490
490
513
512
503
500
488
527
509
450
521
436
406
484
233
211
178
330
118
474
293
287
277
391
262
251
243
376
219
452
353
196
184
171
160
168
141
328
300
313
398
415
471
384
230
205
346
434
140
274
338
108
262
145
6
8
9
12
7
4
16
28
20
29
45
46
32
27
15
13
44
31
18
5
3
18
17
30
23
27
30
40
26
32
43
4
5
5
14
13
27
41
53
60
61
56
73
85
96
100
97
125
118
114
117
117
150
157
178
153
179
154
165
176
169
167
144
163
223
233
181
164
170
130
107
108
111
119
112
105
122
122
228
233
160
161
204
145
113
214
123
112
106
171
122
229
104
105
169
183
231
230
104
105
186
102
112
4
15
10
16
19
7
5
14
12
34
15
34
32
29
36
52
52
77
59
59
53
70
72
77
79
77
64
61
99
115
128
121
119
137
135
237
234
229
254
230
235
241
260
261
280
273
288
287
289
290
284
292
323
307
324
321
339
337
351
349
366
365
384
382
398
397
417
417
434
432
448
449
434
425
383
301
438
390
444
446
317
303
354
260
439
251
239
290
193
232
438
203
159
181
120
441
57
84
435
400
163
440
416
374
448
330
393
444
450
435
139
128
70
78
98
312
218
173
299
347
116
6
14
13
49
69
93
117
134
137
151
150
168
167
186
186
205
205
225
225
244
245
264
258
259
259
267
269
261
266
271
259
254
255
225
268
260
256
263
257
253
260
245
245
246
256
240
225
255
210
264
191
182
173
137
166
259
124
262
260
256
245
263
204
260
152
130
262
260
261
261
255
5
15
17
32
32
32
33
30
146
145
161
158
159
156
173
172
191
191
209
209
208
227
245
246
263
263
280
280
298
298
320
318
334
335
362
362
376
373
375
378
408
410
425
425
435
436
437
436
437
481
480
491
487
494
495
520
528
538
538
554
548
546
550
537
544
549
521
536
547
538
536
550
551
547
554
552
544
534
560
546
557
553
469
506
508
534
480
514
559
524
561
486
570
569
572
548
565
575
575
583
565
580
562
561
566
571
577
565
586
581
583
582
600
586
584
597
583
570
593
560
592
582
587
582
565
565
570
568
575
594
592
565
590
583
505
523
522
542
543
565
566
578
585
579
592
586
575
584
572
574
587
585
564
572
559
584
570
572
551
557
554
560
571
566
559
566
560
574
553
568
547
561
576
570
574
587
591
585
583
572
558
578
575
566
576
568
576
568
581
567
576
569
567
572
565
577
559
574
591
572
577
603
593
611
600
618
618
620
615
620
602
616
597
614
615
604
612
605
593
592
609
604
592
596
603
601
599
592
575
587
567
560
599
583
574
587
574
567
580
585
566
580
582
573
582
580
588
561
596
566
558
559
552
555
553
560
554
547
560
563
545
561
548
542
559
552
572
559
559
551
563
547
563
545
557
546
543
557
559
549
528
534
550
542
544
546
555
558
536
544
551
549
551
545
540
553
537
545
543
539
549
537
548
548
540
541
532
548
540
558
539
523
538
544
518
532
543
536
530
539
531
533
543
542
533
537
533
546
522
544
530
553
547
548
563
545
561
565
567
558
542
540
528
523
513
515
567
491
507
390
355
326
296
484
359
255
422
193
397
317
499
476
294
444
369
293
267
261
402
456
352
222
338
343
205
163
176
149
303
377
436
217
419
460
277
251
323
185
4
4
19
20
42
84
98
109
98
104
95
67
107
115
80
106
80
96
66
56
59
86
38
84
77
112
58
91
31
52
89
5
18
19
33
24
36
4
7
24
36
4
3
18
18
5
16
3
3
19
11
14
15
17
21
36
35
51
40
17
30
16
47
37
33
4
9
7
5
20
9
18
35
35
44
38
54
45
49
53
21
29
25
39
27
4
4
20
19
9
13
11
6
11
7
18
29
31
36
27
56
62
59
58
19
23
56
14
52
32
8
25
24
52
47
55
20
17
59
32
39
62
36
27
37
6
12
10
30
11
28
17
13
39
49
58
40
38
54
53
63
61
65
86
87
92
100
89
128
137
136
139
129
129
110
110
113
98
90
118
92
91
127
96
130
104
119
148
97
94
90
93
93
94
78
130
93
127
97
98
91
95
96
96
93
4
5
16
10
9
18
4
3
4
37
27
34
34
50
70
82
74
57
84
70
86
103
101
109
106
110
48
48
47
45
34
97
87
76
53
94
50
103
57
5
3
13
22
34
37
19
56
39
20
43
29
15
49
16
21
28
10
13
41
38
59
59
56
78
74
91
93
125
134
138
127
145
150
118
149
142
99
110
75
93
106
147
95
150
117
93
114
96
108
103
78
73
88
61
76
7
30
38
55
49
60
54
50
57
53
59
77
86
85
102
112
132
190
185
178
177
191
192
209
210
223
209
206
204
211
228
226
238
238
253
254
266
269
268
282
280
298
298
311
312
327
327
344
344
359
359
372
372
388
393
393
413
408
413
408
410
410
393
412
412
409
401
406
408
467
467
479
472
479
462
471
490
480
478
478
494
487
495
493
493
495
500
499
503
500
510
503
510
507
512
508
497
514
503
506
517
523
510
518
525
500
520
494
474
446
463
455
463
486
485
495
495
495
520
521
537
526
524
534
512
503
525
540
521
528
526
523
519
518
501
483
516
462
504
479
452
444
440
497
493
484
496
475
495
482
492
481
488
481
493
486
497
497
500
499
512
504
520
499
503
498
499
508
498
508
496
496
503
468
510
493
492
491
498
494
487
497
488
490
489
474
492
475
474
479
472
469
461
458
470
471
486
503
499
502
485
488
486
511
499
499
505
495
481
506
482
495
495
498
496
493
504
500
486
497
486
499
497
483
476
499
502
493
504
495
492
499
500
513
505
489
504
498
454
509
453
496
460
492
493
510
511
522
513
530
523
535
524
509
515
510
505
517
511
496
511
496
515
506
520
507
507
516
504
493
486
511
506
510
490
505
503
516
509
509
522
517
526
516
511
514
521
523
505
508
505
504
515
512
519
504
509
522
496
518
508
519
512
521
519
527
526
519
509
510
517
511
520
500
508
507
514
481
466
505
455
517
480
482
482
495
507
502
489
481
488
496
494
481
480
489
470
478
488
477
487
489
463
478
470
464
479
470
453
463
469
475
486
484
469
460
469
491
478
479
474
481
477
469
439
437
482
441
461
412
477
442
477
476
490
478
485
480
479
482
492
493
483
489
475
500
486
484
483
499
496
491
487
497
488
494
487
504
474
481
479
499
476
492
473
485
484
491
497
504
489
497
498
485
502
474
478
478
493
493
503
503
517
508
509
520
525
511
533
525
535
515
540
525
531
520
510
516
528
506
499
526
539
531
547
546
536
537
544
539
546
553
541
533
547
533
540
541
539
530
523
517
518
539
526
529
523
530
523
526
520
523
516
522
516
528
518
505
513
508
508
518
520
515
522
520
506
522
526
536
533
533
513
503
516
504
514
509
506
511
513
504
497
514
514
509
509
519
520
519
526
517
515
504
507
515
517
500
506
516
506
510
514
522
514
514
513
521
513
523
516
518
510
504
519
511
523
523
525
519
514
519
519
520
498
517
515
512
527
516
530
524
530
510
504
489
479
526
521
475
509
520
516
517
511
523
514
527
520
517
527
534
526
523
511
522
510
520
513
519
512
519
515
497
518
498
516
518
509
523
525
515
501
522
516
530
510
537
500
514
529
516
508
513
507
512
501
524
493
516
516
527
524
535
527
528
535
536
534
540
530
537
531
538
528
527
538
527
513
485
494
510
530
527
529
545
523
535
518
513
522
521
515
525
501
516
518
527
515
515
528
524
527
506
518
515
530
527
525
520
502
517
510
510
516
504
521
503
513
509
513
502
491
508
502
511
510
487
515
491
491
488
490
518
510
513
508
514
517
513
527
510
525
510
504
498
510
503
510
508
502
507
503
483
509
502
509
503
495
507
506
503
507
508
505
512
510
505
507
503
493
495
500
495
490
486
483
493
505
493
481
498
494
483
499
522
510
519
508
509
516
509
516
521
517
519
522
498
514
516
521
514
520
514
531
497
510
516
518
510
506
500
502
506
512
517
506
510
510
515
504
497
496
514
516
514
505
508
501
513
489
506
506
473
494
488
490
496
500
478
489
488
480
497
495
487
498
485
497
498
501
491
504
492
493
501
494
494
507
505
497
514
492
517
509
506
517
520
522
526
519
532
470
500
434
480
262
177
421
341
450
306
290
310
441
252
525
226
207
411
399
506
197
394
379
155
136
118
129
98
354
461
87
499
108
328
335
267
497
237
217
160
370
77
317
279
242
148
455
184
377
4
4
26
158
149
167
160
164
184
182
195
195
215
213
232
232
249
249
267
266
281
284
295
298
296
319
317
333
333
349
347
367
366
383
382
401
401
415
419
431
430
447
448
465
462
463
490
491
509
508
526
526
544
537
537
548
548
542
544
537
553
531
522
549
533
527
521
528
528
521
526
524
528
513
530
524
532
525
535
524
512
511
521
521
529
502
516
523
520
514
482
515
490
499
504
527
513
512
491
483
504
512
491
504
497
508
498
506
503
508
501
509
505
515
504
513
509
521
511
511
516
521
510
512
516
510
514
512
502
512
505
526
506
492
513
477
470
519
501
505
517
512
527
511
522
523
531
537
528
520
520
530
523
525
534
514
516
492
506
518
506
501
494
513
520
520
499
505
503
493
510
495
510
500
513
507
511
502
499
481
512
492
479
455
478
477
477
476
488
488
498
482
486
475
495
482
492
484
492
488
476
497
489
484
498
494
502
486
486
493
466
491
481
488
478
489
471
484
491
493
487
480
493
493
480
490
484
479
495
492
469
469
494
492
485
492
487
495
504
507
493
499
490
482
501
490
504
491
498
487
485
498
513
514
501
513
511
496
515
521
511
516
514
514
494
501
514
527
500
517
526
507
514
523
499
523
518
525
517
505
517
512
523
513
515
526
527
526
518
523
527
526
516
531
521
518
505
510
520
525
516
533
517
506
516
508
514
497
512
495
512
510
509
515
528
521
535
527
533
508
516
509
522
498
509
516
520
510
518
501
500
511
511
518
498
508
511
498
515
515
498
518
505
507
514
503
511
504
494
514
508
514
503
518
504
506
513
505
491
511
505
516
491
508
515
503
501
514
511
498
507
495
485
505
499
476
500
495
505
499
514
507
489
508
507
506
514
502
491
510
508
500
508
518
510
524
522
532
531
526
514
528
517
522
527
529
527
512
520
533
523
519
526
519
521
516
518
520
519
504
508
509
518
493
505
506
520
514
519
521
523
508
517
513
523
514
522
535
531
524
522
476
528
499
514
489
469
501
498
513
510
483
491
496
487
497
490
507
489
498
492
468
467
476
390
291
409
177
99
488
303
470
421
262
246
405
189
187
188
435
361
159
142
350
369
132
113
330
117
428
309
295
288
235
386
452
407
204
186
165
451
315
341
260
173
155
94
225
134
23
22
32
43
167
165
184
182
190
180
199
197
207
209
226
225
242
241
256
255
271
270
291
290
307
308
323
323
339
339
357
358
371
371
387
388
402
402
419
419
436
432
446
448
462
462
480
481
498
497
513
512
530
528
541
534
532
539
538
534
537
530
524
537
536
524
535
529
541
537
543
541
537
540
530
540
541
530
542
535
543
533
546
535
543
546
541
549
549
547
540
550
552
541
545
552
529
549
540
549
538
547
536
549
536
535
545
541
536
530
545
541
535
543
532
547
535
545
532
541
529
530
537
539
527
529
545
552
541
553
540
550
538
538
549
554
537
534
552
540
534
545
535
543
537
555
539
557
542
544
553
554
547
552
542
554
21450
21462
21459
21474
21482
21487
21487
21491
21483
21493
21496
21503
21492
21512
21507
21512
21515
21519
21513
21500
21524
21504
21512
21507
21568
21563
21555
21579
21571
21574
21564
21632
21639
21638
21654
21649
21668
21656
21654
21665
21644
21664
21652
21654
21639
21658
21660
21654
21663
21666
744
773
732
750
730
721
706
735
718
705
713
659
648
726
625
613
613
599
598
534
525
522
506
509
505
495
430
427
420
398
388
378
368
368
362
356
354
350
345
331
329
326
315
310
302
298
291
286
281
277
270
264
254
681
244
616
640
667
705
5
10
17
26
16
37
20
10
38
31
47
11
15
10
41
5
23
36
36
58
79
75
102
108
127
110
114
129
128
109
161
160
140
169
145
142
155
166
163
170
130
185
189
181
206
197
206
197
163
143
73
60
159
166
99
183
166
73
163
71
134
82
82
175
85
160
3
1
6
16
15
14
15
30
30
35
52
45
58
18
50
23
64
13
43
55
47
8
21
4
2
24
15
4
5
12
11
26
34
41
35
42
67
15
32
13
45
10
59
41
21
6
8
13
10
36
15
23
38
56
48
29
63
49
61
35
52
33
37
38
45
4
15
24
30
50
44
64
65
65
79
94
109
107
149
149
201
199
215
203
214
212
225
227
227
219
221
204
206
231
219
232
272
271
289
296
298
288
324
323
335
326
338
354
360
360
344
385
386
354
405
417
418
403
435
405
435
436
495
514
515
515
533
534
560
559
575
568
581
565
581
568
581
572
578
582
576
574
571
591
591
591
618
613
618
617
633
606
632
623
614
626
608
620
631
632
630
631
642
630
639
644
609
612
585
560
553
651
507
500
630
479
462
460
453
441
431
427
416
412
401
382
382
377
368
361
353
341
343
343
326
328
311
314
307
295
297
291
278
264
257
252
243
560
658
468
514
538
554
527
487
642
8
7
10
4
7
19
6
5
32
30
8
5
15
25
17
16
5
4
6
8
21
37
27
54
36
24
27
21
7
9
23
11
25
26
19
3
19
32
21
46
7
33
9
49
35
2
4
22
29
40
41
37
40
44
17
25
20
6
7
27
34
29
40
24
34
5
14
13
3
35
29
25
38
26
16
29
27
38
39
40
32
31
32
30
8
31
41
37
13
12
35
19
37
10
40
17
12
7
5
7
10
5
14
12
24
36
20
36
17
27
14
4
14
12
3
5
15
5
23
24
43
33
55
55
61
57
66
66
51
32
48
22
21
74
72
65
27
6
4
34
37
29
14
12
36
34
26
22
33
8
39
58
54
66
65
113
107
118
151
149
166
149
187
183
208
184
264
245
285
292
290
275
312
314
320
304
319
320
343
343
367
366
375
364
368
373
381
381
383
384
397
386
405
406
430
430
459
459
480
480
494
492
491
490
529
528
550
548
549
576
572
571
593
593
613
612
633
634
647
640
630
656
629
590
611
648
589
604
627
629
613
611
623
618
607
613
595
617
612
613
577
577
595
595
580
622
578
597
587
591
592
572
585
592
587
552
564
582
557
595
544
580
568
571
587
579
561
576
574
551
573
566
569
587
587
591
556
529
459
463
431
410
543
447
340
329
319
316
313
279
279
272
268
267
241
229
540
348
518
592
510
409
473
570
378
223
373
591
200
362
179
431
423
147
430
501
388
218
342
219
167
155
399
326
186
3
3
21
21
35
41
39
26
36
31
77
77
93
88
81
103
100
124
137
121
120
119
114
189
189
211
210
228
228
246
238
261
261
271
288
286
289
315
316
341
342
366
341
366
382
380
401
372
393
392
420
421
441
441
441
440
446
447
448
447
448
393
380
372
364
356
342
338
334
330
314
297
300
283
284
257
251
215
444
432
422
414
447
386
441
440
441
445
441
230
405
445
442
202
305
301
449
450
419
440
449
241
5
5
8
10
20
34
7
4
8
4
9
5
29
30
40
29
9
33
5
3
20
15
12
16
22
6
13
19
44
34
40
38
37
32
68
70
69
67
64
61
44
38
12
26
25
36
51
54
58
73
57
74
67
57
44
41
34
20
58
52
32
6
17
4
4
26
26
7
6
11
19
10
11
32
21
47
45
9
4
9
9
9
20
46
16
21
10
7
27
10
27
25
12
12
19
21
16
19
50
48
46
17
49
47
7
7
6
8
7
10
26
4
13
17
4
22
27
32
18
27
26
30
22
28
3
20
32
29
28
10
14
28
23
12
24
11
17
22
21
9
20
8
16
16
29
34
51
50
51
66
63
99
103
92
112
100
127
111
125
141
143
227
220
223
225
228
229
220
229
198
214
219
218
211
234
266
264
288
273
261
281
257
258
285
284
304
303
317
318
314
336
339
353
352
350
353
339
387
386
399
400
400
425
423
441
441
458
456
457
479
480
444
411
428
438
438
454
448
453
452
480
478
480
489
490
488
482
500
479
473
491
500
501
509
487
499
504
495
478
522
513
525
524
531
505
521
517
530
529
515
534
529
534
529
519
534
537
521
541
535
547
536
530
519
541
538
526
531
530
534
540
547
531
528
539
537
546
539
549
537
546
540
533
540
538
534
548
520
525
526
532
492
529
522
511
497
512
509
519
521
512
519
521
519
503
521
514
524
512
511
518
517
527
529
521
525
516
518
506
503
521
515
515
522
514
525
513
510
519
507
516
523
517
522
520
512
506
514
514
517
508
514
489
508
506
524
523
522
526
530
523
529
519
517
531
530
517
529
524
530
522
530
525
533
521
533
521
536
529
542
524
527
506
520
529
526
536
521
513
526
523
540
522
534
516
523
531
523
520
530
503
524
502
515
495
484
518
503
514
513
511
513
516
515
504
495
513
506
507
520
502
517
516
498
503
515
510
517
504
515
497
487
503
515
501
512
502
500
499
509
511
501
489
490
505
510
510
513
505
513
503
492
512
505
520
509
498
519
517
517
510
504
513
495
513
497
513
507
513
502
516
505
510
517
510
521
520
509
520
509
514
507
523
513
517
508
502
517
521
521
519
523
526
523
494
515
497
503
519
508
517
493
495
489
495
514
516
503
523
511
522
525
516
526
508
528
521
536
521
535
523
534
521
530
532
529
533
518
534
511
486
414
365
330
205
163
330
496
328
286
436
416
266
247
254
211
237
486
198
183
527
176
159
148
540
112
385
380
391
351
457
364
313
283
296
429
413
224
502
521
479
397
86
443
134
461
298
125
8
5
5
4
3
6
7
3
30
21
26
29
36
26
16
30
3
4
5
2
9
20
32
22
39
37
47
45
65
38
56
54
15
16
14
52
34
37
8
16
10
25
44
46
46
15
26
24
16
7
25
18
31
21
44
48
45
61
65
41
28
62
48
52
23
27
33
24
11
11
22
24
34
38
50
33
19
17
24
23
36
14
10
15
13
15
12
18
5
13
32
26
23
31
49
50
66
51
54
71
77
27
33
19
42
30
15
55
40
18
18
15
33
52
19
33
33
21
16
29
32
48
46
49
5
4
31
34
40
19
43
29
40
13
13
34
18
36
34
21
33
31
43
58
72
62
73
40
38
42
61
70
27
48
46
74
35
24
6
28
17
13
24
31
30
19
15
25
33
25
49
62
70
71
68
77
94
30
58
69
55
52
71
69
76
33
25
67
82
3
5
3
23
24
40
12
9
26
20
24
9
11
14
32
36
55
55
74
75
83
93
95
57
89
72
59
53
37
78
37
75
67
45
80
76
20
21
34
52
54
53
76
74
80
80
108
115
113
115
137
144
141
239
232
247
243
270
268
283
269
282
280
301
310
314
302
301
319
324
316
330
323
340
335
345
345
356
356
355
354
385
394
392
393
424
422
426
450
451
468
468
479
481
497
498
511
512
513
528
528
545
528
535
533
541
523
536
538
518
509
546
537
535
532
534
532
522
530
553
542
528
522
530
540
546
545
541
535
538
553
540
543
526
537
527
537
530
531
523
529
534
526
524
531
535
529
539
548
533
550
534
560
559
561
553
560
548
555
545
555
540
544
537
548
532
528
528
515
527
536
524
521
539
536
526
537
528
541
543
536
549
553
549
543
556
554
557
565
562
568
554
561
555
574
553
508
566
526
543
540
554
547
562
550
558
552
563
553
566
545
560
546
558
552
533
539
559
566
511
502
488
478
554
538
519
521
523
527
537
527
515
514
531
503
521
514
498
524
510
523
515
527
512
528
508
517
516
534
530
518
524
535
528
536
530
536
530
528
540
535
529
523
540
524
521
539
540
517
539
496
494
530
531
540
541
564
564
577
568
565
579
576
559
560
576
574
568
576
564
575
573
558
554
575
558
569
569
560
571
556
563
566
559
562
558
544
567
552
561
527
553
460
412
358
322
311
416
219
182
139
469
452
312
424
535
287
282
248
262
498
242
487
232
218
512
189
473
352
371
156
343
115
334
135
548
490
433
391
200
164
109
270
384
150
317
298
170
131
3
14
4
10
24
16
3
16
23
21
33
41
57
59
61
77
45
78
67
67
107
90
93
85
89
106
113
111
78
105
115
129
129
35
127
61
58
60
49
88
38
132
127
22
84
130
130
89
29
67
45
14
24
19
10
19
13
20
23
49
41
12
24
14
45
11
9
14
13
6
6
32
30
25
28
45
60
59
21
64
35
57
27
24
45
61
66
26
14
26
25
39
49
52
69
69
61
72
82
76
81
95
83
99
99
106
125
111
115
111
136
172
241
221
238
241
247
245
263
249
260
269
278
276
293
288
277
285
280
300
300
314
316
312
345
357
358
376
384
387
406
402
405
435
435
454
453
470
477
475
474
498
493
490
492
498
495
495
552
538
553
513
552
551
523
545
565
551
565
550
561
552
553
561
562
549
558
567
562
566
558
564
560
554
554
565
557
560
561
539
552
537
496
482
472
471
509
536
455
529
521
492
506
496
512
511
527
527
526
523
515
538
524
524
525
544
538
543
548
535
546
532
538
546
542
523
530
516
538
517
485
435
524
357
351
464
321
318
317
305
300
293
287
279
351
351
223
475
355
355
430
521
405
274
334
245
234
203
351
351
351
185
177
454
141
141
130
353
351
344
252
263
503
162
447
142
497
134
217
196
4
6
18
18
16
31
35
35
11
12
33
33
8
18
29
15
19
28
7
3
14
12
22
14
9
5
7
3
12
10
19
31
41
41
60
35
42
39
59
21
57
41
49
18
27
48
17
19
18
15
34
50
49
46
44
51
47
60
28
53
44
48
14
11
24
36
48
58
58
66
66
72
80
93
89
98
100
103
102
52
87
89
106
50
30
34
61
59
83
21
63
74
4
22
32
40
39
48
70
74
86
90
90
101
112
126
136
216
214
234
232
249
246
253
247
266
260
278
268
279
282
287
284
289
309
300
318
316
330
323
337
330
348
348
365
377
376
366
400
399
416
417
435
434
448
448
467
467
475
477
477
500
500
517
516
529
530
544
537
542
540
540
533
534
527
531
533
507
525
523
499
513
524
520
513
513
526
524
513
531
516
513
520
529
516
533
525
541
518
513
530
528
511
519
525
522
522
520
529
527
545
538
546
536
528
549
542
538
545
544
546
547
543
542
550
551
541
547
544
548
554
552
562
551
562
549
555
549
558
545
556
545
554
540
538
550
556
540
552
544
546
552
556
547
552
550
552
549
550
547
535
528
535
527
527
534
519
533
522
528
524
527
526
530
527
19308
19306
19322
19321
19317
19329
19313
19307
19309
19326
19318
19328
19343
19329
19338
19332
19347
19334
19351
19337
19352
19341
19343
19356
19355
19340
19345
19354
19362
19350
19364
19357
19357
19372
19360
19376
19374
19364
19379
19363
19382
19370
19399
19396
19389
19397
19373
19378
19393
19391
612
604
598
589
594
584
595
572
573
596
591
589
578
574
580
587
569
570
562
554
600
614
612
590
605
592
610
600
575
569
592
578
586
578
569
575
581
574
580
572
545
569
539
524
547
523
515
508
516
528
517
519
507
514
423
421
482
455
255
438
263
466
218
367
389
180
366
186
155
152
137
496
383
264
125
114
276
80
80
406
69
67
440
404
231
242
229
221
192
472
171
375
136
109
121
95
78
240
287
103
299
4
2
4
10
8
25
34
20
33
12
40
15
19
4
11
9
7
16
18
18
24
25
39
33
39
43
52
65
73
79
81
82
51
74
78
42
59
82
23
46
62
81
40
31
65
36
5
3
9
7
4
3
20
21
20
24
44
61
59
74
73
56
59
73
70
28
89
57
30
35
39
61
72
49
55
