8
46
7
24
21
112
80
24
129
181
215
223
223
242
261
252
244
257
222
250
221
193
213
243
247
260
241
246
243
246
246
304
328
335
328
323
327
310
307
312
326
326
332
314
326
302
326
309
304
326
306
327
315
501
500
500
501
500
497
494
317
396
318
81
495
393
501
164
160
159
88
74
320
476
315
484
492
90
73
290
81
258
207
208
231
259
278
391
336
288
255
256
276
280
293
316
317
343
345
372
363
383
384
409
422
422
432
439
431
463
462
469
478
489
488
510
510
534
536
534
569
571
602
602
620
631
632
632
632
621
633
677
681
681
682
711
656
646
656
661
652
660
657
656
626
636
633
602
621
614
612
605
615
599
606
594
605
582
596
593
604
241
573
592
605
583
594
604
578
594
574
566
576
560
567
557
556
572
539
535
538
558
559
568
548
564
550
556
558
556
548
546
541
528
513
475
301
315
413
499
374
527
510
343
474
442
310
382
458
368
434
418
532
317
397
357
390
465
483
488
467
484
478
490
478
488
479
482
482
493
495
478
489
483
491
489
470
488
484
487
485
494
488
501
461
420
420
434
433
376
395
394
387
387
405
406
422
420
423
445
445
461
462
468
468
475
492
492
511
510
512
528
528
513
521
515
519
524
522
525
524
516
522
515
518
514
524
514
530
515
517
511
521
510
519
516
509
514
503
500
510
500
510
497
506
498
505
503
502
496
502
492
500
494
496
491
501
490
491
479
486
477
480
469
477
470
470
462
453
468
457
462
455
470
459
466
443
456
464
453
463
451
462
452
464
454
454
459
454
469
454
459
453
458
452
458
453
458
453
441
459
453
458
447
447
457
459
448
459
450
458
459
456
456
460
463
459
465
460
469
459
458
468
450
465
461
470
462
467
456
469
458
467
459
460
470
472
461
461
466
465
460
463
458
459
465
467
457
455
455
467
457
457
467
466
446
457
456
441
452
464
452
454
449
454
446
435
5228
5232
5217
5210
5208
5201
5199
5193
5192
5189
5182
5175
5173
5166
5164
5160
5157
5155
5149
5149
5141
5136
5136
5128
5126
5123
5120
5122
5114
5104
5102
5097
5094
5091
5088
5085
5087
5078
5071
5068
5067
5065
5062
5065
5055
5056
5223
5064
271
5203
5234
6
30
44
59
52
69
69
53
34
62
54
38
44
52
58
35
77
70
38
38
82
62
89
64
38
64
62
62
70
64
38
63
6
5
159
172
181
178
193
52
57
21
28
54
59
31
23
182
39
4
14
11
19
25
24
152
149
169
167
171
171
186
187
201
200
218
218
236
235
252
262
260
270
253
269
299
298
318
317
338
337
361
360
378
378
399
399
420
420
442
443
462
462
481
480
502
511
511
528
528
550
550
571
571
582
591
593
580
589
580
600
587
593
598
599
588
591
608
595
609
607
622
631
638
609
633
622
641
663
671
674
660
638
659
662
673
81
692
676
694
678
706
694
671
690
696
675
686
700
689
706
703
700
692
704
691
693
704
711
3498
3491
3498
3486
3494
3492
3484
3496
3284
3442
3163
3389
3353
3406
3454
3340
3475
3269
3490
3236
3462
3151
3393
3426
3298
3254
3224
3164
3363
3252
3277
3178
3306
3318
3311
3297
3319
3311
3310
3296
3297
3296
3281
3285
3293
3273
3277
3262
3270
3226
478
476
470
485
474
478
472
479
446
358
344
351
354
367
374
372
373
373
372
415
415
435
434
452
451
470
468
486
487
499
502
517
517
528
513
526
533
531
527
553
547
555
550
561
554
550
562
558
553
560
560
565
557
555
563
560
550
565
558
544
556
563
562
553
557
546
555
548
565
557
559
566
573
560
573
561
560
567
570
560
570
563
578
565
580
569
586
574
566
557
565
558
569
560
577
563
567
581
587
570
582
569
566
577
567
586
579
568
579
569
584
584
590
582
596
589
595
585
603
596
607
603
607
600
605
603
607
595
605
590
601
594
601
586
595
575
581
595
579
589
582
589
567
577
589
581
583
549
555
579
541
569
571
582
577
571
588
566
569
572
567
577
577
570
577
584
581
570
579
559
571
558
562
559
554
553
563
559
553
547
524
532
554
549
549
559
545
531
527
535
538
533
544
514
539
527
540
525
512
512
511
527
526
524
509
533
518
520
521
511
526
508
522
488
499
519
512
525
516
528
510
522
519
525
522
534
514
524
538
528
527
535
536
531
536
531
523
525
525
545
539
533
539
526
544
537
544
520
550
534
553
544
563
550
566
549
547
554
547
557
548
557
565
543
549
556
544
537
553
549
541
546
539
542
517
535
531
519
512
523
531
544
540
547
541
535
559
548
557
553
540
562
561
568
566
569
560
566
546
549
564
551
543
527
541
546
556
560
570
565
578
538
585
610
596
589
589
609
601
577
618
615
606
622
606
615
616
636
642
629
606
611
605
619
605
615
598
607
609
616
587
614
597
604
612
609
607
614
593
617
606
604
627
618
614
625
612
620
608
599
566
574
579
532
551
555
558
559
542
562
550
561
551
559
555
565
564
556
546
558
551
549
558
525
556
542
535
550
538
569
559
545
544
558
551
562
544
554
546
558
559
546
556
543
557
555
544
553
553
549
560
553
534
559
553
539
549
559
551
550
557
556
542
551
544
556
555
543
547
521
532
504
512
539
542
531
557
562
546
540
542
538
522
515
536
549
546
539
549
543
554
537
548
550
550
553
548
548
555
557
545
545
563
556
533
575
582
577
584
578
578
588
592
583
598
597
596
587
580
557
588
584
580
582
597
588
570
576
579
587
593
584
572
582
582
558
556
598
508
500
604
580
541
524
508
541
572
578
573
583
576
569
562
552
545
555
554
570
559
561
565
569
559
559
564
542
561
551
552
547
546
557
556
550
541
557
548
550
553
563
548
529
526
532
531
500
514
454
457
458
458
480
479
495
496
513
513
517
525
523
507
513
499
510
497
492
491
499
488
496
486
493
478
489
480
489
491
490
496
483
496
487
483
494
493
485
492
483
496
481
497
493
486
506
496
498
503
502
513
506
516
497
515
504
513
504
525
512
522
513
524
512
518
512
519
502
513
524
517
522
512
527
517
528
517
528
519
536
524
532
526
535
526
534
529
531
546
542
529
534
529
541
528
537
525
536
529
535
525
532
524
532
530
532
526
532
505
519
525
515
521
527
525
506
518
527
518
527
516
527
526
525
514
507
512
516
508
519
509
515
527
510
520
510
524
510
520
509
511
517
510
499
525
519
507
519
509
524
512
524
513
526
513
526
513
527
508
527
522
523
528
531
525
536
529
537
526
527
539
539
528
528
541
545
538
544
536
552
524
534
532
538
526
536
533
525
533
530
532
530
534
519
534
526
526
536
525
537
536
525
541
526
535
528
541
529
553
537
552
540
550
543
555
542
538
545
552
539
549
533
539
547
545
539
536
546
540
539
522
524
535
532
525
536
451
312
538
443
412
423
504
394
353
489
402
333
304
463
433
518
365
481
345
467
386
505
373
442
448
464
447
364
324
422
373
355
343
341
317
305
377
415
396
286
294
231
431
406
316
263
440
386
272
295
311
344
331
346
347
358
358
376
376
391
385
400
401
424
419
433
444
444
469
423
345
325
340
339
363
361
385
382
406
407
428
428
451
448
446
444
449
445
485
484
502
503
521
520
538
537
553
552
627
645
642
616
610
594
606
628
552
564
573
562
527
519
515
506
503
477
455
452
448
433
427
418
411
401
404
400
394
554
628
544
487
463
649
593
410
383
403
364
346
317
354
328
579
533
399
343
376
428
438
460
290
514
224
224
250
250
270
261
247
249
264
257
277
276
295
296
295
295
294
336
334
355
354
370
370
382
383
408
409
429
428
442
445
439
440
466
463
466
506
496
496
494
505
539
524
538
527
565
566
585
580
587
578
579
565
554
575
565
574
563
573
566
550
567
558
556
553
553
561
568
582
567
568
492
565
549
500
480
473
570
515
476
549
522
579
560
562
561
571
571
585
593
583
592
592
595
573
585
571
577
567
584
573
578
589
590
587
605
580
591
577
593
586
595
587
586
606
599
582
588
592
584
539
573
516
518
547
546
556
566
571
570
584
586
583
599
590
568
582
589
561
581
578
573
583
567
564
576
572
566
552
557
550
555
546
557
554
546
554
552
545
537
543
540
525
535
526
513
529
522
526
528
532
530
542
508
516
527
513
511
528
533
534
530
509
502
527
519
536
527
518
534
515
519
501
524
507
508
527
517
517
526
520
511
489
485
501
500
496
517
520
523
515
516
510
499
512
513
517
513
506
514
507
504
509
494
501
502
512
499
494
485
499
500
491
474
482
481
480
498
492
496
482
485
492
481
499
477
495
497
493
501
495
488
507
522
508
534
516
510
519
523
518
521
536
542
531
545
545
550
552
562
552
565
563
578
562
585
580
597
584
605
589
595
599
601
588
611
616
604
616
620
611
626
620
635
633
628
637
634
625
623
630
629
643
629
643
624
622
632
627
628
626
639
623
629
619
628
617
632
629
627
623
628
618
619
604
620
618
603
592
630
618
623
607
617
619
623
607
616
603
617
599
592
593
597
603
597
600
595
596
581
592
608
589
598
579
585
572
568
576
566
574
570
566
560
569
558
561
529
552
543
530
542
517
526
534
520
538
514
514
503
501
509
491
502
492
500
490
502
491
482
495
499
489
476
495
490
486
484
492
472
473
491
483
495
488
483
484
484
476
477
486
461
468
481
478
468
483
467
471
488
471
483
481
474
486
473
472
482
480
475
480
483
473
466
479
494
485
473
482
476
499
489
496
492
493
493
508
499
497
472
491
502
499
495
504
498
488
498
497
493
485
479
501
500
501
515
508
514
510
517
509
496
508
520
516
526
522
515
508
522
510
520
523
513
510
518
520
509
512
519
490
507
510
504
492
500
501
499
486
504
500
493
511
500
505
517
517
516
516
499
511
511
519
507
517
509
511
519
521
520
524
497
511
506
514
519
525
512
508
524
526
522
530
519
532
523
532
521
526
533
537
521
539
539
543
546
547
542
556
569
556
563
565
551
566
558
560
569
570
566
572
560
575
564
564
575
582
573
583
573
566
533
580
540
557
523
571
572
549
558
571
564
569
562
568
556
559
550
566
558
567
556
566
495
424
331
494
542
422
550
445
396
503
364
377
482
356
464
345
451
322
533
437
406
484
557
385
451
451
465
438
437
471
471
475
475
480
478
467
479
470
477
477
495
484
494
491
502
511
489
504
442
495
344
346
347
344
389
389
412
411
436
436
462
461
479
467
478
468
483
471
468
471
557
550
559
560
564
591
591
559
622
598
607
603
586
616
629
626
568
572
600
612
604
628
615
642
626
635
630
625
652
635
644
641
641
642
632
622
653
635
651
630
626
611
643
613
609
652
651
611
607
612
621
609
619
601
606
605
614
606
602
591
608
578
573
574
553
548
552
552
553
569
567
579
558
548
536
567
559
558
536
558
548
561
539
553
533
544
493
498
487
525
528
516
514
515
518
519
515
523
531
513
524
520
529
515
511
524
504
510
522
516
502
510
513
520
520
511
513
519
512
508
527
488
495
513
495
489
500
512
515
496
509
480
492
502
495
503
499
511
511
531
509
517
499
508
495
520
510
512
505
520
514
526
509
524
515
532
543
524
532
526
542
526
539
531
540
533
543
541
546
530
544
545
543
561
559
567
548
552
558
553
562
564
557
556
563
552
559
562
554
554
543
535
535
531
530
533
526
538
530
538
528
528
520
507
523
516
512
512
531
519
511
519
510
522
507
522
507
492
505
511
520
512
512
505
507
508
518
519
497
488
508
504
491
496
505
511
515
503
505
516
523
522
531
525
527
546
543
548
546
553
552
557
561
556
565
562
551
568
553
560
556
553
562
550
557
571
575
581
567
571
563
563
560
560
576
581
573
582
554
560
562
579
574
575
561
563
576
577
573
579
569
572
576
572
576
561
558
553
569
559
567
561
573
563
578
570
578
576
580
572
576
585
569
581
547
574
565
576
571
575
582
579
602
590
570
556
597
597
615
604
575
554
552
606
589
541
598
596
565
530
604
610
604
613
650
641
651
637
639
619
638
644
633
651
637
650
635
647
652
628
649
653
606
616
639
623
648
634
642
635
651
633
648
618
631
630
643
616
640
584
621
569
589
556
577
575
590
597
596
616
616
631
618
583
572
573
577
583
571
585
574
588
571
554
567
554
539
563
550
552
557
545
547
525
538
531
526
539
532
523
522
505
492
516
508
503
498
514
506
527
505
504
496
498
503
494
509
500
508
498
507
498
504
499
505
493
499
491
498
492
499
494
507
497
507
499
507
512
514
513
505
510
519
516
520
510
504
525
512
517
523
508
517
507
518
505
520
509
518
508
517
512
523
515
522
512
503
525
509
515
506
515
514
506
505
494
513
513
469
480
509
501
490
463
450
501
489
495
492
475
484
482
480
485
465
481
474
461
474
481
490
479
495
488
502
485
487
495
492
485
493
482
493
488
497
484
499
493
503
502
520
500
506
502
505
514
522
508
514
492
491
492
511
512
530
524
534
531
540
535
547
542
538
535
553
554
544
542
543
558
551
550
562
558
540
546
553
552
549
552
531
546
549
550
539
532
554
540
478
517
506
498
491
530
520
530
512
517
518
511
515
512
489
510
506
506
490
520
522
512
519
507
498
502
521
504
501
515
493
509
507
514
504
506
512
493
511
505
514
511
514
511
496
487
508
496
499
483
485
499
501
516
515
525
515
507
533
517
532
520
530
536
540
523
542
535
526
518
509
472
517
443
501
482
482
526
473
457
514
503
500
513
512
507
520
511
520
517
530
531
522
513
518
525
518
527
542
543
536
530
541
545
533
546
539
538
553
544
541
548
545
535
539
546
549
538
544
551
540
538
516
556
533
533
551
550
567
568
581
569
579
591
568
580
567
578
569
558
572
561
563
537
571
551
572
564
565
553
560
548
557
547
553
547
550
562
557
547
551
555
540
547
538
550
513
520
513
530
519
525
523
522
509
520
512
514
504
496
503
498
507
504
490
505
474
490
467
492
494
503
491
508
494
502
491
503
501
507
502
522
490
464
497
457
440
435
473
480
446
508
492
497
510
500
513
513
528
511
526
525
530
535
537
545
560
550
554
562
565
553
571
554
567
554
562
568
583
575
564
581
579
686
680
742
735
742
746
746
740
719
691
691
697
697
715
716
736
735
732
752
721
751
743
737
748
697
726
744
697
696
736
706
727
705
698
708
706
704
696
705
700
690
692
681
672
665
689
676
540
650
666
477
682
499
505
485
502
490
501
495
482
481
473
454
444
495
466
492
476
454
470
465
481
473
465
473
478
480
475
498
475
465
411
486
444
406
463
432
432
429
463
461
468
469
458
483
459
456
445
464
458
452
465
460
471
462
443
440
446
460
452
461
415
474
458
467
466
485
478
480
494
474
443
430
465
490
424
370
482
437
460
373
437
407
459
457
449
458
452
456
458
516
504
519
506
510
516
523
514
512
498
506
512
520
510
515
506
515
511
498
477
498
490
519
508
518
514
495
501
459
513
491
476
451
455
475
474
491
493
488
493
494
515
514
524
506
522
501
498
503
495
499
492
489
496
497
489
491
497
506
491
495
494
491
495
478
417
377
383
389
381
377
367
369
369
365
358
352
355
351
339
338
337
331
318
322
320
317
308
310
301
299
295
285
283
396
245
234
225
467
478
282
270
435
235
470
486
402
406
251
449
384
465
266
9
19
10
9
22
20
115
100
94
444
107
444
467
468
479
480
479
492
490
494
496
493
493
494
480
491
492
504
493
493
498
492
550
568
571
571
571
592
593
591
593
594
594
621
621
638
639
654
655
669
670
682
681
682
674
357
356
370
370
380
386
380
369
373
363
362
382
381
355
320
320
333
330
342
341
340
359
360
372
373
384
384
394
394
400
401
406
96
394
400
401
417
429
430
437
419
432
445
427
432
441
426
432
444
446
439
439
425
445
439
454
431
449
441
453
439
440
459
449
455
462
454
439
465
458
456
471
458
463
474
470
482
477
489
484
488
484
483
469
481
477
470
21888
21888
21909
21908
21926
21924
21937
21941
21913
21945
21907
21797
21790
21785
21785
21770
21750
21750
21750
21745
21733
21730
21724
21716
21706
21704
21702
21692
21684
21676
21670
266
239
229
21852
21818
21815
21877
21801
21792
21929
21873
21897
199
155
21858
21851
21850
21842
21904
21923
21886
21811
21873
173
212
290
305
28
26
21
27
22
28
21
22
7
9
28
38
33
17
32
21
38
6
6
24
23
47
63
89
167
158
163
162
198
193
210
209
225
225
240
240
253
274
284
273
284
307
313
312
306
342
341
359
360
378
377
393
386
384
420
420
446
446
446
473
483
482
500
501
517
514
515
541
542
559
558
573
573
603
590
592
573
587
573
569
572
563
572
550
570
572
562
552
553
559
548
544
557
569
558
551
564
553
560
550
536
560
555
554
546
555
523
544
540
550
520
549
543
543
562
531
1514
1501
1512
1504
1521
1509
1511
1516
1520
1508
1509
1496
1520
1519
1504
1510
1503
1517
1509
1521
1517
1526
1527
1517
1528
1512
1494
1526
1514
1531
1517
1516
1522
1514
1525
1521
1520
1496
1517
1502
1514
1515
1508
1523
1507
1522
1522
1520
588
559
1529
573
560
510
457
387
356
461
321
549
486
463
558
378
510
328
454
315
439
302
528
425
368
482
355
330
417
408
396
496
289
460
452
427
433
460
477
479
485
483
488
470
480
466
471
473
492
481
481
493
418
478
363
366
337
373
340
368
362
372
372
371
398
399
419
418
432
432
448
448
465
465
464
463
478
453
453
461
485
459
454
491
492
508
507
524
517
527
498
512
505
521
509
522
505
508
489
499
501
504
498
506
503
501
490
493
492
505
497
483
503
488
485
491
478
498
487
490
502
483
495
501
491
487
487
494
492
508
479
497
497
509
500
509
503
510
497
512
513
522
520
511
505
513
500
509
507
515
497
515
508
518
507
497
510
516
506
495
512
506
525
511
528
520
533
516
528
520
526
518
532
521
539
532
518
535
528
538
531
536
525
539
532
535
524
534
526
530
538
520
538
531
530
542
523
530
538
542
536
542
534
525
543
537
537
548
541
552
543
551
539
556
540
557
541
536
553
536
547
547
534
546
535
536
548
537
515
534
543
528
545
527
529
537
545
536
531
522
548
533
558
546
557
554
551
534
533
552
555
554
552
554
547
553
546
553
546
528
543
552
539
558
550
537
546
538
548
553
546
550
542
544
536
553
548
559
553
549
558
551
554
557
532
544
552
550
526
557
542
544
521
509
525
520
530
522
536
519
524
517
534
519
530
520
538
523
538
529
528
513
513
505
505
520
529
513
508
521
503
522
527
516
530
510
540
528
527
533
540
530
528
522
513
534
520
561
550
563
543
503
556
443
415
420
428
426
435
419
429
423
422
428
426
425
405
411
405
399
382
377
367
367
359
351
348
350
355
358
355
327
323
307
438
540
422
516
559
492
521
521
481
455
511
425
498
475
464
5
23
23
16
20
13
5
6
4
4
49
33
26
30
29
30
29
10
7
9
8
7
11
35
29
11
34
3
5
12
7
51
19
15
5
3
4
4
3
3
7
10
5
9
20
38
40
43
32
35
12
27
36
37
8
5
18
32
24
22
4
18
6
6
8
17
17
7
43
41
28
10
21
32
7
39
3
4
15
12
32
57
50
39
70
24
52
51
27
18
56
71
68
47
54
22
4
25
28
25
22
14
40
37
35
131
97
119
117
121
134
133
98
137
133
169
197
198
200
200
199
200
197
202
201
272
272
273
272
272
328
328
2292
2289
2305
2332
2339
2308
2344
2347
2312
2299
2307
2315
2342
2324
2324
2304
2347
2305
2335
2348
2329
2293
2307
2345
2327
2378
2300
2267
2379
2392
2322
2305
2303
2302
2288
2377
2377
2390
2253
2390
2307
2379
2301
2269
2357
2260
2390
2424
352
2418
351
248
70
76
76
254
69
67
248
242
74
245
203
75
76
91
76
69
2399
201
247
118
246
75
215
251
252
288
287
246
306
201
169
175
175
196
195
218
219
234
236
237
260
260
278
270
269
302
302
318
319
339
341
359
357
372
372
371
400
396
417
427
426
426
446
447
473
473
471
488
472
493
494
495
523
522
544
539
554
547
536
541
526
520
542
530
540
536
527
533
529
516
528
539
540
523
545
533
533
537
527
529
533
513
538
553
543
536
543
551
540
550
541
556
548
540
564
539
548
537
532
538
524
537
532
527
542
514
536
523
531
521
531
529
531
523
513
520
514
511
516
518
501
489
495
493
489
478
490
483
489
484
491
458
470
499
477
479
478
465
458
477
466
457
475
463
468
458
465
467
461
461
468
455
455
466
458
467
453
459
474
477
465
469
466
470
444
442
407
434
367
360
415
314
262
425
267
267
460
304
381
298
452
278
262
378
427
268
353
407
332
323
391
271
412
362
397
308
290
332
436
472
469
480
465
481
471
493
478
476
476
487
475
481
491
398
395
409
413
411
308
307
325
342
325
341
371
371
392
391
408
411
425
426
448
447
471
470
475
470
475
471
472
484
470
475
475
474
470
486
473
567
565
553
570
568
575
575
581
565
567
578
561
582
572
575
578
568
555
562
579
581
574
580
571
571
562
579
559
561
544
559
563
544
549
535
538
549
528
461
531
469
469
492
505
500
516
515
527
539
539
552
537
526
533
539
527
540
533
521
535
528
515
545
531
540
539
532
522
529
502
524
509
516
515
510
492
507
516
508
497
512
518
495
499
518
520
513
521
526
540
533
515
506
499
498
497
493
486
484
478
475
470
457
462
460
461
453
414
442
319
302
296
277
280
256
338
383
336
303
372
395
363
362
282
444
356
387
337
337
414
289
259
518
366
386
394
390
457
447
277
196
190
190
209
209
234
234
250
248
248
248
249
297
297
320
319
336
336
355
355
370
374
373
375
394
394
415
408
429
429
441
440
466
464
477
477
496
495
513
514
511
540
539
561
561
578
578
589
583
596
586
578
584
580
586
574
580
565
565
575
587
577
580
569
568
574
577
570
580
578
584
583
564
570
578
565
581
573
592
587
575
562
559
571
572
573
577
570
578
570
579
571
584
570
588
575
582
571
578
567
579
572
576
569
579
568
584
578
580
561
574
573
590
579
583
593
592
585
543
572
583
550
560
591
538
588
572
547
555
565
557
556
562
573
556
581
557
567
563
546
558
541
553
550
551
539
548
555
555
544
552
550
540
551
548
512
534
525
530
527
536
490
400
396
386
342
302
401
442
401
397
535
391
388
415
371
360
472
417
512
317
295
504
416
324
482
323
465
492
500
512
516
458
468
479
501
499
499
486
478
496
512
514
398
246
245
501
473
248
257
458
271
275
246
281
287
245
478
262
264
482
246
246
275
247
288
499
253
279
247
245
247
244
245
505
446
476
416
401
255
106
502
366
393
255
420
411
502
105
404
107
106
399
109
450
496
114
107
409
486
106
376
256
247
256
247
244
243
246
245
245
243
247
243
245
244
244
245
194
124
243
248
245
248
246
246
244
244
219
219
282
299
297
313
301
317
316
334
284
233
203
210
214
211
234
233
272
272
285
291
291
292
317
316
334
335
334
335
342
363
362
381
392
381
390
391
425
424
440
442
458
459
477
477
491
490
489
513
505
525
525
527
537
540
530
531
520
540
541
531
532
542
531
527
522
513
528
520
520
530
527
534
521
525
517
535
520
515
531
522
528
528
529
517
537
528
522
529
523
539
524
525
542
543
529
546
546
545
532
543
541
545
533
538
543
548
531
552
545
548
552
550
547
555
558
544
562
547
547
564
558
550
551
567
564
553
566
557
555
561
562
551
551
562
560
553
570
554
568
556
561
554
562
564
558
565
555
566
564
568
560
556
556
571
559
570
562
557
569
560
572
567
561
563
569
576
562
573
561
576
558
557
564
567
555
573
556
558
569
564
558
559
565
559
570
556
548
565
561
559
562
551
551
564
559
545
519
522
536
550
547
557
548
536
548
547
540
547
539
536
547
546
526
540
545
534
541
534
550
535
534
541
535
552
530
520
542
497
521
508
533
514
529
536
533
535
534
530
541
539
525
516
547
548
542
549
545
552
546
549
546
545
538
521
539
533
549
513
453
458
472
532
450
413
404
389
479
363
323
339
321
430
506
525
496
377
349
481
393
433
363
463
502
484
492
487
491
484
496
489
480
479
488
480
492
490
491
488
474
490
492
486
499
490
492
501
462
350
364
363
367
380
378
376
399
400
418
418
434
429
448
448
464
464
478
479
476
504
503
522
521
530
521
535
537
534
531
538
538
535
533
540
534
527
533
530
537
526
527
523
532
534
533
525
531
534
534
532
540
529
539
524
543
541
539
526
535
527
531
524
527
517
528
518
518
531
532
524
540
527
546
532
534
541
564
559
553
565
564
556
563
554
563
557
544
562
550
557
526
546
542
554
547
566
551
569
554
557
570
574
565
575
553
564
570
582
589
626
630
645
637
643
634
623
656
644
646
655
630
652
641
655
643
641
626
628
622
632
623
628
621
624
611
633
631
632
631
646
639
630
648
640
642
636
641
634
643
631
651
634
639
633
650
643
619
646
632
601
595
589
573
549
574
583
540
527
602
585
577
568
594
582
587
581
590
593
599
592
594
598
592
600
598
594
600
598
601
602
591
601
588
594
587
595
589
596
586
581
589
602
591
584
597
573
559
592
586
568
570
548
523
525
536
541
542
538
578
572
576
569
584
581
578
561
575
588
570
581
570
583
567
582
575
576
584
580
576
585
566
578
583
575
557
583
576
581
575
584
578
578
575
583
581
587
585
580
587
587
580
581
573
538
551
584
574
541
1046
1043
1043
1040
1044
1033
1056
1048
1012
1007
1004
1039
946
937
1018
867
844
839
975
916
745
861
928
995
828
811
789
766
952
758
737
892
966
853
818
779
875
898
897
727
799
987
869
921
930
869
924
563
883
433
436
418
451
443
448
431
356
299
267
281
263
271
276
288
287
305
305
321
324
324
341
340
358
360
360
383
397
397
414
414
431
432
452
452
470
469
488
488
503
502
520
520
510
520
526
522
531
517
529
513
536
530
528
540
524
538
523
538
523
503
513
525
532
522
514
516
510
507
506
512
511
508
529
526
526
523
520
521
526
514
524
516
522
512
524
512
519
519
498
509
519
519
518
514
522
518
527
514
522
523
501
506
501
501
511
492
501
510
493
509
515
519
511
518
509
528
518
524
521
513
495
524
485
502
490
498
492
500
492
502
495
507
495
511
496
511
498
510
503
507
520
515
506
516
508
517
513
511
501
516
505
504
517
510
517
526
511
520
514
522
531
527
516
531
522
528
516
536
529
532
526
533
525
520
523
523
533
526
539
526
514
522
494
537
489
505
512
524
516
509
517
511
521
509
520
515
524
530
521
512
497
524
507
519
506
510
517
500
512
510
500
510
484
479
475
441
459
446
494
497
491
486
484
500
500
485
498
492
489
495
487
460
472
478
478
497
491
495
509
500
494
500
494
499
493
506
495
502
493
505
483
496
491
401
321
417
418
456
473
375
364
355
327
479
295
443
308
495
373
436
348
333
429
403
465
358
465
467
459
467
457
469
470
463
468
461
476
460
470
462
475
462
461
469
465
458
467
460
467
461
469
435
346
390
358
357
372
373
390
390
403
404
417
415
433
431
449
450
464
474
473
494
492
509
510
529
523
522
532
528
521
537
520
536
525
533
522
520
532
527
511
515
523
526
516
533
518
534
522
538
527
544
534
530
531
541
542
535
547
545
551
549
550
548
562
559
553
556
554
550
563
558
564
558
550
567
556
575
567
583
575
588
582
593
586
600
578
582
589
616
580
563
476
434
420
416
361
466
487
452
616
431
588
546
402
570
378
352
403
494
605
504
533
408
367
539
468
518
19579
19621
19639
19670
19672
19684
19668
19675
19675
19660
19654
19648
19634
19631
19640
19620
19627
19606
19615
19616
19626
19529
19455
19454
353
366
355
373
352
366
396
396
415
412
430
429
450
450
472
464
480
493
497
497
497
526
536
566
564
608
609
631
631
650
633
643
685
691
698
694
706
721
709
727
725
745
739
760
759
772
760
760
768
751
736
722
715
720
698
663
590
758
617
676
650
530
683
635
472
504
560
603
745
575
515
446
609
541
657
429
558
514
532
448
516
539
566
527
555
539
537
546
532
519
554
542
524
537
522
532
517
539
460
476
370
362
363
365
371
362
402
392
377
358
382
374
396
396
410
409
411
460
460
478
478
498
500
521
521
538
539
539
567
567
581
584
602
593
588
587
598
595
595
598
591
557
575
570
581
584
564
569
533
467
432
406
498
498
491
550
381
378
557
333
511
475
313
524
443
420
412
357
340
320
460
303
348
499
454
456
454
461
457
464
463
476
456
444
464
457
463
465
466
444
458
454
457
468
458
461
448
407
340
358
321
336
336
334
345
345
361
360
372
379
373
385
386
405
405
417
414
422
422
447
441
457
457
475
473
492
491
498
489
496
495
491
498
491
494
501
490
500
478
475
495
474
492
485
484
485
492
495
486
489
494
494
487
502
491
498
487
499
506
498
510
502
519
501
502
507
488
487
512
504
503
507
501
511
505
501
506
511
513
510
509
515
498
521
510
520
514
515
515
524
531
533
525
529
535
533
542
528
518
526
511
524
532
516
516
529
523
525
511
516
513
515
515
512
506
516
525
532
511
517
525
521
515
504
515
525
507
517
508
514
493
508
501
505
511
497
510
490
510
506
503
513
510
511
514
503
517
505
522
514
525
519
522
515
529
516
536
528
530
515
532
520
530
532
530
531
531
528
521
506
530
518
507
525
524
528
523
527
519
522
514
525
516
531
524
529
526
500
513
519
521
510
520
509
523
534
517
533
518
515
526
513
520
528
517
526
508
516
521
523
518
529
508
521
523
517
525
508
534
536
533
533
531
526
518
530
512
530
520
534
531
517
512
517
521
486
485
514
506
529
524
520
526
518
507
520
512
480
491
472
495
506
506
480
495
498
485
523
509
520
513
517
517
513
530
526
506
526
520
531
521
527
534
534
520
537
530
526
532
527
541
528
545
544
556
533
527
526
503
539
523
510
531
537
533
528
544
516
529
520
540
539
547
535
529
527
551
531
509
521
531
522
524
517
527
520
530
516
527
504
512
519
511
518
503
512
520
508
511
523
515
513
522
519
522
515
519
521
522
519
514
509
526
517
536
520
533
519
519
517
529
525
535
532
552
532
541
532
532
532
542
531
536
544
543
533
543
536
543
536
544
531
546
532
549
535
547
533
547
544
537
549
537
553
540
684
652
652
593
595
610
670
607
640
625
647
612
632
659
639
631
638
631
638
638
636
641
638
642
677
645
663
559
656
515
557
621
544
538
516
625
530
590
576
607
601
500
581
572
636
718
711
707
695
685
548
568
569
590
585
600
586
576
577
579
577
609
609
601
628
608
598
605
606
582
603
591
596
585
526
430
453
454
470
471
493
491
512
511
513
537
538
539
570
571
589
601
601
590
501
601
525
525
535
537
558
553
567
556
560
566
564
563
561
560
559
573
563
571
568
569
556
575
563
571
566
536
496
514
554
558
519
501
544
552
560
540
550
561
522
553
499
347
489
483
546
420
386
412
515
338
378
500
321
313
485
424
509
326
535
454
362
409
494
511
500
498
500
511
507
500
505
498
538
523
525
512
516
469
529
516
506
489
520
474
518
483
361
522
361
355
515
358
356
438
441
439
446
446
480
479
509
522
522
535
529
532
529
532
536
574
580
590
583
549
503
563
353
326
580
524
513
540
460
408
281
478
415
277
277
275
273
385
271
274
268
447
270
433
537
280
279
269
444
457
431
447
462
518
507
520
469
490
484
507
436
490
490
483
490
491
519
480
312
352
311
348
348
365
357
372
355
374
373
372
372
373
415
414
429
435
434
428
428
427
437
439
431
429
436
431
519
518
517
541
539
555
555
567
555
535
538
522
521
539
537
548
508
526
529
532
531
541
533
523
531
540
522
527
511
517
525
510
485
498
499
509
516
515
510
489
464
456
470
470
465
472
472
461
471
449
470
467
470
506
504
500
497
509
509
504
504
514
506
500
514
498
494
507
507
498
493
506
501
483
497
491
490
475
495
495
486
496
494
491
498
499
492
500
494
502
492
498
504
511
493
444
468
468
484
490
490
511
511
516
528
493
501
522
515
515
503
518
513
509
508
500
512
501
511
518
505
488
468
508
482
499
506
504
512
506
502
509
514
502
518
502
509
505
506
522
517
504
504
510
512
509
494
510
495
512
497
505
496
506
497
508
490
489
475
482
476
508
501
516
502
514
515
481
488
504
503
486
475
499
489
488
482
508
493
495
500
493
504
492
489
505
499
487
479
488
497
485
488
482
492
479
496
476
493
494
484
500
489
498
493
481
493
498
474
492
491
492
504
505
496
491
506
504
494
494
510
500
514
506
509
517
517
506
514
489
502
511
503
514
505
510
506
515
509
517
525
529
526
525
533
524
511
519
522
527
520
528
517
517
528
509
528
520
529
517
513
520
525
514
515
529
512
512
506
506
511
528
518
510
520
509
503
515
514
516
520
479
446
476
401
358
317
291
497
370
378
454
509
349
423
415
331
436
316
393
289
492
466
335
383
408
302
347
500
495
504
498
489
506
496
506
512
517
511
544
542
542
554
550
544
558
552
565
557
575
503
435
433
429
409
430
430
451
451
469
469
491
489
511
509
537
536
557
557
578
577
601
600
621
621
641
641
642
657
647
658
656
659
653
658
651
662
668
642
628
637
643
655
636
650
639
637
652
633
649
645
631
636
628
621
640
628
616
628
611
619
556
606
598
470
427
574
375
359
299
443
551
412
391
380
491
482
583
351
332
514
319
304
506
294
536
527
446
400
419
459
474
459
453
467
450
460
427
435
456
449
458
446
452
439
451
452
465
469
467
401
298
301
297
300
322
320
319
340
339
362
361
385
390
391
394
397
397
382
402
405
404
334
404
405
381
383
363
370
406
331
313
385
295
303
386
400
383
382
333
405
292
305
398
326
443
473
448
442
430
413
444
402
431
431
441
446
425
443
437
413
345
444
296
293
296
277
277
295
294
311
312
329
329
348
348
365
365
382
393
394
410
409
426
426
446
445
461
474
473
489
490
505
509
496
509
510
488
521
506
515
516
516
527
519
537
535
539
538
534
533
547
539
546
530
542
538
534
549
537
541
533
534
524
528
542
539
553
546
532
540
536
548
541
539
552
546
542
557
553
543
544
558
552
533
534
561
560
538
553
561
554
563
553
537
543
508
492
502
563
468
487
459
521
474
539
530
548
530
552
548
561
548
568
567
574
554
564
554
566
556
555
566
560
555
569
558
564
555
566
553
566
445
522
456
558
467
530
433
489
412
353
345
356
334
531
505
549
443
498
485
341
407
333
372
471
485
480
491
516
509
522
510
504
512
504
516
503
517
420
463
387
426
346
233
440
218
453
219
482
217
497
505
224
472
396
209
1224
268
215
403
208
1326
1335
1335
1352
1353
1372
1371
1390
1382
1402
1401
1422
1421
1437
1437
1458
1459
1473
1465
1467
1455
1453
1454
1451
1462
336
1458
407
409
359
407
1421
1449
411
334
410
333
416
416
430
431
448
447
464
464
478
477
477
489
490
506
455
480
499
440
433
468
453
489
471
478
472
464
478
449
457
454
442
432
471
461
458
459
453
452
462
461
442
430
430
435
436
423
446
449
439
447
448
428
450
481
470
476
470
479
471
479
478
489
472
469
453
450
450
468
466
481
490
481
481
469
479
489
480
497
494
508
510
493
515
472
483
478
466
492
484
494
487
494
485
491
483
483
464
455
455
453
475
475
477
475
487
476
486
484
468
478
484
471
484
473
481
475
482
474
480
476
486
485
496
489
496
472
484
478
488
479
486
479
490
473
454
447
319
294
283
369
366
351
414
341
325
477
442
310
306
382
282
430
353
341
397
409
391
426
378
344
386
406
423
435
430
438
430
431
438
439
434
437
431
436
436
435
445
435
447
436
451
441
406
300
319
319
338
337
349
349
361
360
377
382
382
398
398
395
415
422
434
434
453
453
471
470
488
486
496
497
515
515
531
525
513
533
520
533
528
523
529
526
526
534
542
543
526
459
501
423
508
512
401
379
480
445
465
338
324
434
338
425
407
394
368
357
353
378
487
476
486
477
484
478
494
488
495
480
490
489
495
484
499
486
499
508
501
482
493
499
499
489
510
504
515
478
370
387
382
402
402
422
421
441
441
462
462
482
483
497
497
515
515
535
530
542
542
557
557
576
569
577
572
568
560
569
556
562
567
555
551
562
547
533
557
550
558
559
550
543
554
518
536
539
538
536
532
538
547
526
538
524
536
522
538
520
518
536
522
531
512
534
521
527
523
530
528
532
520
524
534
514
532
519
530
526
535
531
540
530
534
533
536
543
550
539
545
535
545
532
539
543
526
545
538
555
538
539
549
547
541
553
541
556
540
555
540
539
550
555
538
540
552
542
552
555
553
540
544
552
556
532
539
557
541
555
538
554
536
540
550
538
554
534
544
546
532
549
536
515
527
535
536
519
523
506
526
523
496
511
496
513
495
506
480
508
493
497
489
477
492
476
496
485
499
488
501
500
497
492
492
504
505
498
514
497
513
498
512
495
499
504
508
498
510
501
505
499
517
511
502
505
505
523
517
517
514
524
518
538
532
536
532
548
534
552
543
553
546
560
553
547
571
547
560
550
563
565
553
566
553
561
553
573
556
641
626
676
688
679
693
679
658
672
690
723
714
730
729
724
703
693
687
680
675
664
655
648
648
633
627
617
611
599
597
584
583
564
542
555
481
523
494
514
502
703
723
735
711
532
791
796
809
789
795
633
596
541
524
511
409
366
367
163
164
161
164
167
170
172
175
610
178
171
178
658
178
177
175
622
172
170
178
170
629
169
170
524
714
177
555
599
174
165
648
356
377
376
388
388
404
397
412
401
300
209
201
201
220
220
234
244
244
263
261
278
278
296
296
311
311
324
339
326
352
352
352
384
395
409
409
428
429
443
443
460
459
472
474
473
498
497
507
507
522
514
523
500
520
511
530
517
533
513
521
516
528
530
527
517
532
531
522
529
523
530
517
525
535
522
534
527
532
544
531
511
524
521
512
529
522
528
519
511
529
517
526
520
531
519
531
519
543
541
568
570
570
560
591
590
579
610
609
612
607
525
553
537
575
582
552
563
609
597
586
599
584
589
600
589
590
601
600
599
604
596
591
554
596
543
571
566
583
595
577
590
596
585
599
587
596
585
578
584
539
560
516
520
487
534
507
514
445
445
486
442
476
476
493
491
494
519
519
519
531
512
512
524
521
501
518
517
508
514
514
497
515
478
475
477
499
498
524
518
526
525
522
523
521
506
505
513
514
512
510
515
497
522
514
517
512
527
515
504
523
522
516
503
499
516
507
516
504
519
525
491
511
516
510
502
509
515
494
509
512
506
514
510
518
520
505
514
497
497
489
478
481
499
498
496
498
498
511
504
508
505
503
495
503
497
484
499
489
492
483
499
500
474
501
487
485
500
479
485
491
498
508
489
493
505
495
502
498
515
499
478
442
446
437
432
435
426
422
407
405
402
393
453
383
251
469
367
337
328
389
459
336
487
298
325
265
307
255
502
500
242
317
263
354
350
275
373
369
388
408
408
414
408
401
395
408
417
408
404
306
406
406
264
262
247
253
263
263
277
278
276
303
304
321
322
336
335
354
354
367
373
386
383
399
391
406
402
405
433
432
448
448
461
436
402
389
333
308
463
393
443
459
379
356
461
315
299
463
409
461
375
372
348
422
460
461
327
429
289
498
500
492
501
493
503
499
511
499
511
505
518
507
524
513
525
516
513
531
519
525
520
530
486
378
366
371
370
401
401
418
417
415
446
444
466
477
476
495
493
496
494
493
390
380
496
340
323
495
439
434
422
403
495
494
374
359
466
336
459
493
450
495
492
495
398
352
480
311
422
473
460
472
463
465
460
421
450
449
434
451
443
463
442
440
453
444
442
374
314
284
284
299
294
319
318
338
338
355
356
352
378
379
376
370
412
413
461
462
482
482
506
506
507
508
534
534
532
541
533
505
483
533
482
518
517
537
553
559
565
542
564
557
557
553
563
557
576
564
576
565
573
552
572
557
571
558
562
573
560
564
550
554
572
567
572
559
541
528
494
526
537
508
526
527
504
531
508
487
479
494
496
497
495
496
497
523
542
531
529
544
531
533
546
538
541
537
530
542
535
545
525
523
524
531
526
528
531
518
504
502
482
480
472
467
459
460
442
431
426
429
425
417
407
394
396
393
383
370
347
350
350
351
353
355
346
343
334
324
316
304
299
299
290
279
278
272
262
252
244
524
524
8
30
21374
21372
21363
21364
21361
21355
21360
4
4
4
3
11
4
4
4
11
3
3
13
10
4
18
16
23
20
33
8
4
4
7
6
5
27
40
52
46
50
37
252
251
268
270
284
262
207
206
225
224
241
241
258
258
273
273
288
288
305
304
323
322
340
339
355
353
336
354
383
383
397
396
406
407
421
429
427
452
452
469
468
487
486
503
502
528
512
511
527
556
529
522
528
531
504
514
520
514
514
519
518
498
506
523
516
508
509
523
516
526
514
521
520
520
527
530
505
520
524
507
518
524
524
512
516
522
507
521
504
497
512
509
500
507
508
515
508
514
506
497
510
500
502
492
485
491
498
515
527
530
516
513
525
522
517
515
522
505
516
519
508
520
510
520
517
499
514
503
509
515
523
496
521
497
499
503
522
490
517
504
508
492
502
513
505
499
498
512
510
498
512
495
501
516
515
533
524
478
500
487
496
488
520
497
415
420
415
405
433
459
362
326
344
323
341
307
307
381
429
361
504
516
362
442
358
403
394
358
362
488
479
466
451
298
479
512
515
530
514
522
515
526
520
527
521
529
524
531
510
516
522
536
438
437
456
455
473
472
491
491
510
510
532
531
542
541
481
479
474
450
464
465
477
476
474
493
493
508
506
496
525
524
541
540
559
552
559
550
557
541
490
521
534
503
512
542
531
524
513
531
519
525
536
535
523
525
520
525
518
523
515
514
527
510
518
494
489
515
504
504
492
504
507
500
500
501
514
495
497
497
503
486
497
494
500
491
504
488
501
491
510
486
483
485
497
498
491
509
507
508
486
505
497
517
500
506
521
526
513
529
523
530
545
531
528
550
549
534
545
523
487
502
488
468
452
429
406
500
497
401
507
497
506
463
436
506
521
535
474
447
413
518
514
516
507
495
495
488
484
475
476
454
433
429
422
414
402
393
388
378
364
349
355
343
336
329
235
235
135
122
3
4
10
23
29
30
34
48
45
46
63
44
47
19
38
29
16
47
62
78
88
110
101
135
152
151
175
174
188
189
202
194
210
209
228
229
246
246
266
266
284
278
297
297
311
311
322
322
339
339
360
358
377
377
397
396
399
412
420
421
424
442
445
445
443
483
482
502
502
522
521
541
541
558
549
540
548
543
552
553
554
565
551
560
549
562
548
554
547
529
548
508
563
511
541
517
545
535
547
544
533
529
516
522
535
529
523
528
513
517
528
517
519
517
510
502
521
515
507
510
486
492
482
487
483
487
508
509
501
497
501
509
502
503
509
505
493
499
505
484
466
467
466
487
498
500
500
508
507
517
500
512
512
678
676
801
805
811
821
822
837
831
830
844
839
838
847
838
841
835
843
844
856
849
865
854
837
835
823
841
834
832
838
844
830
848
834
839
838
846
836
847
853
852
860
845
853
866
856
861
856
874
865
722
599
602
561
567
582
584
573
588
580
585
601
600
588
599
595
612
606
614
624
629
617
629
622
635
646
636
656
643
660
650
665
660
678
666
673
681
687
668
680
668
681
669
697
683
687
694
685
696
687
713
701
717
722
733
730
720
730
727
718
731
720
731
719
730
719
727
715
708
723
716
732
729
718
729
714
713
729
746
730
733
721
717
725
721
715
712
735
720
709
724
710
713
696
698
708
706
695
681
695
682
668
674
661
673
660
649
664
671
658
666
662
642
663
649
647
660
639
661
643
631
642
628
646
628
631
624
606
581
597
606
594
606
608
607
608
595
615
598
616
601
608
601
612
600
620
602
610
603
609
601
608
602
602
594
606
595
600
586
587
600
598
585
597
595
597
600
592
601
591
607
588
573
598
589
593
581
577
598
591
586
568
592
582
592
581
582
591
575
593
581
598
592
573
596
589
592
584
575
589
592
594
591
585
596
601
588
603
595
603
600
599
606
608
600
601
602
610
601
615
616
608
624
611
599
624
616
621
612
597
604
619
618
611
619
621
624
616
609
601
593
607
609
594
575
501
550
539
505
467
589
572
516
528
477
580
593
570
556
571
563
568
565
569
564
575
578
560
565
557
560
551
534
558
547
553
540
557
549
539
557
545
551
528
554
545
552
557
563
557
565
551
550
563
549
523
510
509
527
513
527
526
540
539
558
556
566
574
582
569
580
565
557
571
561
553
559
561
564
551
566
550
557
560
570
554
568
564
561
566
557
571
557
575
538
538
560
548
563
578
571
589
570
585
588
588
583
585
592
607
592
613
600
617
605
621
615
635
618
628
624
636
632
644
641
652
640
654
649
648
660
648
673
664
672
663
673
667
661
682
673
672
694
676
699
688
691
691
703
683
679
695
687
698
686
658
689
670
696
692
680
688
711
696
710
694
700
695
709
678
692
699
690
701
683
693
684
692
684
693
676
683
662
681
662
677
651
672
644
515
411
351
532
335
317
312
300
295
281
281
277
267
263
252
248
240
235
451
221
219
210
200
554
183
181
168
663
477
414
411
412
561
403
368
336
585
478
230
546
602
656
392
492
188
576
618
510
