42
102
245
251
25
295
380
415
425
443
457
503
482
376
501
374
524
414
442
459
508
510
523
486
459
486
522
482
552
560
561
565
585
540
606
607
630
647
662
660
676
680
684
688
669
670
627
681
646
690
684
679
708
710
682
675
659
666
674
658
645
669
656
666
614
561
635
651
623
686
666
662
664
655
586
646
614
614
625
603
603
562
589
567
584
576
586
577
582
575
573
581
577
575
581
578
577
582
567
583
581
570
565
532
535
553
571
528
560
548
535
559
565
569
542
559
561
531
532
534
525
545
531
543
533
523
538
528
521
525
525
533
520
568
559
567
542
550
544
557
553
543
551
558
544
555
546
543
560
546
546
556
550
554
552
558
546
561
560
570
562
566
558
566
572
560
555
572
570
528
536
483
235
156
391
500
471
386
514
360
367
329
536
299
275
491
264
465
405
225
563
208
149
136
429
398
374
328
314
280
257
218
191
509
167
355
243
177
555
198
293
341
370
378
433
413
432
421
428
262
385
216
189
172
190
189
194
215
216
233
233
247
254
254
241
275
274
289
281
295
304
304
318
319
316
339
350
348
349
371
372
389
388
404
404
419
420
421
403
453
453
468
468
487
487
495
498
498
485
495
493
498
492
508
490
493
494
488
502
496
502
501
501
501
486
493
486
490
496
496
501
501
504
503
509
506
511
506
508
518
512
520
513
520
526
536
534
524
522
515
530
517
514
502
515
494
497
478
470
490
459
506
502
489
498
486
480
487
491
480
495
483
480
485
483
483
489
470
457
469
468
478
476
462
470
459
454
455
465
459
452
447
454
439
448
450
440
451
444
449
443
452
451
457
452
455
439
455
434
436
437
451
447
447
451
456
449
460
450
447
433
445
441
443
440
437
449
440
442
441
447
421
439
432
434
431
438
422
427
440
440
433
427
426
436
440
441
435
441
436
436
431
419
441
429
448
437
445
439
421
441
442
445
442
447
453
451
449
440
450
436
436
449
454
453
453
455
451
457
456
454
454
446
459
447
464
457
461
458
458
464
451
451
5169
5189
5179
5171
5173
5182
5185
5175
5156
5176
5172
5181
5169
5165
5159
5159
5171
5154
5155
5164
5172
5173
5179
5179
5180
5177
5178
5187
5179
8032
8027
8038
8028
8033
8032
8036
8027
8035
8034
8031
7997
8037
7958
3206
8007
3243
8039
3227
7988
3206
3234
8014
7989
3220
7977
3350
3372
3365
3378
3373
3385
3376
3376
3373
3381
3393
3384
3399
3399
3379
3397
3373
3382
3389
3384
3398
3390
3389
3410
549
556
552
564
561
561
574
563
574
573
546
542
520
518
445
453
464
462
479
478
489
491
513
512
528
528
522
539
541
533
547
537
555
537
547
525
520
548
540
555
539
553
537
535
536
536
545
549
547
528
552
535
547
535
547
534
544
542
540
542
536
507
492
538
515
512
517
517
522
520
529
527
525
520
514
528
530
518
537
515
530
513
524
522
523
521
517
529
532
538
533
537
535
539
528
541
529
532
526
532
524
527
529
517
538
526
533
527
524
504
523
522
521
523
543
535
535
553
538
545
548
560
559
558
556
570
557
561
563
560
573
560
566
576
560
573
570
578
558
567
562
568
563
572
566
562
584
571
609
616
620
518
617
637
630
631
619
634
612
619
622
621
617
634
635
629
635
618
622
623
621
614
624
612
619
606
624
609
611
588
602
597
585
595
581
592
580
588
578
581
575
589
573
569
576
564
578
532
536
531
529
517
515
536
525
517
507
509
517
497
497
501
516
495
506
518
511
525
508
509
502
502
518
513
496
500
510
499
519
518
525
512
519
531
533
522
529
522
523
529
523
526
532
533
517
528
530
510
518
535
527
537
517
526
519
531
524
526
533
543
538
521
514
530
508
519
529
531
524
513
530
523
521
519
517
531
534
531
535
524
536
529
525
534
519
533
529
516
523
537
529
521
531
525
533
535
526
541
539
529
541
540
532
540
532
541
532
543
531
544
542
551
547
563
544
556
553
558
556
557
550
567
553
560
569
569
552
552
564
543
550
561
546
557
558
547
546
561
559
547
562
549
566
552
549
558
561
548
565
549
564
551
561
549
552
539
558
542
544
556
522
549
542
535
541
548
542
549
545
559
558
547
561
550
560
550
557
560
562
558
565
569
561
571
561
579
565
575
569
581
568
568
582
568
575
580
571
568
579
581
574
564
569
562
578
595
607
605
592
594
577
586
582
573
582
590
582
573
578
588
584
575
573
581
585
578
574
586
583
573
587
576
582
576
584
569
579
564
571
564
579
569
576
582
587
587
594
575
578
587
588
602
597
615
611
574
581
575
566
581
584
595
578
586
578
590
584
594
592
583
592
576
580
552
543
567
590
553
554
561
559
569
575
573
581
583
588
581
587
589
588
575
584
592
571
574
584
591
575
592
571
585
569
575
569
582
572
584
576
561
565
570
579
569
570
547
560
554
562
567
578
563
576
574
583
594
582
580
585
582
598
587
580
591
576
586
576
575
588
581
580
578
573
583
577
579
569
585
582
585
584
588
575
583
580
580
573
567
591
589
584
585
577
580
568
583
579
585
575
564
589
588
576
592
576
589
596
596
593
584
581
584
574
567
572
578
584
567
554
572
562
564
573
580
578
577
560
551
563
557
570
553
563
552
565
554
551
573
559
547
565
555
568
560
553
566
551
575
559
555
567
559
566
552
562
515
481
435
425
351
269
263
219
182
123
436
536
433
288
399
508
391
469
484
381
252
250
546
371
219
344
200
199
498
329
155
456
129
335
323
311
299
294
280
260
228
446
218
172
165
110
517
140
360
100
239
36
95
143
153
156
159
162
166
162
164
168
167
169
172
175
179
181
184
182
185
186
186
190
192
194
191
154
154
196
152
194
152
151
195
155
155
196
194
155
192
158
192
194
193
193
198
194
192
192
191
195
197
196
7
5
7
5
7
13
4
4
13
10
19
18
24
33
38
41
37
44
55
64
74
88
87
80
95
88
105
108
108
121
98
113
108
97
111
124
161
173
210
237
218
228
211
233
224
186
208
207
235
234
252
251
270
270
287
288
306
305
328
328
345
339
352
350
366
352
378
378
381
391
399
399
417
417
437
435
447
462
462
484
478
497
497
513
513
528
528
528
552
548
563
561
547
585
562
571
557
528
540
546
556
550
557
536
544
565
555
563
550
559
553
560
571
571
571
564
577
579
565
555
578
576
571
578
580
579
593
574
573
586
581
574
593
583
591
587
602
600
612
599
592
606
589
611
602
591
604
593
601
609
601
594
604
594
603
586
590
595
594
586
593
596
586
596
584
598
593
597
579
588
593
581
596
587
596
588
594
585
592
594
592
574
587
573
582
573
571
584
583
575
579
569
581
570
578
572
584
572
589
577
589
568
575
592
582
586
575
573
567
577
583
577
585
582
578
584
578
587
569
586
578
576
588
587
592
590
585
592
585
595
601
595
585
609
593
585
599
587
589
599
574
600
585
592
581
587
573
593
580
594
580
577
594
588
589
594
591
598
577
591
583
583
590
594
585
592
585
585
591
594
586
595
593
594
578
589
579
584
574
586
571
588
577
580
582
574
587
583
579
574
588
574
579
570
595
560
533
582
440
440
430
423
415
411
402
401
389
384
375
366
363
355
351
353
339
335
313
285
244
456
326
498
488
305
272
264
253
240
190
178
174
188
530
504
554
293
472
200
547
215
218
478
463
515
8
6
8
24
22
37
46
46
53
68
69
77
92
101
93
111
108
98
75
54
117
74
73
57
96
55
35
32
84
105
71
118
52
95
96
34
112
8
5
39
35
11
7
26
37
5
18
7
15
23
33
17
9
14
4
16
15
12
9
12
5
2
4
8
6
22
27
41
42
42
47
48
57
72
76
86
85
95
95
81
87
107
118
156
174
166
205
210
208
209
206
9029
9040
9018
9046
8944
8945
8990
8990
9003
8987
9002
8987
8992
8985
8991
8985
8972
8967
8973
8963
8960
8951
8961
8946
8943
8943
9009
8987
8987
8985
8982
8971
8965
9008
8991
9042
8989
8988
8982
8986
8951
8989
8969
9270
9283
9320
9325
522
531
531
525
508
525
473
206
197
218
218
233
234
249
249
264
264
263
292
292
309
309
308
334
334
350
351
363
363
364
363
398
361
398
422
422
437
435
427
454
454
468
469
486
486
504
504
518
508
506
497
494
484
481
473
471
461
458
447
439
418
511
426
429
475
479
498
497
546
534
550
544
539
537
556
550
560
547
549
540
556
539
542
562
560
550
560
547
548
560
555
568
570
556
564
554
550
500
478
489
489
505
515
514
530
530
549
548
562
563
576
478
557
530
465
577
443
579
455
580
567
523
526
507
491
502
483
513
495
494
503
483
504
492
493
512
495
504
496
512
493
506
497
504
500
504
499
514
503
515
503
520
507
515
508
521
509
511
517
507
508
444
460
461
478
477
493
494
490
492
521
522
525
515
524
501
520
520
533
532
531
519
526
549
547
528
551
544
550
542
555
542
553
540
548
541
553
528
547
537
539
551
537
549
540
534
542
546
547
545
548
543
549
526
545
539
545
522
541
541
555
564
546
562
553
555
561
559
550
543
515
555
533
557
525
532
538
526
533
528
528
520
508
527
518
521
535
501
521
517
522
525
517
504
517
524
526
517
521
508
520
508
511
519
508
498
519
500
515
498
501
501
491
491
490
492
500
487
497
491
494
471
488
488
499
489
493
481
455
479
410
434
367
139
99
327
300
376
279
263
360
224
259
347
287
173
425
186
413
480
151
153
342
123
401
92
118
304
398
463
281
223
198
217
172
137
455
214
165
111
317
245
201
336
340
330
296
194
149
114
113
114
101
103
104
98
98
115
115
114
102
115
113
101
114
102
112
102
102
147
104
105
112
113
113
98
113
88
115
112
115
148
103
113
103
93
83
97
149
114
52
113
95
101
5
14
19
17
30
22
10
5
4
3
3
16
13
12
12
37
43
28
32
31
42
63
70
63
86
82
66
30
79
63
62
41
27
52
39
66
50
5
14
16
19
17
36
32
30
42
7
1
5
12
22
5
38
54
37
34
39
29
25
43
21
45
41
48
48
24
81
45
42
35
29
30
27
39
49
73
62
44
45
45
41
34
34
33
68
32
32
31
75
65
36
45
33
46
31
94
45
29
4
4
42
38
31
43
63
100
128
140
138
96
128
96
92
92
89
90
96
89
74
103
73
113
84
137
70
96
106
71
71
95
95
63
103
138
118
96
72
69
86
96
69
86
73
4
4
18
13
32
96
113
110
130
129
147
148
166
167
159
186
186
203
203
217
216
215
245
245
264
264
282
282
298
298
326
325
325
353
365
353
365
364
398
398
418
419
438
440
455
454
466
467
482
489
490
490
519
513
514
514
518
545
548
556
545
560
542
555
537
553
560
549
564
556
551
552
563
556
565
552
568
554
548
563
547
528
554
550
555
559
527
558
543
546
558
543
541
560
556
545
553
540
560
552
561
553
563
560
571
549
488
522
578
570
498
478
509
455
504
464
526
537
531
542
528
542
428
422
413
395
395
381
384
363
509
284
381
131
131
334
502
323
304
295
473
273
271
231
201
496
132
129
370
360
131
351
132
465
123
449
114
318
480
436
254
229
524
131
468
129
241
131
131
130
5
3
33
45
66
86
103
129
157
161
158
176
169
186
187
199
200
197
229
229
248
247
267
268
277
278
278
313
313
325
324
346
346
369
370
387
386
406
407
417
424
430
429
447
443
445
463
478
469
470
493
501
500
479
533
532
552
551
559
562
563
531
521
553
536
551
564
554
549
555
553
534
541
541
545
555
534
536
528
544
520
542
526
522
547
533
522
535
536
534
535
540
534
543
536
529
546
542
540
551
538
546
531
546
535
525
531
521
527
517
490
480
508
506
523
524
536
525
532
530
537
517
498
546
536
520
537
538
550
529
548
546
550
541
545
540
550
539
556
539
525
535
550
543
549
543
551
556
543
555
512
530
431
423
345
324
248
210
193
174
407
388
110
542
335
426
314
301
280
299
272
520
228
218
466
200
191
143
155
129
377
134
112
401
364
455
441
337
486
500
235
542
470
483
333
256
415
166
497
268
60
61
150
69
73
78
81
84
85
89
92
60
99
105
111
115
87
91
60
59
86
94
63
86
63
60
60
88
59
60
92
97
62
89
91
62
3
3
21
23
15
25
15
28
11
13
8
24
43
24
10
18
54
51
54
48
20
21
43
44
58
60
78
74
84
97
97
76
94
91
110
65
42
96
42
41
70
92
63
48
51
74
54
5
9
4
5
5
18
25
31
26
73
75
98
98
106
115
117
119
211
211
227
226
246
246
253
251
244
267
265
278
281
278
287
281
301
307
297
303
305
334
316
317
341
352
353
371
371
389
388
382
379
377
382
379
374
365
385
333
325
218
119
379
363
379
344
379
315
301
282
379
272
382
235
392
222
202
388
163
156
139
122
102
384
348
379
389
298
243
233
184
168
379
390
262
381
383
143
245
253
122
82
97
115
141
139
153
158
171
172
191
192
212
212
225
225
226
254
247
256
272
270
289
290
288
289
290
326
333
334
349
351
380
380
405
406
380
427
418
441
435
455
453
468
468
482
480
493
493
513
513
535
536
555
549
548
560
557
545
511
503
536
523
539
551
522
541
532
533
531
526
541
516
505
517
523
517
533
527
517
547
523
539
550
513
533
534
543
532
531
532
519
530
528
527
534
512
521
536
519
523
511
508
500
512
512
502
502
471
486
487
506
505
512
510
525
505
493
514
524
506
502
515
509
517
520
522
527
515
520
496
505
503
505
499
487
480
492
513
504
505
486
507
498
499
503
490
504
508
497
499
510
518
510
509
514
511
515
512
521
529
511
522
509
520
511
524
522
527
514
529
522
529
521
518
523
526
518
504
517
524
517
506
527
521
496
531
488
477
514
517
518
528
528
534
527
516
520
529
523
517
506
506
510
522
522
514
522
516
519
516
514
513
516
501
496
500
502
500
493
480
494
494
510
491
498
491
498
449
479
464
491
484
471
502
500
477
472
486
486
503
497
502
504
495
496
503
465
484
490
499
497
493
495
491
494
506
508
504
512
504
511
511
519
510
525
521
530
522
532
531
532
523
530
521
536
529
523
534
525
535
484
508
509
523
510
514
522
532
516
511
530
526
520
532
532
525
513
530
524
525
531
531
520
530
513
503
512
505
520
503
515
502
514
500
513
497
493
502
495
484
509
494
508
506
487
500
485
499
491
489
503
500
499
503
502
484
512
511
511
508
504
497
496
506
508
504
512
503
498
507
507
511
518
507
523
523
525
523
535
535
526
514
520
528
520
533
526
542
526
534
535
537
531
538
530
535
537
540
535
541
530
534
540
532
525
539
535
532
539
531
535
527
540
529
531
517
539
514
538
523
528
524
526
524
514
522
524
511
519
519
526
508
501
465
480
504
483
516
505
494
479
483
499
494
501
493
501
502
493
494
496
477
499
485
484
484
475
491
491
488
489
470
486
468
482
472
477
483
485
474
466
488
479
483
483
478
492
482
493
483
479
494
496
460
478
478
493
494
513
503
496
496
512
506
495
498
487
480
470
507
500
500
508
501
510
502
502
516
506
494
507
486
514
490
508
501
510
512
501
516
508
499
499
512
500
507
460
467
487
481
500
508
497
505
489
494
502
502
496
498
489
503
488
498
496
496
486
481
481
497
496
511
502
511
502
509
500
507
505
506
504
505
508
502
514
504
515
503
516
504
521
508
523
512
515
521
523
509
503
512
500
520
521
515
530
511
503
521
514
506
514
518
529
532
521
521
533
512
531
524
505
500
525
495
513
507
513
514
523
521
524
509
503
504
518
518
508
513
507
513
505
512
505
511
494
509
511
511
510
508
503
500
508
507
485
493
521
519
519
527
495
505
522
494
505
504
506
510
495
511
511
529
520
531
512
514
511
520
522
514
522
520
522
530
528
522
524
520
525
525
530
529
520
536
520
524
522
533
534
513
526
531
532
534
527
510
522
513
519
520
512
510
523
529
524
520
527
518
518
506
513
511
518
502
515
508
520
504
515
493
512
484
504
497
499
513
500
506
501
502
511
493
506
479
485
501
485
496
489
496
479
495
494
500
497
492
501
498
489
500
501
485
506
488
496
477
491
501
502
475
500
490
503
491
501
491
502
495
509
499
504
502
510
512
498
525
484
503
497
507
497
492
509
510
510
512
502
518
521
515
525
519
520
526
527
521
530
521
529
522
528
535
524
523
524
535
527
518
532
537
539
544
533
531
538
511
540
526
529
521
533
516
524
497
505
520
513
513
512
517
524
512
523
522
516
522
518
510
512
518
502
515
504
514
499
512
509
502
507
499
506
497
505
503
505
497
506
491
495
502
504
496
501
495
495
502
497
496
498
507
500
508
497
508
505
508
502
511
509
507
502
492
483
502
491
507
500
500
494
508
497
503
496
502
478
429
412
406
404
403
399
401
387
384
376
370
370
365
358
354
354
350
343
332
335
333
325
322
314
314
306
309
306
307
300
289
290
277
274
272
260
258
260
251
243
447
460
440
471
486
428
494
428
3
2
3
4
5
18
15
7
5
14
28
30
50
48
57
55
70
29
65
67
48
45
69
26
75
17
19
62
31
80
60
63
7
28
26
41
32
32
58
57
72
96
106
121
179
160
179
177
176
193
193
188
206
202
219
219
234
228
228
251
248
251
276
275
290
292
293
311
310
326
323
325
340
351
351
340
377
376
390
389
389
414
414
430
431
449
468
468
481
481
483
402
350
346
334
329
326
319
304
307
303
298
296
294
297
287
289
286
288
267
264
259
246
249
246
240
238
233
219
211
203
395
480
483
376
444
439
474
482
420
455
468
385
350
431
414
368
339
3
3
4
20
21
30
29
42
40
22
24
32
37
5
3
22
20
18
32
44
41
47
57
61
77
102
140
180
171
161
182
181
190
189
202
204
197
193
224
228
215
230
213
251
252
262
264
269
271
270
289
301
301
318
318
334
334
348
349
362
362
378
377
394
393
406
410
410
430
424
442
442
461
460
468
475
475
474
455
455
498
492
495
482
488
492
468
485
481
489
490
485
501
488
474
477
484
492
476
492
492
478
497
489
496
492
491
505
490
479
500
508
509
498
500
491
501
505
493
500
494
501
491
503
488
488
477
476
481
474
494
483
497
494
487
479
497
483
490
488
484
478
491
487
495
489
492
486
479
482
485
479
467
481
456
476
469
461
463
451
462
460
470
468
473
460
472
469
471
453
463
472
468
471
458
472
470
469
482
480
475
483
482
489
491
496
479
500
495
497
504
470
496
477
489
476
493
494
481
500
474
487
485
492
496
480
495
486
497
505
512
493
486
496
490
496
493
502
495
507
498
500
490
505
494
492
512
486
483
500
488
496
493
478
495
481
481
488
485
470
479
482
457
467
482
485
497
474
489
493
490
497
490
496
490
503
489
485
485
491
503
494
510
508
505
502
508
503
493
497
504
502
487
483
506
499
509
515
519
500
511
500
502
502
513
502
515
507
511
518
526
507
506
515
511
510
518
512
517
520
512
523
513
522
512
523
517
528
521
527
518
516
527
522
527
528
527
531
542
527
521
542
526
530
540
536
542
535
544
535
546
534
546
538
541
551
562
547
558
568
542
543
550
574
559
570
572
574
570
576
565
578
567
580
577
581
572
573
551
564
578
565
573
562
578
563
578
538
576
542
549
562
577
559
563
568
569
562
569
561
569
556
557
557
538
562
544
541
536
537
548
516
523
534
500
520
509
527
472
521
511
464
491
489
506
453
440
449
493
489
486
495
480
496
484
486
497
474
484
451
476
478
489
487
489
487
472
489
476
479
490
495
494
501
481
486
480
495
484
493
485
499
493
496
496
503
501
516
475
478
475
469
468
475
474
494
504
503
505
494
512
496
504
527
520
505
521
526
523
537
514
491
504
515
514
516
505
513
498
491
487
507
503
490
505
508
512
497
507
497
507
496
507
501
502
502
502
500
483
498
497
493
505
486
493
487
497
505
508
506
508
516
509
496
511
498
506
492
498
494
509
500
497
491
485
491
500
500
502
512
510
491
498
505
488
489
494
491
496
498
489
504
489
499
494
494
505
460
496
478
508
452
489
459
473
511
504
514
504
509
522
518
513
502
507
504
492
509
506
503
487
493
499
503
499
514
513
518
514
506
514
516
506
519
516
520
511
517
507
497
511
505
501
514
489
498
511
474
479
462
493
492
503
503
504
497
503
505
496
495
502
507
502
510
498
505
502
521
507
515
515
525
516
505
525
513
518
528
523
507
516
497
511
529
522
511
513
527
524
531
517
535
523
535
521
518
516
515
537
504
522
514
506
513
534
521
526
519
517
527
504
521
508
514
518
518
524
512
520
519
507
519
505
497
515
505
513
511
509
495
503
504
505
516
515
504
520
510
504
515
516
503
513
503
509
503
498
503
496
500
503
512
514
490
499
493
492
502
496
504
508
490
506
501
491
497
498
495
473
486
487
476
478
473
478
482
494
487
499
497
482
491
488
478
474
483
478
471
478
467
478
488
474
476
485
466
481
480
456
472
483
471
478
484
473
483
480
472
475
467
474
466
438
457
452
456
470
443
434
477
472
470
480
460
468
467
455
465
459
475
461
470
477
480
458
472
468
479
478
472
463
475
476
464
465
479
481
467
464
479
474
439
444
458
465
479
447
440
438
426
408
401
403
400
402
405
402
393
391
387
382
459
454
468
384
366
346
329
312
293
287
275
255
237
221
213
192
179
154
139
370
259
283
235
165
136
353
336
319
305
268
202
186
252
143
4
3
4
17
17
29
31
25
9
29
17
2
8
22
38
39
44
45
63
73
71
86
95
94
94
119
128
159
177
187
203
197
217
209
228
228
232
239
262
252
231
234
236
236
232
235
251
233
239
237
243
254
315
314
339
339
358
358
360
391
391
408
402
396
388
407
395
238
194
189
403
376
370
345
395
343
208
208
204
200
396
197
200
396
194
396
177
396
172
151
388
382
357
332
205
403
200
408
390
403
306
254
195
159
403
203
404
426
424
398
408
297
299
359
393
410
229
221
223
218
220
251
240
248
249
261
261
266
277
258
260
263
283
282
292
303
302
316
317
334
333
347
347
365
365
380
370
378
391
391
408
408
426
426
441
441
438
462
458
458
475
475
472
489
494
491
500
491
478
473
483
477
480
496
487
492
487
481
473
474
495
488
491
479
492
479
482
482
482
476
484
472
483
485
477
485
483
483
478
495
482
465
496
480
484
466
485
486
486
494
492
489
494
488
492
491
494
501
511
496
435
321
427
309
502
460
388
358
171
451
338
320
422
398
310
285
264
488
241
236
441
384
216
229
197
238
375
187
162
352
143
123
351
97
315
291
273
466
207
181
149
112
443
405
252
131
373
106
241
126
102
97
123
152
158
166
169
183
183
198
201
200
199
230
230
250
249
249
254
252
261
251
292
292
309
309
323
323
338
337
336
351
349
351
352
357
354
353
227
123
333
341
321
310
300
292
347
269
281
235
346
212
191
189
179
179
346
160
170
342
117
153
353
135
350
357
355
260
345
249
218
346
346
150
337
257
344
345
353
363
390
381
378
403
334
168
171
189
183
182
201
200
215
215
230
242
241
256
258
256
283
283
302
302
317
316
337
335
349
347
360
360
376
375
397
396
413
412
415
413
420
417
421
443
443
463
461
472
472
489
500
490
488
499
521
534
540
533
543
545
536
555
543
551
551
555
547
513
530
531
546
524
553
546
558
547
552
553
546
548
539
556
547
552
555
550
558
555
553
558
558
544
551
558
561
547
548
553
557
549
574
578
585
578
576
543
551
558
531
546
554
547
527
544
538
543
538
514
514
515
506
549
543
539
549
528
518
549
536
547
562
540
550
538
543
530
534
545
545
538
529
553
535
543
533
546
550
541
554
547
535
545
546
540
555
554
561
558
558
551
558
548
525
557
537
552
551
550
531
556
542
550
550
543
556
541
545
547
535
548
543
537
536
547
554
541
550
540
551
544
563
553
544
550
550
554
546
563
561
548
553
561
550
555
548
559
553
563
549
566
555
556
530
568
530
565
558
557
549
547
539
553
560
548
539
539
567
553
569
567
568
568
573
555
547
580
570
563
574
563
559
562
551
580
537
569
551
561
548
556
529
546
513
551
549
539
542
527
493
518
535
505
540
532
521
540
517
550
549
569
557
565
549
556
538
552
539
543
549
547
538
545
538
541
538
560
547
546
542
539
526
530
530
538
533
535
533
536
542
545
544
540
535
547
543
541
543
544
548
541
531
527
547
540
551
527
526
542
533
535
524
518
540
533
540
529
549
545
547
523
539
545
537
549
528
520
527
545
518
534
541
538
535
530
543
538
536
551
542
534
550
551
547
545
543
534
548
534
545
546
538
541
553
545
558
551
545
555
565
553
544
564
551
536
551
538
542
538
547
541
549
486
456
528
548
339
288
272
244
233
179
151
517
303
317
529
440
465
226
417
221
393
194
366
175
168
406
346
550
136
127
458
107
294
286
426
410
213
185
360
465
144
329
447
211
390
114
515
271
165
265
323
235
255
208
171
190
191
202
201
216
215
232
232
251
250
262
261
287
287
306
305
323
320
324
349
347
367
366
385
387
403
413
413
436
436
469
475
484
463
481
484
513
512
511
538
540
538
554
564
563
583
583
548
578
596
560
581
586
579
583
576
575
585
582
577
571
585
559
574
564
568
558
558
567
560
553
560
558
550
572
567
557
564
550
531
555
540
542
516
544
525
510
529
536
523
539
531
535
520
522
530
530
484
516
508
509
529
521
517
523
534
526
542
540
527
530
525
532
518
526
517
531
537
525
530
527
532
524
516
520
520
505
506
527
510
517
511
520
520
407
479
462
294
445
267
493
134
436
511
288
420
510
263
382
238
237
221
361
203
200
174
358
465
165
347
149
324
128
121
306
272
424
393
254
480
213
185
167
138
313
333
280
367
489
390
341
362
433
431
369
237
199
185
187
179
187
216
216
232
228
243
240
243
270
270
289
289
304
302
318
317
333
343
333
342
341
370
370
389
390
406
404
424
425
441
439
458
459
478
477
492
493
506
507
509
533
532
541
544
543
535
545
544
549
550
537
551
547
539
554
545
540
557
544
535
537
550
544
537
541
538
541
539
541
533
521
511
524
530
523
528
535
533
529
539
527
540
543
525
522
537
536
521
517
533
530
527
520
528
526
503
518
526
518
522
524
502
504
517
515
522
511
504
514
515
507
506
499
512
489
506
502
513
511
506
507
511
512
516
519
497
506
507
494
481
500
490
491
485
477
496
492
492
484
487
493
502
491
497
492
490
490
508
494
483
504
497
511
504
501
508
502
507
513
505
514
500
518
509
512
523
510
510
520
528
509
519
524
529
527
518
524
526
500
516
527
508
535
517
523
532
531
532
543
527
538
533
522
534
522
533
519
532
524
539
512
519
525
513
521
517
514
523
515
521
520
513
514
512
497
513
507
497
512
503
497
503
514
512
509
520
516
524
532
525
549
524
547
534
540
549
547
536
534
526
548
534
540
603
592
595
608
608
610
614
619
625
612
633
620
634
622
631
634
623
638
634
650
631
651
655
658
656
670
654
664
666
676
668
681
652
658
665
670
655
663
635
639
647
639
649
636
648
647
639
640
653
635
570
592
583
577
585
564
552
589
570
562
564
556
551
561
544
556
544
526
553
541
508
536
527
514
526
507
519
533
522
519
531
519
528
531
522
527
506
520
501
512
519
521
519
519
503
506
512
521
508
530
511
511
507
516
518
522
510
515
524
518
513
521
517
517
517
526
516
503
505
514
517
509
512
524
522
511
478
472
498
492
481
489
497
477
503
494
498
504
506
504
501
497
506
505
516
504
497
514
490
502
479
490
477
495
487
478
479
474
456
471
487
460
484
460
491
487
499
492
491
499
504
498
512
492
483
483
497
490
493
507
512
520
522
500
489
530
505
515
499
511
509
507
492
506
508
503
513
510
515
517
526
474
490
426
496
448
262
334
318
291
459
301
268
283
509
261
239
246
395
211
208
191
185
184
199
169
356
151
497
139
122
455
306
285
446
482
229
376
346
152
472
150
131
464
365
333
394
343
357
349
332
157
168
168
178
179
181
181
194
204
217
218
235
235
247
248
249
281
280
290
296
303
299
304
301
332
333
343
345
342
365
364
362
369
265
229
368
384
362
336
342
330
375
365
311
365
301
383
272
365
287
364
252
241
223
190
196
365
174
356
155
141
159
376
326
286
254
369
364
210
182
171
378
304
368
363
423
409
419
417
424
411
426
418
190
368
206
217
215
222
234
231
231
250
229
274
249
276
293
305
305
320
321
340
340
358
358
373
372
372
394
397
386
383
272
213
393
356
319
314
388
257
292
390
236
228
188
226
396
172
392
394
385
159
377
113
121
335
344
327
306
250
396
397
173
132
395
148
138
369
390
242
288
216
385
360
387
434
434
431
384
443
397
398
208
210
216
206
214
237
213
233
232
250
229
245
245
261
260
270
270
287
288
287
305
306
307
333
333
349
348
370
369
389
389
408
407
408
408
409
408
407
462
462
480
478
490
490
503
498
496
508
501
509
510
506
514
478
485
523
502
520
509
501
500
504
499
501
491
495
503
487
491
495
502
496
496
507
499
504
500
501
511
512
509
502
489
508
507
506
507
519
519
512
497
516
486
514
502
507
499
489
482
506
503
504
494
497
510
483
495
495
493
515
506
513
502
512
520
526
514
523
524
526
515
528
522
522
528
527
524
535
526
528
526
527
514
522
520
513
523
520
532
524
520
530
515
514
544
534
540
527
538
538
554
543
547
545
559
552
562
548
561
555
564
551
563
553
561
551
549
556
557
547
544
557
557
545
543
554
554
541
537
555
539
546
547
534
537
534
543
516
538
534
535
527
531
516
511
524
532
526
523
492
504
513
517
502
516
486
495
501
480
487
498
499
485
496
488
493
485
479
489
465
449
478
420
465
432
484
441
412
461
462
453
462
458
466
460
466
462
469
454
448
442
460
426
463
468
451
469
469
477
474
458
481
472
477
474
478
482
475
485
467
484
479
489
477
481
470
464
463
493
478
476
447
453
460
468
469
468
469
498
494
505
493
494
506
497
501
503
496
495
486
483
484
486
490
470
484
460
463
473
466
483
473
473
481
470
481
469
474
469
456
467
438
448
479
458
465
468
463
463
472
464
480
483
474
474
473
481
480
494
484
497
495
473
493
496
493
467
481
493
482
502
490
506
499
493
502
505
504
493
506
502
502
511
514
514
520
544
528
538
500
540
512
506
519
536
549
541
547
536
548
533
538
545
557
548
550
543
545
537
555
536
546
518
537
540
545
530
538
536
549
534
538
531
536
547
545
541
541
542
546
514
549
498
521
501
530
531
520
510
514
490
493
493
499
518
511
507
526
525
507
517
506
500
517
515
500
503
510
514
502
503
485
512
510
503
512
503
508
508
514
499
517
517
501
511
500
515
502
512
499
520
522
524
499
512
519
508
523
518
524
522
527
525
523
522
516
513
523
519
512
515
520
512
515
509
513
517
507
510
503
499
507
492
485
500
495
494
506
503
493
493
503
502
501
517
487
480
471
463
463
458
454
449
445
430
413
415
413
405
403
388
391
389
381
378
371
366
358
360
493
340
512
350
363
360
377
355
350
339
302
277
350
328
99
76
79
82
76
79
80
82
83
296
329
262
239
224
101
88
82
288
84
269
232
365
355
84
316
249
5
12
6
12
24
25
34
29
42
49
50
49
45
55
38
79
93
113
121
139
175
155
169
169
179
194
192
194
220
219
236
249
249
261
254
252
253
253
263
252
302
300
318
319
334
337
344
328
338
345
372
373
388
388
399
394
409
407
409
434
433
450
450
466
466
478
479
473
474
481
493
504
509
504
515
501
507
514
512
502
513
501
512
496
481
482
495
494
515
514
529
523
530
528
532
532
521
538
531
507
541
514
517
525
526
522
528
515
523
516
516
533
534
518
528
524
533
512
520
511
519
533
522
529
523
516
523
540
521
514
504
531
524
519
532
526
519
516
529
520
527
522
525
514
522
529
517
520
518
531
519
520
529
525
531
530
524
538
526
534
522
531
520
537
523
528
521
528
534
546
540
528
538
516
522
529
527
523
544
541
528
538
535
533
514
523
525
526
532
510
496
523
518
536
542
531
537
532
538
517
519
529
519
535
527
529
539
525
519
537
540
530
536
524
536
525
534
521
514
527
520
521
522
508
537
535
528
515
483
499
507
515
531
487
507
513
520
526
516
515
523
533
503
514
516
496
512
516
519
517
515
527
531
515
498
511
504
518
502
511
507
487
498
496
504
512
511
491
509
507
496
490
499
481
494
495
475
494
502
482
471
486
484
485
497
494
485
492
499
482
481
470
473
462
471
486
476
468
463
475
470
462
468
467
478
451
470
470
449
466
457
464
471
430
456
455
450
464
448
451
465
460
458
458
449
463
453
448
459
458
446
442
458
459
452
458
453
465
459
458
459
461
468
454
456
456
458
469
448
455
466
464
458
462
456
466
471
455
460
446
463
468
465
458
454
523
512
522
511
513
501
499
522
527
523
509
521
530
517
527
527
528
524
528
530
527
516
529
522
533
522
528
507
526
520
519
512
495
520
514
516
513
520
512
499
509
517
516
517
535
528
535
526
516
475
515
454
462
486
478
475
475
490
479
492
497
496
494
503
495
501
493
492
504
500
496
504
504
514
503
507
510
498
495
508
503
514
517
505
522
514
518
533
523
523
481
452
266
189
149
399
473
498
356
327
319
302
341
291
277
520
253
443
244
487
228
200
188
178
179
512
397
538
379
371
464
461
308
418
410
528
432
156
360
285
216
246
209
379
385
366
265
53
55
372
267
52
346
43
44
45
56
43
46
55
52
354
55
52
63
43
338
5
20
29
37
54
56
48
75
88
93
93
141
173
171
174
185
194
185
188
174
188
221
221
240
235
253
253
270
270
283
289
303
311
312
313
303
347
346
364
364
380
382
391
391
401
399
420
420
437
435
437
462
461
471
471
469
502
496
502
518
514
504
524
523
544
551
558
558
566
559
578
552
565
557
545
555
552
552
555
558
548
550
547
536
549
537
540
495
514
483
503
355
381
329
522
444
318
462
277
296
424
244
221
188
169
199
405
165
122
109
396
392
473
214
404
530
140
441
384
350
336
315
267
231
256
153
466
180
329
132
437
433
418
434
428
435
452
400
415
415
431
431
448
320
336
336
355
354
365
373
373
387
386
348
347
360
361
343
376
358
362
361
374
376
378
378
398
398
395
416
416
437
436
450
454
455
469
470
481
481
488
467
475
469
464
456
481
456
475
464
474
465
457
466
458
467
446
461
462
463
447
457
451
453
461
438
449
443
446
433
425
443
435
455
463
447
453
446
459
450
447
442
430
424
446
437
436
445
447
439
433
445
433
448
436
446
436
447
451
451
446
445
445
463
455
458
454
447
456
431
464
440
423
461
453
446
454
470
460
469
443
442
452
469
449
473
466
467
478
462
482
476
477
485
478
472
479
470
482
478
474
468
464
475
477
471
474
469
475
467
485
472
465
482
22487
22493
22509
22489
22485
22499
22505
22506
22504
22525
22512
22505
22527
22517
22532
22524
22531
22536
22540
22547
22555
22542
22532
22546
22533
22542
22548
22548
22543
22545
22553
22542
22552
22552
22551
22553
22555
22564
22543
22564
22558
22569
22565
22570
22576
22568
22573
22575
22583
565
558
557
565
549
537
565
550
555
549
531
548
540
560
542
555
561
543
551
544
544
560
548
536
540
547
541
524
525
536
543
544
537
540
542
552
534
484
469
462
455
448
436
545
400
384
423
392
517
207
195
134
505
321
273
366
362
350
342
232
366
230
211
470
527
195
324
185
414
298
123
309
286
277
432
242
260
499
217
338
200
156
253
160
141
122
119
135
136
146
150
147
166
163
167
164
198
197
214
210
223
223
239
239
260
259
275
277
298
297
297
326
324
343
342
343
367
367
385
384
400
400
399
426
426
447
447
467
468
486
486
506
507
501
522
522
522
516
525
519
525
525
512
536
531
531
541
528
540
529
535
532
536
521
531
521
531
523
504
525
510
526
517
525
522
530
526
533
528
541
532
543
541
533
535
535
544
544
533
544
537
537
543
531
546
530
540
530
537
523
535
522
506
500
502
489
488
482
477
469
459
456
457
444
513
533
434
414
523
437
413
477
469
467
476
472
453
466
452
459
466
460
466
442
421
404
397
465
447
433
412
444
435
432
423
442
436
427
425
432
431
421
441
368
346
345
368
368
360
368
396
398
398
397
430
432
449
448
449
469
483
476
476
487
463
488
472
473
472
487
495
472
464
442
470
467
443
474
465
481
483
473
477
476
493
482
473
489
482
500
486
476
496
480
489
483
480
488
486
485
469
478
485
473
477
470
479
460
474
472
468
479
482
473
484
465
475
482
484
484
477
485
489
499
498
483
501
495
497
499
489
510
503
496
513
505
503
489
503
500
505
502
513
513
507
498
520
515
523
523
534
523
538
526
540
531
540
528
539
527
535
530
519
526
535
524
543
533
532
542
526
508
531
534
537
531
541
529
546
534
547
535
527
500
502
533
477
520
493
542
533
521
527
537
541
526
536
530
533
525
533
535
513
523
496
518
508
528
518
522
530
541
528
533
530
522
525
510
519
517
532
534
531
529
529
499
522
508
528
521
537
534
526
524
514
547
533
532
551
552
564
555
564
542
552
550
556
554
547
559
547
556
554
567
552
566
567
547
537
556
526
556
545
557
549
564
558
557
564
557
553
563
563
554
559
531
549
548
555
547
561
554
542
558
549
545
543
535
546
538
531
545
535
545
547
538
553
546
555
547
552
546
553
552
552
565
573
560
569
545
561
568
566
565
565
585
568
572
556
573
566
557
554
564
564
557
566
557
570
553
567
558
569
578
571
571
576
581
567
573
568
568
575
583
571
551
566
556
575
583
559
562
577
558
545
548
565
571
560
556
535
540
549
531
517
549
534
533
549
528
520
539
540
532
527
540
532
526
524
529
526
519
513
530
521
513
517
514
514
520
521
505
515
497
520
509
511
502
503
498
509
495
502
495
499
494
505
505
506
505
511
494
506
499
499
496
495
487
509
503
504
502
489
474
493
496
500
488
501
493
495
497
484
486
499
492
495
493
489
491
467
489
475
492
486
493
487
493
488
493
491
501
498
504
506
502
486
491
492
495
489
488
488
497
489
499
494
482
499
499
497
504
498
498
505
494
505
497
489
491
502
480
473
453
486
500
464
475
467
476
463
476
466
452
473
472
461
461
471
496
488
497
487
502
495
505
500
506
511
508
506
473
498
492
474
484
513
494
492
501
506
494
504
499
509
510
504
505
512
492
514
472
508
511
502
511
503
538
520
528
532
537
530
512
531
542
519
539
521
515
504
515
503
511
499
509
487
501
505
501
510
509
511
483
495
499
500
514
510
518
504
509
504
514
503
506
487
477
496
468
504
480
482
495
498
507
488
475
477
473
495
484
490
478
488
483
478
480
490
489
481
488
481
470
485
412
442
365
411
422
286
188
332
433
317
289
399
286
271
257
253
397
236
225
380
194
195
359
174
193
144
166
155
473
118
128
269
382
453
438
479
187
136
325
464
288
280
351
106
217
347
313
338
347
402
201
128
130
133
134
137
138
134
132
135
136
140
140
203
135
137
324
134
136
125
125
124
122
138
326
120
118
142
115
134
110
135
109
109
107
131
123
121
129
117
113
112
126
121
111
105
125
115
7
9
58
58
65
71
84
92
91
185
173
185
174
213
213
231
229
230
260
260
277
277
295
283
303
303
322
313
329
335
334
325
333
360
360
375
376
379
377
396
395
415
414
427
426
443
443
457
458
475
474
492
493
510
509
526
526
541
541
550
548
550
559
545
532
546
538
536
549
538
545
545
537
535
548
549
531
521
523
540
523
540
532
519
525
529
527
528
525
530
523
526
520
524
530
522
529
533
526
533
526
532
524
533
522
537
531
531
541
542
535
540
530
537
544
543
530
544
535
544
532
545
541
545
536
547
545
553
549
545
547
561
546
557
537
510
523
497
517
554
541
531
540
528
531
540
527
512
519
525
519
524
522
512
525
508
522
505
517
505
494
509
502
506
497
506
500
502
496
482
508
491
489
502
498
491
498
500
485
489
492
498
493
460
495
479
480
496
496
512
508
513
511
503
503
511
519
530
528
540
539
532
538
535
531
533
531
537
538
551
534
538
537
549
543
549
543
550
545
551
539
553
548
540
540
513
480
465
427
530
269
348
476
324
305
508
291
287
270
252
231
244
196
178
171
412
416
149
398
374
116
97
130
318
435
504
212
514
161
389
398
110
222
365
460
338
446
278
190
529
136
331
334
343
284
196
216
234
243
235
152
155
243
153
197
199
199
222
222
238
231
230
252
254
265
264
279
278
293
293
307
308
317
316
313
336
338
348
348
365
365
383
382
390
379
391
419
418
437
438
451
446
463
469
472
466
469
463
472
501
498
494
477
492
488
488
494
488
492
506
504
502
505
503
505
499
510
496
505
506
514
503
504
515
512
512
512
526
510
514
522
512
524
523
531
528
521
514
512
521
524
514
524
526
528
513
532
538
536
531
528
518
527
495
517
526
505
533
520
521
513
511
518
505
514
515
494
484
501
499
490
483
502
478
492
503
504
499
500
503
507
500
500
502
507
498
497
504
498
503
504
492
501
499
499
497
488
500
492
484
486
457
469
483
492
469
470
489
487
496
488
478
494
500
506
494
507
499
499
500
506
500
499
509
485
500
514
494
501
487
493
492
486
497
488
488
488
491
484
471
483
482
471
494
494
482
499
492
511
503
507
497
493
502
501
494
491
508
501
503
503
503
495
487
502
497
505
494
497
505
507
501
506
496
505
491
508
502
510
505
491
503
508
505
504
501
498
517
503
519
507
512
515
504
519
502
516
499
509
508
503
511
512
501
510
518
498
511
512
511
509
497
505
510
510
505
509
507
491
500
509
510
493
500
493
484
506
487
487
494
488
494
495
502
499
512
500
486
493
482
495
491
502
479
487
484
488
489
481
469
493
478
493
479
497
483
495
483
481
471
470
491
499
509
478
482
475
487
498
479
486
496
508
501
494
496
499
489
508
498
496
489
480
499
490
489
476
498
476
491
485
501
500
491
495
488
484
488
483
478
472
490
479
472
463
475
483
484
477
466
477
468
484
472
478
473
477
434
431
362
325
269
254
337
127
293
374
276
458
404
352
233
252
229
411
332
216
198
325
399
168
158
296
414
152
205
141
283
290
441
362
454
244
188
401
183
167
153
317
212
259
115
381
448
436
428
363
240
195
176
193
192
210
212
223
226
225
252
251
270
267
269
295
294
311
311
329
329
345
344
359
361
374
376
388
390
385
390
418
417
432
433
448
446
457
458
472
485
485
471
504
504
503
519
515
517
525
518
519
517
522
525
517
501
520
522
505
510
508
510
508
516
503
516
501
507
514
494
500
494
510
496
509
508
501
509
501
512
505
515
507
514
509
514
521
513
505
498
527
529
510
512
516
509
511
517
509
512
521
509
514
495
505
500
512
509
521
511
525
499
507
512
515
508
516
515
503
492
512
508
501
501
500
500
513
504
492
511
495
488
486
496
503
502
493
496
499
514
493
505
495
500
512
489
502
498
506
504
502
489
485
491
496
489
489
482
469
505
494
485
473
484
485
477
487
477
470
470
484
476
485
478
486
484
494
482
491
492
502
494
502
484
474
488
468
482
491
488
486
488
477
480
488
490
473
482
479
484
489
480
475
486
479
481
506
497
509
491
505
493
505
505
509
496
498
484
493
476
509
502
502
478
499
493
496
493
485
500
481
492
491
494
494
486
494
483
501
476
481
479
488
483
493
483
483
493
488
494
481
473
487
503
494
518
491
500
494
504
498
508
503
510
504
508
497
492
491
508
502
512
514
520
506
516
511
516
512
516
521
519
519
525
513
528
528
531
523
525
539
526
519
531
520
526
519
514
511
520
534
543
541
539
526
512
533
510
518
525
516
497
516
503
511
506
513
502
507
502
513
513
531
513
515
520
522
516
522
514
512
512
513
499
502
519
509
503
495
514
506
515
507
513
506
499
519
516
480
497
498
507
486
499
483
490
489
501
493
498
496
502
485
501
495
500
500
492
480
493
499
494
499
483
504
492
497
489
486
503
496
504
499
514
508
515
507
492
494
495
500
500
506
498
509
508
516
496
494
501
502
512
494
495
521
503
521
517
518
527
515
526
514
524
516
533
526
540
524
528
517
514
523
501
520
502
519
511
513
516
516
500
516
517
506
498
508
515
518
517
527
514
515
527
526
519
525
518
528
536
525
519
532
523
524
512
528
517
538
523
535
529
535
531
544
529
538
533
527
534
535
532
542
535
537
536
549
541
555
550
560
547
558
553
565
564
566
565
552
563
561
559
560
556
551
561
558
548
554
545
549
536
544
535
542
539
518
527
523
530
521
528
505
517
503
503
506
526
491
526
515
525
514
512
526
488
510
504
488
495
512
506
507
513
509
500
508
505
509
499
499
510
481
488
507
510
503
501
498
508
496
510
497
515
501
508
498
498
498
506
513
510
514
512
529
512
471
458
456
451
453
455
450
451
437
438
414
404
402
401
393
385
385
381
373
366
364
359
353
349
340
341
338
330
328
329
319
320
308
306
300
239
465
286
306
280
478
251
480
294
260
250
236
518
