37
160
177
238
256
250
241
256
214
262
249
221
260
258
244
251
97
230
218
510
500
502
518
508
532
497
237
228
551
522
574
543
498
496
511
511
522
508
527
527
550
550
489
561
568
566
572
568
604
609
613
619
636
636
638
510
506
496
514
523
523
526
617
638
631
551
575
550
574
576
603
593
588
604
572
600
595
574
545
599
575
565
562
564
572
570
569
559
565
583
567
586
574
581
573
590
584
597
571
582
568
585
582
584
575
586
578
587
580
590
576
619
584
608
605
612
593
587
611
610
594
591
593
591
578
590
589
602
588
576
564
571
587
581
597
588
601
588
600
570
564
576
566
573
539
519
455
468
496
476
513
573
548
527
560
454
499
514
523
517
491
484
497
477
493
486
476
488
479
484
498
500
495
502
498
481
493
500
493
500
491
500
490
503
489
504
490
507
502
493
492
501
456
487
495
479
446
443
436
451
452
445
468
470
470
494
495
513
509
515
510
516
516
509
529
519
513
517
523
486
527
504
500
523
511
515
515
513
518
527
529
517
524
531
531
523
531
529
537
534
528
533
534
514
518
524
546
533
546
539
554
547
546
543
538
545
532
538
529
535
531
516
514
531
525
533
519
521
508
498
491
522
531
496
518
509
501
509
505
491
492
500
475
472
476
482
472
463
473
476
463
481
474
488
479
481
464
476
473
465
457
457
462
459
470
469
467
464
462
471
469
469
452
472
469
468
450
466
472
452
463
460
476
469
451
452
471
460
467
458
453
478
475
464
475
472
471
465
458
475
467
457
460
454
462
452
448
453
457
442
450
456
434
443
447
446
451
431
453
451
436
451
434
439
449
456
449
456
454
443
438
445
457
438
451
432
443
442
449
445
453
445
435
446
431
444
440
436
441
427
440
429
423
432
440
438
430
438
432
5135
5143
5143
5167
5160
5165
5161
5172
5170
5172
5170
5181
5175
5152
5180
5151
5174
5168
5167
5181
5179
5173
5171
5172
5164
5183
5179
5173
5188
5180
5187
5185
5170
7697
7690
7686
7701
7715
7706
7709
7721
7715
7730
7753
7751
7763
7757
7765
7779
3065
3057
3040
3059
3054
3068
3060
3069
3063
3070
3067
3061
3066
3065
3076
3078
3072
3090
3079
3072
3082
3082
3089
3081
3068
3085
3094
3078
3089
3085
3075
3089
3087
3086
578
566
407
387
449
445
476
241
501
347
535
342
319
308
291
300
270
262
475
235
379
214
187
542
182
151
378
475
372
141
122
526
563
103
108
329
429
279
252
234
201
156
130
92
420
395
155
120
222
164
7
3
3
5
17
16
36
36
38
50
70
82
82
96
112
114
155
184
183
197
193
212
210
233
232
250
249
268
261
276
275
283
280
291
291
296
314
312
322
316
314
317
377
377
396
398
419
420
434
434
457
457
480
479
479
509
508
522
522
546
556
558
548
588
589
612
610
622
601
609
611
610
616
618
604
618
616
608
610
613
610
626
630
618
636
625
636
629
596
630
605
588
594
607
594
590
596
596
588
580
596
591
650
636
651
645
646
659
641
657
652
660
625
611
633
640
625
629
628
637
642
640
629
625
618
621
597
608
613
603
611
598
582
598
581
592
569
579
569
571
565
582
565
568
554
573
569
564
557
557
568
560
506
482
497
507
494
502
491
501
512
507
483
503
504
498
492
500
508
505
483
495
500
488
494
490
493
499
505
498
491
504
509
509
493
507
510
509
510
471
481
493
471
132
456
451
294
299
279
287
261
432
426
249
242
234
228
201
219
395
406
162
351
189
364
345
147
140
486
316
100
308
256
384
208
172
342
113
439
413
261
376
120
505
152
183
368
290
378
336
212
228
227
165
167
239
240
194
204
202
219
219
238
234
256
254
272
272
290
290
305
302
304
326
326
340
341
358
358
374
374
392
391
408
408
437
429
421
428
440
440
438
462
462
478
478
495
495
515
507
514
509
522
520
510
513
504
516
520
504
525
485
514
493
509
502
513
504
491
476
509
493
507
513
509
521
511
528
536
530
537
542
541
546
539
545
543
548
559
556
550
560
564
566
560
574
565
575
565
572
565
573
571
569
560
568
575
569
584
583
558
573
572
587
592
602
589
601
590
585
581
600
600
613
617
603
595
619
607
598
608
597
596
608
594
568
583
600
608
596
602
598
574
588
582
596
586
598
597
590
601
587
600
593
605
584
571
598
581
555
562
577
571
542
587
575
589
584
580
586
585
579
583
576
561
575
586
575
588
589
575
585
571
566
579
578
568
571
585
573
581
572
555
570
584
551
568
555
534
539
560
553
552
513
481
533
340
331
286
512
235
230
229
365
511
157
112
444
423
419
271
249
402
412
511
378
226
212
188
339
163
179
480
306
127
109
305
268
392
380
539
207
181
136
516
484
322
280
534
137
196
4
2
10
8
6
4
16
36
16
14
24
10
27
21
9
8
26
26
33
40
41
49
50
38
36
58
53
45
57
65
63
71
71
81
83
72
73
96
84
79
103
111
116
110
104
119
154
156
176
188
187
177
195
194
216
216
232
234
255
256
267
259
270
291
291
313
313
333
333
350
349
368
352
353
376
375
394
393
413
415
427
426
428
427
468
478
479
496
496
510
511
514
514
531
531
548
548
561
567
560
568
574
573
562
580
571
582
576
586
583
591
582
583
597
579
575
591
582
569
560
570
565
570
556
560
569
569
554
550
569
551
549
551
550
550
561
561
566
554
576
564
563
571
572
552
567
565
576
584
567
582
566
573
565
568
557
572
565
571
565
561
544
563
567
562
578
571
569
579
578
572
576
576
578
578
569
585
579
581
578
587
585
595
596
588
577
587
565
563
583
582
567
559
545
575
553
566
544
564
586
571
575
571
563
543
566
551
542
553
552
562
572
551
559
549
552
562
565
552
561
562
563
554
567
554
564
548
543
556
543
551
530
538
548
530
542
530
533
539
545
526
528
528
548
549
569
557
541
543
546
556
568
557
565
561
569
569
585
574
581
576
575
562
579
567
584
507
574
528
514
540
555
568
552
570
561
565
549
576
567
569
569
569
583
573
579
582
593
578
572
597
588
571
588
578
581
576
568
588
575
561
564
551
552
565
539
555
549
532
548
523
518
524
484
495
458
502
544
493
493
514
513
537
537
538
517
543
543
536
535
541
542
521
530
539
528
527
527
528
531
531
523
524
520
529
524
532
527
537
530
546
538
511
468
520
467
453
482
530
545
502
489
449
512
504
504
520
523
532
534
522
526
519
522
528
524
528
514
532
521
533
527
545
528
543
538
548
513
532
532
550
521
522
539
525
535
522
532
521
531
533
523
526
497
522
486
515
513
513
515
512
539
545
544
555
555
571
557
563
553
556
549
560
546
542
546
548
551
538
514
544
526
536
526
516
530
531
521
532
530
530
544
528
532
532
538
539
533
545
532
541
532
524
516
518
538
532
541
532
530
523
547
530
514
518
528
521
533
525
542
526
532
539
537
549
532
540
544
539
547
523
545
550
551
566
566
567
557
545
541
570
557
561
566
527
544
547
537
528
548
545
538
548
546
552
546
552
541
541
553
555
509
526
541
495
445
378
535
299
199
206
498
431
309
299
546
418
269
291
246
228
492
383
477
217
371
355
468
187
170
143
166
314
119
135
297
430
263
404
241
203
325
333
151
110
397
457
242
181
9
7
52
51
150
150
170
170
190
192
209
211
210
232
232
230
262
262
278
286
287
284
301
294
308
307
326
327
342
341
352
353
370
367
364
363
364
366
368
371
372
373
369
369
364
259
361
369
359
160
371
365
291
275
266
361
233
367
216
196
367
176
191
152
330
351
126
342
363
290
370
288
244
225
168
137
310
362
196
314
244
140
10
6
20
26
30
29
16
10
21
20
346
6
10
19
32
20
15
22
8
14
28
25
41
54
61
68
78
78
88
86
93
94
109
111
9087
9034
9077
9047
9069
9077
9066
9035
9023
9015
39
9062
9050
9057
9059
9017
9085
5
18
17
30
36
96
85
100
115
121
121
215
168
174
207
201
213
222
214
257
249
267
265
273
261
265
289
231
251
250
267
260
266
279
292
292
302
302
318
317
334
341
341
350
351
368
369
385
385
402
403
402
403
433
433
448
442
450
456
465
464
449
519
519
535
535
553
553
571
565
577
572
706
703
702
687
698
700
698
691
694
676
692
690
678
695
689
698
690
681
693
696
692
695
687
704
692
707
699
702
690
701
699
706
711
703
711
705
714
629
702
655
649
648
651
657
645
658
634
656
647
515
519
527
528
533
515
525
512
525
527
207
182
345
389
322
312
379
282
289
264
235
270
224
255
228
192
462
164
136
454
495
124
409
527
105
371
493
321
470
483
511
201
437
144
154
117
110
357
337
243
429
441
172
295
416
357
370
351
368
382
349
367
261
408
180
174
184
184
198
191
192
195
198
202
205
203
207
212
215
219
221
225
227
224
228
232
235
250
255
259
261
263
262
266
268
272
277
278
282
285
289
292
289
292
296
299
302
307
310
314
311
306
304
296
294
290
197
198
3
4
9
12
11
14
3
22
29
22
25
49
49
51
71
95
90
115
107
140
154
174
165
189
185
204
206
224
223
246
245
262
241
258
257
271
270
288
281
290
289
301
313
311
326
336
329
347
347
363
372
362
372
396
390
388
388
419
420
438
437
443
452
452
465
465
481
481
489
497
508
508
507
523
509
516
525
522
496
502
524
510
525
514
522
518
521
515
521
515
529
522
522
516
513
525
521
517
515
510
523
530
531
522
544
522
534
532
520
535
530
542
534
550
537
556
540
546
541
549
541
547
542
544
549
554
559
550
566
557
563
560
557
572
546
555
574
572
582
573
584
576
587
581
590
582
594
591
592
599
593
591
593
592
595
584
599
591
608
608
595
596
603
603
597
582
599
597
592
599
588
602
593
605
595
590
600
605
585
535
579
546
570
594
561
580
566
560
574
574
560
558
570
563
577
570
558
558
511
426
489
475
540
449
521
408
398
498
451
437
546
533
420
572
511
510
513
510
481
428
495
435
519
460
479
451
447
504
487
467
475
486
466
485
513
490
498
491
502
492
474
495
498
477
482
494
500
467
446
422
420
428
429
419
429
458
469
471
458
467
468
504
505
521
515
507
514
521
505
504
475
493
493
503
502
520
519
519
543
546
544
542
561
554
539
525
535
528
531
520
533
528
538
529
531
530
535
521
529
518
514
530
519
505
485
497
499
487
539
533
539
533
540
532
529
542
536
551
543
555
539
528
546
542
553
540
535
526
504
522
556
548
550
542
506
526
548
477
529
509
488
541
526
528
522
510
510
512
534
527
535
510
488
487
523
535
540
548
523
505
518
536
508
530
538
546
537
538
541
537
536
550
528
546
550
550
530
544
547
556
537
553
561
558
546
543
516
524
526
541
527
525
537
541
567
570
570
567
571
555
560
561
573
559
547
563
552
568
551
566
549
549
559
563
559
565
559
561
554
573
571
561
553
559
557
553
537
555
544
551
536
553
549
557
551
558
557
561
559
571
559
565
550
577
577
590
583
565
581
570
574
569
561
551
561
570
568
542
548
526
526
560
512
565
555
572
589
581
592
587
599
589
599
586
597
591
599
587
582
595
592
585
571
584
571
590
577
579
545
499
475
479
478
479
502
467
367
303
162
107
522
360
363
574
473
319
445
281
255
228
242
590
434
189
290
489
159
134
119
590
109
368
180
367
416
551
466
217
194
418
376
143
340
249
211
175
268
414
10
5
9
35
26
38
23
25
26
23
22
24
25
22
26
11
21
19
19
12
18
7
5
24
31
14
7
20
16
18
4
6
15
28
23
38
40
38
41
38
40
45
42
68
67
63
89
104
111
121
194
202
201
218
217
235
221
231
230
245
236
252
253
258
267
273
272
286
284
291
291
311
312
326
328
337
341
334
331
333
330
329
326
324
333
222
215
212
327
174
329
257
241
328
228
225
326
330
325
326
207
189
195
311
184
339
295
155
137
273
293
261
340
333
330
325
344
306
160
128
120
246
328
334
329
144
5
5
13
12
31
123
131
131
147
147
164
163
178
170
184
184
200
201
214
214
227
224
227
229
260
259
278
278
302
303
303
304
333
332
333
354
353
373
373
390
390
409
409
422
425
425
452
451
472
472
491
490
503
508
518
523
528
505
526
519
517
503
505
523
505
497
512
515
517
500
514
503
498
512
489
503
510
492
485
485
489
487
484
491
488
479
499
490
486
487
480
485
482
482
473
483
472
470
479
468
468
435
406
375
402
243
403
332
306
325
380
260
301
423
384
260
253
238
225
220
422
182
198
168
176
363
149
110
140
138
66
439
462
321
277
255
449
182
123
82
97
335
287
380
212
158
104
286
353
89
3
4
73
122
130
133
133
131
131
122
128
122
133
70
119
126
128
123
117
107
105
122
106
105
99
103
98
100
98
97
96
94
95
121
95
80
98
120
119
117
126
106
122
131
135
133
123
96
121
119
114
104
96
131
99
7
2
31
66
111
141
137
152
151
166
164
175
174
190
190
211
210
229
229
248
247
266
266
279
279
300
298
308
309
330
329
347
347
367
367
381
381
399
398
410
414
413
437
436
453
446
462
463
477
475
476
500
500
518
512
517
519
533
532
522
509
524
512
494
503
525
517
515
513
510
502
510
491
471
505
495
506
497
504
494
508
493
510
494
509
498
500
495
496
505
496
495
492
505
484
489
502
502
495
492
485
493
494
485
494
502
504
489
501
484
499
499
504
499
493
493
502
493
507
506
498
500
486
494
512
514
503
491
500
489
497
485
493
477
494
482
475
483
467
494
498
486
495
498
502
485
492
485
500
503
505
476
501
498
505
496
502
491
496
508
482
502
496
510
485
494
504
502
507
502
510
519
506
507
517
516
521
520
527
516
517
527
456
466
450
440
490
529
434
496
464
520
508
501
512
509
494
509
500
498
519
483
509
512
506
510
517
504
498
524
507
519
507
499
500
513
500
504
489
503
505
497
508
506
510
504
512
503
511
501
513
505
520
476
469
460
462
463
464
508
459
527
527
537
522
535
538
529
542
539
543
535
546
533
532
538
536
537
521
533
533
514
538
527
537
546
534
551
543
549
542
540
539
527
532
553
543
535
540
528
539
503
510
511
513
479
482
484
506
506
515
511
522
522
514
534
516
525
503
515
510
516
514
507
510
525
512
520
508
519
520
509
517
516
522
509
517
511
523
510
519
512
517
525
521
504
511
517
523
523
518
525
519
527
526
531
529
532
526
534
530
545
529
540
526
525
537
534
527
526
538
534
528
536
534
526
519
519
510
521
515
498
521
518
502
493
499
491
503
514
494
488
507
500
508
512
504
511
478
501
491
496
492
507
493
504
492
469
451
464
478
502
490
485
492
473
490
485
492
485
495
494
496
494
500
501
504
513
490
507
500
521
515
497
497
518
523
531
522
514
529
512
527
513
511
529
500
525
507
520
520
493
502
470
486
487
468
477
489
494
486
477
507
463
472
483
512
498
491
505
503
496
507
500
504
503
479
499
495
494
503
505
499
483
499
492
498
507
465
473
472
482
472
504
487
493
488
490
489
505
494
507
503
511
516
516
527
525
517
515
521
502
496
460
477
478
478
499
500
509
507
503
510
496
510
500
508
422
513
265
499
104
359
376
352
345
498
316
476
305
323
448
282
292
434
256
244
201
180
165
176
133
421
410
156
378
139
455
333
428
274
226
220
208
187
148
111
485
370
423
237
466
100
303
120
357
370
441
438
394
255
166
163
185
193
192
194
184
193
186
193
194
193
235
234
235
221
217
217
200
61
223
211
210
210
221
208
203
199
221
201
219
192
200
160
181
147
131
155
68
215
59
212
211
206
209
236
219
173
232
105
213
210
204
235
234
216
198
5
30
20
29
24
22
23
22
21
23
20
23
5
22
42
41
44
47
48
74
64
48
21
16
43
65
22
66
4
3
16
18
22
26
43
45
54
55
54
63
21
68
42
30
55
63
16
47
18
5
15
15
6
6
8
17
18
24
28
32
29
34
56
58
65
59
65
67
85
83
97
98
105
101
105
36
83
114
97
78
116
54
100
90
64
35
123
50
37
80
102
71
64
48
3
16
23
19
47
43
62
71
68
71
70
100
90
86
82
98
52
80
71
58
100
95
52
84
87
51
84
81
51
51
74
53
11
32
30
42
41
39
49
51
51
76
63
73
80
47
44
41
87
21
21
71
49
68
49
21
4
3
6
17
11
27
39
21
28
30
17
20
6
25
42
40
47
47
62
60
68
67
81
69
85
72
89
86
102
105
92
55
79
69
72
49
60
45
106
28
90
82
109
107
123
41
88
63
46
7
5
20
20
34
43
38
59
56
67
74
75
90
107
172
158
172
173
187
179
192
174
198
196
210
210
218
226
225
241
240
251
250
267
266
268
266
304
303
321
332
322
342
343
344
362
362
358
354
358
281
355
358
359
350
332
314
302
359
323
358
359
277
266
233
245
208
361
354
173
360
161
188
128
101
147
82
339
358
316
287
358
228
217
201
149
123
115
356
275
171
356
359
358
4
19
17
27
25
24
51
59
58
67
70
62
72
80
79
71
92
96
101
127
159
202
201
205
203
206
216
209
206
205
204
203
230
229
236
233
246
245
269
269
285
285
303
299
303
319
319
336
337
347
349
350
370
370
384
383
418
417
431
437
436
446
450
466
466
474
473
474
500
476
476
505
497
498
508
516
505
518
518
529
507
526
523
525
530
539
531
544
523
519
532
525
513
530
512
532
513
521
533
528
512
530
525
535
531
538
503
518
506
523
526
530
515
530
525
533
527
530
538
548
526
546
537
536
553
545
540
532
519
533
525
523
504
510
511
518
520
504
501
514
513
511
523
510
492
512
501
503
504
514
508
494
505
495
507
494
511
498
495
503
481
489
436
506
481
461
479
445
464
488
478
491
474
472
452
451
465
472
462
471
467
479
468
478
468
471
475
485
471
475
454
460
469
447
460
471
466
480
469
463
466
482
478
490
457
474
485
480
474
485
477
492
490
489
447
467
467
482
488
482
480
498
496
507
488
502
502
519
482
494
476
513
501
512
502
497
500
503
492
499
506
529
531
540
522
528
517
526
518
527
507
515
521
521
520
511
525
520
528
515
512
514
520
512
505
517
514
503
508
513
519
500
503
495
499
492
501
490
503
492
479
478
475
503
494
506
514
524
523
530
490
498
490
464
487
476
489
497
497
460
502
495
496
495
490
505
502
494
488
498
509
506
521
511
520
512
493
406
453
394
300
107
468
335
488
505
325
283
276
424
237
211
479
259
213
174
185
155
402
457
123
384
144
369
255
92
362
73
357
313
295
437
264
418
190
132
85
441
347
208
122
164
239
60
357
165
186
184
165
182
182
200
201
212
216
211
238
238
252
251
267
276
278
293
293
313
311
331
331
347
354
357
347
355
382
381
357
404
404
422
423
441
441
456
456
454
468
431
396
316
464
461
98
373
345
371
327
334
433
305
298
264
279
415
210
206
222
407
392
183
193
157
135
134
109
378
83
116
349
475
463
256
243
226
465
212
238
165
460
463
84
451
453
149
287
468
362
220
248
180
183
183
194
194
197
192
192
227
228
229
237
240
249
250
249
265
266
285
295
294
284
293
323
323
340
340
368
368
384
383
402
403
419
418
434
434
453
452
468
468
485
484
496
501
502
501
487
502
496
504
499
498
510
515
514
530
509
529
516
508
524
496
522
500
523
512
517
525
528
516
516
518
527
518
512
524
503
513
514
501
509
499
504
512
512
480
498
491
511
502
499
511
507
517
504
504
522
514
517
511
507
514
524
508
508
506
510
498
519
498
506
495
487
502
488
501
507
496
512
510
508
495
498
509
501
505
487
507
479
497
498
498
491
499
508
498
505
507
499
499
490
514
487
496
504
493
506
493
507
500
509
500
505
503
489
505
502
483
465
454
474
500
475
475
493
500
488
504
492
497
469
483
480
468
461
493
476
478
485
492
477
469
484
495
483
483
492
483
491
494
487
505
496
496
500
488
498
489
492
487
476
481
456
474
458
472
456
483
481
481
476
474
492
490
494
500
495
514
498
511
508
504
504
522
511
513
512
528
529
538
530
539
513
521
530
533
524
536
529
533
526
528
526
532
518
528
522
529
522
537
530
545
534
511
512
526
501
534
526
541
522
534
527
525
534
521
526
525
525
526
528
530
521
503
521
524
515
511
528
517
525
507
521
519
496
521
524
522
519
515
521
522
511
522
518
515
513
514
507
506
490
509
510
488
499
510
497
488
504
493
475
485
505
492
484
489
478
484
475
481
472
462
479
487
493
453
388
479
224
172
362
336
316
431
281
300
330
252
409
241
401
421
214
449
196
385
198
164
135
133
125
478
85
123
369
341
306
273
243
227
208
169
491
115
350
434
266
189
160
262
145
289
100
303
341
360
318
193
169
159
179
175
176
193
194
206
203
204
225
224
237
237
251
254
254
245
274
279
280
281
273
312
311
331
330
348
354
354
347
364
373
371
383
383
395
398
397
413
413
429
428
440
447
436
444
453
456
461
460
454
467
459
455
467
438
467
454
464
458
461
461
443
453
458
465
454
459
448
464
455
455
447
455
452
446
432
447
453
442
447
437
456
445
437
453
437
449
437
450
458
447
438
452
462
22502
22504
22528
22477
22468
22459
22449
22486
22447
22439
22441
22436
22421
22305
171
22382
22349
22374
22503
22321
22426
22310
22299
22420
22288
22284
22510
22254
22244
22216
22234
22408
22452
22393
170
154
22396
22364
22454
22334
22390
22523
22345
22271
22229
22491
22470
146
22509
22338
22277
22261
4
3
28
73
85
90
111
156
155
173
172
178
181
197
198
207
209
223
225
232
233
246
247
239
249
275
276
289
293
303
301
305
305
294
340
340
358
358
379
379
395
390
407
406
422
421
438
439
452
458
459
486
486
497
490
485
495
498
457
496
465
472
511
495
481
487
1017
1007
1029
1017
1040
1023
1001
1022
1024
1021
1032
1029
1014
1004
1040
1020
1030
1029
1043
1040
1044
1032
1040
1027
1039
1028
1024
1032
1038
1027
1036
1025
1041
1032
1038
1002
1023
1027
988
993
981
985
1016
1006
1017
991
997
992
1033
1034
538
527
514
535
524
511
523
501
523
485
501
519
503
494
522
519
519
505
519
507
503
513
493
508
517
508
498
489
506
473
517
483
512
501
511
514
503
518
509
512
519
489
510
505
503
501
502
488
511
502
483
504
496
495
496
475
483
498
482
478
507
478
486
478
487
495
484
480
493
492
483
490
482
482
492
482
497
494
488
491
491
509
478
474
457
491
479
482
488
486
478
497
490
485
498
483
482
490
499
489
496
479
496
495
500
479
485
468
483
460
498
487
499
495
493
505
491
497
482
487
493
478
486
497
482
494
474
492
490
497
472
483
479
473
492
486
489
502
481
493
501
471
490
500
499
488
503
495
489
500
498
487
498
484
468
451
466
486
490
486
486
493
476
499
483
485
495
497
505
505
491
499
484
496
497
495
484
494
490
481
497
496
500
504
497
508
496
500
495
486
485
489
501
500
503
507
503
493
491
502
491
516
498
511
512
502
501
501
494
512
505
510
518
510
521
515
499
508
492
499
508
504
511
451
496
470
444
295
488
391
400
332
334
429
417
317
412
260
259
245
226
223
511
207
167
199
159
374
145
177
358
499
100
105
81
486
87
149
111
141
351
342
520
309
178
279
455
242
389
299
402
127
306
185
74
271
193
220
246
256
256
270
271
272
299
299
211
305
234
309
309
236
236
274
254
250
279
251
295
297
314
307
312
314
311
307
311
312
318
310
288
259
309
321
314
311
318
311
304
308
309
271
207
233
313
309
180
310
178
169
178
309
167
320
146
311
313
310
289
182
182
160
122
321
305
260
192
111
311
318
10
9
27
72
86
98
117
118
150
149
165
154
153
132
145
131
76
142
161
165
133
134
134
164
165
154
131
129
131
164
127
163
154
103
103
117
119
102
163
94
87
142
135
161
130
128
120
104
102
99
100
160
144
134
166
144
101
99
130
139
99
130
140
272
211
165
154
149
101
95
77
109
155
151
119
154
103
144
142
140
98
97
100
131
93
126
79
81
90
75
75
66
66
66
66
63
153
111
106
102
101
98
94
83
153
152
111
108
102
90
83
112
64
105
96
130
315
319
159
130
137
153
153
156
167
177
158
177
198
198
216
216
237
236
251
251
249
268
269
274
298
297
313
312
328
318
327
347
346
360
359
378
378
393
394
396
422
434
433
453
446
466
465
478
483
497
496
502
495
510
512
503
533
524
542
541
540
542
538
528
517
529
520
525
522
528
526
538
531
512
505
536
524
526
522
534
527
526
536
533
540
538
525
519
530
524
536
522
535
535
525
524
531
508
459
523
492
507
465
528
509
509
516
513
515
508
512
494
510
497
505
505
519
507
504
500
515
498
509
509
483
487
509
504
513
500
510
502
493
498
502
494
483
489
504
474
503
491
474
496
486
496
489
495
468
478
475
493
493
509
503
516
508
507
512
509
494
503
513
503
511
504
493
505
492
507
506
512
521
523
510
519
513
519
514
520
520
516
529
520
535
517
529
504
511
524
505
521
515
527
510
520
513
497
514
494
494
505
508
512
504
511
506
506
514
507
520
526
515
529
514
530
523
533
531
517
511
517
509
515
512
519
517
521
518
520
517
514
505
487
507
509
494
486
511
492
493
467
466
530
523
535
520
525
526
528
518
534
530
523
525
531
533
525
497
522
532
510
500
512
522
502
497
508
526
511
520
504
506
489
478
497
509
437
472
508
473
487
494
481
456
431
499
489
492
510
474
484
477
490
482
484
473
482
427
449
480
88
353
450
310
305
351
282
268
340
267
255
244
389
209
175
173
174
172
361
142
150
159
474
121
352
108
354
105
445
439
342
291
410
229
177
362
167
381
127
172
101
175
426
280
404
337
279
163
110
175
175
193
194
177
176
191
191
207
216
209
227
226
241
233
250
249
268
268
283
283
284
285
315
308
326
325
341
339
356
347
365
365
385
384
401
402
418
419
418
445
445
464
464
475
478
495
496
513
513
524
518
523
524
516
544
529
545
536
545
533
534
545
547
540
543
549
548
531
546
534
540
541
544
547
544
536
525
531
542
545
534
544
536
529
517
528
517
515
524
527
533
529
524
513
506
511
530
515
519
492
528
522
519
525
502
508
504
497
497
490
495
488
491
488
491
486
493
486
503
500
498
492
503
492
503
497
508
500
500
480
480
495
499
482
495
499
509
501
505
495
504
490
492
498
502
503
513
486
486
500
503
497
503
502
512
507
513
483
506
507
463
443
417
489
474
430
452
497
473
474
463
480
421
432
370
337
277
219
355
197
457
463
386
276
268
250
360
239
380
474
209
208
199
180
405
122
396
321
121
403
120
118
117
98
98
436
443
247
217
413
121
310
120
98
298
266
341
284
98
322
4
5
18
20
37
17
33
10
28
11
31
37
36
3
5
10
20
3
27
25
31
30
41
44
46
34
37
28
26
7
51
56
43
55
6
5
12
14
3
7
7
15
31
24
16
37
35
55
51
59
53
49
57
53
51
57
62
87
85
69
89
51
44
87
91
29
81
27
37
46
4
3
14
14
26
18
35
26
32
17
25
34
50
53
36
43
64
57
62
27
15
39
26
33
34
19
55
16
3
6
6
5
18
17
19
25
26
25
49
37
55
32
32
15
33
30
13
41
12
11
23
10
44
55
47
58
47
67
82
82
83
98
113
116
168
179
179
192
193
198
187
185
206
208
209
217
197
221
221
220
230
229
238
245
247
251
260
268
270
269
292
292
291
292
294
293
293
343
343
362
360
379
379
395
394
412
393
414
435
435
454
447
467
468
483
474
490
486
465
478
495
423
426
487
453
467
439
446
483
489
487
469
475
489
484
487
493
495
490
480
506
466
465
463
491
490
510
504
515
503
514
504
509
501
510
498
515
504
500
510
502
511
508
497
508
495
506
510
506
509
474
474
476
500
496
518
518
533
520
529
536
515
523
534
530
533
535
532
518
523
531
524
536
536
527
545
527
544
528
536
530
535
544
543
536
554
544
540
540
556
543
551
543
556
543
557
548
557
539
539
553
554
537
550
541
548
546
549
547
544
562
545
528
542
550
542
552
545
565
548
547
540
560
551
558
549
541
551
552
548
556
530
551
544
561
543
554
545
513
532
549
522
537
548
538
535
545
544
541
545
534
540
548
546
539
535
545
544
535
549
547
554
555
553
554
543
551
539
542
535
540
542
559
535
551
535
552
542
550
540
535
534
548
540
550
537
547
544
550
538
547
556
546
544
539
527
512
530
521
533
525
536
524
538
544
519
539
528
526
538
536
526
531
524
539
524
534
537
534
524
527
515
532
535
531
547
522
532
525
531
531
528
510
536
518
524
519
529
518
528
515
518
525
520
519
539
515
516
534
539
529
540
519
530
530
523
522
522
523
513
530
538
526
525
540
534
528
533
530
528
527
523
531
520
511
520
509
522
522
524
505
523
512
509
509
518
510
515
504
509
535
519
524
530
516
525
532
523
522
530
526
530
509
530
514
520
508
533
523
510
524
498
522
514
531
525
526
525
532
535
536
529
542
521
527
507
521
531
520
525
527
516
525
531
523
528
537
526
544
524
518
532
524
530
524
525
532
531
526
530
523
519
527
526
523
539
529
529
524
528
508
518
518
534
508
526
530
523
531
520
524
533
535
541
522
540
523
543
532
489
515
475
544
532
421
414
483
378
400
370
359
444
457
501
392
522
436
464
489
482
483
494
484
484
485
486
497
495
488
486
498
494
472
491
482
464
489
481
488
481
482
485
460
470
478
473
452
468
453
467
484
378
378
394
393
414
412
428
412
428
456
455
467
466
481
481
496
495
508
502
491
504
503
489
504
495
496
492
496
480
487
496
466
490
491
497
506
500
521
522
507
526
510
523
511
523
516
518
530
521
522
514
525
522
530
517
536
535
529
540
527
513
523
530
543
538
534
549
536
540
540
551
547
546
554
569
542
552
535
559
555
556
559
545
538
543
553
531
509
499
531
533
532
535
547
541
536
522
538
528
510
501
509
544
530
538
530
520
502
528
489
507
522
520
525
522
501
515
524
510
504
512
507
517
497
513
497
512
506
520
502
509
513
514
524
528
509
508
500
509
509
498
489
503
505
499
500
490
489
504
487
459
451
472
449
480
479
494
477
477
477
487
493
499
490
497
496
510
492
511
498
519
515
516
504
519
519
530
528
532
526
532
534
533
522
525
531
531
534
530
539
533
541
541
539
529
546
536
551
533
540
515
520
515
530
530
544
537
516
530
534
546
531
539
540
534
520
547
529
528
527
510
514
522
506
504
497
499
497
500
493
488
498
502
495
510
501
491
496
497
494
499
486
508
497
506
500
507
500
508
498
509
499
508
500
481
498
461
479
503
488
490
506
498
506
504
500
503
502
517
508
521
523
513
516
517
529
530
516
527
519
527
517
508
521
506
513
522
527
486
506
506
504
507
500
505
493
488
494
505
477
472
535
520
534
521
526
534
523
526
527
546
546
530
540
548
532
512
526
525
538
514
534
526
534
523
530
521
518
518
506
531
521
529
505
524
500
513
525
523
533
541
547
532
538
531
536
528
490
489
494
503
502
517
503
499
419
361
143
368
342
348
313
441
417
311
278
513
301
234
402
266
231
496
204
177
166
194
130
147
124
401
366
92
451
487
462
326
335
257
431
222
217
481
160
119
89
109
275
421
314
255
388
359
395
345
366
164
181
167
164
168
189
188
204
203
217
207
198
192
111
192
209
192
191
189
180
182
180
178
211
175
166
165
198
165
167
169
166
199
195
213
211
151
136
141
214
194
93
193
194
215
208
206
173
216
211
142
152
122
117
177
151
166
98
27
40
238
319
21
18
78
97
92
110
146
183
185
163
170
166
165
199
198
218
227
228
229
216
254
260
261
268
269
269
267
293
304
311
312
320
319
319
328
318
361
360
362
386
386
405
405
423
423
441
439
458
457
475
474
490
492
502
502
520
521
532
530
535
533
531
526
532
539
541
516
537
529
540
540
531
542
534
536
532
547
539
549
539
545
538
554
543
560
548
542
540
540
553
539
551
540
555
548
554
547
553
542
554
547
553
544
549
542
539
572
557
555
568
569
556
570
568
560
546
550
562
571
557
546
553
562
559
561
549
549
538
558
553
546
547
560
554
548
554
545
558
551
561
553
557
549
542
553
554
543
555
548
543
555
558
556
559
545
560
534
541
530
518
537
512
478
480
515
478
529
502
527
521
519
536
503
522
514
516
507
520
510
490
479
486
491
509
497
503
505
483
488
501
503
490
499
497
480
489
487
483
462
486
474
467
493
485
479
472
485
476
478
471
470
430
440
440
458
458
476
473
478
478
488
481
477
493
493
492
492
501
519
510
506
516
515
524
512
525
512
511
517
523
524
513
523
526
540
532
545
536
533
541
551
540
534
552
544
550
540
547
548
543
550
549
541
545
552
547
545
555
565
549
546
558
551
541
554
547
541
537
538
525
537
524
539
533
532
527
547
534
538
552
543
528
546
554
530
533
545
551
534
542
534
532
551
532
547
540
534
550
539
539
541
539
520
541
538
529
538
537
522
542
526
538
495
519
505
507
530
530
526
533
528
514
534
526
520
540
525
542
525
536
527
541
526
538
529
533
529
533
527
535
528
528
533
530
527
529
524
524
528
521
530
527
519
516
529
518
519
509
509
507
512
473
474
492
506
501
510
516
516
511
501
516
508
521
513
515
515
509
518
506
511
504
500
505
504
499
493
484
500
475
481
494
490
482
487
483
497
481
471
484
490
480
484
470
479
488
486
472
498
484
483
471
464
460
476
474
487
475
477
484
460
480
461
452
473
470
474
471
473
473
478
468
475
484
484
477
489
487
477
459
473
478
485
494
489
505
493
493
498
509
494
498
500
508
508
499
502
489
496
510
510
516
490
507
505
521
527
537
523
535
529
526
541
541
535
555
538
546
558
550
551
537
528
547
539
547
536
553
544
552
551
565
564
554
547
551
549
543
535
545
542
544
538
544
535
522
540
533
543
534
530
525
540
530
539
523
524
534
526
533
520
529
521
535
516
522
515
522
508
517
527
534
519
522
523
505
524
526
499
521
482
507
503
498
497
503
505
499
492
505
495
503
482
489
488
492
503
500
494
506
498
504
489
491
496
484
493
485
478
493
480
487
474
482
479
473
461
477
470
475
466
454
464
456
470
457
469
477
478
472
478
487
464
467
479
470
478
461
471
478
469
462
460
456
484
452
475
469
483
469
457
465
477
482
471
474
469
458
477
473
479
482
473
487
474
486
487
487
480
486
477
478
487
489
488
467
494
481
472
469
483
465
465
476
482
484
477
484
479
484
477
488
462
479
479
493
487
495
497
490
495
495
503
493
504
505
499
507
498
504
496
492
502
21777
21774
21773
21823
21815
21824
21822
21821
21826
21833
21826
21822
21827
21823
21815
21801
21731
21760
21687
21611
21550
21716
66
21677
21744
21648
21628
21766
21602
21592
21790
21563
21559
21783
21539
21514
138
195
111
21697
118
90
21816
21750
101
75
156
21777
21640
21721
21574
21524
200
21529
81
21682
21668
21620
21585
215
21710
78
21656
131
9
7
8
17
24
15
12
5
5
13
15
13
23
16
29
31
43
41
24
26
12
12
13
22
32
18
31
49
46
68
65
67
91
89
66
72
85
69
60
40
37
43
66
101
78
35
93
26
3
4
9
14
4
4
5
17
33
30
39
41
41
66
83
69
78
70
55
69
68
65
72
58
53
52
28
93
58
87
71
71
6
6
22
33
39
37
41
62
73
74
75
79
75
87
88
78
125
155
173
172
177
175
184
215
203
224
220
221
224
229
212
222
227
227
229
229
222
273
273
294
294
311
312
329
337
342
342
361
361
378
377
389
396
405
403
405
425
426
435
436
455
455
475
475
492
493
505
509
514
515
499
479
430
334
262
383
461
453
352
315
310
502
429
281
428
241
419
204
495
205
185
203
392
508
165
377
98
153
297
272
225
507
211
174
129
124
354
468
372
325
288
239
406
108
143
441
120
250
380
373
391
322
207
252
251
269
268
283
284
299
302
227
252
247
245
252
253
270
269
289
283
294
296
295
320
321
346
344
345
351
361
362
380
379
382
383
389
383
381
408
420
420
438
439
456
457
475
476
491
489
490
513
513
505
524
510
521
520
508
501
526
510
520
510
516
511
516
509
504
517
511
521
527
512
523
505
512
508
497
491
503
508
508
499
508
497
505
523
501
520
507
515
511
520
513
516
532
525
517
522
529
525
533
530
527
519
535
530
541
541
544
532
542
547
525
538
540
536
549
548
538
542
552
529
543
549
557
548
559
558
574
558
562
573
576
561
568
558
562
570
562
571
564
569
562
553
563
561
556
540
557
547
548
560
543
562
559
548
522
530
546
556
548
546
542
548
556
543
560
546
538
497
497
430
420
415
409
390
491
451
484
316
312
302
291
287
288
276
267
526
219
186
149
517
415
345
352
242
230
557
213
213
326
438
207
334
393
188
387
474
369
473
336
197
162
150
365
214
171
316
5
4
5
15
22
30
19
25
17
41
40
34
37
49
23
18
21
42
27
5
1
25
16
15
31
36
45
36
52
46
64
83
82
102
90
93
66
95
106
108
114
141
163
180
230
230
250
240
245
257
232
232
225
256
260
259
275
267
281
264
262
287
287
306
304
322
322
338
338
338
355
355
374
373
390
386
396
396
416
409
426
431
442
442
433
472
473
495
497
517
532
532
447
483
341
305
256
420
394
519
367
360
452
520
506
294
324
497
533
261
534
240
201
200
414
429
180
164
191
142
125
378
102
100
80
90
334
440
275
218
513
225
191
148
403
112
462
350
283
244
385
315
474
422
117
98
96
92
96
100
104
106
110
114
117
121
124
129
133
137
140
144
148
152
156
159
163
166
170
174
179
183
188
192
195
200
205
208
211
215
182
346
5
16
16
25
34
33
50
47
60
20
18
62
38
71
16
34
40
42
44
15
52
32
21
43
28
43
24
19
40
30
24
32
47
26
6
16
35
50
53
54
51
45
78
34
63
76
46
49
12
59
73
3
4
15
14
19
21
22
19
16
22
41
36
51
51
61
61
86
90
89
109
113
119
110
112
134
154
221
205
219
219
232
218
221
250
246
262
261
280
282
281
296
276
291
289
302
296
314
313
339
336
357
355
375
377
385
387
404
405
423
423
422
448
449
463
463
484
484
501
501
519
521
518
545
544
560
559
580
579
584
581
593
586
582
566
564
580
574
564
573
571
576
564
579
577
584
574
581
574
572
570
572
578
562
580
565
583
568
566
574
571
570
577
571
574
577
572
555
565
569
555
579
571
578
569
575
583
571
562
580
580
569
582
569
568
580
568
576
576
564
574
560
570
559
568
554
562
555
551
565
554
565
555
556
544
536
487
464
288
207
370
348
344
356
324
296
555
304
262
255
234
422
197
189
508
140
126
151
122
389
410
88
76
67
419
376
443
275
246
215
175
164
125
92
518
534
328
479
434
158
496
470
460
229
102
313
313
363
371
210
133
85
74
76
75
71
211
75
75
87
85
213
69
71
69
72
85
68
70
209
76
72
78
90
68
86
69
71
213
4
20
9
19
7
5
6
37
38
50
54
58
71
87
97
116
115
127
127
140
153
146
141
122
130
134
120
120
193
200
165
124
168
67
71
73
75
76
79
187
192
190
71
72
152
150
147
209
137
93
74
74
177
72
178
202
129
74
70
78
5
14
26
28
40
42
33
49
52
45
37
49
28
43
49
106
87
75
151
184
159
182
194
196
181
221
222
241
240
265
266
284
285
307
307
328
327
345
345
328
345
343
344
364
361
362
365
392
390
406
407
425
424
441
441
453
451
471
471
484
484
499
504
506
505
522
521
539
485
538
505
531
502
523
459
468
446
514
511
462
476
482
497
493
472
479
497
488
494
494
504
491
515
505
501
521
503
519
513
515
524
515
523
508
517
525
503
512
519
537
534
534
526
534
522
531
532
522
490
500
492
513
513
530
531
549
550
567
554
556
560
559
575
564
577
570
571
571
569
557
568
560
564
561
551
550
572
562
564
561
573
574
562
570
546
557
535
566
554
534
548
557
547
564
552
568
558
556
569
562
553
548
536
534
553
527
543
520
536
529
541
553
543
556
538
551
538
542
540
545
550
539
545
551
538
530
551
546
561
549
538
559
522
540
539
529
546
539
530
537
537
546
535
526
533
521
534
535
530
526
525
544
543
557
548
534
536
555
549
536
565
544
531
528
526
536
519
523
547
536
529
537
537
538
531
546
540
529
523
546
536
557
546
563
558
551
570
562
562
547
540
558
568
559
576
557
552
559
566
574
576
555
557
571
557
556
566
545
545
558
550
541
569
569
579
580
581
560
568
564
580
568
585
572
579
570
573
579
577
561
549
558
562
550
566
546
561
542
562
572
577
567
570
579
574
583
584
598
581
596
585
586
583
594
583
602
587
602
590
602
593
614
594
599
595
588
608
596
574
590
588
592
587
585
588
584
589
583
590
600
605
575
587
557
578
558
575
582
564
583
587
582
573
574
566
561
572
563
540
559
557
564
552
559
550
537
568
555
550
546
560
554
543
555
547
555
566
535
517
450
454
442
551
494
384
338
319
280
262
169
346
474
303
428
290
507
399
411
245
242
228
214
380
365
486
176
209
348
468
140
151
112
332
298
270
531
193
130
442
467
259
527
210
168
426
122
19
21
34
53
61
84
84
104
108
129
164
168
165
169
163
165
160
174
173
169
172
202
153
205
241
240
254
265
253
272
273
285
290
286
292
319
319
340
340
356
354
355
383
382
389
414
415
429
435
434
456
455
466
465
487
488
463
509
509
530
525
542
503
496
494
467
493
400
486
314
164
95
401
391
460
467
358
334
293
303
277
232
220
245
197
432
178
420
467
147
135
120
414
113
496
102
399
495
355
449
467
448
183
163
466
393
322
260
210
156
268
83
231
4
3
7
19
24
9
5
18
20
33
49
45
59
59
61
57
54
67
54
38
20
25
4
7
5
4
20
14
9
35
33
16
42
29
28
54
58
68
71
70
58
112
107
106
171
169
171
164
182
183
164
209
208
223
230
228
244
245
260
268
276
275
293
284
281
302
302
304
305
324
324
324
353
366
367
381
380
353
366
419
419
438
439
450
450
469
469
485
485
484
511
512
511
511
540
533
547
534
549
547
527
534
523
538
530
528
541
529
547
536
538
517
529
545
543
545
543
550
547
552
550
557
548
560
547
562
562
573
548
555
551
549
558
563
550
565
558
569
550
559
569
573
573
591
570
583
572
562
570
564
574
572
580
577
570
589
569
582
582
578
584
573
575
591
586
578
593
581
601
583
594
571
580
592
603
587
595
585
591
583
573
594
582
591
583
589
586
585
571
581
567
576
578
537
401
120
520
432
382
363
349
563
288
515
414
549
253
503
241
272
495
223
204
189
163
214
140
478
133
456
546
373
325
316
304
261
568
228
191
183
153
437
114
420
344
486
466
283
383
407
380
54
52
164
41
54
52
46
45
402
43
43
45
387
317
52
381
80
42
168
165
44
4
6
7
21
31
41
46
58
65
80
27
55
58
82
45
61
37
28
80
25
67
72
49
37
59
29
47
5
20
57
49
72
62
70
58
57
48
45
38
30
71
42
66
52
43
63
55
61
52
4
5
9
33
21
29
45
43
58
57
63
87
92
86
128
149
199
199
208
199
216
215
233
231
247
245
249
248
259
262
275
276
296
294
312
312
331
330
348
347
365
365
374
387
383
385
381
414
415
429
426
444
446
453
460
469
470
488
487
506
505
522
522
540
540
557
550
558
551
558
550
556
547
559
546
559
551
550
568
550
545
556
552
550
552
546
549
543
549
543
536
549
548
546
554
552
558
544
545
552
543
558
541
530
557
551
542
551
545
539
550
549
542
551
539
545
553
543
550
549
537
552
544
545
552
545
551
550
547
551
535
545
558
546
559
557
559
548
558
556
559
549
556
545
557
551
558
545
556
547
557
555
546
561
558
551
551
558
567
551
567
552
571
552
566
552
553
563
568
555
567
554
567
554
563
556
572
563
549
557
545
571
552
565
552
562
554
555
563
561
554
552
563
564
552
564
552
554
560
560
553
563
550
552
560
548
544
562
557
549
549
556
555
546
548
555
554
544
554
541
550
541
554
541
554
547
553
550
559
556
546
553
558
545
556
543
557
545
554
548
564
550
560
549
551
563
548
555
541
555
550
557
562
549
564
549
565
554
562
555
560
557
557
564
551
562
552
563
551
548
554
559
546
547
560
547
563
554
547
561
548
558
547
548
556
549
555
546
559
547
562
559
547
544
557
559
545
562
553
542
559
542
559
544
555
543
550
553
540
547
541
553
543
550
543
548
537
548
539
562
551
563
555
557
538
548
541
560
528
550
558
548
546
559
553
546
549
556
560
549
559
549
544
557
566
548
548
564
564
555
555
561
563
552
566
550
547
563
549
560
557
560
554
560
558
564
557
540
563
552
540
551
547
556
537
550
543
540
534
536
550
543
527
548
538
550
534
543
533
548
532
549
540
545
535
541
536
531
542
541
534
549
534
537
548
547
528
536
521
531
542
537
541
534
533
546
541
534
532
543
530
536
532
543
530
536
538
531
529
539
550
512
513
464
506
421
418
408
402
400
381
372
364
362
535
472
530
267
227
326
297
439
291
434
256
235
247
225
210
193
329
493
162
173
129
133
151
285
487
345
339
200
453
185
155
118
284
483
116
318
