48
28
180
203
36
288
300
343
334
329
228
230
259
261
249
302
259
291
335
259
250
231
289
345
348
366
348
543
544
560
559
557
538
563
562
588
587
608
607
630
630
649
648
662
662
682
676
695
695
704
699
721
720
744
745
772
771
792
784
781
742
793
787
751
706
737
715
728
706
749
771
791
750
754
736
757
582
590
611
608
615
607
614
600
603
601
609
603
595
597
588
598
590
595
597
586
585
598
597
590
606
595
595
618
587
603
592
593
584
517
512
517
572
547
547
568
569
580
594
594
603
607
594
610
616
599
602
606
575
585
605
590
584
592
582
594
600
587
590
601
586
598
583
603
588
599
585
577
585
571
587
577
567
565
564
570
561
577
565
584
583
591
578
566
579
570
576
571
549
558
566
565
559
572
564
558
564
557
532
561
542
540
550
539
521
549
510
531
525
533
523
533
517
529
518
528
512
522
516
522
525
515
527
511
512
518
511
526
517
511
523
507
511
516
508
513
511
498
500
501
522
509
521
513
520
509
520
508
518
516
521
514
517
515
522
521
513
495
489
510
504
507
502
526
488
508
511
505
514
499
510
503
512
502
507
498
495
504
501
492
496
493
492
503
492
504
495
510
499
489
512
497
473
485
492
478
488
478
488
474
488
469
475
483
477
479
488
474
473
486
478
488
479
474
486
484
487
477
478
488
489
471
477
481
486
489
469
478
483
463
475
473
478
467
471
466
455
471
460
473
465
470
463
469
464
453
463
454
461
454
459
452
444
436
453
442
451
451
436
445
459
440
425
443
447
440
433
444
441
444
436
441
439
435
425
432
437
431
442
426
439
440
420
434
444
443
450
438
440
434
375
410
402
360
349
321
431
306
329
401
410
365
356
332
313
386
388
422
299
421
431
408
417
410
422
414
421
419
421
429
429
416
430
421
429
441
423
443
428
533
525
523
539
538
532
548
539
545
520
488
490
488
472
473
489
489
511
512
524
524
551
565
566
587
595
596
613
613
629
624
615
635
624
647
642
663
648
8127
8132
660
8184
8189
8186
8210
8205
8222
8219
8225
8121
8140
8131
8145
8134
8149
8141
8128
8147
8134
8134
8131
8134
8130
8125
8124
8130
8126
8111
8125
8119
8108
8122
8109
8086
8094
8074
8044
8065
8081
8099
8045
8091
8077
8096
8071
8081
8064
8082
8071
593
555
545
512
536
522
505
511
500
495
490
500
502
465
485
474
471
471
453
476
471
463
476
464
477
473
480
466
493
476
490
486
489
497
497
490
473
493
478
477
494
496
511
503
517
513
503
522
502
501
505
518
522
513
517
509
512
516
508
511
506
525
525
534
532
540
527
537
534
511
534
533
527
545
534
533
536
544
532
520
529
534
523
523
530
531
525
524
544
529
520
533
523
533
528
530
536
542
535
550
533
544
535
543
539
546
546
557
543
556
539
546
534
548
536
551
538
552
531
548
540
552
540
552
543
550
543
552
553
541
547
560
537
545
553
554
546
554
544
558
546
551
558
549
557
556
554
529
549
545
551
540
535
546
538
545
547
549
545
550
543
551
543
549
542
548
541
550
544
550
543
549
542
547
541
549
547
554
540
534
552
539
548
543
555
540
549
536
547
533
544
530
538
529
533
526
540
529
544
525
537
532
544
530
545
532
547
531
540
528
539
527
527
539
542
527
539
526
527
536
543
528
528
540
536
524
535
524
526
536
533
526
538
536
526
537
535
533
525
535
535
528
534
530
538
534
543
538
546
540
549
547
543
551
550
548
547
549
555
556
553
559
552
557
564
567
564
558
566
571
563
615
613
621
618
560
620
623
657
656
637
671
657
670
664
688
675
692
677
689
683
675
694
687
695
681
694
689
692
678
676
690
672
664
686
676
668
683
678
667
675
673
661
674
644
667
655
653
660
648
652
659
608
605
618
613
605
627
573
563
565
574
561
580
567
575
562
572
564
556
576
576
571
568
561
587
566
566
554
575
560
558
578
573
554
573
569
572
582
574
581
581
580
588
590
571
587
584
589
576
576
585
584
580
603
586
585
584
582
584
593
575
568
593
582
568
578
571
584
567
566
584
572
567
572
571
591
582
579
601
586
581
589
570
594
592
565
554
552
521
518
513
508
577
510
478
408
393
395
394
412
467
427
412
369
472
351
335
498
328
539
384
361
319
433
578
528
452
433
432
455
479
468
479
466
480
465
478
465
470
468
459
431
464
453
354
356
308
308
323
323
340
306
324
323
344
343
359
358
369
372
373
372
390
386
392
392
409
409
428
423
440
438
457
456
474
475
493
493
512
512
517
524
527
513
514
502
522
517
516
516
500
506
510
520
507
483
490
511
502
497
505
504
498
502
495
498
493
501
501
509
510
511
499
486
487
487
487
482
471
487
482
499
502
510
494
492
499
489
478
495
496
484
488
489
485
490
481
489
489
482
490
486
485
488
500
499
479
496
498
494
510
500
501
505
504
503
504
508
489
496
510
503
515
514
525
523
543
528
538
530
540
508
526
514
522
516
528
518
521
520
535
523
539
527
514
539
531
547
535
536
529
533
528
546
529
526
518
540
543
534
535
524
535
526
528
536
539
531
531
530
540
533
533
540
542
528
539
533
542
529
540
535
539
536
539
536
537
529
537
534
537
530
538
526
540
543
532
533
543
526
545
520
538
535
541
523
526
534
534
543
545
540
545
536
547
542
545
533
550
541
545
541
548
550
538
540
547
552
539
552
541
530
547
539
547
543
541
549
543
534
547
539
534
545
549
540
559
543
551
543
556
537
545
553
561
560
558
539
541
565
567
560
573
565
576
570
581
575
578
566
591
596
585
577
600
597
556
574
592
581
607
605
590
583
607
600
633
626
643
632
646
644
625
643
628
637
631
639
646
636
651
654
647
657
646
648
669
646
653
676
672
655
670
650
642
662
658
645
659
628
638
622
603
542
533
514
514
516
483
472
564
564
382
442
566
437
621
413
614
597
376
551
458
366
351
564
414
396
427
466
523
508
512
492
515
495
494
498
506
484
473
491
476
481
487
481
495
487
387
323
319
313
331
330
348
348
367
366
382
393
392
413
413
427
424
427
451
452
468
468
481
495
494
513
522
518
520
546
546
567
560
578
566
576
566
579
578
590
574
584
560
571
581
576
581
574
582
573
580
577
581
575
575
582
585
576
587
580
592
580
598
578
584
597
588
584
580
593
586
601
592
598
604
605
595
605
598
606
600
599
606
605
598
602
600
602
593
600
592
604
597
605
592
609
592
607
589
589
602
594
587
587
601
576
596
584
588
579
580
587
586
578
584
581
584
586
569
581
586
562
571
574
573
575
573
577
576
588
579
583
573
580
579
582
574
575
580
562
545
510
486
383
548
430
429
415
493
392
522
531
374
397
473
473
453
568
398
451
504
494
498
518
503
501
514
516
509
503
511
507
513
510
503
505
501
494
494
479
488
483
491
484
489
483
489
483
439
436
393
396
392
396
426
425
412
406
421
419
431
431
447
446
439
467
466
476
486
486
498
499
500
480
493
516
507
519
506
513
520
531
529
534
522
540
530
538
532
542
531
543
531
546
534
544
538
564
550
552
518
537
540
549
552
558
552
567
563
576
571
547
578
574
539
554
562
595
575
563
584
567
570
571
568
594
600
585
601
587
568
557
595
583
595
598
601
609
609
622
612
625
620
623
631
629
607
595
563
552
590
584
547
596
613
590
597
592
573
588
563
598
540
559
544
547
550
543
544
541
525
512
519
504
505
492
474
470
461
448
435
435
415
397
392
387
367
361
346
345
329
312
294
264
241
242
244
239
240
242
245
245
247
243
228
210
202
568
570
569
568
568
14
13
12
31
44
51
36
56
55
108
120
161
168
159
161
174
173
167
170
170
164
171
166
214
214
223
217
223
214
220
221
221
219
212
217
214
289
9397
9399
9443
9443
9468
9467
9481
9474
9473
9476
9466
9474
9476
9565
9565
9583
9582
9601
9598
9600
9629
9629
9642
9642
9653
9639
9622
9653
9619
9608
9648
9603
9635
9635
9632
9658
9652
9664
9648
9589
9612
9613
9613
9632
9631
9643
545
9646
564
558
564
529
546
532
537
531
510
532
504
509
515
517
516
493
481
494
473
486
494
484
483
493
483
496
493
481
490
491
501
496
491
485
495
491
487
499
491
495
508
497
507
506
498
501
494
495
503
511
511
513
489
487
489
504
488
538
526
531
536
530
529
521
467
515
501
457
533
439
414
429
544
393
539
489
508
448
480
404
417
471
473
465
457
462
466
455
474
466
478
464
485
472
478
478
486
487
502
471
479
454
453
491
455
483
475
494
483
507
491
504
504
496
491
428
442
444
470
472
495
497
513
517
537
537
557
559
581
582
605
606
627
625
641
631
626
616
644
640
627
639
626
629
622
622
625
608
631
606
602
588
615
597
651
616
632
619
618
627
629
626
615
599
593
571
608
623
594
615
587
612
599
611
597
606
600
608
597
606
605
596
599
596
603
582
569
593
582
599
586
593
580
594
580
571
570
583
600
600
594
580
565
582
571
577
564
575
564
583
561
572
565
579
576
595
584
580
569
581
579
571
557
561
568
565
551
549
563
551
565
510
513
549
557
535
538
537
554
534
523
533
525
521
544
539
532
538
524
520
536
518
517
523
504
524
512
521
513
518
516
507
514
515
507
502
509
509
501
505
503
505
502
481
501
489
500
485
498
483
501
481
484
473
488
487
500
492
501
490
506
495
505
507
519
497
507
503
508
511
518
501
508
518
511
510
530
523
513
525
523
525
523
517
522
529
516
530
519
519
529
534
522
528
540
541
538
543
548
545
539
554
539
554
541
553
556
551
557
552
562
555
565
560
567
560
566
561
556
535
541
554
570
564
561
575
575
568
577
556
573
571
579
568
583
583
565
555
572
563
576
576
568
575
567
577
570
577
568
582
573
585
596
577
588
579
578
585
575
560
581
570
576
569
563
575
571
529
529
498
461
395
408
393
383
476
556
366
358
520
556
451
528
495
462
450
437
417
507
364
510
491
499
491
497
496
488
493
485
487
489
473
487
473
495
472
480
485
467
471
475
463
477
473
467
491
434
339
443
344
449
447
343
342
343
444
337
344
358
449
387
342
445
448
338
487
488
507
507
517
524
530
508
476
509
463
372
363
485
413
389
471
394
498
518
350
503
431
440
410
427
364
455
381
493
493
479
499
473
489
427
432
442
435
462
456
476
477
492
493
494
492
529
524
510
505
499
530
528
522
484
507
509
525
411
428
427
450
450
451
486
500
518
517
546
546
562
576
577
599
601
601
637
637
664
660
676
666
692
676
684
669
663
679
691
670
688
665
666
679
675
678
657
655
625
654
646
645
659
658
671
679
657
689
668
674
663
673
645
650
657
669
654
664
655
647
637
643
633
629
630
630
615
626
636
632
613
606
629
611
605
598
588
593
607
603
592
601
593
603
586
599
596
579
592
599
579
591
579
583
579
591
587
576
569
565
556
590
587
573
574
559
595
562
570
585
547
569
580
552
577
544
558
553
571
564
559
566
556
556
563
542
563
566
558
548
559
561
554
563
556
563
561
572
575
574
571
564
577
571
579
580
571
591
582
590
577
581
576
583
579
576
580
573
593
585
567
568
587
573
582
572
593
585
602
588
594
587
595
584
581
600
582
581
595
582
595
580
580
590
578
589
597
577
513
507
498
494
483
483
468
459
444
432
575
404
536
338
330
306
297
292
284
285
274
308
255
431
546
351
372
525
384
263
256
230
236
392
366
317
452
432
412
556
385
410
418
424
414
423
419
421
291
217
236
234
208
207
208
208
244
244
260
259
260
289
289
309
309
329
329
347
347
363
364
383
381
401
401
417
418
430
428
439
441
455
452
454
471
469
480
480
495
495
512
512
517
527
515
523
519
510
502
515
509
522
512
530
520
531
517
525
518
534
521
525
516
521
514
518
511
522
512
525
524
530
524
533
522
519
514
531
530
541
540
532
541
540
556
554
556
546
559
553
540
553
543
528
546
534
548
547
522
545
527
544
524
521
538
526
525
540
541
528
538
526
541
543
525
544
542
542
531
539
536
535
519
532
524
521
544
529
532
531
533
525
526
523
514
530
516
504
519
501
523
523
516
530
534
518
528
524
526
535
531
521
513
533
526
524
539
514
521
529
522
510
525
505
520
513
528
510
521
514
522
510
522
510
506
513
522
508
521
509
514
521
519
504
512
512
505
489
504
518
476
481
502
493
495
501
508
477
501
497
481
493
495
493
495
473
484
491
478
483
483
485
485
470
486
479
482
475
451
463
476
457
473
475
466
455
462
469
467
460
460
454
468
457
464
468
478
472
465
460
481
481
494
484
498
489
499
483
504
497
506
502
519
512
527
518
524
522
524
511
529
529
522
537
534
525
530
540
549
554
553
561
545
540
536
536
533
545
539
543
550
559
549
532
542
528
538
533
534
542
535
514
532
528
517
523
511
520
508
504
516
515
495
499
501
495
501
498
493
500
494
488
499
488
496
494
488
491
478
491
477
496
484
488
487
502
502
495
489
499
489
498
498
491
491
491
508
487
502
494
506
509
511
514
511
516
514
515
505
497
522
514
520
515
523
526
516
522
516
517
527
514
484
482
497
506
527
526
517
516
509
513
505
516
503
514
506
510
502
494
507
506
495
495
499
496
500
491
504
498
497
493
492
500
505
492
508
496
493
499
493
507
485
501
479
499
476
494
483
491
471
483
470
488
469
469
481
480
486
462
481
491
469
500
494
502
498
504
508
505
501
508
508
513
502
486
512
488
505
657
667
656
769
769
763
784
773
794
771
778
796
796
824
805
821
815
835
833
843
838
845
846
833
836
853
846
882
876
870
850
881
890
863
886
884
886
880
889
876
887
886
881
899
892
888
893
893
748
757
746
751
709
643
649
640
639
631
636
613
628
619
615
604
604
619
619
604
607
598
599
589
595
608
597
601
572
582
584
579
580
573
575
567
568
562
577
568
563
569
564
567
561
554
568
542
555
553
549
557
552
546
553
549
558
544
555
540
554
545
555
550
557
549
557
544
550
541
545
551
540
549
548
543
559
546
557
543
547
559
545
558
539
555
555
561
551
550
563
551
563
555
565
569
561
573
570
570
564
575
560
575
562
567
560
571
563
574
561
569
562
559
566
570
559
570
556
569
555
571
560
556
553
556
549
551
563
558
545
566
552
568
557
561
559
563
555
566
556
564
551
561
555
557
565
560
563
564
553
565
557
562
565
559
566
557
551
561
550
568
573
581
571
590
584
597
585
596
592
580
607
600
619
607
603
585
579
577
568
530
551
623
539
521
605
593
562
505
575
580
593
582
572
585
554
562
575
581
587
594
607
601
596
602
620
607
607
561
508
597
605
534
576
524
553
571
563
577
576
568
559
551
541
565
514
491
484
478
501
495
516
506
522
523
544
542
554
555
574
574
585
588
604
587
596
557
579
577
590
581
592
584
595
584
573
584
594
575
573
572
567
565
584
583
605
594
606
590
583
603
599
591
603
600
603
591
605
594
599
592
588
596
595
585
596
580
585
597
586
597
582
586
590
578
592
584
590
577
582
590
579
566
577
576
571
578
568
578
568
585
568
571
564
576
561
574
561
574
560
593
572
548
513
480
446
448
435
436
426
417
412
402
397
386
381
371
582
584
568
532
511
588
498
473
455
523
471
555
550
449
471
477
470
475
487
476
492
476
471
477
460
473
485
490
482
491
441
486
449
484
481
374
324
304
322
316
334
333
347
350
350
374
374
374
402
394
413
413
423
421
428
448
448
452
452
469
465
468
489
489
491
516
516
534
516
526
530
523
531
494
499
525
502
524
509
518
517
518
514
535
525
509
524
518
528
521
528
516
531
529
516
523
488
516
501
510
505
521
513
512
510
523
511
526
516
524
514
506
506
520
521
516
525
517
531
517
511
524
517
532
523
530
540
532
532
519
531
526
539
516
523
512
516
515
509
520
518
506
513
521
514
514
516
503
506
506
506
519
507
510
518
518
508
518
512
521
506
530
522
523
517
515
522
530
518
525
509
521
512
520
519
526
514
518
510
509
501
513
507
512
526
520
525
513
513
523
525
514
528
518
504
525
512
517
543
535
546
555
545
1517
1524
1523
1531
1531
1529
1530
1517
1528
1516
1533
1521
1534
1523
1538
1527
1547
1540
1553
1545
1543
1541
1548
1536
1550
1539
1548
1548
1554
1559
1551
1545
1539
1547
1535
1541
1552
1543
1550
1552
1541
1534
1548
1529
1554
1529
1527
1527
1530
1513
561
557
561
553
557
563
563
553
539
554
553
557
543
555
541
578
566
581
568
548
578
568
549
566
569
575
579
574
568
584
567
564
564
583
572
564
564
571
573
561
567
577
577
575
547
547
561
570
552
543
526
519
510
519
546
559
537
550
553
546
540
551
538
544
491
508
547
488
514
499
495
491
487
490
504
496
498
486
498
489
495
502
502
511
491
491
498
498
479
491
494
487
498
490
508
500
501
495
497
503
511
509
513
534
490
525
496
495
490
477
490
480
492
482
499
496
495
479
485
485
483
494
496
496
489
482
503
504
489
492
493
487
498
503
496
504
495
504
493
499
508
509
500
515
502
500
507
508
501
511
502
498
513
500
478
499
492
502
477
502
495
492
505
506
506
518
520
513
510
532
524
517
507
514
517
516
530
508
521
521
519
499
505
525
509
489
503
510
502
517
501
487
503
489
488
497
484
479
482
486
481
490
488
474
491
490
494
501
514
504
519
510
479
523
488
465
474
488
475
473
476
486
479
489
470
487
481
491
480
490
477
471
482
466
465
475
484
498
485
499
496
510
508
516
495
498
515
478
505
481
507
525
512
527
519
524
509
529
538
527
546
537
552
545
558
548
559
548
555
554
569
557
557
568
559
578
577
577
573
572
589
587
600
598
604
602
602
595
605
598
595
579
602
581
560
560
551
580
578
599
597
609
606
615
612
621
600
600
606
616
613
606
611
620
616
620
599
610
622
603
622
612
594
598
602
620
615
622
621
619
617
615
602
609
578
600
592
592
558
542
464
471
441
491
530
577
397
570
394
537
523
452
437
425
436
415
406
479
513
515
501
511
499
503
500
493
496
497
485
497
493
506
503
499
511
485
475
492
480
489
490
480
483
471
491
479
435
481
459
457
469
468
467
465
498
496
514
513
532
532
550
550
563
565
579
580
597
596
606
595
526
528
526
524
503
524
509
527
524
525
523
524
522
529
527
524
522
524
526
514
529
510
524
521
537
517
522
521
526
534
538
536
536
535
544
546
542
538
538
533
540
531
540
538
540
528
542
538
541
537
542
536
543
540
547
539
551
538
556
540
548
536
546
532
501
531
527
493
510
538
516
540
524
536
521
534
522
517
530
512
509
523
507
514
497
503
510
509
512
510
510
501
514
504
511
505
510
504
489
499
506
500
492
500
492
489
497
501
489
500
491
500
438
428
433
409
394
386
386
388
379
373
372
370
373
363
349
354
358
341
339
333
324
321
315
314
312
302
299
296
297
298
281
272
269
262
261
255
250
243
239
230
416
470
489
455
432
415
472
480
405
5
16
8
16
24
16
21
39
60
72
73
79
100
128
146
147
162
162
176
182
192
193
206
207
218
216
234
235
248
236
248
249
284
284
299
288
291
296
321
320
334
331
334
360
345
359
359
379
378
379
402
403
410
412
412
433
434
452
451
449
472
489
473
509
505
512
508
510
527
519
512
523
523
540
528
531
546
545
544
557
554
547
544
547
562
547
541
555
559
548
563
561
560
553
553
565
564
551
553
570
563
561
554
564
557
569
538
541
571
560
522
516
543
560
552
543
527
544
530
533
530
529
525
527
519
520
511
502
522
511
517
517
510
513
507
514
509
512
511
523
505
507
514
503
495
516
512
506
512
502
514
511
512
514
518
506
515
492
508
508
523
521
509
509
528
527
519
536
538
534
537
540
541
546
546
545
556
553
550
563
559
549
546
555
543
555
544
556
545
557
556
558
548
558
553
547
565
545
555
560
544
559
543
548
540
537
554
556
549
552
545
553
545
555
544
554
541
542
558
558
542
552
540
538
553
551
539
541
553
553
543
562
551
558
547
546
567
556
568
562
571
579
574
589
585
574
1026
1021
1029
1041
1025
1016
1012
1013
1034
1033
1029
1040
1039
1050
1038
1046
1044
1038
1037
1044
1031
1063
1014
1043
1009
1025
1000
1024
1053
1035
1000
1047
1070
1057
1043
1077
1068
1077
1090
1087
1082
1068
1063
1080
1081
1067
1084
1067
1084
646
646
659
653
605
600
583
602
404
412
411
412
412
413
381
352
350
338
336
326
314
311
311
280
276
263
255
244
231
226
208
199
543
172
509
191
559
593
495
515
442
602
407
406
531
617
483
499
523
602
22857
22908
22935
22832
22844
22845
22854
22871
22870
22867
22870
22817
22796
22869
237
226
22870
236
202
215
201
220
223
215
209
214
22817
219
211
202
22868
209
198
22871
217
221
224
217
204
250
200
22871
220
330
351
386
407
460
450
468
467
480
475
479
483
478
482
314
313
299
291
349
306
306
324
324
338
339
351
350
365
375
374
389
390
409
409
599
602
604
606
609
605
609
611
614
616
618
621
623
624
617
620
623
625
623
573
562
558
552
599
564
579
579
597
534
498
509
566
483
490
556
450
461
541
519
584
433
573
547
480
446
575
564
579
562
572
281
295
292
308
307
324
316
334
334
351
352
368
367
385
387
401
402
423
424
441
438
456
451
452
457
478
414
471
469
397
390
392
417
418
433
432
446
446
444
447
475
476
494
505
505
505
515
508
519
500
518
511
506
511
521
509
522
508
500
507
506
500
507
501
503
511
507
497
512
496
496
507
503
483
496
491
498
483
490
504
486
486
498
494
483
489
496
496
485
495
490
490
497
481
491
471
477
487
488
480
496
485
495
483
493
492
485
501
494
494
506
503
493
487
497
491
498
492
493
505
490
513
507
513
510
524
514
528
513
531
526
533
528
514
516
505
502
494
493
484
480
475
469
469
469
454
455
440
436
427
427
414
410
404
395
390
382
378
369
370
359
359
359
350
338
331
327
318
313
298
290
281
272
267
263
253
247
239
223
515
233
17
19
37
34
15
17
17
40
39
37
4
3
16
11
10
3
19
9
28
5
3
11
6
17
24
30
30
47
97
122
180
177
180
179
201
201
216
214
230
229
230
244
251
263
263
262
285
292
294
310
321
321
336
337
351
351
345
370
384
397
397
408
409
409
433
440
449
451
454
456
446
449
453
457
460
464
468
470
474
457
449
444
438
426
420
415
410
402
400
402
389
386
373
371
359
361
350
336
449
344
324
315
367
385
405
378
348
107
330
120
364
122
106
306
103
390
102
294
342
304
141
137
392
103
308
102
262
280
275
273
272
274
273
274
274
271
274
272
272
274
368
397
398
398
397
398
396
272
398
423
425
426
422
429
427
422
492
493
414
398
398
428
427
451
451
477
478
501
500
525
527
546
541
534
529
473
473
493
494
511
512
531
531
552
544
531
556
553
533
531
530
547
545
547
546
558
522
548
547
559
600
600
604
603
601
621
625
616
629
625
627
614
628
621
635
636
624
637
639
624
603
596
584
626
615
605
625
613
620
601
610
620
603
606
615
597
617
617
608
625
604
567
590
580
578
588
589
595
609
611
619
579
574
536
617
592
582
571
555
594
604
547
598
590
584
575
553
566
581
569
566
538
547
546
566
565
574
581
560
584
578
582
580
576
584
584
596
585
575
546
580
584
572
569
585
576
586
566
578
574
576
566
569
580
536
536
565
565
624
622
638
610
612
607
594
607
622
601
623
620
632
624
625
634
634
620
628
616
626
612
624
617
623
632
628
621
632
624
637
635
638
628
612
613
631
621
641
626
628
623
630
618
638
626
631
641
623
637
588
594
583
597
590
609
583
598
576
591
592
583
587
578
584
572
586
574
579
577
590
583
608
599
607
605
608
601
590
611
596
612
601
605
598
614
597
596
604
613
597
607
599
619
601
613
612
618
610
617
614
620
612
623
617
621
624
633
614
599
609
627
599
610
612
604
609
603
596
616
606
599
583
575
577
564
574
571
580
566
572
564
573
567
577
568
580
564
574
562
578
561
569
555
566
553
564
548
566
548
561
550
548
539
542
533
541
530
536
535
551
549
554
557
546
542
549
536
526
549
539
536
541
543
538
543
536
550
537
546
540
554
541
521
547
540
527
539
544
543
550
531
554
542
554
557
545
533
539
531
523
516
531
533
530
512
527
500
508
477
489
471
479
459
472
475
464
468
451
467
466
444
454
459
466
476
454
466
460
449
432
438
468
570
560
592
586
574
598
593
589
589
605
598
607
599
614
613
620
613
623
611
631
627
641
643
651
652
674
671
702
697
706
705
711
706
725
714
728
717
724
711
724
728
716
718
710
719
704
691
712
577
549
609
592
610
571
580
581
571
575
564
575
560
577
577
569
566
564
573
573
572
560
566
552
568
550
556
520
502
559
527
505
538
533
521
541
534
534
542
525
545
549
545
566
586
573
589
589
596
582
534
528
495
465
456
513
494
582
605
480
517
553
567
498
545
558
561
554
456
475
637
616
625
623
625
615
601
608
615
624
626
625
622
615
623
626
623
622
630
614
598
602
587
584
585
581
496
408
414
420
391
402
412
420
431
628
443
445
448
456
447
473
446
463
465
469
438
442
444
608
17
44
10
178
145
134
116
117
118
119
121
119
124
121
123
124
123
174
198
198
219
220
235
236
258
257
269
269
296
296
313
312
312
334
334
351
351
370
380
381
401
401
423
423
441
440
443
393
357
358
359
359
358
360
359
359
377
353
443
354
439
445
443
352
394
444
439
478
489
492
506
508
502
513
490
494
506
516
507
496
508
505
503
492
521
514
494
502
512
505
513
505
504
507
390
456
403
459
383
404
408
419
418
434
446
440
457
458
455
484
477
484
504
503
523
513
530
531
547
548
563
554
565
572
571
570
565
565
540
489
531
436
434
497
409
399
396
450
555
467
459
553
469
519
516
419
393
532
534
512
512
514
496
501
508
495
488
472
507
502
502
506
500
482
476
501
494
501
494
504
507
494
500
498
500
496
505
510
381
395
431
489
434
429
429
443
446
441
444
444
445
443
504
505
525
524
543
539
541
558
557
546
562
561
563
545
553
562
560
539
562
555
531
554
570
557
578
572
586
572
574
568
572
567
574
571
556
510
538
552
551
569
569
566
579
576
552
573
561
563
577
562
580
571
586
569
582
581
570
573
584
589
571
570
573
556
564
566
574
562
561
560
542
571
562
537
547
541
534
534
534
534
515
524
537
527
541
523
537
514
528
512
514
511
507
504
523
507
513
508
497
500
516
502
516
521
529
510
505
509
531
519
519
500
515
507
521
509
503
509
485
491
498
485
493
487
491
480
484
483
493
479
480
474
486
474
469
481
464
469
474
460
474
468
472
465
465
455
462
461
446
452
451
448
441
427
430
417
406
413
389
404
392
401
386
397
392
399
401
401
407
406
404
403
405
396
401
405
407
400
396
402
398
397
387
393
389
389
396
379
387
379
413
408
416
407
422
416
431
437
415
418
426
409
405
432
430
443
463
455
461
475
484
475
492
488
494
490
506
508
501
514
503
492
516
511
527
528
534
532
537
536
551
548
564
558
570
570
583
579
536
591
591
546
565
549
565
564
512
528
557
559
564
498
515
510
551
541
550
526
563
551
555
540
533
554
539
551
547
544
532
537
556
551
557
539
518
367
553
501
444
414
424
506
397
477
474
529
439
398
393
490
456
491
502
528
519
524
521
525
512
530
530
547
542
561
540
538
523
534
523
513
534
532
545
520
522
517
538
526
520
519
515
533
503
533
471
426
429
432
435
433
435
470
466
464
467
468
479
467
516
516
534
534
553
546
552
547
549
555
549
558
561
551
557
548
559
550
558
559
553
571
559
550
566
554
563
561
576
550
560
558
542
550
536
542
543
533
519
534
539
550
548
514
544
533
534
549
552
567
553
544
562
547
560
539
548
556
550
559
550
546
552
536
544
552
545
540
547
533
545
533
543
541
541
529
545
532
528
540
521
526
532
541
532
549
546
554
560
551
529
566
536
517
537
506
529
535
490
516
502
533
526
541
529
540
531
522
533
531
519
529
526
525
510
520
528
506
524
517
525
517
526
523
526
516
514
501
514
530
509
519
512
526
499
519
509
517
506
521
501
505
495
495
515
518
522
520
513
517
515
490
512
483
498
499
506
513
509
522
516
532
531
538
544
535
526
544
546
538
532
525
544
535
546
554
547
557
545
555
560
554
566
553
570
554
560
565
566
575
567
570
578
578
565
571
584
571
567
585
561
585
578
587
588
599
570
578
593
556
578
545
536
577
568
572
571
581
587
576
560
582
554
563
591
568
560
532
552
519
506
576
570
540
548
549
558
515
522
443
392
359
454
485
442
415
380
380
468
368
537
456
394
499
445
476
501
556
357
461
425
490
482
505
492
499
491
499
500
499
502
493
491
509
490
477
502
462
462
477
477
506
506
518
516
517
478
423
424
433
435
444
444
466
466
485
484
505
503
505
534
533
548
549
565
566
574
583
582
546
565
549
536
519
537
529
545
540
526
533
528
524
530
511
543
502
530
542
533
541
524
549
535
537
537
539
540
550
542
535
546
538
570
547
559
548
560
547
544
544
554
544
552
543
560
550
539
558
555
550
556
548
546
557
510
451
500
506
462
444
484
527
454
554
536
537
519
525
515
520
511
516
506
503
511
497
497
511
509
514
516
488
508
496
491
478
499
465
474
480
493
463
483
479
466
478
468
477
475
466
456
475
476
471
456
427
448
442
435
444
445
465
465
484
484
495
495
508
497
508
495
491
504
495
494
476
500
486
490
497
499
493
478
496
501
497
499
505
504
512
523
504
521
505
515
505
516
508
514
508
501
496
508
507
510
499
498
510
490
462
425
377
373
362
362
358
351
341
331
327
324
316
314
309
306
297
296
286
282
274
393
383
250
426
442
498
460
273
241
229
230
261
426
409
391
506
477
475
398
326
323
357
349
409
389
397
391
398
268
220
205
203
204
205
221
220
218
238
251
250
238
249
283
284
302
303
324
323
346
346
364
364
382
383
389
383
402
401
427
426
437
438
434
480
494
478
481
495
523
524
545
546
565
561
569
558
560
570
558
564
553
568
563
563
582
553
553
500
465
553
562
483
523
448
455
429
562
429
407
410
370
542
489
509
445
560
391
503
464
406
314
401
450
349
400
325
394
447
309
422
290
274
274
365
344
338
299
461
375
294
410
395
357
255
218
254
355
409
225
366
118
72
70
64
64
252
252
255
174
359
302
375
250
177
237
260
260
286
286
303
257
177
301
303
301
300
203
300
238
237
246
247
247
264
263
274
274
290
290
310
310
325
325
342
342
361
360
376
388
379
396
388
395
377
395
440
440
443
440
474
473
471
495
499
504
490
500
505
488
449
505
438
467
466
479
479
477
502
505
506
519
520
505
517
507
515
504
518
516
506
510
504
522
507
491
492
511
485
496
506
503
535
527
544
521
518
516
524
514
532
524
505
512
524
498
540
515
527
518
532
515
537
531
542
535
544
536
541
533
543
542
537
544
527
535
547
546
538
545
537
549
534
545
549
556
554
571
562
566
557
569
542
553
538
539
550
537
552
531
547
534
543
531
521
530
537
540
527
538
527
537
520
537
525
536
525
527
537
537
524
540
526
543
527
530
529
536
534
533
537
541
539
538
536
538
535
538
534
542
535
541
543
543
524
546
544
532
544
535
551
538
551
549
561
550
554
547
562
555
567
551
576
560
573
565
578
567
578
549
571
587
558
604
578
590
614
570
595
617
619
724
759
753
762
753
756
745
738
751
729
725
741
719
720
719
706
715
703
705
698
696
688
680
677
673
663
677
656
653
639
631
659
642
627
606
626
616
613
594
610
611
534
555
524
585
375
610
310
297
290
320
504
504
533
328
281
279
305
534
369
382
381
383
399
420
415
425
420
430
427
439
449
464
453
470
458
454
486
475
493
454
495
488
478
485
473
452
509
424
498
471
422
428
422
439
438
458
457
476
476
494
503
488
502
504
517
517
536
534
537
575
569
589
588
608
587
571
575
591
597
600
583
587
593
567
558
592
567
573
568
582
580
553
558
557
568
575
582
580
596
574
588
593
577
588
578
589
581
591
578
585
592
599
596
610
579
578
583
568
561
576
562
576
574
562
540
550
549
572
570
578
576
576
564
575
554
570
565
577
570
588
570
584
572
580
573
583
567
577
563
558
571
569
557
572
564
570
557
566
560
563
549
558
553
562
549
560
547
557
554
555
539
548
541
553
540
550
542
545
538
546
538
545
541
546
538
547
535
544
547
545
541
544
536
540
538
540
537
538
533
524
544
524
535
523
522
533
529
522
540
523
535
526
543
527
545
528
538
537
535
534
531
533
526
531
533
536
533
538
530
535
528
530
511
529
537
525
524
540
525
537
543
528
530
545
548
531
540
533
549
540
545
542
546
541
545
538
543
537
541
533
542
530
536
535
538
531
542
530
542
534
550
536
549
531
537
529
538
525
539
525
541
530
539
529
537
531
538
540
540
530
530
532
511
530
519
536
521
534
523
519
536
512
520
517
523
520
522
516
525
517
525
522
533
531
530
527
530
519
534
526
530
525
531
528
528
524
531
529
524
531
531
527
520
527
523
503
515
516
507
522
514
522
516
529
537
534
527
530
528
514
530
523
536
527
527
528
533
526
527
520
521
491
501
514
514
507
510
503
505
507
503
506
503
507
484
497
505
506
492
496
490
502
489
486
494
491
498
488
502
478
487
490
473
475
465
475
468
464
476
478
470
486
465
481
474
491
474
479
475
491
23652
23656
479
23653
23692
23695
23682
23679
23721
23713
23723
23729
23732
23725
23733
23732
23733
23725
23735
23730
23718
23725
23739
23733
23746
23737
23746
23741
23749
23735
23756
23751
23769
23763
23762
23754
23743
23761
23734
23769
23763
23771
23759
23774
23768
23773
23767
23777
23762
23771
603
614
601
604
589
529
562
547
522
539
540
549
546
541
532
533
526
603
586
575
589
582
588
587
580
593
625
631
639
621
632
626
618
635
632
645
643
662
630
649
660
679
664
685
670
701
705
699
703
708
716
703
723
711
716
720
705
708
680
718
700
689
725
721
730
709
630
659
719
666
629
649
678
665
677
627
640
628
629
624
636
638
620
602
627
616
623
610
617
594
606
563
554
537
546
573
533
535
549
520
539
529
533
523
523
532
537
517
532
530
519
520
510
499
518
500
517
502
487
502
503
519
513
519
513
518
511
522
514
524
516
523
514
498
498
520
519
506
512
521
520
518
529
516
529
520
528
511
527
515
515
515
525
517
523
515
526
515
527
525
524
531
529
521
534
537
532
538
527
541
532
529
537
535
516
531
540
523
536
523
541
525
541
530
554
538
541
547
542
539
524
536
526
532
547
534
548
544
530
534
547
541
552
560
544
568
552
564
550
549
562
556
547
550
545
553
546
545
553
551
548
547
516
467
447
513
529
485
502
420
397
391
384
483
376
367
349
450
406
546
382
465
423
505
443
441
474
479
467
477
473
469
453
466
477
460
453
443
461
449
461
451
444
462
462
458
468
465
463
463
452
427
336
349
348
360
365
374
367
377
389
389
403
403
415
415
427
428
428
450
457
457
478
477
497
496
516
508
508
523
501
510
507
514
513
492
505
506
490
505
501
505
497
509
508
491
494
487
505
497
510
521
508
507
518
519
514
524
508
524
519
520
524
526
520
524
536
523
538
538
545
532
532
540
536
528
536
534
533
545
538
550
544
557
541
558
552
561
562
560
567
578
586
562
570
578
572
605
598
596
574
565
598
596
594
589
588
583
590
602
607
596
616
616
623
610
613
612
604
605
607
613
602
607
588
617
711
708
702
688
674
667
659
803
797
827
819
2381
2361
2326
2341
2310
2338
2254
2205
2188
2132
2354
2275
2116
2214
2311
2198
2324
2166
2159
2097
2109
2260
2294
2215
2242
2089
2140
2171
2140
2187
2128
2165
2174
2128
2111
2094
1965
2148
2118
2131
2035
2056
2060
2064
2064
2092
1949
1921
1935
1921
300
261
267
238
252
254
252
269
269
270
271
254
259
263
271
234
241
239
253
253
265
263
260
263
264
265
267
265
268
270
272
273
258
257
260
264
267
271
273
276
279
275
274
278
281
283
282
277
276
278
267
259
256
251
244
244
234
233
235
226
225
223
225
216
218
215
209
208
200
261
3
8
8
38
16
28
23
25
5
13
31
11
9
13
24
24
40
35
39
166
165
164
155
174
173
191
189
208
208
227
226
247
248
246
247
247
244
244
243
244
244
246
244
242
242
15
243
242
244
243
385
399
400
424
420
425
447
457
456
473
473
488
501
502
487
521
530
530
544
543
554
546
540
548
534
545
543
537
538
546
543
546
436
502
416
416
427
431
434
432
447
456
456
471
470
488
487
506
506
522
518
516
525
505
496
513
511
499
516
499
498
509
489
508
492
514
520
529
535
524
524
535
529
536
542
534
544
526
537
528
536
535
525
542
538
541
542
550
536
554
542
552
559
554
554
560
561
555
568
557
564
559
577
567
585
578
595
581
588
595
588
600
595
537
583
589
451
526
509
564
425
479
468
404
389
390
491
456
442
497
435
442
399
373
416
518
533
505
499
532
506
514
534
523
541
533
538
524
537
531
537
524
542
501
512
515
513
507
494
511
502
511
455
471
473
491
487
486
489
490
490
492
492
495
495
497
499
500
502
503
494
386
387
364
491
361
330
325
366
296
491
486
223
288
488
282
261
254
486
237
229
214
355
338
270
238
307
201
487
315
317
323
320
334
349
136
176
239
157
158
183
184
200
202
203
200
202
203
204
255
255
271
271
285
285
297
298
307
309
309
308
340
342
343
362
363
377
380
372
372
381
406
400
403
403
322
345
400
403
376
407
403
400
379
349
403
399
363
394
406
376
403
401
476
476
494
493
508
508
507
518
512
520
504
517
515
507
512
488
503
515
509
516
512
520
505
476
520
501
516
469
413
415
428
424
427
447
446
459
427
437
437
459
459
471
472
488
501
489
501
523
522
531
540
522
544
533
542
540
545
544
531
536
542
531
543
519
531
545
523
534
548
546
537
548
536
517
512
535
535
549
551
544
560
563
530
542
563
545
558
554
547
539
550
554
535
558
496
529
501
522
540
535
559
543
552
547
551
536
521
553
539
552
546
560
549
559
557
565
533
548
546
564
552
555
572
562
564
579
565
560
574
564
541
567
550
551
572
564
579
566
571
566
569
569
571
557
550
549
566
566
572
562
535
557
549
565
544
556
546
545
544
556
545
555
552
539
553
540
518
537
538
545
538
540
533
552
547
540
540
540
531
549
549
534
548
541
546
537
550
544
552
541
552
552
549
550
545
552
544
547
560
550
545
563
561
575
549
561
549
555
563
556
550
540
550
546
555
552
559
561
545
506
516
518
552
540
531
544
519
511
534
521
529
522
527
523
535
505
518
525
522
514
509
520
516
511
503
525
514
525
515
521
529
529
514
515
519
513
510
517
521
515
526
519
536
519
523
512
510
518
521
530
520
529
528
544
538
541
555
547
548
556
551
544
551
562
559
573
541
559
546
559
554
575
542
565
562
569
562
569
562
558
570
562
566
570
572
574
568
548
571
545
572
533
570
566
553
565
573
573
563
555
565
554
571
552
567
547
557
555
556
560
558
561
543
529
549
540
548
534
549
547
558
556
538
560
576
561
573
561
580
592
583
597
595
594
589
592
588
603
616
614
609
623
607
614
627
610
624
621
609
623
599
611
621
618
629
615
630
618
596
593
631
621
612
615
639
626
611
598
626
610
630
619
642
625
629
628
613
632
603
628
603
617
609
602
614
614
620
611
632
622
619
620
596
617
606
584
624
609
623
602
584
596
596
596
604
596
608
605
592
602
584
602
602
613
603
585
607
599
591
611
594
603
588
586
593
604
585
583
593
581
591
601
587
638
619
643
609
626
616
626
616
630
613
612
611
629
614
619
616
624
617
626
615
619
628
616
606
628
627
610
614
608
615
610
613
624
623
616
630
613
613
624
617
609
627
607
593
612
603
606
582
601
557
550
548
555
562
528
545
554
535
544
527
541
524
520
528
519
546
525
518
523
501
509
523
490
507
514
507
523
508
517
505
518
504
518
503
497
510
505
486
499
497
509
505
499
487
495
500
499
506
498
511
507
476
495
482
506
497
506
505
493
501
499
504
489
491
494
506
506
499
504
484
487
503
510
498
508
514
511
501
511
509
511
506
510
503
498
514
498
513
509
503
519
505
516
469
498
449
460
514
479
488
500
482
496
494
506
500
504
501
509
510
503
494
502
507
512
501
507
495
510
504
510
518
510
502
508
496
513
503
517
505
518
506
512
523
501
521
510
509
501
469
517
494
489
477
468
487
487
504
504
523
517
526
519
520
527
535
525
525
533
536
535
541
532
549
534
545
534
546
514
524
536
533
540
531
540
531
536
530
535
529
515
532
519
513
531
516
519
533
528
523
535
522
533
525
529
519
534
519
532
515
527
511
518
515
507
509
506
495
485
506
507
496
513
498
510
499
506
494
490
509
501
507
491
495
500
493
498
495
501
491
497
507
511
498
495
495
503
509
493
501
497
500
485
486
495
497
476
482
501
499
494
503
495
501
503
516
510
518
499
512
505
516
503
500
505
500
486
417
342
456
410
475
396
368
377
356
455
435
337
441
423
391
507
481
461
359
455
465
436
452
455
467
458
471
470
440
441
458
468
458
466
454
454
438
462
458
446
450
441
447
436
442
445
439
447
406
369
372
386
357
368
378
368
379
378
408
408
426
426
445
445
464
463
480
481
498
493
508
507
522
491
491
490
510
508
511
517
522
501
509
505
505
514
525
511
527
515
530
525
538
530
538
525
521
531
534
535
496
511
519
527
498
515
531
529
524
533
540
535
529
538
541
544
548
550
551
550
559
557
562
559
563
557
563
559
551
563
546
556
564
557
582
559
551
575
577
575
547
557
574
571
577
579
584
594
591
562
576
589
588
565
594
586
591
585
586
570
569
563
532
547
563
527
547
524
523
514
510
507
502
499
493
494
539
538
558
553
558
571
568
547
534
509
541
540
558
556
570
561
574
569
576
572
580
565
576
575
578
570
582
572
575
571
585
567
587
613
609
627
624
642
637
650
639
658
656
682
674
692
686
700
691
702
645
647
631
631
632
620
605
631
606
633
641
633
639
631
640
616
641
614
621
654
653
521
607
599
574
504
499
496
496
494
495
491
484
489
478
476
479
469
431
518
637
616
565
539
479
630
548
419
438
505
471
516
571
586
450
567
604
585
642
635
642
629
645
633
627
582
597
596
615
401
344
346
326
314
308
309
310
313
316
317
314
315
318
317
309
310
311
311
311
312
313
312
313
314
315
316
317
296
297
298
299
298
298
300
299
300
303
302
297
290
278
270
259
254
245
239
228
213
209
190
5
5
20
19
37
36
62
44
43
24
25
47
45
43
5
11
14
15
40
46
41
43
121
184
177
179
192
188
195
209
207
227
227
226
252
251
272
272
297
296
315
315
332
331
343
344
361
370
369
390
391
411
410
426
431
425
444
445
462
461
478
477
493
493
512
509
512
530
531
548
547
561
559
551
564
559
573
553
559
546
547
549
545
553
538
530
544
515
529
517
530
511
525
513
505
516
531
525
516
505
522
520
507
524
514
530
512
502
507
517
505
518
509
519
518
506
518
521
515
525
518
523
517
525
504
520
525
524
506
519
529
517
529
523
555
544
555
549
560
550
563
556
572
564
580
555
556
566
562
554
571
553
559
552
563
552
558
568
563
552
566
563
559
563
564
556
563
552
563
552
565
561
571
547
565
557
575
559
565
576
568
554
555
567
541
520
534
517
528
516
534
532
530
529
537
508
517
530
523
535
524
532
522
523
530
513
521
533
530
523
528
526
521
530
529
527
526
523
530
523
529
526
532
528
532
519
523
530
530
517
529
537
545
535
538
524
526
523
514
559
537
534
541
547
539
537
536
546
540
547
538
544
551
546
548
552
549
567
544
545
557
552
545
553
541
557
541
535
551
539
552
545
544
549
542
530
550
548
537
555
539
551
544
555
541
536
538
529
528
529
552
541
544
550
546
537
539
519
539
553
546
540
547
540
553
542
545
543
555
562
558
547
549
559
561
539
553
532
560
552
555
557
542
564
549
553
548
557
551
534
507
527
554
502
488
541
514
492
548
554
526
548
536
552
534
545
529
538
522
554
557
539
550
557
549
535
560
570
564
480
474
430
423
461
404
371
462
549
512
438
535
500
525
412
498
327
396
486
419
455
376
542
506
506
527
527
556
556
577
573
574
566
591
585
589
551
540
582
531
570
568
557
582
568
486
594
582
563
554
531
532
551
551
575
575
595
600
600
595
596
627
629
651
663
678
664
677
706
710
700
706
531
569
418
513
357
397
523
398
555
375
454
422
473
438
710
549
479
373
357
497
371
482
479
474
489
468
467
470
472
487
485
469
467
479
467
457
465
465
483
481
491
480
491
484
497
475
431
337
378
358
358
368
368
390
390
392
421
421
432
432
432
428
431
431
426
411
367
352
344
338
346
341
331
327
322
309
305
296
293
412
375
438
349
432
283
278
257
432
432
432
432
428
420
433
398
387
427
266
379
381
380
399
460
446
467
457
450
469
322
335
336
359
360
280
271
295
308
309
309
296
336
328
345
344
361
343
331
331
328
328
333
334
336
335
339
336
331
318
309
306
289
276
272
262
253
244
330
240
226
226
217
333
205
204
197
195
359
336
341
336
335
330
342
336
329
216
344
336
337
331
241
352
324
