176
185
198
171
221
231
220
257
250
254
260
265
260
260
322
337
350
363
348
377
378
251
254
264
261
323
420
418
420
338
463
481
501
500
525
524
548
563
563
584
585
603
605
627
460
480
626
548
663
662
674
646
624
619
618
640
631
655
629
637
624
646
646
655
654
673
659
673
663
679
682
689
685
692
693
678
650
678
666
650
661
659
659
659
648
625
639
649
637
638
634
592
574
323
320
607
622
509
642
482
465
524
545
429
394
628
336
537
512
307
471
442
381
365
407
417
583
353
495
473
491
483
491
482
479
486
489
479
472
474
466
458
471
462
475
459
475
469
476
456
416
461
362
330
335
338
344
362
363
396
394
396
420
417
438
455
461
465
469
461
454
461
471
438
513
527
544
567
582
598
592
608
602
617
629
618
640
630
648
641
658
640
650
672
662
654
675
674
684
683
688
682
684
683
684
672
669
657
643
621
618
670
664
664
660
657
629
623
665
656
624
647
649
658
657
669
654
658
647
631
619
606
595
589
570
549
541
532
517
500
496
472
466
458
447
446
430
420
415
401
392
379
376
365
360
354
349
335
331
321
298
298
292
282
272
264
251
247
247
238
224
214
205
180
175
169
157
9
31
42
96
139
131
137
140
170
169
162
139
132
153
170
150
153
139
137
161
136
133
167
148
169
150
138
138
138
156
134
169
169
133
135
395
405
404
404
402
403
441
440
443
470
471
487
488
486
514
513
533
534
543
550
528
533
509
406
421
348
370
347
345
347
378
379
380
397
396
398
425
426
442
441
459
468
468
485
483
502
501
514
514
526
527
514
511
509
519
505
530
507
528
516
512
518
518
519
511
510
516
525
517
484
527
465
455
489
513
495
472
510
489
490
496
512
504
504
498
491
505
488
496
498
489
483
491
490
478
486
475
488
489
486
493
496
498
492
480
512
484
496
487
497
488
489
504
498
491
492
490
470
494
474
473
451
463
464
464
484
484
490
482
489
495
472
469
480
474
484
486
490
482
481
491
497
488
499
488
496
486
480
501
486
491
481
479
493
481
483
476
474
465
486
476
419
448
434
409
459
349
358
349
343
331
327
410
321
391
291
276
266
442
364
364
415
469
316
285
260
392
380
312
407
405
5065
5089
5077
5072
5090
5090
5089
5087
5097
5094
5085
5099
5078
5083
5121
5120
5125
5122
5127
5086
5083
5006
4990
5031
5015
5040
5039
5039
5099
5110
5109
5131
5130
5150
5154
5151
5149
5152
5149
5310
5310
5317
5329
5318
3926
3927
4177
4179
4178
4177
4178
4168
4169
4169
4176
4197
4212
4172
4202
4203
4206
4209
4210
4225
4214
4226
4219
4226
4224
4209
4212
4221
4215
4205
4132
4174
4217
4171
4148
4161
4175
4154
4160
4140
4112
4132
4133
4149
4148
4051
4041
4051
4041
4040
804
807
529
535
545
546
563
565
562
587
585
563
547
539
554
549
541
535
525
510
526
535
519
519
529
531
532
521
523
527
508
525
518
530
513
521
527
527
509
518
523
503
514
509
517
514
522
522
509
522
498
524
510
506
518
527
534
528
525
530
518
531
536
513
521
539
531
529
537
539
526
530
529
514
506
527
507
509
520
507
506
515
509
509
516
511
513
497
518
514
527
521
523
516
522
522
516
525
520
497
525
505
518
517
494
496
497
499
501
503
505
513
514
499
525
511
500
515
511
516
505
526
529
524
525
524
530
526
516
537
538
546
535
538
546
546
551
561
554
563
549
562
563
552
565
557
570
557
572
543
570
564
562
585
582
584
578
594
585
574
601
617
607
637
629
639
649
636
627
644
649
639
651
640
652
586
554
542
538
529
526
515
507
495
489
479
474
461
449
442
431
430
413
406
390
380
374
360
355
328
327
327
295
272
258
243
243
230
214
190
190
184
168
161
148
639
633
596
619
614
608
564
584
571
14
13
33
33
59
60
56
59
62
60
54
56
60
62
71
62
65
64
65
63
66
65
66
73
63
8
39
36
59
109
127
158
169
169
172
199
185
201
201
225
225
233
232
248
248
274
273
296
294
316
316
337
336
351
367
366
388
389
405
405
421
433
420
441
443
442
471
470
478
487
487
499
500
497
496
496
502
550
550
581
580
576
590
574
544
572
536
558
549
566
550
555
553
557
530
556
547
548
546
548
531
533
545
546
522
528
527
537
527
538
542
531
533
526
527
523
532
530
544
533
534
496
497
499
463
433
398
366
353
344
342
342
333
330
328
321
323
310
304
300
284
485
279
402
226
217
219
210
203
198
401
456
236
227
448
378
441
356
286
421
497
249
243
524
416
264
280
383
495
8
7
3
4
3
8
5
4
3
4
5
9
5
11
9
7
21
30
37
17
43
52
52
20
32
30
18
30
29
49
4
5
3
9
3
25
27
27
38
48
26
28
30
32
33
39
50
28
7
8
23
22
36
60
55
66
55
49
39
36
44
48
38
45
59
30
62
30
52
51
138
139
150
149
146
174
172
188
186
192
193
207
217
207
218
238
244
248
248
264
262
279
279
295
295
312
311
311
338
354
354
375
375
390
391
409
408
431
431
449
450
478
478
479
502
506
507
506
541
541
549
548
554
537
552
556
552
554
561
569
567
571
569
646
611
603
578
589
619
572
603
626
638
631
647
630
617
618
645
627
639
638
635
644
635
649
640
643
629
649
646
632
645
635
658
625
649
655
644
657
651
648
637
645
660
672
672
655
660
670
669
664
668
573
585
583
590
615
585
616
616
600
608
562
542
519
512
582
498
561
532
554
592
491
626
568
574
582
580
561
586
560
582
577
569
541
534
471
450
432
431
395
567
389
517
552
482
478
473
441
410
369
480
375
484
519
537
527
519
489
512
510
435
435
456
457
460
457
455
460
506
506
526
535
536
558
563
545
526
552
554
524
530
539
493
381
438
398
398
401
420
419
436
435
450
450
448
470
469
489
489
500
500
522
522
534
532
524
538
525
515
522
510
525
525
535
541
524
525
526
526
532
533
513
506
523
505
513
516
502
519
511
519
494
506
489
497
493
495
489
494
499
489
502
493
483
493
499
497
490
495
503
501
490
490
496
497
506
504
505
518
501
513
506
505
519
512
526
511
512
520
516
497
488
508
522
515
514
493
500
508
495
501
512
505
511
503
513
506
513
509
517
511
518
517
517
521
514
526
523
566
559
571
565
577
569
577
566
580
581
577
543
521
526
552
502
564
511
558
553
556
552
558
545
547
541
547
571
577
576
570
563
578
581
582
573
585
587
581
588
580
582
569
563
574
570
553
576
566
550
532
517
503
527
514
518
518
509
512
503
500
455
470
481
479
480
471
508
508
505
510
522
513
519
519
502
513
497
496
504
500
482
492
492
499
491
500
489
491
493
482
482
489
477
480
489
483
486
483
469
475
477
489
482
490
479
473
471
476
477
464
470
484
480
491
489
481
494
482
476
443
451
468
462
477
482
491
485
495
503
513
498
513
512
515
507
516
505
525
516
530
509
519
510
529
524
528
534
526
542
528
537
530
543
533
502
511
538
493
527
522
510
518
501
531
518
512
512
509
500
495
509
509
507
512
521
519
505
516
504
510
500
519
508
521
509
518
520
508
520
489
509
513
507
516
497
505
518
490
501
514
506
499
458
492
502
504
490
489
509
508
519
517
514
510
522
511
510
523
502
508
518
519
517
521
506
498
513
503
494
488
469
459
496
481
475
485
470
441
460
456
448
465
454
460
453
461
460
446
461
463
457
461
457
455
452
451
444
431
457
457
448
455
449
440
453
447
449
456
447
460
455
460
423
458
453
438
442
406
411
426
447
448
458
436
455
427
457
406
406
454
454
465
457
463
448
457
467
459
442
453
450
456
446
455
448
460
452
446
450
446
445
440
422
455
444
450
432
449
446
439
448
445
441
396
415
409
415
433
433
448
444
449
436
417
435
437
15745
15747
15750
15766
15772
15719
15694
15664
15739
15650
15632
15576
15735
15653
15723
15699
15655
15637
15686
15711
15605
15608
15597
15614
15676
15760
15696
15637
15719
15678
15593
15649
15617
15666
15821
15820
15874
15863
15883
15878
15869
15885
15856
15856
15872
15867
15877
15846
575
565
575
474
574
364
299
307
306
319
319
339
336
354
353
351
376
374
389
389
400
404
397
399
397
415
417
432
432
434
463
463
483
483
500
499
519
520
549
542
552
546
556
550
544
529
511
528
568
600
606
608
607
614
613
617
614
627
624
632
626
601
617
601
594
582
577
570
561
559
553
542
530
527
528
512
496
492
488
488
473
468
459
454
440
425
408
401
392
381
384
391
376
375
363
346
324
295
287
279
270
266
259
253
240
234
224
613
602
8
11
11
16
25
24
29
37
48
45
60
36
59
64
53
77
233
211
211
254
251
265
263
245
292
282
464
492
565
563
592
596
593
597
598
600
599
599
600
599
601
604
596
602
595
600
598
600
600
594
592
600
601
604
592
593
601
595
599
595
596
600
603
597
695
775
819
815
818
786
803
795
784
774
741
766
591
585
508
532
515
513
440
435
291
290
345
284
286
275
342
345
346
292
293
290
273
271
271
289
299
270
289
283
290
344
272
287
271
284
282
475
284
519
519
541
536
547
547
555
545
548
540
539
566
551
560
566
552
546
554
541
503
398
341
399
340
397
341
338
336
427
424
445
445
445
465
447
470
497
495
527
529
542
542
566
580
580
601
601
620
621
632
615
611
644
652
661
658
671
659
692
677
695
717
676
675
712
689
706
712
743
716
713
712
736
712
719
727
742
732
725
741
750
735
754
754
780
772
774
766
766
756
756
744
751
731
735
728
740
738
729
709
691
691
706
707
676
695
687
677
665
623
646
633
617
630
623
629
599
597
576
551
559
578
586
576
561
571
550
544
533
534
535
479
551
469
502
454
457
523
553
509
510
499
514
504
522
510
521
512
524
525
527
520
529
521
551
551
541
553
544
562
553
528
548
542
543
537
552
551
546
544
527
552
552
547
555
550
563
570
565
571
562
560
577
574
554
550
567
567
580
585
585
598
586
599
588
586
599
581
594
596
581
593
581
564
592
570
557
549
574
556
558
546
566
563
555
563
554
570
564
580
563
557
549
542
548
521
541
527
538
529
516
467
484
461
478
496
508
503
519
541
513
491
479
497
521
517
523
497
525
443
418
406
394
389
388
380
379
372
370
362
365
303
237
431
481
421
354
334
469
322
397
457
250
512
492
436
476
329
251
243
242
528
304
365
243
337
452
490
473
484
443
465
465
485
486
498
487
375
299
320
319
306
304
312
298
317
316
335
334
353
353
371
371
391
392
411
411
426
426
444
445
460
462
482
482
508
508
532
531
544
536
556
555
573
572
589
590
595
602
597
590
557
575
564
581
593
594
587
595
592
590
597
589
588
596
589
596
589
596
586
572
594
583
586
595
580
596
586
599
586
603
588
599
588
578
579
586
573
578
581
559
579
546
500
525
550
503
471
519
532
571
473
469
564
555
565
554
561
520
541
422
409
333
311
284
275
276
264
255
258
241
212
183
181
184
187
190
193
198
198
198
200
203
198
196
307
501
442
419
511
396
552
489
459
351
525
479
319
450
291
414
468
384
366
339
275
12
370
13
16
31
40
32
18
34
21
36
31
21
14
15
33
29
56
59
59
84
137
153
167
161
178
176
189
181
193
191
200
196
217
217
237
237
252
254
270
270
281
282
281
274
273
274
265
267
282
274
273
274
275
274
284
268
261
274
283
261
262
275
274
284
267
269
263
274
280
262
262
273
496
493
488
498
501
504
493
496
497
487
511
509
512
509
512
503
518
516
381
459
362
339
360
356
356
373
373
391
389
405
406
422
422
422
455
454
472
472
492
491
508
508
507
532
542
540
555
554
575
560
570
563
550
570
561
568
569
577
573
555
563
556
566
554
562
570
565
553
564
560
570
556
574
567
583
577
562
553
572
561
577
564
553
558
560
568
562
545
537
560
569
554
566
564
565
577
573
569
555
569
565
576
567
553
545
571
560
573
561
579
564
575
574
560
571
565
567
559
568
555
565
545
555
565
554
557
552
541
560
549
556
553
561
531
567
548
528
552
532
513
498
521
534
531
510
514
528
523
523
508
532
520
495
505
513
513
518
512
517
512
520
515
523
511
521
503
509
515
519
512
498
520
514
523
508
513
528
516
527
518
525
519
537
521
519
520
534
533
541
529
524
525
540
537
530
523
548
545
548
560
555
546
558
544
546
559
556
542
535
527
551
545
539
553
539
543
537
556
547
550
551
557
542
556
538
538
561
558
553
561
554
573
562
571
566
554
570
555
549
541
573
572
570
556
553
558
547
545
563
553
563
550
563
551
564
554
565
554
569
555
568
559
573
554
567
570
563
567
556
568
545
559
559
565
548
575
569
580
567
583
591
583
585
582
580
580
580
598
575
572
568
586
580
594
584
603
597
605
601
603
595
609
610
597
601
609
604
612
610
598
607
595
597
594
605
609
599
610
603
615
607
618
608
612
602
587
600
600
591
594
583
590
588
589
606
597
591
596
586
582
597
584
600
586
606
588
586
575
584
579
599
588
599
587
615
603
614
613
610
599
615
604
579
596
611
607
598
609
608
593
610
595
593
586
586
583
591
597
593
580
595
596
573
586
574
587
573
583
586
581
565
576
584
567
580
579
586
580
590
554
571
568
538
530
566
544
533
544
538
535
549
539
532
523
542
543
537
532
521
534
534
527
543
530
528
535
532
519
515
521
521
511
514
517
522
497
510
517
509
502
517
496
503
512
512
505
511
504
508
500
508
503
485
491
502
497
509
504
508
502
517
510
522
531
525
530
524
531
516
503
527
536
538
533
532
541
525
513
540
533
546
539
547
537
548
539
548
537
542
548
538
542
550
543
550
544
537
532
536
528
547
544
550
531
542
552
534
539
527
539
522
530
511
520
498
504
506
510
511
507
490
502
496
503
503
510
494
491
508
492
504
498
500
494
489
477
495
471
480
477
489
498
500
492
495
507
508
500
498
490
496
499
497
502
483
504
500
510
501
515
502
507
517
514
507
514
505
511
508
502
519
506
490
513
500
499
498
512
500
503
496
497
501
505
503
512
509
501
497
500
506
507
517
506
505
515
512
511
503
517
506
502
515
507
481
515
492
495
477
488
470
463
508
498
520
510
517
517
530
520
532
518
535
524
536
535
545
538
533
549
542
555
546
554
545
550
542
545
548
528
547
545
547
535
554
545
561
550
566
572
587
592
598
589
603
621
619
619
613
613
646
645
654
644
653
645
629
651
644
649
643
649
645
651
646
639
649
659
643
651
642
635
646
634
646
632
638
644
630
645
640
643
618
631
652
635
648
642
637
619
608
608
618
571
565
560
565
565
538
551
529
567
559
564
564
553
557
569
575
548
556
555
562
560
563
555
560
550
562
569
561
563
572
579
576
590
584
578
585
556
579
575
543
561
561
554
562
554
547
558
529
538
551
532
540
549
549
549
547
568
566
544
532
551
522
545
536
538
530
519
509
530
498
539
527
541
516
543
527
532
520
530
519
525
519
523
517
528
520
532
533
533
546
536
536
556
539
561
531
552
541
528
812
784
784
772
761
751
744
733
722
716
708
699
697
685
677
671
663
648
641
641
628
620
608
600
595
592
580
576
570
560
548
541
534
520
510
503
493
480
469
458
440
418
406
405
387
796
397
399
389
795
4
4
4
12
20
34
29
43
40
54
54
52
62
49
54
68
19
44
68
64
51
11
47
16
11
14
18
9
17
16
15
13
13
9
15
4
3
16
4
10
7
40
43
46
56
58
61
79
137
135
107
119
70
69
66
68
113
120
110
69
82
66
64
71
69
68
65
65
112
119
69
71
66
68
67
66
69
80
245
307
120
121
134
134
157
152
161
159
153
158
158
159
160
256
256
272
284
280
309
309
157
732
1138
1144
1146
1150
1152
1155
1157
1158
1162
1165
1169
1174
1176
1178
1182
1185
1188
1190
1193
1195
1198
1202
1204
1207
1211
1206
1199
1190
1191
1184
1182
1191
1136
1228
1145
1222
1148
1146
1145
1150
1150
1147
1233
1230
1268
1237
1233
1219
815
237
234
231
219
222
224
198
167
169
140
143
144
146
149
154
154
156
159
161
163
157
167
161
161
164
165
167
170
172
173
176
1255
3
7
7
13
19
21
38
42
42
32
22
30
18
36
48
5
13
5
5
14
3
23
11
30
37
28
8
32
13
34
23
15
7
17
21
26
30
43
70
61
43
39
43
41
44
49
52
57
61
41
62
42
45
37
42
49
3
15
5
8
19
10
6
16
25
44
39
44
42
23
26
36
20
25
25
33
7
8
28
30
7
27
8
19
20
35
46
60
72
129
136
137
171
170
194
192
206
211
224
223
239
231
241
234
256
256
277
277
295
296
312
312
329
327
327
353
353
371
372
395
394
415
414
436
436
458
457
477
476
495
490
512
512
521
520
533
533
557
557
575
575
596
590
599
585
603
584
593
600
587
584
606
610
593
608
594
606
604
608
602
607
597
613
595
615
608
619
608
624
602
609
611
615
603
617
589
595
604
596
602
555
566
546
578
600
585
595
585
576
588
566
582
570
577
560
585
569
572
494
441
537
564
544
562
421
371
378
359
339
331
514
276
310
314
503
477
460
480
418
523
341
296
458
432
388
399
430
437
463
446
396
340
438
412
134
142
143
126
128
130
135
123
334
146
373
418
462
350
136
133
132
390
126
268
409
354
408
318
364
411
309
312
315
135
298
322
348
379
377
278
379
207
156
134
207
124
117
160
380
120
125
379
154
127
125
126
117
138
205
138
208
146
128
130
158
163
125
207
117
119
117
249
258
261
248
392
393
415
415
441
457
442
476
475
416
415
436
340
319
310
302
335
334
349
348
373
354
348
356
375
350
374
374
423
423
453
453
472
472
494
492
513
512
529
529
548
547
564
567
584
586
604
612
612
603
602
631
591
621
608
611
589
610
605
594
602
592
595
588
604
595
587
584
551
591
573
524
524
540
540
563
564
582
576
584
564
568
564
573
556
547
570
535
566
558
556
548
554
557
545
560
544
560
551
565
563
552
535
537
562
529
549
536
548
541
540
549
551
525
530
533
545
548
512
540
456
448
391
527
501
297
259
259
248
248
251
243
235
232
226
222
211
209
205
197
188
185
182
172
316
333
424
479
293
423
278
412
384
364
496
458
354
438
471
308
401
537
343
334
366
358
281
89
55
79
86
81
80
71
81
78
71
70
60
59
62
80
61
81
61
60
76
81
71
80
81
79
71
72
61
82
81
81
244
249
334
352
363
310
182
251
193
199
207
226
224
242
243
260
261
282
281
294
295
295
312
311
330
331
346
360
360
381
380
392
401
400
420
419
438
438
460
459
481
480
502
503
521
521
537
538
556
555
576
576
591
574
582
569
570
579
559
576
574
576
564
578
569
563
577
560
572
552
571
565
559
567
561
569
573
563
575
549
569
559
559
579
562
572
566
561
580
574
560
563
565
556
567
556
570
561
572
557
565
552
564
551
619
606
605
610
619
592
634
600
617
620
622
587
591
571
567
558
547
538
533
524
526
509
492
493
498
616
602
490
494
478
608
597
538
538
507
464
421
415
507
263
241
245
393
308
325
298
321
444
275
530
260
145
471
114
115
518
452
426
476
489
285
400
140
309
415
378
374
378
432
432
448
449
473
472
474
508
508
523
524
552
480
393
405
406
429
434
366
336
346
349
346
346
348
346
346
346
355
349
434
434
455
455
470
468
493
493
500
494
490
491
526
527
527
561
561
580
580
602
595
604
593
594
583
569
561
567
575
567
565
541
556
540
523
509
515
504
521
522
487
521
502
482
482
501
500
503
503
512
518
518
504
495
458
470
481
492
509
451
472
472
482
457
458
461
469
440
456
463
451
446
451
429
435
440
454
448
450
454
464
449
448
456
457
437
459
453
442
456
444
453
445
456
452
463
448
457
454
457
450
440
465
463
449
460
444
443
458
464
458
425
433
438
418
471
456
443
469
455
462
434
428
356
309
420
281
372
342
231
320
304
398
298
289
455
377
447
373
403
255
268
328
224
337
387
293
272
251
239
359
421
456
372
369
377
381
370
24571
24565
24680
24657
24678
24739
24736
24739
24667
24748
24746
24602
24559
24574
24577
24576
24576
24578
24743
24577
24561
24578
24579
24577
24575
24577
24575
24574
24575
24576
24576
24669
24564
24565
24578
24564
24736
24564
24563
24575
24813
24883
24881
24903
24900
24921
24922
24946
24941
766
758
689
662
665
667
339
474
314
317
368
367
388
388
410
410
432
433
451
460
449
463
462
509
510
537
536
535
573
588
572
587
609
600
614
625
608
609
625
655
668
668
649
643
619
639
633
644
631
650
633
640
633
646
631
627
650
641
624
632
619
623
616
622
614
613
629
604
628
612
626
623
594
603
605
587
585
577
591
583
592
598
592
582
592
597
609
602
598
604
616
612
606
621
587
595
611
619
617
603
619
601
608
592
599
569
598
590
578
586
592
592
580
585
593
573
588
561
557
586
518
499
507
575
540
526
569
553
567
563
555
555
556
562
542
550
540
530
545
518
527
533
528
532
519
529
508
516
529
521
514
513
525
516
514
522
509
517
511
530
529
521
521
528
535
521
544
533
538
511
505
506
525
525
543
547
543
543
535
544
560
550
560
542
553
566
564
564
565
553
574
562
577
567
560
560
589
583
595
601
595
608
596
606
612
607
620
602
611
589
601
617
610
612
621
604
617
612
603
619
598
615
603
621
624
622
608
652
628
640
638
653
637
640
645
638
639
646
666
644
654
636
629
642
660
652
645
661
654
660
645
652
653
672
626
623
560
537
521
511
508
502
485
476
469
459
452
432
428
413
406
401
388
379
381
369
649
614
590
216
195
308
560
527
278
261
632
223
604
203
555
348
165
192
323
280
294
248
173
556
297
357
350
19
36
82
113
112
148
148
169
170
189
189
207
204
221
221
241
241
260
260
278
278
302
303
323
323
345
346
371
372
392
392
425
425
448
448
469
470
494
493
513
511
523
524
540
540
556
557
579
591
590
608
609
631
623
618
611
625
611
621
615
624
626
613
626
618
626
624
618
626
603
628
624
617
610
608
622
609
602
574
596
603
589
581
583
581
581
571
578
565
578
566
575
560
570
566
575
578
564
577
552
574
564
565
555
561
548
556
548
552
553
550
554
542
537
550
528
539
555
557
540
544
543
546
539
555
549
542
545
556
545
544
542
552
549
555
554
547
583
575
562
581
574
593
584
605
584
583
593
598
583
596
583
597
590
593
596
571
583
580
592
585
577
577
584
574
574
577
573
573
551
570
575
563
566
582
568
575
570
569
575
583
572
580
570
569
579
541
535
501
533
493
521
470
457
445
523
478
532
513
503
522
500
514
515
511
517
498
495
504
514
501
512
498
507
510
512
521
518
488
519
497
495
481
523
512
525
517
525
505
515
494
486
533
547
532
521
522
542
544
512
514
532
539
532
536
540
567
565
535
549
571
511
521
546
563
555
531
572
592
589
576
593
597
609
596
605
598
611
606
578
597
595
614
606
633
619
621
618
579
581
579
578
556
571
581
613
625
619
639
608
620
601
598
614
566
576
615
607
619
603
573
618
600
599
615
616
661
615
687
641
681
662
659
669
656
667
680
672
662
662
667
661
636
632
616
651
629
640
610
593
635
598
603
597
623
617
623
613
620
610
582
600
578
579
579
0
581
577
609
601
602
591
593
592
596
593
534
610
541
528
539
536
524
533
509
522
512
521
507
518
520
513
520
526
535
534
523
526
517
503
529
521
535
523
527
536
533
526
526
529
526
515
528
521
531
516
529
526
535
516
521
533
533
529
521
514
536
535
533
537
527
524
541
533
534
544
539
550
551
521
489
529
326
499
444
395
407
511
391
478
379
467
361
465
344
312
307
415
428
478
345
436
352
304
369
537
428
444
444
469
476
474
475
473
480
451
461
455
467
474
455
471
459
462
456
467
456
470
414
329
330
315
342
329
330
325
347
346
365
366
381
380
380
399
399
414
409
421
427
426
446
446
461
460
473
490
484
511
509
513
523
513
522
524
512
528
521
532
537
521
528
522
510
526
512
527
523
532
536
529
519
537
542
530
538
542
527
536
527
524
535
530
543
532
524
510
519
460
457
448
440
438
440
427
423
416
416
406
399
401
393
395
383
377
373
363
526
345
310
283
272
540
223
285
533
271
327
238
243
235
484
301
471
195
298
471
350
499
254
319
208
201
488
261
119
86
170
168
178
182
191
190
194
218
217
250
250
266
277
274
275
308
306
329
340
341
344
343
343
336
337
340
343
340
339
337
335
333
293
340
340
330
341
334
333
345
343
321
313
302
341
340
339
345
331
342
341
341
332
346
453
497
489
504
478
492
482
482
494
474
474
489
479
481
478
314
392
277
278
300
302
317
329
330
348
346
363
370
370
387
398
398
416
417
436
434
452
453
471
464
485
485
501
501
519
518
536
534
549
549
563
557
566
556
547
526
533
554
527
540
527
535
524
536
533
538
529
512
540
532
510
522
516
530
528
526
521
528
532
524
532
527
534
522
517
529
529
517
514
503
509
519
516
504
497
502
489
490
508
515
502
518
505
520
509
510
518
498
506
524
531
545
536
521
531
541
531
545
543
538
543
538
522
543
555
542
543
555
550
539
552
519
526
539
534
542
543
535
543
542
544
539
547
541
532
553
538
539
540
533
542
532
516
519
528
520
518
521
510
503
486
523
494
499
486
468
497
464
473
470
465
474
439
466
411
423
428
467
436
436
420
432
433
444
446
435
420
447
435
442
411
422
417
423
414
399
468
457
465
473
472
468
456
454
456
451
451
437
440
432
436
436
430
414
419
423
428
466
465
435
412
402
407
411
417
425
421
409
423
400
447
451
471
465
455
456
458
455
457
447
416
403
200
156
159
165
168
173
176
180
184
188
202
206
207
209
214
215
218
216
468
485
215
216
218
216
480
216
494
215
215
2151
2158
2164
2170
2138
2136
2172
2173
2212
2210
2240
2027
2014
2042
2012
1988
1986
1987
1989
2047
2043
1986
2048
1986
1986
2046
1989
1988
1986
1989
1986
2102
2116
2116
2116
2143
2144
2160
2161
2171
2173
2174
2174
2170
2170
2175
2208
2222
2224
2242
484
494
462
444
470
470
482
482
503
485
509
484
491
482
446
346
350
348
363
364
368
371
366
365
379
377
396
397
402
418
416
403
438
438
440
390
367
426
417
434
367
424
430
427
430
432
428
432
438
450
427
445
409
440
441
418
426
428
419
409
397
411
396
401
408
407
406
391
406
390
390
398
387
383
397
387
388
389
382
393
399
395
385
353
375
336
348
347
361
360
393
394
404
404
431
416
418
431
427
424
405
421
426
424
453
466
457
454
478
477
494
485
505
495
492
505
499
493
517
512
519
541
535
554
554
564
564
591
592
591
600
608
616
613
609
631
626
651
606
612
641
610
637
617
631
621
622
632
615
612
602
595
589
629
612
601
602
625
587
599
602
599
600
603
603
578
593
586
600
600
599
587
619
590
608
600
576
585
581
544
535
523
513
582
570
552
562
539
541
544
566
563
538
576
518
542
531
533
524
487
502
502
492
497
493
492
490
513
524
512
524
537
534
547
533
544
537
543
535
534
541
555
535
552
546
552
532
546
543
515
506
527
527
526
550
549
559
567
559
559
573
565
559
568
570
564
569
562
564
547
576
566
575
571
573
583
569
586
573
582
568
583
560
567
557
574
550
545
553
559
561
558
551
556
534
560
532
558
537
534
538
562
545
556
544
558
545
560
548
568
551
562
553
569
554
560
558
569
542
563
555
569
549
558
560
558
567
568
562
558
570
562
571
563
571
568
568
577
570
571
559
567
565
564
552
561
553
554
471
545
537
515
559
497
422
447
408
488
507
454
433
475
415
503
490
500
489
501
492
489
495
474
470
456
448
439
436
427
418
413
408
399
398
391
385
480
350
370
318
357
377
329
489
348
337
361
367
313
311
380
396
322
310
357
368
367
372
372
373
368
371
373
372
433
445
440
448
449
439
452
449
380
348
362
364
362
363
397
399
407
408
408
405
443
442
463
450
473
475
496
498
522
523
547
546
564
567
585
585
571
570
587
587
605
578
602
553
553
584
581
602
602
618
613
625
621
617
619
615
607
596
587
574
565
563
564
564
539
535
520
508
501
502
499
482
478
466
460
456
442
428
421
413
401
399
384
377
361
349
342
328
322
322
305
289
282
276
263
257
242
236
229
222
209
203
193
3
4
13
9
14
10
8
14
8
19
6
22
4
5
5
21
22
26
28
28
46
48
51
64
48
69
85
88
125
141
156
159
154
159
183
182
202
202
218
218
235
231
254
254
254
285
284
299
300
311
311
329
328
345
340
359
359
377
377
393
389
392
419
419
445
444
455
455
457
472
472
497
491
492
516
517
516
542
542
558
556
563
546
555
555
552
531
540
528
507
544
548
543
526
531
535
543
532
544
530
537
528
531
538
546
531
535
545
546
535
541
540
539
514
535
534
542
554
547
558
537
551
532
555
551
565
564
568
557
571
565
575
554
567
544
569
575
567
541
532
565
532
568
557
542
566
558
553
574
574
572
559
531
548
570
562
558
567
570
565
572
569
561
551
575
516
539
502
528
548
537
545
552
530
496
466
320
307
479
421
427
404
383
367
355
524
351
307
342
455
466
472
430
371
501
407
508
418
353
290
544
469
475
503
514
512
508
503
502
509
508
499
509
519
497
496
497
517
497
520
520
534
524
491
359
396
365
366
377
371
364
374
357
370
405
405
426
426
445
438
446
438
438
435
489
490
507
527
527
557
558
578
591
591
605
586
566
533
595
546
556
668
586
701
695
707
700
712
713
716
708
718
707
707
721
727
729
721
736
734
755
747
733
765
752
744
738
750
719
739
721
730
730
744
731
750
748
754
740
723
730
744
735
694
713
711
583
600
600
584
600
618
619
559
535
590
568
582
573
550
581
574
582
576
586
578
592
585
591
588
584
569
567
579
571
557
550
562
570
568
556
565
552
537
559
546
546
541
530
541
539
530
507
537
530
524
521
525
533
531
496
522
498
497
512
514
514
534
502
458
488
382
348
340
333
327
317
315
313
305
290
293
296
284
285
273
266
264
467
221
180
172
174
161
510
259
404
372
362
234
450
341
188
393
436
415
265
400
264
244
224
195
428
527
258
208
481
167
71
17
23
16
16
16
16
17
15
15
14
42
42
24
46
44
30
40
58
65
116
163
148
150
150
158
155
167
167
182
183
197
195
196
219
219
232
231
230
250
250
248
271
271
287
288
286
310
310
329
339
339
336
335
329
376
376
388
395
403
404
419
417
418
447
448
460
477
458
473
484
477
477
475
482
488
460
496
486
499
491
501
489
497
500
507
501
498
464
478
485
463
447
430
500
478
494
495
474
483
496
486
462
468
471
477
480
482
458
469
481
503
485
493
472
491
478
496
495
503
501
491
479
502
495
504
510
491
498
492
484
499
473
467
461
503
485
490
506
511
497
493
492
521
522
541
539
550
533
544
536
550
558
539
554
553
566
564
574
531
547
547
558
561
568
565
559
565
572
553
545
518
557
557
551
549
561
560
535
550
549
528
538
539
560
549
560
548
560
549
563
555
546
507
530
520
540
549
542
555
553
556
539
560
532
551
546
544
532
563
555
571
557
572
562
562
556
549
566
541
543
534
507
469
447
542
412
376
350
332
304
274
273
255
372
338
520
304
317
479
426
518
543
479
263
392
388
542
442
291
399
478
460
430
533
274
335
430
447
458
466
450
457
452
443
442
451
436
453
359
279
225
238
230
227
226
228
225
229
229
228
217
229
227
219
213
221
230
225
203
221
225
219
210
212
228
211
210
231
210
214
219
230
220
227
210
218
220
230
218
345
359
362
374
374
397
372
392
385
386
377
389
310
320
328
243
260
222
226
227
226
228
239
216
215
206
198
215
216
215
180
200
198
216
202
187
205
213
199
183
204
187
200
190
189
203
190
202
215
185
189
201
191
185
256
286
298
279
313
320
326
322
324
329
326
315
162
145
230
159
158
166
155
161
174
173
186
175
187
885
887
910
915
921
924
915
919
924
929
934
937
942
947
952
958
962
966
969
912
974
1005
1000
1004
1026
1024
1016
983
1026
992
1014
1004
1026
981
1006
984
1026
973
993
1025
1001
1087
1081
1083
1063
1058
1061
1067
1082
1096
448
463
360
359
359
357
378
359
343
379
339
280
310
271
300
342
316
327
329
345
355
354
372
372
385
378
381
361
362
361
382
382
386
403
412
420
418
429
429
437
459
459
484
485
502
503
523
521
559
559
570
579
561
565
563
564
557
569
560
583
583
597
575
591
582
604
593
605
593
586
598
581
596
608
595
612
585
606
592
609
619
621
609
600
613
619
613
599
619
604
618
599
606
613
609
618
611
621
598
606
27085
27049
27073
27084
27062
27077
27019
27035
27055
27135
27119
27141
27103
27122
27010
27042
26951
26940
26933
26928
26931
26927
27126
26912
27012
27011
26840
26820
26793
27030
27079
27109
26876
26890
26865
26967
26967
27054
26835
26982
26907
267
26911
27067
26857
26814
27029
27030
26897
26798
27086
443
473
428
436
438
456
455
462
471
500
501
406
252
283
281
270
276
273
274
295
295
314
315
335
335
353
354
372
373
401
401
390
390
435
434
453
454
470
469
492
499
493
502
504
511
506
506
503
503
505
588
580
591
588
597
585
587
592
594
539
548
539
553
544
536
553
541
524
507
516
528
498
537
479
541
486
520
523
532
536
538
511
544
530
522
528
530
522
507
512
523
508
511
471
463
472
471
486
486
505
499
495
488
503
501
493
498
488
500
495
498
500
490
484
501
502
493
504
484
453
454
471
477
480
483
482
473
494
492
505
485
504
501
518
496
495
501
479
508
498
499
498
490
506
497
511
500
512
499
507
497
502
499
488
496
493
484
488
498
476
496
489
496
503
510
498
513
501
519
508
528
524
521
519
520
528
536
517
523
533
508
532
498
515
528
517
528
520
532
519
539
530
559
536
545
545
543
545
534
546
553
544
543
554
546
556
564
564
572
565
552
567
558
555
549
546
550
547
548
541
545
536
538
548
550
542
547
551
550
548
544
547
531
538
550
543
535
546
538
547
536
534
522
521
529
539
546
547
534
548
532
544
531
548
540
543
537
547
548
549
543
533
536
537
537
537
551
537
541
526
548
541
552
543
551
539
551
543
533
546
525
521
526
549
616
609
607
617
623
577
556
590
585
571
601
592
642
636
632
629
628
613
550
625
604
567
584
493
597
485
477
558
543
431
424
539
381
389
362
403
490
447
460
531
363
525
485
570
415
548
524
524
523
448
457
523
457
434
430
445
461
461
460
489
488
456
457
474
474
472
479
455
372
323
326
357
342
328
337
325
340
337
391
396
410
419
419
437
437
455
456
474
474
490
490
505
515
515
538
514
501
510
510
528
526
533
532
541
527
543
528
526
518
527
534
519
525
511
524
503
487
421
474
414
396
383
379
373
368
361
354
352
351
345
340
327
325
317
321
312
304
302
294
294
284
281
273
270
263
266
262
263
246
239
237
235
516
405
424
422
423
498
432
422
421
434
388
431
5
3
6
18
8
22
12
4
15
28
27
43
59
21
13
9
42
57
45
49
25
5
4
17
6
7
7
43
8
40
22
4
7
30
33
24
65
39
74
68
26
74
91
9
27
35
4
4
27
7
12
16
31
33
13
3
7
5
16
28
18
37
37
11
8
26
10
7
42
25
22
28
16
19
25
39
39
11
12
18
8
16
5
5
14
27
21
28
27
52
71
72
73
82
87
85
86
73
61
54
75
71
55
82
55
52
52
73
46
73
74
75
86
52
52
4
2
17
7
4
14
11
12
29
73
91
102
75
57
85
51
82
39
80
35
62
27
28
65
53
77
35
29
60
40
4
4
5
14
20
24
44
52
54
63
52
60
45
27
24
55
16
57
36
40
4
13
23
17
26
15
8
6
7
21
25
34
21
22
30
31
10
8
16
36
31
45
80
78
127
126
143
143
161
160
159
160
160
200
200
216
215
230
231
230
231
231
232
230
216
231
219
218
217
221
220
232
221
220
232
220
221
216
222
217
232
232
220
231
218
230
220
217
359
382
434
435
463
463
466
453
475
450
472
469
480
473
469
461
473
467
473
416
282
298
296
309
308
325
334
334
351
353
362
364
375
372
390
390
404
405
420
419
439
442
439
466
466
467
494
493
514
523
516
525
521
504
524
513
542
529
543
534
533
544
550
533
539
547
536
536
530
544
565
551
561
555
541
543
531
553
554
556
561
560
566
559
565
547
554
560
552
555
553
558
567
559
557
550
554
541
564
550
556
536
527
521
518
511
495
447
494
422
520
474
267
367
321
430
342
298
282
292
407
251
232
226
219
374
354
436
415
503
299
267
244
405
303
458
297
359
371
376
381
406
397
408
405
401
396
368
417
408
381
352
357
352
405
273
272
287
274
284
290
283
290
316
316
332
322
340
338
336
339
362
358
370
367
356
350
369
368
352
329
309
350
351
328
290
299
350
356
351
352
352
349
351
346
353
366
421
421
451
452
452
452
445
431
462
438
427
440
449
418
443
425
414
443
433
409
412
430
276
435
260
412
371
311
317
327
332
330
332
357
357
375
386
386
409
408
427
427
443
443
460
459
479
477
497
505
504
478
495
450
447
491
457
473
464
462
492
484
498
520
510
517
507
509
510
522
526
495
505
504
519
532
531
546
537
548
540
538
537
552
538
540
517
524
551
506
533
541
534
544
538
541
542
531
536
537
549
549
521
519
536
534
547
547
571
571
590
584
570
562
550
575
553
562
562
569
536
523
559
515
551
545
545
513
530
521
551
537
537
529
541
529
511
523
522
540
532
542
533
543
535
545
551
542
548
538
538
557
544
526
525
532
510
536
526
527
517
531
522
534
525
536
520
544
539
550
540
523
525
527
525
524
492
478
480
515
500
543
537
550
532
537
547
542
534
536
535
540
532
534
526
529
517
520
513
508
516
510
506
522
526
509
519
499
497
525
524
524
511
523
515
518
507
511
504
514
502
516
496
492
514
508
506
519
513
532
531
544
532
546
534
549
544
548
542
550
538
537
548
552
541
553
556
544
558
543
539
553
545
565
554
573
560
581
573
577
569
577
575
575
581
580
586
575
571
579
579
572
592
575
585
578
587
579
595
582
588
580
592
585
587
579
585
573
578
586
581
578
587
582
573
563
566
526
527
502
570
493
570
549
518
486
567
581
574
588
581
565
577
563
572
585
588
577
590
581
570
561
584
578
578
580
566
573
578
565
548
558
579
574
586
582
590
576
605
601
596
614
605
621
616
638
629
652
635
582
567
562
571
571
604
613
614
616
624
622
592
594
615
564
602
580
597
611
578
604
579
610
603
612
623
612
602
609
622
608
642
630
651
632
624
634
602
620
595
609
606
582
586
599
590
587
571
581
588
546
549
548
574
583
581
590
587
589
570
571
554
549
549
570
571
591
586
590
605
609
600
594
572
590
593
576
591
574
579
562
561
548
532
556
545
560
553
571
560
570
564
576
565
582
576
588
575
558
578
635
627
643
633
628
621
624
616
622
609
613
602
610
608
611
603
605
598
589
601
599
587
601
604
575
604
561
591
595
588
593
587
594
587
582
580
591
578
589
573
570
583
581
566
576
567
566
575
524
524
537
524
524
536
536
535
537
531
538
536
531
528
524
538
526
535
528
545
530
528
533
489
535
522
511
509
520
521
531
520
512
530
524
505
522
520
524
522
524
518
524
519
521
527
519
526
516
525
518
525
525
523
510
526
523
516
520
527
527
513
514
530
532
515
527
530
523
531
523
532
523
536
521
527
526
537
536
540
533
534
545
531
526
546
542
554
541
542
549
555
546
558
547
558
548
557
547
557
547
558
547
565
551
561
552
561
551
560
551
560
560
541
553
563
569
550
563
550
551
564
562
550
551
559
566
557
566
552
562
551
552
559
564
552
560
554
549
561
559
538
545
552
539
551
548
548
546
547
541
547
540
546
538
547
545
545
538
544
537
549
535
545
538
546
541
551
539
553
536
546
545
536
547
545
528
536
546
548
538
551
537
536
549
548
535
548
541
554
547
530
551
544
551
544
560
547
559
547
563
548
549
556
550
544
551
546
558
547
558
543
553
545
555
542
549
543
550
545
553
553
568
561
564
570
570
567
570
564
574
570
577
583
574
570
582
585
574
586
579
590
577
593
581
592
582
602
585
601
589
600
588
588
596
591
601
598
573
587
590
568
583
587
575
590
578
586
600
601
594
589
565
568
579
577
575
567
577
568
542
567
575
555
581
571
582
582
571
585
572
584
575
581
568
575
563
576
566
548
559
533
541
558
568
568
559
569
557
571
567
571
570
579
566
577
555
560
557
560
556
569
553
568
556
559
560
575
573
564
564
538
556
555
571
566
556
545
560
552
548
538
556
555
544
561
547
556
542
532
531
559
559
572
563
575
562
582
578
585
573
589
585
594
587
593
585
600
589
595
587
599
595
597
594
603
589
579
599
597
599
607
616
611
732
741
732
743
720
742
722
728
748
735
755
745
759
752
754
744
761
731
769
781
816
953
945
1023
1038
1021
1046
2511
2504
2530
2528
2527
2535
2511
2516
2538
2550
2531
2533
2519
2944
2933
2930
2928
2927
2939
2947
2892
2760
2771
2929
2910
2806
2798
2815
2815
2793
2817
2810
2823
2805
2812
2803
2816
2811
2818
2777
2796
2783
2794
2749
2615
2507
2512
2493
2494
2510
1052
1034
1022
1026
1015
996
996
1014
1014
1016
1005
1009
1003
608
597
591
607
594
603
587
579
563
562
580
579
512
429
450
416
409
499
484
365
384
577
334
522
311
464
477
443
529
374
359
300
347
392
550
565
317
593
486
452
486
467
498
470
482
476
484
481
482
477
483
477
490
483
464
453
472
496
489
504
492
494
455
474
474
491
491
364
418
384
392
392
393
419
433
432
452
450
470
469
485
485
501
499
519
518
527
485
481
484
516
486
475
526
482
485
482
537
527
543
530
545
509
527
505
531
515
518
510
516
524
520
538
525
520
531
511
510
527
531
518
517
526
531
517
527
513
512
526
517
512
524
512
512
522
525
451
501
462
473
472
491
492
505
486
503
502
505
519
525
523
517
516
529
517
526
520
526
522
517
532
509
530
521
513
506
512
528
510
499
517
511
512
502
521
507
515
510
512
516
503
520
504
503
516
528
518
535
520
517
533
513
500
521
532
520
521
539
526
526
532
523
533
536
531
529
529
531
543
546
537
541
550
549
541
554
550
568
559
561
562
533
526
556
548
540
549
537
559
546
552
543
545
540
549
526
540
541
537
530
547
524
540
540
550
536
543
543
560
542
551
546
545
543
549
536
547
544
522
542
540
526
536
523
535
522
516
532
520
505
518
507
506
523
524
534
528
521
534
542
525
543
546
533
536
525
536
522
559
533
522
513
539
549
532
541
535
527
548
564
553
564
564
578
558
563
572
555
582
586
580
588
582
596
582
583
591
585
600
589
586
576
576
582
591
581
590
566
579
546
558
598
573
562
556
471
420
399
310
504
541
364
354
319
328
572
514
291
478
303
448
560
429
502
385
371
476
461
277
407
343
283
518
429
438
454
470
472
479
475
483
482
481
482
477
464
446
462
446
446
393
394
419
418
438
437
317
333
316
339
339
357
365
359
346
347
335
340
344
346
345
346
338
324
320
317
311
301
334
273
344
347
298
288
347
283
347
267
358
249
334
235
215
356
329
331
357
355
335
335
255
222
348
335
345
215
86
349
362
385
212
210
341
88
88
85
392
368
80
79
211
213
212
212
122
81
79
84
383
76
290
277
287
305
334
306
333
359
359
382
382
399
399
421
421
440
404
317
344
337
327
334
338
353
355
354
353
387
385
404
403
419
416
418
444
453
453
472
468
482
493
494
508
508
528
527
548
547
567
566
584
583
566
589
575
568
558
568
561
567
560
572
557
559
568
570
559
570
572
573
571
574
581
570
569
575
574
579
585
564
583
569
551
546
566
576
574
566
573
573
577
568
583
579
576
567
574
563
564
573
568
559
568
559
571
563
572
551
570
564
556
570
569
552
563
553
523
483
463
372
394
441
403
503
381
560
359
515
471
547
343
298
454
536
431
415
489
356
306
407
402
329
320
435
466
458
465
461
467
455
465
455
462
461
453
460
449
435
456
447
461
453
464
457
464
451
427
327
426
330
331
331
336
358
358
376
376
375
403
403
424
423
441
441
453
453
452
478
477
495
495
506
506
525
519
527
520
532
524
528
528
520
498
456
456
450
437
434
421
415
406
389
391
386
385
378
370
368
358
352
351
338
331
325
311
308
298
286
283
272
267
264
257
249
248
242
236
226
220
209
199
197
190
182
478
467
488
505
472
517
13
23
19
21
14
10
29
21
41
42
48
21230
21238
21231
21226
21219
21240
21238
21228
21240
5
10
18
14
28
22
27
19
33
38
6
19
14
17
62
58
52
48
49
56
68
172
168
173
189
190
189
204
195
209
216
233
232
253
252
276
275
296
293
296
292
389
388
390
578
590
589
605
611
605
629
630
654
655
686
685
685
704
722
735
735
759
759
782
781
802
803
823
825
843
843
825
842
836
826
825
835
829
818
828
804
782
818
790
805
816
804
813
718
720
763
770
780
788
639
651
656
661
1308
1307
2356
2342
2358
2325
2335
2325
2335
2331
2342
2330
2312
2347
2339
2324
2343
2314
2344
2342
2328
2347
2367
2372
2378
2316
2365
2384
2367
2375
2383
2377
2358
2370
2369
2395
2384
2374
2412
2403
2412
2394
2380
2332
2363
2350
2356
2350
619
1678
601
2315
1683
2329
644
643
647
635
655
650
674
665
662
642
656
644
630
632
639
647
614
639
613
566
554
549
548
551
535
476
466
459
432
431
434
437
582
615
372
505
594
232
225
223
215
205
200
197
193
280
255
408
399
402
624
515
329
347
304
290
246
553
388
351
521
431
324
312
422
508
267
341
132
188
199
201
223
226
227
197
333
354
458
481
409
225
199
226
196
382
380
556
194
408
407
412
669
670
408
672
509
508
737
735
736
800
801
830
831
873
874
829
912
910
913
976
997
999
1030
1028
1008
1059
1028
1058
993
1061
969
967
1013
1012
1043
1041
1070
1073
1086
1101
1090
1113
1107
1102
1104
1128
1126
1138
1152
1114
1117
1145
988
899
1048
967
944
953
942
951
970
953
957
958
974
957
971
950
918
934
943
960
934
969
938
948
947
976
968
986
937
953
920
922
904
914
906
918
902
917
905
911
907
900
889
893
903
836
880
868
901
887
880
913
897
885
803
889
814
865
873
784
772
887
850
879
862
891
863
849
850
832
872
851
853
845
858
847
857
847
858
849
870
850
849
860
856
847
845
854
844
862
861
856
859
870
874
839
860
881
853
869
859
870
876
860
859
808
810
836
833
864
862
878
870
892
886
892
886
898
902
897
867
888
865
879
891
880
870
899
872
898
870
867
884
885
871
923
916
929
918
914
944
919
938
932
919
921
922
915
898
938
911
885
868
922
923
929
915
897
926
908
907
924
918
908
919
908
928
913
887
902
910
943
924
929
928
939
921
931
912
932
923
922
927
907
941
884
889
880
853
872
894
879
862
888
865
881
890
868
893
850
869
870
872
858
900
886
881
769
882
805
851
822
839
870
788
747
881
874
857
855
881
853
875
871
843
857
863
863
898
867
879
879
892
876
871
858
868
864
831
866
855
833
846
841
819
814
838
824
806
792
813
799
799
807
814
810
797
746
749
735
753
755
780
779
786
803
800
816
802
809
816
793
817
790
816
791
802
798
793
789
787
770
787
768
789
783
793
774
793
781
797
776
800
804
796
810
807
787
812
814
803
814
805
817
803
812
802
806
806
789
804
787
803
785
802
770
772
803
803
805
798
784
802
782
798
781
801
785
805
788
809
792
800
811
811
792
811
793
814
796
782
811
795
810
793
811
792
809
795
790
807
804
785
775
792
782
791
791
805
777
800
790
798
798
791
790
791
819
800
813
796
834
825
826
835
826
836
845
819
832
812
6146
6141
6127
6109
6101
6057
6037
6066
6083
6011
6030
6093
6082
6085
6074
6082
6080
6070
6077
6064
6075
6068
6064
6077
6065
6053
6065
6048
6054
6043
6042
6028
6036
6018
6026
6006
5997
6015
6005
5958
5968
5950
5960
5956
5945
5932
5945
5936
5928
603
553
531
528
546
545
546
563
558
558
577
577
589
573
577
588
587
572
563
573
555
540
562
564
555
561
544
556
553
551
506
514
493
471
432
406
399
379
388
367
449
456
346
494
312
326
436
292
306
415
527
476
358
351
334
553
281
536
426
450
456
458
450
462
448
448
453
447
451
455
447
447
418
438
431
439
432
442
431
624
568
521
533
531
546
547
560
560
578
578
593
593
591
613
613
629
628
643
633
642
655
655
653
680
679
696
696
705
688
711
712
695
713
701
710
702
699
707
699
712
688
698
702
700
709
696
703
466
704
459
473
447
465
454
464
462
465
464
443
453
464
464
459
456
476
463
450
445
451
452
454
466
454
468
463
453
454
448
457
456
463
441
448
438
448
446
430
455
441
449
448
432
450
445
453
454
475
462
457
461
467
480
465
475
469
477
473
484
483
478
481
486
484
470
477
481
469
495
483
497
484
490
494
493
491
493
487
494
486
496
499
507
520
518
525
515
515
527
530
530
532
529
526
533
530
510
518
515
508
523
525
518
516
529
519
513
518
512
520
529
519
514
517
509
513
520
513
527
525
518
529
502
524
514
526
519
516
533
523
527
505
534
526
525
511
526
513
520
510
513
508
510
495
503
508
507
508
511
501
515
502
503
517
512
504
513
507
513
523
524
517
524
525
535
524
517
528
506
520
517
519
526
534
528
524
530
528
538
525
536
528
522
536
522
531
519
530
521
523
527
538
525
529
529
541
525
535
537
517
528
523
528
520
526
526
504
512
512
499
504
511
511
502
512
505
513
501
519
507
514
509
518
511
519
509
520
510
520
516
503
513
517
512
521
525
515
528
525
520
524
531
538
535
524
538
536
550
542
543
562
563
565
552
571
563
566
538
506
555
500
517
572
544
527
497
552
544
532
556
542
556
543
550
541
543
556
540
554
529
530
538
548
533
548
545
537
544
533
533
543
524
543
537
536
532
537
530
534
511
532
519
519
508
523
513
510
506
506
496
498
509
522
522
536
509
529
528
527
539
531
521
531
539
525
531
540
544
542
542
528
541
542
551
553
555
544
483
553
494
555
536
493
511
526
514
509
529
524
526
525
542
530
531
511
458
464
455
453
446
448
436
434
426
424
421
406
404
405
390
381
378
377
368
359
357
349
347
303
309
501
471
268
257
214
276
482
268
257
318
252
245
233
222
277
213
277
258
470
340
331
490
523
3
5
15
9
23
11
97
91
77
77
78
81
70
84
77
81
77
96
79
79
75
76
75
79
70
79
78
79
78
72
66
80
71
74
196
160
220
239
145
152
152
168
168
189
189
208
207
220
220
242
242
260
260
280
281
299
299
310
308
306
317
316
324
324
347
346
367
366
387
386
387
408
409
407
413
410
411
408
465
465
484
483
502
503
522
520
532
535
526
542
533
553
537
540
543
550
552
543
551
541
545
541
543
537
553
540
557
547
549
545
553
545
555
552
548
547
540
536
551
535
534
538
546
537
536
535
543
536
543
543
549
560
563
552
567
565
547
570
563
554
543
554
554
561
552
560
549
563
555
562
552
560
565
549
566
554
559
571
559
570
578
566
579
567
582
571
582
570
578
593
580
583
592
583
592
584
589
599
592
604
601
585
599
562
568
591
585
596
589
593
563
584
564
585
552
570
560
568
559
562
569
576
558
563
557
571
552
537
570
555
555
542
554
541
555
542
554
542
551
543
554
538
540
551
536
546
549
529
533
525
532
525
528
521
533
536
527
535
538
538
543
554
541
544
554
560
561
556
571
559
576
552
563
570
568
558
561
575
552
565
557
571
566
566
561
550
571
556
556
568
572
560
555
565
579
580
568
568
587
585
569
575
567
573
574
562
576
577
564
579
571
571
580
561
550
577
568
555
566
570
564
552
562
548
534
570
539
556
548
530
525
551
544
544
550
547
544
533
547
544
546
542
539
552
540
550
531
536
549
541
528
544
533
550
537
541
551
552
544
547
540
550
541
537
556
538
554
546
550
552
549
547
556
556
568
570
552
524
539
533
548
545
579
566
574
574
568
584
570
576
569
577
572
563
553
580
565
570
570
579
555
563
569
561
571
559
576
588
580
593
588
577
590
571
588
572
573
582
576
598
587
590
575
595
590
597
600
601
611
603
584
622
591
577
575
579
571
585
567
588
573
561
552
576
569
581
572
572
574
556
580
568
574
562
573
531
539
548
546
542
537
538
541
528
532
542
531
540
530
537
536
541
552
527
540
527
536
526
529
521
517
535
532
517
524
525
540
529
537
533
526
527
545
551
548
554
543
545
559
559
553
563
540
560
552
559
585
566
573
564
566
561
577
572
579
570
573
567
577
563
569
569
573
560
571
560
561
569
553
551
558
572
562
567
568
579
564
570
559
565
559
568
558
566
559
553
566
563
553
541
560
553
560
552
564
548
553
541
553
552
562
543
554
541
553
542
546
535
553
542
551
539
552
526
547
540
550
537
557
548
562
543
556
551
560
549
557
550
561
548
561
546
557
545
555
553
555
555
547
558
540
562
554
564
550
543
547
559
550
563
563
551
559
565
566
564
579
576
571
566
575
564
564
579
574
561
571
564
567
570
570
556
564
556
564
552
563
552
551
564
563
552
563
550
565
549
554
547
563
544
552
542
9526
9540
9553
9543
9570
9561
9568
9562
9566
9573
9569
9554
9547
9561
9559
9553
9562
9560
9546
9559
9565
9547
9559
9536
9564
9559
9566
9562
9569
9558
9562
9569
9560
9547
9566
9565
9552
9570
9558
9558
9564
9569
9558
9564
9571
9562
9574
9574
9562
550
9577
576
564
546
550
556
537
541
529
523
533
528
539
530
533
531
522
516
521
536
539
535
532
524
520
505
526
513
522
511
512
521
520
518
519
513
526
507
512
509
513
498
511
489
500
493
497
499
497
501
489
497
500
491
509
499
508
505
514
511
519
519
515
527
498
512
528
518
528
527
531
525
539
545
538
529
544
555
549
562
564
556
565
554
563
565
558
561
569
569
560
571
557
552
569
564
560
574
563
556
542
559
553
545
563
504
541
531
554
519
527
516
542
521
520
518
519
527
512
518
531
519
528
515
506
515
508
497
484
499
491
484
495
484
484
482
494
477
487
497
469
498
482
470
480
490
484
493
477
494
491
485
485
491
504
487
492
493
489
496
485
483
483
490
497
503
487
488
479
473
492
471
484
481
486
489
481
485
468
479
378
360
315
466
438
453
347
450
425
339
401
397
313
303
272
386
249
435
367
364
331
305
283
427
250
361
313
267
475
393
397
410
424
430
423
437
433
422
439
435
437
423
445
433
423
414
423
367
366
304
303
271
317
284
292
298
298
318
319
334
338
338
354
354
372
373
389
381
387
407
406
418
418
434
435
446
423
444
294
443
419
406
389
380
359
443
358
444
336
339
441
307
431
278
369
345
290
438
447
392
326
273
424
448
447
455
446
452
436
440
447
434
444
442
433
443
442
421
422
440
432
426
434
438
420
321
334
402
307
307
306
306
333
334
348
349
352
350
350
390
390
406
406
421
431
430
446
442
444
457
458
472
472
464
485
476
481
485
490
485
488
470
478
483
461
488
487
492
495
486
495
497
498
485
487
498
489
498
498
501
504
493
496
483
491
465
476
475
476
510
519
510
519
523
512
522
515
516
511
531
527
536
523
535
531
520
528
503
511
524
533
505
519
545
525
535
535
538
545
535
546
545
539
541
549
560
555
555
538
543
550
546
560
559
555
562
557
570
537
568
556
541
544
552
534
548
542
552
541
544
529
510
521
531
527
529
537
530
517
534
533
524
508
517
529
514
514
531
518
504
522
528
505
474
408
369
285
492
478
533
489
334
333
382
331
306
429
419
304
517
401
372
448
311
432
396
475
288
352
443
443
443
436
436
492
483
493
483
490
485
489
494
496
488
497
479
489
503
495
481
477
323
363
491
450
346
347
366
365
389
388
406
406
423
423
435
445
446
463
463
482
481
494
493
487
510
496
497
511
525
524
543
542
561
554
562
559
561
568
565
556
562
547
563
573
566
562
572
560
562
580
581
552
566
565
568
577
555
566
566
577
582
572
586
574
589
568
576
582
575
581
579
584
578
587
579
593
586
586
598
604
587
583
598
586
598
583
591
575
587
590
599
573
592
584
585
574
575
586
581
572
525
547
440
394
387
462
456
294
533
364
358
351
378
335
414
289
542
337
407
496
484
474
522
317
304
276
267
425
261
562
514
421
477
470
480
471
483
481
486
476
481
479
479
480
473
469
483
477
420
366
381
381
363
363
379
380
375
373
388
385
399
397
411
421
421
438
439
455
454
471
470
490
491
506
505
521
521
538
538
555
554
569
562
573
562
578
560
571
558
558
565
567
559
571
558
562
576
565
560
565
552
560
543
548
542
532
547
536
535
545
547
534
527
541
552
532
543
544
539
545
531
545
534
544
538
538
541
544
524
539
526
529
543
535
536
550
537
547
535
548
543
551
548
529
520
542
543
536
527
533
541
537
525
538
528
539
521
531
538
538
531
540
529
533
533
546
534
546
534
548
543
546
549
540
543
530
556
537
549
546
550
556
568
550
562
536
534
544
537
545
550
533
541
550
542
535
547
545
546
539
546
528
537
533
544
540
543
543
541
546
539
542
549
545
556
550
561
549
548
551
542
545
535
529
533
542
542
529
521
528
521
540
527
533
532
530
531
523
530
528
527
524
524
503
515
515
504
508
518
513
514
518
498
518
509
516
496
505
509
505
510
509
500
510
487
488
489
500
478
489
494
499
501
509
507
488
498
489
495
495
512
499
512
500
517
505
520
507
506
517
520
510
520
523
529
531
509
537
523
523
519
520
514
530
519
516
532
534
533
540
530
540
537
540
528
536
537
533
545
539
531
541
531
548
535
537
546
549
546
545
537
537
549
547
524
532
540
534
543
541
541
539
542
534
543
540
544
529
546
538
556
543
537
551
542
553
557
541
555
539
556
539
549
539
549
538
547
536
542
534
552
537
549
537
550
540
560
542
543
560
539
543
551
548
542
540
552
552
541
559
544
553
545
554
542
559
543
556
543
560
544
557
547
566
545
543
554
550
542
551
538
554
540
534
527
547
546
544
549
541
541
548
544
539
522
541
527
537
524
535
505
503
521
534
532
531
536
534
527
533
525
526
525
506
513
528
502
512
521
520
518
512
519
507
515
509
499
515
523
501
509
508
497
512
490
513
499
499
509
512
495
508
496
511
493
502
504
504
467
499
485
488
488
498
485
493
481
492
484
481
473
488
487
482
493
478
485
491
496
476
483
479
485
490
488
488
467
462
475
478
478
483
481
495
500
503
502
502
510
484
495
494
501
497
483
493
485
497
489
475
509
506
511
519
507
523
519
528
519
529
531
543
517
525
529
520
530
519
526
520
529
522
517
523
516
522
509
514
526
521
514
506
522
498
511
519
509
518
500
517
510
515
515
506
518
511
497
514
495
516
477
494
470
494
485
478
488
478
481
475
473
481
471
467
477
475
479
477
481
481
484
479
478
486
476
468
476
486
483
489
467
461
487
471
480
485
487
484
490
480
468
492
493
507
494
506
491
509
499
498
488
494
499
499
509
503
498
504
497
505
499
497
492
503
497
488
503
497
513
511
503
495
505
509
506
509
494
485
516
499
491
503
497
487
503
503
498
498
502
497
489
493
502
504
493
508
503
503
503
516
510
499
490
524
481
508
501
515
500
509
515
509
518
509
521
512
497
497
506
490
496
501
475
491
491
500
493
510
509
510
504
514
513
515
506
513
502
511
497
505
520
509
507
524
518
506
520
505
498
512
490
508
511
506
505
518
508
514
517
518
508
519
510
520
502
520
519
515
519
527
527
540
530
539
516
522
510
521
523
501
528
514
501
476
524
467
457
504
485
490
499
488
502
498
500
489
497
499
512
505
517
503
511
500
509
499
509
503
513
500
501
510
508
502
511
504
511
518
507
528
524
510
527
517
530
523
526
522
525
537
503
529
525
528
503
517
517
537
536
537
546
553
554
551
534
552
519
548
545
542
537
539
539
537
540
527
517
535
534
523
533
532
523
536
523
524
536
540
523
515
527
518
520
522
521
513
518
511
496
508
520
497
507
520
493
512
505
500
506
498
478
494
498
500
493
490
490
508
508
507
477
469
493
491
500
505
510
508
508
504
517
497
513
500
515
501
511
502
521
509
500
507
483
490
508
514
518
503
515
508
496
521
507
521
520
498
496
525
523
529
510
495
518
518
510
516
509
521
506
503
498
497
515
516
534
522
527
534
528
535
527
535
523
534
531
518
519
523
518
530
512
528
508
510
511
520
523
528
530
542
510
525
535
520
536
505
518
517
525
528
521
533
534
541
535
535
543
539
525
540
526
526
542
530
523
539
522
533
523
535
528
547
532
532
543
544
532
547
528
538
531
540
532
534
534
535
525
543
531
520
539
536
529
543
530
546
536
553
531
540
542
541
533
534
542
541
538
539
533
519
542
527
533
526
528
535
521
511
524
535
502
511
519
445
492
485
472
501
431
506
468
499
453
501
500
498
506
498
507
509
511
493
486
495
499
476
473
490
497
484
496
491
504
492
501
492
501
492
489
489
501
489
470
483
490
497
481
506
497
494
501
503
500
506
511
510
479
510
462
462
477
475
475
477
474
503
489
488
489
501
499
494
484
491
488
504
504
509
486
505
519
495
481
488
497
491
502
491
496
497
491
507
508
526
502
507
507
513
501
507
515
518
511
521
505
521
511
524
515
486
486
511
522
512
518
518
508
530
528
536
536
545
535
516
539
521
523
519
523
510
532
528
517
517
527
516
507
520
511
518
505
513
499
507
496
500
511
507
493
499
509
508
497
500
507
490
504
500
471
491
475
465
474
493
493
486
495
500
497
476
490
482
493
489
491
492
499
492
487
494
487
487
494
495
490
489
488
496
496
491
495
495
505
507
497
517
506
499
510
496
494
503
486
494
505
497
490
495
486
483
498
511
480
475
499
492
498
500
494
499
507
490
508
497
498
512
506
506
502
512
500
510
518
506
519
494
512
512
517
513
516
492
519
498
530
522
527
525
524
515
529
527
530
527
534
530
541
530
531
529
538
534
518
539
533
537
534
540
528
536
525
537
528
525
524
520
517
532
521
540
530
535
543
543
543
541
561
543
536
542
537
551
523
539
521
536
528
536
529
520
536
526
538
526
537
525
531
537
534
530
519
525
519
524
513
506
525
518
526
524
506
520
510
524
524
522
522
522
507
503
511
502
517
500
504
497
507
501
499
510
512
497
496
503
505
489
492
502
498
492
499
477
495
347
440
467
417
419
483
383
383
376
449
332
361
442
332
322
432
293
406
357
323
459
480
312
379
461
471
467
468
457
473
464
457
464
459
448
461
442
446
453
453
461
457
455
453
458
452
454
442
436
442
435
354
371
369
384
383
398
397
393
371
392
389
386
388
414
414
429
430
438
428
439
468
468
478
454
471
481
461
485
476
485
474
482
491
496
487
482
484
499
482
478
485
472
484
485
474
483
492
498
481
486
476
481
485
478
485
480
487
492
486
488
483
494
494
487
494
498
496
512
505
520
491
499
505
497
502
498
514
508
513
488
495
484
506
508
504
488
508
500
512
508
518
510
520
511
514
517
507
501
513
501
525
507
517
510
522
508
506
498
490
495
511
504
517
502
508
499
504
498
505
486
494
465
485
431
313
450
378
396
363
462
358
431
336
410
325
493
313
302
404
300
444
477
345
340
404
397
433
289
419
454
453
443
439
445
444
450
460
447
460
433
456
444
450
438
445
433
439
429
417
440
439
388
390
450
336
313
322
322
337
337
335
360
359
351
351
388
388
406
407
423
421
424
448
448
464
464
480
480
498
497
503
501
508
493
487
500
507
509
500
490
506
506
491
502
494
503
517
506
488
507
500
490
509
491
501
490
491
473
483
494
493
489
473
479
479
483
471
472
479
457
451
471
484
474
473
484
450
479
470
458
475
468
478
471
475
416
460
424
323
257
368
353
429
448
345
410
396
324
292
273
267
384
362
338
323
309
441
291
386
344
284
322
396
396
438
445
446
458
449
458
434
438
433
420
442
440
442
434
451
445
462
432
440
447
404
342
323
308
314
319
321
339
336
348
344
359
359
377
378
395
394
412
412
425
423
424
449
447
446
472
466
480
481
498
498
507
497
503
492
500
493
504
490
508
499
506
501
513
494
501
504
511
495
504
489
503
515
494
509
501
502
509
516
522
511
511
523
522
515
524
522
520
521
517
521
515
517
524
533
517
519
510
524
528
517
529
510
524
524
518
535
521
532
517
515
528
511
529
506
527
510
522
520
527
530
537
518
516
515
525
505
517
495
523
517
516
524
524
511
525
512
529
503
513
521
516
517
527
525
506
498
519
504
512
543
532
530
524
532
541
530
540
530
532
527
541
538
535
534
525
523
531
540
550
554
534
549
538
558
553
565
547
506
464
358
458
325
327
318
319
330
498
412
486
538
353
479
413
469
517
566
450
429
421
420
311
558
341
324
439
405
529
557
337
439
450
416
461
366
358
342
346
333
319
315
309
374
93
76
94
428
404
91
88
84
77
77
76
114
441
93
224
86
383
94
89
442
92
3
1
17
36
48
78
83
81
112
112
111
112
112
97
98
112
94
110
94
95
94
104
101
103
100
93
94
92
98
76
97
93
93
92
111
110
78
110
93
79
210
228
228
227
92
26
37
36
35
37
24
51
91
27
159
38
28
7
21
8
17
19
9
11
19
17
16
15
3
27
15
27
42
52
63
62
73
65
71
82
101
120
151
155
179
163
166
179
179
198
197
205
208
206
225
217
210
218
212
213
206
194
214
191
193
195
199
197
199
214
197
213
192
195
212
215
210
208
218
217
214
206
196
200
197
194
216
194
211
190
394
434
425
443
439
435
449
439
440
454
448
438
418
372
241
255
257
256
278
278
291
302
292
314
312
331
331
347
349
362
344
362
362
378
380
392
393
395
421
421
433
439
451
451
472
472
487
487
502
501
500
516
515
506
522
513
522
507
516
514
523
521
515
502
532
520
501
519
514
523
521
517
530
525
527
521
525
514
507
523
526
512
508
523
520
511
512
512
524
522
526
515
519
526
521
521
524
526
494
513
526
513
507
519
513
502
519
513
508
516
503
491
510
501
502
506
514
491
498
512
520
508
512
504
520
507
508
519
520
510
519
514
521
508
520
505
515
508
493
516
504
506
517
506
516
501
511
507
504
502
520
515
514
509
525
530
526
529
525
531
524
527
526
527
514
534
528
520
519
528
502
524
516
521
510
523
505
513
502
503
508
505
501
509
498
499
507
501
500
501
488
498
489
486
495
494
491
489
487
484
480
478
485
480
469
478
458
452
474
463
462
459
469
460
466
475
463
460
465
465
448
457
464
455
455
456
445
457
461
457
466
461
450
443
464
450
460
451
454
450
459
445
439
452
443
453
446
458
456
453
458
460
453
461
450
460
469
443
461
453
455
450
452
438
449
447
439
446
433
451
450
439
429
442
446
448
437
448
455
456
448
457
454
449
466
445
458
433
452
443
457
450
445
462
452
454
461
448
441
447
458
453
447
449
443
22728
22726
22734
22762
22762
22739
22626
22580
22678
22672
22671
22669
22636
22732
22716
22619
22608
22598
22691
22630
22690
22741
22742
22754
22708
22688
22680
22666
22573
22597
22576
242
52
22710
22604
22684
22673
22659
22605
22655
22648
22570
22588
272
22630
243
178
22629
53
22630
22619
22583
22701
22589
22573
22608
150
96
110
123
123
124
143
161
184
183
179
179
197
196
207
206
207
194
248
261
261
282
284
282
282
316
317
331
326
341
341
361
361
369
377
370
399
400
411
404
424
425
438
438
435
510
503
523
521
539
538
541
541
556
530
505
502
517
454
470
365
359
355
346
337
340
326
391
479
525
368
509
556
542
434
548
411
555
548
408
493
402
386
313
308
381
507
408
322
451
292
435
507
472
493
451
455
449
460
447
459
450
338
244
245
256
257
274
283
283
297
298
297
325
324
323
325
337
323
327
329
380
376
379
396
396
407
409
409
433
433
453
450
451
472
472
481
481
506
505
520
511
503
519
519
515
508
511
510
512
496
504
504
499
504
499
498
505
490
484
503
496
488
496
494
492
452
452
471
470
475
480
478
477
490
482
491
475
497
491
498
483
471
486
493
496
504
502
500
494
502
486
493
493
493
506
495
506
498
505
484
497
328
477
424
412
407
470
380
450
354
367
349
425
504
369
438
523
517
411
384
461
464
338
505
409
465
496
483
493
483
481
474
489
482
488
498
465
480
478
502
470
482
472
460
479
465
471
486
470
466
466
447
371
319
342
344
342
374
373
389
390
390
410
414
415
432
440
441
454
454
468
468
481
474
488
470
414
301
388
379
370
464
363
348
341
488
448
333
453
333
403
334
484
395
296
288
433
409
440
394
325
396
401
440
271
356
357
423
315
426
393
439
345
280
375
266
195
297
255
342
308
294
196
355
326
115
384
270
294
293
291
315
315
332
331
345
344
343
366
362
365
383
386
385
407
405
397
414
415
432
431
450
292
451
293
433
322
322
335
335
356
355
371
371
389
388
389
412
411
425
425
440
446
445
445
467
466
467
489
474
488
493
494
489
497
490
500
501
464
483
497
493
496
490
502
485
504
504
517
498
505
496
505
495
511
510
511
505
501
515
494
511
505
511
509
516
522
514
521
511
514
513
521
520
502
526
516
523
516
525
523
513
521
503
469
512
491
467
469
520
523
520
513
521
524
521
505
514
519
482
465
371
335
317
446
260
343
475
355
427
337
513
502
309
300
275
276
388
271
432
365
412
406
324
402
454
387
294
493
421
424
445
446
452
452
454
452
454
447
463
453
463
459
472
466
478
471
407
474
299
298
312
318
320
336
350
335
350
385
385
411
412
433
431
430
433
433
431
471
486
484
505
503
513
518
532
532
550
548
568
568
587
571
583
571
590
583
565
576
560
546
589
577
561
582
572
565
580
580
584
567
573
569
584
547
577
539
569
561
568
550
560
537
526
553
537
538
538
566
551
557
550
557
550
565
551
555
561
555
545
562
557
548
557
547
558
546
553
551
563
562
584
562
562
573
554
553
563
581
563
572
581
569
554
572
586
578
559
572
575
557
565
584
572
600
589
605
570
577
587
591
584
568
586
575
591
576
592
575
574
574
583
578
584
583
587
596
569
580
572
558
583
553
565
559
567
567
565
532
545
550
548
551
542
549
547
524
551
542
522
544
526
511
502
525
509
506
516
506
506
518
505
513
521
522
510
514
510
510
515
505
504
511
517
518
506
500
507
515
519
517
526
525
531
525
535
536
521
501
502
539
527
538
530
539
534
538
531
537
540
542
546
539
559
538
557
543
539
553
578
558
547
563
554
562
544
555
564
564
554
566
563
567
578
563
577
554
564
545
573
570
563
567
561
553
559
577
552
557
547
558
544
549
560
567
565
555
564
554
553
538
559
555
548
540
525
520
527
517
535
537
540
514
527
528
536
524
538
523
529
520
538
516
527
507
510
522
519
498
508
501
510
503
519
509
500
492
496
504
507
483
490
481
469
461
496
492
480
488
486
464
486
487
475
488
482
465
421
274
428
407
350
478
358
489
429
423
318
300
288
457
397
381
368
348
318
312
448
293
472
390
333
428
435
425
438
428
443
435
448
441
413
446
433
449
450
466
465
484
472
466
476
472
464
479
470
488
453
403
404
386
372
390
389
411
411
432
432
453
454
475
475
493
493
513
513
535
536
550
550
578
572
590
583
598
583
593
582
597
583
598
597
606
584
587
579
591
589
593
598
588
600
586
585
603
603
588
597
586
597
583
583
591
592
580
594
581
602
580
576
588
576
571
592
583
574
583
578
589
571
578
566
578
574
576
564
576
571
576
571
577
575
557
575
547
571
573
559
573
561
577
568
579
596
577
597
578
591
589
599
577
585
595
588
587
603
584
576
599
597
594
596
580
589
596
599
587
576
593
602
586
604
587
597
585
598
584
574
588
569
577
568
573
570
560
569
558
568
554
560
561
554
511
505
483
433
401
542
473
372
353
329
465
349
289
491
442
269
419
481
391
417
368
318
524
289
281
309
383
265
542
447
467
462
465
475
479
469
473
473
486
475
473
490
492
490
494
491
499
416
413
476
488
302
414
352
335
351
361
362
374
382
383
380
373
397
398
422
423
438
439
453
452
463
461
480
478
476
514
514
531
519
532
519
530
456
497
511
521
490
471
477
505
515
507
518
506
499
491
508
507
496
504
506
513
504
523
519
535
526
541
549
540
550
544
554
552
546
535
537
528
544
557
549
547
564
551
521
563
484
472
421
420
449
499
537
509
540
506
508
514
515
516
534
523
515
520
517
525
528
524
537
525
531
539
538
519
526
531
516
515
526
509
525
514
509
520
515
521
521
519
527
513
519
496
515
501
516
460
462
480
480
500
501
521
520
520
544
538
518
536
520
552
509
555
545
566
562
562
556
562
555
560
570
568
559
561
566
568
558
571
571
564
581
567
580
570
570
581
565
566
574
564
566
579
575
564
573
560
572
560
572
550
544
540
543
558
521
555
549
559
569
567
583
544
554
531
556
547
556
543
546
541
550
556
537
549
541
538
552
554
544
547
541
543
537
542
541
536
547
552
536
548
537
546
537
552
547
548
543
548
543
549
522
536
535
553
552
549
505
483
455
558
494
573
523
514
448
418
431
503
469
537
473
441
526
522
528
522
528
496
509
515
508
529
522
515
529
523
529
537
546
548
553
542
555
546
555
548
560
548
561
548
552
544
537
541
556
527
445
455
454
474
474
490
490
508
509
526
526
543
543
563
562
579
572
581
570
576
570
560
566
554
562
571
561
538
575
548
567
559
548
545
554
549
537
525
545
538
547
520
534
540
543
527
527
543
534
536
532
519
539
528
532
526
543
528
535
529
534
538
543
537
550
542
552
545
545
555
532
550
551
545
560
553
569
536
561
552
546
548
544
551
542
552
535
547
533
544
537
549
551
557
550
548
563
540
555
546
521
503
545
544
491
515
542
523
555
548
550
540
532
545
531
544
540
534
526
542
512
523
507
506
534
525
534
515
530
533
531
523
535
524
536
529
517
529
517
532
521
531
519
522
512
510
524
519
501
504
488
506
493
474
489
488
501
491
500
509
511
502
493
492
505
483
499
488
499
478
488
497
491
487
500
506
481
474
477
481
498
433
507
445
457
446
481
480
492
481
491
478
483
467
493
491
498
494
493
503
511
488
503
491
505
494
499
504
504
510
508
514
517
513
508
487
492
507
515
523
518
519
502
514
504
517
476
502
501
506
500
518
517
530
503
520
530
521
514
536
544
530
553
539
557
541
548
551
549
555
553
544
554
542
557
551
570
552
544
549
554
539
529
516
515
535
536
541
543
543
537
535
542
529
524
544
539
527
509
515
528
527
515
519
500
495
512
512
526
518
530
521
521
513
519
505
514
496
499
510
502
516
501
496
508
482
496
491
484
502
495
496
513
511
499
493
508
499
501
492
501
498
511
509
506
488
500
489
497
471
501
504
505
519
507
510
516
495
504
510
516
513
512
509
516
508
530
523
507
531
520
509
535
541
554
547
568
555
516
502
461
444
375
521
435
481
433
427
499
490
383
531
368
562
342
357
333
544
398
394
499
480
332
555
424
459
551
465
482
497
495
506
517
508
515
502
502
505
490
481
479
492
465
487
468
476
467
463
405
326
350
350
307
327
322
321
336
335
355
364
364
387
386
408
408
421
420
433
431
446
445
448
471
472
495
494
515
516
524
523
530
534
539
516
505
527
530
508
537
558
555
558
551
533
543
542
544
554
573
570
570
562
578
570
574
586
568
565
567
574
558
568
564
547
561
570
570
572
563
575
567
581
571
577
569
587
569
573
572
571
581
586
572
587
585
590
568
582
584
576
585
588
575
572
584
582
585
560
599
565
578
565
563
549
521
497
480
403
396
389
376
374
544
451
564
423
409
489
574
349
536
336
473
324
507
318
515
306
290
430
272
364
360
342
460
443
295
280
392
391
413
395
393
337
51
85
311
72
71
61
371
60
187
379
302
49
357
296
353
81
70
62
51
109
85
307
52
192
234
248
84
84
84
72
67
134
78
79
83
77
76
101
73
85
71
69
70
204
67
83
79
73
71
83
84
85
84
73
195
218
233
257
220
145
174
183
170
181
182
198
192
209
212
198
228
226
247
247
263
261
270
279
279
287
295
304
303
303
304
335
336
323
352
352
371
370
383
392
385
400
397
392
393
424
424
440
444
443
458
460
477
478
494
494
512
369
311
495
464
411
381
382
360
397
433
352
314
479
470
311
301
422
467
450
342
506
490
413
449
333
425
440
457
466
470
463
467
478
471
466
480
476
471
463
468
461
450
448
454
458
448
452
461
463
461
305
359
319
424
336
337
355
354
368
371
362
367
369
394
393
409
409
421
421
436
426
433
449
451
449
448
450
470
470
471
477
474
465
457
471
455
466
457
469
471
472
486
476
476
473
493
486
482
490
485
483
474
498
496
479
477
475
474
478
488
481
480
474
487
476
489
486
492
493
478
493
485
490
484
487
517
517
524
519
525
532
520
529
540
525
533
527
516
534
530
528
513
530
524
519
516
514
528
519
531
516
531
509
512
531
523
521
527
535
523
535
536
534
521
534
533
513
519
529
519
499
497
498
523
438
497
346
330
458
365
516
448
336
322
419
306
412
273
489
453
389
477
378
365
465
306
428
285
414
269
397
357
289
419
463
429
431
434
447
436
420
427
415
433
416
438
430
436
427
419
425
435
386
383
401
402
426
402
442
327
368
331
426
374
372
387
388
406
398
404
405
417
405
411
411
416
413
397
416
368
404
361
356
329
406
415
314
300
287
394
374
361
332
315
404
295
279
396
417
324
411
452
468
466
485
471
484
484
479
473
483
461
454
473
466
462
458
468
467
461
334
402
461
357
358
373
326
327
340
339
352
353
366
365
381
380
396
396
413
414
421
430
428
449
450
470
471
488
488
505
505
516
521
506
527
515
519
513
523
515
527
520
531
519
512
490
486
408
376
480
309
506
466
386
523
442
478
505
420
317
425
292
290
284
396
350
344
330
326
452
409
360
435
365
437
474
466
469
463
470
461
472
467
455
462
476
468
467
462
467
449
458
459
452
407
406
349
313
327
312
330
330
350
350
373
372
391
391
410
410
422
424
426
420
452
452
440
438
449
448
491
438
491
489
521
515
522
510
518
525
518
512
518
520
497
503
515
513
521
521
524
473
451
411
390
456
486
512
378
340
508
326
318
295
273
467
431
396
275
309
272
501
270
255
365
349
333
448
458
432
484
481
370
255
496
488
489
495
497
490
487
486
481
506
500
516
509
515
498
507
457
403
417
458
429
403
451
430
464
461
463
482
504
502
522
521
536
536
551
568
561
567
560
550
604
602
620
619
631
635
648
570
553
562
558
544
557
548
554
560
569
544
561
548
543
548
544
516
502
492
536
529
510
517
544
530
526
539
530
522
535
515
528
492
507
516
499
492
509
526
518
533
525
532
506
507
513
512
505
504
513
503
515
504
516
509
505
516
503
506
510
514
505
508
518
516
498
463
489
490
504
512
513
518
525
519
531
506
526
510
519
532
522
508
519
515
514
513
543
516
531
505
517
525
514
527
517
528
521
532
523
539
540
526
528
534
542
526
534
526
536
545
549
534
538
531
546
545
528
516
537
520
528
531
538
532
545
534
542
541
542
563
553
542
558
560
564
539
548
550
540
542
541
553
545
551
554
554
544
541
554
530
538
549
546
537
549
542
548
541
537
546
541
543
524
546
537
546
536
543
552
551
537
535
553
529
536
541
532
526
532
525
516
532
531
514
520
532
529
537
530
533
528
525
533
529
517
510
508
513
530
514
529
513
525
523
526
515
528
520
531
515
532
514
527
517
517
526
519
525
530
516
511
525
516
528
520
530
526
528
526
512
531
526
532
538
531
531
509
492
511
381
357
348
342
338
334
332
328
329
317
310
310
302
297
294
285
282
279
278
266
257
255
247
246
242
234
229
222
217
211
204
402
393
366
518
481
453
419
476
445
412
474
461
455
359
443
5
20
8
6
16
18
5
6
19
31
21
33
42
51
50
65
94
106
118
102
109
102
93
94
92
91
100
94
87
90
79
107
80
99
95
74
110
72
92
88
95
85
78
74
117
91
73
205
227
227
96
62
47
42
42
99
41
41
40
165
65
221
41
61
221
65
41
49
45
221
5
3
11
25
35
43
45
60
67
83
106
121
152
147
175
178
180
189
175
199
173
198
182
214
215
217
234
231
232
251
256
255
256
256
256
295
307
308
321
327
331
326
350
350
362
362
380
394
393
394
394
381
425
424
433
440
433
441
464
462
480
482
492
471
455
469
480
480
474
480
469
474
463
448
469
469
468
466
469
469
470
468
480
465
464
477
473
464
22251
22256
22241
22242
22249
22261
22258
22262
22278
22275
22270
22287
22275
22279
22233
22265
22273
22252
22259
22218
22162
22234
22211
22181
22197
22176
22169
22263
22246
22191
22229
22271
22226
22272
22273
22283
22275
22291
22277
22287
22277
22278
22294
22291
22278
22294
22289
22306
22295
528
493
510
519
514
494
494
517
514
513
493
498
513
513
500
492
492
502
502
480
501
450
443
453
449
448
435
449
452
443
434
486
486
495
496
514
508
513
505
510
510
531
517
518
522
514
515
507
497
501
485
499
498
496
499
492
500
482
500
487
497
479
493
494
489
496
494
500
497
454
451
473
492
489
469
505
506
501
523
523
538
547
551
546
556
551
555
566
567
556
567
572
552
561
581
580
594
590
596
589
598
585
582
593
602
596
583
600
591
597
583
583
595
593
579
591
580
591
583
590
537
557
542
559
559
571
562
567
558
576
555
561
550
561
546
546
537
537
547
549
533
525
497
520
514
497
507
504
504
517
513
500
511
505
513
507
514
516
507
498
517
499
517
512
524
514
525
513
512
522
498
511
503
514
508
510
501
515
505
512
494
504
498
503
517
505
515
505
494
512
517
522
502
521
516
519
523
511
526
510
503
517
496
505
515
494
505
510
500
503
513
511
494
516
503
495
499
508
511
509
498
509
501
509
502
512
511
519
502
514
507
519
512
528
508
519
510
505
505
501
510
511
515
516
513
515
504
502
509
508
520
503
505
522
524
523
508
519
522
524
521
514
525
525
515
502
516
515
523
521
532
525
540
526
513
528
521
528
532
519
532
521
538
522
521
521
524
522
528
534
532
523
526
522
525
526
524
526
520
533
519
516
535
528
526
529
531
521
534
525
533
538
524
542
532
531
543
531
542
541
519
538
516
533
519
532
540
530
537
530
548
530
520
531
543
540
553
531
535
540
536
546
541
552
544
551
533
545
552
544
560
544
562
544
554
541
548
540
536
543
539
556
550
536
545
532
544
528
522
525
519
539
540
538
531
528
529
522
520
516
513
514
512
520
517
503
516
504
502
494
515
503
513
496
505
481
448
423
495
466
479
428
463
432
462
480
488
470
488
486
483
484
481
484
482
480
484
481
468
481
475
490
493
481
498
490
476
499
490
499
508
493
495
502
495
501
508
501
512
512
502
513
513
507
506
505
493
462
491
490
489
508
508
521
522
515
527
527
530
536
534
526
541
531
541
521
519
532
546
527
551
542
548
544
555
550
559
552
541
562
548
549
552
560
552
551
570
564
552
560
550
551
561
566
556
572
570
555
548
558
562
566
579
579
561
569
586
575
569
589
574
571
564
584
583
587
588
584
598
589
588
574
595
594
593
590
589
603
587
600
590
595
586
604
595
590
594
584
596
592
602
595
599
586
597
583
595
586
606
595
602
588
590
588
595
583
590
595
588
605
600
591
611
597
609
599
600
593
583
601
587
600
586
597
583
587
594
586
593
575
586
577
568
578
593
590
581
590
578
576
591
585
577
591
577
590
576
568
583
576
564
572
567
565
566
551
573
540
565
555
560
558
561
558
568
557
563
561
561
554
568
554
575
556
553
566
544
547
560
562
553
571
553
555
520
541
562
542
541
554
551
528
525
540
556
544
555
549
549
542
555
547
553
566
551
551
548
552
556
562
573
575
562
566
553
548
567
557
572
555
531
520
522
542
572
557
555
535
533
556
562
543
535
533
549
547
550
549
565
563
549
576
578
566
556
552
550
562
546
564
549
565
544
537
541
548
559
553
536
549
552
534
544
536
541
521
540
541
538
534
533
537
535
524
506
526
518
513
503
521
505
494
514
511
514
515
521
473
499
488
496
513
463
452
454
513
502
506
498
518
507
516
513
526
508
514
506
507
517
499
517
505
501
505
500
492
495
507
477
508
496
492
492
493
508
508
524
501
514
508
526
518
519
509
507
449
489
486
462
513
486
483
498
497
512
504
518
502
497
510
465
494
484
478
501
500
488
500
490
481
496
497
496
492
505
504
506
512
510
496
524
505
498
494
489
494
495
492
484
474
495
487
490
493
497
496
498
477
489
489
488
486
495
498
503
507
496
503
493
497
490
485
491
491
500
506
503
496
511
501
500
509
493
513
504
506
504
512
516
512
523
528
530
528
519
536
523
538
525
533
531
527
536
535
525
542
539
544
538
538
543
557
547
541
541
544
547
550
539
550
538
552
550
534
538
554
547
545
560
556
549
557
548
555
553
552
533
551
550
544
525
528
535
554
541
555
547
545
551
539
547
545
541
525
490
472
450
399
503
336
331
394
385
368
429
355
503
443
412
483
314
494
294
282
277
393
365
536
417
321
445
342
460
301
435
439
446
430
451
432
448
430
435
429
433
426
415
424
434
421
431
429
347
297
299
315
266
280
280
293
293
295
321
320
334
335
354
354
372
370
370
369
369
371
372
372
372
439
440
462
462
477
477
492
488
494
492
498
492
502
494
504
492
502
492
495
502
503
502
506
503
507
502
505
498
503
493
497
505
493
499
512
497
503
501
490
493
516
490
465
492
482
464
462
492
492
510
516
505
509
513
510
516
520
518
508
518
500
519
507
504
492
511
512
501
511
501
495
508
497
508
507
504
507
495
509
511
511
498
508
504
498
502
496
496
505
504
500
494
496
488
492
500
513
499
502
499
472
497
476
488
490
492
490
488
486
479
494
479
497
492
482
507
502
511
503
517
507
516
507
519
509
524
515
533
515
532
518
533
525
531
515
521
534
529
533
540
542
543
540
553
537
532
546
535
547
544
551
526
533
556
549
547
557
561
553
531
560
546
506
521
543
538
545
549
552
529
544
544
539
552
537
550
543
548
541
551
544
542
549
535
551
544
560
547
539
547
557
543
535
550
554
543
539
551
548
542
547
539
551
539
556
545
548
535
556
546
567
554
553
565
570
570
560
574
555
572
562
562
548
541
565
553
570
556
572
554
576
558
569
563
572
564
559
571
570
552
567
575
577
591
580
567
582
574
589
587
592
599
592
569
588
578
592
568
555
564
561
553
567
564
562
564
553
561
553
561
559
564
542
537
561
553
559
552
532
547
554
550
538
527
535
525
512
540
533
545
529
525
535
535
528
517
532
529
508
510
525
522
518
520
525
532
526
538
523
541
535
537
541
537
533
540
547
547
520
511
502
463
478
544
485
536
529
466
538
547
550
535
551
553
531
541
513
552
535
531
545
543
528
553
545
547
536
549
543
520
550
531
546
538
544
536
537
545
542
535
550
543
555
549
553
552
548
531
552
521
557
518
512
533
531
549
550
571
560
554
566
564
547
534
546
535
566
556
566
553
550
518
564
547
559
556
550
561
549
558
557
553
545
556
544
554
539
551
521
537
546
537
546
543
555
548
533
546
548
544
552
543
553
542
550
543
537
545
524
534
527
546
547
545
543
561
531
541
533
514
508
525
524
530
539
534
539
530
521
531
534
539
536
523
534
532
536
540
506
521
533
544
536
529
533
526
537
533
525
530
522
533
522
530
519
530
534
535
509
482
540
506
529
510
495
536
528
524
535
537
531
543
533
539
547
544
556
545
543
553
529
492
470
550
434
374
359
416
509
263
246
251
353
339
421
313
407
480
294
262
475
387
518
454
245
339
324
303
259
532
445
277
398
499
370
465
458
467
458
466
464
466
463
469
460
467
456
468
457
389
319
335
300
314
321
312
328
324
328
355
353
374
373
393
393
408
407
409
431
432
446
448
464
464
482
486
512
511
536
550
565
535
550
577
583
585
566
595
583
596
588
595
587
566
579
584
574
581
583
574
572
578
580
570
578
566
577
571
578
567
575
565
560
573
571
555
569
570
564
545
561
568
555
551
572
561
545
520
528
544
535
527
535
516
518
531
512
517
507
499
503
495
520
514
515
521
504
511
501
514
507
511
503
508
499
507
497
503
499
490
502
494
501
502
487
498
505
497
504
501
486
499
499
468
480
489
488
495
489
497
488
506
491
501
490
500
490
498
490
507
507
498
516
509
519
513
525
512
519
487
506
482
434
399
444
340
407
373
430
347
356
414
413
460
305
301
282
289
472
272
372
364
495
330
310
450
469
317
272
389
334
412
417
425
440
448
453
446
444
440
444
437
440
404
427
421
410
438
369
312
310
288
287
300
293
293
303
304
303
329
320
329
345
345
364
363
374
389
388
406
400
417
417
431
443
451
453
441
432
439
485
485
505
505
517
520
517
524
518
530
520
532
529
521
517
529
498
510
530
516
505
514
505
518
499
510
513
513
509
503
502
502
512
501
507
500
482
511
496
506
494
497
506
507
506
507
509
512
525
497
489
510
476
491
501
476
487
495
487
481
467
486
492
487
493
491
494
492
493
493
481
506
489
482
499
500
496
492
501
490
501
497
492
502
492
487
502
470
496
487
486
489
490
482
487
495
498
480
488
488
492
492
492
498
504
508
507
505
502
500
500
512
511
486
511
499
502
502
471
454
487
482
490
496
461
498
491
497
498
496
462
447
478
489
466
496
500
494
499
493
501
499
505
495
483
491
500
503
471
465
493
491
488
482
490
479
487
477
472
458
480
487
477
496
495
486
499
501
500
485
484
498
508
503
517
505
504
506
507
492
467
503
486
494
500
491
500
507
496
501
497
494
504
498
494
507
497
509
508
501
501
500
505
482
494
479
507
511
502
514
514
498
510
509
505
499
509
496
507
494
506
501
514
507
508
519
504
526
526
535
528
548
530
541
533
531
536
544
522
518
536
544
532
532
534
520
545
528
535
540
534
538
540
549
546
546
550
559
554
534
554
557
557
541
550
542
543
555
548
555
565
547
557
544
558
541
538
552
542
534
550
532
542
531
541
533
548
532
547
532
545
542
546
545
565
551
553
549
556
545
558
550
536
563
545
546
544
541
535
541
543
549
540
546
518
531
540
548
535
545
542
539
521
539
530
531
539
546
528
546
530
544
530
547
529
544
530
541
528
542
525
541
521
538
522
538
523
533
515
508
529
524
532
530
533
534
532
534
525
538
530
534
514
532
460
461
457
448
449
435
435
421
420
408
408
397
398
384
384
372
374
362
364
351
351
337
333
324
324
312
312
301
302
296
292
280
273
264
266
497
229
240
216
471
255
506
250
480
473
518
