87
125
130
130
130
131
163
71
169
243
244
271
287
279
301
323
343
342
363
354
317
298
319
243
270
363
410
411
427
412
447
444
456
448
458
457
455
458
452
448
453
450
457
455
447
496
449
410
416
528
562
579
579
599
616
598
541
543
542
598
548
600
557
554
537
572
536
567
529
548
563
563
556
543
552
514
559
508
521
419
490
425
444
444
452
454
457
456
471
468
476
496
495
504
512
511
523
527
530
528
540
538
558
557
551
540
539
529
548
529
543
533
537
534
515
490
395
484
441
484
375
465
373
370
343
454
331
320
487
275
281
290
431
416
472
526
354
320
487
309
414
380
451
484
465
483
478
485
478
463
472
470
484
477
486
484
487
482
494
483
482
483
495
488
455
371
329
329
345
346
345
369
369
387
387
407
406
425
423
440
440
458
459
474
473
490
489
508
509
526
524
543
547
541
528
538
557
543
555
542
567
561
558
551
536
556
548
557
544
534
317
300
288
279
274
270
421
507
371
358
361
329
502
320
555
304
466
431
480
411
448
261
392
339
521
463
528
545
399
378
487
441
413
431
455
450
462
455
463
464
460
453
449
461
469
457
456
461
470
395
278
325
292
292
314
313
329
329
345
341
360
360
374
371
372
395
396
396
420
419
434
434
452
447
457
457
484
483
499
507
506
502
505
509
489
509
540
533
542
540
526
532
542
528
546
535
549
541
532
547
530
521
533
523
539
535
509
520
519
527
521
523
503
503
522
499
515
496
491
509
504
492
505
488
509
488
512
498
489
463
484
464
486
472
488
487
491
484
489
482
459
489
464
477
461
483
464
457
437
452
448
449
436
441
460
450
450
441
450
464
450
460
450
445
455
461
447
456
456
459
461
465
451
453
460
459
454
415
422
440
426
441
433
457
441
452
451
442
467
428
439
467
417
371
241
416
346
322
408
313
400
303
282
439
275
262
384
247
361
369
331
412
454
291
399
275
438
298
247
338
378
389
397
396
423
419
415
430
422
438
438
409
444
408
423
418
336
408
399
247
247
250
247
250
261
271
270
271
294
294
309
304
319
318
332
324
331
345
346
354
367
367
355
354
5095
5090
5108
5107
5124
5122
5025
5012
4946
5123
5062
5122
5036
5112
5049
5015
5005
5002
4990
5097
4970
5123
4945
5066
5123
5056
5114
5121
4972
5089
5031
5075
4972
4960
5086
5094
5127
5117
5129
5122
5121
5128
5114
5132
5112
5118
139
170
357
156
154
148
369
145
297
354
145
5111
139
188
5103
162
5091
156
146
5126
138
146
144
345
160
275
275
3429
3446
3482
3482
3505
3507
3506
3548
3550
3505
3550
3533
3532
3529
3548
3541
3586
3550
3548
3548
3535
3511
3510
3496
3495
3499
3498
3515
3516
418
409
422
421
440
441
461
461
479
477
486
485
502
493
504
503
528
528
547
546
557
559
558
583
582
547
539
570
533
538
562
557
556
573
572
588
549
570
570
590
559
538
544
537
550
554
539
551
543
558
543
555
541
555
553
546
548
546
534
545
531
541
526
541
512
532
526
529
525
524
539
533
540
529
545
532
545
547
535
549
546
553
546
557
525
558
543
523
547
550
543
530
550
543
553
550
534
543
555
541
550
538
553
547
535
542
542
552
546
523
510
481
451
415
366
519
535
418
512
553
398
355
350
490
335
299
387
302
437
496
457
330
308
376
463
301
427
546
449
465
451
467
480
482
488
487
496
495
486
465
466
480
481
478
470
477
469
428
455
469
281
428
351
282
319
324
326
342
342
333
332
363
372
372
390
388
387
388
406
406
423
424
433
434
449
449
465
476
474
492
491
512
512
516
521
504
513
514
526
516
505
533
533
518
531
521
536
529
533
541
534
533
534
552
524
541
543
533
525
524
539
541
531
521
523
553
546
548
555
560
558
547
558
548
542
547
558
550
552
535
516
528
536
531
534
542
544
542
549
544
544
539
537
546
530
541
528
518
526
519
527
524
535
523
545
530
520
519
525
521
518
519
536
534
538
516
501
478
510
491
528
513
506
513
503
510
499
497
488
509
518
516
517
543
521
534
519
523
523
529
524
518
533
520
528
527
527
523
543
541
542
531
529
520
536
337
310
451
481
385
435
384
370
361
403
503
346
517
325
288
437
485
497
466
382
334
297
418
376
459
525
431
440
466
475
485
479
488
477
487
497
492
485
469
491
493
503
482
472
489
460
433
470
467
471
483
332
332
350
350
367
368
383
382
393
372
372
371
372
383
361
382
349
349
349
357
375
314
296
318
294
389
386
277
325
368
357
360
385
342
387
372
453
420
460
391
161
158
76
413
319
301
376
297
289
401
162
159
159
283
359
393
440
359
326
388
432
236
160
401
337
160
312
286
287
316
315
333
344
344
364
363
239
324
379
193
209
209
222
223
248
249
270
269
293
294
308
308
331
330
351
351
368
369
388
400
399
418
432
419
450
450
463
464
475
468
492
493
517
518
541
542
561
562
577
564
579
579
583
569
583
582
587
569
591
590
595
588
600
598
600
598
593
598
592
585
596
581
592
566
584
575
589
586
576
577
566
578
584
588
570
586
574
572
588
579
570
588
548
556
567
570
570
560
576
570
582
581
584
580
583
580
584
569
582
579
583
578
581
571
580
569
583
576
584
577
581
573
575
576
571
579
581
577
573
581
568
578
576
569
564
563
573
563
559
567
575
559
573
563
566
541
524
489
563
389
327
286
448
432
506
404
382
368
361
338
315
295
465
276
270
408
471
484
307
527
451
429
548
295
513
344
498
485
489
498
502
487
507
495
506
504
509
498
509
503
489
506
501
442
354
506
354
506
441
400
400
420
422
390
391
404
401
389
392
425
424
441
442
471
471
495
491
512
511
530
531
551
550
548
551
548
563
576
577
560
552
570
551
554
560
553
557
552
553
562
569
552
570
562
567
579
576
563
571
579
583
568
576
565
576
567
563
541
558
575
572
576
548
559
579
561
546
559
557
557
546
546
550
544
534
536
559
552
560
536
549
559
550
553
548
547
541
557
538
536
518
511
459
443
531
425
445
479
489
503
467
496
482
482
494
474
500
482
481
483
494
485
480
463
478
470
468
480
469
480
477
472
470
443
392
378
331
318
305
300
296
299
301
304
307
307
428
389
247
250
237
232
235
229
231
204
202
437
404
362
403
417
456
379
302
295
220
275
482
262
174
188
363
265
166
309
361
217
411
457
284
324
165
205
122
176
174
203
203
224
225
193
192
205
202
194
223
220
237
237
256
256
276
275
295
295
314
316
314
331
330
349
350
367
367
385
385
385
416
415
438
438
424
424
420
408
409
393
384
385
388
386
370
371
361
359
349
340
337
333
324
312
311
303
298
287
277
275
439
209
427
410
438
438
424
437
424
426
226
244
427
213
440
439
271
262
422
410
250
220
4
10
3
24
92
103
102
135
173
171
192
183
203
203
219
220
235
234
251
252
252
252
284
284
309
309
323
323
346
345
384
383
404
416
414
430
430
441
433
445
446
468
466
477
476
494
495
509
501
520
520
539
538
561
562
574
585
597
590
596
588
565
582
591
578
570
543
600
580
591
560
597
591
600
586
597
596
590
596
576
569
586
576
582
572
563
542
544
560
574
567
563
549
546
558
568
562
566
564
573
573
567
506
559
531
547
507
519
572
546
573
570
532
556
562
560
570
567
560
546
549
564
556
555
542
556
561
554
569
567
576
549
549
553
550
563
561
570
544
562
553
557
565
551
553
553
568
557
568
546
561
535
554
503
505
531
534
535
532
523
572
554
557
549
566
561
541
566
552
556
550
562
562
551
564
564
541
542
570
562
555
568
568
565
568
573
560
563
574
572
575
584
581
586
569
573
563
550
548
555
571
538
547
576
562
564
561
558
569
574
548
524
555
539
548
546
557
558
575
546
553
545
563
561
571
562
565
555
563
543
546
539
547
511
538
526
531
545
525
519
543
536
535
538
519
536
541
530
548
546
556
531
545
537
536
543
517
532
544
533
552
543
548
541
551
529
546
526
513
534
497
527
516
531
518
509
526
486
524
498
483
505
513
505
524
522
519
517
522
519
508
490
535
497
504
503
509
496
500
508
495
513
496
486
472
466
507
497
479
504
492
9246
9238
9237
9227
9241
9234
9247
9230
9243
9227
9238
9238
9250
9241
9237
9242
9240
9238
9234
9232
9267
9258
9268
9269
9262
9245
9228
9265
9229
9194
9248
9224
9222
9267
9198
9261
9253
9257
9245
9252
9251
9259
9226
9255
9234
9234
9232
9231
9272
519
518
524
494
512
502
532
527
536
524
525
521
510
502
522
504
511
516
517
506
523
498
510
508
459
488
475
462
473
472
468
461
481
481
499
501
511
517
493
501
519
499
499
506
495
514
521
492
498
533
532
482
628
633
634
636
650
643
650
641
635
654
652
641
652
656
665
670
659
662
671
658
676
652
660
659
676
674
684
667
670
677
673
682
677
660
669
672
665
662
673
653
676
671
671
671
649
662
662
489
492
495
519
517
523
533
535
533
529
521
512
511
527
526
533
511
518
506
518
505
502
514
505
515
504
501
513
513
502
515
507
493
496
495
497
520
520
505
508
514
513
499
485
500
491
484
472
478
495
492
486
486
497
482
477
492
490
479
484
494
482
485
496
482
501
498
498
504
502
497
506
490
494
476
487
494
491
497
492
480
489
499
500
498
510
490
503
501
501
498
509
494
500
512
509
522
520
510
508
506
520
514
515
505
522
522
519
520
499
503
517
523
527
519
516
498
509
518
508
522
507
514
515
509
501
520
514
520
504
518
513
503
516
490
460
380
326
396
375
444
356
509
370
440
415
476
422
314
475
304
259
249
463
256
379
336
334
293
283
498
412
259
344
387
398
414
433
431
425
438
431
437
437
429
441
429
436
438
432
419
366
438
391
304
296
295
303
306
321
317
328
327
345
344
364
358
379
392
390
379
392
424
425
443
442
463
462
481
481
496
501
518
519
536
534
548
549
547
564
558
547
560
549
556
552
529
493
496
513
517
552
540
534
519
501
502
489
489
517
478
533
474
500
498
495
502
499
496
502
504
498
491
506
490
485
498
500
485
494
481
484
478
486
481
468
489
466
480
488
472
463
481
470
480
477
438
476
460
464
462
438
462
477
477
466
468
469
470
479
489
494
496
505
499
511
503
510
508
501
512
500
512
496
512
499
509
503
504
501
498
504
483
489
498
497
502
500
500
515
508
511
516
525
527
522
537
541
535
543
534
536
552
541
536
541
544
533
535
519
542
552
560
545
556
542
561
551
565
552
547
559
551
559
543
559
562
558
582
570
585
565
568
566
572
578
575
558
563
575
569
579
568
578
556
558
566
562
568
553
570
554
565
571
549
563
568
551
557
568
562
578
561
561
554
555
547
560
542
555
541
550
524
537
544
512
520
547
533
537
540
528
537
535
521
531
532
519
533
521
526
512
492
507
519
512
500
509
500
508
506
498
503
508
507
483
488
489
508
497
498
491
486
504
493
500
496
490
501
504
496
512
508
515
513
504
512
496
517
509
510
515
514
519
504
501
522
517
519
514
506
532
522
539
540
537
545
545
539
548
548
559
549
563
554
568
567
565
573
580
575
589
580
568
575
576
589
558
554
580
562
583
568
575
563
580
567
573
570
577
565
574
567
543
560
577
569
586
570
581
563
565
571
567
553
565
553
560
540
548
552
565
563
551
546
538
560
548
558
537
551
533
543
527
536
551
539
540
552
567
567
546
576
548
532
551
535
552
546
559
545
550
528
548
549
551
565
569
557
563
569
576
562
574
577
581
574
567
558
578
572
577
563
573
588
581
567
595
579
586
581
590
580
587
579
581
574
585
581
566
548
558
573
573
591
588
580
576
577
586
587
561
577
555
570
573
570
548
574
559
530
568
545
553
549
538
497
489
494
490
477
470
471
456
451
448
440
432
427
425
422
424
411
413
399
401
395
377
379
364
359
350
344
339
332
332
324
317
297
301
303
299
306
270
276
261
523
228
228
290
535
256
507
13
36
19
45
31
37
15
29
53
51
18
49
35
34
4
6
5
30
26
178
175
172
180
197
207
205
214
225
241
239
258
257
273
273
293
293
311
312
331
322
323
340
341
343
343
377
377
404
404
424
423
438
438
454
455
466
465
487
488
505
505
524
523
542
552
551
570
569
586
582
577
575
593
591
573
569
551
566
587
586
570
572
563
547
559
565
558
563
576
560
557
538
538
525
505
554
489
494
568
560
560
555
562
554
573
576
553
571
565
576
571
585
579
571
576
559
567
581
574
586
568
573
567
561
578
570
558
569
580
575
585
595
587
604
596
587
613
577
594
583
579
545
564
548
558
554
567
566
577
577
585
572
576
574
577
565
571
546
565
578
552
555
570
558
563
568
566
580
552
534
550
572
567
553
541
559
558
547
550
530
554
540
553
562
550
549
558
547
560
548
565
562
566
564
567
560
573
569
595
592
585
578
580
590
601
600
603
587
594
587
602
584
600
585
591
584
593
570
567
565
565
574
580
585
574
589
576
587
577
582
564
580
562
563
564
572
574
572
573
566
569
561
555
562
558
550
555
520
528
512
535
533
525
517
529
524
499
511
519
503
515
508
510
497
503
498
498
482
521
515
515
530
517
511
497
511
524
516
527
518
525
507
517
524
520
535
529
527
532
530
551
540
556
548
542
535
554
563
555
551
542
567
560
568
561
577
575
590
578
585
578
587
583
595
597
596
602
590
581
579
587
585
598
590
606
587
596
590
597
591
598
587
589
583
595
590
598
601
588
588
580
579
586
578
591
590
578
582
586
591
589
570
596
572
565
577
581
570
582
571
592
589
599
583
592
603
597
604
606
605
599
588
597
588
586
595
596
584
600
590
604
608
605
608
597
578
606
594
584
589
568
583
584
576
578
570
585
573
583
571
579
576
594
600
577
590
557
582
564
564
571
564
519
569
554
534
529
561
556
560
570
567
560
552
569
558
570
565
553
564
561
553
559
543
553
547
548
558
565
558
566
561
575
572
586
569
617
603
613
600
612
605
593
585
607
578
581
598
594
580
559
588
556
572
576
580
584
584
591
589
586
588
568
585
578
586
575
567
588
574
574
569
579
581
573
562
563
565
565
563
566
558
551
566
509
515
563
528
521
519
530
528
520
519
518
513
527
522
530
533
524
535
540
526
543
518
530
520
524
514
529
515
519
504
512
522
511
524
507
524
503
519
513
518
532
525
513
512
533
520
526
533
529
526
507
494
518
500
503
493
507
506
500
490
514
498
500
488
490
504
497
509
501
514
495
493
485
498
513
503
509
487
459
460
511
495
485
494
448
469
470
424
403
496
413
439
465
464
361
379
403
395
354
327
425
316
292
337
387
277
250
262
371
244
343
282
411
325
462
446
358
428
289
235
388
441
453
432
437
426
439
441
453
409
389
362
380
336
282
356
294
290
292
318
317
299
299
318
317
315
315
329
328
329
328
355
356
356
381
381
395
395
410
409
409
410
442
449
450
450
477
477
496
488
508
508
501
515
517
519
507
509
518
516
500
507
508
487
511
494
494
505
503
494
483
479
490
483
502
488
496
494
481
481
491
502
487
480
495
479
476
488
494
474
486
480
485
494
476
470
482
490
485
481
481
479
479
456
457
479
470
466
467
475
469
491
477
498
497
517
503
506
506
503
516
510
516
497
517
504
506
519
518
525
510
518
500
508
525
523
512
497
521
541
500
486
526
520
530
521
537
530
530
531
547
545
535
545
543
540
539
544
512
523
542
534
514
500
504
498
522
515
496
512
508
513
508
487
511
503
515
509
507
513
506
501
497
470
496
500
466
487
508
504
507
507
507
488
500
482
455
493
447
465
475
503
435
482
487
487
480
487
477
486
489
505
486
495
501
479
505
487
492
486
496
486
487
481
489
491
487
478
476
474
487
500
483
499
486
502
502
517
483
481
485
484
477
496
497
475
465
491
451
452
454
439
457
465
445
460
503
501
503
502
502
494
508
500
505
502
507
501
512
506
516
505
518
508
522
514
516
521
526
521
532
520
525
519
530
519
532
523
531
524
526
535
542
527
538
527
539
540
538
541
533
534
531
533
540
555
546
564
549
563
560
552
557
554
550
553
559
556
552
558
556
553
558
554
556
554
560
548
562
558
563
558
566
562
566
564
566
553
565
560
539
565
557
573
559
578
562
573
561
570
558
557
573
571
553
565
557
562
564
565
551
564
552
567
554
558
573
566
559
556
564
557
565
558
540
561
531
553
546
537
538
545
524
541
544
530
548
547
538
549
549
531
542
530
516
536
521
528
526
519
529
527
509
524
534
516
516
533
527
520
537
520
526
513
525
512
513
523
529
519
523
514
522
512
523
525
517
516
517
513
511
530
528
518
518
501
511
525
515
505
491
514
530
511
521
509
512
522
501
517
507
521
514
497
511
511
503
521
491
511
506
500
498
506
515
514
503
510
499
495
511
510
509
499
510
492
507
511
509
517
504
504
504
514
503
504
513
504
515
515
512
515
515
512
531
514
515
515
489
480
516
504
495
506
476
469
438
513
449
466
473
512
441
499
500
489
495
508
514
496
494
507
498
504
506
488
489
501
495
504
493
489
505
480
468
483
472
479
491
481
499
485
502
485
504
481
491
471
490
491
509
509
520
498
500
477
464
464
478
471
486
483
504
504
518
519
529
518
514
520
498
529
519
528
519
525
513
525
531
524
524
539
538
549
547
551
531
529
542
525
548
507
523
540
523
534
525
532
523
528
517
530
515
530
515
522
519
511
518
520
515
511
524
527
525
517
522
520
525
523
528
514
527
512
528
519
533
508
517
524
500
513
509
516
507
520
512
529
505
503
503
515
527
521
529
526
513
526
534
519
538
523
523
532
511
523
532
525
525
529
526
529
525
534
519
535
520
529
525
539
522
524
533
531
524
515
524
530
512
523
521
523
515
521
526
523
530
525
523
516
525
532
520
498
523
498
520
509
511
521
520
511
520
517
515
499
487
507
507
510
513
513
491
508
438
395
346
274
413
494
359
375
352
392
300
310
294
254
241
472
420
384
479
333
315
450
491
263
437
280
507
404
457
412
429
429
438
444
445
457
453
454
460
458
464
452
448
470
469
461
459
439
457
458
458
439
474
385
336
352
350
357
356
361
361
370
385
385
371
404
403
412
419
421
423
425
443
443
441
458
466
468
468
488
482
502
488
508
496
504
501
492
504
507
480
497
504
508
515
512
522
516
528
503
516
516
525
525
507
517
524
511
516
522
513
528
527
517
513
505
518
520
512
522
504
524
520
517
517
533
523
537
538
516
537
541
518
509
533
523
516
523
516
528
526
531
520
516
530
532
516
528
516
525
518
525
515
518
522
512
531
529
531
529
510
528
525
521
537
524
538
526
533
531
519
524
524
522
533
526
518
493
535
501
516
523
526
507
517
522
507
501
525
521
519
511
519
518
510
515
508
503
489
498
509
500
497
517
504
514
500
495
510
491
512
510
507
502
502
503
499
517
505
512
514
507
515
501
493
519
481
487
480
506
505
522
511
515
515
530
527
529
523
526
534
532
524
531
529
537
522
537
516
530
536
538
540
532
521
513
532
536
534
541
529
543
532
541
531
546
530
536
535
549
537
528
528
510
530
522
516
538
525
536
540
525
535
521
536
524
520
517
527
500
523
517
505
525
514
522
515
510
509
510
526
513
523
513
502
500
502
508
516
513
506
508
506
509
502
511
503
507
500
510
510
508
496
516
494
512
510
508
496
512
502
508
498
489
500
494
499
489
498
494
486
505
498
503
503
503
513
499
497
510
486
506
493
474
466
473
457
499
506
493
491
492
483
490
484
489
478
489
480
488
493
495
494
500
502
506
504
512
500
496
505
509
493
506
500
510
503
508
501
504
509
502
509
506
509
500
491
509
498
498
509
504
495
511
482
493
492
505
505
521
511
524
514
527
508
514
512
519
485
507
487
521
504
504
492
491
501
504
487
498
490
501
499
492
499
497
487
501
491
507
494
504
493
501
490
507
493
494
495
512
513
517
510
512
502
518
515
493
486
512
501
514
507
509
508
515
506
504
477
477
471
476
521
476
509
482
459
441
510
455
502
469
488
477
498
485
484
495
497
474
482
494
487
496
499
497
486
496
486
487
493
491
497
485
492
492
492
502
488
483
490
491
500
496
509
498
491
502
482
475
486
484
486
510
511
500
498
487
488
504
504
520
520
504
520
508
534
526
524
529
522
529
517
527
520
527
515
530
524
533
521
524
520
513
532
513
519
508
515
500
509
501
509
516
505
502
526
517
511
520
527
528
522
516
528
526
518
505
508
514
517
512
515
527
519
510
505
534
536
520
542
533
536
515
534
523
529
538
527
528
538
535
538
546
543
535
527
540
541
549
547
548
541
537
529
540
520
532
521
526
525
533
536
540
535
542
539
557
546
546
566
561
543
562
549
526
546
551
554
539
556
541
552
550
548
557
564
501
518
539
500
484
536
522
530
521
530
522
534
504
527
512
519
516
523
524
521
520
499
513
506
516
499
495
480
518
496
490
497
492
482
476
490
484
482
491
480
465
495
486
483
471
476
474
469
456
477
449
453
451
458
453
466
457
468
474
474
470
476
479
483
477
480
480
469
478
473
478
477
470
460
475
466
460
478
460
468
482
501
499
486
491
508
495
489
497
501
494
495
505
487
487
499
498
480
487
479
464
485
467
498
492
491
484
499
490
497
499
487
496
484
472
491
486
483
494
491
491
492
495
493
509
504
489
496
483
489
470
507
446
477
460
484
452
474
450
443
479
461
459
467
462
462
474
460
463
472
468
451
479
462
22118
22116
22131
22103
22083
22042
22071
22131
22121
21933
21913
21916
21919
21914
21902
21903
21901
21984
22041
22114
22025
22108
22008
21996
21987
22098
21898
21961
22062
21950
21885
21867
21942
21877
22076
22032
22016
21994
22062
21900
22082
21916
21986
22066
22125
22121
22130
22138
22134
22143
492
488
361
363
306
305
321
318
319
342
342
403
403
376
372
388
388
413
414
404
432
387
434
453
453
454
479
480
499
496
510
511
509
570
571
592
594
609
608
609
638
636
659
661
662
655
653
661
667
666
673
667
672
610
618
622
612
623
623
754
748
702
712
714
707
713
706
709
698
701
701
710
705
710
698
706
714
706
709
714
703
671
671
677
684
682
675
685
682
678
691
685
661
671
678
674
676
665
669
656
663
664
659
662
636
666
655
652
529
523
529
505
516
526
514
519
520
511
519
513
510
523
526
508
516
497
510
530
496
513
521
515
501
510
502
508
497
507
494
507
508
508
506
508
503
511
506
511
511
514
521
519
512
518
516
524
515
514
507
518
514
518
516
515
526
525
513
507
530
517
520
510
519
521
529
515
515
517
503
490
526
509
507
532
525
534
523
536
528
534
525
535
537
513
536
532
529
522
529
519
533
515
529
512
530
516
533
518
520
523
537
534
527
530
527
530
532
528
538
514
523
540
535
526
537
530
537
527
536
526
529
520
540
532
547
530
542
530
545
531
545
531
531
545
546
531
539
537
539
536
539
537
537
531
527
533
529
522
529
508
511
523
525
527
519
523
522
523
521
530
533
510
497
532
517
523
519
517
518
525
509
507
518
522
507
505
519
513
506
511
498
501
504
509
509
499
514
504
535
524
540
529
549
549
553
544
553
546
556
554
566
543
560
550
553
564
552
565
557
567
559
572
550
569
569
593
571
580
592
582
586
581
591
582
570
547
580
534
549
560
590
589
586
563
581
576
552
590
582
556
563
566
542
552
544
555
556
549
552
538
550
544
554
548
558
545
552
544
542
549
530
537
520
547
535
528
521
543
540
537
530
529
538
530
535
506
502
499
527
526
543
536
546
537
554
539
522
540
538
532
541
532
534
549
540
549
552
548
540
535
557
550
558
548
554
561
563
555
562
551
573
567
583
559
562
557
569
554
569
562
574
571
567
553
575
564
565
564
576
564
580
567
583
576
584
571
587
579
582
594
616
614
617
608
595
610
598
612
603
593
601
599
595
602
578
600
596
594
611
613
603
593
619
592
611
456
438
419
469
383
590
559
566
521
428
623
517
547
572
411
631
497
339
481
332
502
315
535
593
602
322
444
395
476
353
513
527
518
518
517
508
531
528
528
518
520
537
523
521
516
522
529
508
520
441
458
353
371
371
334
327
376
328
367
365
386
385
404
405
428
427
442
442
464
464
477
485
492
485
515
517
492
487
548
548
563
563
557
578
560
553
564
563
561
569
569
562
570
557
569
559
566
569
561
550
558
564
556
559
547
543
569
549
544
547
547
545
545
539
539
530
537
523
524
535
530
541
548
541
536
529
508
553
520
531
529
524
537
525
518
533
523
514
528
533
522
519
526
526
521
524
518
527
520
534
535
528
532
541
542
537
460
438
355
354
361
533
450
511
483
390
495
384
479
466
355
326
335
285
499
285
445
539
418
529
407
543
345
312
301
427
307
428
435
433
490
475
493
477
487
485
493
488
469
480
454
477
464
473
284
268
264
262
266
249
238
223
222
287
241
243
265
240
264
229
222
229
222
222
221
408
223
222
258
265
264
265
261
223
240
257
267
257
438
469
465
478
466
470
436
449
462
458
466
474
473
464
465
405
394
279
265
302
299
319
314
334
333
348
347
340
367
379
378
401
401
407
426
439
440
462
463
483
483
502
503
520
521
536
535
553
554
558
573
573
572
560
561
563
555
567
576
577
559
572
549
563
583
576
587
577
584
571
558
568
581
572
574
585
576
575
592
579
567
577
560
575
586
572
557
580
574
565
562
528
511
472
443
489
365
352
342
338
328
322
317
412
246
224
218
571
457
431
311
546
395
301
251
266
362
473
227
554
454
500
402
382
291
241
520
421
310
467
536
370
399
382
413
426
423
424
411
427
435
340
219
209
208
210
231
232
253
253
273
273
290
291
313
313
330
327
334
336
335
363
361
363
380
380
381
399
399
399
428
426
444
445
461
461
447
459
461
457
447
462
457
458
505
519
516
525
502
526
522
523
514
516
503
513
514
504
504
491
477
497
484
486
479
478
482
468
477
484
483
472
476
469
474
455
463
472
446
486
475
481
476
478
461
420
419
429
422
438
438
455
456
473
472
490
489
486
493
494
481
484
478
484
485
481
495
491
476
484
491
476
494
488
498
492
507
475
475
494
470
504
498
513
496
499
524
522
539
506
513
493
506
513
513
513
524
515
525
519
512
514
522
505
516
498
503
496
503
491
503
490
508
498
500
514
510
502
500
501
504
516
514
507
506
508
504
490
488
494
501
488
498
507
506
499
504
505
495
496
499
490
485
498
503
501
490
506
491
493
509
508
516
503
497
515
523
498
507
515
531
516
532
525
518
520
526
504
525
518
521
519
522
513
520
514
528
524
532
506
512
527
516
524
520
513
503
520
513
524
522
526
523
533
522
527
534
543
534
537
526
515
527
507
529
516
517
527
496
473
517
511
498
414
398
371
384
350
451
346
418
419
495
285
268
313
467
407
453
437
321
303
335
368
338
299
277
381
472
454
464
460
452
454
457
448
458
450
438
448
446
455
437
444
442
446
437
398
396
300
281
296
296
308
306
323
308
323
322
348
347
362
362
360
384
383
395
392
392
414
427
413
437
440
439
457
455
457
458
454
467
464
446
457
452
468
450
443
457
455
444
455
450
456
462
461
444
456
462
445
440
460
452
446
441
475
469
468
469
479
474
478
468
478
472
476
473
469
485
485
493
486
482
484
490
470
508
502
497
509
512
507
499
509
510
506
513
500
506
507
507
516
504
504
511
514
502
491
493
501
523
521
526
536
529
511
510
521
509
513
520
514
517
524
522
516
518
517
529
536
529
522
526
512
514
519
529
517
522
506
494
510
486
435
367
322
502
504
497
414
395
406
517
393
477
354
337
457
324
456
289
373
351
297
414
478
285
476
304
413
447
430
373
434
299
360
229
155
158
164
167
141
126
129
132
135
137
141
145
147
150
153
157
159
163
166
169
173
266
405
332
352
326
392
301
385
286
265
264
423
317
412
269
341
367
3
2
27
64
155
154
171
170
188
187
198
206
211
213
210
232
233
249
249
268
267
284
283
299
298
309
316
322
324
326
347
347
362
362
374
377
377
399
398
417
418
436
435
452
452
469
468
487
486
501
499
518
518
533
525
542
528
541
529
542
528
542
527
541
540
543
541
543
536
542
540
542
540
541
543
523
539
542
538
535
539
548
549
542
552
545
547
554
565
548
557
546
581
563
568
551
560
567
564
571
565
568
565
564
571
545
565
569
563
550
561
554
553
571
548
540
562
558
551
554
544
478
555
532
487
464
502
553
512
516
535
543
534
547
535
547
535
554
536
552
538
529
514
533
522
525
530
536
529
536
534
541
535
539
537
539
537
540
533
543
534
512
530
522
522
536
540
529
539
534
546
529
522
501
513
506
525
523
544
543
558
551
554
566
569
552
562
550
563
551
564
556
560
552
558
546
553
546
555
542
533
547
544
545
542
548
539
545
547
558
556
567
560
563
557
563
552
550
541
563
556
550
555
547
543
550
550
543
545
537
548
538
546
535
548
537
549
541
546
539
548
546
540
550
556
544
542
555
557
550
560
550
558
553
566
552
560
518
532
555
558
549
545
550
543
545
555
554
540
554
547
559
549
553
562
558
549
559
552
553
565
551
563
537
539
546
526
549
566
544
556
541
558
550
538
551
541
541
546
543
548
548
553
546
547
554
557
550
555
564
571
550
547
559
561
548
564
549
550
563
545
558
545
560
556
548
565
548
549
561
547
555
549
565
549
564
559
524
536
544
544
553
542
553
545
549
537
534
544
542
547
535
534
516
537
518
511
526
521
518
520
513
522
521
517
510
503
510
490
501
513
502
517
498
491
510
493
501
497
433
431
468
501
458
450
478
427
489
470
470
488
481
485
480
484
480
487
488
475
495
468
477
472
479
479
483
468
482
486
492
475
480
462
466
477
483
486
478
492
477
481
474
487
471
453
480
476
476
484
456
453
482
483
462
461
476
468
494
491
495
501
494
484
490
477
496
497
490
500
486
507
503
512
489
505
504
485
510
490
502
508
508
521
501
515
497
518
511
521
516
501
511
519
514
515
527
523
530
523
497
516
523
540
505
534
525
533
514
515
507
516
512
519
504
509
506
515
510
515
503
511
501
503
511
500
507
501
472
471
492
505
495
493
482
481
496
492
482
487
471
481
485
485
465
485
474
469
478
480
468
449
449
470
469
483
472
492
491
489
487
500
474
486
468
484
466
491
471
477
488
491
483
499
496
492
477
495
495
510
493
502
500
506
485
498
516
514
501
496
487
511
496
504
506
505
500
495
489
506
489
490
520
501
511
494
502
487
499
487
474
489
465
502
494
491
496
505
496
504
494
508
501
485
487
472
460
480
473
481
479
501
487
495
496
508
498
512
481
499
483
495
506
482
503
491
482
493
505
505
502
495
470
481
504
493
507
503
503
501
510
488
501
515
510
496
502
493
502
497
510
498
515
510
510
514
504
526
525
530
506
520
513
524
514
515
521
523
522
527
517
516
527
543
543
543
551
527
520
543
542
540
552
553
541
547
545
551
538
551
544
552
541
533
557
551
543
550
539
548
534
553
537
554
542
542
541
545
538
542
539
538
498
517
472
517
492
480
530
523
506
509
516
519
494
517
509
513
495
522
514
521
510
515
502
512
499
517
513
511
499
503
522
523
503
527
516
525
515
507
523
510
508
520
518
505
504
519
516
517
491
511
507
487
499
499
511
515
513
528
524
532
530
526
529
530
534
509
518
511
530
502
523
514
493
509
511
534
527
518
525
506
518
516
521
513
525
516
536
534
528
535
522
514
532
536
526
530
528
514
532
531
523
534
522
539
524
538
527
515
540
527
534
511
523
522
515
523
537
531
515
507
516
510
517
504
519
517
519
521
523
502
520
519
507
521
507
518
502
509
500
502
522
505
505
515
501
506
515
521
512
517
509
518
514
507
496
516
511
516
510
525
512
522
531
510
519
515
518
525
529
508
520
531
517
504
534
521
524
533
533
525
538
530
527
547
540
527
538
523
521
519
533
527
546
538
537
551
527
547
537
515
529
530
524
529
504
522
504
518
511
517
509
505
513
515
499
518
512
523
515
528
523
540
530
511
529
520
507
514
514
504
515
502
517
516
490
498
500
494
498
492
487
492
479
488
489
490
483
497
496
497
491
480
497
501
498
504
509
501
494
518
507
515
512
508
513
509
519
506
520
508
518
507
521
510
514
523
509
514
520
512
521
523
514
522
516
518
524
521
515
517
524
520
533
511
508
518
527
510
506
523
511
515
524
511
522
500
517
515
525
503
520
508
522
509
508
511
510
504
503
509
505
487
499
508
496
511
501
509
498
507
498
489
501
501
489
502
494
496
501
482
488
503
487
469
476
496
474
489
492
496
483
499
491
502
485
500
493
506
492
510
493
494
499
504
493
502
494
503
498
500
488
456
500
469
481
488
481
467
475
467
480
481
483
466
489
474
478
473
484
471
460
470
458
471
470
470
483
481
497
476
473
487
481
474
476
490
476
487
485
471
464
475
471
473
461
449
479
471
482
479
469
467
472
474
479
472
474
474
482
473
480
485
474
476
465
483
482
478
467
483
480
460
483
473
446
484
484
479
471
482
466
480
460
475
448
458
469
447
460
455
470
458
453
464
460
440
457
451
442
459
453
469
460
476
463
474
464
467
389
340
321
275
388
464
342
465
399
428
473
334
325
441
414
285
446
284
413
296
430
374
342
312
277
249
420
304
349
455
455
442
456
446
445
454
447
450
459
457
452
465
453
450
459
468
462
469
457
479
470
444
323
335
330
330
332
356
355
388
387
401
399
400
427
426
445
445
460
452
451
452
453
452
452
453
452
519
510
506
519
520
531
528
515
529
520
506
516
526
526
512
514
505
494
508
496
504
511
506
495
506
495
498
491
508
509
510
505
493
486
492
478
495
484
494
481
473
493
442
446
448
443
441
480
481
484
492
493
499
486
501
487
502
504
499
519
498
495
511
511
502
512
520
519
501
520
503
502
515
509
517
510
520
518
508
523
515
497
503
506
505
500
510
505
510
504
512
513
508
517
509
522
511
520
517
521
522
522
512
515
521
522
522
515
526
508
511
519
510
500
523
509
505
500
484
506
495
473
497
485
496
489
499
491
501
492
500
498
497
497
497
512
501
508
497
505
483
486
496
492
505
483
489
491
497
491
499
492
507
507
502
494
474
486
499
492
489
497
499
483
501
502
510
503
509
508
500
510
498
509
498
511
505
491
486
496
492
499
475
489
497
490
484
499
487
496
479
494
482
501
489
491
489
483
488
469
454
487
418
413
420
419
481
444
462
485
474
482
472
479
467
453
461
472
474
458
468
466
451
476
472
469
467
472
480
457
471
474
482
476
470
468
479
464
476
459
470
457
463
477
471
479
469
481
473
473
472
444
484
462
463
477
476
492
491
495
484
475
480
492
488
495
485
494
472
475
491
492
476
488
470
482
489
480
488
477
483
478
479
486
474
477
483
485
471
487
480
479
484
477
474
486
469
477
461
452
468
475
464
473
446
461
458
464
451
459
465
466
464
471
459
466
458
468
460
443
464
469
458
473
457
474
468
22277
22284
22274
22305
22305
22310
22301
22319
22306
22307
22317
22304
22317
22319
22319
22327
22316
22334
22325
22339
22337
22331
22353
22351
22346
22352
22360
22345
22361
22351
22349
22356
22352
22351
22370
22349
22362
22359
22374
22372
22364
22367
22370
22384
22383
22380
22380
22377
22379
22374
564
564
562
541
552
549
525
511
527
544
530
538
538
524
546
527
533
520
531
518
522
509
520
509
510
514
509
516
500
517
513
518
517
506
513
515
514
480
488
503
509
497
507
493
497
507
510
498
511
501
513
502
509
509
516
518
521
519
534
506
526
521
537
527
542
536
549
549
554
550
554
551
553
559
547
557
561
563
582
571
582
578
586
574
585
577
591
574
570
586
595
596
596
588
596
595
585
593
587
597
586
552
602
568
578
583
597
589
600
583
604
596
587
604
601
606
591
604
591
609
594
599
592
607
591
601
584
585
576
570
583
570
580
579
569
577
567
566
566
556
573
554
545
535
567
560
548
561
547
539
522
560
554
533
543
543
551
546
529
544
519
520
528
536
530
500
523
509
511
510
501
508
502
488
493
465
476
467
483
500
482
500
491
500
489
489
501
504
495
496
504
517
498
495
497
513
478
487
512
510
488
504
497
493
523
515
523
512
523
512
521
516
520
510
514
521
506
511
501
525
524
527
527
520
465
508
537
527
527
486
472
513
512
516
526
519
521
514
506
519
510
491
504
513
515
484
491
506
506
507
510
515
491
500
493
495
501
509
497
485
498
501
486
504
495
477
499
496
488
481
482
497
497
505
491
460
460
484
462
472
365
338
338
401
470
444
464
326
478
438
301
423
274
292
478
255
393
243
414
385
359
311
275
236
365
283
229
336
437
394
369
363
363
248
57
310
60
290
353
274
205
249
334
88
324
60
58
57
283
291
58
265
335
362
59
57
58
203
369
60
329
232
282
309
270
155
160
158
161
161
183
183
199
201
219
219
233
233
244
251
262
261
283
283
301
301
320
319
333
332
349
349
365
364
364
386
388
403
413
414
423
423
435
435
444
443
444
468
468
488
501
487
506
468
490
485
492
517
526
531
513
523
514
532
513
517
514
536
523
529
522
517
481
455
447
445
413
375
500
329
332
334
325
320
325
322
317
313
291
399
521
384
365
347
333
423
468
278
511
388
265
244
217
208
232
436
362
472
332
272
369
224
489
433
257
401
382
408
397
411
409
298
295
319
193
196
198
214
229
226
226
225
255
255
268
265
265
267
267
320
320
337
332
306
311
335
309
295
332
292
296
280
290
274
271
309
312
334
282
329
271
270
272
319
294
272
335
274
493
515
515
527
520
522
520
531
531
508
521
526
512
440
244
237
459
402
247
467
461
506
456
241
520
238
448
235
225
225
219
223
218
526
247
244
229
228
499
266
225
229
439
439
456
453
453
454
488
453
487
482
499
470
485
493
478
492
475
481
462
463
481
441
310
312
346
345
337
337
335
356
370
369
353
355
397
396
405
404
434
433
449
448
468
467
486
487
506
506
524
524
532
526
525
517
526
525
550
542
537
536
539
529
528
528
534
532
525
537
525
532
529
534
527
522
506
498
515
522
524
521
515
530
520
520
513
521
527
525
511
514
514
524
505
518
511
508
520
506
517
511
514
508
501
515
495
513
494
501
503
500
492
497
493
483
505
496
495
486
505
506
493
503
495
502
512
501
494
507
516
509
513
528
527
509
522
515
507
513
514
514
513
494
500
519
503
509
514
506
497
487
508
515
478
520
506
512
505
492
508
509
499
525
518
528
507
516
507
523
515
500
501
481
512
488
508
505
502
501
499
483
505
490
483
496
502
493
490
494
496
494
493
495
484
507
482
436
472
448
456
468
470
493
487
476
489
481
496
486
497
487
505
490
482
497
490
491
468
478
487
481
494
485
489
476
495
496
491
495
503
512
499
504
506
505
514
501
506
513
517
511
519
512
518
518
500
498
520
507
511
508
516
516
505
549
528
532
513
526
525
544
529
520
540
521
533
531
530
525
537
532
539
525
533
534
549
546
540
537
527
543
536
546
521
537
522
544
547
531
540
533
536
534
536
539
540
533
536
534
488
541
539
527
489
525
507
514
516
514
520
536
519
501
515
516
497
517
512
515
506
519
508
511
519
514
510
502
511
511
503
527
508
504
512
513
520
495
508
492
522
514
496
504
512
504
509
499
505
507
499
502
476
488
486
489
479
496
504
504
494
503
496
501
500
510
489
500
498
502
507
488
495
500
482
489
504
495
494
494
498
506
496
503
503
496
503
495
508
502
493
498
483
489
490
497
497
501
487
486
505
493
499
482
483
501
501
510
488
439
468
475
294
261
357
348
416
405
423
319
314
399
303
299
451
459
287
373
275
422
508
332
391
383
269
357
494
347
383
406
430
423
422
417
415
435
418
440
418
437
437
425
443
440
457
441
454
384
323
288
288
292
284
319
319
334
334
352
351
368
367
367
379
372
378
380
405
405
420
420
439
439
455
454
454
478
477
495
495
495
509
508
512
521
520
531
504
514
511
504
512
505
476
504
499
509
495
504
498
518
511
519
515
515
513
515
512
515
508
503
520
519
536
527
540
539
531
528
532
527
534
531
535
519
537
531
543
533
548
537
541
536
546
541
553
541
545
553
553
545
554
536
546
553
545
548
556
546
552
548
528
540
549
538
546
533
551
536
540
550
527
520
544
536
521
525
542
531
539
542
529
539
527
543
527
522
535
540
524
521
532
535
521
518
530
534
519
533
517
523
519
504
522
512
529
517
518
527
525
530
512
518
514
525
525
518
523
516
519
522
516
515
526
506
524
513
515
529
521
530
523
531
524
532
525
537
535
533
526
537
524
512
529
527
543
527
545
530
542
534
541
539
555
533
539
532
542
528
530
543
548
535
552
545
543
550
549
530
546
543
534
542
540
550
557
529
547
535
531
541
539
534
541
542
535
540
525
540
533
536
539
543
545
533
550
545
533
534
549
529
516
541
529
519
505
512
532
514
523
526
516
525
513
507
523
503
514
507
525
512
517
505
506
513
508
506
509
492
511
504
511
504
502
511
511
504
498
514
510
500
482
457
431
504
499
366
270
445
444
415
323
338
320
314
483
407
299
405
270
262
398
500
361
331
415
407
465
278
365
343
288
353
430
453
455
444
455
452
456
444
447
453
456
448
457
445
457
447
449
449
435
401
399
418
344
324
360
326
323
325
322
356
357
371
383
384
369
372
408
408
421
424
413
447
447
423
469
469
483
482
480
507
507
524
516
518
505
518
534
525
514
516
515
522
525
528
540
533
549
535
534
540
550
532
540
520
527
535
520
527
529
534
530
544
548
547
533
550
543
536
541
528
540
529
550
522
516
527
537
536
538
519
538
525
523
529
535
496
513
532
532
518
509
521
499
503
492
492
487
486
476
496
472
480
486
474
465
473
490
484
494
486
492
478
484
478
482
477
493
472
465
485
454
448
489
482
478
483
473
467
488
478
477
483
465
474
482
486
478
492
491
479
462
478
484
479
491
483
483
476
488
492
496
501
500
510
494
511
493
504
487
491
486
492
493
503
504
505
507
513
498
497
513
509
504
504
478
507
488
493
499
501
491
509
494
492
500
529
519
530
522
532
536
530
530
542
541
536
538
516
538
536
528
524
517
505
513
518
522
518
526
519
537
521
506
528
515
518
520
510
511
521
514
520
512
506
520
534
533
538
546
539
529
518
543
519
512
508
515
516
514
503
517
502
489
518
510
504
513
487
504
511
511
505
524
522
527
518
499
512
517
520
507
507
515
505
508
507
520
521
515
524
515
526
527
517
537
524
514
520
523
508
517
529
521
514
528
519
517
516
526
526
528
529
531
534
523
526
539
541
528
533
540
529
542
514
525
537
529
531
524
516
538
524
526
522
526
519
501
520
535
513
518
525
531
513
517
519
509
518
526
526
512
520
503
511
512
506
516
517
508
509
487
499
505
499
511
498
508
497
506
495
500
514
505
512
516
504
516
508
508
508
515
500
506
515
500
490
496
508
507
501
503
511
492
511
494
513
497
513
517
508
512
507
511
519
520
507
524
512
518
512
506
505
519
513
515
512
513
507
508
515
498
507
506
517
501
512
500
507
501
508
498
508
503
520
513
530
523
535
515
527
518
523
519
523
518
524
507
521
526
534
534
523
536
528
523
534
522
514
532
534
527
525
522
531
527
536
537
525
516
531
531
520
536
514
532
522
540
526
537
530
545
539
555
533
531
541
513
543
525
532
530
534
523
536
529
520
538
525
519
524
517
523
515
522
521
514
513
530
518
519
525
514
530
523
510
508
516
520
521
526
518
516
516
526
528
512
526
526
510
518
511
520
513
515
520
520
535
531
539
528
531
525
533
525
527
533
536
527
527
523
536
549
539
552
545
554
540
551
533
540
540
548
538
530
542
537
524
534
542
508
553
538
547
527
528
525
516
538
538
532
531
536
529
533
511
530
536
517
535
525
528
526
524
517
523
514
503
514
522
507
495
502
502
494
474
493
499
479
492
502
501
491
505
508
524
526
522
494
511
493
497
517
513
506
507
523
525
513
533
521
513
518
510
520
512
526
511
522
515
515
530
524
518
525
517
527
528
518
497
526
522
522
527
516
523
532
540
538
536
548
520
536
516
516
508
516
520
512
511
490
514
500
517
527
526
509
519
524
516
519
526
526
516
522
515
500
493
514
522
493
511
507
506
498
504
494
483
489
508
492
508
498
513
511
514
494
467
513
478
505
465
486
504
498
497
509
506
510
510
523
490
504
502
497
512
506
492
513
500
506
511
497
503
510
507
502
519
518
526
517
530
516
523
531
515
534
525
509
528
511
530
524
529
521
525
510
522
502
502
516
509
528
527
544
540
535
540
543
529
542
538
547
538
551
546
552
541
552
550
539
545
555
541
532
544
536
536
525
532
525
538
534
534
532
530
523
538
524
529
536
533
531
527
530
528
521
534
521
533
526
527
541
522
526
543
516
531
525
523
496
520
513
511
498
510
497
524
514
529
520
518
532
513
525
521
528
542
536
521
529
531
529
523
530
536
528
512
493
485
485
437
397
457
451
364
342
322
231
218
211
357
195
193
178
182
179
175
168
163
153
149
383
372
201
415
528
335
316
518
397
281
498
303
386
221
535
475
345
474
259
240
252
387
417
430
273
