19
25
27
26
234
266
244
244
243
131
205
131
249
251
250
264
203
136
203
273
273
228
324
320
337
334
332
352
359
355
353
352
338
320
322
335
354
326
323
245
358
357
356
203
333
359
203
243
359
201
431
460
485
485
506
505
524
524
542
544
566
565
587
587
595
618
615
598
610
607
626
619
635
631
632
629
613
558
572
580
560
533
508
527
527
553
522
465
430
487
505
538
480
478
496
472
473
461
538
501
438
504
481
486
498
499
446
608
621
614
624
613
631
612
627
631
620
618
629
637
617
639
624
657
647
661
643
661
647
648
659
662
649
623
644
606
658
606
485
497
494
515
531
531
550
551
570
570
596
609
597
628
628
620
624
619
625
660
662
661
689
679
680
666
672
655
656
649
650
649
659
634
650
629
636
628
625
639
631
618
621
610
621
612
611
608
609
611
623
616
597
605
587
603
583
594
582
584
572
581
575
555
532
532
558
557
573
534
571
557
564
558
565
566
560
562
556
570
555
549
561
556
550
550
557
552
563
555
562
563
556
550
563
536
559
544
551
548
530
558
556
549
557
545
543
554
543
556
529
548
542
545
531
541
533
541
534
542
512
524
522
524
521
523
525
518
525
519
535
525
544
524
523
539
530
514
532
523
519
509
528
521
535
533
526
530
496
524
503
524
518
531
520
529
515
504
509
518
501
503
519
523
512
510
522
519
508
500
509
503
508
502
497
511
502
488
482
495
488
480
471
483
481
472
476
470
462
469
473
458
461
448
450
452
458
443
438
438
454
449
452
446
445
450
447
448
444
453
446
445
443
441
453
453
451
453
446
443
454
451
455
451
454
445
437
434
446
442
450
440
450
444
440
450
449
456
453
451
465
453
464
455
467
460
468
456
465
455
465
453
466
461
470
457
473
465
466
463
468
463
468
463
469
462
468
464
468
462
470
464
461
467
466
454
462
468
463
462
460
470
458
457
467
448
451
469
461
469
460
465
459
463
468
467
452
462
475
465
479
475
483
476
486
477
489
484
494
484
495
484
497
487
502
492
508
498
512
508
8446
8441
8439
8473
8496
8572
8572
8572
8565
8513
8514
8511
8505
8495
8492
8490
8483
8476
8462
8457
8444
8437
8425
8423
8407
8403
8391
8385
8375
8367
8344
8334
8587
8300
8531
8580
8558
8570
8558
8330
8318
8364
387
8533
8346
8352
332
8519
8551
8555
8306
341
324
522
390
216
88
89
80
86
85
399
82
82
80
82
81
474
83
86
82
213
82
86
82
82
233
235
307
309
329
328
352
352
354
386
385
406
418
418
440
450
397
301
278
276
278
261
278
276
321
335
346
347
374
375
403
402
420
422
420
422
420
474
486
487
507
506
525
526
546
547
565
566
581
581
603
603
616
611
609
606
602
601
617
591
626
609
603
617
614
604
609
593
598
576
586
587
604
607
612
613
601
608
593
605
586
593
583
591
576
584
582
593
581
585
578
586
578
590
576
588
573
576
577
589
600
597
603
599
605
605
597
597
603
578
608
581
574
593
578
585
578
589
575
590
579
590
580
584
582
592
575
587
599
581
592
580
588
581
595
580
592
582
605
589
602
589
580
591
598
581
598
598
605
610
581
590
576
581
584
590
582
592
590
586
588
596
588
596
589
597
586
599
568
437
404
376
553
517
532
516
513
559
465
583
423
415
457
592
486
540
389
473
441
524
528
534
531
510
516
527
526
515
523
512
520
513
511
520
519
507
514
508
516
510
521
502
512
499
484
492
471
508
480
478
500
499
520
518
541
539
557
554
559
555
588
586
603
505
493
506
501
512
507
484
508
505
555
559
560
552
560
555
562
565
566
554
571
579
566
550
538
547
575
573
578
573
575
570
576
546
554
565
573
579
566
564
571
574
559
568
560
567
574
580
569
578
573
578
557
566
527
516
545
545
563
562
583
571
573
581
575
551
558
596
590
597
574
597
577
581
594
615
608
615
619
592
595
587
575
565
556
558
543
536
528
523
621
609
457
448
444
406
342
316
434
436
403
486
387
356
445
342
330
502
513
366
432
385
606
303
494
474
466
434
470
483
475
473
469
479
456
468
457
463
349
346
241
241
269
266
290
304
302
303
335
335
363
356
375
379
375
385
387
387
386
386
437
438
459
460
460
501
501
529
547
549
528
574
576
595
595
615
608
630
631
636
629
624
639
625
633
614
640
630
638
634
628
613
621
605
615
600
599
597
593
600
575
589
583
600
587
606
605
627
625
643
592
610
619
602
606
613
591
584
602
594
605
601
601
590
599
576
570
596
570
592
588
597
600
589
599
586
583
580
573
583
577
578
589
585
579
579
585
557
569
555
584
563
554
561
547
558
552
539
551
550
525
525
542
529
523
539
534
523
528
520
527
521
502
508
519
518
534
504
518
510
524
522
509
496
506
500
494
506
500
487
497
467
478
492
487
492
481
490
506
503
517
501
486
507
495
507
495
507
497
507
499
512
501
511
506
514
504
515
502
512
511
521
519
530
515
518
524
526
519
531
519
527
516
525
520
527
521
527
523
522
533
527
534
531
523
533
529
537
526
539
530
532
523
523
518
516
539
528
533
526
536
502
474
469
466
459
456
448
446
436
438
424
422
414
414
407
404
395
392
382
380
373
375
364
359
358
353
348
346
339
331
328
326
318
310
309
307
310
307
309
286
286
273
275
262
524
506
516
498
492
481
4
5
24
22
36
28
29
26
59
48
61
32
43
39
50
165
166
172
168
152
147
162
162
166
178
178
192
192
207
205
206
233
232
247
247
259
259
256
254
257
260
257
257
308
319
319
374
375
403
404
422
422
439
439
456
455
474
474
490
489
488
515
514
533
533
547
539
552
539
554
545
552
557
565
567
559
558
566
573
565
577
565
574
568
580
567
569
552
571
582
583
599
599
592
606
600
570
558
563
548
563
550
541
560
548
533
557
548
561
543
556
565
568
561
559
569
579
559
573
561
572
567
574
564
579
567
576
583
573
579
576
578
582
569
573
581
565
578
578
567
569
574
571
570
587
601
595
600
592
590
557
551
518
526
578
557
506
556
608
592
537
598
584
604
589
612
591
603
588
599
585
592
585
570
580
543
566
555
592
539
593
582
595
589
597
586
598
589
600
591
615
613
611
620
599
773
759
748
716
690
689
666
657
661
663
666
669
672
669
665
653
650
636
631
624
615
611
604
602
595
584
570
573
577
579
557
556
550
667
667
521
520
505
491
487
463
457
455
434
413
412
533
765
547
527
9
6
15
19
9
6
18
27
14
18
11
30
41
41
72
81
133
125
141
165
162
182
181
206
206
235
237
255
245
267
267
284
284
283
284
321
323
345
344
345
346
348
332
348
329
343
344
343
344
344
331
332
404
403
405
452
453
455
453
494
495
494
495
543
546
526
545
543
477
466
466
456
444
438
424
416
395
394
259
545
268
274
275
323
245
258
491
404
365
546
324
297
487
247
247
539
259
262
510
247
266
378
277
244
491
480
473
467
486
477
484
463
475
336
237
227
243
243
261
262
279
278
298
297
316
315
330
332
346
346
366
366
384
383
404
402
416
424
424
449
450
450
478
479
503
501
518
517
536
535
557
557
576
576
581
589
588
595
597
599
608
601
610
607
615
613
616
608
609
616
621
613
619
607
623
601
606
617
632
637
624
640
627
641
629
630
636
618
636
629
651
635
641
643
639
627
647
636
640
649
650
647
662
634
653
656
663
668
657
675
661
667
660
669
660
672
658
682
669
679
668
666
672
681
660
679
668
665
657
664
659
661
656
649
9585
9574
9622
9608
9610
9601
9599
9686
9679
9670
9670
9681
9664
9677
9674
9656
9647
9661
9666
9677
9662
9652
9644
9650
9626
9640
9626
9612
9617
9635
9620
9608
9618
9587
9609
9596
9606
9596
9604
9596
9601
9592
9611
9599
9613
9601
9611
9600
9603
676
686
677
647
652
654
651
657
569
551
573
564
556
545
568
561
559
548
559
549
546
559
555
548
549
537
536
535
543
534
531
589
608
584
592
580
587
578
588
585
514
540
506
573
547
456
443
425
526
498
492
567
437
484
465
537
533
539
545
534
536
536
551
544
555
543
541
553
539
555
558
545
558
552
562
557
570
567
577
581
595
517
514
527
521
536
524
531
537
530
530
466
500
483
484
503
511
510
512
502
547
546
565
564
586
586
591
578
586
595
569
592
578
585
578
587
586
607
586
597
588
602
588
595
588
600
582
590
583
561
581
573
577
560
568
570
577
553
571
564
551
553
542
550
539
536
547
549
543
543
543
532
524
514
535
540
532
548
524
530
538
530
529
537
514
523
537
522
520
513
524
510
524
509
517
512
499
519
510
520
513
511
520
519
500
514
520
519
528
507
454
429
406
474
324
432
419
419
524
387
377
335
496
360
451
493
512
368
312
437
453
345
485
462
491
498
484
494
486
501
485
485
491
475
494
501
508
489
488
497
490
250
272
260
438
425
472
469
245
246
246
245
379
241
447
242
243
260
460
420
483
252
345
385
397
398
411
412
412
413
443
443
460
460
476
463
466
472
475
468
479
456
470
487
476
485
476
485
479
488
434
394
367
380
380
382
402
401
421
420
432
432
449
449
448
472
472
489
489
506
505
520
515
513
535
528
520
535
527
527
532
516
535
537
522
519
537
538
519
516
526
500
523
514
522
508
519
507
520
505
502
514
517
502
489
494
501
503
500
479
487
506
491
495
500
500
503
502
494
485
507
495
504
497
503
517
504
504
508
518
511
523
517
525
533
515
520
530
540
609
598
572
580
605
594
565
615
604
613
619
622
615
623
625
615
621
641
638
634
641
632
645
623
640
632
645
639
648
645
827
817
813
825
826
836
816
826
822
826
816
822
815
817
811
830
820
808
818
712
756
730
716
715
733
733
719
727
750
742
754
741
744
737
734
732
731
747
750
739
749
731
742
741
758
750
756
755
580
760
588
586
585
579
587
575
580
593
592
586
598
586
583
591
579
591
581
586
600
585
591
582
608
602
597
605
594
583
614
612
607
594
610
607
612
610
611
605
616
604
608
608
623
608
601
616
617
612
605
617
606
600
619
623
615
613
629
635
625
638
643
632
648
642
648
647
648
638
634
652
633
636
700
688
629
698
695
706
675
701
689
697
723
689
709
711
695
687
718
714
714
698
715
706
710
711
723
712
725
711
719
712
706
705
688
681
661
652
711
645
630
621
621
618
610
600
591
579
578
569
572
575
494
490
478
481
467
465
463
429
420
399
401
403
396
378
377
379
381
367
354
351
342
337
338
319
317
306
300
289
637
8
12
32
29
46
47
25
59
63
66
20
12
58
32
22
78
71
81
88
135
153
157
174
174
194
202
202
212
210
210
211
252
252
271
271
293
293
311
311
329
326
330
350
344
342
368
359
364
367
401
401
418
427
427
450
449
471
472
471
494
491
506
505
527
526
546
539
559
573
573
584
574
582
572
581
570
572
557
559
563
581
567
578
565
581
556
573
565
568
583
573
575
586
577
596
593
591
584
606
590
577
591
581
595
584
578
571
597
590
591
596
604
599
605
599
580
603
586
591
587
591
584
573
579
587
582
598
591
578
588
575
572
580
570
586
569
576
579
572
583
572
578
566
562
574
564
552
565
557
557
539
561
552
550
540
555
519
556
528
536
525
537
535
527
519
531
513
527
525
526
538
540
539
544
545
541
532
532
546
544
541
549
541
555
548
555
553
555
542
554
558
548
558
554
563
568
569
571
566
578
567
587
572
584
575
566
587
578
593
575
566
564
576
576
574
578
577
580
578
565
575
568
558
561
559
563
550
548
515
530
554
537
559
541
535
551
544
532
524
544
532
545
532
544
535
533
540
541
534
526
541
529
538
543
535
556
539
567
572
590
590
1552
1551
1557
1551
1560
1558
1561
1546
1551
1563
1562
1561
1558
1569
1572
1566
1565
1555
1558
1549
1546
1559
1558
1459
1423
1379
1467
1488
1540
1537
1431
1447
1403
1361
1502
1559
1556
1484
1416
1392
1525
1511
1383
1462
1459
1458
1490
1464
1456
485
1437
488
480
485
490
487
488
486
488
488
503
486
499
491
500
495
488
503
508
501
499
498
398
487
404
519
431
430
450
450
459
458
474
474
489
492
489
510
517
517
544
536
555
556
563
554
569
556
568
574
561
568
537
550
524
569
563
561
561
553
553
540
559
551
551
445
441
554
442
542
498
514
399
532
445
375
368
350
486
419
387
408
350
520
433
473
404
505
494
514
490
495
488
493
505
509
503
491
506
491
510
502
522
503
508
513
520
513
518
516
523
520
514
519
509
494
429
448
448
425
427
441
443
453
454
471
469
486
486
499
499
501
498
462
498
498
465
489
501
496
478
539
533
547
533
541
538
501
537
526
531
523
521
509
527
521
515
521
511
516
520
515
512
525
500
525
502
495
506
465
485
493
473
506
507
509
498
514
502
507
481
470
455
472
472
488
489
507
508
526
524
534
528
536
528
542
538
555
554
544
537
533
539
534
519
533
528
510
496
518
445
400
400
388
486
365
326
452
280
276
272
265
256
456
306
295
511
425
381
468
352
250
243
503
288
430
424
333
345
486
319
385
412
374
392
419
404
111
107
397
236
101
111
368
111
377
101
98
93
125
407
108
383
349
335
388
235
110
92
99
337
337
337
337
338
338
335
337
401
401
440
440
459
388
389
460
390
388
393
241
232
397
241
261
255
241
459
390
253
251
243
250
459
241
240
231
386
241
240
251
396
399
360
358
357
359
357
355
358
398
447
448
472
472
498
499
524
526
550
551
577
568
503
498
512
413
511
396
397
418
419
437
439
446
455
453
473
470
484
473
456
451
474
473
491
485
500
514
501
524
544
543
558
561
560
581
580
600
601
611
621
609
632
602
619
618
607
601
606
585
592
598
602
592
606
598
610
612
609
604
607
602
603
611
595
612
607
615
607
615
602
609
594
597
602
594
603
598
616
605
584
603
600
609
598
608
597
594
608
609
607
477
514
606
485
506
553
601
563
583
534
484
539
555
548
555
551
540
546
539
540
547
538
513
530
537
534
511
498
518
520
521
519
513
497
506
517
514
495
490
495
496
497
478
497
484
492
480
484
472
457
477
424
417
435
435
452
453
468
468
488
488
507
504
511
515
496
503
516
516
504
514
507
516
510
502
519
514
519
510
510
515
526
513
518
524
536
522
534
526
526
533
525
535
532
539
533
538
548
539
534
535
527
541
530
532
537
536
530
535
530
539
532
539
525
545
530
544
542
539
537
533
539
541
534
535
517
525
520
522
535
528
547
545
537
525
546
523
530
545
535
542
539
542
534
543
535
539
541
539
546
545
537
544
531
538
536
540
518
531
542
525
533
536
525
530
526
529
516
515
526
504
515
524
521
516
528
521
534
530
541
515
521
515
507
519
523
523
524
546
538
530
526
531
524
525
527
529
510
507
535
525
527
521
532
521
524
535
524
532
526
524
524
517
523
521
512
509
502
520
518
520
503
512
519
523
511
511
513
502
512
501
514
503
518
509
508
516
487
496
510
508
508
507
494
508
494
510
504
478
470
493
487
492
482
495
480
491
480
478
491
479
473
465
488
489
494
495
497
493
496
481
498
485
495
489
495
495
497
480
487
487
493
485
498
493
485
463
482
496
463
482
485
476
479
478
471
474
459
466
467
471
479
469
477
468
468
477
484
485
489
484
481
479
469
487
495
485
495
474
491
482
485
485
496
486
496
487
495
497
485
498
489
497
489
495
489
496
494
493
494
509
498
495
485
500
512
511
519
506
514
509
509
506
506
495
498
502
500
495
486
492
488
481
488
487
474
495
480
499
480
496
506
495
499
507
500
474
464
502
492
486
505
484
486
493
459
459
453
453
469
474
458
462
478
508
504
599
651
663
635
646
657
647
682
674
672
673
687
694
694
697
695
696
715
698
695
721
708
701
701
701
710
700
717
709
708
718
726
717
722
667
717
727
659
656
662
666
669
672
674
674
649
650
653
584
563
509
485
454
454
458
653
456
449
491
510
503
511
501
500
488
487
485
497
488
508
492
503
489
501
489
503
494
499
483
506
496
468
365
470
366
349
471
354
495
418
423
453
454
455
453
454
554
554
573
580
578
579
576
606
605
628
627
652
650
641
653
656
610
628
622
619
613
620
643
655
639
635
654
642
654
641
639
656
649
635
643
628
644
644
659
660
641
649
669
610
607
602
600
558
581
562
533
547
534
544
528
527
539
532
529
543
548
532
546
572
554
579
594
594
548
542
532
419
480
488
373
365
360
352
349
344
341
400
541
466
407
457
383
533
435
447
514
575
414
334
495
589
394
507
430
386
431
402
391
416
428
410
493
493
472
484
292
409
435
170
167
416
477
493
136
150
470
228
240
240
239
239
273
271
287
287
303
303
311
311
332
334
351
352
363
364
365
397
397
412
413
434
435
460
463
458
484
485
496
470
473
491
493
494
505
424
447
490
507
456
456
456
488
489
510
509
529
522
527
503
503
521
525
527
520
519
520
531
528
535
541
536
529
548
540
554
553
541
538
548
546
546
538
542
540
542
536
546
541
548
544
558
550
555
555
562
568
577
563
563
553
561
548
541
558
550
538
543
536
558
557
554
546
554
546
554
544
540
551
547
546
553
551
547
537
548
535
528
521
542
546
528
536
528
540
525
534
538
530
540
529
541
528
539
542
553
556
549
553
565
560
556
571
558
573
553
555
572
558
560
558
564
552
565
554
568
562
571
569
572
564
564
570
553
571
568
577
571
577
582
584
579
586
586
587
578
588
575
584
572
572
585
583
570
578
564
572
555
564
565
571
557
569
558
559
569
554
571
552
570
561
568
564
564
557
564
556
557
554
553
552
540
557
559
548
547
564
558
566
563
567
559
558
566
562
570
569
561
570
561
569
560
572
566
574
567
574
586
577
591
568
578
575
567
571
560
549
569
585
567
566
577
569
579
577
575
577
570
567
574
570
564
572
556
567
563
561
554
562
552
553
561
558
538
533
553
549
543
545
539
521
534
542
501
511
540
531
536
542
530
549
536
547
549
541
564
548
531
545
543
519
531
527
534
539
529
550
552
555
546
556
551
568
556
576
568
583
583
580
567
574
606
587
600
589
589
617
615
609
617
609
627
598
609
588
610
602
621
612
634
616
622
619
630
614
640
604
621
640
649
653
646
660
652
651
675
653
662
673
660
678
671
678
658
638
674
662
647
671
679
667
653
653
662
654
669
671
660
674
651
665
661
652
676
654
653
668
661
677
667
665
653
675
659
648
640
647
672
650
655
650
655
650
647
634
647
632
638
622
636
628
619
642
629
614
612
600
617
605
595
603
615
604
570
596
582
580
597
576
583
585
557
577
556
575
565
582
568
584
566
578
565
562
573
579
571
570
563
568
561
555
564
557
569
562
553
540
555
550
547
555
535
553
523
535
539
533
541
532
522
528
524
532
529
546
538
528
524
535
523
520
514
505
502
490
500
528
506
518
504
513
503
513
493
503
509
502
497
485
504
507
498
502
500
505
498
512
502
509
492
492
494
507
508
502
486
508
499
491
519
503
511
466
377
379
499
429
422
460
400
470
489
448
359
444
336
329
482
430
420
348
433
364
479
500
491
514
506
512
507
517
510
521
519
513
528
518
517
523
506
524
516
530
516
534
523
515
516
529
533
532
490
405
403
411
412
424
413
412
420
410
412
423
425
472
472
486
487
492
494
500
514
529
527
532
503
463
322
488
415
378
366
514
474
351
459
341
434
388
395
309
419
445
481
345
401
480
466
482
473
485
473
484
479
466
481
465
447
473
474
491
473
485
486
501
496
509
500
510
507
517
522
505
512
476
426
423
412
410
414
414
419
443
443
455
454
466
462
482
481
508
507
523
522
536
534
541
538
527
550
595
592
592
581
592
612
624
619
625
606
617
619
624
615
622
611
628
616
632
632
629
626
637
587
592
613
643
599
624
628
638
602
590
585
611
592
554
543
537
619
527
572
614
580
616
604
612
597
604
618
22357
22412
22449
22429
22441
22384
22290
22272
22250
22232
22337
22213
22187
22374
22347
22230
22358
22216
22209
22211
22341
22212
22312
22155
22363
22398
22362
22329
22306
22297
22411
22459
22436
22422
22218
22422
22421
22641
22642
22674
22690
22715
22715
22735
22740
22723
22710
22733
895
22725
466
460
517
837
469
438
451
443
402
383
379
382
386
388
472
444
477
437
440
474
475
450
457
391
391
463
22723
449
480
471
439
672
560
565
568
573
455
433
427
416
396
381
375
378
373
375
366
369
261
193
166
161
162
165
167
170
172
175
177
179
181
184
186
187
191
188
191
561
5
6
15
36
26
28
49
51
43
56
55
58
27
56
51
41
28
53
50
8
4
13
12
26
29
30
25
10
27
28
31
13
49
23
35
66
18
16
8
26
45
31
42
122
139
137
156
168
157
168
197
200
199
226
243
250
250
276
275
294
294
311
327
325
326
363
363
389
389
406
420
407
418
419
418
463
461
480
481
501
500
516
533
542
541
518
546
542
0
528
544
543
536
537
601
597
598
597
565
588
592
608
601
593
601
592
601
589
592
588
599
601
584
587
538
692
651
622
547
698
574
679
664
637
673
634
529
587
637
719
564
547
526
516
697
548
762
758
772
756
758
760
760
754
754
754
813
816
805
811
786
791
798
797
790
801
792
808
805
811
797
798
528
474
473
498
445
462
435
454
454
452
483
485
501
501
524
524
547
563
563
590
592
613
631
631
630
612
566
563
600
599
600
599
613
627
636
629
630
638
657
630
636
638
620
627
605
607
590
597
616
584
605
597
607
599
587
598
606
588
604
605
594
605
591
591
552
577
568
592
570
555
557
539
555
528
507
515
523
532
532
550
545
565
553
547
539
549
540
556
537
535
546
541
533
545
551
540
548
552
534
553
553
563
560
564
549
542
552
559
563
553
554
560
525
559
545
568
526
566
571
559
576
566
565
586
574
593
583
596
581
591
586
590
580
569
544
518
410
563
515
422
551
420
583
465
482
416
456
530
389
454
503
433
475
403
368
493
427
397
500
503
498
509
535
536
510
523
516
536
537
542
533
540
527
538
527
526
515
529
526
522
527
434
437
440
382
358
372
366
387
386
397
395
411
411
399
426
426
440
440
454
454
468
468
488
489
502
504
505
505
537
536
540
567
556
555
549
563
552
551
569
544
511
563
471
450
424
508
553
483
491
521
468
433
535
449
509
490
502
498
492
481
488
469
472
493
484
468
474
484
480
492
484
499
486
503
487
480
479
487
471
466
463
492
478
466
485
475
485
474
491
455
422
452
440
441
459
458
469
474
484
484
501
502
518
518
530
528
520
532
534
544
524
544
538
552
537
551
540
546
538
543
535
536
528
533
526
530
534
529
536
532
539
529
532
530
536
535
530
517
544
532
547
547
540
554
542
554
515
478
542
498
381
460
445
448
508
497
421
552
415
406
521
401
374
361
538
530
432
389
487
463
486
522
530
529
535
535
527
540
538
526
529
534
529
538
568
565
557
563
578
576
566
573
575
567
590
575
582
528
438
438
433
437
440
437
441
444
446
450
454
457
463
465
469
470
471
472
469
471
473
476
471
463
455
449
443
429
421
421
413
414
399
372
363
349
332
325
316
305
303
291
276
261
251
243
239
231
225
437
437
9
7
29
42
45
50
57
65
52
53
70
63
215
212
225
222
219
233
212
220
228
236
228
244
244
261
256
258
275
272
276
271
272
273
318
316
335
345
344
364
364
378
381
387
384
387
385
413
414
426
427
423
445
452
454
465
475
478
467
470
505
505
499
515
511
503
517
514
514
502
495
510
522
521
510
491
470
520
510
501
489
502
507
504
507
506
502
489
518
537
524
518
511
521
516
521
535
528
544
528
525
525
543
533
537
545
551
542
528
506
526
495
516
533
523
515
521
512
522
507
519
511
527
511
524
518
510
530
530
544
542
530
505
516
517
491
533
523
525
524
531
531
548
532
552
550
557
544
559
549
565
552
564
557
567
565
570
560
577
574
575
554
560
570
583
579
586
572
575
581
586
581
586
588
581
586
580
570
583
584
573
585
582
584
586
588
568
583
576
577
589
591
592
596
584
595
582
578
591
580
574
582
571
566
581
559
572
562
569
556
548
551
556
566
553
564
556
569
560
558
537
529
548
545
552
552
544
546
549
545
547
543
527
541
532
533
522
525
533
513
524
521
508
505
512
499
513
507
493
504
493
507
520
509
520
514
522
513
518
519
500
528
506
518
526
539
522
528
516
505
549
542
558
550
545
547
554
559
562
569
559
563
548
543
544
538
531
521
510
505
494
491
482
474
474
471
466
442
424
410
410
409
394
392
390
376
355
329
329
329
330
330
324
276
273
272
267
267
258
246
240
231
213
209
202
181
171
156
152
573
544
2
5
7
21
12
35
42
18
17
18
68
73
92
110
116
141
176
187
180
186
165
206
220
219
220
223
219
219
219
222
197
196
219
191
218
209
197
192
227
198
196
219
206
205
192
191
191
215
209
197
196
190
206
209
208
358
357
361
368
371
375
378
382
363
363
358
332
223
141
103
95
93
86
369
88
84
93
368
317
339
361
91
83
383
90
334
334
350
276
141
140
167
167
188
188
210
209
225
234
230
228
233
238
238
235
242
247
250
254
238
237
238
238
239
234
236
234
230
236
233
255
226
232
229
239
229
235
236
233
373
437
437
454
454
472
461
466
468
461
465
448
470
468
270
468
255
373
268
268
262
264
256
503
267
250
249
478
267
460
252
273
489
254
266
247
430
441
440
440
430
461
459
461
501
501
515
522
520
521
547
528
538
545
540
545
527
544
540
549
542
524
530
396
462
492
425
418
824
820
836
848
848
867
866
862
885
885
900
899
918
917
934
935
946
949
952
949
961
951
953
964
958
929
937
943
947
936
936
932
950
941
954
939
950
942
952
949
940
944
966
950
949
955
887
888
907
509
504
516
485
512
498
511
503
492
487
496
485
503
497
496
501
508
509
505
515
504
515
518
509
512
509
505
506
518
513
496
502
479
483
440
432
449
400
419
516
460
423
466
531
395
514
509
521
447
447
503
469
477
444
492
484
444
436
513
528
515
508
510
504
510
489
497
509
508
499
500
498
512
501
501
489
514
481
468
428
494
496
413
431
420
421
439
441
442
472
418
470
499
498
514
482
518
506
446
444
466
466
487
489
511
511
511
537
536
545
541
526
552
547
555
560
541
561
555
577
569
567
555
560
567
575
573
586
572
554
561
546
583
560
568
580
585
577
588
586
578
566
564
575
579
576
552
582
559
569
568
554
538
547
561
551
545
556
549
528
538
534
555
534
538
533
538
529
535
521
522
530
524
538
528
536
525
539
527
537
536
515
524
524
535
524
526
518
504
542
534
545
535
520
532
522
535
519
527
534
511
474
537
527
487
519
494
509
513
520
528
527
528
517
525
513
528
522
521
515
497
516
510
506
495
487
484
474
475
465
460
449
440
433
433
426
421
397
405
398
400
388
377
371
359
356
357
343
339
310
288
282
281
287
288
292
296
294
289
288
286
286
285
280
270
269
262
531
4
21
6
15
30
11
8
27
25
34
33
45
63
78
76
78
50
78
42
43
60
52
48
64
40
43
47
43
52
51
42
62
47
43
42
97
122
53
85
98
101
103
146
142
164
159
185
184
202
204
221
221
239
235
250
250
261
266
281
279
288
298
308
309
328
329
335
338
338
349
349
350
379
379
404
404
425
423
441
442
461
460
477
477
494
494
511
495
504
519
518
521
522
539
553
553
545
569
562
547
553
567
565
552
566
558
573
563
572
571
560
558
570
564
538
515
495
469
463
464
453
447
442
430
423
509
381
437
276
277
415
324
327
480
287
310
496
374
393
522
358
339
553
300
400
544
406
360
359
412
403
414
443
455
455
444
450
443
451
440
445
450
342
457
357
359
377
378
329
291
309
309
336
344
349
362
362
381
375
380
375
376
1362
1365
1366
1383
1391
1386
1407
1406
1421
1432
1432
1458
1458
1478
1477
1474
1474
1471
1417
1444
1410
1453
1401
1477
1461
1430
1475
1477
1470
1490
1508
1502
1493
1506
1488
1483
1507
1504
1507
1490
1506
1494
1502
1498
1491
1510
550
576
577
558
581
574
565
579
571
577
560
570
564
574
565
526
458
458
449
448
449
458
557
457
557
537
536
554
555
577
576
578
578
455
452
445
441
552
572
328
327
321
316
311
313
363
354
479
345
336
497
478
546
427
387
520
535
370
512
486
562
390
293
390
407
438
437
472
471
484
479
498
463
479
446
437
446
461
452
334
286
252
285
284
300
299
301
299
329
329
327
352
350
352
385
384
406
407
428
428
450
444
445
464
466
467
464
500
499
502
501
519
517
536
535
535
564
560
567
562
570
557
554
564
533
550
555
558
549
559
545
534
541
544
509
521
537
536
522
502
558
539
533
540
544
535
539
530
537
532
537
535
554
533
550
536
546
539
535
535
547
529
538
553
547
536
533
540
539
530
542
534
546
532
537
545
538
555
542
539
549
553
544
548
557
531
555
552
550
561
570
572
565
568
583
587
576
571
559
562
572
560
574
548
563
566
550
572
560
582
573
587
563
579
566
581
573
583
574
579
573
584
571
572
583
568
558
577
562
580
558
573
558
561
565
562
554
562
558
562
552
558
564
553
579
561
577
582
572
576
593
585
594
550
549
558
581
590
588
583
597
577
544
506
557
520
528
565
586
595
595
588
589
597
610
590
573
589
596
600
594
555
606
598
572
603
585
592
605
584
601
591
605
600
582
594
594
592
597
597
585
593
594
598
573
594
567
596
587
595
591
560
570
570
579
575
568
571
537
559
545
585
533
585
539
563
533
566
555
583
587
598
584
585
607
605
567
565
578
570
594
591
577
592
584
621
631
622
634
609
623
606
454
577
538
419
623
449
449
643
412
642
550
372
518
509
508
606
584
450
392
374
584
477
483
567
550
549
505
480
458
459
463
468
467
456
453
440
388
382
372
365
361
359
332
278
280
218
195
193
194
197
177
173
176
179
177
179
181
184
185
188
189
192
195
547
530
502
553
546
492
4
3
9
9
27
42
40
45
43
17
30
41
28
44
64
111
158
151
145
143
151
169
170
186
186
208
208
223
222
223
225
244
239
254
256
241
237
238
244
234
234
235
239
246
241
239
236
240
246
354
354
377
377
377
399
395
399
398
402
397
403
395
401
468
400
469
487
485
484
470
483
473
470
468
477
454
470
460
455
473
481
439
355
375
370
375
371
378
380
377
411
411
424
424
439
440
452
454
453
455
467
481
482
474
473
454
471
470
486
463
479
477
497
495
503
494
20549
20558
20604
20635
20651
20647
20630
20641
20615
20611
20622
20612
20611
20605
20599
20596
20594
20589
20584
20581
20572
20566
20560
20551
20552
20546
20531
20524
20518
20512
20505
20502
20493
20489
20477
20473
20467
20463
20461
20450
20442
20439
323
296
258
245
245
20629
20617
20643
20661
20632
20645
20616
6
5
13
9
8
11
10
14
24
35
19
30
36
27
33
176
179
196
194
209
201
206
212
211
240
238
257
257
276
276
297
295
317
319
335
346
345
346
371
367
372
388
388
386
388
419
419
432
437
439
437
467
469
468
491
493
512
514
512
532
530
552
551
572
572
583
569
562
575
551
540
538
516
509
504
491
487
485
472
471
454
447
440
430
428
416
410
411
407
393
385
373
376
373
363
365
356
355
344
331
332
323
312
312
296
297
287
281
276
263
253
247
243
230
231
225
554
564
6
18
22
32
35
37
43
43
62
51
64
52
40
3
10
5
5
5
9
19
14
39
10
35
19
15
39
9
8
7
12
4
14
19
9
30
32
18
21
15
19
37
5
8
8
9
16
31
26
26
27
11
29
6
4
4
18
11
26
16
14
26
20
16
16
149
143
146
135
156
142
144
148
150
153
154
155
156
158
160
161
163
165
166
170
171
174
177
180
182
183
185
188
189
191
193
195
197
198
201
203
204
207
210
211
214
215
217
219
222
225
226
228
215
216
206
207
208
210
125
147
22
11
708
708
732
715
735
735
717
712
713
714
717
720
720
719
719
721
725
725
712
713
717
725
718
710
721
714
729
734
728
714
715
726
715
711
713
875
937
937
962
962
962
988
993
989
991
991
990
1050
1050
1067
493
497
501
492
290
333
299
414
335
347
334
346
347
336
389
388
411
410
410
413
411
421
469
482
481
501
517
531
532
553
553
567
567
568
567
570
589
579
587
577
574
541
556
568
557
567
538
539
549
510
519
566
564
602
591
595
587
605
599
602
616
629
623
610
609
600
579
599
595
597
599
592
579
586
569
581
569
569
549
554
566
553
568
551
571
571
588
574
597
602
592
598
591
579
536
554
553
555
614
612
634
634
656
621
621
633
616
603
628
626
605
608
617
616
613
620
624
616
616
629
620
630
617
611
606
594
628
618
633
626
618
630
635
630
634
626
636
399
368
596
362
459
351
345
334
327
318
312
304
294
291
447
428
518
392
572
550
564
543
533
586
468
436
410
373
363
516
357
626
384
502
489
481
499
483
482
490
491
503
498
507
496
509
503
514
392
506
411
338
292
308
292
295
332
332
344
356
356
373
372
391
389
410
408
426
426
444
443
460
458
475
474
489
498
496
507
512
507
541
540
554
551
548
558
561
550
518
539
545
534
559
562
546
547
529
540
540
546
556
560
546
560
561
572
562
584
567
580
568
575
570
571
582
579
560
571
569
579
568
561
581
576
576
584
579
586
583
573
591
582
584
574
571
584
578
590
576
591
588
586
590
581
572
570
569
583
569
586
576
587
576
585
575
557
516
555
531
540
564
518
580
558
545
535
555
553
548
556
547
550
549
560
549
554
547
556
554
545
554
544
552
552
541
544
539
532
543
546
538
547
538
547
533
527
534
548
546
527
529
528
524
503
529
522
525
488
505
505
516
517
518
540
531
542
532
528
528
535
530
522
511
528
518
524
506
527
524
517
525
515
513
528
519
511
517
511
511
522
517
509
522
513
512
512
519
516
524
520
516
525
503
518
514
526
519
534
522
531
524
538
521
535
521
527
531
526
528
496
496
533
513
525
536
524
540
544
533
546
534
539
548
548
542
551
539
553
541
546
557
560
546
552
547
567
555
561
554
563
557
565
559
557
552
564
561
563
555
566
556
567
561
568
556
552
561
567
559
599
568
590
590
604
594
599
609
608
600
608
600
604
601
593
601
601
596
598
588
591
581
587
580
576
585
578
569
566
534
530
553
547
517
573
551
553
566
549
546
559
562
545
538
553
555
546
542
537
551
515
498
523
519
506
518
502
511
492
495
480
481
482
499
502
495
489
458
366
454
495
432
412
471
449
506
477
400
437
369
420
457
458
478
478
510
504
524
530
516
522
498
485
540
522
505
533
508
541
518
534
520
543
529
533
546
543
533
551
551
649
639
630
651
642
650
585
616
615
572
590
605
604
604
631
631
649
649
668
668
687
670
674
685
686
677
650
668
634
637
640
587
571
562
561
534
649
603
602
480
502
604
604
605
552
520
490
648
423
524
516
548
524
529
536
516
590
589
601
590
588
602
603
587
597
586
593
580
571
595
575
577
586
585
576
565
572
562
569
562
569
540
568
569
498
470
486
480
481
499
500
515
514
532
530
545
544
560
558
574
573
584
578
588
510
512
518
508
512
495
513
505
509
503
508
498
509
497
510
504
511
506
516
508
505
513
504
486
509
523
513
525
513
526
524
527
516
525
522
522
512
523
516
521
519
523
515
525
522
526
519
526
522
527
519
532
525
533
531
545
526
531
537
548
533
551
538
556
541
562
546
560
548
566
551
567
550
549
562
556
558
569
554
570
557
563
561
569
567
572
570
578
538
508
577
441
429
526
525
490
438
543
508
558
429
414
413
399
393
476
371
458
451
561
470
488
378
468
468
457
487
490
482
494
484
491
481
492
473
491
483
482
499
483
484
494
486
487
493
490
481
413
412
349
337
358
359
400
399
420
417
431
431
449
434
454
452
473
473
493
494
515
514
533
534
551
551
570
571
590
589
601
592
588
600
584
598
593
587
582
593
585
587
597
588
603
583
571
597
559
579
590
591
587
567
577
553
547
562
550
567
554
567
566
564
559
569
574
564
573
561
573
567
570
571
541
564
557
548
549
563
554
546
550
549
551
554
558
547
556
555
536
553
544
550
533
540
541
546
560
555
565
556
566
563
563
580
577
563
566
558
565
551
553
544
553
530
542
515
532
523
517
531
534
534
514
513
534
512
536
511
534
527
514
517
509
510
516
505
509
521
527
521
530
530
504
538
517
517
512
505
505
503
509
507
504
508
494
496
507
513
504
509
492
478
505
502
514
514
530
523
529
519
524
528
532
524
537
528
548
532
549
547
552
556
550
558
559
570
568
563
535
549
554
545
769
765
782
782
793
792
775
793
808
778
787
810
897
885
1065
1053
1057
1050
1072
1073
1087
1076
1044
1067
1061
1060
1054
1059
1054
1046
1064
1046
1052
1011
999
964
918
918
909
695
687
672
661
659
657
627
590
592
595
598
599
510
463
1051
313
247
232
918
1036
326
324
306
285
276
1018
264
1000
230
940
1033
958
954
259
965
224
979
339
365
380
380
372
388
187
254
409
177
176
201
201
218
217
234
234
235
240
235
222
234
223
222
221
234
218
218
233
235
223
233
234
232
226
218
204
235
234
362
362
383
391
392
391
408
409
430
430
452
450
450
449
488
488
515
507
510
511
519
505
511
502
507
510
461
459
506
507
453
456
521
482
498
467
496
466
498
491
489
510
516
515
534
535
554
554
570
571
584
580
586
576
583
578
595
587
591
580
559
579
578
567
580
587
568
578
572
560
570
558
553
557
563
565
531
530
523
531
524
524
519
509
529
505
504
520
520
538
522
541
542
524
543
530
535
545
538
548
541
554
540
554
536
540
551
554
540
556
527
513
498
488
527
475
546
516
492
541
542
536
530
517
530
541
530
516
525
541
536
542
524
534
534
525
532
530
503
511
518
534
522
519
518
533
494
518
542
510
523
509
523
517
532
518
532
524
510
511
538
504
516
526
523
543
543
567
566
587
569
586
572
562
584
578
604
605
608
626
599
608
614
626
622
637
611
630
616
636
629
640
633
644
632
652
636
609
633
633
637
650
635
626
593
610
619
612
614
602
601
606
602
576
470
343
491
467
448
523
549
565
428
357
363
440
386
415
584
599
538
507
508
402
372
505
462
513
506
475
483
482
449
464
474
498
503
502
509
516
495
474
461
499
457
492
467
467
425
438
482
473
462
459
406
337
415
347
420
336
418
332
364
417
333
408
408
427
427
443
432
442
464
464
482
482
489
490
492
491
503
499
501
516
519
497
488
499
486
485
497
491
461
489
462
483
482
499
499
497
520
520
521
522
529
521
479
489
491
502
502
518
518
531
531
537
510
519
528
522
530
521
525
513
521
507
522
513
524
518
529
528
514
519
530
524
543
526
520
509
533
526
534
543
540
537
529
535
532
546
520
543
530
525
536
537
530
536
526
544
534
527
545
544
555
543
555
550
564
555
567
555
571
560
558
576
562
569
564
566
594
587
600
593
597
595
595
606
594
613
598
602
605
601
595
607
610
608
602
598
594
602
597
604
597
611
607
598
592
596
589
602
589
602
590
605
599
588
599
592
599
597
600
598
596
590
573
593
578
581
563
570
554
568
545
550
565
558
551
557
545
556
546
554
545
552
561
549
576
570
563
573
563
575
564
569
559
568
543
582
575
583
582
588
585
590
583
588
563
539
510
504
507
503
485
472
545
341
438
572
411
427
401
377
350
525
369
482
326
558
437
580
522
470
455
431
389
491
463
480
471
485
470
485
481
489
479
501
499
475
493
491
478
465
482
474
466
414
354
351
339
354
358
377
377
404
403
423
424
442
443
461
460
481
493
493
493
532
530
532
562
562
582
581
602
602
622
613
631
620
631
618
623
615
627
612
627
612
624
611
621
582
599
616
606
624
625
618
610
610
607
607
597
598
583
594
572
586
599
598
583
595
586
511
511
502
567
589
541
576
535
557
544
560
541
550
538
556
543
560
543
544
540
558
553
551
530
537
550
555
525
544
547
541
553
541
553
541
557
543
547
540
555
546
556
528
547
540
548
539
530
549
537
546
543
535
536
542
542
564
565
576
571
584
575
581
556
584
562
566
570
562
571
546
575
549
563
544
553
547
561
549
551
562
548
559
545
539
527
545
558
543
540
551
542
548
543
551
542
546
545
552
544
551
539
549
541
544
525
536
533
538
527
528
532
535
523
534
528
545
527
532
537
535
534
545
543
543
550
549
548
542
553
536
544
538
552
542
533
527
538
535
526
533
538
526
531
523
536
524
538
527
527
543
562
548
555
550
560
548
551
545
546
552
535
560
557
555
564
566
558
563
558
559
550
569
543
560
563
557
567
554
567
560
568
565
572
571
582
577
585
580
582
590
594
585
600
588
599
590
606
576
604
570
586
574
584
573
578
584
590
577
564
580
573
577
585
587
578
587
581
567
591
576
592
581
598
593
599
588
601
598
586
596
614
619
620
621
593
601
614
619
607
610
621
627
614
622
629
614
577
571
592
619
563
598
623
611
624
607
622
595
616
601
604
609
620
596
601
613
614
606
626
618
623
619
610
611
613
624
618
627
634
597
619
612
603
588
602
581
606
601
603
604
620
608
603
618
625
626
627
618
629
628
612
631
631
633
631
648
626
643
643
662
649
639
636
631
641
628
642
631
634
626
626
633
628
628
618
588
599
572
585
586
568
586
585
594
575
568
581
564
557
559
550
554
545
552
537
540
534
534
533
546
539
544
535
538
527
537
529
522
533
528
523
524
511
509
524
516
501
519
506
507
493
491
503
512
508
518
511
519
528
527
515
526
524
523
521
525
517
523
521
520
510
514
492
508
521
505
517
509
510
504
503
515
510
498
487
480
499
487
491
500
489
499
475
480
490
497
496
495
490
496
500
482
493
482
465
476
482
495
456
477
483
463
480
475
469
476
475
464
470
464
479
471
484
483
490
479
491
479
491
479
492
484
495
490
497
486
480
498
494
485
496
502
507
513
507
497
487
498
507
496
507
496
506
481
508
493
494
487
500
505
497
506
505
506
500
512
497
500
499
507
467
484
476
506
486
476
478
489
478
465
485
482
482
490
477
497
478
458
472
475
485
493
496
488
499
478
485
501
492
495
503
492
500
501
503
500
516
508
496
388
485
393
422
391
451
478
372
428
337
427
344
419
461
467
401
445
352
508
334
364
437
435
451
442
454
456
460
457
460
457
424
446
438
416
434
439
429
408
441
422
421
429
408
415
423
414
424
428
394
306
325
319
318
316
332
332
351
351
364
364
379
374
381
381
423
423
443
443
20753
20752
20752
20718
20705
20687
20649
20700
20733
20675
20746
20660
20650
20714
20730
20752
20748
20621
20604
20701
20669
20702
20634
20611
20751
20623
20647
20623
20828
20848
20835
20843
20871
20859
20890
20900
20877
20889
20883
20886
20904
20903
20905
20928
20922
20901
20907
20915
20903
20920
537
452
383
402
402
426
425
444
441
439
443
478
477
495
495
495
529
529
552
573
545
574
551
552
632
643
642
662
673
671
679
686
672
638
634
662
648
651
641
655
672
653
650
664
659
649
659
647
657
644
633
641
637
644
629
641
606
595
621
605
586
631
625
632
628
625
636
622
629
632
637
645
645
618
607
596
608
594
605
593
604
595
563
555
539
570
611
590
549
580
563
577
550
563
547
566
545
520
527
562
557
422
504
367
364
358
349
341
332
319
314
308
298
285
279
265
252
233
233
217
210
204
197
194
195
197
200
196
187
187
170
421
414
540
372
467
408
394
382
488
497
448
425
422
434
5
6
7
4
3
4
7
4
4
8
9
17
33
47
47
47
93
90
117
160
158
160
159
169
177
181
182
196
196
223
223
244
245
264
263
280
280
296
294
297
294
325
326
340
342
342
355
355
371
369
387
388
405
406
425
424
442
439
443
440
477
476
493
494
510
506
507
532
524
522
534
523
534
533
531
527
531
508
502
527
523
508
507
513
503
489
510
505
485
503
509
503
500
490
511
513
508
513
503
514
512
499
492
505
500
495
501
508
486
499
505
498
507
499
507
502
509
496
508
509
501
507
498
505
502
501
507
504
500
501
522
496
444
413
369
355
430
403
403
461
386
449
362
343
329
336
322
420
467
482
376
489
439
507
476
444
446
464
462
445
452
443
453
443
453
443
452
443
452
440
453
441
428
440
445
452
449
443
429
458
444
398
319
312
313
314
316
316
319
313
321
319
321
320
409
409
427
427
440
439
453
459
471
471
486
486
500
492
497
500
505
493
504
499
503
496
503
504
506
500
500
507
515
509
513
509
522
512
526
519
531
520
527
524
515
478
493
493
512
512
533
532
552
550
566
563
569
567
551
541
561
545
558
578
563
572
559
566
568
576
574
564
566
577
580
560
573
573
577
565
583
573
569
572
579
572
580
572
573
577
563
572
561
571
560
571
557
548
557
564
564
556
563
555
570
568
555
574
564
566
574
583
572
562
553
567
561
539
550
557
544
565
574
566
579
578
582
588
596
594
583
590
594
594
600
596
580
600
602
614
602
612
624
618
627
622
635
644
636
625
653
668
674
664
680
679
667
660
690
671
681
684
683
710
694
701
707
693
695
705
697
688
710
699
702
703
686
675
663
649
641
632
621
613
608
587
589
582
568
562
547
539
528
520
519
501
502
473
473
460
429
410
394
387
377
373
361
354
346
338
314
308
304
281
276
267
260
259
251
226
230
223
212
204
4
3
18
28
46
43
46
41
48
37
31
34
32
35
45
54
17
4
16
7
14
36
56
103
79
86
89
92
80
95
87
87
87
87
84
87
88
87
87
88
88
88
87
97
87
86
94
90
87
88
88
84
84
87
