29
188
206
220
131
243
241
259
277
259
296
296
312
270
286
286
290
289
306
307
324
324
324
355
355
385
386
410
410
434
435
454
455
477
478
499
496
510
508
505
538
537
556
554
569
569
588
587
611
610
636
637
647
628
625
616
610
579
599
581
589
582
580
606
600
602
596
613
602
614
603
617
606
617
609
609
599
609
595
583
595
594
576
600
579
591
583
598
577
590
581
599
576
572
586
585
589
579
589
565
582
570
583
575
595
584
583
602
602
610
618
625
612
599
592
597
595
593
600
597
589
599
592
598
589
585
593
587
580
584
590
584
591
590
597
590
589
604
593
606
596
602
600
612
621
598
605
602
591
587
583
598
566
594
574
557
577
571
566
573
581
568
574
563
577
566
583
563
554
577
568
574
571
570
558
580
571
574
566
585
571
565
560
560
565
559
542
550
548
552
559
556
545
534
548
525
540
535
552
550
564
541
551
557
564
556
561
571
563
559
580
572
580
572
583
572
575
573
555
564
584
541
575
568
581
572
565
581
574
582
572
584
582
594
581
591
592
590
581
581
581
592
594
604
597
616
609
616
594
587
596
596
585
598
579
564
585
579
590
590
572
580
566
581
560
575
568
564
564
552
556
563
566
552
551
568
541
560
531
540
511
546
522
515
519
529
533
532
530
526
520
506
525
489
503
506
507
512
520
516
500
512
524
493
510
514
511
517
508
507
514
514
490
500
524
515
523
530
536
530
535
523
522
533
532
529
530
521
524
535
541
541
545
567
559
542
531
541
531
527
535
529
542
540
547
545
557
527
536
527
533
534
523
531
519
532
515
525
510
522
508
516
519
495
495
502
494
489
466
478
469
459
468
452
475
463
472
472
466
458
463
471
453
437
443
427
437
425
417
438
425
437
420
421
430
417
411
418
406
430
407
428
417
409
419
413
417
425
428
418
419
427
430
428
423
430
430
436
437
424
420
438
432
429
426
435
436
428
434
421
434
426
431
440
432
434
439
441
442
450
447
449
430
437
446
433
446
444
454
426
443
438
447
448
455
448
435
447
428
438
445
434
428
417
424
416
410
5164
422
5160
440
5228
5212
0
5229
5228
5229
5242
5250
5244
5254
5252
5250
5256
5262
5268
5273
5257
5260
5273
5262
5254
5258
5277
5278
5275
5276
5281
5283
5272
5284
5283
5284
5285
5286
5287
5287
5293
5286
5297
5290
5302
5301
5316
5316
5313
5310
5330
585
523
592
3179
518
3186
3208
3198
3194
3203
3193
3206
3213
3200
3215
3215
3223
3222
3226
3208
3197
3214
3206
3336
3318
3335
3325
3347
3348
3349
3353
3336
3346
3351
3357
3355
3339
3352
3354
3352
3333
3341
3346
3359
3353
3361
3357
3372
3353
3358
3365
3353
3369
3367
718
702
691
685
695
689
679
687
676
672
680
661
672
658
664
637
543
555
554
574
558
544
565
519
559
532
546
542
530
552
540
550
554
547
554
545
546
543
553
550
553
542
550
563
553
566
556
556
560
572
564
562
553
569
558
555
550
557
569
564
568
575
561
564
558
571
567
568
572
558
572
569
585
576
571
593
561
579
576
569
576
573
574
553
559
574
572
565
576
567
564
567
579
572
557
564
572
560
567
557
565
571
550
571
558
576
567
555
585
562
562
566
566
567
557
555
579
571
581
561
554
561
560
540
569
563
570
574
567
587
571
577
579
593
591
601
579
585
572
580
567
556
543
558
539
579
556
547
563
560
544
547
553
562
536
544
556
544
549
546
533
526
542
520
525
527
526
524
509
524
517
505
521
520
515
514
498
520
507
493
499
492
481
486
497
470
491
487
487
517
519
521
522
503
531
506
523
522
529
532
520
515
533
524
531
525
539
528
544
535
545
544
533
545
537
552
541
555
550
561
557
565
560
569
564
570
565
574
568
581
570
583
575
583
582
592
569
552
558
561
547
555
565
565
545
564
566
571
560
565
556
587
571
588
572
565
579
567
581
579
590
580
582
576
605
598
617
594
607
596
597
607
601
607
593
617
603
626
612
628
628
623
613
637
640
618
631
641
628
639
653
608
629
623
641
649
628
638
648
642
641
649
635
646
645
641
658
650
644
643
658
655
642
627
642
653
638
644
643
649
644
622
635
616
635
637
625
607
591
615
626
600
603
591
577
619
603
597
596
607
567
597
565
560
566
603
591
591
598
604
590
593
595
594
597
592
598
586
576
595
568
593
569
581
563
576
591
582
565
563
571
576
557
569
571
558
543
566
563
576
555
570
569
571
579
563
568
563
557
567
558
574
570
589
571
555
562
575
566
569
555
560
551
571
564
552
560
545
548
572
553
559
562
555
540
560
571
567
565
565
573
566
552
576
573
559
578
568
578
562
579
564
575
577
566
575
565
583
581
579
569
566
548
557
584
574
549
570
569
560
564
583
566
578
564
574
576
564
563
579
575
573
571
561
580
555
550
560
557
549
557
551
568
567
564
556
543
598
597
605
595
591
600
596
585
597
577
586
595
588
577
587
584
574
578
577
577
573
588
580
595
574
584
573
562
570
562
568
565
570
565
570
548
566
560
560
567
567
562
549
560
535
558
544
551
515
522
524
516
494
501
522
520
520
500
517
507
506
524
515
516
515
508
527
521
522
513
512
526
516
495
509
516
512
519
513
519
513
512
529
518
523
510
522
516
508
522
507
518
515
511
505
516
509
502
502
507
498
498
492
507
502
510
506
506
514
504
512
492
509
499
506
496
495
496
490
506
495
502
494
510
508
504
499
505
505
511
492
499
512
492
504
509
502
507
513
510
488
506
511
507
520
510
521
520
526
510
521
509
520
505
499
513
486
516
507
519
518
521
516
524
517
529
522
540
524
538
531
518
528
511
529
522
509
527
515
499
519
507
513
502
495
501
504
510
501
515
494
501
500
499
512
494
510
486
474
497
468
478
482
494
488
498
499
487
493
493
486
499
498
502
495
480
501
499
503
491
512
505
505
505
516
513
530
515
519
515
529
520
523
505
520
497
523
519
512
531
523
528
528
541
540
545
547
559
549
565
565
559
575
565
554
568
565
570
562
559
554
546
568
554
561
563
541
559
558
549
556
554
559
541
534
545
541
547
553
563
557
554
567
553
559
570
553
562
541
549
568
561
547
551
558
556
533
545
555
541
529
551
541
537
550
541
524
548
548
540
535
543
542
533
539
533
543
536
522
545
505
512
542
537
539
548
539
512
522
528
526
526
520
516
529
531
517
527
501
503
528
521
534
522
522
530
540
525
539
522
531
541
542
530
529
538
530
529
546
538
542
548
550
555
554
543
551
539
548
510
536
539
550
554
549
559
545
539
564
558
538
548
559
551
551
558
537
556
545
566
569
538
557
555
579
570
577
570
580
569
580
572
587
581
589
579
589
582
568
613
599
615
608
594
609
622
623
623
629
614
627
614
621
625
620
604
623
618
614
943
942
950
955
941
955
951
951
949
946
948
964
955
946
954
954
951
960
958
960
951
962
955
957
949
957
943
958
954
929
937
935
942
934
945
929
922
910
931
900
885
919
905
920
910
917
911
928
914
918
595
599
589
596
594
590
583
584
567
582
579
567
565
562
572
570
560
557
566
538
560
545
556
548
540
544
537
544
530
545
544
523
533
521
530
530
527
520
531
511
521
520
534
540
543
537
528
542
538
531
536
530
538
524
533
527
515
543
534
550
532
538
529
535
531
543
530
546
535
546
529
529
549
539
552
541
548
537
549
538
554
545
556
547
542
549
557
555
536
543
537
543
546
537
542
531
539
526
530
532
547
536
544
541
540
531
543
532
544
530
545
526
534
531
527
502
521
510
514
530
520
518
526
509
529
525
511
524
500
510
515
512
512
500
510
516
502
512
501
511
503
490
508
497
511
504
511
510
517
506
497
502
491
498
499
508
511
514
499
13010
13005
13019
13019
13044
13048
13044
13057
13043
13052
13053
13063
13068
13064
13064
13082
13092
13114
13107
13112
13106
13117
13112
13110
13111
13142
13100
13155
13145
13143
13120
13131
13153
13141
13146
13214
13207
13207
13214
13218
13206
13223
13205
13169
13163
672
652
636
636
624
13175
13182
13212
13193
692
665
661
658
656
677
640
657
634
585
629
564
603
647
623
634
654
648
660
659
679
641
662
625
654
648
667
666
656
571
583
563
673
641
655
567
656
644
594
593
591
592
577
503
506
531
529
549
548
565
565
584
580
583
583
582
616
626
639
636
657
653
658
664
648
647
629
640
598
625
620
614
608
591
621
596
580
608
597
576
577
577
602
546
546
529
549
506
542
521
525
548
549
552
542
552
553
542
557
551
563
545
537
537
535
536
523
525
545
494
484
497
511
494
530
513
476
512
510
527
511
541
528
543
543
516
552
555
530
523
528
521
527
569
548
557
539
542
543
562
575
570
568
577
576
568
538
546
575
556
562
561
505
483
502
510
512
501
512
542
542
542
560
560
580
559
581
582
572
553
578
578
546
561
568
563
547
547
567
556
560
555
529
536
527
529
504
525
519
518
519
509
516
507
518
504
512
514
515
505
518
507
518
508
519
516
526
525
542
518
532
534
527
539
538
538
528
535
528
540
543
552
534
535
535
536
550
543
548
556
547
556
545
547
532
558
541
579
560
565
551
597
587
578
601
590
625
608
593
603
620
630
655
643
668
657
679
667
696
684
710
702
717
727
706
741
735
755
745
768
759
780
772
795
783
808
799
820
812
818
828
825
840
844
828
838
858
858
835
852
844
858
859
868
845
875
825
820
826
844
847
870
856
868
844
855
832
836
813
856
830
840
819
833
828
815
805
799
806
777
774
787
774
775
768
2030
2043
2018
2036
2022
2036
2023
2035
2033
2028
2026
1993
2022
2037
2018
2028
2008
2016
1995
1966
2001
1971
1940
1970
1972
1971
1957
1968
1962
1980
1956
1947
1907
1893
1882
1949
1865
1887
1968
1891
1854
1834
1869
1830
1875
1852
1861
1851
1872
1718
607
590
592
581
578
582
566
573
556
576
572
556
574
544
536
541
544
522
513
522
528
530
540
516
541
541
529
533
526
507
497
497
519
507
490
488
488
489
490
531
531
548
547
560
569
575
573
575
596
586
595
576
594
581
587
603
600
590
569
597
580
588
578
588
580
571
575
556
574
567
575
573
576
572
560
576
571
580
573
549
550
540
561
545
539
533
528
552
560
559
567
559
565
549
546
564
544
545
554
546
545
530
546
525
545
535
524
520
526
512
531
520
535
523
533
526
527
535
521
540
515
526
533
520
525
506
529
506
513
507
520
521
529
496
515
521
502
493
509
492
506
510
516
505
520
512
517
525
528
517
538
530
550
532
529
538
534
531
527
532
550
535
553
547
536
540
551
609
616
630
629
630
640
639
640
653
650
663
650
670
661
678
667
675
684
665
690
703
687
705
691
695
706
696
709
710
697
719
700
702
696
690
710
695
707
729
719
744
743
732
752
741
715
726
738
665
692
679
664
673
661
670
670
667
663
645
644
617
633
658
625
631
640
627
644
609
643
621
603
616
603
612
598
609
598
605
583
596
591
584
560
590
584
571
578
561
569
551
547
568
543
519
560
538
506
546
539
540
524
535
521
522
532
528
512
530
519
517
517
533
527
526
532
516
511
525
514
514
529
526
515
503
523
516
524
518
527
521
520
526
498
535
520
508
526
514
527
513
529
523
488
512
515
515
526
530
533
542
541
536
547
541
551
544
544
549
536
549
537
548
555
567
556
564
560
557
555
562
559
556
543
536
537
552
539
556
539
550
539
527
527
544
543
548
541
560
556
538
546
536
545
535
538
531
540
527
534
526
529
521
512
520
506
493
507
498
517
523
496
493
514
504
496
505
494
510
502
515
508
519
516
532
515
528
522
521
525
520
526
513
514
530
522
532
533
518
511
497
523
508
545
543
549
542
549
532
538
555
550
566
557
575
572
574
543
569
570
571
574
571
565
572
569
576
567
574
581
565
571
553
533
563
548
552
568
554
560
557
569
556
557
554
569
561
556
529
532
533
555
556
564
549
557
543
552
546
546
538
539
523
533
540
538
553
545
540
540
526
532
545
532
542
514
522
520
535
512
523
534
532
517
537
547
523
539
530
529
542
547
549
522
544
537
543
543
542
545
535
543
538
540
549
556
545
585
583
609
598
577
597
578
572
580
597
588
582
598
610
609
602
605
627
631
635
625
626
638
635
636
629
641
640
651
629
607
626
600
611
621
600
619
598
616
614
616
603
609
588
611
606
592
605
589
590
593
579
544
557
559
557
572
572
580
577
599
579
576
571
562
548
582
565
578
564
566
560
553
566
556
564
565
556
541
559
538
539
540
568
570
564
575
563
575
570
579
572
582
579
582
579
583
572
557
571
560
549
564
559
552
563
540
557
558
548
543
546
549
549
532
539
532
535
529
540
526
536
524
538
523
519
528
514
506
502
494
509
502
520
510
519
512
525
510
520
507
521
509
515
509
508
515
519
507
513
518
519
517
513
507
510
496
510
497
510
504
510
500
508
496
508
503
508
501
508
497
508
497
507
502
507
504
506
504
505
494
505
492
493
504
481
499
488
495
499
491
498
488
500
489
488
486
492
477
483
478
486
480
471
481
493
492
477
497
491
487
484
495
497
491
497
485
500
489
497
490
501
490
500
489
504
498
488
499
481
503
497
489
501
506
489
505
482
507
496
486
500
493
503
499
511
500
506
513
517
504
495
506
516
490
504
501
476
497
502
500
503
491
501
489
496
503
489
502
507
508
485
505
493
503
490
498
506
510
509
501
489
492
498
501
508
504
517
512
515
514
519
523
511
522
512
519
514
514
522
513
512
511
506
524
523
519
518
518
527
532
532
520
513
510
521
525
515
515
524
523
527
525
517
528
516
523
519
533
521
527
524
529
509
520
506
515
530
510
520
516
506
496
506
512
506
519
508
514
519
513
523
515
518
499
511
518
511
519
481
490
497
488
506
516
502
499
507
504
487
494
502
485
490
502
492
481
521
510
517
509
517
509
523
518
537
544
533
536
540
528
533
524
527
543
531
528
537
520
508
533
515
527
535
526
542
532
534
526
517
513
531
531
529
541
540
546
533
525
532
543
536
538
557
548
538
538
533
526
522
528
505
528
520
503
509
511
502
511
494
503
517
485
508
505
499
488
752
744
755
759
761
756
752
952
945
958
962
971
943
958
937
992
985
983
980
976
967
984
992
981
977
968
936
957
951
947
970
962
953
972
968
974
973
952
973
969
962
991
990
1003
982
1006
987
999
1018
774
759
739
747
757
762
745
733
562
564
578
538
565
566
572
522
567
566
523
565
520
559
541
520
556
521
540
531
552
554
531
564
569
581
560
550
567
557
558
557
521
560
554
572
557
553
541
540
534
549
569
508
527
508
534
545
534
564
578
607
619
628
591
608
584
613
608
687
674
687
729
727
713
729
775
770
763
729
710
810
808
775
783
788
803
779
795
792
803
803
822
822
822
880
886
883
860
873
871
838
854
854
871
873
853
858
877
863
803
834
807
793
778
759
726
721
684
715
734
684
692
682
684
649
649
640
653
631
619
627
622
627
630
618
638
608
566
627
586
577
587
581
548
538
535
552
535
551
546
545
558
559
552
560
553
557
551
556
563
568
555
569
557
565
559
570
564
565
576
609
601
602
607
611
606
588
604
614
611
599
619
599
605
618
597
612
589
602
610
610
597
605
593
579
580
593
586
588
574
589
578
581
574
565
568
587
590
578
589
578
578
590
579
582
570
577
566
573
534
549
535
528
519
537
534
532
540
527
533
525
500
515
522
510
505
506
511
519
502
497
510
499
510
503
503
498
514
502
512
499
512
503
503
510
517
504
514
499
514
492
506
510
502
504
513
495
503
510
496
512
479
502
508
478
534
524
542
536
547
555
561
547
565
565
577
575
559
574
576
584
567
574
579
576
585
584
565
571
577
564
576
570
582
580
578
563
570
556
568
566
558
574
571
560
561
560
559
552
542
539
566
565
578
524
570
534
519
514
518
508
515
508
511
489
497
511
499
503
504
514
505
511
506
503
511
494
493
512
503
515
492
505
513
489
496
504
507
489
501
499
509
506
499
505
508
502
523
517
539
528
535
524
543
535
553
536
552
555
546
559
546
552
556
563
557
566
550
556
559
552
565
572
573
567
584
576
593
585
591
589
592
590
607
595
613
597
607
600
611
600
613
607
614
604
600
591
577
586
594
595
580
572
593
581
589
585
592
596
589
599
586
598
583
577
598
598
609
596
614
595
614
597
603
612
607
602
610
606
602
610
602
590
593
591
588
573
575
595
581
584
590
586
573
580
599
590
606
594
587
606
598
588
589
588
585
595
583
578
592
596
589
600
591
592
599
597
598
589
590
575
583
574
577
567
574
559
571
561
566
555
577
571
584
572
567
570
565
585
573
568
581
573
564
565
583
571
582
575
582
578
574
577
596
592
600
581
571
574
586
550
569
574
563
570
553
573
558
555
552
565
567
570
575
565
580
574
574
581
593
591
588
558
567
573
567
615
606
622
612
606
604
627
612
597
603
639
624
642
631
634
639
617
604
612
596
588
621
613
615
631
630
609
639
626
634
622
639
630
648
625
608
634
592
619
620
618
635
623
627
618
626
604
622
598
613
613
599
584
589
581
597
613
599
611
628
608
599
587
601
584
601
606
612
613
579
577
585
597
570
606
589
603
594
592
595
589
592
590
595
582
589
573
572
594
589
583
577
571
579
573
590
569
580
570
576
555
585
565
565
594
575
564
558
559
541
557
576
561
556
575
567
574
555
572
558
578
576
588
574
582
558
546
576
569
555
577
579
567
568
578
579
565
569
561
574
562
565
571
563
574
563
561
571
579
558
567
553
558
565
563
571
548
558
573
557
555
573
564
572
558
566
551
557
550
554
542
534
520
507
535
533
545
531
525
537
536
528
551
538
546
541
559
547
554
546
551
545
559
548
564
557
571
563
538
558
547
558
548
546
547
559
539
553
547
560
550
552
556
555
553
547
542
535
550
556
554
559
567
578
576
560
575
565
580
567
554
558
564
558
563
544
561
554
561
552
562
545
542
561
553
541
556
549
547
553
562
549
556
551
562
552
571
561
571
557
563
558
568
560
569
566
552
578
562
548
569
558
570
568
558
571
563
570
568
573
554
567
574
583
568
587
567
585
569
557
581
572
571
551
565
580
575
572
574
561
552
572
534
550
541
541
562
555
590
583
590
584
592
584
592
584
595
593
558
537
551
578
562
586
577
584
582
636
629
635
641
645
633
648
657
644
672
654
659
658
682
690
671
684
687
689
682
697
689
705
694
703
701
708
706
718
724
728
684
696
688
701
688
702
705
697
697
673
693
693
713
712
737
730
751
750
743
676
666
702
700
679
663
696
689
697
689
679
687
679
661
647
683
663
659
662
674
662
666
633
646
653
663
647
660
642
639
660
629
617
646
632
625
612
628
617
607
614
609
595
606
588
596
587
578
537
574
530
541
559
542
528
557
532
537
530
520
536
525
521
504
512
507
509
500
494
511
492
506
478
479
489
481
502
484
481
484
489
481
475
476
488
474
483
476
474
458
481
472
460
471
461
467
475
467
479
468
481
472
477
485
468
484
455
465
477
473
476
461
461
478
451
484
470
474
483
475
475
485
484
491
488
492
486
492
487
499
487
498
492
500
491
507
493
499
494
499
493
504
493
505
500
509
495
505
499
511
504
513
503
513
503
512
503
517
501
504
514
511
500
509
503
513
507
513
505
512
501
19741
19766
19764
19757
19741
19862
19859
19842
19819
19822
19807
19802
19792
19782
19780
19838
19776
19770
19759
19748
19743
19736
19725
19719
19708
19701
19689
19680
19773
19676
19825
19853
19731
19753
20181
20172
20187
20181
20187
20194
20183
20178
20195
20199
20201
20196
20205
20195
20208
970
933
981
888
889
910
912
835
835
848
864
865
886
888
912
914
934
935
961
960
993
991
1010
1017
1012
1014
1020
1018
1059
1074
1090
1092
1076
647
1108
1116
674
625
644
642
658
649
651
658
655
665
653
667
662
676
662
655
677
625
612
608
614
602
603
602
615
616
610
627
623
626
604
614
617
618
593
607
573
565
594
596
597
595
618
619
605
597
611
627
602
629
613
615
613
632
633
649
651
642
639
644
636
640
623
637
622
632
621
609
645
601
595
585
617
625
586
607
596
613
606
612
608
623
607
614
618
618
608
598
604
603
617
606
583
590
570
563
573
551
596
580
544
565
557
570
549
560
553
547
546
561
545
555
549
540
539
532
540
523
462
470
495
482
481
499
494
498
506
514
509
501
494
488
498
487
488
493
485
472
442
479
456
450
466
458
463
434
439
454
446
448
441
450
433
433
439
426
442
425
432
421
431
419
430
421
417
421
415
419
419
425
415
421
406
409
406
400
396
404
386
396
392
389
401
388
394
393
396
384
381
392
371
377
383
383
373
381
376
383
385
370
381
378
382
381
376
375
376
372
375
375
373
368
361
361
367
367
374
379
375
367
371
367
369
377
370
377
377
375
380
373
379
368
375
380
377
376
383
382
383
456
460
452
460
456
470
464
476
471
482
480
477
466
483
485
487
493
504
499
512
500
489
493
485
516
510
517
524
521
513
519
518
506
517
538
535
525
542
543
537
545
546
540
560
548
563
556
569
498
498
489
494
474
485
468
487
499
488
491
501
506
493
506
506
513
503
511
509
506
493
493
506
563
507
485
507
499
515
525
518
527
527
536
526
502
519
518
513
515
527
527
533
524
519
525
521
456
506
471
521
522
488
488
497
497
516
516
514
508
526
516
526
503
525
512
515
505
503
510
517
510
522
501
496
506
506
507
524
512
513
518
517
494
511
506
521
515
530
516
516
527
531
518
531
523
516
514
511
536
536
534
549
545
552
544
550
548
552
550
530
560
545
543
550
556
564
559
570
568
572
565
562
574
579
576
584
571
587
580
585
574
567
589
569
579
577
592
575
578
585
589
598
581
578
599
599
588
603
592
599
596
599
607
590
603
600
592
605
599
597
604
590
584
592
593
604
596
589
584
594
586
593
590
578
586
577
586
578
581
583
577
581
572
565
581
577
588
570
555
585
563
544
560
528
536
540
548
548
537
541
548
540
550
530
541
548
557
546
527
539
556
540
557
548
539
548
551
554
552
548
561
541
542
532
547
530
548
537
556
563
565
570
570
517
531
562
548
523
569
566
570
564
564
553
574
573
572
581
568
581
570
583
584
565
575
571
587
595
561
574
570
554
579
557
553
570
564
572
550
564
567
569
560
572
565
574
573
582
544
544
518
510
508
529
530
552
553
550
555
541
566
554
542
552
573
570
575
557
566
557
569
556
567
558
576
575
557
577
576
573
562
583
576
574
580
580
570
584
585
604
589
610
606
587
604
615
613
607
609
596
604
590
584
600
574
602
580
585
586
579
594
570
589
580
599
580
574
565
585
598
579
590
575
585
571
585
543
552
561
561
566
558
572
560
570
552
561
553
551
562
554
547
556
557
561
551
561
557
567
557
573
565
569
567
569
555
564
548
571
562
578
575
553
573
556
586
574
574
592
581
574
594
589
562
568
576
543
568
590
578
549
585
571
574
586
591
580
596
582
600
586
584
598
599
581
587
578
599
582
588
576
591
582
590
584
596
587
587
578
589
581
584
582
595
569
582
569
572
582
583
566
578
566
584
585
543
575
574
566
563
575
574
558
560
577
561
559
558
550
548
556
533
546
526
552
538
546
529
538
540
537
539
531
535
524
534
526
531
525
534
519
533
530
536
525
543
523
541
534
513
516
524
516
515
514
527
519
496
495
499
518
509
495
505
510
498
503
515
517
504
494
485
507
502
501
500
510
488
510
502
507
496
483
499
490
489
501
506
504
514
511
507
494
491
500
493
488
491
498
505
498
486
497
506
499
505
518
514
495
506
521
520
511
522
522
519
511
515
501
528
527
534
520
537
536
527
534
546
550
555
548
564
563
569
565
590
564
582
539
550
571
602
593
591
590
619
613
621
612
597
604
613
624
605
588
570
613
583
591
615
619
615
615
625
604
618
628
628
612
629
643
627
640
627
648
639
636
644
640
625
638
625
640
628
639
566
558
611
577
603
593
602
626
617
603
601
608
609
587
607
605
572
626
587
593
591
597
595
613
617
615
603
613
620
615
612
629
619
632
616
618
616
601
618
615
597
615
604
613
596
611
608
606
576
599
548
550
546
587
581
580
551
552
573
546
580
573
550
557
542
531
544
547
566
566
563
559
539
561
551
541
522
537
536
557
563
546
557
541
547
553
559
549
560
551
555
550
554
571
564
555
555
544
556
576
562
562
568
568
576
556
558
549
551
565
563
579
578
588
586
587
604
579
563
571
574
580
568
555
577
566
578
564
577
570
558
546
556
563
559
549
552
545
549
552
549
541
535
545
536
546
535
526
547
525
538
533
535
516
526
533
525
533
526
540
526
540
541
526
537
524
525
541
539
524
535
533
538
520
534
542
544
537
554
537
549
533
540
525
537
530
536
524
529
515
513
530
534
528
524
528
521
523
515
506
495
521
512
514
525
515
514
522
519
521
496
505
517
544
527
537
529
538
529
527
539
524
540
532
518
505
523
515
520
508
525
516
514
513
529
522
531
529
536
521
525
522
523
519
505
518
528
516
516
507
530
515
519
510
513
506
516
522
509
518
519
484
498
488
502
485
476
489
484
485
488
469
483
476
475
474
488
475
477
484
486
468
475
477
465
468
480
457
472
467
476
469
462
468
473
477
478
485
476
482
480
483
478
487
484
482
486
469
483
486
488
483
480
473
476
468
479
474
475
490
482
469
480
489
494
481
480
482
489
486
494
497
496
498
504
499
492
495
501
488
500
497
508
510
485
503
490
498
498
492
502
491
484
497
489
494
497
478
495
493
485
491
481
496
490
494
492
471
469
493
486
479
497
468
473
493
481
475
484
468
474
463
471
479
457
469
461
480
478
485
467
476
470
481
472
499
492
510
492
512
497
511
504
509
526
528
512
515
515
536
528
537
517
533
540
540
534
539
539
546
534
553
558
550
569
567
563
565
565
571
573
580
576
594
583
582
600
579
596
584
597
585
600
590
583
575
588
577
584
577
590
578
587
574
591
576
585
572
571
584
585
565
569
562
568
563
579
555
576
561
554
562
555
541
561
564
540
534
526
523
549
517
545
535
533
538
542
521
535
540
525
538
529
525
539
527
549
515
524
536
541
523
516
501
539
531
525
538
526
519
538
528
548
539
573
568
582
571
576
569
569
577
584
569
570
586
574
603
602
631
624
616
613
607
603
634
618
636
636
652
645
650
636
649
624
629
627
647
647
647
683
671
645
637
662
632
628
615
613
598
569
562
550
549
548
531
517
508
507
509
510
483
476
455
438
430
423
407
383
382
382
376
373
345
334
325
318
310
300
292
284
278
265
258
219
213
212
183
170
170
168
168
87
651
659
647
150
645
187
188
187
213
213
232
233
253
254
270
270
289
290
312
324
323
345
345
365
376
376
395
395
396
410
414
414
436
436
449
463
462
474
472
469
475
473
511
508
509
530
529
551
549
561
560
576
577
575
592
551
559
551
573
558
567
570
570
559
573
568
572
564
571
571
562
567
560
566
554
563
557
574
561
572
562
555
569
558
545
557
562
562
562
563
566
574
567
564
576
567
575
563
578
568
574
568
565
566
572
578
577
568
548
558
565
555
573
568
556
556
537
547
558
548
557
551
548
565
533
560
547
554
551
557
559
555
535
551
558
557
566
577
568
558
564
561
565
568
573
560
573
570
571
574
581
569
582
575
586
576
589
586
599
585
591
580
595
581
600
587
583
591
592
565
584
569
580
578
582
578
578
580
573
559
563
575
575
566
559
564
542
556
559
555
548
563
508
528
500
539
516
489
504
471
492
516
483
499
485
493
468
474
463
473
464
472
462
449
469
461
466
458
457
449
451
441
438
423
446
416
434
425
416
426
415
422
407
415
411
407
409
394
401
404
377
390
391
379
384
386
387
397
388
399
382
388
389
394
386
385
370
384
388
392
382
381
365
383
363
393
374
370
379
373
376
360
370
383
382
391
395
390
395
403
401
405
399
405
405
408
399
407
403
399
409
394
396
1401
1406
1403
1427
1421
1436
1439
1438
1446
1438
1456
1460
1469
1466
1472
1481
1468
1476
1477
1500
1499
1512
1502
1509
1504
1512
1505
1515
1511
1544
1529
1546
1536
1557
1563
1554
1558
1557
1561
1561
1574
1567
1571
1579
1581
1597
1596
1588
611
603
618
605
600
609
611
601
600
607
591
604
585
587
598
588
599
596
594
592
586
575
585
575
588
574
574
585
579
571
563
555
513
504
500
493
492
487
534
553
528
476
564
532
517
518
516
526
524
526
519
532
519
525
518
518
530
525
522
533
526
545
546
526
561
576
571
561
570
586
578
586
577
589
575
579
587
587
577
569
590
582
559
547
561
568
569
579
582
581
615
614
632
625
638
626
614
644
639
641
630
636
642
640
634
642
632
639
635
634
632
630
587
606
598
605
596
604
605
587
584
596
575
582
589
587
579
591
588
606
588
581
588
574
579
565
578
569
571
561
558
571
566
582
567
550
549
564
553
564
551
521
529
563
552
532
542
555
550
560
549
560
545
530
547
545
560
549
559
544
551
541
543
524
527
532
524
498
516
493
500
494
492
462
447
478
469
479
450
462
431
455
434
437
430
439
424
420
413
419
413
402
409
408
406
420
408
392
383
380
370
375
367
368
367
377
352
347
351
343
350
340
356
358
349
354
349
345
345
358
355
364
362
360
362
363
348
352
359
357
355
361
359
358
357
351
344
355
341
334
332
346
351
351
348
345
352
346
345
344
345
343
344
338
335
323
325
316
337
329
327
326
321
317
321
317
318
322
315
318
317
318
318
317
330
319
481
481
497
498
504
497
509
497
503
522
517
531
530
544
527
546
547
559
559
571
566
577
567
566
554
572
595
588
603
586
609
609
623
622
637
632
641
648
653
656
678
676
687
696
693
694
701
714
540
701
556
545
548
539
547
536
530
546
539
549
541
531
552
536
523
540
532
542
540
542
530
538
534
551
551
537
542
546
538
533
539
541
534
543
534
526
535
527
510
534
520
511
507
517
516
512
510
524
524
510
519
518
516
504
511
517
516
514
503
497
511
504
523
514
511
530
523
511
518
511
518
510
514
508
518
508
504
486
491
508
499
514
506
498
507
500
516
515
492
502
482
508
502
500
511
508
504
505
513
497
512
508
520
523
522
500
515
501
507
516
509
509
501
499
508
508
497
518
513
502
500
512
517
517
509
503
502
501
520
526
523
488
482
477
467
463
460
457
450
447
442
437
429
426
418
415
401
404
403
399
395
384
386
382
378
369
364
365
359
361
352
336
335
329
326
321
318
310
307
303
293
295
291
286
271
267
268
520
500
502
510
24
44
144
142
159
158
176
175
193
192
210
210
229
230
248
251
248
262
262
279
277
297
298
313
315
334
333
353
352
375
374
390
389
406
405
424
425
443
442
459
460
477
474
478
501
500
517
516
540
517
541
559
566
572
565
578
574
563
568
560
569
548
568
555
581
586
590
589
578
586
578
578
576
573
571
562
540
555
538
552
528
532
531
509
500
502
516
490
498
464
486
482
460
468
469
463
456
460
455
461
415
439
442
423
405
420
427
408
417
424
424
375
409
385
369
374
365
367
358
361
341
356
348
363
350
356
363
359
363
366
365
371
371
374
373
367
378
413
419
422
538
546
548
552
571
567
581
568
577
569
567
569
572
574
576
578
579
560
587
570
566
565
561
571
570
551
565
562
571
572
580
591
581
596
589
605
605
604
601
608
612
621
623
620
628
622
624
589
600
459
422
449
425
418
470
452
434
441
450
452
465
445
457
475
475
461
482
480
473
468
491
482
488
494
494
499
477
478
486
493
486
496
487
477
489
485
487
480
476
483
475
467
455
463
459
472
470
460
469
465
451
458
451
468
467
480
481
485
463
472
472
477
452
470
462
462
450
452
450
461
466
457
465
472
470
469
481
469
474
472
480
459
466
448
450
454
451
450
441
447
439
443
441
447
446
451
444
451
438
450
452
441
444
438
431
442
434
444
444
437
435
445
441
436
451
441
450
448
451
432
450
447
448
446
450
441
449
455
442
457
454
443
446
445
443
451
453
451
21859
21859
21958
21964
21962
21962
22036
22035
22039
22050
22045
22053
22050
22033
22023
22020
22014
22062
22010
22009
22004
22000
22001
22032
22009
22057
22033
22026
22029
22031
22139
22109
22114
22127
22114
22210
22206
22221
22219
22211
22229
22227
22255
22244
22239
22264
22277
22271
22272
879
795
22301
807
789
790
799
727
728
717
729
722
720
664
650
662
667
667
696
694
721
722
739
739
741
663
742
689
690
716
714
736
714
702
704
646
633
641
643
650
634
646
635
631
614
642
636
633
646
632
624
645
643
637
616
623
637
632
639
623
635
631
653
629
618
625
646
634
586
595
574
612
611
572
594
575
567
602
619
601
622
607
616
603
611
635
619
634
625
638
625
640
628
611
642
619
604
598
613
600
613
598
602
612
599
579
599
591
597
596
610
607
592
594
593
601
589
612
579
580
598
597
601
576
579
577
598
596
605
593
594
583
587
579
588
559
556
567
551
565
559
544
498
522
547
534
513
501
534
519
530
532
508
519
525
523
530
531
517
507
513
517
509
516
502
503
516
492
508
487
504
495
501
491
495
501
491
497
499
487
480
493
487
502
491
496
491
490
500
494
500
504
455
471
481
490
489
504
499
483
487
504
498
509
497
508
502
484
506
493
512
500
520
496
504
516
516
518
492
515
517
528
512
518
518
520
508
521
511
524
525
517
523
516
520
532
516
519
527
506
522
519
520
514
526
520
527
521
510
533
530
526
537
525
534
522
512
529
513
512
533
535
536
550
551
539
539
549
536
537
550
539
544
544
551
542
559
548
543
554
555
504
500
502
503
491
485
479
477
474
467
465
453
455
448
443
436
431
425
422
414
410
400
395
388
386
374
369
357
352
348
338
335
328
322
314
312
302
305
308
291
285
273
268
264
259
533
525
3
513
16
546
35
72
91
139
140
139
157
155
164
164
180
181
196
194
196
194
220
233
233
254
254
280
279
302
301
323
322
325
346
346
362
362
369
369
383
382
416
414
426
425
454
454
477
475
476
503
504
501
503
502
535
546
547
559
542
565
564
578
558
578
573
582
571
563
583
583
601
589
586
598
586
595
603
583
598
581
598
591
585
595
589
603
623
621
629
626
616
603
613
589
603
594
587
599
598
574
602
594
595
617
610
612
619
591
600
620
611
598
618
604
621
606
622
601
610
617
619
606
592
618
608
622
612
590
616
611
598
614
602
589
606
563
599
577
582
586
573
578
572
574
585
578
553
561
560
564
559
554
565
550
561
551
554
553
556
547
551
553
562
571
555
557
564
574
551
570
550
553
546
537
536
551
543
553
539
547
538
557
556
563
552
573
563
560
565
568
557
566
558
567
558
571
556
573
565
581
565
580
567
576
569
567
573
574
568
582
569
581
574
580
557
573
575
558
568
571
563
568
575
573
559
563
570
568
564
561
553
563
561
555
568
554
563
551
564
549
571
557
566
540
554
557
549
554
549
565
557
554
566
567
561
565
570
564
570
541
525
561
509
569
547
531
537
541
528
535
541
548
537
549
536
544
541
540
536
542
549
557
550
528
558
544
538
546
544
543
542
540
544
527
546
543
543
531
552
529
530
543
537
524
519
525
505
526
516
510
500
503
502
519
522
518
518
525
521
524
520
521
528
519
525
508
523
515
530
520
496
502
510
488
494
501
474
474
491
482
470
505
495
503
477
497
488
496
492
492
487
497
486
500
490
489
497
484
494
495
501
485
503
497
506
498
481
503
494
501
491
495
474
482
500
511
495
498
484
494
508
494
509
493
499
496
490
506
500
494
491
494
501
503
505
502
504
498
512
499
490
500
499
509
507
503
511
506
517
509
522
509
524
518
521
510
507
507
526
548
547
528
523
522
501
523
509
540
527
541
547
528
535
556
546
555
566
554
565
556
557
557
554
572
567
545
529
531
539
531
511
505
494
533
564
486
576
556
551
537
549
541
555
560
560
559
549
558
544
568
545
556
556
571
572
597
596
610
594
608
594
595
567
567
572
585
596
569
588
585
594
584
590
577
532
585
527
537
542
545
544
566
566
584
583
602
602
611
603
616
612
597
622
598
610
599
578
594
581
568
556
545
546
555
548
546
525
539
536
541
549
542
541
547
545
556
554
572
563
555
536
510
542
513
522
525
532
528
536
527
534
531
539
541
529
542
528
540
537
538
549
520
543
539
543
532
527
527
532
538
536
545
535
536
520
529
544
536
532
512
521
520
509
515
517
512
515
509
501
517
506
518
508
516
506
508
515
514
516
506
502
498
511
485
491
482
503
494
471
488
498
498
487
488
501
500
489
498
489
494
494
491
492
488
496
489
496
489
497
484
498
490
499
481
512
494
477
493
475
495
483
475
483
494
480
487
478
488
465
482
466
474
488
489
473
460
468
458
472
477
470
485
463
456
472
479
468
469
483
471
484
473
483
481
480
471
475
458
481
471
482
465
467
482
478
480
487
495
494
489
473
491
481
484
470
478
485
485
488
484
471
480
487
474
487
484
492
483
500
481
483
492
500
492
473
486
479
485
473
489
482
481
486
489
488
494
472
492
496
484
496
479
478
488
495
498
481
493
484
491
491
491
485
498
491
485
505
497
497
500
499
490
502
495
504
492
483
492
502
504
507
499
492
518
505
493
501
506
518
501
505
499
508
497
485
502
495
491
502
493
490
497
479
497
492
502
493
506
494
513
510
504
517
525
518
513
526
518
524
527
517
524
532
523
531
528
520
530
536
513
524
518
511
517
527
497
533
508
513
502
512
498
517
511
512
526
512
527
509
517
524
536
537
540
516
547
536
525
520
510
533
516
522
513
512
523
751
748
745
515
751
763
752
754
756
779
762
777
783
787
797
784
796
772
809
816
797
797
823
820
814
800
796
788
786
780
774
764
764
754
743
728
728
713
695
695
693
691
683
681
674
667
652
646
633
630
395
391
382
370
367
346
343
333
320
303
285
275
263
263
250
241
221
223
224
205
204
197
109
130
143
143
144
143
143
144
188
186
200
201
219
220
239
239
257
257
274
272
299
298
312
311
334
333
347
347
365
365
382
379
381
411
410
426
424
443
442
458
457
475
474
490
482
498
499
515
515
524
531
531
542
518
518
527
545
544
548
548
539
547
536
554
545
555
557
545
554
552
553
545
552
560
551
546
557
552
561
556
561
554
568
553
561
554
556
565
564
559
567
554
568
557
565
557
576
562
575
563
575
565
578
568
585
578
571
560
563
573
581
577
564
572
545
539
546
534
543
533
519
507
518
513
500
513
501
509
489
483
497
489
469
455
460
441
478
461
447
452
445
440
415
437
424
426
412
412
405
411
397
398
386
376
384
378
370
373
364
371
366
357
367
366
357
359
373
362
362
371
384
378
378
372
386
391
388
395
401
411
411
422
416
412
423
422
435
431
442
438
458
447
457
474
459
468
483
476
474
490
481
485
502
504
518
511
527
512
520
534
537
531
543
545
558
552
542
563
559
561
555
544
550
541
563
549
549
566
525
543
547
563
564
573
565
547
562
563
557
566
552
567
554
553
546
554
551
545
553
539
550
540
532
540
535
533
531
529
598
588
605
589
604
595
605
602
611
604
626
608
609
623
630
621
629
642
631
648
665
658
626
651
656
668
675
669
689
678
687
676
693
698
687
732
721
739
733
752
741
743
750
737
754
767
754
767
767
747
748
741
754
744
750
746
751
752
742
739
747
751
750
757
740
760
700
752
708
736
743
733
719
723
715
719
703
715
698
704
690
710
696
703
676
680
666
667
659
670
658
637
661
654
653
666
663
825
812
785
771
775
762
770
760
770
759
766
755
767
755
766
755
761
743
748
745
730
736
735
753
745
758
745
759
744
754
740
752
741
755
735
745
736
745
732
741
731
734
732
725
731
720
725
717
719
713
578
563
578
566
580
572
578
569
578
570
575
566
570
562
566
570
562
549
566
564
555
567
560
560
569
569
567
570
568
571
564
573
568
577
575
579
577
584
577
583
575
589
578
577
587
592
582
600
584
577
590
559
532
550
586
527
543
571
560
553
569
550
572
566
574
576
579
576
590
577
570
587
581
568
581
554
562
572
567
571
572
571
565
573
566
564
572
570
565
572
558
578
563
569
573
562
570
563
582
571
582
561
565
564
580
562
582
581
597
585
580
580
572
564
566
553
566
549
562
549
562
530
542
553
552
559
526
534
522
551
542
532
534
540
540
534
540
538
525
529
538
543
523
535
524
521
530
519
533
531
504
519
511
542
526
536
523
533
527
558
554
573
568
586
568
572
582
575
569
570
555
556
544
563
601
593
592
599
611
601
595
599
579
587
603
589
610
598
618
625
626
620
618
637
623
617
631
621
614
621
629
639
622
617
614
620
626
558
560
566
607
573
613
588
597
591
590
606
583
584
544
547
562
563
551
548
582
594
572
580
574
594
563
549
579
577
581
575
570
562
565
570
570
563
552
569
563
552
562
560
571
552
547
539
556
538
528
525
511
510
525
527
536
544
556
553
535
549
545
520
498
508
535
537
536
537
520
543
528
533
518
517
499
518
511
527
522
531
515
517
512
505
516
515
498
504
503
509
511
489
499
512
500
511
505
520
510
529
512
517
523
525
519
520
530
528
524
521
490
502
503
519
521
532
523
540
528
543
533
532
545
545
541
545
536
548
544
551
555
552
557
543
558
564
561
561
554
580
560
564
556
576
566
575
570
579
571
579
573
569
580
578
571
571
574
560
572
561
568
513
527
556
557
538
557
548
558
549
564
551
563
556
570
556
556
565
573
554
567
548
551
567
551
546
554
560
564
547
556
553
554
550
564
540
542
535
532
538
533
512
526
517
530
513
524
532
531
520
528
514
530
521
537
538
532
539
516
507
519
499
530
514
494
522
511
520
489
506
496
512
519
503
513
517
512
519
507
509
504
507
513
501
505
499
505
493
486
505
498
507
500
505
503
504
491
507
497
483
498
487
498
492
492
472
482
497
495
504
493
484
486
489
483
490
484
474
456
464
486
473
482
472
481
461
467
472
476
472
474
472
467
482
478
489
479
476
481
475
488
479
489
480
492
480
485
472
481
492
486
481
487
484
503
502
503
497
513
481
491
503
508
500
514
502
505
504
484
506
506
519
511
519
525
533
517
506
503
521
506
532
526
533
521
536
526
529
539
539
537
553
545
555
548
555
564
552
568
567
545
553
564
542
550
538
532
545
540
533
533
549
523
577
546
554
530
553
565
560
584
573
581
575
589
581
609
602
620
611
608
603
614
601
617
601
611
603
594
606
615
596
573
584
587
609
603
617
607
600
601
587
578
557
594
615
559
617
611
610
615
621
629
589
538
539
566
555
578
586
582
568
574
569
583
575
561
574
558
556
571
563
554
545
557
546
551
539
553
539
542
542
551
560
548
545
538
545
545
528
531
530
639
632
653
654
673
665
664
677
664
659
639
628
636
648
648
670
666
668
668
684
682
676
669
672
666
676
664
669
627
659
650
659
661
664
663
653
649
640
655
668
661
651
641
654
653
655
652
631
650
526
533
516
528
518
525
523
522
525
511
514
523
505
516
520
512
510
511
525
505
520
509
515
522
499
519
515
507
516
513
506
508
514
504
520
502
513
517
495
495
496
513
506
492
515
512
500
497
502
508
512
508
526
509
507
524
509
516
523
512
522
521
521
531
520
526
512
528
503
521
507
514
501
511
504
507
518
496
518
508
513
495
511
492
507
502
502
509
516
521
514
505
516
518
499
498
514
515
516
525
513
519
512
496
504
506
501
501
519
492
504
500
493
506
495
500
507
491
498
499
511
501
511
490
476
501
492
492
499
494
505
516
500
498
500
504
513
510
501
490
501
513
495
507
499
504
493
517
504
514
511
513
510
516
518
511
519
505
516
524
529
512
515
509
518
504
521
508
520
522
521
515
520
499
496
516
520
513
524
504
515
517
524
518
515
520
514
522
527
514
508
521
502
520
500
520
512
492
520
501
514
524
522
514
505
520
533
522
517
515
520
524
517
532
518
529
507
515
532
525
537
530
539
521
536
542
549
537
553
543
533
535
564
560
554
564
557
571
553
561
556
548
568
548
559
565
580
571
553
559
549
575
539
559
567
556
553
537
555
547
563
545
549
543
530
555
548
541
536
545
538
545
540
548
549
539
552
542
533
531
530
532
528
536
528
534
539
533
539
535
544
542
540
538
537
534
526
514
536
542
532
531
533
539
546
519
532
525
548
531
532
543
551
542
538
548
546
556
548
540
553
552
546
548
547
548
553
551
544
665
683
672
691
690
680
678
663
657
645
638
629
630
616
615
603
602
595
576
577
573
566
554
553
537
537
518
506
502
500
500
496
494
468
457
459
453
441
435
424
419
411
402
391
387
384
369
361
354
242
224
206
206
70
73
95
133
129
131
130
131
21988
21996
22025
22044
22124
22135
22164
22125
22163
22251
22251
22273
22273
22293
22291
22383
22383
22388
22405
22393
22414
22415
22496
22496
22517
22532
22515
22523
22554
22555
22587
22587
22586
22619
22588
22632
22632
22651
22652
22650
22673
22678
22636
22674
22682
22680
22697
22699
993
992
988
1000
971
970
888
881
883
813
888
822
812
821
822
816
826
745
763
762
754
741
753
684
692
697
684
690
682
685
679
669
664
654
660
659
675
661
666
659
667
644
649
646
655
650
645
658
645
651
560
582
576
581
572
580
571
559
570
583
570
557
559
548
552
538
537
535
530
518
509
498
485
477
467
457
450
443
437
421
420
402
393
385
379
363
351
343
342
328
321
309
301
286
285
269
263
254
253
244
241
222
221
209
201
192
191
183
168
162
150
141
141
128
121
550
