161
179
151
172
210
249
251
267
346
360
230
407
412
412
375
411
249
282
163
412
210
367
483
454
484
464
472
470
479
467
488
511
511
533
532
532
533
577
576
602
602
630
630
655
654
672
672
672
701
702
717
720
707
719
734
749
748
732
750
739
750
751
733
687
665
657
662
625
630
628
611
610
622
608
625
594
608
581
615
614
624
616
628
610
606
621
628
609
583
590
571
600
535
512
582
545
555
581
576
573
566
565
546
566
550
567
560
584
589
590
577
586
576
576
583
587
563
584
579
577
573
564
566
563
561
558
520
518
528
529
543
533
543
536
535
521
537
538
572
542
539
560
516
564
536
535
549
540
555
549
539
553
516
549
524
541
541
558
557
539
532
535
525
536
516
526
529
536
526
537
539
527
540
521
528
547
532
548
521
529
527
546
540
545
538
545
537
549
537
542
536
545
526
533
521
527
532
539
528
541
540
545
535
547
538
549
535
542
548
548
550
547
551
562
563
556
565
555
566
558
568
555
570
563
577
564
577
565
569
581
589
576
589
582
582
594
589
582
601
586
590
596
606
604
591
604
596
601
594
601
599
584
592
585
589
583
590
577
566
571
584
575
567
562
572
576
562
555
572
556
569
557
550
564
551
558
545
535
537
545
536
519
531
518
519
529
509
523
500
520
484
505
491
506
506
500
505
496
481
487
497
485
501
504
489
497
503
485
501
501
492
495
499
491
497
494
499
504
518
503
513
505
513
508
513
508
510
505
514
506
504
516
504
511
514
498
506
511
495
490
516
506
507
523
514
508
501
513
511
518
517
519
528
509
500
509
511
505
498
445
412
402
364
360
433
417
391
378
375
495
497
495
438
482
469
348
461
450
442
458
452
455
461
457
454
456
461
426
442
436
452
446
431
432
442
441
444
428
441
431
437
444
445
437
436
423
441
433
424
418
384
400
406
384
381
382
399
416
396
415
414
432
432
428
445
435
448
447
414
433
400
448
424
440
397
412
453
453
443
465
458
460
454
464
5092
5085
5098
5088
5102
5102
5117
5108
5118
5125
5120
5135
5128
5131
5131
5143
5140
5146
5144
5157
5156
5162
5160
5155
5163
5154
5140
5160
5161
0
5159
5159
5163
5149
5145
5144
7742
7761
7764
7918
7921
7920
7948
7956
7964
7959
7987
7986
8002
3367
3386
3370
3384
3371
3366
3381
3380
3352
3371
3353
3373
3367
3376
3370
3379
3367
3368
3381
3381
3368
3370
3380
3372
3378
3392
3376
3383
3379
3395
3391
3394
3395
3401
3394
3397
3389
780
819
765
639
651
627
644
646
640
614
607
623
603
612
603
594
583
576
595
568
586
561
569
575
567
589
582
587
571
581
586
575
583
575
578
568
573
563
559
567
564
560
532
554
545
543
531
536
541
528
538
530
522
528
537
535
527
517
543
532
520
509
521
529
523
515
523
516
522
521
530
527
535
524
503
511
505
510
495
463
506
515
476
490
503
490
501
496
498
503
493
501
498
499
501
509
505
501
506
494
496
484
504
510
501
503
486
495
485
470
465
494
481
492
487
497
486
486
491
464
485
476
495
461
501
493
502
494
495
497
491
483
506
514
506
524
509
521
508
524
519
520
510
515
527
527
518
522
525
531
520
512
521
531
531
522
511
536
526
522
525
528
543
543
525
531
538
543
547
536
519
519
539
539
538
550
538
550
554
545
554
538
539
553
528
547
526
534
528
554
537
551
539
532
537
547
548
544
558
550
566
556
568
566
576
574
587
567
573
561
552
565
580
567
570
569
583
574
585
575
574
573
572
569
585
576
586
576
578
584
588
597
581
587
587
601
592
611
599
608
599
617
627
625
628
612
616
623
621
611
613
592
599
617
620
624
611
629
619
619
613
628
635
643
629
641
635
628
571
638
610
599
577
550
620
526
498
556
630
511
542
530
630
632
633
639
630
624
632
641
619
627
623
630
627
615
631
639
636
662
651
651
660
637
657
644
616
632
648
641
649
675
655
647
663
646
659
563
524
635
544
557
556
555
558
587
588
608
608
624
619
641
640
656
645
653
642
636
654
642
638
635
645
633
642
629
638
640
628
626
618
622
620
627
603
596
620
610
596
574
586
579
572
585
575
584
582
558
581
566
599
586
602
582
594
588
561
565
573
574
560
558
572
548
563
570
548
555
565
554
551
564
548
559
559
548
628
617
625
617
622
615
618
631
629
616
619
632
633
617
625
616
615
627
627
615
630
621
602
602
601
614
612
610
612
612
627
625
643
628
642
633
627
617
630
617
633
623
630
624
633
630
632
622
631
630
553
559
551
566
551
567
550
551
567
560
548
536
559
548
560
548
559
550
559
553
560
557
547
560
561
551
555
563
562
556
557
561
560
549
541
538
558
550
558
550
548
529
551
540
553
554
541
557
556
542
545
551
547
544
553
560
546
558
552
566
561
559
565
557
563
552
561
553
556
550
549
555
554
545
553
548
544
554
550
540
547
550
530
538
531
548
541
553
540
549
556
544
537
545
544
562
560
543
546
548
534
523
546
539
533
543
530
544
530
538
526
537
525
532
526
540
530
536
529
535
529
527
534
539
512
534
504
518
524
539
525
527
527
538
537
539
542
543
541
541
539
540
543
544
536
537
548
553
533
552
535
537
552
542
547
540
557
539
553
538
544
531
550
537
551
537
548
539
549
537
527
537
544
528
542
539
553
551
530
529
513
532
527
520
532
513
517
508
500
504
522
522
520
521
513
520
517
523
525
519
508
502
520
507
521
506
522
515
523
510
518
511
505
508
520
515
521
514
495
519
522
516
529
520
538
522
535
531
540
550
558
546
550
534
549
543
559
552
558
552
571
545
562
546
554
546
563
547
557
546
563
546
546
557
548
555
554
542
556
552
555
553
568
550
547
568
561
548
562
552
560
553
558
551
558
551
559
555
557
555
580
577
582
561
573
582
571
570
582
580
567
570
562
575
562
573
561
561
568
572
561
572
555
577
562
573
563
580
578
576
580
577
582
575
588
577
600
598
596
610
594
607
597
616
600
613
591
599
611
579
575
588
576
567
560
585
578
570
571
578
587
574
588
577
587
585
565
572
572
588
590
581
588
575
574
576
592
577
555
561
577
572
567
575
583
561
568
576
573
573
561
855
841
861
864
860
878
881
867
861
868
854
855
924
945
1082
1093
1088
1076
1106
1103
1097
1104
1105
1111
1101
1108
1107
1103
1120
1098
1119
1113
1121
1114
1131
1115
1118
1099
1111
1118
1103
1071
1093
1120
1104
1104
1066
1075
1089
1109
817
817
808
797
815
808
795
806
804
824
817
747
757
767
623
643
626
638
621
631
633
620
630
634
621
633
647
587
604
598
610
624
595
592
617
596
620
620
619
635
625
629
622
643
631
622
623
648
647
662
660
648
657
657
644
653
662
643
647
641
643
641
635
604
600
590
595
581
578
573
548
528
503
431
555
395
438
568
469
429
485
504
461
432
387
460
456
404
419
448
458
449
437
439
422
427
425
408
392
388
0
393
383
385
375
381
368
369
362
368
362
366
357
353
282
328
359
222
324
224
352
227
224
223
224
339
222
335
225
224
312
310
331
332
330
303
263
327
332
292
315
297
321
324
276
262
329
332
285
279
308
303
311
317
327
333
331
333
334
324
320
298
241
237
233
247
249
249
248
268
267
273
271
272
270
290
291
546
479
521
543
545
472
472
547
462
458
519
537
537
562
564
580
590
587
610
604
610
613
562
562
613
591
610
591
615
570
609
608
609
552
585
607
611
590
570
652
692
694
705
707
715
710
723
714
713
729
480
479
463
465
443
455
472
478
479
485
496
499
493
488
501
498
506
438
499
399
398
387
386
407
407
423
432
440
440
440
430
465
464
481
482
498
499
514
515
531
523
526
520
526
519
521
522
513
536
527
524
522
509
526
527
509
520
519
516
516
515
519
504
524
516
524
511
522
524
519
520
512
517
510
517
511
500
523
515
506
516
511
510
524
513
526
516
530
490
433
511
447
481
422
414
404
474
384
496
454
441
514
396
522
466
11251
11258
11250
11265
11258
11271
11282
11295
11270
11279
11297
11281
11283
11315
11322
11336
11318
11305
11322
11302
11324
11318
11330
11340
11333
11355
11362
11341
11364
11352
11366
11359
11331
11333
11305
512
537
540
558
566
566
585
584
600
599
599
939
946
948
1030
1023
1069
1052
1083
1084
1073
1049
1082
1079
1070
1086
992
1009
1079
1046
994
1035
981
1066
1188
1193
1174
1182
1190
1197
1167
1185
1167
1175
1169
1183
1179
1195
1195
1183
1177
1196
1188
1183
1189
1193
1184
1192
1190
1177
1110
846
840
840
770
759
721
705
686
670
662
658
640
623
615
615
617
609
597
569
571
401
401
395
398
391
385
375
363
355
346
328
325
320
311
301
285
284
265
260
248
239
229
213
212
202
5
19
9
5
11
2
7
32
25
112
128
166
163
185
181
162
165
165
158
160
158
231
243
249
255
259
263
267
271
277
281
233
286
292
290
294
289
232
293
291
365
353
354
365
351
355
355
351
365
366
355
354
367
356
353
465
458
502
500
520
520
529
491
512
513
508
499
496
503
502
520
508
443
529
440
416
405
439
439
461
460
485
483
477
422
412
410
431
428
430
430
468
468
490
488
490
505
516
518
540
539
554
554
554
545
553
554
551
586
534
513
498
493
554
479
453
474
563
434
572
518
549
543
533
443
463
423
555
545
526
507
498
556
529
544
554
579
575
567
574
573
587
585
593
585
589
590
577
570
582
577
574
530
506
504
530
531
553
554
576
577
597
597
615
634
635
634
615
670
671
694
694
711
710
711
745
728
638
652
595
596
595
662
597
595
666
620
636
603
638
638
565
565
528
494
564
481
459
453
556
450
542
522
521
475
611
625
582
636
600
598
578
566
578
575
578
572
571
553
562
568
560
571
562
574
558
537
551
563
531
518
505
497
521
520
528
525
529
532
548
528
534
490
508
508
519
521
543
543
520
571
570
588
523
507
504
510
507
541
539
557
550
561
554
547
554
547
556
535
544
551
569
552
563
550
550
493
518
561
532
522
502
531
540
550
553
544
557
554
549
541
548
519
529
498
494
480
482
473
470
427
436
379
435
503
409
396
385
537
365
426
503
517
461
434
396
485
482
472
489
473
483
468
486
473
462
439
440
458
457
477
477
495
487
500
489
496
481
487
492
499
414
387
357
377
376
396
394
415
414
437
436
458
457
471
484
484
504
503
521
530
530
549
549
570
571
571
566
581
569
578
574
578
575
573
581
567
577
571
584
566
578
570
567
572
572
569
555
569
575
560
571
558
570
560
539
551
569
556
570
561
559
562
550
564
552
554
549
551
558
562
554
558
551
535
562
549
554
558
545
557
541
541
557
540
548
558
535
537
538
526
544
535
534
546
514
532
542
541
534
532
544
519
533
543
523
539
530
537
536
545
532
549
536
549
576
557
573
569
583
584
572
569
590
596
591
605
614
601
615
611
608
615
622
611
627
618
632
663
654
636
667
666
657
654
675
644
667
685
684
707
700
714
698
707
711
698
712
690
706
712
716
702
705
702
687
697
690
682
687
670
661
661
676
664
657
626
559
616
633
619
528
678
512
477
578
492
594
667
649
568
485
612
602
623
598
598
611
598
556
580
552
579
582
574
584
577
581
567
571
582
581
570
588
587
577
589
586
574
585
571
579
589
582
572
540
461
475
473
474
475
491
490
499
502
518
517
531
526
529
550
550
547
532
557
538
532
540
529
541
514
505
532
513
526
519
524
524
539
508
506
519
512
519
504
516
506
512
507
492
509
504
499
505
495
498
504
494
503
494
476
501
484
504
490
501
497
507
491
511
507
524
513
510
514
510
522
499
508
524
522
514
535
515
526
519
525
518
530
523
543
527
536
518
535
534
528
534
522
535
536
539
541
546
535
553
545
555
547
562
544
557
558
570
564
569
562
563
559
569
561
546
563
571
557
576
569
576
568
575
567
572
570
583
580
590
580
588
574
575
565
585
570
560
580
553
430
469
534
569
550
450
569
497
430
520
489
482
457
443
508
511
528
510
526
521
514
519
521
498
522
494
524
505
520
516
506
514
507
509
507
508
494
478
483
451
470
459
466
454
497
478
480
479
437
453
401
399
399
417
418
433
433
447
444
447
447
517
513
530
531
531
554
542
550
560
550
559
550
560
558
577
554
567
557
565
555
569
561
564
569
571
564
578
565
576
549
569
569
587
588
605
597
606
594
606
596
608
602
603
611
611
612
605
603
612
643
579
601
586
594
584
586
595
588
580
593
561
578
533
520
432
421
553
539
573
487
463
453
514
416
501
482
478
477
439
495
591
539
529
517
501
540
507
515
531
519
507
483
496
480
530
522
514
511
508
493
468
495
487
494
484
497
476
486
491
505
436
400
366
385
384
406
406
411
410
407
412
408
406
454
472
472
492
495
512
515
512
515
545
539
556
559
524
555
533
547
537
551
566
554
568
567
583
572
579
571
590
577
594
580
568
577
570
582
574
583
568
570
583
589
582
586
574
564
572
579
576
579
602
594
600
595
585
590
582
598
588
588
573
588
574
571
585
572
624
611
621
613
600
606
602
602
607
615
608
613
600
614
603
616
608
632
623
629
618
629
624
628
618
621
619
620
616
620
609
621
600
620
615
622
622
627
616
628
616
628
614
625
617
623
614
628
622
625
577
587
576
584
576
577
567
573
563
570
568
568
566
560
562
560
562
545
539
542
518
539
536
523
539
522
534
522
533
520
520
537
512
533
515
521
510
524
522
523
517
522
520
514
521
499
521
513
523
509
520
508
506
523
524
511
528
513
525
514
529
513
532
518
517
524
535
520
524
534
516
526
524
541
524
542
525
540
528
540
528
543
533
539
540
552
548
530
546
540
554
541
564
550
569
562
561
564
577
564
579
575
583
581
574
582
584
578
586
578
579
587
567
592
578
593
576
580
594
598
582
580
579
590
583
588
580
586
578
579
586
585
576
582
580
582
576
583
575
578
587
559
583
569
573
562
568
559
576
562
562
554
562
551
557
560
552
534
555
545
536
538
532
542
542
540
526
540
537
539
530
546
545
544
541
545
537
544
542
543
533
541
561
553
550
562
557
550
556
553
551
534
554
552
544
552
551
543
546
548
539
547
545
535
542
540
523
538
539
541
542
549
556
559
557
551
559
555
550
545
549
543
537
554
539
526
546
561
556
558
502
552
499
519
528
514
528
517
517
528
516
526
521
521
533
525
538
527
541
534
541
537
548
545
547
543
542
556
548
561
538
547
553
544
528
545
529
520
540
544
508
486
477
505
509
536
523
527
506
529
526
521
534
533
541
530
539
532
545
537
544
544
544
543
535
541
527
523
537
488
509
522
530
492
516
506
504
514
512
512
519
521
498
504
515
516
499
503
501
521
503
517
511
529
523
533
517
516
520
530
536
528
535
539
534
536
551
544
534
540
496
489
501
402
528
449
518
429
486
514
404
472
453
448
409
420
424
474
519
529
515
522
514
518
527
526
518
510
523
519
511
514
521
509
519
512
515
530
524
514
524
531
520
540
533
511
520
530
529
520
445
458
459
459
509
492
544
580
492
573
620
639
663
671
671
673
675
674
673
662
661
649
642
632
632
619
619
606
600
592
592
579
568
557
502
492
488
476
468
458
451
427
427
427
416
390
376
367
366
349
336
510
529
546
522
357
360
364
330
306
332
303
139
148
161
196
202
202
224
224
244
252
249
267
270
273
291
291
312
310
316
317
333
334
350
349
357
369
369
385
379
401
401
403
399
401
416
435
435
451
462
469
471
469
495
494
514
513
534
534
557
557
578
588
570
612
603
619
625
609
629
618
630
606
619
636
630
627
635
640
635
648
635
614
622
631
625
551
581
521
506
494
611
475
547
604
520
490
576
465
521
564
550
544
590
570
584
588
595
594
590
595
588
548
578
560
559
569
561
571
563
574
565
572
552
564
562
565
550
364
533
381
378
377
378
508
547
420
508
379
474
470
447
452
450
483
510
509
530
542
542
564
560
542
463
516
543
471
467
571
501
560
483
521
465
542
541
548
532
548
538
548
541
535
551
525
542
524
481
473
461
475
462
478
477
492
491
577
524
537
524
537
558
561
559
572
568
579
586
558
572
548
567
567
547
521
532
507
516
514
527
526
542
533
534
563
558
552
557
561
549
550
548
542
556
543
551
536
558
547
532
542
531
547
545
535
548
534
523
531
535
523
526
526
533
539
529
538
527
534
525
523
528
534
516
530
524
529
532
522
538
532
513
533
525
533
521
534
511
524
528
529
535
533
466
516
498
529
487
509
477
512
502
510
487
500
506
504
494
508
487
509
495
485
498
513
520
522
518
519
521
512
520
510
509
510
500
520
511
516
510
522
517
527
522
534
527
527
519
524
538
533
529
531
538
533
550
534
527
549
548
553
564
553
571
573
567
580
572
578
570
586
574
573
566
567
559
563
552
562
562
571
578
565
573
579
556
577
571
565
562
571
567
560
563
570
584
576
580
573
582
573
581
570
568
581
582
569
584
564
558
572
566
554
547
559
551
555
543
555
543
552
538
529
536
544
551
543
551
537
542
536
545
535
547
537
545
542
544
536
541
530
528
536
522
532
525
516
510
522
519
506
519
504
519
509
513
515
505
506
512
515
505
514
512
506
517
517
515
497
479
507
462
483
513
473
491
479
498
487
495
475
482
493
483
475
476
486
487
476
490
479
489
481
490
482
486
479
490
489
482
491
486
507
503
537
538
541
532
539
530
546
553
540
550
527
555
513
539
554
574
546
563
563
561
560
603
596
607
560
592
566
583
543
573
530
516
494
536
517
597
553
589
502
634
623
648
635
656
640
653
641
629
658
644
623
611
636
633
628
602
618
624
622
609
633
602
632
598
623
609
632
629
605
624
623
637
620
586
553
553
571
530
552
552
571
571
592
592
614
613
629
628
649
640
652
636
645
631
651
632
642
626
633
619
621
611
615
602
615
613
609
619
613
599
593
531
558
573
555
513
582
612
559
575
566
574
575
576
568
577
563
574
566
573
562
562
576
573
560
564
572
575
561
580
561
575
562
576
562
573
563
577
566
581
567
579
568
574
561
539
559
552
562
555
552
520
531
526
549
546
548
581
580
585
575
583
579
576
585
583
576
581
574
582
575
583
581
579
570
574
561
577
568
572
566
571
564
570
563
572
562
552
581
539
576
564
570
580
569
562
581
574
581
563
573
590
576
566
554
568
573
548
573
578
569
570
539
572
547
559
553
564
563
551
554
542
555
544
550
541
537
548
553
539
546
547
539
543
515
531
540
517
518
534
513
527
532
529
528
520
527
531
528
529
511
520
526
509
503
527
509
530
523
530
519
542
528
522
520
542
531
535
527
533
511
497
539
460
468
546
499
512
453
482
534
523
548
540
541
551
514
522
461
423
439
501
454
411
550
407
486
474
443
396
499
497
523
525
537
493
507
513
519
517
510
515
511
512
502
513
499
492
509
474
439
458
457
469
470
485
484
485
508
508
517
511
544
527
542
538
540
539
479
479
479
499
499
515
515
531
533
540
539
538
565
565
579
576
577
568
577
560
556
568
551
564
554
536
562
532
552
547
547
539
550
536
542
534
545
533
535
541
529
545
538
519
542
509
530
512
505
506
492
502
503
496
508
484
505
498
504
496
497
492
499
491
482
487
486
496
498
487
505
496
508
500
510
496
511
503
517
500
507
504
507
504
507
502
507
496
509
500
506
509
484
489
506
516
518
508
509
504
492
485
512
501
510
503
510
503
508
496
495
505
495
509
499
500
405
378
415
401
430
475
386
484
466
450
375
437
389
420
364
492
460
454
459
450
461
449
462
448
459
434
442
455
460
466
445
456
440
449
443
464
457
462
444
456
459
471
472
477
481
462
480
478
478
466
465
444
422
440
440
462
462
481
481
500
500
522
522
543
543
567
561
575
566
574
566
580
570
613
623
618
613
603
620
589
601
600
612
607
622
604
614
605
611
581
592
615
606
599
589
609
608
603
605
598
592
604
608
596
593
605
598
590
599
590
586
596
595
580
589
574
590
572
567
571
568
566
515
525
514
528
516
527
514
530
522
526
518
522
516
522
516
527
515
500
504
517
510
524
509
517
507
518
505
507
513
521
499
511
495
495
503
505
492
490
491
483
489
482
489
487
487
483
484
490
495
485
495
484
481
494
495
484
492
483
482
491
481
475
490
463
459
483
469
485
474
482
482
470
463
462
466
472
463
476
468
473
460
475
478
467
464
473
477
469
481
483
486
479
490
488
494
484
474
365
483
404
386
421
447
468
440
431
493
377
397
410
456
468
469
471
474
470
477
465
463
21534
21546
21611
21603
21611
21724
21718
21693
21710
21677
21674
21666
21647
21632
21744
21654
21686
21636
21698
21684
21666
21833
21841
21795
21760
21774
21781
21790
21852
21834
21821
21819
21844
21845
21860
21860
21878
21878
21891
21864
21888
21892
21887
21884
21886
21881
21876
815
803
784
711
628
617
496
341
342
343
344
343
336
336
336
337
338
340
340
339
339
339
341
275
249
246
246
246
248
247
247
247
247
244
237
21888
21879
232
330
341
351
340
318
320
340
349
356
356
223
254
252
275
274
282
283
283
317
319
342
357
359
390
390
410
410
426
442
453
454
453
474
477
479
480
480
481
482
486
484
485
484
484
484
485
487
488
489
489
481
467
451
439
430
431
425
409
398
397
384
380
356
349
305
230
282
255
214
194
338
375
192
314
297
262
209
320
357
342
145
150
190
112
125
118
132
128
116
117
125
124
130
128
132
117
126
133
131
130
129
270
263
266
272
264
270
266
265
359
361
365
376
380
287
220
177
372
370
373
364
365
371
365
367
364
364
179
363
369
365
365
285
296
299
311
296
307
307
330
329
353
353
359
353
378
378
393
405
405
406
434
464
478
478
506
506
507
536
478
415
413
414
441
437
451
448
440
443
446
448
450
453
455
437
458
452
453
452
451
456
452
528
529
563
564
574
564
549
561
573
555
574
559
581
571
574
588
585
583
604
580
567
538
435
441
361
323
553
362
523
501
359
440
502
321
457
493
437
478
360
329
462
458
458
458
455
440
460
459
546
567
563
585
580
594
590
585
586
594
588
592
590
582
566
574
559
570
557
552
559
560
521
387
396
386
398
345
357
357
374
372
390
389
404
416
415
414
403
441
440
456
457
470
469
484
485
482
487
497
489
500
494
465
495
481
474
484
489
471
490
480
501
493
511
495
502
484
503
496
493
506
494
494
500
501
516
506
506
522
514
513
517
520
515
527
518
516
515
517
524
530
523
535
523
539
535
552
540
558
543
564
563
563
551
559
568
555
565
555
547
567
563
555
542
553
562
564
556
566
559
565
551
572
558
566
553
572
552
564
553
560
562
567
564
568
565
563
557
561
542
565
569
550
541
561
522
530
548
551
543
536
543
534
540
542
539
529
560
540
539
535
546
536
539
548
535
546
532
532
533
519
536
528
517
530
521
524
521
517
523
507
510
529
490
516
499
504
519
510
504
504
492
503
441
461
466
516
458
450
430
474
459
504
483
492
501
512
490
493
506
503
491
501
494
505
497
510
508
508
514
496
492
506
485
494
483
468
508
497
503
509
518
510
525
515
526
521
517
536
524
511
523
525
527
524
560
561
581
538
553
553
577
576
589
569
593
586
596
587
601
594
591
583
606
590
602
590
594
597
615
612
585
629
639
646
613
623
631
634
630
602
563
617
611
587
579
612
599
613
602
607
593
607
610
610
599
575
583
601
609
616
608
614
608
618
602
629
612
619
610
616
617
594
611
601
604
606
607
571
590
591
603
596
604
595
597
595
592
572
538
605
569
583
599
600
600
586
579
592
586
583
595
567
593
581
571
564
583
571
562
557
550
568
525
557
544
532
539
531
515
524
519
527
524
507
497
519
505
500
492
506
508
500
505
484
493
485
492
506
488
501
496
471
469
478
474
475
493
464
498
435
416
481
441
429
473
456
467
486
471
474
479
481
474
473
472
469
480
466
470
471
479
488
493
474
490
485
485
500
462
466
477
494
487
494
486
486
496
479
461
477
472
478
459
469
474
465
421
469
429
447
446
464
461
473
476
468
486
430
482
440
463
477
455
422
448
476
482
456
471
487
455
469
463
454
464
457
464
466
435
433
458
432
460
466
475
460
477
470
467
485
483
488
487
493
491
480
507
477
455
478
469
487
484
487
483
476
496
490
445
458
458
473
473
484
492
490
492
506
500
501
515
508
501
490
501
482
507
499
511
505
496
476
489
506
505
504
499
521
512
501
502
509
492
503
507
508
500
489
505
500
511
489
502
495
497
502
506
499
511
504
515
507
521
508
517
502
518
516
521
511
519
516
521
532
528
526
495
506
499
519
504
505
505
504
526
535
533
532
536
524
538
530
543
542
544
540
550
543
549
558
559
553
558
570
566
576
571
581
584
592
593
597
578
572
592
596
591
595
602
588
597
631
606
607
601
584
614
612
563
546
469
607
524
562
597
515
503
484
497
533
577
576
614
597
570
580
580
600
603
610
609
598
615
615
604
610
599
626
618
524
463
444
398
343
342
315
309
364
625
502
564
556
612
587
484
593
539
505
591
469
458
522
506
523
551
550
576
576
593
590
609
609
627
608
636
634
627
638
624
626
614
614
610
595
610
592
605
505
583
562
525
525
525
568
565
584
584
600
599
617
617
636
637
655
654
672
672
690
690
709
709
559
719
519
556
547
538
548
537
547
536
539
533
549
540
549
550
532
539
533
518
530
522
514
521
518
527
528
527
534
526
528
506
521
506
507
518
517
509
499
514
508
517
509
515
508
493
519
507
507
502
502
492
500
509
499
488
460
493
481
470
672
660
674
663
681
680
683
673
690
682
692
686
698
695
678
689
681
693
678
686
691
670
679
676
680
685
679
687
680
684
681
683
670
681
669
677
659
674
675
682
692
696
672
668
665
681
649
665
665
485
678
497
479
486
500
495
483
488
482
487
483
487
480
482
481
464
475
476
487
473
486
483
479
474
478
487
485
471
482
475
478
493
482
488
493
502
500
507
497
508
499
495
489
507
504
499
503
507
513
506
507
511
514
515
514
529
518
532
522
539
541
542
531
550
548
551
548
563
554
567
550
569
574
570
566
572
582
592
584
599
569
580
583
580
592
580
592
580
582
599
598
589
609
592
606
597
587
607
600
609
607
610
612
604
598
607
600
610
607
605
592
608
593
608
589
556
575
591
447
521
546
507
601
496
535
469
423
568
439
531
518
450
478
530
526
546
529
541
535
537
526
538
520
536
518
517
523
528
533
538
528
544
535
543
535
535
527
518
524
517
533
516
518
531
483
526
449
423
427
427
440
441
458
456
473
475
480
480
482
501
503
515
516
526
519
529
511
492
514
508
511
507
499
504
508
508
481
500
495
487
500
487
480
495
497
486
494
484
491
497
494
489
482
499
491
492
509
508
500
511
505
517
512
500
510
503
517
510
517
527
526
527
525
526
525
530
540
541
550
556
542
540
515
490
510
459
480
440
454
490
503
546
539
529
481
444
523
559
425
1811
1808
1850
1828
1833
1846
1849
1841
1852
1842
1841
1853
1857
1842
1843
1839
1842
1850
1852
1851
1839
1834
1822
1850
1934
1918
1931
1923
1921
1922
1915
1922
1873
1875
1913
478
499
479
474
1876
472
1873
1872
501
490
1874
1873
1877
476
613
611
631
622
621
629
618
602
629
614
621
622
616
620
615
619
643
628
616
613
627
619
630
653
645
565
560
579
601
600
613
478
480
482
562
477
614
517
481
646
646
666
666
687
689
686
708
709
720
729
724
744
737
769
756
779
750
749
766
745
769
790
787
810
769
797
807
780
809
798
801
757
809
744
794
792
791
726
762
707
647
675
663
742
694
693
707
730
687
682
732
726
700
699
703
680
711
675
707
675
707
705
603
398
400
398
387
586
472
398
400
402
434
617
583
503
475
390
547
590
559
593
523
396
691
657
517
519
515
453
437
436
407
386
375
368
327
329
517
365
330
201
166
489
340
333
256
515
163
334
333
336
329
161
502
506
359
280
317
371
371
392
391
409
410
411
438
449
448
467
460
474
484
493
493
386
505
505
356
334
332
334
334
352
354
355
375
376
386
393
401
415
402
424
423
445
443
454
456
472
470
486
482
485
504
508
518
517
534
528
538
520
522
520
524
516
523
522
508
518
507
518
510
511
514
519
501
514
508
522
508
504
504
520
508
519
513
506
512
503
505
513
499
511
495
493
499
498
489
478
466
464
445
436
434
483
451
496
489
477
487
481
499
491
488
482
489
488
470
492
486
499
496
504
497
504
499
503
489
496
501
508
506
505
499
494
503
507
505
508
501
509
505
502
509
517
508
513
511
500
503
494
474
491
491
506
505
521
515
511
516
523
511
518
513
517
517
429
508
443
466
420
458
419
401
477
501
446
368
486
357
420
380
392
474
463
471
482
479
474
483
480
488
483
494
484
482
470
486
487
467
479
471
478
487
475
463
486
481
494
492
498
486
503
492
415
511
416
471
432
460
450
452
464
461
463
460
462
464
502
501
515
516
531
531
540
549
555
529
544
526
536
523
535
524
530
525
535
536
538
531
548
535
551
528
548
544
513
537
523
535
530
507
522
522
511
522
536
534
526
525
528
494
516
504
501
511
525
530
536
538
556
554
565
557
543
546
554
549
566
572
564
544
538
537
532
531
526
516
512
505
496
491
485
558
478
464
464
546
544
524
514
552
551
576
563
575
558
562
560
574
572
551
551
586
587
583
597
594
585
591
566
570
557
575
574
565
573
571
482
592
475
472
487
487
504
497
505
506
506
505
506
542
550
561
552
544
543
601
601
622
621
624
578
585
599
610
607
598
605
606
546
543
539
529
522
523
515
513
502
498
501
491
475
464
453
445
435
432
419
407
395
381
370
365
368
372
368
371
375
361
362
364
323
320
308
307
287
266
271
275
278
281
276
261
264
597
595
560
593
5
6
10
19
26
28
13
11
46
65
76
138
157
158
160
152
179
178
196
191
206
207
226
225
244
245
262
262
254
255
294
294
317
316
319
354
353
371
373
393
393
413
430
430
413
459
469
470
486
485
503
502
518
520
539
538
558
558
566
565
566
598
589
589
605
607
596
589
600
586
592
583
589
566
566
586
578
598
573
597
588
601
586
590
600
589
587
592
585
591
586
588
591
582
574
589
587
575
594
584
592
589
592
588
572
586
581
563
582
578
581
562
578
561
571
570
566
553
562
560
559
567
564
568
561
553
561
529
554
519
519
545
537
524
542
523
516
530
527
515
521
516
521
500
507
508
522
503
490
474
514
486
506
515
504
509
519
510
502
509
527
524
530
529
522
533
535
532
518
515
532
520
519
531
525
515
542
529
537
538
534
555
542
540
533
539
534
542
541
534
541
530
536
545
547
538
532
549
503
521
537
537
537
551
544
555
557
1414
1399
1420
1395
1372
1362
1388
1414
1358
1391
1397
1417
1410
1419
1405
1404
1406
1419
1398
1396
1419
1398
1411
1406
1407
1397
1407
1413
1420
1414
1422
1413
1421
1414
1430
1417
1426
1428
1421
1429
1403
1422
1422
1435
1417
1421
1442
1423
1417
1422
564
552
522
534
516
527
526
544
544
562
562
553
566
563
567
544
571
554
556
560
553
544
562
553
560
557
535
547
555
536
553
545
549
541
545
543
545
529
536
528
539
527
527
543
524
523
536
527
540
535
539
542
549
534
543
536
536
548
535
546
546
534
548
532
548
533
547
537
547
549
549
543
546
552
540
545
552
550
549
554
552
544
554
556
549
548
561
558
546
546
561
559
548
579
572
583
569
580
584
577
588
586
587
580
587
582
567
586
576
585
585
577
593
590
594
599
586
609
598
583
597
610
633
618
620
632
622
631
633
622
620
636
638
620
636
621
624
633
626
633
623
626
576
628
585
598
586
583
597
584
558
573
575
566
570
563
571
556
564
566
552
568
561
553
559
535
491
547
520
519
519
521
513
529
512
516
495
506
510
492
503
506
496
498
495
492
477
481
490
470
484
487
472
480
495
483
480
484
489
482
483
496
483
495
495
489
474
485
493
484
490
481
487
469
482
497
490
495
474
481
462
471
468
450
473
474
482
470
475
445
463
446
499
469
487
453
498
477
489
483
484
496
485
485
506
495
511
503
504
507
502
502
497
493
501
498
509
523
516
506
523
516
521
518
523
511
533
523
534
534
546
555
548
555
538
553
552
524
522
508
515
519
517
533
532
534
558
543
563
549
555
554
561
548
535
554
541
552
551
554
547
555
563
553
570
567
555
548
552
550
547
535
540
534
563
544
550
555
23484
23495
23507
23495
23501
23510
23485
23484
23492
23480
23373
23440
23489
23425
23387
23470
23456
23364
23445
23410
23379
23472
23404
23432
23529
23546
23574
23557
23569
23558
23567
23554
23559
23572
23579
23567
23568
23543
23555
0
23509
23556
545
23483
495
23510
23569
488
23547
23500
518
23492
23507
677
670
686
673
698
663
536
517
540
555
569
568
587
593
608
609
634
632
665
665
687
688
715
703
709
720
716
720
716
726
710
726
726
715
718
719
739
724
576
576
596
596
619
619
639
639
663
664
685
685
699
686
703
685
698
681
696
678
692
676
682
665
679
669
680
677
677
637
624
566
559
538
507
470
446
424
519
483
571
587
603
439
469
615
417
529
550
465
496
508
461
644
494
495
503
520
510
498
495
505
501
491
494
486
492
476
487
472
480
477
478
476
476
460
454
470
416
415
432
432
449
448
465
465
481
490
490
508
506
519
522
522
524
524
524
565
565
564
586
592
583
544
542
542
517
534
520
524
529
531
520
531
521
522
523
531
505
518
519
540
525
545
538
527
516
535
524
541
540
539
535
536
545
529
538
550
549
543
554
542
554
568
550
574
564
580
566
590
583
586
580
592
586
594
566
581
589
592
600
586
597
581
598
597
608
594
590
583
593
591
603
576
571
580
577
576
591
573
589
580
582
577
597
589
582
590
575
572
570
587
585
571
580
571
585
569
576
561
556
553
566
544
556
536
561
546
548
539
547
537
545
538
549
542
548
546
518
545
527
533
546
552
539
550
535
531
529
539
538
532
541
538
532
543
539
532
531
543
546
535
518
529
536
534
560
556
560
566
494
523
481
526
542
514
484
550
542
551
540
573
560
572
559
576
562
566
588
570
586
564
582
570
576
583
593
573
556
582
578
579
572
567
585
572
583
570
579
570
578
562
575
578
569
537
541
525
525
522
532
541
542
498
516
520
524
535
534
529
529
517
534
527
548
531
501
522
501
502
485
540
480
531
544
543
532
518
540
536
547
541
547
571
553
571
553
565
580
576
584
578
590
581
600
601
597
589
622
611
637
624
637
629
645
627
645
629
647
638
631
628
642
649
656
642
645
648
625
637
641
641
660
652
660
667
677
659
673
665
652
675
664
650
659
669
660
671
636
662
644
663
636
643
668
660
654
646
637
632
648
642
633
643
636
608
598
623
630
602
623
615
618
602
581
619
595
600
588
604
582
587
577
590
565
573
561
555
563
552
546
546
539
534
540
521
536
510
492
515
510
506
496
496
520
519
531
494
539
520
545
532
546
534
553
544
565
565
545
555
547
536
540
546
555
533
532
547
560
554
545
560
550
559
565
568
555
569
565
558
568
568
560
567
566
566
564
545
525
549
568
555
570
564
575
550
559
539
540
535
543
533
533
542
525
539
538
529
532
535
535
532
549
541
538
526
536
525
529
539
539
529
525
537
528
519
531
517
531
519
527
520
531
521
512
527
441
433
426
397
383
389
473
519
455
462
488
412
461
498
473
489
485
491
482
493
483
484
488
479
497
483
492
482
493
486
482
493
497
483
494
483
486
495
491
496
484
497
496
498
500
483
483
488
481
412
426
429
426
444
445
461
471
470
487
486
502
507
519
518
535
540
527
537
541
530
531
532
516
520
508
524
516
522
526
525
514
529
521
529
518
524
518
525
520
537
521
519
527
525
517
532
531
518
545
529
514
517
515
522
517
519
504
513
517
514
509
520
513
516
511
519
508
508
522
512
513
501
517
507
520
532
519
527
518
527
515
510
521
525
514
514
526
531
524
528
531
535
546
540
560
545
538
559
547
562
552
547
577
575
581
580
565
574
540
528
534
523
579
562
567
548
555
557
559
559
553
570
552
550
556
562
552
559
562
560
566
566
558
559
553
563
561
557
555
558
556
541
541
550
544
543
553
551
544
476
422
455
539
510
491
421
532
421
422
487
507
479
422
420
548
515
527
522
530
530
529
528
516
511
505
497
528
512
535
518
516
527
513
522
529
506
512
525
528
524
526
531
521
513
531
512
515
509
518
511
524
425
501
441
452
463
462
480
473
482
498
499
511
521
513
521
507
513
535
544
548
538
526
533
542
544
534
552
549
542
545
539
544
538
536
517
543
545
540
523
548
531
539
539
493
468
449
425
400
397
391
384
387
390
385
357
358
355
346
339
332
325
307
308
305
292
289
279
270
267
257
254
251
243
243
234
232
225
204
189
175
441
481
493
505
511
419
402
530
461
534
522
5
3
4
3
13
10
4
5
17
9
7
13
13
13
34
23
33
65
32
94
150
147
147
166
182
181
165
218
219
222
251
251
276
277
299
300
319
321
342
342
361
362
366
382
387
388
410
409
427
427
446
443
440
467
467
488
487
506
505
529
528
549
548
570
569
593
604
593
616
635
628
627
634
625
635
632
631
622
620
617
611
617
616
603
603
616
613
598
610
596
617
607
618
620
608
601
610
605
600
601
608
617
597
611
606
611
607
613
606
610
611
615
605
619
610
603
624
613
620
602
612
600
619
600
619
601
1015
1029
1024
1020
1035
1028
1075
1083
1072
1093
1078
1094
1082
1087
1081
1096
1084
1091
1092
1096
1094
1094
1101
1081
1100
1091
1081
1088
1079
1092
1070
1067
1078
1093
1071
1075
1082
1105
1087
1090
1096
1090
1099
1083
1099
1113
1100
1116
1103
711
692
702
694
699
693
635
651
667
647
643
652
645
646
640
642
636
638
632
645
633
650
638
634
663
655
655
653
660
654
666
663
644
663
656
660
659
675
652
645
637
660
601
627
641
620
628
620
628
626
617
611
617
619
602
615
615
592
612
610
621
600
600
607
608
614
606
605
614
612
594
604
590
576
606
586
572
572
587
576
571
575
569
582
570
582
571
582
570
582
572
588
567
588
575
583
581
581
567
579
582
584
574
584
571
585
573
587
575
578
549
563
571
573
584
581
571
583
580
583
571
587
575
578
588
591
578
591
582
582
594
593
585
579
592
581
592
592
571
585
568
582
590
591
581
591
588
592
590
584
573
576
590
569
592
579
568
578
593
577
567
578
556
580
568
564
571
568
561
548
552
529
469
512
440
565
427
459
491
448
504
418
489
543
521
522
526
515
525
510
525
516
527
507
520
501
515
504
511
520
506
512
514
513
516
513
520
497
519
492
503
509
501
502
515
522
508
519
532
500
526
516
441
464
456
456
467
466
481
482
482
501
503
504
506
512
527
519
522
500
515
505
514
492
507
517
512
509
517
522
505
502
514
504
499
499
491
509
511
491
497
506
503
466
453
510
483
491
480
491
494
488
475
489
493
476
493
486
496
483
501
501
514
512
513
523
511
507
512
518
520
529
528
539
533
535
531
525
533
540
564
581
574
585
586
591
591
613
593
593
584
597
587
604
602
627
636
635
624
632
645
633
647
626
634
646
652
633
660
646
655
645
661
659
667
657
674
660
675
675
684
666
684
667
679
666
656
668
636
631
651
625
636
621
628
584
590
586
585
587
567
569
551
543
536
528
516
502
488
481
481
482
456
445
437
425
420
414
400
398
385
374
358
355
346
342
338
329
322
313
303
297
288
282
269
263
258
246
242
226
213
609
598
616
10
11
46
46
63
81
103
109
93
170
169
190
189
209
209
220
214
232
231
248
240
246
270
269
283
283
296
295
314
314
329
331
329
331
364
362
380
381
396
395
413
413
421
412
408
413
414
417
419
422
425
427
422
416
405
399
390
381
380
370
366
362
356
350
345
331
333
324
317
312
303
299
291
287
264
267
270
267
256
253
245
243
243
230
223
433
412
406
408
410
413
410
10
19
58
93
98
119
136
137
136
151
170
161
160
186
187
186
211
211
227
224
226
248
259
258
269
269
284
284
299
301
302
321
323
321
344
343
357
351
351
359
375
377
372
382
377
411
410
406
404
408
411
410
449
449
466
466
480
481
469
487
475
482
468
490
484
476
465
478
473
464
478
485
481
469
474
464
484
480
480
479
485
481
489
472
482
492
472
465
490
491
480
480
480
489
495
497
489
486
493
504
514
513
517
517
496
507
513
524
491
516
493
510
499
533
512
517
506
486
475
517
461
433
427
419
423
482
401
391
448
401
466
491
463
392
494
487
495
493
501
488
477
496
491
495
493
490
496
491
474
499
493
478
488
477
489
476
494
476
458
486
471
472
493
488
494
443
413
412
434
433
429
428
445
445
465
465
480
480
499
499
520
519
539
537
531
534
546
545
557
561
552
562
552
563
553
568
570
577
580
577
590
578
595
588
594
590
582
600
585
610
601
628
609
604
611
621
624
601
622
627
615
623
601
588
608
629
619
620
620
636
629
623
635
634
642
652
656
653
650
638
653
558
637
632
560
578
613
531
516
550
501
453
540
594
544
497
522
463
599
529
487
618
474
510
539
588
514
565
433
532
480
535
467
454
479
422
481
457
549
482
425
557
534
495
506
520
543
524
540
532
517
462
460
481
479
388
386
379
376
385
421
478
440
425
426
450
450
469
467
492
455
416
415
430
428
447
441
419
433
418
428
435
438
454
450
462
461
480
479
499
499
498
525
524
557
549
545
549
570
574
564
580
571
579
591
567
569
552
563
558
576
578
583
578
578
590
589
578
562
588
580
568
579
567
574
566
565
581
573
619
617
623
620
619
612
615
608
609
565
528
590
538
558
593
611
572
541
584
579
589
581
461
558
536
517
543
495
572
480
449
485
577
523
505
472
589
547
545
551
559
536
549
540
547
546
543
551
527
519
486
500
488
494
474
486
495
503
475
470
468
484
468
484
476
488
488
506
497
491
505
452
482
404
447
448
427
432
464
454
455
471
471
488
488
501
503
509
518
496
523
515
520
515
523
500
508
518
513
533
513
521
514
524
510
523
514
518
507
516
509
517
510
489
507
515
443
465
493
454
474
497
490
498
504
497
513
514
506
511
502
515
514
508
515
526
523
522
520
525
512
530
516
522
522
529
515
531
531
537
524
537
529
543
538
544
532
548
547
545
538
548
541
513
537
539
521
528
527
544
543
552
550
541
551
539
528
549
543
530
541
528
538
529
555
532
547
531
541
525
534
536
539
533
524
528
519
512
536
525
538
524
528
534
527
538
525
529
532
521
517
527
533
533
524
508
512
535
523
501
523
531
519
530
522
512
523
528
522
533
528
520
514
527
516
506
505
510
506
505
501
519
506
516
516
535
528
520
528
512
513
495
497
506
500
509
509
507
510
518
510
504
511
503
508
518
514
515
506
517
498
496
508
506
503
501
512
509
497
496
497
509
495
484
505
504
494
492
505
504
492
503
490
500
490
479
503
493
490
478
485
502
491
502
492
494
503
505
494
506
496
500
494
507
501
503
513
510
510
521
510
527
525
525
521
529
522
533
525
538
524
534
528
532
541
537
527
514
524
526
534
539
540
544
549
547
549
547
535
559
557
553
556
549
563
524
492
462
420
401
540
452
513
442
504
437
480
428
551
408
394
511
534
476
486
485
478
494
484
499
506
495
506
498
494
510
488
513
512
519
498
508
492
501
488
493
485
492
498
486
496
487
501
487
458
403
420
400
414
413
412
442
443
464
463
481
481
502
501
515
514
533
521
545
545
564
565
582
572
560
590
596
601
594
567
589
609
564
578
598
809
805
809
816
821
830
818
849
838
850
857
895
880
900
893
904
897
897
906
896
903
906
914
893
904
913
887
880
813
859
783
795
765
834
745
871
901
794
847
914
829
868
832
712
715
717
719
596
583
576
569
559
545
523
506
483
474
474
422
405
397
396
371
372
360
359
350
344
321
312
303
300
283
253
194
194
159
149
149
150
152
155
157
159
162
164
164
165
165
829
864
850
4
4
19
20
28
27
40
187
175
216
215
216
243
236
264
264
291
290
319
316
353
351
392
400
392
429
449
449
473
473
501
499
524
532
532
625
626
646
646
661
671
671
689
687
706
705
729
730
746
729
746
775
774
798
796
800
815
813
788
823
793
779
785
778
756
682
713
747
726
750
753
651
673
680
707
676
670
679
655
662
682
649
691
659
688
627
611
627
611
614
625
576
564
565
567
556
554
519
480
434
528
613
588
456
444
500
607
423
498
600
413
463
463
412
498
524
539
526
548
546
546
540
544
554
556
569
501
526
507
508
513
482
499
493
485
470
486
483
477
491
401
413
364
350
361
361
377
376
394
397
409
406
408
402
397
405
403
407
406
405
473
465
483
482
481
501
502
520
518
519
510
515
508
520
510
518
503
511
517
507
507
511
509
488
473
499
482
509
499
499
509
511
499
516
489
501
507
488
498
502
505
503
500
475
474
494
494
509
510
524
500
517
506
521
509
521
512
21065
21087
21084
21096
21104
21101
21090
21094
21098
21114
21101
21109
21108
21117
21130
21089
21126
21110
21110
21129
21130
21145
21108
21127
21078
21062
21031
21055
21015
21100
21091
21075
21042
21118
21001
21070
21020
21130
21117
21116
21099
21108
21123
21135
21143
21123
21139
21138
21130
21133
582
550
539
547
546
536
550
552
541
529
542
528
542
535
514
532
525
539
531
532
529
512
510
481
446
471
472
477
478
490
505
513
514
546
558
558
568
549
563
581
561
562
580
572
572
580
585
564
561
539
496
516
438
440
412
408
407
399
397
393
382
382
363
352
350
334
337
337
331
308
306
297
295
293
284
274
267
261
249
246
248
235
229
507
545
526
578
484
480
459
451
442
556
466
532
445
