43
140
152
80
328
332
357
357
331
367
355
421
433
465
465
635
432
502
766
469
627
754
875
563
883
1113
1104
1598
1609
1598
1601
1600
1959
1954
1961
2098
2106
2213
2216
2217
2387
2454
2462
2551
1699
2733
2545
2633
2642
2741
2932
2929
2926
3057
3096
3080
3126
3121
3160
2702
2639
2085
2017
1961
1785
1795
1810
1822
1801
1796
1732
1720
1660
1650
3075
1397
1319
1576
2492
1520
3057
3103
3085
1420
2905
1356
2834
1290
2810
1174
3047
1050
3150
902
947
3079
910
1579
3114
1474
3121
1216
850
2954
2796
1045
108
106
194
349
416
519
526
390
433
393
366
425
358
353
338
326
506
316
304
478
382
267
372
445
345
309
515
231
397
312
284
261
18
37
22
59
27
25
22
63
116
116
141
105
158
148
160
94
84
46
106
124
107
34
12
9
31
59
77
69
16
116
105
77
12
89
25
35
65
50
66
32
54
69
62
12
51
78
102
82
116
138
154
145
166
176
202
188
203
200
225
246
277
296
211
227
269
194
107
152
156
207
219
189
135
111
258
131
90
183
87
184
140
208
139
86
141
157
115
10
27
25
39
67
48
59
63
76
124
106
118
155
177
271
268
280
273
277
210
230
190
194
198
197
187
188
207
191
201
225
258
195
194
190
197
191
183
223
186
188
188
190
243
191
175
211
186
193
195
196
197
197
181
190
197
187
197
199
283
10
14
64
57
136
142
88
100
108
116
125
133
141
149
155
163
169
177
183
98
90
104
138
98
132
128
93
8
6
38
16
1364
1337
29
27
1357
8
10
101
68
22
33
28
55
78
95
98
111
93
118
132
129
129
123
176
151
94
106
24
157
148
59
115
84
173
143
90
7
14
22
42
23
52
39
65
63
88
94
113
102
110
98
104
104
129
107
141
139
142
149
196
350
351
353
381
364
377
367
359
382
360
386
386
422
422
446
453
450
491
491
518
526
555
555
587
588
620
619
652
652
676
643
675
714
714
741
743
767
781
782
810
808
805
853
853
875
875
899
895
899
928
925
946
934
916
910
907
923
910
904
920
904
918
911
915
878
864
902
845
808
867
865
895
832
860
838
852
840
841
824
865
850
862
843
875
841
849
861
862
845
860
838
845
856
859
851
859
871
865
863
895
877
906
888
901
891
894
920
910
891
896
920
922
889
906
920
933
932
949
944
896
945
924
924
927
948
958
944
965
953
964
944
964
943
962
959
966
948
972
967
977
969
980
984
993
979
1018
1000
1019
998
1024
1010
1014
1026
1027
1014
990
1016
1026
1019
1046
1045
1023
1045
1023
1048
1023
1050
1030
1033
1057
1023
1035
1061
1046
1051
1054
1043
1047
1035
1000
1012
1045
1033
1047
1044
1031
1055
1055
1048
1034
1026
1057
1040
1055
1052
1032
1028
1018
1021
993
1023
1029
1024
1032
1005
1004
1016
984
1019
1013
1019
1009
997
1008
1010
995
1000
995
948
914
980
985
900
918
974
961
982
963
929
843
776
830
872
438
188
697
593
617
540
633
502
799
481
901
501
744
431
362
411
711
312
397
333
262
681
810
193
167
634
267
943
785
516
929
888
368
736
301
231
655
173
450
383
575
185
280
100
188
189
215
213
234
235
275
273
304
302
339
340
372
372
403
403
437
440
470
470
503
502
534
533
552
570
552
567
570
623
623
659
660
696
694
729
727
766
767
782
782
805
798
828
827
827
880
879
913
901
926
913
931
942
943
930
918
912
935
929
906
926
900
903
888
910
905
895
914
901
924
912
896
925
906
933
917
922
906
914
900
917
912
909
899
887
903
917
904
920
908
940
929
927
932
940
902
905
918
924
925
878
913
903
863
876
892
908
905
903
881
893
899
912
891
918
887
905
882
891
860
852
867
839
873
836
844
822
867
873
849
867
843
824
868
849
815
829
829
821
822
841
833
840
841
853
856
833
841
830
818
821
820
836
807
833
832
844
827
841
824
835
823
828
818
820
824
803
816
803
824
823
848
844
833
802
803
802
792
823
813
802
836
814
834
823
851
823
834
842
838
821
812
830
818
831
833
821
835
830
822
839
840
832
832
824
861
842
855
850
864
857
865
875
857
859
874
864
762
788
694
830
679
671
658
653
838
729
743
559
653
483
483
465
460
450
434
429
412
405
813
596
299
263
734
378
368
484
859
335
306
536
274
287
694
245
778
625
580
570
336
612
357
704
522
236
503
5
6
5
22
39
54
50
32
37
12
29
33
23
31
51
68
66
91
108
135
161
183
207
213
221
255
260
252
320
308
331
320
341
343
369
363
387
385
413
409
420
418
447
444
466
452
458
468
457
484
483
508
494
519
518
547
583
585
608
610
637
639
665
666
688
690
714
716
745
743
735
735
758
758
777
796
803
805
810
808
822
795
814
781
764
801
777
790
772
774
784
793
773
806
785
807
797
819
809
771
804
783
790
783
800
792
773
773
756
783
773
7672
7663
7677
7669
7683
7686
7689
7678
7671
7652
7685
7696
7708
7684
7691
7698
7708
7723
7709
7663
7694
7697
7700
7700
7708
7704
7670
7683
7687
7668
7682
7671
7669
7650
7661
7644
7659
7646
7659
7653
7654
7667
7639
7631
7661
7644
7659
7628
7658
732
7638
725
742
725
731
682
705
716
705
688
695
705
677
676
693
687
673
644
658
672
675
684
678
702
685
677
637
616
690
655
594
681
560
537
625
668
611
569
512
500
585
522
553
690
714
732
731
720
739
726
742
730
755
747
769
742
755
769
717
744
694
684
652
742
641
655
703
763
671
733
722
741
752
692
582
528
513
596
552
517
581
573
583
582
619
618
646
647
675
675
708
707
733
723
747
768
756
779
751
757
749
731
756
711
723
733
698
651
619
639
635
638
655
653
672
672
696
693
722
722
745
750
737
751
742
751
753
725
724
724
757
740
740
751
719
725
709
735
700
715
733
738
712
712
728
717
699
713
697
709
710
704
715
701
700
704
706
712
718
704
728
720
722
735
738
714
724
736
706
722
737
723
735
724
712
730
726
741
718
736
744
747
738
751
730
735
759
764
742
736
723
735
719
735
722
730
731
722
733
732
722
737
738
728
743
735
751
738
750
750
726
731
719
735
723
744
722
739
736
743
725
731
721
737
724
732
723
722
737
741
728
737
723
745
758
748
769
740
721
762
746
747
728
748
745
723
695
716
745
721
707
725
733
711
718
729
731
724
702
724
713
717
740
714
722
714
723
714
717
723
716
734
718
686
708
715
703
726
712
713
728
716
738
698
727
679
709
714
704
705
735
733
752
768
734
749
739
748
785
766
791
771
781
779
794
790
760
789
778
797
785
786
781
796
779
798
779
794
780
796
783
785
697
795
686
729
713
747
756
763
787
763
778
762
757
756
774
752
765
737
771
754
757
778
773
762
767
779
774
755
770
753
768
765
759
768
753
778
779
771
778
785
771
748
767
780
782
772
777
770
777
760
783
780
809
807
769
763
786
786
802
786
793
803
785
807
808
779
801
807
786
794
796
792
811
796
788
792
807
801
782
797
781
788
772
781
765
781
770
774
767
775
786
792
769
788
797
781
786
796
801
788
801
789
794
803
780
799
794
784
797
784
792
789
803
777
799
773
799
792
793
806
808
793
769
798
792
717
728
790
704
783
805
741
755
765
792
783
794
783
787
799
800
785
787
778
776
777
783
779
776
780
789
778
764
783
779
763
755
775
766
757
763
780
746
774
778
777
769
737
688
718
368
707
322
219
197
201
683
442
576
576
408
402
653
582
388
562
729
570
348
325
285
549
265
631
254
258
784
488
597
756
477
459
575
442
572
389
352
324
511
238
502
463
430
537
344
11
34
54
79
112
128
148
174
180
208
233
250
252
251
275
273
276
261
255
257
249
245
262
256
234
212
150
262
264
274
275
249
248
249
237
236
276
261
254
228
227
203
245
172
262
198
178
118
245
248
264
233
234
224
194
264
143
247
237
231
179
265
275
199
18
8
24
19
4
6
40
48
30
42
25
21
21
35
80
108
108
127
133
135
147
167
190
188
189
190
206
235
226
261
283
193
128
104
251
186
162
194
141
276
115
173
112
109
87
246
83
78
201
77
76
73
231
234
169
99
218
76
220
77
176
278
83
78
253
12
10
5
6
28
32
33
60
75
93
87
70
99
102
94
131
92
117
66
25
108
47
98
113
51
22
88
19
16
30
56
52
69
76
58
17
75
17
56
34
53
30
4
4
18
32
22
43
36
61
55
85
100
91
104
118
130
124
136
121
161
193
183
185
193
174
159
184
169
267
331
350
353
353
361
358
357
351
338
363
349
367
356
364
358
335
299
335
333
362
361
388
387
409
409
443
442
425
425
480
478
466
464
480
480
476
475
546
546
569
569
588
588
607
607
607
648
648
640
650
664
661
683
663
670
670
682
693
702
691
683
709
690
677
690
685
685
704
694
705
695
705
702
707
710
714
718
724
710
700
666
678
697
655
691
697
694
724
713
727
705
713
722
689
733
700
726
729
731
699
717
730
708
720
722
713
694
721
697
717
693
702
690
687
668
694
705
685
694
677
679
685
674
682
674
674
681
677
648
668
667
679
672
645
684
672
649
665
655
659
652
661
655
617
638
645
627
659
649
666
657
665
663
674
650
657
664
663
660
672
647
670
660
654
666
666
678
660
662
677
666
656
655
656
641
674
663
674
654
670
665
671
660
681
653
673
687
667
650
669
670
681
664
671
674
659
690
661
665
660
665
654
664
651
660
630
661
658
678
660
679
661
684
631
641
649
649
648
649
668
649
657
687
675
677
658
662
657
675
676
676
682
672
683
673
685
674
694
676
695
675
691
680
684
667
692
684
687
694
706
687
683
689
694
627
682
680
455
375
594
566
508
478
438
616
392
591
596
320
310
629
676
269
258
364
234
545
162
534
129
139
496
113
89
190
653
618
465
438
417
346
339
627
181
152
121
250
404
284
208
219
101
294
519
290
194
164
173
186
183
204
205
183
235
235
262
261
286
287
310
306
324
326
323
356
358
359
390
390
410
412
411
440
441
446
469
468
492
492
512
509
511
540
541
539
572
572
592
592
590
629
630
648
637
648
648
656
658
647
643
662
675
665
656
650
674
658
636
642
659
661
654
641
658
655
633
648
657
657
646
644
660
665
655
643
652
646
663
657
664
676
665
657
679
682
673
682
686
685
676
687
679
692
688
681
669
658
706
672
691
675
687
676
658
690
690
692
681
691
678
687
673
676
699
681
686
680
693
683
664
690
682
686
693
677
697
675
690
676
688
657
685
667
677
682
672
677
682
687
682
691
675
690
641
635
641
493
594
563
542
352
326
272
239
568
676
617
389
391
526
377
364
500
317
306
636
484
476
577
462
438
197
424
447
170
145
127
413
668
607
549
294
244
222
183
153
396
326
245
517
213
284
8
10
42
42
99
156
198
196
194
210
216
215
244
244
266
266
291
291
310
311
310
342
341
366
366
387
387
388
419
420
446
445
469
467
482
480
485
504
496
530
530
527
559
568
567
589
589
617
616
636
636
657
657
659
659
692
678
683
691
691
691
691
683
676
701
675
684
683
683
711
690
710
697
706
711
709
708
734
724
743
722
720
731
727
741
737
737
746
719
723
755
737
741
751
743
751
734
749
741
750
742
757
745
741
740
755
746
755
752
759
748
746
766
767
743
754
756
769
748
755
738
752
742
751
753
714
739
698
708
724
703
713
711
702
694
708
697
697
721
714
732
702
699
709
710
702
703
714
717
703
717
715
701
721
708
681
725
698
715
699
702
706
656
674
698
667
679
701
686
682
697
696
688
669
682
691
699
680
658
693
684
681
693
687
696
691
683
688
679
683
676
690
670
697
676
690
672
671
693
673
677
650
677
667
663
668
633
633
637
635
667
682
683
683
704
693
679
673
683
676
684
673
678
692
686
662
674
693
679
683
691
682
695
678
692
673
688
694
677
685
672
668
693
656
672
682
680
662
666
679
675
654
663
657
662
640
669
655
662
660
654
648
661
651
649
657
659
652
644
659
665
666
647
633
659
643
631
641
656
648
661
649
655
646
663
632
652
655
647
636
655
649
646
634
656
639
650
658
659
647
656
642
670
661
654
656
676
662
659
672
673
681
665
637
654
675
676
669
657
662
660
663
673
671
680
667
664
673
652
669
654
673
663
674
664
673
664
680
666
677
679
654
679
684
682
664
652
665
663
681
664
654
664
680
670
674
664
653
682
659
676
677
652
660
652
674
683
686
675
677
695
684
671
683
679
698
681
700
698
670
674
696
694
677
689
656
671
668
682
681
660
676
672
671
690
680
693
677
689
694
693
701
679
688
679
663
686
678
676
694
698
684
684
692
673
666
677
665
647
664
663
672
650
685
667
671
674
668
679
681
658
669
678
669
682
662
686
676
681
693
684
684
699
689
700
681
702
694
698
693
701
675
699
706
714
706
712
700
717
715
720
712
722
586
467
621
270
105
666
496
485
457
692
444
435
677
380
355
578
328
280
670
571
268
252
205
560
158
189
517
195
116
533
648
634
601
418
404
353
319
254
546
167
132
88
408
299
223
141
493
703
370
88
712
241
206
197
197
194
230
231
253
252
268
269
264
299
299
321
321
345
345
366
365
391
389
414
413
434
446
446
448
474
476
499
498
520
520
545
545
560
559
562
555
559
563
627
626
648
643
646
683
682
706
696
711
696
699
697
713
703
710
706
710
712
706
721
728
707
719
713
717
722
720
712
721
692
706
717
712
710
719
707
707
716
707
722
717
698
684
706
700
695
684
695
722
701
691
695
698
687
691
687
687
684
685
675
684
676
680
681
686
683
669
683
679
675
651
675
649
665
639
669
643
644
654
617
466
430
363
203
540
387
640
359
341
464
278
497
306
590
254
492
231
483
225
484
187
178
151
628
123
125
526
79
450
654
397
415
519
612
377
592
326
331
505
266
236
210
158
552
118
414
286
565
104
188
372
369
406
404
447
181
206
199
196
200
226
227
250
250
268
264
271
272
272
306
306
327
327
348
348
350
351
375
375
396
395
421
423
447
444
446
476
487
486
505
503
517
518
535
537
555
555
578
578
598
600
600
628
635
644
628
656
639
618
633
633
626
646
630
646
644
638
631
638
648
635
650
636
650
627
635
636
642
646
633
651
634
636
641
614
647
640
650
634
659
652
654
658
663
651
659
645
668
660
650
661
652
667
660
677
657
678
671
679
651
673
673
663
686
676
679
692
676
687
675
679
679
686
690
675
690
682
684
693
672
687
672
678
681
664
687
647
667
651
664
653
642
649
643
637
654
639
638
655
626
638
656
639
644
634
631
641
626
646
624
601
631
588
573
632
610
607
625
625
616
628
619
614
606
612
607
616
620
603
619
613
625
619
637
619
623
591
615
605
614
630
616
634
616
635
628
620
636
625
628
623
622
635
620
635
617
632
629
627
626
635
606
644
620
607
609
624
614
626
637
624
608
627
636
638
626
635
619
633
618
636
621
630
625
637
635
644
621
642
642
617
634
645
641
633
649
639
641
638
641
629
642
646
630
630
647
635
650
638
630
638
626
622
21138
21119
21133
21123
21125
21223
21208
21220
21210
21259
21275
21275
21261
21281
21266
21278
21268
21277
21268
21279
21266
21276
21290
21287
21269
21290
21279
21269
21296
21288
21272
21282
21263
21280
21273
21270
21289
21270
21292
21281
21271
21288
21303
21300
21275
21287
21287
21281
820
796
784
796
704
719
704
723
717
720
658
668
663
652
658
669
662
664
680
700
718
716
702
707
702
711
711
724
713
674
716
673
703
725
714
737
730
744
738
750
738
735
740
730
732
731
742
734
726
748
735
724
702
691
679
662
660
726
724
722
711
726
724
690
679
713
705
694
700
656
641
634
623
652
641
641
659
634
615
625
635
604
617
615
628
605
587
566
578
554
545
602
535
522
580
570
560
569
547
568
554
571
568
542
534
550
550
545
560
552
562
570
547
532
532
549
551
553
548
532
549
521
541
526
518
533
529
520
519
526
534
517
516
532
526
519
513
510
524
480
495
494
508
520
512
522
529
519
514
527
514
523
521
523
513
526
520
527
519
524
514
503
514
518
518
511
518
510
515
509
525
489
524
483
463
452
509
445
469
514
491
498
486
506
502
490
505
493
503
492
494
505
492
510
495
502
492
488
500
501
487
496
486
503
494
490
482
474
494
490
497
490
500
496
492
483
492
498
499
479
492
501
487
460
449
464
464
485
484
487
487
504
502
505
514
511
507
498
510
514
514
506
503
508
514
495
514
521
512
505
520
509
521
507
518
511
513
496
517
509
513
497
506
502
500
519
500
505
531
522
534
518
531
527
531
538
524
513
532
521
530
535
529
538
516
524
533
521
541
540
530
532
539
536
543
524
527
534
535
524
541
526
541
533
537
537
550
527
541
525
533
539
562
542
553
558
537
535
530
543
534
543
541
541
550
540
530
545
547
547
544
533
545
536
541
540
553
544
552
550
560
558
556
541
546
536
551
550
554
552
550
554
551
548
557
562
558
569
561
576
562
562
550
550
562
561
552
561
570
565
568
573
560
573
570
552
566
564
565
572
580
562
550
562
568
553
560
572
574
556
543
563
567
560
572
571
566
557
572
565
521
538
564
503
492
472
556
479
545
504
468
537
524
535
524
522
530
527
514
520
512
516
506
502
508
487
505
496
512
500
506
508
497
487
505
505
515
481
466
519
483
483
484
485
458
495
470
497
492
502
477
481
479
460
470
462
492
492
510
511
530
524
538
522
528
522
520
529
536
526
536
529
543
548
542
553
556
548
548
558
563
560
574
567
566
571
579
571
584
566
579
556
585
567
566
566
584
578
589
578
590
581
583
573
553
535
586
522
544
514
567
559
555
558
554
559
553
527
549
539
566
546
553
564
548
568
551
559
545
553
541
551
538
545
533
507
479
482
511
433
409
476
362
309
288
275
270
264
256
250
462
214
200
283
399
456
520
423
418
247
224
236
497
187
188
321
314
144
389
299
375
382
361
321
321
185
146
155
451
343
166
320
444
2
4
13
11
24
28
25
42
17
38
10
37
6
22
7
85
68
64
30
31
53
47
21
18
21
42
49
11
11
22
9
6
4
6
41
5
15
39
38
36
47
51
35
61
57
43
70
76
92
70
37
60
29
83
17
24
45
75
85
35
17
5
5
26
30
35
47
49
54
45
41
69
82
76
63
34
23
12
40
73
67
79
30
32
43
26
4
9
17
11
31
21
29
37
11
29
9
33
5
3
29
36
23
10
37
20
34
36
36
27
17
15
25
3
2
21
19
38
46
64
80
91
93
92
82
89
78
112
127
113
24
85
109
106
64
40
36
84
95
93
82
77
26
126
38
121
5
9
16
22
24
9
7
20
30
30
40
41
57
60
68
86
75
26
57
56
58
40
59
38
29
77
49
29
79
65
30
3
8
15
13
5
11
13
32
36
54
40
63
71
68
70
85
87
108
118
97
117
91
44
95
64
82
99
42
50
84
36
94
78
55
47
75
58
87
3
5
15
15
22
39
14
29
30
15
54
22
42
25
39
4
3
19
19
17
34
26
49
51
58
72
63
72
47
71
34
31
36
67
54
53
49
37
73
21
44
3
20
29
44
51
59
60
56
62
91
82
81
85
84
110
100
103
120
87
76
41
36
121
31
113
99
116
78
50
21
70
21
19
30
33
31
55
55
71
37
36
18
34
16
16
34
58
61
4
23
36
47
25
32
49
46
49
39
38
35
15
14
23
51
4
2
4
4
30
28
42
24
21
25
33
29
32
33
26
36
33
56
53
34
20
15
35
55
51
17
13
33
46
55
59
65
58
88
108
120
119
130
142
228
227
237
243
235
251
253
249
245
263
261
278
272
285
284
297
289
304
292
303
297
317
310
327
329
339
342
342
364
363
385
384
401
401
415
415
430
429
446
446
464
460
474
472
471
498
498
516
515
534
527
538
527
541
527
542
531
536
528
532
539
532
534
515
533
528
532
520
511
520
511
525
522
529
527
530
529
535
525
520
534
530
508
518
528
526
524
527
504
492
506
526
519
506
496
510
499
510
513
513
505
512
505
511
490
505
505
515
517
497
509
502
517
504
503
503
505
505
392
373
446
486
469
456
238
195
178
316
96
292
401
390
498
269
264
256
356
376
227
221
352
203
329
429
161
154
514
104
123
317
170
292
292
264
246
346
188
418
130
412
335
287
440
141
208
111
5
5
14
23
17
43
117
137
137
152
153
149
168
168
188
187
198
198
220
220
238
237
254
255
272
271
285
286
304
302
303
328
328
347
347
363
364
377
383
383
405
405
420
421
428
422
428
429
429
465
472
472
493
494
509
509
527
520
519
527
533
532
529
535
533
526
534
519
531
519
515
524
505
518
528
526
521
527
508
525
517
519
510
500
511
511
497
499
506
517
492
510
507
510
505
495
509
494
504
512
503
513
492
500
502
490
496
504
507
495
489
501
499
485
498
490
491
485
493
491
495
470
471
490
482
481
492
496
485
484
497
487
488
502
459
499
478
459
498
490
484
500
498
499
484
498
493
491
500
503
494
511
504
501
519
499
511
500
517
503
516
518
493
514
510
465
445
446
504
481
512
489
469
506
498
507
499
503
509
525
511
523
510
530
512
528
527
545
531
541
534
549
536
543
544
545
542
552
538
551
540
539
551
531
551
546
543
533
525
535
541
524
527
520
516
520
518
497
525
501
518
518
519
526
538
524
541
526
527
516
525
517
528
514
529
514
514
527
525
513
514
521
531
511
514
513
508
493
506
518
502
506
520
498
512
499
513
505
517
495
497
515
508
518
516
522
518
521
524
518
520
531
523
522
515
508
523
510
526
519
505
520
505
506
491
498
505
501
501
494
481
505
490
501
500
492
494
502
501
499
501
498
502
493
488
507
500
503
502
504
478
496
497
505
500
511
508
486
476
501
509
496
501
496
495
506
512
501
509
501
509
498
510
503
517
510
519
513
525
496
519
488
507
506
513
521
524
514
504
524
512
514
509
515
510
496
517
514
527
513
520
511
518
526
513
524
515
509
517
528
520
527
519
532
525
521
521
527
532
527
537
527
530
538
528
536
518
532
532
532
537
534
552
542
519
531
526
540
530
531
531
548
541
545
552
561
538
529
532
540
543
533
531
546
532
542
525
525
548
518
547
532
542
534
549
533
552
534
541
548
537
544
543
535
530
517
532
549
530
535
542
546
533
529
541
544
533
531
535
518
525
459
461
424
434
407
491
522
477
356
451
450
512
316
271
412
240
233
534
222
208
165
156
134
109
188
106
72
505
373
349
333
292
285
267
252
232
221
174
128
89
388
398
494
336
396
119
308
146
81
111
130
142
133
139
165
165
182
180
197
197
213
213
230
230
237
239
238
259
260
277
277
296
295
308
319
317
334
333
334
358
358
374
375
390
389
385
402
410
417
416
434
434
451
452
461
468
467
481
480
494
492
494
495
471
497
492
480
502
500
492
489
495
496
496
486
501
505
503
490
512
499
504
494
508
494
495
471
490
501
495
494
507
503
503
494
511
488
507
500
510
498
500
510
507
500
503
508
497
510
501
499
503
519
489
492
485
490
525
460
474
464
482
496
517
499
489
489
488
494
478
487
481
491
472
489
502
495
479
492
497
501
489
498
499
497
490
479
458
479
465
498
474
481
488
491
484
487
499
502
492
506
480
492
472
501
496
486
498
482
480
494
492
514
514
527
517
530
517
529
518
495
508
521
532
524
527
525
523
505
500
513
525
526
515
533
530
540
543
547
544
558
557
540
528
535
529
531
538
522
530
520
522
521
537
530
530
502
535
520
519
506
514
508
506
500
506
485
481
487
500
460
492
461
462
505
499
503
511
498
487
506
498
497
508
487
508
499
495
504
501
495
494
500
494
499
493
496
483
498
478
495
484
465
492
494
487
491
476
488
485
474
487
501
472
492
473
486
481
503
501
499
508
496
487
481
487
493
483
487
487
488
469
475
481
474
454
480
476
472
481
462
472
459
477
471
474
473
473
479
470
484
494
482
488
494
501
496
495
500
490
496
497
499
450
465
477
462
491
498
478
497
478
484
496
489
500
489
486
503
471
472
489
501
503
488
498
502
497
493
516
507
523
515
524
521
514
518
520
512
515
515
525
527
526
517
523
512
525
523
527
526
522
518
506
519
519
505
534
524
535
531
543
536
538
509
533
503
304
426
132
367
416
360
321
290
277
440
267
458
235
448
233
198
210
181
374
185
139
385
469
113
349
104
97
482
72
521
328
494
265
456
246
214
167
167
112
336
73
310
249
149
430
403
83
11
38
83
84
127
138
138
157
158
172
172
188
199
187
210
209
207
222
222
243
257
242
268
268
283
282
298
299
299
326
326
321
326
348
349
376
377
390
393
404
392
394
417
416
441
439
440
463
463
475
481
480
499
499
507
519
509
502
500
507
516
501
512
506
507
509
509
513
503
507
500
510
498
488
504
514
501
514
507
508
512
493
499
500
494
506
498
491
475
482
494
500
489
476
503
499
484
483
494
495
503
500
492
507
494
489
497
502
507
511
512
499
511
499
514
503
503
512
503
507
513
503
512
496
510
499
501
496
508
501
505
511
499
500
518
516
520
519
527
522
510
515
507
485
506
498
505
505
514
490
510
500
502
497
473
495
502
474
500
503
501
483
490
491
481
498
474
489
500
496
498
492
502
486
486
502
500
480
489
504
503
488
488
503
499
488
481
491
478
489
498
494
500
493
493
503
500
504
502
505
503
505
478
484
497
497
486
499
492
498
511
506
495
499
513
502
500
499
505
506
510
492
505
498
504
501
494
491
500
520
502
505
509
499
500
507
516
510
518
509
508
507
503
511
514
512
511
502
501
511
518
505
515
511
511
525
519
523
481
488
453
441
434
430
420
419
413
412
406
397
385
384
383
381
375
371
364
361
502
348
482
162
302
326
272
268
510
354
260
455
257
447
218
203
174
230
181
503
337
297
286
255
195
318
212
465
332
14
23
38
40
48
61
66
54
37
68
43
26
31
65
52
56
59
18
6
7
24
12
8
9
25
11
18
16
26
36
39
53
38
34
14
15
13
19
46
32
30
4
16
18
26
28
35
28
42
45
29
20
23
4
5
18
16
41
12
22
17
15
35
42
13
42
20
4
13
12
20
45
43
53
48
38
63
71
72
69
54
59
56
67
83
18
19
86
45
101
42
17
46
33
5
14
27
32
33
41
52
23
12
30
37
27
3
19
17
35
45
44
67
55
53
56
50
88
85
83
95
107
101
104
118
95
84
87
89
116
82
116
187
187
203
197
210
209
225
206
203
223
200
221
216
228
197
225
247
248
265
265
284
284
303
302
307
316
314
316
339
337
352
352
367
366
382
379
380
404
404
419
419
435
435
451
450
463
470
468
467
489
484
488
486
491
473
493
483
498
483
477
506
496
494
508
507
484
491
497
496
488
484
481
450
492
482
441
466
456
477
471
494
482
490
481
494
500
493
488
502
502
500
495
502
496
500
500
495
506
506
519
510
510
506
503
517
502
502
500
508
508
504
500
497
492
494
485
492
504
485
503
495
498
486
475
466
482
483
499
500
518
512
506
512
491
503
516
505
494
510
495
504
498
491
493
502
496
503
506
495
485
479
498
507
498
503
498
501
510
506
506
508
503
510
496
510
496
511
509
500
501
513
462
425
425
426
414
415
410
402
395
392
383
386
485
508
373
367
360
362
349
500
350
324
326
322
319
312
305
303
298
292
284
284
277
275
276
267
262
253
255
251
253
450
431
442
346
383
477
463
381
4
2
3
20
3
18
20
18
22
33
32
42
56
54
71
65
65
81
78
75
78
56
85
43
29
57
59
29
73
53
29
80
47
37
10
19
18
47
26
42
42
49
23
21
30
25
21
18
40
3
4
31
22
30
26
38
55
69
77
89
93
96
98
80
70
60
67
46
73
92
25
37
82
70
45
28
85
35
58
18
53
3
3
10
13
21
22
9
33
49
35
27
27
45
25
15
25
17
5
12
11
3
32
19
16
7
12
5
3
15
14
11
18
21
42
44
65
61
62
68
62
84
90
85
69
72
45
86
71
32
66
70
56
89
40
59
32
4
5
15
26
16
38
31
49
57
50
56
53
78
14
72
81
58
70
82
62
13
15
16
41
51
48
69
57
81
81
100
92
120
29
36
98
64
62
47
87
39
40
137
31
107
81
125
84
66
65
95
114
117
4
7
4
13
16
25
42
42
45
47
61
77
80
80
100
73
30
65
61
50
81
49
53
58
80
52
51
94
10
10
10
6
10
29
43
40
45
51
69
84
82
97
123
121
121
122
146
142
153
148
203
201
191
192
179
130
105
100
99
163
130
91
168
111
193
177
99
100
175
98
96
96
91
95
171
90
90
202
91
91
171
127
114
104
167
96
159
89
89
90
91
166
171
164
155
4
4
3
13
13
21
29
17
37
27
14
20
10
30
8
7
33
19
34
38
62
74
75
109
115
161
179
174
182
185
198
206
206
217
219
221
236
235
248
247
250
256
270
271
281
285
284
302
304
313
312
329
328
338
341
355
356
375
375
394
394
414
414
434
434
450
450
464
448
480
481
449
487
403
367
489
328
277
481
104
362
351
302
437
297
429
480
257
236
253
402
181
491
166
141
129
111
103
384
380
78
453
321
287
491
421
195
174
119
395
471
79
338
265
217
209
152
453
302
91
232
54
45
63
155
154
154
176
176
192
191
210
209
231
229
241
243
247
247
244
232
277
278
278
289
287
302
299
300
321
322
337
336
353
352
370
368
385
384
393
393
391
419
418
435
437
467
466
485
486
505
504
525
525
541
550
543
565
550
557
558
551
556
549
553
561
559
569
570
579
572
569
570
577
576
574
591
575
590
503
549
519
514
211
584
454
417
568
380
392
339
331
321
279
226
203
184
268
252
125
154
151
70
144
576
102
475
536
305
422
401
356
532
293
511
492
114
91
461
486
452
255
176
553
74
371
134
232
140
17
15
36
43
58
65
63
66
68
79
75
79
96
106
112
109
130
125
147
155
202
196
212
218
213
230
230
244
240
253
246
254
266
265
264
279
278
266
292
291
312
310
332
327
338
334
355
354
371
376
372
394
395
401
395
394
403
398
444
445
466
463
480
481
482
497
491
506
507
527
509
527
525
544
537
525
531
528
542
529
513
527
535
535
526
541
540
531
538
544
527
538
523
534
525
520
532
519
525
498
512
515
523
491
510
511
513
525
511
516
509
519
500
508
508
518
516
522
520
549
540
553
550
560
555
560
546
556
558
549
556
560
551
558
541
556
544
556
548
552
545
535
539
549
545
553
543
541
532
543
565
557
555
547
551
550
568
552
553
555
566
553
566
561
568
563
559
567
570
539
542
532
535
527
539
527
533
528
549
535
543
537
545
538
536
548
537
543
532
540
544
553
540
549
546
549
547
556
544
555
542
540
553
553
539
538
556
547
532
534
542
535
538
546
532
534
543
545
531
543
532
543
533
547
530
543
531
527
541
523
540
517
530
514
507
514
520
522
521
514
523
523
516
496
510
521
518
505
519
503
515
501
501
513
496
499
507
496
511
506
499
500
505
494
513
505
507
496
500
509
506
510
501
482
510
489
504
501
508
511
506
516
511
519
527
514
519
511
519
502
521
510
530
523
518
519
531
525
524
535
544
532
537
544
543
525
540
533
547
546
554
541
560
530
523
523
518
520
499
528
533
520
532
521
529
518
531
524
535
525
522
538
526
520
514
524
523
516
505
531
514
489
522
508
497
510
502
511
499
497
490
496
491
485
494
507
495
508
498
505
499
484
505
503
511
509
509
508
511
497
489
510
498
493
499
492
506
505
490
493
506
502
496
503
509
498
503
490
505
488
504
498
489
492
496
497
511
507
518
508
511
498
502
495
515
507
495
506
504
506
493
498
510
491
502
497
508
505
493
507
500
490
493
506
500
501
488
499
495
490
496
485
488
482
491
483
481
485
491
497
486
494
498
496
504
486
492
471
479
489
491
493
504
484
488
484
486
488
481
489
477
487
490
492
494
475
491
486
482
475
489
504
495
494
506
499
481
492
507
505
486
496
506
501
492
503
505
484
494
488
500
498
497
477
486
497
485
494
486
500
493
511
505
511
507
494
513
504
503
510
512
493
505
508
516
508
524
509
504
526
521
509
514
518
522
513
517
522
520
530
508
529
520
521
519
533
534
519
532
525
529
542
540
533
532
543
543
531
547
538
548
532
530
533
516
536
542
540
510
539
518
529
531
498
518
521
503
519
513
528
513
527
511
512
518
522
511
513
510
489
520
460
496
472
492
521
502
512
508
517
506
511
488
500
505
497
498
505
504
484
496
501
488
480
470
491
478
474
484
476
474
483
492
472
478
455
479
481
493
487
491
486
477
488
481
491
467
483
484
484
504
512
512
528
528
484
510
500
499
504
507
499
502
516
511
522
507
498
511
510
521
505
517
525
519
514
519
518
526
528
525
515
531
533
522
539
534
527
522
528
519
532
531
529
537
519
528
521
532
519
519
523
511
521
523
512
524
521
514
514
529
524
517
521
511
528
525
535
523
534
522
518
524
528
509
517
523
511
522
489
474
503
476
486
513
521
510
504
512
500
496
510
488
490
502
494
487
504
481
507
494
500
494
485
496
485
496
484
497
501
493
490
501
499
487
491
486
481
492
495
483
475
483
494
490
488
481
492
489
488
462
501
470
489
489
504
496
495
499
502
498
494
500
503
494
497
488
502
493
507
496
501
495
504
506
498
509
510
499
509
493
502
499
510
499
511
504
509
495
507
501
482
482
503
510
507
512
510
514
509
516
515
515
509
504
512
501
493
512
502
500
491
505
511
502
512
519
491
500
512
511
506
511
494
505
510
502
508
500
505
504
515
505
498
514
494
499
513
505
512
492
508
506
517
511
508
508
497
487
492
498
484
478
496
475
490
481
493
474
487
492
497
504
491
503
492
501
489
493
494
501
506
495
506
498
474
488
505
494
514
506
506
514
511
506
508
515
503
514
510
522
514
521
507
521
507
525
513
525
518
508
520
518
533
523
526
536
528
520
520
529
520
529
518
525
513
522
501
504
516
511
511
490
507
508
507
525
502
510
494
495
491
489
498
503
492
497
487
507
491
501
491
507
491
489
483
491
498
479
488
491
509
503
489
495
503
497
479
496
510
485
505
503
487
493
500
495
496
496
495
522
508
507
512
517
509
512
504
514
504
513
510
504
513
469
463
509
493
502
478
500
505
491
499
491
486
482
492
481
474
488
484
489
474
486
463
441
436
482
430
380
213
176
158
129
296
286
268
362
422
263
414
346
380
214
356
213
334
202
442
180
475
166
168
388
307
133
317
120
98
443
406
314
279
256
245
213
407
328
160
120
216
145
192
111
12
129
142
155
153
170
168
188
187
206
205
224
224
240
237
238
262
261
281
280
295
296
312
312
309
336
336
350
349
367
367
386
386
404
403
420
419
435
442
444
441
433
470
470
488
487
505
509
508
526
525
536
537
543
535
541
533
507
514
536
523
530
521
519
531
531
524
525
532
537
524
538
532
525
541
523
523
529
535
523
536
522
527
517
527
519
531
522
536
527
540
538
529
532
522
529
526
514
495
510
519
508
515
509
507
518
519
507
495
511
468
483
451
490
501
471
500
488
495
486
472
484
469
477
498
466
487
478
483
463
475
479
475
480
473
484
471
478
471
475
485
481
476
420
425
343
331
318
314
317
320
322
324
322
319
313
359
280
255
251
247
243
235
300
215
459
441
262
383
468
376
452
367
225
299
415
281
188
184
165
399
155
414
393
308
423
301
217
289
177
201
9
17
35
47
33
22
40
42
13
15
26
49
30
28
4
5
14
13
4
23
20
25
26
23
39
42
42
50
65
59
49
60
58
64
69
67
73
66
24
21
53
68
71
67
24
4
29
26
37
46
51
50
30
58
54
49
17
22
18
57
35
15
7
3
6
4
4
15
28
31
31
57
60
76
72
64
88
94
116
103
24
91
52
73
34
49
107
106
30
84
61
40
25
110
114
113
52
4
14
14
10
24
16
8
34
23
21
5
4
8
4
13
7
10
31
37
50
50
53
45
50
65
40
32
17
56
60
42
37
70
68
11
12
16
21
35
48
45
15
19
12
50
21
28
32
3
5
7
14
4
9
17
25
27
26
35
23
45
37
15
33
19
5
7
21
36
37
34
39
60
64
64
94
112
120
163
162
179
181
181
190
187
193
207
204
212
209
216
220
218
238
235
244
243
260
260
265
268
273
287
296
290
303
302
318
316
318
342
342
358
357
375
374
393
393
409
410
426
426
444
442
463
462
483
482
493
501
498
492
496
505
506
489
499
509
494
451
427
389
446
303
277
285
415
247
498
410
224
200
377
462
166
370
363
147
347
159
123
112
467
94
86
403
330
291
439
313
256
228
468
208
179
186
136
361
110
329
484
321
264
236
392
125
86
235
266
101
119
117
134
134
150
149
149
170
170
192
193
193
210
217
210
225
226
245
245
261
260
260
284
284
297
298
317
316
331
332
333
347
353
345
366
371
381
381
380
405
405
421
419
422
446
446
462
463
476
476
469
485
477
488
477
480
486
480
484
473
455
483
481
491
489
489
492
490
480
493
486
490
501
500
499
519
508
496
503
497
497
509
488
494
501
485
504
486
509
490
484
507
497
518
504
515
510
520
515
517
523
530
522
540
530
542
550
537
546
531
523
537
535
519
528
537
539
541
527
517
529
536
517
528
510
521
511
514
510
499
519
511
522
515
519
515
489
506
503
520
512
528
515
508
505
518
516
500
511
497
499
504
484
490
501
483
490
496
481
495
506
500
509
518
517
507
499
526
532
535
526
541
534
535
530
539
534
543
507
520
527
513
490
535
524
539
514
526
527
539
515
527
531
521
540
530
543
531
542
531
532
541
531
542
537
529
536
534
531
535
524
531
510
517
528
460
504
451
491
475
486
484
469
473
483
478
473
485
458
460
488
479
480
485
492
480
487
469
486
473
487
485
495
467
494
474
487
483
478
475
481
484
479
489
481
485
480
482
473
484
480
480
465
478
467
468
476
482
482
482
506
493
498
493
504
497
499
498
499
484
504
499
497
504
491
501
508
512
510
510
504
503
507
504
498
497
506
508
502
512
510
510
501
518
504
486
497
499
506
494
500
506
498
500
492
504
505
508
487
504
496
498
493
499
493
504
499
507
500
514
497
497
505
503
505
502
499
500
489
497
481
487
502
486
493
502
504
505
501
493
505
509
498
506
500
506
507
499
491
496
509
500
505
499
508
509
509
501
513
496
512
506
457
444
465
494
473
486
497
493
501
454
471
485
327
268
242
222
378
166
501
307
299
284
280
456
251
417
224
402
370
211
354
178
336
131
110
134
358
107
431
107
439
316
445
282
403
466
202
196
154
411
112
109
94
81
296
418
239
188
10
8
67
130
128
136
135
146
155
160
160
172
171
172
194
194
207
208
223
221
240
240
256
256
272
271
292
291
299
314
315
333
342
343
333
357
370
369
370
370
408
408
425
426
426
447
447
468
469
486
487
501
501
515
507
508
503
514
509
505
514
517
503
518
513
523
515
521
515
521
513
525
510
542
528
539
526
532
538
535
530
535
534
546
539
536
549
535
543
534
530
545
533
537
537
537
550
546
540
547
541
551
537
545
551
563
545
556
548
555
555
556
539
559
559
552
554
559
569
559
573
559
556
543
549
542
550
543
554
545
554
546
552
544
559
547
554
547
563
554
572
553
539
559
547
554
544
556
545
557
555
560
551
557
526
548
553
540
551
539
556
542
553
545
549
547
551
540
551
540
553
547
544
555
557
555
555
547
552
545
550
539
548
535
539
546
544
537
531
545
544
537
531
547
548
550
533
541
521
543
533
537
540
525
535
538
546
518
526
523
535
515
507
527
515
529
516
528
511
515
508
505
517
491
514
503
468
507
487
466
451
480
499
483
480
491
476
468
488
487
478
476
488
475
476
482
485
483
477
487
482
477
488
487
485
489
484
494
488
496
483
503
493
488
510
504
495
506
495
496
490
506
498
508
496
497
506
474
486
485
502
500
506
496
506
493
527
524
532
520
520
525
520
530
537
518
535
511
533
520
526
513
514
523
517
514
522
516
522
503
515
507
520
501
518
507
513
506
495
511
505
496
502
511
495
497
504
500
491
498
499
501
477
470
502
476
473
484
470
475
485
483
488
483
478
485
491
482
500
484
495
474
475
493
483
488
490
477
491
470
490
479
491
484
490
467
474
462
484
474
483
469
483
487
490
492
469
481
490
482
492
491
472
489
475
456
475
434
404
416
391
470
409
462
493
468
453
463
452
452
457
449
449
460
451
454
464
462
451
466
456
451
446
457
456
450
441
451
450
434
451
438
441
438
447
429
437
448
438
445
433
420
437
377
379
386
393
391
392
414
413
430
430
446
444
452
452
464
455
464
456
459
465
466
453
455
466
464
452
464
442
442
462
459
481
469
482
475
484
478
481
479
472
483
474
491
476
485
477
487
480
487
486
490
488
482
496
479
484
484
485
490
491
476
482
22535
22530
22533
22542
22536
22504
22501
22485
22426
22365
22289
22216
136
113
22496
22316
22445
22444
22335
22524
22311
22312
22416
22436
22280
22275
22413
22269
22266
22533
22252
22252
22489
22400
22396
22223
168
22537
147
22387
135
105
22345
22357
22328
22477
22294
22242
22229
153
22515
22364
22464
22378
22366
5
4
13
3
21
42
77
77
76
100
96
99
131
125
143
141
206
206
224
224
239
239
256
256
272
266
282
281
297
297
310
322
324
345
343
360
371
383
382
398
396
406
399
586
588
612
611
636
637
652
651
659
672
664
686
687
682
704
705
720
735
720
735
745
747
745
700
689
701
699
706
701
710
698
711
695
678
699
705
678
688
698
694
705
705
693
690
702
695
704
694
696
701
514
529
524
523
542
537
541
548
523
541
547
538
547
537
548
556
548
549
562
528
550
547
543
539
550
536
552
536
534
541
549
535
541
553
543
525
541
540
546
552
552
544
549
543
542
544
555
548
549
538
560
541
518
545
497
517
488
483
506
496
495
487
508
499
509
490
506
491
482
492
460
280
154
142
337
473
314
434
479
292
415
267
244
237
219
212
403
187
452
160
196
479
152
363
379
120
440
88
82
63
61
325
299
268
392
421
174
150
109
101
372
70
355
317
260
229
152
348
205
132
293
163
222
117
115
113
113
109
110
105
102
128
104
101
98
100
115
103
103
103
102
103
103
111
105
102
104
106
99
105
103
102
101
126
115
101
99
98
99
129
103
105
101
102
105
109
99
103
109
116
98
4
4
12
17
26
155
152
168
162
171
163
173
188
187
207
206
225
224
243
241
256
256
274
273
276
294
291
305
304
325
324
340
340
359
358
376
375
395
393
426
425
444
443
462
463
480
480
495
495
510
512
511
538
537
554
548
545
559
565
555
571
556
565
568
567
565
566
568
569
559
574
567
570
572
561
580
570
572
583
574
567
579
571
573
580
583
580
576
584
568
556
569
562
570
561
572
578
557
577
569
569
568
580
558
567
573
578
584
566
576
561
577
566
570
565
566
558
571
545
568
554
553
567
564
550
556
554
561
568
556
569
556
568
551
548
544
541
552
543
549
557
550
549
511
536
519
504
498
520
525
509
492
520
507
522
522
514
528
526
512
501
526
519
516
522
517
528
521
541
520
535
523
514
526
517
516
519
504
519
507
523
510
527
522
539
525
527
531
500
540
520
502
509
520
498
505
459
485
457
515
513
544
502
531
531
548
536
528
543
544
537
542
536
528
513
541
534
546
542
557
550
567
550
567
572
569
568
564
565
561
561
574
558
571
550
564
581
558
575
570
558
589
600
598
586
572
573
572
566
574
585
586
600
593
589
604
588
596
595
590
584
603
590
585
605
599
580
570
588
576
598
584
590
583
583
594
577
591
590
575
589
580
588
585
585
577
590
575
590
581
587
585
585
592
587
578
592
584
555
569
576
567
577
580
568
576
558
585
594
574
581
574
592
584
587
574
576
583
581
573
563
575
574
565
575
576
579
577
586
578
582
580
560
574
577
570
576
570
576
570
565
571
569
567
569
558
574
519
538
464
436
361
189
156
151
366
350
348
329
305
566
318
291
286
423
260
502
517
221
533
220
220
206
505
196
407
182
170
387
503
118
564
110
477
466
443
277
252
548
398
130
378
414
109
140
240
17
47
81
91
93
106
143
158
158
173
167
174
158
168
130
137
141
145
148
151
157
160
164
155
173
135
154
130
130
129
167
129
129
173
169
154
168
154
166
158
153
173
158
136
137
152
136
156
154
129
154
155
167
155
151
152
142
155
149
6
7
14
28
24
10
13
32
6
29
4
8
2
9
18
30
25
6
14
29
4
18
30
23
33
53
61
72
91
92
95
95
109
107
118
114
117
139
110
116
129
101
99
86
114
78
101
111
62
59
35
34
119
71
45
126
98
75
129
136
3
22
30
22
44
9
29
41
39
31
18
11
4
3
7
8
25
31
20
21
40
34
50
61
14
28
29
26
65
47
44
16
11
13
31
29
26
28
35
13
22
35
9
4
10
8
3
10
22
34
5
32
17
28
14
4
23
21
32
32
42
54
67
76
76
88
74
77
87
79
89
94
92
119
119
147
131
155
140
142
201
193
219
211
212
241
241
249
244
255
267
251
270
268
290
290
310
310
314
314
332
332
351
351
368
367
365
371
369
373
361
365
370
363
361
150
145
140
132
128
324
290
262
268
247
379
361
365
206
221
185
183
156
361
364
360
362
363
341
364
363
300
281
364
360
361
333
364
238
230
203
169
334
354
364
