62
42
21
88
106
142
17
111
136
207
230
237
246
248
250
269
231
239
266
253
265
269
293
301
292
355
357
357
504
504
503
543
565
566
579
580
601
622
621
582
622
578
579
577
578
567
593
597
562
544
566
572
533
601
548
594
593
559
587
577
591
545
574
571
537
690
700
730
723
732
718
685
719
634
648
519
520
508
642
515
524
516
530
503
497
506
513
487
500
506
376
378
451
379
382
375
346
376
370
365
380
380
389
407
406
389
425
427
425
454
454
465
459
478
478
491
494
493
503
499
515
500
512
501
504
486
505
491
490
501
498
497
495
499
499
500
474
494
501
474
499
475
489
489
502
497
513
498
501
513
514
514
517
508
519
487
511
501
518
505
507
490
488
481
486
492
479
486
466
485
493
487
486
494
497
504
482
499
492
492
492
495
505
492
507
514
490
499
505
503
501
512
492
500
508
505
500
501
518
507
519
514
502
502
511
497
496
510
500
521
513
527
531
538
530
524
540
520
539
538
554
552
564
547
550
560
557
544
544
540
546
532
558
530
531
532
524
526
533
542
527
540
525
505
537
526
514
530
529
518
533
520
524
537
541
526
539
526
540
523
513
515
525
527
519
530
509
512
501
502
519
501
513
501
518
513
505
507
517
517
492
524
509
523
523
532
518
534
521
535
527
512
521
491
501
516
525
495
525
519
529
523
521
531
515
502
516
511
510
495
517
521
501
513
523
508
509
514
495
506
519
507
506
495
501
492
479
487
482
478
470
475
483
496
486
479
479
479
490
481
472
494
490
495
492
483
479
479
488
488
476
471
482
483
465
478
466
474
477
452
463
460
459
458
464
449
454
453
426
443
447
446
435
445
449
453
442
451
460
460
427
436
428
435
419
431
438
429
423
436
412
424
431
419
430
432
424
411
435
413
424
439
431
433
420
427
432
461
444
446
455
403
427
438
423
412
414
393
454
395
449
447
449
443
442
449
451
450
446
450
435
447
438
447
458
451
456
446
455
447
453
451
447
459
460
448
451
452
443
447
435
448
446
451
440
423
438
432
435
434
427
429
439
436
408
418
414
427
427
438
439
433
420
8771
8807
8762
8828
0
8821
8844
8843
8838
8854
8858
8858
8865
8864
8851
8856
8881
8878
8890
8879
8878
8873
8872
8875
8885
8882
8896
8898
8875
8890
8904
8898
8911
8897
8904
8904
8917
8901
8909
8905
8914
8922
8916
8924
8930
8918
8932
8935
8921
8921
580
568
569
585
553
545
554
553
545
560
543
550
539
530
547
539
529
525
538
542
535
555
538
534
533
532
542
542
540
556
532
519
528
538
525
537
523
532
542
526
535
528
537
527
536
524
535
529
525
533
518
518
495
489
535
507
516
505
513
504
482
508
496
496
489
490
518
510
527
508
743
732
731
740
739
733
746
722
730
729
741
737
741
746
729
728
742
764
751
755
748
758
733
738
738
743
736
751
764
771
759
780
788
799
784
798
780
787
786
804
796
802
804
818
825
792
809
804
815
807
594
587
592
590
596
586
596
573
583
585
588
604
594
593
604
593
607
593
599
594
599
602
589
598
590
612
603
589
592
593
601
568
555
556
571
567
562
574
571
558
565
545
562
559
557
571
553
552
545
542
550
552
557
539
552
540
537
554
545
539
563
549
529
540
549
542
548
527
540
519
534
548
539
552
550
549
527
542
549
538
541
538
532
567
556
552
565
559
548
555
546
551
548
490
521
504
536
524
544
525
522
531
517
536
523
527
522
524
523
534
525
531
534
522
519
517
515
531
529
536
537
521
524
520
527
524
526
531
517
534
535
545
516
513
503
517
515
507
515
520
523
526
519
511
496
490
511
510
530
529
546
533
526
527
523
537
523
517
513
520
499
510
516
516
515
516
523
517
517
515
523
528
513
524
511
522
522
515
501
491
523
517
519
528
519
508
520
520
513
529
526
523
520
532
523
524
519
524
511
475
430
405
402
391
381
354
511
465
453
508
446
345
488
327
508
317
423
310
280
287
478
493
262
255
462
505
371
431
414
281
392
335
273
362
457
458
447
448
458
463
464
471
462
471
465
471
473
463
482
475
492
480
484
434
308
308
310
334
334
351
351
364
364
377
375
400
400
419
419
440
441
463
463
485
485
508
511
507
538
538
567
576
577
563
589
583
572
576
568
577
600
587
597
594
604
596
607
609
594
607
601
617
614
612
608
596
588
616
618
602
615
607
631
615
612
626
621
615
615
607
620
605
619
595
603
604
602
598
591
571
589
586
575
596
597
613
590
609
600
600
577
591
576
573
587
592
579
589
572
582
572
576
584
578
589
593
586
592
572
579
587
577
555
579
562
566
565
559
571
563
563
570
570
561
556
551
568
552
558
569
567
566
578
577
570
576
563
570
556
569
566
559
555
572
572
553
552
561
568
557
566
565
562
548
567
550
555
540
550
558
551
556
551
556
557
570
550
560
557
549
550
547
550
536
547
554
552
540
549
532
521
537
543
522
555
547
563
547
551
547
552
540
564
575
558
565
560
539
551
537
546
553
561
563
557
563
571
560
574
570
567
566
559
564
571
562
569
559
562
594
585
596
581
582
576
589
576
581
591
590
587
566
549
541
495
528
582
469
438
409
352
330
311
224
408
559
358
372
340
449
450
457
516
290
287
277
269
257
389
260
597
378
466
541
314
491
419
218
323
512
477
375
385
430
417
431
410
129
121
125
124
122
128
131
134
140
144
147
150
154
159
120
166
126
416
125
121
384
121
282
121
122
189
392
165
165
127
166
128
167
401
128
130
125
122
164
138
122
128
163
360
372
384
412
417
279
298
299
179
315
183
184
180
202
197
202
228
227
245
247
260
260
280
274
285
285
306
305
312
313
328
323
335
347
346
360
361
380
380
394
396
413
413
426
424
426
445
449
450
465
467
466
485
483
477
494
489
479
492
485
486
494
502
486
489
490
483
471
477
492
485
472
483
479
489
475
487
484
497
493
500
490
500
511
492
504
508
508
495
513
506
501
492
514
512
507
511
530
517
522
504
506
505
510
497
513
509
520
528
528
513
524
532
531
529
538
530
549
539
558
546
556
561
548
540
564
548
557
543
545
553
536
547
537
544
545
538
550
544
553
561
553
558
547
559
562
546
548
549
559
557
560
521
473
545
427
409
416
554
450
488
554
398
388
377
466
351
358
315
308
508
286
290
266
254
458
440
508
359
341
306
277
515
475
329
557
458
446
441
442
430
431
413
372
357
113
375
114
105
104
272
104
104
425
103
115
111
394
92
91
102
92
105
79
116
103
104
107
102
381
91
104
409
113
4
17
14
10
87
108
138
147
155
148
165
167
165
186
185
200
206
207
221
220
221
220
262
268
269
286
285
306
305
321
321
321
348
348
362
364
356
388
388
408
406
407
431
429
425
453
454
476
482
490
507
520
529
491
518
507
492
523
559
551
552
563
568
553
558
559
552
574
558
559
560
566
552
567
564
545
556
548
561
552
550
550
550
538
558
563
551
555
483
513
518
442
506
433
426
404
389
402
504
372
552
332
518
313
294
319
276
466
414
417
535
339
279
452
435
299
424
434
418
443
450
465
471
462
462
455
462
447
469
457
466
457
458
446
451
467
454
427
279
286
287
302
303
322
320
336
335
336
358
356
343
342
342
342
385
385
405
405
422
424
431
439
444
443
460
460
473
473
462
475
444
473
467
454
422
477
491
491
496
509
510
504
502
517
511
511
498
491
503
509
503
504
506
525
516
510
525
508
522
518
529
524
518
526
531
526
527
523
525
522
507
526
532
518
528
520
515
513
506
508
530
531
531
548
540
531
535
548
536
552
537
535
549
543
532
539
532
540
539
554
535
535
519
528
520
530
513
517
532
527
512
8853
8839
8853
8847
8858
8854
8856
8860
8864
8847
8848
8838
8849
8840
8842
8829
8842
8849
8843
8824
8821
8830
8838
8830
8839
8821
8825
8820
8805
8816
8819
8807
8806
8819
8807
8812
8813
8810
8827
8819
8809
8814
8810
8826
8811
8828
8824
8824
8839
489
489
8833
491
485
488
469
479
496
493
497
492
558
558
540
567
549
548
556
551
545
549
550
567
566
572
572
575
579
578
588
585
584
583
573
576
590
586
585
582
589
580
587
581
583
577
573
584
606
598
609
607
626
609
612
598
612
584
618
604
622
615
568
540
558
563
564
559
555
565
537
560
557
568
562
569
558
572
564
574
567
575
563
570
564
583
572
573
564
566
581
584
578
580
575
585
576
557
555
547
556
548
548
534
546
543
547
512
514
531
507
491
493
512
474
454
431
426
426
409
400
394
499
352
526
228
208
152
375
463
259
245
232
373
354
483
344
342
318
303
273
427
185
318
162
272
388
218
219
192
273
248
210
476
172
319
308
305
207
138
137
163
160
144
146
127
132
136
133
137
141
143
147
149
147
150
154
157
161
163
153
157
162
165
170
174
178
181
181
184
187
189
193
196
197
200
204
208
211
129
146
140
128
139
141
147
3
14
16
22
25
49
43
47
35
59
64
124
124
167
166
161
163
158
175
179
178
199
198
218
218
237
236
253
253
264
271
273
282
283
286
299
299
297
322
321
340
341
362
362
378
375
377
401
400
422
409
426
425
438
440
439
458
458
466
466
467
492
493
509
503
516
509
494
512
494
508
498
500
501
484
487
502
495
499
499
506
504
504
486
492
490
504
504
511
499
511
505
509
507
510
503
516
502
503
495
493
483
503
503
485
499
498
514
505
514
455
448
411
355
279
466
384
488
411
426
340
324
316
316
302
457
403
275
496
241
221
236
431
254
487
308
411
392
344
306
339
364
365
373
382
424
410
395
409
403
406
393
415
431
420
415
432
421
431
252
267
375
267
267
285
285
306
307
325
322
337
346
347
357
357
357
382
380
398
411
409
425
426
445
444
445
478
477
498
499
517
517
536
535
553
548
556
546
565
565
561
583
575
559
553
563
542
565
565
574
584
574
567
583
580
569
561
557
570
569
577
566
580
569
571
572
585
575
572
585
580
572
578
571
580
571
579
579
568
573
567
577
567
571
577
587
577
587
575
532
553
555
571
569
557
565
550
558
553
559
557
543
552
546
557
545
538
521
556
553
545
542
541
528
525
536
530
518
537
534
524
519
538
535
521
525
513
542
522
526
521
527
534
520
515
525
523
510
519
504
517
505
515
529
522
521
528
529
526
516
505
520
525
513
526
519
536
525
511
511
532
528
534
526
537
535
538
524
537
533
549
541
549
542
545
540
548
546
559
559
554
560
561
555
565
548
555
557
569
563
558
532
522
538
543
563
561
567
557
569
562
517
560
526
475
520
489
538
462
568
547
482
510
521
543
538
546
533
548
511
539
525
532
514
541
517
534
539
534
521
511
508
531
523
531
527
525
538
541
499
513
517
497
531
531
545
538
538
527
550
545
541
510
500
507
508
526
524
534
542
557
557
572
571
579
565
568
576
543
556
570
568
498
509
436
560
524
420
422
404
495
446
533
474
357
401
476
330
463
252
557
289
281
466
559
370
345
335
321
266
391
317
366
462
441
450
456
451
458
451
450
454
458
447
460
446
459
461
443
443
463
421
329
295
296
306
307
307
345
346
366
366
385
385
405
405
421
421
434
433
452
466
466
484
483
503
502
522
520
536
538
542
550
549
556
549
577
557
569
546
571
561
571
565
571
570
570
567
561
570
571
564
574
561
572
577
585
593
553
565
568
576
560
571
550
555
539
543
562
537
550
557
554
546
553
538
537
546
543
547
557
547
546
542
555
526
532
523
528
530
513
520
534
523
517
516
502
529
517
502
516
494
510
513
509
507
502
491
489
508
498
499
500
485
502
496
511
500
517
513
511
536
503
515
524
523
539
540
547
529
547
531
536
546
540
549
542
544
550
564
551
568
552
569
557
569
568
581
575
576
563
574
579
569
571
578
569
582
584
575
579
571
571
582
584
574
574
566
585
584
574
584
582
587
572
570
585
587
579
569
573
570
578
564
578
562
571
562
568
555
570
554
565
550
557
547
555
547
528
550
550
549
549
534
548
537
543
534
539
541
542
528
520
530
525
522
527
518
531
524
518
504
517
506
518
513
510
512
497
510
496
505
497
498
512
488
510
494
501
489
502
490
508
494
502
493
502
495
508
503
493
504
500
499
505
493
506
495
497
507
497
510
506
511
506
512
515
505
517
507
518
506
520
504
514
505
501
511
501
494
507
502
492
502
493
500
506
493
492
504
481
489
499
492
488
497
486
484
500
484
476
491
482
468
492
482
474
480
475
476
485
474
484
484
476
486
481
482
488
478
489
484
479
486
479
486
480
475
467
482
456
496
466
454
489
486
489
487
474
460
430
437
409
420
402
459
488
481
455
441
508
507
521
507
521
527
542
530
544
532
542
546
537
547
545
535
541
520
486
510
532
531
492
507
538
527
539
521
513
508
529
529
543
544
557
549
560
548
540
524
524
540
539
555
556
572
569
570
595
596
538
553
563
545
561
538
545
556
543
548
554
542
542
552
550
520
552
511
533
520
523
522
545
545
543
557
547
560
555
556
547
556
562
547
555
559
545
553
564
558
545
556
555
551
559
548
555
560
544
559
529
528
551
556
556
540
557
549
542
551
540
555
545
540
551
544
544
548
556
556
543
563
557
567
561
558
575
562
570
547
554
568
560
566
571
561
574
563
565
578
578
578
584
580
581
559
571
561
578
576
581
570
582
575
587
581
582
593
595
584
591
584
590
587
597
587
593
576
565
587
587
576
580
583
577
584
573
582
572
582
550
571
561
564
568
556
554
552
561
542
554
548
547
555
550
535
549
550
543
546
547
525
540
544
526
522
503
530
519
532
518
523
515
529
517
509
457
360
359
253
249
249
450
499
381
374
444
427
438
347
331
315
289
277
269
409
471
402
414
238
390
389
475
354
279
321
477
267
306
469
439
488
480
482
489
474
470
487
492
479
486
473
480
403
301
262
263
255
268
266
287
287
307
304
322
322
332
323
323
335
359
359
385
386
400
401
419
419
435
434
439
461
461
480
491
481
492
513
523
512
522
540
530
532
544
539
530
545
538
526
534
510
518
518
527
515
525
523
523
513
523
517
530
529
529
532
537
520
521
528
538
535
517
530
526
531
502
532
525
481
525
473
518
486
510
519
494
507
518
527
529
529
520
525
529
523
530
521
531
524
540
533
544
544
546
557
560
559
566
559
554
562
547
540
560
558
550
563
554
567
565
560
578
558
569
561
575
568
582
573
572
586
554
577
577
589
579
581
558
554
569
544
563
567
554
538
555
569
569
562
563
541
594
595
576
584
588
581
578
580
580
572
570
577
555
568
565
548
565
548
558
544
552
538
547
545
544
532
531
544
543
519
492
544
516
525
524
517
520
519
535
534
537
542
540
542
523
534
526
519
524
518
483
473
482
475
478
467
473
473
490
479
487
467
476
475
484
479
493
493
492
482
491
489
484
472
485
491
476
483
492
486
486
501
491
480
479
492
475
488
492
496
497
473
483
495
498
492
480
474
504
474
485
492
479
492
497
489
475
506
484
491
480
494
481
483
492
480
497
489
480
485
488
492
478
486
450
482
464
303
445
381
407
378
358
417
324
313
337
467
308
294
286
281
257
244
474
396
355
430
413
276
221
237
369
436
314
274
459
442
463
457
469
456
452
443
458
476
467
481
470
482
475
482
472
351
441
367
327
331
329
332
345
334
361
360
378
378
393
393
390
416
415
435
434
455
454
471
472
489
489
506
506
522
521
540
540
559
552
550
562
562
551
568
559
571
568
557
550
556
546
549
550
555
552
552
542
553
550
553
551
539
555
545
551
558
547
547
562
559
558
560
553
559
551
557
554
556
553
555
549
557
547
558
551
553
556
550
543
553
543
551
544
538
551
548
526
540
546
533
546
538
555
538
548
540
541
547
548
542
550
534
558
542
534
547
521
530
544
534
533
546
535
547
551
535
538
532
532
544
542
531
541
530
538
532
534
539
548
536
550
538
538
551
556
541
542
541
543
528
518
531
521
550
519
539
531
533
533
530
535
533
514
526
517
534
526
533
521
533
522
517
527
523
516
524
517
514
520
500
524
522
527
520
527
525
527
517
523
517
502
513
515
513
504
515
507
495
514
502
511
502
512
525
504
512
507
506
517
504
513
513
495
501
508
505
521
509
492
510
505
514
506
509
501
510
504
504
513
512
499
511
499
513
497
509
493
490
496
507
501
519
508
494
487
509
486
494
499
512
512
510
513
494
509
499
497
497
512
521
523
526
529
531
536
510
523
527
516
516
516
525
510
518
522
537
526
521
528
520
524
518
509
527
516
523
512
503
522
516
516
506
507
517
510
520
504
511
510
516
497
488
507
474
514
460
481
444
491
479
482
491
477
488
490
483
482
477
492
472
493
481
483
495
490
482
488
487
480
477
482
492
478
492
489
501
492
479
484
478
474
451
463
481
482
489
479
478
479
494
475
471
490
473
473
490
489
500
504
508
503
509
492
503
508
501
509
509
518
502
509
487
500
496
497
516
513
518
525
527
510
511
524
505
511
496
525
492
534
523
541
541
553
519
510
514
529
523
517
536
540
529
522
528
513
526
531
517
524
515
520
513
515
482
447
467
455
456
484
499
521
502
513
520
514
487
489
484
495
487
475
488
483
489
467
474
474
490
484
498
484
494
483
498
485
497
496
515
506
503
499
503
512
521
501
509
507
519
514
530
522
510
535
491
507
507
507
511
519
527
528
547
540
541
549
537
537
549
541
551
545
558
562
549
536
555
542
536
550
543
551
538
536
543
542
534
527
507
525
533
533
526
534
524
534
526
538
528
541
526
536
526
518
528
517
524
512
525
506
514
520
518
515
512
505
484
476
431
498
404
375
473
384
365
451
326
319
305
297
271
315
412
507
348
343
455
279
436
408
269
434
367
427
428
436
416
424
437
425
435
416
421
416
435
420
428
438
447
442
445
437
448
445
448
426
463
443
363
379
327
378
352
351
365
366
364
368
366
408
407
426
426
443
443
460
459
475
475
490
488
503
503
523
522
538
528
529
529
547
534
539
547
540
534
531
537
545
532
540
529
519
532
519
527
502
511
522
509
483
424
449
306
430
464
408
517
394
354
352
328
495
293
291
435
257
438
277
489
394
336
473
314
435
271
411
369
245
377
399
417
410
432
434
436
441
439
438
439
445
439
449
435
429
414
408
353
276
240
221
220
208
208
201
184
208
201
203
189
191
190
222
187
185
184
185
180
182
221
188
221
433
220
220
440
218
221
198
191
192
221
223
390
403
400
405
400
411
401
420
318
405
320
259
258
256
275
285
283
299
298
250
250
267
280
266
294
292
293
316
326
335
335
353
352
366
368
368
383
398
391
385
390
422
422
427
427
441
441
461
456
472
471
475
476
491
490
503
498
506
496
498
510
496
491
499
490
487
498
504
483
495
493
506
477
501
516
498
503
504
513
504
510
506
519
514
526
534
525
539
524
528
527
529
522
518
528
524
517
536
524
520
523
528
525
529
523
518
522
513
534
527
544
545
538
557
548
565
540
558
545
535
524
517
514
543
540
532
539
517
529
536
521
533
512
520
496
527
512
516
523
512
517
499
511
511
522
529
516
516
527
511
524
521
512
516
518
497
515
491
515
504
513
506
500
502
490
468
480
484
494
488
485
481
491
496
481
498
492
497
499
494
482
499
494
491
488
503
497
500
514
515
501
505
501
512
498
510
504
499
509
509
510
501
505
508
507
509
516
492
507
511
512
518
515
509
502
505
500
501
524
511
529
521
502
528
516
514
528
523
525
506
528
520
514
528
508
513
503
489
516
501
527
526
500
524
515
509
516
511
520
516
518
507
512
520
520
518
523
517
517
519
507
513
507
518
509
510
519
519
506
499
510
516
507
503
517
509
482
499
478
489
503
497
495
506
504
502
501
508
507
506
505
483
496
479
489
480
460
467
483
495
482
495
484
493
484
489
484
490
490
493
488
501
489
501
494
489
489
498
505
498
513
498
496
494
485
508
509
515
513
529
502
515
503
517
513
518
497
510
524
517
521
532
525
535
537
534
524
526
504
524
530
516
530
517
517
533
519
533
533
519
518
526
522
520
511
513
507
515
513
512
514
512
517
501
505
491
498
507
505
511
508
509
510
507
509
518
521
521
509
503
519
511
503
517
501
513
510
521
518
516
539
531
513
524
512
527
513
523
517
509
508
516
522
509
515
526
516
524
523
509
525
513
530
528
531
529
521
536
522
532
529
523
534
524
534
520
520
535
526
522
526
518
514
520
527
518
510
500
499
491
487
533
500
517
508
507
513
506
513
521
513
515
530
515
510
525
517
521
516
506
502
502
523
508
511
517
518
510
519
510
517
509
515
512
517
505
516
515
520
509
530
530
514
534
524
538
523
535
536
542
550
555
525
530
531
535
534
526
529
538
540
529
535
527
537
528
542
534
538
549
555
553
562
540
548
537
552
538
549
539
547
546
547
540
543
546
548
541
548
541
545
542
544
537
537
551
546
532
545
535
543
536
543
529
542
536
538
528
531
533
532
530
534
536
534
526
527
515
527
518
527
519
524
522
528
520
524
512
514
521
504
520
523
509
515
508
522
520
507
505
520
515
503
518
504
509
522
518
506
507
519
506
517
519
506
505
520
510
518
512
529
513
525
525
515
528
521
531
519
538
519
525
537
536
523
534
528
544
531
545
530
514
516
541
530
540
532
540
535
22826
22801
22813
22772
22727
22698
22697
22665
22745
22537
22549
22650
22643
22641
22760
22818
22739
22785
22625
22716
22614
22592
22575
22564
22586
22679
22557
22774
22761
22659
22801
22605
22794
22727
22627
22779
22714
22786
22773
22852
22836
135
22769
123
85
85
22786
90
93
95
99
101
102
88
89
86
142
135
22779
134
87
126
134
474
123
113
104
109
109
22793
22805
87
88
125
100
364
22812
83
22811
22813
9
74
124
124
137
120
136
143
152
144
162
162
165
161
196
162
196
223
223
242
241
260
260
280
280
295
297
313
322
318
328
339
339
357
350
347
347
359
348
350
411
411
429
429
449
449
473
473
494
494
517
517
533
525
538
535
541
526
546
542
543
563
546
567
560
574
557
566
560
572
576
567
580
569
583
570
592
579
349
586
600
593
609
589
598
580
601
586
587
601
600
597
605
596
608
601
613
596
614
597
607
594
605
591
577
587
565
556
600
586
589
585
578
591
577
579
571
568
582
582
568
556
568
555
562
555
562
548
561
547
546
555
541
502
539
519
501
535
533
530
527
531
523
537
523
539
521
520
533
533
515
517
533
523
516
532
515
518
522
507
529
526
525
512
529
515
530
513
520
509
524
507
519
512
521
517
526
524
527
516
527
520
531
524
513
515
529
541
533
543
534
546
539
544
537
543
541
541
539
542
536
541
535
543
540
528
532
543
531
547
550
538
541
544
545
542
547
544
545
549
530
551
540
553
540
539
553
555
533
537
545
541
543
541
551
532
528
538
531
539
534
537
533
539
536
538
531
539
532
539
527
539
536
538
536
536
529
542
532
540
530
530
544
540
529
538
527
561
549
557
548
555
553
553
546
549
552
530
549
538
548
544
547
539
541
545
550
533
544
550
558
544
551
538
553
540
558
542
553
543
557
542
540
556
541
556
554
535
538
544
542
543
531
544
542
549
546
518
523
526
523
521
523
518
524
520
511
523
511
522
528
517
521
529
511
522
512
520
503
514
517
526
531
526
534
528
536
524
532
529
524
529
525
532
526
538
529
530
534
509
525
515
530
525
515
543
534
548
540
540
552
534
527
542
490
504
490
553
523
508
542
536
544
529
550
544
552
542
554
552
513
528
538
522
515
548
538
541
538
528
548
537
542
536
538
546
545
523
450
355
323
295
258
395
513
354
354
353
351
352
342
469
525
523
317
437
287
280
266
464
349
336
304
535
430
489
538
538
420
398
429
414
445
479
374
285
189
132
131
134
134
138
139
125
126
471
126
127
190
402
126
128
439
419
445
127
439
126
365
189
411
128
127
478
127
127
126
381
127
191
126
129
191
395
128
126
298
317
366
381
381
281
280
162
175
183
191
191
191
192
193
210
189
246
244
249
244
248
263
246
312
310
326
331
345
342
360
362
382
381
388
388
416
416
440
439
458
457
485
486
504
503
527
528
545
544
566
565
582
576
552
580
565
554
576
565
554
569
574
557
568
570
571
580
554
584
582
569
569
567
583
546
548
578
514
552
526
521
487
496
423
455
475
443
525
206
465
534
341
323
313
286
310
564
258
248
237
217
199
403
368
413
362
327
284
278
538
389
385
427
235
350
268
387
388
392
400
410
424
429
432
441
426
432
364
197
205
282
197
206
234
234
251
251
268
269
256
245
255
247
233
253
236
240
234
249
240
240
251
235
233
233
234
254
252
269
245
245
248
246
217
244
242
233
234
253
237
224
242
255
268
245
393
475
483
476
481
477
489
482
499
494
490
385
474
421
277
278
278
294
295
316
317
335
329
346
347
360
363
361
386
384
401
400
419
418
437
438
459
460
485
484
506
504
523
523
541
540
543
566
565
584
585
575
556
560
577
553
545
562
539
509
506
508
548
507
546
532
536
539
529
528
519
535
529
512
499
528
515
487
531
519
535
517
529
520
533
527
516
524
510
507
513
500
515
517
518
514
501
507
519
506
517
507
521
504
519
524
536
536
530
528
546
530
530
530
549
537
560
546
565
555
547
572
563
556
569
571
551
567
571
565
575
567
577
488
501
391
339
298
504
560
433
416
414
564
394
480
514
358
472
325
310
458
537
432
397
373
460
318
439
546
353
301
377
527
465
451
465
483
484
483
505
488
475
457
408
391
340
231
232
230
468
174
161
154
159
158
163
167
172
174
177
179
174
161
178
425
170
178
195
413
169
169
441
169
174
155
171
157
165
159
400
445
160
172
504
160
195
170
193
158
166
199
305
188
204
203
201
180
194
169
162
156
165
192
165
167
191
165
202
157
161
198
153
150
177
151
151
181
179
192
194
179
180
148
171
158
159
164
342
435
434
455
454
452
472
482
483
473
509
508
531
530
536
545
470
526
546
310
321
323
323
314
340
338
356
358
376
381
380
403
402
417
416
430
432
443
443
463
462
477
476
497
497
514
513
533
533
547
553
543
530
561
573
564
578
576
585
554
565
568
544
569
552
560
561
565
562
562
560
563
561
559
553
581
571
553
573
564
561
575
565
561
573
563
570
564
573
562
571
565
563
577
563
570
571
570
562
574
539
558
564
556
564
552
556
551
568
566
574
553
582
582
595
593
560
556
556
552
547
538
539
533
517
519
504
501
492
493
483
476
471
471
463
457
454
451
442
434
431
424
421
568
577
280
394
212
349
330
318
285
354
358
414
263
254
405
343
372
313
268
389
226
5
22
37
78
143
143
149
158
157
171
180
170
170
180
200
206
199
221
221
237
237
254
254
264
266
265
288
288
305
305
317
316
328
332
339
356
356
340
340
385
384
399
398
399
425
424
427
447
447
459
458
450
460
457
460
492
483
500
493
494
489
504
497
509
475
486
485
486
480
489
499
495
485
480
490
490
498
479
488
498
491
498
492
498
493
501
502
481
502
511
497
490
492
491
500
499
510
496
467
470
508
478
471
469
498
508
514
506
517
518
502
519
525
516
532
524
521
523
528
510
504
510
529
530
512
522
517
524
527
512
515
509
514
508
500
504
512
492
510
502
508
511
510
500
508
484
506
506
495
511
502
480
505
493
474
487
495
493
491
500
491
477
500
490
504
494
487
497
482
488
483
484
492
500
495
484
503
501
492
482
501
495
498
504
512
483
498
488
504
496
505
498
502
485
491
494
492
497
475
487
494
492
483
495
494
503
496
485
476
498
489
468
490
482
480
489
476
472
485
479
489
481
471
481
484
482
481
488
472
488
491
473
489
496
488
497
496
499
496
501
497
501
497
489
487
494
506
498
509
493
443
474
463
446
433
488
501
482
508
455
498
508
487
503
500
515
515
505
506
513
495
512
512
522
508
518
511
516
509
517
498
507
512
511
499
514
499
520
505
495
496
509
493
512
488
504
500
515
503
446
496
510
463
463
477
487
499
484
485
500
521
519
521
515
514
533
516
526
519
496
511
516
517
496
504
509
496
500
506
489
508
507
505
490
503
503
510
498
498
509
502
514
509
516
507
518
512
523
516
511
528
519
511
519
526
522
497
481
470
514
450
531
487
462
523
515
502
511
510
513
498
515
514
511
516
520
520
529
521
516
505
524
517
519
531
502
508
525
519
497
526
515
516
507
514
519
497
509
502
502
496
494
512
512
523
489
479
460
474
479
489
488
505
507
509
515
526
512
514
518
522
503
512
515
510
519
519
498
509
514
510
517
520
507
517
506
507
514
490
441
506
484
493
438
468
265
421
354
360
329
511
312
321
430
282
302
397
260
243
252
236
219
457
366
475
305
278
377
226
338
295
389
446
427
380
364
319
196
49
358
287
314
194
103
371
49
297
49
282
198
272
349
300
49
50
76
330
350
8
10
30
75
137
130
141
149
149
164
158
173
173
191
191
207
207
226
226
245
246
263
263
283
282
304
304
323
322
339
333
349
360
360
378
377
394
394
414
413
433
433
449
449
469
469
489
487
506
506
523
524
543
542
554
547
557
546
546
552
552
546
531
543
523
555
517
546
538
545
543
547
540
536
544
541
534
539
527
535
524
538
526
530
525
530
522
529
516
525
513
518
512
511
524
504
517
514
503
498
506
498
491
495
488
486
497
489
480
480
474
452
443
466
427
443
321
464
487
364
344
339
405
472
468
306
399
388
276
280
385
258
241
212
220
355
414
290
269
228
252
333
302
369
312
411
416
406
404
410
399
423
414
423
414
424
416
424
405
423
407
235
274
334
241
234
253
255
261
283
284
304
304
322
343
322
331
329
329
341
340
342
343
403
402
421
422
420
446
447
465
478
478
493
466
492
503
490
500
486
460
488
472
498
496
501
490
496
502
479
498
499
504
485
502
486
489
499
497
471
488
465
492
477
482
489
489
487
503
459
470
475
475
485
486
483
465
476
485
478
481
476
477
483
486
476
478
465
484
464
467
482
483
494
487
499
497
491
499
499
507
505
508
500
502
513
512
511
492
504
513
513
531
513
514
520
523
515
525
517
529
525
516
523
515
519
526
513
526
496
511
504
501
528
519
526
526
512
525
520
519
528
527
518
508
530
520
487
503
496
508
503
514
505
509
501
498
483
510
504
497
506
495
494
491
488
499
488
498
491
488
488
494
474
494
486
488
500
500
501
510
506
474
505
486
472
492
495
495
484
489
497
502
491
486
492
499
496
506
503
510
506
499
508
508
527
512
512
512
525
521
523
513
529
518
530
523
523
534
535
523
537
528
536
534
534
528
542
537
545
536
548
545
541
553
551
540
551
541
543
550
557
537
554
542
553
552
555
540
555
552
556
551
540
528
550
539
546
549
536
549
540
555
539
542
558
550
537
542
535
550
543
535
537
520
543
526
536
529
533
535
536
528
534
524
536
523
529
536
523
534
535
533
536
534
536
534
538
530
539
531
538
540
537
544
538
533
549
534
546
534
543
537
548
535
546
537
546
540
555
543
549
540
550
553
547
561
553
561
559
550
558
551
557
554
556
537
551
548
556
559
548
549
561
550
557
560
548
558
557
541
546
556
549
556
549
567
551
562
550
548
561
567
550
553
568
556
549
536
543
555
551
539
553
548
552
544
531
542
548
529
551
548
551
541
551
547
543
530
534
549
542
549
540
546
535
544
537
533
522
532
549
532
538
531
540
528
524
528
535
534
523
533
526
533
525
533
537
542
524
524
539
533
540
533
538
530
530
546
526
519
529
531
544
543
530
539
548
538
531
544
537
544
532
535
546
545
547
550
532
541
540
528
520
536
530
538
541
530
541
527
535
522
530
518
518
525
530
543
528
539
527
526
531
533
526
537
526
535
535
532
535
529
521
529
519
531
523
524
531
508
528
516
520
514
516
506
515
508
521
517
526
515
508
514
522
522
523
511
523
506
510
521
526
532
494
520
521
519
525
516
526
523
530
529
527
517
527
520
530
531
528
522
531
513
525
531
536
525
537
528
538
532
533
544
545
553
548
541
557
540
551
542
549
542
556
553
558
556
562
554
548
563
557
538
547
541
554
552
539
555
540
544
537
543
547
541
527
532
545
529
535
537
523
516
527
518
507
527
515
527
511
521
514
512
529
520
514
508
519
512
518
519
511
518
511
521
515
525
512
512
517
501
524
509
524
516
522
516
516
528
518
525
526
520
530
514
535
529
532
540
542
535
546
552
553
541
550
543
556
544
531
543
550
550
534
522
505
502
524
547
542
538
539
533
541
529
538
533
536
541
546
538
535
540
539
546
547
535
546
542
547
542
544
534
512
523
533
520
527
535
530
536
533
517
524
517
534
522
536
504
522
534
529
522
524
540
524
522
521
519
539
537
543
541
546
538
545
538
540
530
541
535
541
536
531
540
536
538
536
532
538
532
541
536
544
552
561
536
546
550
546
550
538
550
546
553
534
542
546
546
529
542
548
554
540
548
541
552
540
551
539
537
554
551
522
534
544
547
540
554
540
543
554
553
543
558
544
544
560
519
527
552
511
540
532
542
531
539
530
527
537
535
531
537
548
535
542
535
552
535
542
535
540
532
546
535
548
536
546
533
543
537
537
552
549
541
538
551
548
538
550
538
552
539
554
537
545
538
546
538
538
555
548
542
554
543
557
554
514
532
562
535
549
550
556
536
556
545
558
554
560
548
548
555
534
538
552
545
556
556
529
542
552
543
554
542
553
545
552
548
551
547
551
549
552
550
537
549
543
550
539
549
542
552
552
530
544
553
540
537
550
545
533
550
537
552
545
556
544
543
555
547
556
559
551
561
545
557
555
558
551
562
550
545
559
544
556
541
556
538
552
534
542
527
532
540
531
541
519
535
521
524
536
533
524
533
526
523
505
514
500
517
528
511
513
498
505
508
496
507
501
506
506
496
498
485
491
490
473
493
485
479
480
472
482
477
467
461
482
473
484
477
482
479
478
487
469
488
488
487
476
462
490
475
482
474
471
492
491
477
484
471
494
493
465
482
487
492
484
491
484
465
478
484
497
489
489
501
484
500
508
494
500
508
511
501
485
512
503
476
502
489
460
461
481
470
469
468
461
494
488
479
483
494
491
497
505
486
504
490
496
488
495
495
505
498
499
488
492
486
482
467
417
447
379
382
405
472
299
224
326
325
435
317
382
286
259
476
269
252
368
241
233
342
456
208
416
341
347
354
394
216
432
315
278
403
326
372
369
376
362
402
407
410
400
405
401
400
409
406
332
344
266
266
286
284
256
255
272
272
280
280
295
292
294
319
320
329
334
344
343
336
357
357
362
371
373
372
385
385
402
402
413
413
411
432
439
432
438
439
471
466
473
466
469
437
453
445
466
458
458
458
443
464
454
447
458
450
444
457
448
444
432
432
430
419
432
438
442
446
452
446
448
456
454
447
451
447
457
445
456
461
458
452
454
453
452
453
473
464
459
454
472
460
461
469
22049
22058
22070
22072
22086
22080
22089
22089
22089
22099
22084
22096
22105
22100
22088
22091
22106
22104
22095
22118
22117
22128
22101
22149
22156
22144
22157
22158
22163
22159
22170
22162
22140
22148
22156
22167
22162
22176
22177
22183
22185
22157
22175
22166
22172
22168
22169
22165
22170
592
574
560
581
572
569
574
565
561
572
552
554
565
577
572
547
570
586
579
591
568
581
516
566
577
541
527
541
525
542
576
575
577
549
569
569
567
578
580
569
568
582
584
579
587
582
589
589
596
588
585
601
600
587
598
601
593
584
603
598
619
618
631
609
625
622
613
632
612
625
612
595
614
630
614
624
617
625
622
607
583
582
583
576
577
578
593
571
575
565
541
561
556
555
543
549
563
559
551
555
563
557
547
556
550
561
552
562
572
526
546
538
548
535
538
549
535
542
543
530
536
524
526
541
536
528
528
542
542
524
536
524
539
537
543
533
543
535
530
543
540
554
552
552
539
547
545
546
539
546
534
546
543
547
539
540
547
544
542
543
545
539
546
557
538
548
536
545
537
548
541
539
539
526
544
552
538
553
539
548
538
536
550
550
532
542
534
546
536
550
539
545
543
544
537
537
539
535
543
532
539
536
542
542
544
544
536
546
543
560
552
556
549
552
558
551
538
559
558
546
555
545
538
557
555
543
545
540
552
541
556
548
539
529
536
554
547
532
531
538
529
541
543
529
538
529
532
524
529
521
534
524
522
526
517
523
516
517
510
492
501
502
495
498
496
496
490
486
498
490
481
495
490
499
483
493
495
486
492
479
494
484
493
486
493
504
491
501
495
495
511
502
494
500
495
506
496
497
501
494
499
485
498
491
499
489
483
496
477
484
492
494
482
469
471
470
482
492
479
471
484
469
485
493
493
485
488
490
486
483
492
471
489
445
466
482
454
486
492
503
502
494
497
491
502
492
501
496
504
516
517
516
506
512
514
506
514
527
518
519
535
526
541
531
543
542
554
559
561
537
539
523
498
550
516
504
533
584
576
566
606
603
607
561
606
577
579
578
608
588
591
601
569
593
556
526
555
578
596
537
583
589
581
595
582
587
580
595
576
580
573
579
572
585
573
579
571
579
580
581
584
571
507
572
508
526
505
493
526
519
532
526
520
548
546
553
552
542
560
552
555
501
546
555
499
531
535
538
536
527
565
549
560
552
551
563
565
533
548
561
545
555
561
561
553
565
567
568
470
466
499
281
279
271
263
259
261
250
245
240
234
226
224
212
209
202
195
190
181
174
168
340
534
458
448
328
325
294
566
531
548
558
446
416
518
372
394
551
488
364
111
338
330
300
504
378
356
288
418
69
68
145
171
171
182
176
197
198
214
213
231
230
249
249
265
264
276
276
300
300
317
315
335
333
353
351
364
359
377
376
395
395
417
417
436
433
435
461
460
472
472
494
494
512
512
528
528
546
538
550
556
534
541
551
569
558
565
559
570
572
556
569
575
573
570
576
560
576
569
580
568
572
581
574
580
578
581
577
579
576
577
568
569
561
568
553
549
555
562
565
554
561
557
548
558
554
548
537
553
528
512
519
513
498
551
560
548
534
545
541
540
525
508
539
528
524
523
529
534
521
540
532
525
518
526
514
526
522
514
528
522
525
530
543
527
528
541
527
522
542
543
536
525
528
535
545
539
550
528
542
526
553
553
564
535
545
576
551
545
543
551
535
531
545
535
535
541
544
544
532
540
533
526
539
529
536
537
541
533
515
520
526
523
518
526
520
534
518
525
516
516
501
510
518
502
519
507
520
530
522
529
515
535
527
536
518
538
537
542
537
543
538
545
545
536
544
535
540
531
539
529
502
494
518
418
405
400
398
390
384
386
376
368
372
355
218
363
471
458
305
321
273
297
282
258
444
435
222
484
204
200
236
534
251
472
337
451
247
367
424
412
343
509
383
394
373
459
464
456
336
233
212
196
214
214
230
223
222
245
246
246
268
279
281
269
308
310
308
281
335
334
353
352
370
371
387
386
400
400
415
415
433
432
448
449
459
455
471
470
491
492
513
512
529
529
548
546
537
548
550
539
553
546
551
543
540
552
550
550
563
562
553
555
561
541
545
555
543
551
533
546
540
521
538
543
533
538
553
547
527
535
534
546
537
546
546
544
545
522
538
522
537
526
532
526
511
527
529
536
520
537
514
524
519
516
495
515
513
517
505
521
531
528
534
529
536
529
549
534
550
534
544
535
550
536
547
534
538
546
552
538
547
538
548
539
548
540
548
537
556
545
543
550
558
556
563
561
561
554
557
550
554
562
562
556
571
563
578
576
565
556
555
549
555
553
568
559
568
561
555
540
563
550
564
564
552
566
548
555
548
549
565
563
546
558
544
561
547
567
545
549
559
557
558
552
557
535
552
549
551
566
557
576
559
557
572
560
572
579
563
580
567
583
564
556
548
565
530
560
550
551
542
547
552
548
547
550
547
552
542
546
550
539
547
534
544
533
542
527
537
527
521
527
523
517
523
521
531
529
525
507
518
501
521
526
518
521
488
475
499
527
460
453
471
507
480
497
495
503
501
506
497
500
506
510
510
506
501
513
501
503
477
489
467
470
488
492
488
474
480
461
470
484
485
477
484
483
462
469
468
469
474
445
453
467
455
470
445
427
437
445
453
458
457
443
461
445
469
476
479
472
476
461
470
462
470
461
463
471
454
483
483
482
480
495
487
488
506
505
507
487
502
490
501
504
515
506
509
509
520
525
516
508
525
523
527
526
519
528
519
524
523
533
531
541
534
549
522
527
521
523
518
510
522
524
504
500
498
511
490
500
515
504
522
506
521
516
505
511
513
493
518
497
508
511
505
516
504
502
515
495
510
502
509
506
497
505
494
502
490
503
495
503
495
487
498
488
476
465
459
479
494
487
506
499
499
490
502
496
497
497
494
488
489
487
494
487
493
491
484
479
489
486
479
484
484
476
479
494
485
480
478
480
479
491
483
500
491
494
495
490
488
493
477
486
491
489
493
491
510
509
476
499
490
497
490
492
507
496
510
507
496
503
494
506
501
489
501
490
485
503
505
497
512
506
517
509
521
509
521
516
517
518
520
520
516
526
520
524
526
517
526
528
533
517
536
515
530
537
538
524
519
525
525
529
541
525
530
520
528
518
524
519
523
518
526
519
533
524
526
529
516
507
523
489
521
500
501
502
479
507
495
517
488
500
518
508
516
507
508
514
517
508
514
507
510
509
516
503
515
509
518
511
512
523
523
515
528
527
527
515
528
517
530
521
534
521
537
525
525
532
540
533
547
536
548
547
556
553
558
546
559
535
553
543
541
553
548
540
546
544
533
551
534
552
541
559
544
557
540
558
544
561
543
548
540
554
540
544
558
545
560
541
551
543
552
549
546
544
533
539
532
546
529
528
540
543
528
525
538
521
516
538
523
528
502
511
519
517
513
522
525
513
510
523
523
510
527
514
523
511
527
510
524
511
507
517
508
514
512
511
509
507
512
523
490
505
499
522
516
517
497
513
520
510
524
513
520
513
522
513
516
514
519
528
528
520
533
528
533
525
530
503
515
528
525
535
518
519
534
518
534
522
530
518
533
531
526
531
524
527
533
525
533
520
528
522
475
511
469
374
446
410
475
390
507
460
312
519
353
443
279
309
291
247
269
260
497
402
367
350
294
324
389
429
332
421
404
404
410
426
419
427
421
418
419
426
421
426
418
426
422
424
415
425
416
282
391
280
273
289
290
287
314
315
334
333
348
348
365
365
381
379
380
405
401
417
417
436
437
455
444
457
457
468
470
461
470
466
468
470
495
508
500
506
509
500
503
496
506
495
498
513
508
494
493
508
501
508
504
477
497
500
474
493
464
480
500
494
503
495
505
490
511
503
506
500
507
498
509
501
509
506
523
506
521
523
536
512
528
526
536
538
539
522
530
532
537
537
523
530
539
531
545
543
549
538
546
544
546
551
548
541
550
532
533
556
548
566
549
561
549
545
559
555
541
543
540
546
545
533
531
530
531
524
529
519
528
524
526
519
515
518
501
514
512
511
507
510
499
491
508
505
502
499
484
502
491
459
473
444
434
429
495
454
416
465
454
481
477
457
465
469
449
454
470
469
473
465
467
462
476
467
470
475
469
468
464
468
451
466
459
479
471
489
474
486
490
481
479
472
466
472
481
493
477
486
489
464
441
436
438
443
459
460
471
475
476
493
487
505
497
498
515
507
490
504
510
511
519
503
508
531
518
536
517
525
530
526
530
528
512
519
520
505
507
513
509
518
516
528
526
503
499
522
483
463
474
493
506
510
508
509
510
519
502
501
518
495
517
509
515
502
506
483
477
498
500
490
494
471
502
484
461
450
446
477
477
492
473
476
467
480
480
484
463
476
484
479
481
475
456
459
475
475
475
489
476
487
481
487
477
485
479
480
493
488
457
445
492
456
472
449
480
463
478
467
475
489
481
497
497
498
506
510
508
494
483
492
480
489
472
482
488
488
474
472
472
478
480
486
488
486
497
465
480
466
479
468
471
467
468
461
464
460
469
453
437
440
439
457
456
470
476
476
459
467
475
463
469
445
458
430
447
455
435
462
442
439
457
453
456
461
465
456
461
464
463
472
471
470
482
484
485
482
488
464
481
471
471
483
485
475
485
482
487
477
492
490
492
509
505
493
503
496
500
500
513
512
519
513
515
526
529
530
546
546
530
533
536
527
539
537
530
541
542
534
534
542
536
545
543
540
545
546
553
551
563
546
552
557
551
543
561
546
558
537
524
534
514
541
548
526
536
522
546
531
544
530
537
542
530
546
532
532
542
518
528
537
537
526
532
539
528
538
536
529
515
532
523
522
532
521
533
522
537
530
524
532
533
528
531
521
534
540
542
535
550
552
559
556
549
533
530
544
550
539
555
541
554
539
542
545
533
542
550
536
548
539
544
537
543
535
543
537
552
554
544
544
551
564
564
544
553
560
552
556
541
540
554
559
550
550
543
553
546
553
545
545
533
556
545
557
554
538
556
545
558
553
546
553
553
557
545
543
560
559
564
557
569
556
566
554
553
564
563
553
552
564
552
542
549
546
545
550
557
549
557
551
550
562
561
550
559
546
560
548
545
558
560
535
533
476
552
420
408
340
281
244
226
460
211
486
194
191
192
300
174
162
158
154
242
388
213
355
342
457
319
420
414
468
279
491
395
442
515
180
262
227
200
321
513
262
372
304
146
365
499
351
