28
164
193
224
254
20
286
285
257
314
333
317
315
337
359
358
361
317
322
361
357
335
358
358
361
307
403
396
411
426
444
444
425
461
478
477
462
500
503
500
498
542
542
562
575
574
592
602
618
617
609
630
498
566
563
586
603
624
632
695
686
680
720
747
732
734
697
688
724
725
752
722
718
785
775
805
806
835
833
854
864
883
865
893
885
911
900
918
919
906
953
954
989
976
1001
994
1034
1028
1052
1046
1062
1071
1092
1078
1103
1071
1098
1083
1025
1068
1019
1023
1014
1010
1030
1019
1012
1031
1026
1001
968
1018
997
985
986
1008
1013
982
987
977
999
961
969
980
975
967
969
977
991
975
989
972
942
912
851
929
884
880
931
891
892
910
873
902
894
909
894
906
906
900
922
863
894
921
902
898
881
903
911
897
910
901
900
913
881
916
898
901
909
905
881
896
917
912
906
909
904
910
893
904
914
896
903
907
871
899
911
905
904
910
908
869
894
925
868
891
868
846
877
888
895
881
887
886
902
896
901
896
902
898
898
894
903
892
920
887
912
888
899
889
905
886
908
899
881
905
884
911
893
923
893
896
910
925
899
924
902
925
917
929
925
919
930
930
936
945
923
940
890
899
915
926
926
931
929
895
926
922
942
941
928
918
897
895
870
866
838
826
814
811
787
775
754
751
727
716
705
683
672
650
640
618
607
587
577
553
532
520
517
494
482
464
451
434
433
407
398
386
385
363
323
322
314
312
289
277
267
235
217
62
62
93
109
189
191
232
232
264
281
282
311
311
336
352
353
335
350
414
394
419
419
448
448
462
462
484
481
512
511
538
539
564
566
588
587
581
610
609
632
639
640
663
673
672
679
679
710
711
739
739
761
757
761
787
791
814
814
838
800
785
831
825
812
807
817
839
784
815
838
794
807
793
816
795
813
784
800
795
782
767
778
773
782
782
756
783
788
782
782
796
775
806
792
812
788
812
784
799
782
768
783
795
771
793
787
786
769
788
757
781
780
776
790
777
769
787
775
774
786
781
772
781
775
784
770
785
782
783
797
771
794
787
7964
7948
7968
7970
7954
7983
7937
7926
7975
7979
7946
7938
7967
7971
7936
7929
7920
7926
7914
7892
7840
0
7815
7698
7611
7533
7498
256
7641
117
7554
7747
7728
7715
7911
7821
7866
7481
278
7777
159
162
122
110
7663
7662
7787
7622
114
7573
7583
7548
7520
7685
224
138
169
157
7759
7591
7488
300
172
134
7796
322
317
129
126
321
169
165
161
168
161
160
151
146
157
126
153
153
156
164
152
159
152
165
148
148
160
159
145
143
142
157
139
140
135
158
163
152
152
151
160
158
147
142
162
136
159
156
151
145
141
154
311
307
345
368
294
203
202
167
168
160
159
184
196
194
185
183
212
211
228
229
244
255
254
245
287
287
304
321
321
305
344
344
359
359
377
370
388
388
403
397
397
420
419
419
419
441
451
452
452
453
454
473
472
491
491
510
504
521
515
519
526
532
534
539
520
503
498
513
543
597
592
594
604
602
593
584
581
589
582
590
565
583
570
578
570
581
571
582
575
575
569
589
590
572
595
586
580
590
583
573
586
583
590
588
579
586
574
582
558
565
574
563
565
548
482
482
498
499
512
511
507
521
519
504
509
512
520
507
516
515
522
458
386
444
336
192
362
451
386
344
319
423
339
293
269
267
258
252
220
505
404
497
201
181
162
499
376
428
300
307
480
206
232
471
170
504
347
415
378
283
244
413
417
432
428
421
431
346
406
432
254
254
424
206
209
293
235
235
237
261
261
276
276
296
297
308
308
329
329
345
343
343
371
372
389
389
405
405
423
423
438
438
455
451
470
481
470
488
489
488
515
515
537
531
546
538
544
539
553
551
570
563
560
544
542
555
550
553
544
550
553
547
546
541
544
547
555
542
528
546
549
523
538
536
547
540
551
545
552
540
554
555
552
546
533
550
542
541
546
544
533
542
523
514
523
542
503
527
520
537
519
542
523
524
516
514
522
521
523
535
528
518
513
529
517
515
528
528
518
535
536
530
532
518
537
521
527
516
521
510
524
511
526
519
525
501
518
521
513
513
509
516
512
518
514
512
499
508
526
508
509
498
503
509
480
502
500
511
516
509
507
502
517
511
509
515
508
498
522
518
511
514
497
512
507
507
520
509
520
529
523
512
502
520
523
525
523
531
521
524
531
547
537
536
541
536
557
535
558
521
527
550
545
556
555
551
559
560
549
555
549
555
554
552
568
547
550
558
550
565
563
553
570
562
559
549
545
558
556
542
548
546
546
563
552
548
565
536
560
534
557
549
565
566
550
532
571
540
536
535
554
549
563
548
559
549
546
559
553
542
541
541
536
543
536
547
539
537
526
542
558
531
556
542
552
549
545
555
561
546
563
556
560
568
576
560
576
561
564
563
573
576
576
570
557
572
565
586
568
564
574
569
559
572
561
572
568
572
581
587
582
597
586
602
592
603
596
591
591
572
585
555
594
585
572
593
582
592
576
585
582
585
592
561
579
579
573
587
570
580
568
579
567
588
556
577
574
560
548
537
478
560
390
518
364
269
418
376
351
583
326
349
297
279
440
255
431
246
220
411
202
210
236
181
527
163
140
485
131
115
379
498
464
318
311
454
503
576
154
398
354
174
190
299
351
391
364
210
152
157
171
172
187
187
202
202
199
222
213
214
244
244
268
267
287
287
306
299
320
321
341
340
359
360
379
379
399
399
415
415
437
437
456
468
457
480
480
500
500
500
528
528
551
549
564
565
583
540
461
548
513
279
212
185
423
402
378
374
355
340
298
312
562
253
456
245
228
478
199
498
162
176
437
392
570
331
324
504
271
266
208
152
448
417
501
218
522
531
294
387
350
312
335
131
321
370
32
34
343
369
53
33
33
34
34
254
5
14
27
23
42
57
57
49
72
57
76
75
177
169
183
175
183
180
171
202
196
198
198
217
211
211
227
226
225
244
253
253
271
271
287
287
299
299
296
318
327
330
330
331
318
368
368
378
384
384
399
399
399
389
308
254
244
330
397
301
294
398
261
397
262
400
261
396
364
211
400
202
348
188
174
319
145
399
396
395
303
289
366
235
217
224
356
188
182
169
378
373
278
322
341
359
396
396
403
391
222
168
319
189
183
183
202
202
220
220
234
232
243
243
244
250
252
259
259
252
294
293
308
310
310
330
331
343
343
362
362
379
380
396
396
414
415
431
431
451
452
467
468
486
486
495
500
481
499
500
482
487
502
502
491
489
496
491
504
496
496
512
495
505
499
483
507
495
493
513
506
514
503
489
505
512
501
511
519
509
513
502
512
501
493
508
496
499
507
502
491
509
499
487
502
498
502
507
515
497
514
499
499
515
503
496
506
489
501
493
505
504
503
494
494
502
475
490
498
491
491
496
494
493
487
500
507
472
492
489
499
491
482
495
498
482
506
494
497
509
491
501
496
505
499
492
500
490
496
485
502
496
505
496
497
498
498
504
485
502
503
491
472
485
483
498
491
491
507
500
517
505
501
508
493
501
495
502
510
502
496
504
512
501
482
510
496
486
489
496
482
474
493
476
486
479
491
465
462
472
468
457
475
483
458
491
479
488
471
462
473
469
472
460
476
460
478
475
465
469
463
473
463
460
472
468
480
471
466
475
471
468
478
472
447
466
451
467
464
472
473
466
473
473
485
474
485
478
480
476
491
488
492
466
472
487
430
463
449
482
450
450
447
469
470
480
472
476
470
469
474
476
469
475
450
458
453
454
466
464
459
472
467
461
441
461
437
459
460
465
462
472
469
465
459
449
432
450
460
448
454
457
450
462
443
441
448
442
450
431
451
449
443
448
427
416
431
9298
9300
9301
9309
9300
9315
9291
9270
9298
9236
9201
9180
9155
9222
9301
9085
9248
9022
135
9146
9222
9205
9131
9112
9105
9241
9187
9074
9062
9053
9066
9052
9026
9177
9008
9167
98
9160
9291
9125
9124
9101
9087
9192
9279
9228
133
9306
9006
114
9094
9031
152
9250
9140
253
219
218
235
184
200
199
214
192
189
176
211
257
255
272
279
281
281
272
306
307
323
323
339
339
351
351
362
361
376
375
393
394
411
412
430
428
429
458
458
477
477
496
498
515
515
535
534
547
547
523
534
535
540
536
534
543
539
558
565
559
511
506
521
508
515
497
525
518
522
514
504
496
533
536
524
539
531
540
551
541
548
549
542
536
554
544
540
550
543
551
559
545
545
551
541
532
537
540
546
552
565
564
554
550
537
547
574
556
554
566
567
557
556
566
578
563
571
575
558
574
572
575
578
571
581
570
584
573
583
573
589
574
590
581
592
576
588
578
572
563
567
567
579
581
568
581
580
596
585
576
581
583
571
565
534
532
491
501
570
412
343
307
334
439
480
323
283
294
527
431
279
396
265
225
474
242
217
189
512
207
377
154
145
111
362
451
416
253
218
184
351
176
134
464
301
245
125
389
165
359
380
297
171
186
223
145
137
138
132
135
133
137
137
136
83
109
133
136
138
135
131
127
138
123
122
132
132
105
90
87
83
139
138
167
140
135
126
107
88
84
138
138
128
138
125
91
140
86
280
295
320
297
219
148
139
137
163
163
180
162
181
177
197
201
201
216
228
223
226
228
248
248
263
255
262
277
275
277
297
297
311
309
311
333
333
350
350
366
367
382
382
394
394
394
418
418
434
428
445
444
457
457
456
453
441
467
455
467
466
475
466
459
463
460
422
462
452
438
463
455
450
457
444
452
463
471
470
469
480
473
483
482
471
481
481
475
484
477
481
478
493
483
500
486
499
497
500
490
500
494
504
502
494
485
505
499
500
512
507
502
498
513
505
510
510
503
504
513
507
500
505
514
498
526
503
513
503
501
513
506
498
501
493
487
482
511
487
495
505
497
499
506
504
492
496
492
481
487
477
483
496
492
482
491
482
470
485
479
464
490
476
470
496
487
477
485
491
468
498
480
491
489
494
499
470
498
496
515
504
517
511
516
526
532
523
500
517
531
523
527
532
532
525
535
540
540
547
539
552
536
537
547
552
561
556
567
559
568
556
565
555
549
567
555
564
542
559
559
559
528
567
547
517
557
575
551
541
556
554
550
548
554
542
541
509
556
524
536
545
544
558
549
551
557
557
546
552
543
552
527
539
520
546
549
541
563
531
545
511
398
392
378
355
328
287
317
264
234
219
220
501
189
159
152
400
557
278
244
251
464
383
435
358
340
460
186
168
404
490
133
284
399
483
523
224
526
209
166
318
284
369
477
402
403
209
13
15
35
23
10
28
10
10
11
6
7
5
7
18
31
37
32
51
43
50
73
70
83
71
83
84
95
110
214
211
189
213
208
187
218
194
199
202
248
239
256
254
270
273
277
285
278
304
303
322
320
337
337
359
358
377
393
392
413
412
435
434
449
451
462
473
484
485
500
505
499
522
521
541
541
564
565
563
575
585
563
542
545
576
540
541
540
534
521
516
541
555
546
543
555
561
552
554
563
564
551
559
535
521
553
543
545
537
512
537
527
531
528
531
532
539
527
543
530
544
535
525
517
492
515
504
509
540
518
537
523
536
544
532
553
538
540
555
546
531
539
546
559
568
550
568
574
552
559
540
535
549
538
538
545
530
450
509
488
480
457
436
540
499
547
466
562
518
533
537
533
535
517
532
530
550
548
535
563
539
532
520
528
536
534
512
531
539
527
542
522
511
528
522
489
501
522
516
524
496
515
522
517
451
527
525
429
489
412
465
452
482
497
496
482
466
529
493
450
441
510
351
523
274
251
241
213
213
425
440
289
411
280
464
398
283
489
388
379
218
230
365
214
503
212
210
211
326
333
478
158
151
457
302
281
530
349
167
320
372
406
263
177
247
410
410
320
329
234
194
210
212
222
221
209
210
229
229
250
250
267
266
285
285
295
293
312
313
332
326
326
318
321
323
313
319
324
324
296
277
318
319
182
311
320
324
308
316
305
313
304
285
333
313
246
311
210
226
201
169
161
138
315
307
313
275
252
195
143
314
318
265
325
126
305
238
147
383
322
233
170
133
120
123
122
122
231
123
120
119
108
120
121
233
123
122
118
122
129
126
109
111
124
108
106
103
102
98
96
118
131
170
234
133
232
111
106
101
96
123
108
104
95
118
100
111
363
364
312
186
141
94
115
131
148
155
156
174
174
190
190
211
210
226
227
244
257
269
273
269
298
298
320
313
331
331
337
348
347
342
339
386
379
396
386
386
397
417
432
431
441
441
460
459
474
474
470
475
471
507
507
523
522
540
532
540
514
521
557
541
541
552
543
549
549
549
552
535
539
565
539
534
553
545
529
534
528
542
536
528
546
538
561
550
565
518
502
536
437
475
392
346
242
392
361
442
436
495
295
306
416
278
276
429
257
457
400
252
236
225
439
468
216
192
367
176
360
167
354
480
316
564
336
564
193
186
507
154
334
285
365
364
423
341
444
232
162
178
180
197
190
184
188
181
179
192
188
166
179
177
183
177
178
178
184
179
177
181
176
176
187
166
180
166
167
164
190
160
178
188
178
185
178
197
179
184
175
173
182
180
182
184
165
182
351
340
359
397
395
315
327
340
340
357
195
201
195
215
214
214
213
214
251
250
275
274
297
296
315
314
331
332
348
347
367
366
388
388
406
407
419
411
414
437
437
451
452
453
462
463
479
478
480
507
506
525
520
537
537
555
554
567
569
567
561
567
555
570
556
539
516
537
571
540
534
547
532
547
535
531
548
547
528
541
530
538
515
520
528
534
524
530
537
546
537
553
545
558
550
545
556
542
547
554
571
554
559
573
562
577
541
570
550
562
551
564
556
550
564
552
544
564
544
565
562
557
558
571
574
563
572
564
565
574
555
579
516
552
498
536
575
508
509
556
568
561
573
558
577
576
578
569
579
555
575
572
562
570
564
579
563
565
554
563
572
564
548
537
424
486
385
374
415
372
375
375
471
453
314
324
301
435
282
272
252
258
568
238
219
412
218
197
169
182
529
161
151
515
373
552
294
500
504
513
192
463
440
241
410
374
403
404
410
423
446
351
251
180
203
198
197
216
220
217
246
247
271
271
290
293
309
308
326
326
347
345
348
379
379
400
412
400
413
440
441
436
437
439
446
437
447
481
487
489
486
517
517
534
543
541
554
535
531
476
420
398
377
328
557
508
371
360
479
345
477
543
316
300
295
272
286
444
429
564
193
225
493
179
157
408
192
555
348
517
452
193
189
189
165
391
486
254
243
191
320
395
393
413
444
474
465
386
260
181
187
203
203
225
224
243
241
242
240
242
276
270
289
291
306
307
326
326
328
346
345
360
365
381
391
390
413
413
435
434
435
470
470
471
485
485
484
508
508
526
524
543
544
556
560
562
560
554
571
559
569
557
570
526
541
559
502
536
478
550
500
537
481
507
463
536
524
535
542
541
533
519
515
543
545
535
543
529
530
536
525
524
522
529
531
525
528
533
531
529
547
518
534
533
547
550
515
531
538
536
540
524
420
531
291
521
436
405
382
337
367
434
324
302
279
258
431
244
217
430
428
187
460
428
188
410
393
353
435
293
264
236
491
225
198
435
346
430
317
203
421
401
358
283
96
97
98
101
105
107
108
348
403
358
98
100
100
104
108
93
95
402
286
109
94
103
95
100
95
101
389
350
97
105
102
97
93
357
12
10
9
41
20
41
19
43
57
30
92
80
145
136
168
165
180
185
181
182
175
182
172
178
177
157
158
166
142
166
175
165
175
167
184
164
175
159
159
175
167
158
160
150
145
149
159
143
166
166
178
172
175
158
158
176
158
183
181
143
167
159
169
166
378
367
406
390
182
180
182
181
181
216
201
217
213
216
242
243
258
259
280
280
297
298
316
306
307
339
339
359
358
360
387
386
404
403
418
418
436
435
452
452
464
476
476
495
495
517
517
534
544
554
553
576
573
577
559
540
525
525
561
546
583
507
511
572
565
563
568
565
562
556
547
552
562
554
560
554
527
542
538
550
551
541
548
539
555
541
554
546
544
528
546
545
530
522
531
506
528
519
533
522
528
519
541
540
516
513
506
507
527
528
552
563
563
558
584
568
568
571
573
544
560
533
570
555
552
558
543
566
556
566
554
571
568
559
566
564
565
568
573
578
564
585
587
592
580
596
588
591
613
606
610
614
599
613
600
609
591
602
598
596
592
569
561
549
583
567
578
590
578
554
553
583
583
599
589
604
590
619
605
610
616
647
660
652
663
648
665
629
637
652
648
648
645
647
609
633
624
638
563
539
589
608
535
577
595
556
590
591
589
597
588
596
605
606
590
584
599
597
587
597
577
594
582
584
592
583
558
537
551
554
542
509
494
491
503
503
482
496
495
501
507
505
503
504
506
515
500
513
498
487
480
473
489
489
504
504
515
517
515
511
517
513
495
501
510
469
483
519
509
504
499
512
505
510
500
517
509
507
524
523
517
514
524
529
519
525
519
523
516
520
515
524
521
515
525
516
530
520
529
527
533
520
512
527
524
502
517
519
512
527
511
523
506
505
497
514
510
525
525
523
533
532
530
536
530
539
528
549
550
549
544
541
550
538
549
533
544
551
555
546
548
545
553
547
553
547
551
543
549
543
537
534
544
543
550
535
543
542
538
547
541
540
543
539
535
541
534
546
528
534
517
527
539
538
532
521
532
525
523
528
517
523
514
519
509
518
501
517
510
505
514
488
472
451
510
497
446
490
465
482
487
496
500
490
487
473
480
480
490
509
496
481
491
498
491
485
496
491
502
504
506
502
494
500
494
477
500
488
493
469
480
490
472
486
485
485
475
467
493
484
487
502
488
448
462
470
461
469
461
461
494
495
506
504
512
510
497
497
511
501
513
506
517
508
520
510
524
488
498
490
509
507
492
503
518
516
499
513
518
515
503
517
511
512
524
533
528
523
536
522
535
526
523
536
536
523
533
514
530
530
539
529
538
526
526
531
520
538
537
532
523
535
535
517
524
521
512
533
543
542
549
536
531
533
528
536
538
521
524
536
533
525
533
537
517
504
523
527
529
523
531
533
530
524
522
529
528
518
531
523
537
528
538
536
539
536
549
530
541
545
545
543
548
546
548
539
554
541
548
538
548
544
544
549
549
547
551
549
560
541
555
544
545
557
565
554
566
545
551
558
552
535
544
545
553
542
555
535
545
537
534
544
545
535
541
542
544
537
541
538
527
536
532
534
517
545
528
527
534
515
523
539
532
526
529
523
509
516
526
502
528
511
488
472
485
500
484
479
511
492
509
462
478
493
492
473
489
503
479
488
493
492
496
489
496
494
489
482
490
494
500
486
487
501
489
477
496
495
487
482
495
492
486
496
488
489
490
504
495
505
502
514
487
486
492
500
479
493
509
495
494
513
515
518
502
528
501
522
515
535
517
515
530
525
516
527
519
536
526
536
527
536
524
531
524
537
531
530
536
538
534
530
521
534
520
534
527
515
528
519
517
504
525
533
521
533
530
532
552
530
536
527
517
505
526
520
521
533
520
531
519
519
513
510
528
525
501
522
517
512
499
509
511
502
515
508
497
502
510
507
501
511
511
488
510
500
509
496
473
485
503
485
484
502
497
499
507
506
493
497
497
492
505
493
503
485
473
494
497
485
495
497
489
480
490
501
497
490
475
483
491
491
492
481
489
480
491
469
488
471
480
482
484
481
485
479
484
488
478
485
482
488
478
463
458
473
484
479
471
485
481
486
493
488
495
483
500
475
453
468
460
494
486
434
470
494
482
487
482
466
473
470
488
479
492
482
487
481
468
469
473
471
477
469
469
470
476
495
481
496
484
500
499
508
494
508
488
494
485
476
477
483
483
477
474
482
485
457
455
464
460
460
477
478
474
466
493
486
501
502
522
497
495
495
509
507
510
499
490
506
515
514
500
514
515
523
497
522
507
501
509
501
490
497
498
512
511
506
518
504
511
523
513
525
517
526
514
521
526
524
520
509
517
510
520
502
510
520
515
532
513
528
516
527
523
515
496
504
512
510
519
495
513
519
530
522
527
530
530
520
532
531
525
534
528
510
505
523
514
515
510
503
514
508
519
509
496
522
507
522
508
519
517
504
512
495
500
507
516
502
489
510
509
494
511
500
503
518
516
520
525
512
511
510
494
507
513
517
506
513
507
524
514
531
515
524
530
519
524
526
512
527
519
523
527
526
517
525
524
536
524
533
528
546
532
540
548
527
537
520
540
527
529
544
539
524
540
535
545
538
548
539
544
537
540
535
533
544
543
531
542
529
528
544
541
529
541
529
537
533
538
527
514
535
526
540
538
545
557
530
532
542
537
530
534
528
535
527
537
526
520
534
515
531
525
534
522
529
497
517
518
510
516
520
499
521
483
512
496
501
495
496
495
489
492
482
477
483
482
460
479
489
483
476
483
469
480
465
472
449
456
474
466
462
465
466
462
468
457
462
450
469
458
463
445
457
457
452
455
464
455
444
437
454
442
457
438
451
452
463
452
452
443
460
467
456
460
473
460
475
444
442
463
465
466
454
462
454
468
447
454
449
452
457
447
458
443
448
456
465
460
455
457
453
440
445
452
463
465
458
472
460
471
466
465
469
459
471
465
464
459
468
468
469
466
464
465
457
465
448
459
460
464
470
474
473
480
457
467
456
463
475
464
471
466
470
464
474
465
461
457
468
471
471
475
457
469
461
468
460
463
457
22141
22155
444
22146
22155
22197
22200
22214
22207
22269
22243
22246
22239
22284
22253
22153
22157
22271
22130
22128
22135
22131
22132
22118
22119
22110
22101
22098
22094
22084
22085
22075
22073
22070
22065
379
196
22201
22256
22155
22175
22232
22217
349
349
22217
302
261
187
22194
22146
22184
22226
348
22146
287
275
22147
22185
22270
6
8
9
28
7
5
24
13
7
27
38
77
63
70
64
17
74
78
10
16
33
29
41
45
45
23
9
38
8
42
7
20
15
6
16
49
50
10
18
12
11
32
35
41
50
50
61
56
78
98
103
114
136
146
185
183
185
196
201
205
203
225
236
227
224
222
253
251
263
262
277
276
286
283
280
291
299
301
310
317
316
317
337
339
351
351
366
363
366
374
388
389
374
389
415
415
435
435
450
461
461
477
476
491
485
497
499
495
509
494
493
511
507
506
518
496
509
502
514
497
503
509
486
468
510
497
495
507
513
504
497
514
506
501
521
507
497
501
504
509
501
494
507
508
502
509
503
494
508
498
497
497
488
495
490
497
506
489
496
486
501
489
488
495
491
485
490
488
484
488
466
485
476
474
467
463
483
499
490
493
489
487
487
492
499
499
503
510
509
501
512
490
512
502
500
511
518
516
504
517
513
493
515
483
506
515
505
516
521
515
517
506
517
512
494
508
512
513
498
517
514
521
519
512
496
514
521
504
512
508
521
514
513
537
523
529
520
523
515
506
507
510
499
506
507
504
499
506
503
497
512
498
508
496
507
507
517
507
514
512
516
511
503
511
531
522
508
523
525
521
521
528
535
520
536
530
534
533
526
530
520
516
520
521
520
527
516
532
517
533
533
546
540
555
541
556
546
557
509
522
536
530
547
552
545
552
546
551
558
557
552
556
563
549
561
563
548
569
566
564
557
551
560
558
548
544
560
546
555
548
547
560
550
564
554
563
550
564
552
564
565
565
551
574
567
575
532
562
573
554
553
570
571
586
580
590
581
592
582
598
585
592
599
588
574
578
585
578
590
579
591
580
562
580
561
596
597
590
598
592
600
591
583
589
579
597
584
583
597
571
595
575
585
574
580
577
580
570
561
586
565
547
559
562
557
555
558
544
553
521
548
526
540
556
546
552
546
553
542
546
555
527
503
550
512
536
548
539
547
541
551
549
549
556
551
546
555
546
560
558
538
546
504
524
516
501
539
507
527
535
517
535
530
539
528
503
523
515
536
519
532
532
535
512
507
516
500
518
521
508
512
510
506
498
518
518
529
527
525
513
508
487
498
495
518
515
522
520
521
513
504
518
507
533
532
549
519
527
510
527
523
530
534
521
516
515
531
531
545
536
550
541
544
552
550
555
562
563
564
541
563
539
553
547
532
547
557
553
566
567
567
575
562
564
550
564
552
560
563
562
566
556
553
557
562
567
561
569
558
575
565
579
563
576
566
575
569
585
569
560
571
587
571
581
581
579
583
573
585
576
582
582
581
592
575
591
590
577
595
576
589
583
607
596
604
588
579
595
587
594
587
590
595
607
587
592
588
573
600
584
579
594
575
589
586
572
579
597
595
580
558
591
583
573
582
581
563
537
554
576
560
564
556
554
482
566
461
542
504
529
453
502
516
519
513
499
528
522
510
484
445
437
431
522
411
502
534
497
473
419
471
486
502
509
517
499
510
496
510
492
492
502
506
511
514
493
489
507
516
513
504
514
507
492
510
510
529
510
504
498
497
520
531
521
527
508
521
520
499
505
502
464
483
477
476
497
495
498
522
521
548
547
538
557
554
557
546
559
545
555
558
564
543
562
546
565
564
580
571
563
553
567
569
541
489
461
365
469
326
415
433
387
198
392
150
145
147
135
127
122
563
285
262
263
530
250
227
464
205
217
496
371
157
552
347
350
509
493
296
323
290
393
235
394
192
171
477
337
256
177
519
15
452
152
138
160
155
164
165
163
193
193
195
197
236
236
238
261
261
274
274
292
293
309
308
328
328
344
344
361
361
384
383
390
391
412
412
425
426
443
443
464
464
486
485
506
514
514
535
545
546
558
559
571
559
557
556
571
545
566
559
574
573
590
558
553
572
562
559
571
563
565
545
555
555
541
549
563
562
564
567
565
561
579
557
575
571
563
562
578
570
559
547
550
559
523
528
506
540
535
535
547
544
548
542
541
552
544
536
524
534
545
549
536
539
544
554
546
558
545
566
555
574
564
569
547
572
561
549
548
554
565
552
552
562
550
553
528
521
549
538
553
568
544
561
542
548
548
555
570
576
572
575
568
559
576
569
573
580
577
573
583
564
578
546
565
574
562
538
562
545
548
544
553
552
538
557
549
549
558
566
539
530
542
532
543
536
534
539
525
523
540
531
537
522
528
536
536
518
516
533
528
516
526
515
514
513
522
498
519
519
510
520
518
497
512
521
521
525
523
527
520
512
529
520
528
528
550
533
545
532
552
542
538
552
536
547
565
559
552
555
568
575
567
570
561
585
571
575
580
586
577
582
538
565
559
547
577
538
573
564
553
548
574
576
559
567
556
553
569
562
561
563
559
542
537
551
528
546
534
546
532
547
548
538
529
551
544
548
540
541
522
534
529
540
556
546
553
555
549
558
546
556
556
572
534
552
560
556
562
555
572
558
586
569
573
553
580
573
545
534
562
572
544
561
551
555
536
553
561
480
519
489
467
544
561
526
530
509
539
544
548
535
542
535
521
509
520
501
496
510
505
492
500
499
480
496
488
478
465
468
486
499
481
469
465
484
465
462
465
440
482
480
434
455
479
473
473
483
463
454
445
443
459
451
446
472
472
492
490
484
490
496
483
490
485
492
485
500
486
486
499
490
498
496
476
489
473
487
456
507
500
514
506
518
513
525
516
531
526
520
498
498
499
532
533
547
536
549
543
555
541
548
558
551
543
537
541
551
550
542
529
550
544
544
550
540
552
541
551
554
562
550
562
551
569
558
575
537
558
550
562
549
564
544
547
507
473
457
421
209
187
355
531
373
340
467
435
500
310
291
311
450
263
250
399
240
243
481
195
168
539
367
343
326
303
516
429
223
190
348
270
490
410
282
384
420
439
432
463
456
461
454
460
379
447
280
230
239
238
260
260
259
287
287
302
299
302
296
298
351
322
340
353
341
353
384
383
392
391
393
419
420
436
436
457
457
470
450
473
452
453
454
472
454
517
517
537
538
547
540
547
545
450
359
303
188
502
379
420
375
475
347
509
323
283
282
441
528
259
234
541
518
230
423
215
191
189
185
264
540
400
356
317
476
491
306
276
249
431
192
425
456
421
442
459
462
458
503
499
507
501
434
184
200
199
214
212
227
227
241
241
241
279
277
279
278
319
318
338
338
329
361
361
373
379
391
391
412
413
427
412
435
434
453
452
462
462
483
482
496
496
495
497
534
535
558
557
575
568
577
565
574
580
587
577
591
578
581
588
567
595
583
594
588
561
563
586
555
575
565
569
581
577
571
583
573
588
576
580
588
589
572
588
575
592
584
595
584
585
597
593
583
598
593
594
541
548
542
538
591
499
482
582
411
336
146
169
462
346
352
444
568
293
441
317
431
279
260
237
326
413
493
192
177
399
166
563
397
375
394
365
510
300
531
253
228
203
131
472
270
522
213
339
348
37
39
38
38
39
39
50
39
39
31
28
38
40
29
30
226
16
29
37
54
52
54
79
142
171
165
168
174
187
188
200
194
200
217
203
218
218
235
235
243
246
247
269
270
279
285
285
306
307
323
325
339
345
346
360
364
362
364
388
387
402
402
417
414
421
423
440
440
459
459
477
476
493
493
501
505
510
482
499
491
504
489
497
497
491
499
486
498
497
490
505
516
494
504
504
510
508
488
504
417
418
493
368
321
438
476
341
399
279
291
265
467
349
249
250
412
221
457
202
182
175
385
384
189
374
329
490
259
299
225
202
450
278
204
172
396
309
359
382
353
120
81
40
82
335
346
318
80
59
43
38
36
307
241
240
366
49
368
41
38
322
311
4
22
19
35
37
53
61
82
76
76
56
56
56
61
92
57
55
56
57
89
68
61
91
46
45
52
58
59
75
69
56
93
45
56
54
56
5
5
37
29
30
43
42
44
32
12
27
39
36
5
8
15
5
19
21
8
18
44
51
63
48
40
39
45
56
29
26
29
16
42
37
44
55
37
7
4
5
3
29
12
9
8
13
21
16
4
3
13
3
3
2
8
6
24
24
31
37
33
38
55
75
87
80
87
86
96
107
109
118
117
128
152
193
199
202
214
211
219
211
219
209
213
220
234
235
222
255
248
249
267
256
282
281
281
302
303
299
298
300
337
338
350
357
356
374
373
387
388
385
408
407
426
424
439
440
453
450
453
479
479
480
501
501
504
518
494
482
484
498
509
502
510
504
520
506
514
501
505
508
511
514
501
504
491
487
498
487
486
496
492
504
504
511
497
505
504
500
507
507
517
511
505
515
513
496
508
512
505
509
502
490
507
502
494
513
510
521
526
507
513
502
511
509
501
511
509
499
512
503
503
513
505
507
502
507
519
513
527
515
501
526
491
501
501
501
505
499
502
489
503
491
503
495
505
501
518
495
505
510
487
520
512
511
508
529
521
517
504
503
498
499
509
504
510
516
509
520
507
506
514
508
499
517
515
513
501
511
510
507
515
498
512
522
507
502
504
495
479
510
491
508
508
502
510
499
513
512
515
514
503
499
512
509
502
486
506
497
509
501
519
506
503
523
504
513
492
512
502
492
498
518
505
515
508
527
512
522
513
505
513
506
522
517
520
527
535
528
532
530
519
504
499
538
520
530
514
521
521
532
523
531
522
533
520
529
535
538
531
528
542
530
541
520
538
533
530
536
553
544
537
531
545
535
546
534
538
533
543
543
538
551
543
546
534
542
545
538
543
555
527
558
545
541
547
546
536
539
544
542
535
539
531
523
536
534
525
532
513
521
543
527
540
538
535
533
539
524
524
535
538
527
526
534
522
519
530
532
533
523
531
533
531
523
538
530
522
537
526
540
531
530
530
539
528
540
530
536
540
516
539
521
528
523
519
538
528
513
525
532
530
526
532
534
530
535
524
527
519
533
528
522
530
473
537
484
495
527
511
505
524
516
519
516
513
514
510
505
488
493
497
499
494
500
493
497
502
499
490
486
496
518
509
516
498
506
506
516
491
450
250
401
330
455
323
466
322
320
431
474
300
287
272
266
410
501
251
393
419
242
224
203
384
206
350
520
314
312
440
251
229
184
365
282
493
214
321
378
390
369
378
386
418
425
416
438
444
184
185
378
428
211
208
212
207
212
237
238
249
240
239
262
258
277
277
295
295
314
313
329
324
343
342
359
360
360
384
393
394
392
422
423
441
441
397
430
439
450
382
356
344
400
341
448
315
439
311
290
299
436
278
257
249
215
271
205
176
189
438
384
388
447
355
301
410
196
410
436
450
233
352
236
392
396
373
362
70
341
54
55
63
322
63
63
63
260
61
63
50
316
75
257
334
57
392
61
58
394
53
61
314
353
15
30
43
57
39
43
41
43
50
56
63
35
65
32
32
52
67
55
28
34
5
21
38
40
45
51
68
66
83
138
147
162
184
182
191
184
195
196
210
201
208
207
221
222
223
247
247
255
257
254
287
286
298
304
312
314
313
332
346
346
364
365
385
385
405
399
398
398
379
359
242
332
330
399
310
299
406
281
295
277
390
400
254
378
240
216
210
397
173
152
385
369
191
353
341
391
398
261
406
379
154
151
400
315
251
388
196
181
356
389
395
411
399
398
329
246
165
181
178
197
197
211
211
229
229
248
250
270
268
290
290
301
307
300
331
331
356
355
374
371
373
396
394
394
417
416
434
414
434
455
456
456
477
478
481
478
479
498
497
482
526
519
520
488
482
514
506
520
493
516
510
513
490
456
397
362
329
322
502
199
495
161
115
448
257
244
244
236
352
220
208
329
430
475
314
175
311
208
174
147
145
464
290
260
386
375
432
219
196
297
405
168
413
113
278
289
235
128
345
329
337
243
166
174
128
140
140
159
158
174
172
189
174
190
213
213
231
232
235
250
249
248
270
250
270
293
294
313
313
333
334
350
350
368
376
369
369
381
404
404
424
423
438
446
446
454
465
465
459
491
495
495
512
512
518
503
511
526
505
513
531
525
527
535
487
524
516
503
518
511
519
517
534
503
518
515
510
502
514
510
508
500
508
490
489
500
489
480
457
506
484
475
489
480
492
484
500
491
488
488
494
486
476
485
501
493
502
500
509
498
489
490
501
497
494
496
499
488
495
494
490
471
472
498
489
501
500
503
499
503
499
511
509
513
513
530
531
536
512
516
524
503
517
519
522
510
516
519
518
518
517
498
498
508
511
500
513
491
506
498
484
501
492
507
495
503
484
493
488
493
504
503
500
512
487
493
505
495
496
487
495
489
495
494
492
494
485
495
492
480
495
488
494
476
500
480
487
480
487
480
476
490
494
492
479
496
487
506
499
498
499
503
491
497
490
497
495
493
502
485
468
479
475
473
486
476
457
455
478
481
481
470
478
478
467
460
473
474
466
474
470
465
478
465
479
476
461
468
459
470
477
483
462
467
454
471
470
464
475
478
470
479
468
484
462
482
484
474
474
475
486
488
493
500
499
496
496
496
504
482
500
492
496
497
485
506
500
499
495
495
504
497
499
496
498
488
496
490
473
485
492
498
484
496
484
492
502
485
477
466
490
466
476
483
22042
22027
22043
22031
22060
22056
22038
22068
22055
22061
22063
22057
22062
22065
22048
22058
22068
22056
22065
22057
22034
22048
22056
22110
22110
22101
22109
22111
22109
22097
22109
22123
22120
22118
22108
22127
22133
22117
22124
22119
22133
22126
22115
22091
22129
22095
22104
22102
22126
565
582
546
537
545
563
570
553
578
554
549
543
527
540
532
532
530
543
529
537
523
539
464
475
530
522
465
475
463
485
487
461
465
469
454
468
462
452
507
501
494
512
502
463
472
481
501
473
470
513
504
520
517
530
521
519
509
510
519
529
524
543
542
507
551
554
557
542
529
560
554
550
554
565
556
550
528
571
526
565
565
579
568
568
580
577
486
515
496
468
496
507
465
558
576
482
546
549
531
520
517
492
480
496
504
482
505
523
521
515
507
515
501
501
496
498
507
492
501
502
512
501
509
502
503
517
499
499
511
498
487
506
493
508
502
481
456
475
475
465
455
466
469
469
487
487
492
492
491
498
470
493
466
468
476
477
493
487
502
491
476
505
503
500
493
497
487
481
492
480
491
479
478
490
486
480
489
485
495
489
501
494
504
506
506
495
503
512
513
502
511
476
492
518
518
537
520
527
517
531
525
523
531
526
523
509
527
516
529
514
523
517
528
517
528
530
529
531
526
535
526
536
534
541
531
537
532
537
525
532
517
515
518
516
497
527
516
519
517
526
513
520
514
522
519
501
520
511
520
506
512
518
522
515
511
523
518
525
517
524
521
518
527
526
517
526
513
523
521
518
525
528
527
531
529
533
534
539
540
546
536
554
546
564
562
555
544
555
547
531
544
551
549
545
532
537
548
542
536
556
544
549
539
543
545
546
540
541
546
536
518
528
546
544
537
544
537
543
539
544
534
535
542
537
514
529
532
518
536
518
531
517
505
515
529
513
524
488
503
488
485
462
473
490
519
522
475
500
489
463
465
483
501
497
496
487
483
501
492
499
497
478
498
486
488
491
473
479
489
490
484
489
475
488
480
494
488
483
489
476
478
489
489
477
487
487
488
473
474
474
492
492
489
521
520
548
529
547
545
551
536
558
529
528
542
543
543
525
535
535
532
538
532
531
546
536
551
555
546
556
550
558
560
563
556
563
556
559
565
567
559
565
563
557
570
553
569
562
566
556
574
555
554
567
549
540
556
562
551
568
557
568
558
563
557
570
564
584
567
563
572
568
579
549
563
537
557
564
561
554
563
555
561
549
546
544
553
532
553
530
560
543
548
557
557
544
554
546
559
543
561
551
548
551
552
540
560
537
542
552
550
541
549
532
551
531
542
528
531
527
517
505
533
527
530
525
542
538
546
543
547
545
534
539
546
535
549
559
545
551
550
557
543
559
552
542
535
564
556
553
561
544
535
524
549
551
549
542
544
531
500
515
387
345
236
494
182
414
400
366
345
336
530
290
334
286
261
251
275
448
226
538
510
212
419
184
429
172
379
482
460
316
473
236
440
210
539
314
358
193
449
395
425
417
358
379
409
378
387
276
364
210
227
261
245
300
240
240
250
256
266
268
280
290
290
284
282
306
305
304
321
284
307
307
330
330
330
329
343
353
352
353
371
371
375
375
383
385
414
414
435
434
454
446
465
465
483
482
483
506
503
508
533
531
535
545
547
539
544
541
546
548
553
528
541
545
536
540
539
557
548
568
542
561
550
558
553
555
569
553
568
535
539
528
535
529
534
514
517
538
559
527
545
567
551
561
550
568
562
566
564
566
555
555
563
544
543
554
496
535
539
518
508
540
550
539
547
554
549
557
548
511
542
531
544
554
549
537
540
532
523
528
532
529
547
548
569
568
575
578
573
593
568
556
571
557
581
558
561
554
555
559
562
550
538
562
543
561
528
537
537
551
552
563
554
544
555
555
545
558
547
543
518
560
533
560
550
536
541
529
537
529
535
532
532
520
527
528
526
523
529
525
536
535
520
525
539
527
543
549
541
550
543
563
554
555
558
546
557
538
560
558
558
565
563
560
566
571
568
542
558
565
566
560
575
543
557
570
555
572
561
572
563
564
580
565
559
546
559
575
569
561
568
555
573
559
570
563
565
564
551
554
564
538
558
545
553
546
563
534
552
563
562
549
542
552
542
551
543
554
557
546
553
542
548
547
551
539
548
533
544
545
539
548
539
552
505
551
514
535
490
515
541
524
530
531
526
536
522
536
534
520
521
534
518
519
527
512
513
527
531
447
524
490
519
460
506
481
481
501
502
495
514
513
516
511
519
518
504
513
474
517
489
505
339
457
271
264
213
220
223
225
224
219
203
199
193
180
179
163
153
141
141
364
391
417
409
326
310
305
322
292
286
378
371
414
415
215
416
350
334
415
481
289
216
355
416
395
416
216
4
9
14
9
19
27
41
53
61
61
49
51
63
44
49
29
45
35
34
48
56
79
75
85
79
62
23
20
18
25
48
23
45
17
32
43
70
80
93
89
94
107
108
110
108
160
179
200
199
215
214
232
229
238
236
247
253
246
257
261
265
261
261
261
261
262
296
296
315
315
332
329
330
360
360
385
386
408
409
430
430
450
450
473
471
489
484
503
503
520
535
520
535
519
556
565
545
561
556
556
560
561
544
550
563
558
564
556
564
555
565
564
559
543
543
550
558
558
558
546
560
544
560
549
560
544
551
541
549
537
539
533
544
502
516
472
442
420
377
532
327
523
213
404
356
339
444
483
309
287
480
432
277
431
256
232
255
410
225
192
491
172
148
179
497
346
304
256
480
205
154
376
447
286
247
386
322
146
363
379
383
295
389
164
164
158
169
162
161
144
144
162
109
163
148
143
157
144
157
170
141
160
158
157
126
120
126
136
119
115
120
114
114
163
157
144
142
143
122
149
111
144
117
145
123
155
143
342
355
381
395
411
411
431
429
443
420
388
274
248
289
263
261
259
287
287
303
285
304
305
322
311
323
324
339
339
355
355
370
371
379
377
397
380
410
419
430
424
441
440
457
457
479
479
501
501
521
510
529
528
537
530
537
541
528
539
536
538
531
531
492
370
292
450
382
412
399
540
461
361
350
307
476
460
281
278
258
439
390
353
318
271
424
407
507
333
480
346
262
522
430
519
457
464
475
478
466
467
468
465
446
467
460
465
455
450
463
436
450
417
414
355
354
372
372
388
388
341
399
345
365
365
380
381
373
363
371
384
384
390
394
382
383
414
412
413
438
438
457
456
472
471
475
482
478
487
478
478
492
481
474
490
483
478
488
487
473
495
495
490
483
489
483
490
479
491
483
498
479
490
487
490
496
473
495
489
493
495
494
499
507
492
492
501
507
513
501
505
485
497
507
504
510
475
500
498
495
493
501
510
519
526
509
509
514
507
497
501
505
511
518
512
510
523
513
506
498
502
506
492
513
466
471
447
490
444
409
442
473
507
498
449
424
495
503
504
499
503
502
501
482
492
487
506
499
503
503
497
515
501
496
494
486
505
486
495
503
495
506
504
491
502
504
502
508
501
519
506
504
506
494
436
457
441
447
456
458
459
479
477
484
479
478
476
477
495
501
501
508
514
519
511
515
504
502
508
486
494
502
500
502
499
492
495
489
500
485
503
485
478
475
495
463
477
457
473
462
400
440
431
459
405
419
470
448
424
436
454
446
449
449
468
469
475
450
467
461
466
455
467
457
462
465
461
431
454
432
469
446
462
475
466
466
461
463
470
458
475
467
449
468
467
469
475
468
470
476
429
468
437
440
459
460
443
477
441
464
476
488
464
479
431
455
447
414
329
328
354
483
419
209
446
132
408
264
319
249
330
230
225
378
216
369
192
308
192
184
174
301
169
153
278
104
114
268
394
328
330
238
328
383
190
291
140
286
271
170
119
159
4
140
138
151
150
168
167
186
185
202
202
218
217
235
234
252
251
269
269
289
288
306
307
316
316
315
344
361
360
377
378
396
396
415
414
433
430
449
448
468
466
483
483
500
500
512
512
534
533
551
551
563
554
552
534
554
550
562
562
551
569
561
555
549
540
563
556
562
552
563
550
563
561
559
570
560
574
539
547
559
545
556
556
544
555
543
542
549
541
554
544
554
562
546
559
550
554
547
555
549
559
549
567
557
552
554
551
546
559
551
556
553
563
544
556
549
547
525
515
538
554
531
545
540
545
545
542
548
530
542
531
549
541
543
550
537
550
548
550
540
552
549
552
540
553
546
552
545
552
545
551
544
549
543
545
543
547
553
541
548
542
549
549
546
549
546
518
547
516
545
545
555
544
554
543
554
547
553
546
552
550
551
560
565
558
564
557
561
546
555
557
549
563
554
548
547
560
561
540
543
552
546
555
552
558
545
542
554
542
553
543
552
546
534
545
547
537
547
551
548
539
549
537
547
541
542
548
547
538
540
542
527
539
515
519
512
521
512
513
508
510
505
494
524
480
514
512
518
499
516
508
515
489
502
511
507
504
490
479
510
507
501
503
487
493
507
500
482
486
502
493
495
498
506
484
506
494
484
494
493
493
509
499
502
481
508
461
475
497
433
430
492
502
463
501
496
492
503
490
495
482
505
496
489
506
493
499
502
505
498
487
505
499
507
513
516
506
514
496
508
507
494
509
501
505
489
485
507
498
505
505
492
503
491
427
481
455
424
424
425
418
435
401
424
341
405
384
375
335
321
505
397
372
425
353
452
467
466
454
475
474
459
456
458
466
471
465
469
475
469
486
483
470
469
442
480
450
451
467
469
470
458
429
469
456
402
403
411
413
413
389
393
407
408
419
422
421
441
443
450
451
464
465
462
463
461
492
469
418
440
391
298
153
453
410
308
438
399
286
380
371
248
250
341
211
235
211
185
333
205
313
135
146
312
152
460
288
491
276
257
483
194
358
171
452
313
257
177
361
340
356
365
386
410
338
170
169
169
189
189
207
206
226
227
248
254
259
238
248
249
256
245
246
248
247
255
308
308
325
326
344
345
363
363
376
375
394
395
411
411
420
428
428
442
439
443
464
463
469
475
471
477
507
502
516
508
515
510
515
505
512
510
501
517
499
469
492
510
467
472
479
492
491
508
509
506
529
518
528
514
525
513
522
511
503
515
514
505
516
504
519
508
516
507
514
509
523
516
505
520
505
515
515
510
526
515
529
519
511
514
521
497
514
518
513
514
521
520
513
510
519
505
514
504
513
505
482
492
511
509
504
515
529
516
528
528
521
535
527
521
527
522
525
526
529
522
518
530
532
524
527
510
498
527
521
491
510
519
508
522
520
526
506
515
519
526
520
531
514
521
512
527
493
521
498
508
511
511
526
517
525
498
373
517
378
152
156
158
149
145
137
138
128
119
278
229
350
413
394
214
427
362
477
335
290
451
486
260
414
194
201
184
176
452
297
423
286
240
225
156
313
289
248
174
327
467
461
280
451
345
