32
34
28
34
30
142
140
141
31
30
31
28
22
63
138
31
116
128
177
155
155
156
171
177
178
195
194
195
184
185
194
184
192
239
238
253
253
273
272
287
287
308
306
325
325
346
344
364
364
381
380
398
399
405
407
416
432
432
453
453
472
472
492
492
509
508
526
526
537
515
528
530
536
507
541
531
504
527
517
536
537
556
549
556
564
579
579
566
578
570
579
571
586
569
567
587
580
564
582
566
580
562
579
563
566
567
549
558
570
562
562
568
570
568
569
572
570
577
574
572
572
583
582
567
570
570
585
561
563
556
558
552
561
554
557
546
533
550
534
546
537
550
541
554
540
552
538
545
537
545
547
543
545
529
539
514
535
549
541
550
544
537
544
542
547
532
554
535
527
506
528
493
542
478
546
513
483
536
547
537
553
547
555
551
546
565
567
560
558
534
522
515
510
499
489
485
479
467
458
444
457
426
434
430
414
499
399
496
532
556
542
553
540
548
535
535
543
487
516
513
512
490
508
508
526
526
526
527
537
524
530
535
538
527
521
427
404
388
404
404
420
418
433
433
402
403
404
404
405
408
430
404
403
433
431
412
406
470
505
498
518
506
543
530
537
550
523
520
531
535
530
560
527
544
549
559
548
573
568
570
565
576
569
595
585
596
591
591
597
606
591
604
557
524
532
522
548
549
571
573
572
570
563
568
568
567
566
602
594
603
560
596
575
565
565
553
565
564
575
585
565
560
557
535
551
516
507
543
537
529
539
520
519
504
509
502
517
505
517
509
599
553
560
582
588
574
598
581
583
593
575
567
603
604
622
622
638
632
635
647
637
646
646
638
634
642
637
645
641
629
631
619
627
632
651
640
626
645
643
661
652
658
653
663
651
640
655
632
657
643
569
542
554
553
572
573
584
585
563
551
562
560
549
516
525
533
509
553
556
554
557
546
553
542
555
550
555
558
553
571
556
556
550
558
541
559
552
546
556
4899
4901
4912
4931
4906
4901
4918
543
4928
4938
4924
4942
4940
4934
4936
4949
4947
4932
4926
4941
4949
4956
4981
4964
4987
4985
4984
4979
4999
4958
4961
4925
4909
4905
4893
4889
4879
4878
4862
4848
4850
4845
4841
4831
459
436
416
417
418
417
410
391
391
365
347
349
344
329
325
317
300
277
277
276
268
259
235
227
214
208
200
194
186
4927
4925
4979
4941
4946
4981
2503
87
96
102
109
117
126
132
137
141
144
148
153
155
79
162
159
165
161
161
106
84
301
301
302
299
300
300
299
365
365
385
258
200
219
218
238
239
257
258
257
258
258
258
307
308
323
336
336
334
335
365
380
382
381
380
426
427
427
427
471
471
491
491
508
507
526
526
554
554
570
570
536
534
569
553
556
549
561
546
561
561
548
547
555
549
557
557
542
559
543
557
550
542
560
558
546
547
541
542
548
545
555
525
560
540
537
519
513
528
533
528
526
534
533
524
508
531
511
518
511
519
518
502
501
524
517
514
517
525
510
529
501
515
507
508
509
498
510
498
500
496
502
501
507
499
484
447
471
510
471
507
462
493
481
479
488
491
488
501
494
483
495
487
498
487
499
491
499
497
477
471
486
500
489
503
491
508
496
504
498
511
503
518
502
499
512
517
503
560
550
550
561
536
568
556
570
553
552
546
567
566
577
582
583
575
590
590
580
577
586
599
599
591
594
589
598
586
601
592
609
585
603
598
604
591
581
592
595
593
597
575
587
582
584
585
587
571
533
584
539
528
509
526
507
516
515
508
513
503
507
491
491
506
486
503
502
475
495
491
485
491
482
495
493
477
471
447
454
472
474
483
476
472
466
478
476
484
471
479
471
470
476
462
484
485
483
477
480
485
480
492
490
493
483
502
490
497
492
496
499
506
505
507
494
508
511
509
506
511
514
509
521
511
519
504
519
493
501
510
507
524
519
524
518
513
524
513
508
522
520
503
513
493
512
512
506
529
534
519
514
520
515
518
519
512
512
524
525
514
515
525
521
516
518
516
509
498
517
486
521
510
523
517
530
520
534
527
539
517
523
534
532
528
536
532
537
544
539
540
541
552
546
558
555
553
544
552
551
544
545
556
557
555
558
552
550
559
550
556
551
553
552
555
558
556
565
562
569
560
557
564
563
554
561
554
559
551
562
560
561
558
559
547
554
561
558
561
560
550
563
558
563
551
564
556
571
571
564
577
562
577
560
556
571
576
561
576
560
576
562
570
564
572
565
569
561
552
542
550
540
551
542
549
547
538
548
545
541
535
534
513
528
536
522
541
524
541
525
536
523
539
523
536
524
532
513
518
508
518
511
511
516
520
517
514
511
495
516
499
508
497
496
508
508
498
498
513
509
509
519
518
517
518
516
505
514
517
512
516
504
505
505
496
514
500
497
477
483
514
507
494
504
490
507
493
506
494
500
493
505
491
500
491
499
493
495
488
491
495
480
498
486
486
497
495
488
493
483
499
488
496
488
484
499
496
493
495
488
496
514
504
509
504
515
504
506
514
503
509
500
512
510
499
509
503
504
495
502
498
501
496
513
508
496
501
497
498
500
501
503
487
501
505
493
493
500
517
520
523
513
508
534
533
519
512
496
463
487
467
519
507
493
496
482
478
469
463
460
452
449
441
438
429
425
418
415
407
408
398
393
384
377
370
359
357
348
349
344
344
329
318
320
306
304
295
294
267
265
241
238
236
215
186
169
151
4
8
1
3
4
3
5
22
286
281
323
322
320
351
352
370
365
387
387
411
410
430
430
432
455
454
473
473
498
498
517
516
527
524
526
553
554
575
574
595
595
618
619
636
635
636
692
698
699
701
707
711
700
695
525
699
701
694
701
576
589
565
570
573
576
553
546
536
568
593
585
593
573
585
580
598
591
592
585
596
591
601
581
570
596
564
551
589
588
599
616
605
621
617
524
526
584
492
472
504
588
500
470
477
504
503
558
579
587
504
588
566
606
596
574
600
577
533
510
516
544
535
553
565
554
577
549
545
527
521
521
523
508
460
457
459
462
465
460
454
415
377
338
340
342
345
346
348
350
351
353
356
358
345
357
538
561
374
396
360
376
417
412
417
418
404
434
377
403
387
387
412
414
428
426
277
282
284
289
294
296
302
305
309
313
317
321
325
330
333
332
332
334
334
336
336
338
338
340
342
343
343
346
340
313
311
304
297
289
277
272
265
265
259
251
240
230
270
432
274
232
428
271
226
4
8
14
19
16
27
26
20
23
25
23
91
110
137
168
187
176
208
168
192
192
215
219
231
242
241
256
256
273
273
289
290
306
306
319
326
356
364
355
377
378
377
405
419
419
432
433
430
430
452
449
473
472
502
501
521
520
542
539
557
551
569
568
587
585
604
597
575
600
533
547
525
550
596
564
577
568
571
565
579
565
562
574
574
573
575
555
546
536
551
542
544
546
533
535
530
541
533
546
524
520
535
498
511
490
518
467
477
468
492
492
483
514
498
479
513
454
473
475
476
489
488
489
519
519
522
530
524
530
509
517
519
519
496
536
502
520
496
508
526
517
529
520
535
525
533
526
519
507
531
515
538
515
528
497
511
512
512
533
532
542
519
523
510
524
514
506
533
517
529
521
534
533
537
540
537
533
518
538
536
547
544
548
552
550
533
561
546
545
537
529
530
509
533
520
531
523
523
534
517
527
517
526
528
523
527
521
523
533
532
540
539
532
560
548
567
544
566
561
557
499
531
506
537
515
552
558
544
556
550
553
541
562
552
554
9126
9134
9235
9233
9220
9240
9241
9229
9230
9231
9238
9237
9226
9217
9219
9211
9201
9221
9209
9227
9238
9227
9306
9315
9305
9298
9303
9273
9316
9259
9216
9208
9202
9204
9281
9293
9233
9259
9271
9262
9263
9253
9259
9240
9385
817
705
701
693
685
682
678
669
661
663
652
649
648
643
639
632
626
620
594
595
585
504
487
487
467
391
365
330
231
218
212
211
211
211
210
212
213
216
218
220
224
225
225
228
791
9345
9380
9359
9366
133
130
133
77
85
85
85
85
84
82
84
83
76
73
71
65
61
45
50
78
11
6
25
30
8
10
8
24
22
8
4
4
21
4
6
8
15
6
6
23
19
23
9
14
8
24
9
2
4
15
12
14
9
20
7
10
23
7
6
126
117
136
139
142
142
145
146
148
151
153
155
156
155
157
160
163
165
167
169
171
173
173
175
176
177
178
180
180
182
183
184
184
185
187
188
191
192
193
194
196
197
199
199
202
195
195
197
190
189
190
190
120
125
119
118
122
26
26
47
118
118
119
143
143
141
145
141
143
152
142
180
185
188
190
192
190
190
193
197
197
200
203
204
206
209
214
215
219
221
225
229
233
235
239
242
243
245
247
248
251
253
257
258
261
263
266
268
264
253
255
231
216
220
216
218
220
223
181
195
227
98
85
85
90
100
125
124
128
129
133
136
139
141
143
146
149
153
156
122
123
123
158
201
204
203
194
194
195
195
195
197
198
199
199
200
200
203
203
203
204
204
205
205
207
207
209
208
210
212
212
200
195
176
175
181
109
109
95
92
92
92
93
94
95
96
96
5
3
6
19
63
57
52
57
60
49
88
87
88
91
88
93
93
91
93
126
127
125
125
125
124
98
118
95
92
85
96
102
86
83
43
59
84
42
67
95
159
164
135
140
116
114
125
121
121
125
130
130
133
136
139
141
121
121
144
143
119
122
216
226
229
230
227
229
233
275
278
282
286
226
289
276
290
289
289
288
329
335
338
342
347
332
329
350
358
352
380
352
353
353
301
299
352
358
347
355
356
328
327
317
316
319
317
316
320
317
318
1916
1915
1903
1924
1903
1905
1902
1878
1907
1906
2268
2244
2230
2232
2230
2231
2230
2270
2233
2230
2309
2337
2337
2354
2343
2315
2348
2344
2294
2316
2292
2355
2296
2365
2367
2384
2384
2398
2363
2383
2356
838
840
857
856
872
874
895
894
903
915
887
907
908
521
511
503
482
456
437
429
430
429
430
431
431
424
425
425
425
425
417
405
382
359
348
341
343
344
344
345
347
347
342
332
327
325
309
304
292
279
274
270
258
243
237
228
217
205
199
198
182
177
5
8
20
21
106
104
124
123
124
138
138
160
162
172
190
190
214
214
240
240
262
262
276
298
286
297
299
336
336
345
361
377
378
382
381
361
381
377
428
429
442
452
452
470
478
479
502
502
517
516
532
552
552
534
573
560
556
571
574
557
569
577
565
578
569
568
573
563
558
572
563
575
574
578
578
575
595
564
589
587
591
600
593
591
589
600
600
605
594
563
607
570
594
582
607
553
559
585
600
571
581
591
573
580
561
552
554
548
568
583
553
571
570
564
575
575
590
577
572
554
590
546
580
579
565
574
590
594
578
585
575
601
584
566
592
575
536
536
542
572
577
578
582
608
601
563
608
596
569
537
538
541
538
537
534
512
508
496
487
479
465
453
447
424
420
421
415
405
397
397
377
369
363
353
330
325
316
311
303
304
283
264
264
261
256
253
235
220
220
213
208
204
544
540
566
572
588
571
21
7
3
12
6
14
20
16
5
3
44
118
125
124
152
152
173
174
194
195
214
212
214
203
214
216
214
214
267
267
287
286
307
307
305
306
306
360
361
392
391
399
417
421
417
418
417
453
420
418
453
494
497
501
504
507
510
513
511
511
512
508
500
485
478
465
460
450
440
424
409
394
391
392
394
395
397
392
388
377
371
355
354
354
332
333
319
307
295
288
284
267
251
254
255
257
259
261
259
260
493
3
11
46
79
71
72
69
73
79
134
134
193
194
213
214
211
212
213
261
261
277
276
263
284
293
307
294
307
327
326
334
307
312
317
331
331
352
351
373
372
389
390
410
409
424
410
431
431
449
448
466
467
482
482
504
503
522
520
536
534
536
558
547
551
521
538
538
559
554
566
557
557
557
569
559
572
566
572
567
580
570
583
578
590
582
589
576
589
582
580
581
593
581
576
568
592
552
564
552
560
563
547
556
564
557
564
564
559
568
561
574
560
564
563
558
566
558
561
555
558
549
559
545
557
558
571
557
571
557
565
544
565
548
537
544
542
532
524
528
521
522
534
533
522
540
539
539
550
555
561
550
560
558
553
543
568
576
569
531
535
530
522
514
504
504
492
488
480
476
469
462
453
447
441
435
537
395
396
412
557
426
559
426
457
472
494
490
503
497
501
488
511
506
501
487
518
518
494
509
526
510
518
523
510
522
507
386
364
391
361
370
361
408
407
429
430
439
459
451
483
484
512
513
534
535
561
561
580
583
570
570
607
619
617
644
639
636
644
643
647
632
614
598
600
559
636
574
615
584
615
605
617
605
618
613
619
602
609
582
604
642
603
635
622
632
646
618
625
622
600
588
596
585
589
579
578
556
530
522
506
501
502
489
490
471
467
448
412
415
418
421
424
428
427
429
426
421
412
407
397
389
380
375
364
361
349
322
317
302
303
304
305
297
298
291
277
280
278
275
270
260
524
569
524
537
3
14
61
70
78
132
169
180
178
193
192
190
219
218
238
237
250
252
253
251
252
289
287
299
298
317
315
332
334
344
343
363
360
360
367
380
380
398
398
412
411
426
425
440
439
457
459
471
471
472
499
498
518
519
541
541
560
546
550
561
560
558
562
549
553
549
548
566
570
567
551
584
564
563
561
566
546
563
513
531
517
525
557
548
568
566
563
565
562
561
570
546
552
549
559
571
575
556
574
547
562
569
555
571
553
567
551
560
549
568
552
562
545
541
563
547
556
549
550
537
548
539
553
537
545
531
548
534
541
497
513
512
528
527
546
538
553
537
550
532
531
538
540
533
543
539
534
542
536
538
541
526
539
525
539
525
534
522
517
531
532
518
519
532
529
526
529
527
529
531
534
527
530
533
536
528
532
529
531
527
527
508
517
532
524
521
519
528
531
529
533
527
535
527
535
529
535
525
555
549
562
559
568
557
570
568
574
558
550
572
575
573
577
571
574
572
575
568
573
565
570
544
563
531
513
496
551
505
527
549
561
551
567
564
574
566
574
566
559
573
559
562
570
567
551
565
559
577
543
559
541
553
544
557
545
546
559
550
563
571
555
555
549
565
553
565
564
561
556
542
563
516
534
526
528
541
538
528
539
528
559
551
544
553
547
539
526
544
541
542
512
530
514
507
544
538
522
537
529
522
515
533
515
529
510
506
525
494
517
514
534
523
754
762
771
763
750
766
778
760
768
776
790
780
980
989
961
961
945
936
930
962
929
932
910
909
908
905
889
869
867
867
864
855
850
837
824
817
808
797
784
777
762
757
753
720
711
707
474
460
952
989
966
452
464
476
464
467
469
469
453
472
452
432
210
257
217
219
217
240
241
239
251
253
267
268
218
217
219
215
211
217
214
229
229
230
246
246
244
246
259
261
267
266
277
278
290
278
280
279
295
296
309
308
318
318
320
309
318
329
322
333
325
323
329
335
328
335
318
339
324
324
324
331
322
322
317
331
325
330
335
327
319
333
1068
1075
1075
1104
1101
1115
1118
1123
1131
1125
1136
1143
1148
1169
1169
1177
1188
1199
1190
1208
1202
1219
1234
1204
1222
1213
1214
1218
1256
1251
1272
1270
1277
1270
1288
1293
1308
1308
1330
1331
1349
1330
1350
1347
1355
1336
1372
1366
1371
588
621
624
608
1370
643
631
649
633
652
637
639
628
640
628
637
628
632
631
630
614
628
623
611
578
595
595
583
559
549
547
533
526
519
501
605
568
500
497
576
599
604
515
535
508
515
508
510
517
523
555
542
512
524
507
516
525
532
525
529
520
530
516
534
521
532
491
519
476
502
464
520
485
532
532
535
530
487
450
447
462
462
464
469
470
474
478
470
469
472
473
469
437
439
422
415
410
393
391
377
379
372
366
357
352
343
330
326
317
298
263
259
260
262
264
267
268
264
256
244
232
222
213
216
218
219
453
460
449
462
462
21
462
56
45
108
194
193
214
213
234
234
258
257
277
276
297
279
298
296
315
313
335
335
350
352
351
350
353
345
373
372
390
391
405
406
419
419
439
438
455
471
470
488
488
512
510
530
528
552
552
570
569
587
586
600
607
601
620
617
616
602
615
605
611
615
592
605
613
617
601
616
613
602
611
613
605
630
601
594
614
613
597
597
586
598
604
593
601
606
577
594
603
587
583
601
596
583
579
588
582
594
599
585
584
596
594
582
582
576
582
570
581
572
586
572
569
583
576
578
571
587
572
565
534
532
558
553
561
572
575
561
547
575
565
566
557
555
566
563
555
553
565
551
543
547
525
558
492
533
501
514
528
536
523
523
533
528
534
527
539
535
537
528
542
535
539
542
531
542
545
531
543
540
528
525
528
555
549
563
551
562
556
559
558
570
563
570
557
561
571
563
575
578
572
576
538
555
554
579
576
589
588
591
604
603
594
605
593
603
588
595
587
588
596
583
594
592
596
586
595
580
581
587
587
565
561
571
585
581
574
579
571
577
572
574
580
570
578
571
569
547
559
573
562
576
580
564
557
578
579
585
592
580
589
601
599
606
598
599
605
608
607
587
605
599
608
594
612
605
617
608
609
609
621
574
581
608
607
600
590
620
613
617
626
631
619
622
623
602
604
622
608
616
583
597
625
615
585
549
537
524
516
510
502
491
485
482
467
448
453
631
568
602
559
611
441
448
477
505
494
498
507
476
457
442
492
502
477
478
478
510
498
522
497
511
492
513
523
521
575
574
566
528
556
527
560
541
487
493
491
493
492
486
495
492
482
453
531
538
548
548
568
569
586
585
597
597
620
613
615
610
618
607
608
619
613
606
621
629
610
598
616
591
596
598
599
595
583
556
549
567
550
555
547
559
553
561
546
552
549
562
558
562
584
584
592
580
549
539
549
539
546
535
544
538
553
540
547
546
555
548
552
558
551
567
553
550
550
547
554
554
543
555
547
532
558
543
548
539
553
532
554
506
515
529
523
543
542
538
532
539
528
544
540
528
536
539
534
531
538
538
532
542
535
542
534
532
539
543
529
531
536
538
525
524
536
515
540
515
536
528
545
536
559
549
567
565
556
585
574
555
530
559
549
557
548
548
555
582
572
558
571
586
588
581
592
577
581
569
577
584
595
596
589
576
583
553
546
564
576
577
584
569
559
562
576
561
570
581
577
569
557
580
567
572
571
579
565
585
574
570
574
578
568
584
572
584
570
563
552
557
569
538
555
542
556
550
558
542
557
548
544
542
560
569
566
552
546
562
541
527
514
543
517
564
558
552
565
570
549
553
537
553
532
531
537
521
529
507
507
513
516
525
533
521
526
521
524
546
544
557
563
562
545
560
547
563
538
547
548
562
534
552
520
519
545
542
541
556
517
525
501
494
518
513
525
535
522
518
532
526
531
531
537
530
546
533
545
537
555
529
535
505
499
483
471
468
460
457
450
441
427
422
417
417
410
410
386
382
378
373
357
361
359
350
335
306
308
311
310
311
315
317
318
314
306
299
296
294
285
276
268
263
254
250
240
236
228
524
515
524
13
9
53
36
49
33
38
42
192
191
214
211
236
236
246
258
238
267
259
260
259
544
279
279
277
276
274
314
323
322
320
344
344
357
361
360
364
359
388
390
389
414
413
427
434
433
439
440
453
451
454
475
475
489
489
486
507
506
510
517
501
571
561
558
550
560
550
536
547
547
541
544
549
556
544
553
528
523
557
542
553
567
556
573
560
568
567
564
574
578
568
571
558
572
562
568
576
557
569
577
566
574
565
573
563
573
569
585
575
591
515
523
517
528
526
514
502
518
518
511
514
507
512
500
505
489
506
475
471
484
491
483
488
485
489
483
493
486
486
500
487
484
472
500
495
484
491
491
499
480
488
492
500
489
500
491
501
481
488
484
494
497
490
486
497
501
477
493
485
496
498
486
494
492
480
493
485
494
482
497
490
499
488
474
492
487
493
487
492
491
490
488
495
488
482
494
478
472
490
477
483
465
478
472
479
472
476
460
471
469
455
472
463
466
448
458
456
456
456
465
464
454
457
466
469
456
462
447
456
439
20949
20946
20939
20961
20970
20965
20959
20956
20959
20954
20945
20943
20943
20936
20933
20929
20935
20930
20926
20964
20911
20883
20922
20875
20892
20897
20898
20916
20946
21009
21000
21011
21010
21003
21021
21018
21023
21029
21040
21038
21045
21042
21054
21068
21052
21064
21065
21075
569
21086
561
577
576
567
472
448
445
440
463
474
488
487
506
504
516
515
541
541
981
981
981
1060
1095
1095
1121
1103
1108
1100
1080
1127
1124
1116
1123
1112
1123
1106
1178
1174
1185
1165
1176
1170
1158
1118
1122
1135
1158
1104
1143
1114
1118
1115
1089
1105
1092
1079
1083
1078
1072
1064
1056
1061
1056
1041
1048
1037
1027
599
591
559
583
527
491
405
472
395
361
353
342
358
364
359
375
361
371
370
371
367
369
376
362
394
397
398
398
414
393
405
415
419
424
414
434
435
434
442
448
442
446
455
457
449
463
453
467
458
440
427
459
449
414
442
452
429
479
481
475
490
486
488
491
504
473
485
496
495
521
522
537
514
527
527
525
524
518
524
508
520
511
518
513
535
516
526
506
526
522
514
507
468
456
494
477
468
489
474
454
472
472
486
485
503
502
520
514
533
518
515
515
533
525
529
535
529
518
530
505
519
515
522
516
505
529
523
511
516
524
525
511
529
523
525
511
525
515
521
522
530
499
513
509
531
531
559
555
571
565
575
569
579
573
579
566
579
571
577
570
576
574
573
566
570
569
563
577
567
560
552
571
564
559
569
566
565
567
563
558
550
564
528
540
556
543
548
555
540
548
525
522
533
526
495
487
523
501
478
497
512
492
506
509
498
512
498
490
497
509
509
492
500
518
497
504
514
515
511
511
517
524
521
529
526
532
526
542
534
539
533
534
528
542
537
548
536
534
542
536
536
556
549
551
563
554
563
555
533
577
563
556
565
573
568
570
551
568
561
558
550
568
563
559
555
563
578
562
567
562
571
562
563
557
541
556
554
552
561
559
550
528
503
519
536
553
543
512
556
536
523
549
534
546
548
531
534
542
531
544
539
548
536
549
541
561
548
563
553
566
546
563
568
570
577
564
574
568
576
574
567
562
598
601
594
607
587
604
604
595
565
541
599
549
581
584
597
596
609
574
560
598
547
529
529
581
531
561
549
598
516
523
586
571
570
530
558
561
543
557
542
557
544
563
522
551
544
558
537
558
566
540
549
530
552
555
562
549
561
553
527
526
534
556
569
570
575
563
552
498
522
519
531
511
528
528
544
543
558
558
576
555
575
568
532
567
569
569
588
583
593
577
573
563
583
568
566
567
538
548
554
537
520
542
539
531
509
524
517
525
526
493
513
512
513
504
524
514
505
519
527
519
511
514
523
503
517
507
502
521
522
515
525
533
517
525
517
525
522
512
528
526
518
511
517
500
492
499
523
510
515
504
515
503
503
513
493
494
500
505
498
510
503
512
494
513
508
512
520
512
515
508
513
515
521
510
523
522
519
519
533
524
530
520
536
528
590
589
543
596
561
575
571
588
578
634
629
627
627
644
656
650
677
654
662
676
674
680
674
680
675
671
663
670
664
672
662
672
662
649
656
661
636
664
656
645
664
656
662
643
651
643
630
552
623
615
649
577
581
579
588
592
532
526
539
545
550
538
548
536
525
540
527
520
528
514
509
521
514
503
489
505
508
501
517
502
507
501
513
505
521
505
516
507
513
503
515
510
502
515
512
506
510
480
500
500
514
525
509
518
493
509
496
495
485
499
511
508
502
507
502
484
507
496
500
488
504
496
513
508
507
512
497
509
507
497
505
495
488
493
502
494
500
491
502
486
467
434
423
418
416
444
438
481
495
474
458
406
466
459
474
468
475
480
478
492
482
478
472
487
481
495
508
493
516
503
501
519
510
490
521
520
528
554
547
568
557
568
566
563
567
567
565
572
584
571
555
586
551
550
555
554
584
584
603
602
621
621
622
630
625
613
612
627
619
629
622
631
621
621
597
611
626
607
599
616
601
587
577
586
615
603
598
580
564
576
567
581
565
570
587
578
590
580
587
575
573
577
589
582
574
578
564
564
560
574
564
567
570
585
571
574
580
582
582
585
569
584
570
592
575
590
570
586
576
583
577
582
580
580
601
578
590
582
589
585
577
576
573
576
568
574
535
537
549
552
559
556
569
537
544
565
550
553
567
562
547
559
535
547
555
542
557
543
551
538
524
542
551
550
538
549
542
550
543
550
543
557
547
534
534
529
550
540
533
552
545
553
542
547
556
555
558
556
563
580
575
551
549
557
540
537
554
535
547
537
532
528
552
541
538
527
538
517
526
520
527
533
528
531
524
532
508
527
535
520
528
513
529
527
536
520
527
515
525
516
529
504
517
515
523
513
524
512
526
502
515
522
511
520
510
522
510
519
511
505
504
503
514
513
514
540
521
532
531
535
518
497
512
504
508
500
514
512
509
500
510
483
505
503
455
464
497
476
493
486
483
489
492
487
478
489
477
495
479
484
479
492
479
495
484
498
488
492
501
510
501
495
509
501
519
501
508
502
519
509
528
518
537
524
527
525
527
533
532
519
531
533
531
538
535
519
524
547
540
555
545
547
549
560
558
561
553
562
559
564
562
561
558
557
555
555
549
555
547
554
551
552
554
555
543
538
550
546
532
522
519
525
533
531
530
533
514
517
501
522
520
520
509
513
508
511
517
519
517
503
514
499
498
487
502
473
490
497
469
488
473
491
488
494
474
491
492
476
472
486
484
483
474
489
478
490
483
492
483
485
483
500
488
493
483
492
485
494
488
479
472
478
460
451
487
480
467
491
485
491
485
498
496
501
496
499
501
489
481
488
501
491
499
472
485
487
497
477
498
490
498
487
487
497
492
485
488
501
494
483
499
491
495
487
491
495
494
507
498
506
498
505
507
470
520
510
468
493
499
489
484
494
495
483
495
484
487
492
492
486
478
484
490
494
493
496
490
499
495
484
493
482
492
486
499
472
499
481
475
489
498
495
484
489
492
502
508
501
510
513
509
516
514
522
506
519
518
536
529
521
523
547
532
541
530
540
533
545
537
542
550
544
536
535
529
535
528
549
538
542
525
549
530
556
565
548
563
558
556
527
537
550
532
552
521
532
541
533
521
525
503
520
510
529
498
514
521
503
524
508
510
512
503
515
509
516
512
506
500
517
518
514
524
522
533
491
470
520
482
503
505
483
494
497
499
479
488
509
500
502
501
518
506
521
509
525
517
486
503
479
517
517
518
532
493
499
510
510
562
573
546
562
568
581
573
585
560
588
574
583
578
595
582
595
561
588
596
597
616
597
637
636
648
664
652
661
655
793
779
751
787
744
763
775
769
763
736
737
705
738
737
725
737
736
735
734
746
756
713
725
707
720
672
646
683
654
717
659
690
690
721
695
694
706
680
679
688
681
684
683
658
673
668
654
658
649
640
508
487
514
485
466
494
494
512
511
505
502
521
500
512
511
531
533
539
533
542
532
543
519
691
715
715
768
780
782
751
797
767
742
779
763
767
772
780
780
770
791
766
783
763
771
789
780
772
800
797
794
791
791
816
807
780
793
756
771
748
764
812
792
803
782
797
801
792
791
804
785
770
629
643
617
642
594
581
574
562
597
579
558
549
548
554
564
550
564
550
560
551
539
539
552
513
551
540
536
526
518
467
467
444
439
437
440
442
445
447
449
445
441
436
428
430
412
414
407
409
397
391
382
379
371
359
353
345
348
351
351
336
336
335
303
296
285
273
269
254
228
230
233
232
552
553
4
13
20
28
26
161
163
180
175
196
196
200
205
220
218
235
234
254
254
275
274
293
290
291
320
321
343
342
359
359
371
383
383
402
403
418
418
440
440
463
462
480
483
482
479
508
510
526
525
541
542
556
567
567
584
578
589
573
572
585
582
579
575
575
564
564
576
581
584
570
574
580
587
552
578
558
575
558
571
566
580
565
564
558
557
565
559
551
561
545
525
538
555
518
538
525
539
525
536
541
531
512
524
525
528
533
532
513
535
521
516
528
514
502
522
498
514
488
497
491
480
478
491
465
474
467
489
456
458
475
469
483
472
482
492
493
484
485
491
481
481
484
492
509
498
510
486
502
497
513
511
526
518
536
511
528
514
518
518
537
526
544
529
545
542
550
538
557
548
567
553
561
572
561
572
567
585
583
581
584
571
586
588
571
560
579
567
573
574
561
559
550
556
569
550
571
561
567
555
566
557
568
555
563
556
563
572
554
565
552
561
550
564
547
558
544
554
542
555
534
536
547
538
548
540
552
539
542
550
548
533
545
543
548
534
531
548
538
549
543
549
557
551
560
538
546
578
570
579
583
577
594
589
589
596
587
598
592
603
596
589
602
604
575
609
604
613
606
619
611
626
616
620
613
630
613
608
622
614
608
600
568
588
580
541
614
543
577
556
597
589
594
582
590
584
596
552
575
551
552
535
550
531
523
545
532
546
539
532
538
531
501
535
535
547
534
552
544
531
547
538
546
544
531
542
536
546
520
550
550
537
519
520
535
537
538
556
558
560
571
566
579
585
573
583
582
585
593
594
584
578
589
590
560
571
584
587
583
571
566
577
578
569
557
570
552
564
550
552
564
558
538
551
555
546
537
552
552
543
522
542
550
530
541
532
550
529
539
529
521
521
528
523
499
514
496
510
511
493
489
525
514
516
503
515
529
527
514
520
491
482
498
505
507
524
490
517
502
484
504
499
515
508
516
509
516
518
512
518
516
499
515
514
524
519
522
511
523
520
524
524
522
522
507
475
489
528
461
453
474
498
505
492
496
489
503
489
507
486
491
489
485
502
494
501
507
489
503
505
514
503
512
505
514
510
517
511
519
524
514
528
517
537
527
534
520
532
536
540
537
542
546
518
533
537
508
523
524
542
542
558
552
571
566
541
552
562
562
574
558
571
564
573
565
581
564
574
569
582
567
576
568
583
567
566
559
568
558
553
560
561
538
547
544
556
531
551
544
498
525
506
544
530
509
514
537
529
528
521
531
507
515
517
518
530
520
502
528
520
538
523
537
525
535
519
511
524
523
494
509
509
505
516
508
520
517
516
505
511
519
516
518
518
496
515
489
499
509
517
528
528
548
546
515
527
514
522
537
531
538
530
541
534
550
536
535
535
530
538
525
536
521
520
527
534
533
535
536
539
548
538
551
537
542
537
542
547
563
549
564
554
558
550
534
535
540
561
535
562
558
555
556
549
558
561
568
551
558
557
564
552
558
564
563
570
566
573
575
574
574
579
591
571
573
574
587
579
586
571
579
580
566
566
579
564
577
551
566
558
549
545
570
556
548
570
553
568
569
576
563
582
566
584
569
583
572
578
574
581
572
573
589
591
570
589
569
579
571
558
568
578
570
566
550
561
569
555
575
554
566
562
574
570
560
575
575
575
558
524
559
545
555
553
538
548
549
549
537
546
539
545
538
528
557
543
540
548
551
539
541
530
534
532
540
521
513
525
538
539
531
538
523
500
510
521
531
512
520
501
504
516
517
508
520
507
518
509
518
517
515
518
524
515
530
524
531
522
522
527
521
533
532
495
530
504
497
499
508
508
477
496
485
500
493
499
499
511
501
492
502
498
501
498
495
502
505
496
509
497
506
506
512
503
506
492
509
502
508
495
503
500
491
495
506
519
513
531
519
509
518
499
525
509
522
518
523
513
513
510
522
509
526
511
529
520
522
527
517
508
515
506
517
496
495
508
504
493
485
498
493
498
490
488
484
502
497
479
482
487
479
490
482
474
488
462
473
459
468
477
484
482
473
470
478
474
481
476
485
483
484
496
483
500
501
488
490
483
486
488
505
494
512
500
505
505
517
507
511
518
502
495
521
519
521
527
522
529
527
537
539
520
526
544
531
532
538
529
519
536
540
534
537
535
545
542
536
548
536
543
532
523
540
530
538
524
534
517
523
520
527
532
523
529
520
529
522
529
527
524
519
518
523
525
518
527
527
524
525
523
519
528
517
525
536
525
544
525
510
531
530
538
524
531
522
531
523
530
523
536
525
537
531
536
543
546
530
540
540
552
550
541
549
537
552
557
543
556
543
551
540
534
549
545
551
543
550
536
546
544
534
555
538
557
535
547
528
545
537
541
542
542
536
535
540
539
519
509
536
530
515
518
525
525
525
521
495
504
509
512
507
510
511
500
509
495
505
505
494
489
496
493
505
492
491
502
504
503
492
509
501
498
490
498
487
498
491
488
495
493
484
490
483
488
480
460
486
468
482
465
475
474
469
478
470
477
471
484
471
481
475
483
474
471
479
477
474
477
470
484
472
471
474
464
461
478
466
471
474
458
446
467
460
462
455
458
449
456
455
460
449
459
448
454
459
453
457
459
454
468
461
469
452
464
453
448
460
459
449
463
452
461
449
440
434
454
453
457
458
454
461
455
465
471
475
460
475
468
476
465
31359
31365
31365
31367
31369
31353
31378
31366
31457
31451
31460
31445
31466
31461
31473
31466
31476
31471
31483
31487
31491
31480
31487
31500
31495
31505
31506
31491
31517
31501
31511
31510
31495
31504
31516
31519
31514
31522
31512
31523
31514
31524
31513
31530
31519
31528
31515
31522
31517
586
31538
541
602
554
554
557
555
584
571
574
561
574
549
558
576
567
566
552
564
544
554
557
549
540
547
538
526
517
508
539
531
511
512
526
523
513
512
516
527
516
524
523
514
483
498
509
519
499
503
508
485
524
500
523
522
541
525
528
534
540
529
545
537
547
528
535
530
534
529
540
539
553
543
559
552
569
555
569
547
566
567
585
584
590
582
594
583
584
594
571
581
592
583
574
569
583
583
582
595
584
579
570
575
556
564
557
566
552
564
552
549
563
558
546
562
547
561
553
540
547
555
541
541
556
551
538
546
535
544
533
543
535
549
537
547
534
546
539
542
535
541
536
546
534
542
520
528
540
523
511
526
533
519
525
512
514
528
509
502
524
490
513
503
514
501
491
512
496
494
504
493
462
497
472
478
480
493
489
489
487
483
481
467
456
484
445
455
483
425
434
468
469
473
471
472
474
482
474
492
491
443
478
450
440
472
505
463
488
487
492
479
486
503
491
504
507
517
512
528
522
537
537
560
553
784
797
810
798
783
801
793
801
788
789
816
837
838
854
857
857
854
863
882
893
847
889
858
867
877
898
885
910
925
925
941
940
910
959
901
927
915
926
879
919
895
867
846
902
858
895
882
890
877
609
575
545
552
558
563
567
559
558
542
517
505
501
485
489
489
488
487
489
476
479
616
445
473
869
447
430
481
481
480
492
486
503
490
485
496
490
491
473
450
451
466
466
496
495
495
524
509
366
350
375
362
386
386
404
404
426
427
448
450
452
480
482
505
504
524
524
540
541
559
559
588
580
603
612
595
596
596
614
644
630
621
637
618
630
626
631
619
632
618
619
618
625
584
550
538
607
511
610
526
575
556
544
557
554
569
557
584
588
566
560
573
585
603
560
569
573
554
600
591
542
626
618
653
683
684
720
733
709
723
712
739
730
739
738
727
758
705
703
702
674
722
750
670
715
806
780
814
815
848
846
843
857
857
855
830
876
798
840
793
856
845
767
815
809
827
816
794
783
787
768
789
786
756
739
714
740
723
709
698
678
665
650
594
566
533
521
519
517
517
511
515
507
507
503
497
467
480
556
536
539
533
538
527
548
532
514
492
514
499
521
520
514
528
540
534
527
528
518
519
517
534
532
545
529
516
427
441
440
452
450
466
465
480
479
473
496
490
489
499
505
517
525
524
505
549
548
565
556
570
549
551
545
535
544
542
525
524
510
515
561
569
559
565
564
582
569
580
574
565
591
599
595
584
599
591
605
599
606
596
611
603
598
612
619
615
621
634
633
622
620
615
631
621
621
615
615
613
617
605
625
629
639
628
637
631
639
643
634
601
593
591
587
585
569
574
568
571
554
570
556
567
558
540
551
566
559
546
553
519
528
543
542
540
517
511
555
552
544
561
553
570
548
564
550
550
560
557
568
559
556
546
548
560
562
549
567
555
559
550
561
565
554
557
567
555
569
557
573
566
563
561
558
565
563
563
551
552
566
545
542
573
572
569
578
572
541
587
536
528
554
505
497
518
541
532
551
531
535
526
535
531
507
517
519
513
518
520
534
517
505
494
500
513
505
501
508
502
502
514
517
528
527
513
499
525
512
523
515
509
518
526
527
521
520
519
534
526
541
518
538
528
544
527
525
536
534
550
544
554
552
560
549
568
559
556
564
567
559
579
578
566
581
563
582
600
587
576
595
585
587
577
593
578
584
600
593
589
597
591
605
602
592
603
588
590
607
585
596
563
574
601
580
571
589
594
578
595
601
592
578
601
604
590
594
599
598
610
588
610
596
582
552
575
585
585
576
586
602
589
579
602
596
585
593
582
565
590
571
553
573
564
571
566
557
544
574
565
581
572
593
582
581
576
559
565
562
562
565
558
572
585
564
571
567
573
560
523
541
553
571
557
557
576
563
495
517
533
547
548
557
501
548
526
543
551
540
557
543
554
549
548
561
537
537
556
550
559
550
560
520
534
545
541
554
551
544
542
547
541
544
541
533
543
531
542
536
553
550
558
548
554
556
555
560
568
560
552
540
551
552
571
568
574
567
583
583
586
579
588
576
587
577
590
581
593
586
592
580
591
584
585
584
596
586
606
592
599
610
600
599
609
606
586
596
600
585
601
586
598
600
608
602
607
597
606
598
609
604
605
595
607
599
606
591
585
569
578
600
575
589
564
577
586
585
571
580
572
563
566
584
574
570
577
570
574
576
562
572
573
570
578
565
583
575
582
569
563
578
564
542
556
567
560
557
555
562
546
557
559
552
554
544
560
558
545
535
539
537
560
552
565
546
567
560
577
560
560
571
547
556
566
558
547
550
558
547
546
534
556
537
551
542
524
534
533
536
537
525
529
540
522
536
531
542
527
534
527
537
537
524
516
540
528
533
520
537
523
540
534
530
542
547
528
547
531
538
534
534
523
541
539
544
543
535
538
549
539
553
553
547
556
548
551
549
545
558
556
549
548
559
555
550
535
542
553
555
546
567
547
561
556
557
557
544
521
510
567
558
528
500
534
543
521
530
545
539
536
553
535
551
547
534
522
520
520
502
502
493
488
479
477
468
468
456
450
443
439
430
421
411
542
392
471
472
489
463
477
477
434
449
445
455
447
424
466
430
431
449
448
472
464
484
464
469
465
480
472
476
468
374
473
368
378
387
386
404
403
431
430
455
456
478
478
500
499
519
515
512
520
520
520
519
520
568
575
577
567
574
570
588
587
575
586
576
592
591
599
602
591
600
592
601
604
599
613
598
604
600
609
602
614
603
609
605
595
598
588
598
594
581
591
579
588
578
596
564
541
555
552
559
575
574
612
606
622
613
611
619
625
612
618
610
619
612
611
611
609
616
609
611
604
590
601
593
599
586
587
600
589
601
602
590
604
584
595
590
591
586
543
532
585
522
515
504
498
544
526
605
565
552
510
527
534
536
521
536
522
531
520
528
521
523
515
525
526
522
534
523
516
526
521
518
528
514
530
526
515
520
522
515
509
524
521
530
517
507
477
462
455
453
470
469
481
490
489
505
506
519
519
533
534
520
508
527
503
480
542
489
525
464
494
479
501
517
512
460
509
502
484
505
485
496
482
493
484
492
500
500
483
488
484
477
479
488
470
473
470
480
485
478
483
472
477
487
486
477
479
474
483
477
482
476
426
446
446
470
465
463
456
455
475
474
486
486
505
504
511
514
515
513
523
522
535
528
509
515
515
531
525
531
522
540
532
542
536
554
540
555
536
554
538
551
541
548
538
545
554
548
557
557
557
549
562
534
557
536
539
546
551
528
543
548
541
538
550
535
554
543
535
550
536
533
547
548
546
535
522
542
528
543
543
530
557
541
545
551
554
553
531
551
542
540
547
540
532
534
543
541
539
535
532
517
537
528
540
523
535
533
511
530
520
527
525
529
527
521
526
514
506
525
511
526
518
511
521
508
495
519
512
524
504
504
487
484
484
486
494
492
472
489
487
487
495
497
478
478
488
482
486
481
470
486
488
477
491
482
486
482
493
477
488
494
486
499
497
488
503
489
490
489
499
491
489
500
495
500
492
500
489
499
488
499
497
491
492
499
487
502
495
496
505
509
501
506
510
494
509
497
511
502
511
503
492
504
484
505
500
511
501
501
507
500
512
497
486
491
490
502
503
492
505
488
495
500
507
504
489
496
510
499
501
510
500
507
508
508
491
513
499
503
481
502
494
504
499
499
489
486
496
488
496
468
435
486
462
449
453
424
494
455
485
477
492
491
481
502
488
496
485
497
485
484
484
495
496
489
493
507
509
495
504
513
510
526
511
522
513
500
488
514
450
482
495
468
459
515
495
513
517
525
512
517
516
515
510
552
565
564
582
576
550
556
554
552
557
548
566
556
565
553
545
556
562
568
669
669
661
653
644
633
595
536
525
515
518
522
525
529
530
522
524
510
513
472
463
536
635
558
610
598
467
658
665
679
677
685
678
676
689
679
698
671
689
681
672
684
688
681
698
677
689
681
385
384
398
398
419
419
439
439
459
458
479
479
495
496
517
517
537
536
556
556
578
577
595
595
614
612
633
633
608
574
593
575
575
581
581
574
571
580
573
571
572
585
585
573
584
573
580
588
587
574
580
590
594
584
595
589
594
580
584
588
566
593
582
572
593
585
595
593
613
600
605
626
600
616
630
625
637
627
631
639
629
636
618
603
626
591
606
596
596
586
595
586
579
588
581
578
567
574
567
552
562
562
549
549
537
543
529
532
525
523
521
504
518
481
482
470
461
495
479
452
456
463
436
423
455
424
419
419
399
409
392
405
404
402
401
400
412
406
410
410
403
409
403
408
390
396
386
392
378
399
395
397
412
398
399
409
400
407
403
410
399
415
393
399
393
390
402
408
419
418
403
404
411
411
427
410
388
397
394
402
413
419
411
416
415
418
426
416
427
414
428
423
430
421
439
439
446
432
446
436
450
446
457
457
450
459
445
459
453
461
457
466
472
470
481
473
486
480
474
488
468
487
480
488
490
489
496
490
494
492
528
523
538
523
538
531
543
541
530
550
536
537
522
530
538
533
533
531
537
531
531
535
539
534
539
536
521
535
526
541
536
540
524
531
520
534
526
533
523
536
523
539
533
514
509
502
536
526
527
492
522
500
494
492
503
451
494
474
483
493
460
478
492
488
482
494
487
508
497
493
500
495
490
501
490
502
501
509
497
509
484
503
491
495
506
492
500
505
508
502
510
506
501
490
487
487
503
514
514
524
522
520
510
526
520
484
517
518
484
525
526
537
528
535
524
535
524
524
514
527
522
528
515
527
519
528
517
515
527
512
512
516
512
519
527
521
517
534
525
529
526
528
520
520
525
532
529
517
522
532
530
525
545
531
547
534
546
528
528
524
519
535
481
524
518
485
498
497
516
501
504
508
507
515
527
519
512
505
511
514
513
520
522
512
514
498
506
509
497
491
507
519
517
504
514
511
519
514
504
494
509
488
475
502
488
490
489
496
494
485
504
463
483
481
483
498
497
512
513
521
515
528
507
492
492
510
504
515
512
511
505
503
511
513
512
503
521
512
507
487
517
498
514
505
521
509
526
516
540
533
533
548
531
552
553
562
551
571
559
544
553
573
571
576
567
562
524
532
542
550
574
559
577
576
583
579
577
566
589
589
588
596
587
594
589
582
593
597
595
603
582
598
583
599
584
596
579
584
578
595
594
564
589
563
580
572
581
578
553
572
576
564
577
587
581
552
555
545
584
574
575
565
552
592
578
589
594
575
578
599
588
577
589
595
603
595
592
579
570
610
583
602
592
603
596
602
594
600
590
586
581
561
566
565
586
579
586
574
577
566
584
582
579
576
602
583
600
586
586
616
605
622
604
614
599
612
599
579
589
591
604
580
595
585
595
589
595
587
595
597
573
597
591
583
587
582
584
579
585
581
570
555
564
571
582
570
579
572
578
569
577
569
573
565
545
538
539
547
549
536
547
533
540
529
515
535
527
537
542
531
539
538
539
537
536
532
535
532
526
535
533
526
533
513
531
536
530
533
530
529
539
542
539
534
532
529
535
515
533
545
528
541
534
543
535
544
536
542
532
537
531
533
532
538
534
539
529
535
525
525
537
534
524
530
523
532
521
526
520
518
529
524
519
521
515
531
518
524
528
527
519
530
518
536
526
522
526
517
523
529
521
517
523
521
504
518
528
512
524
514
513
522
514
523
530
519
523
509
516
527
517
527
520
526
515
526
520
520
503
514
522
512
516
523
526
512
525
512
520
511
516
510
515
508
522
523
521
526
516
530
524
531
530
531
518
539
533
536
543
539
545
554
538
554
540
552
541
545
544
550
544
549
547
550
553
543
550
545
558
550
554
556
557
551
558
551
560
553
559
553
552
558
549
555
557
545
552
544
553
540
557
539
566
555
551
559
544
548
537
560
552
560
549
553
564
544
545
551
567
569
552
551
567
565
567
557
573
567
575
563
575
567
557
566
574
570
576
565
581
570
585
583
590
579
590
582
589
582
592
578
597
579
584
564
516
542
559
553
532
566
548
559
554
561
556
558
552
571
571
583
557
565
571
566
560
572
559
578
562
571
561
570
561
579
564
577
558
571
558
567
555
558
562
555
557
544
550
534
540
542
528
522
508
535
535
549
549
566
565
570
537
539
525
533
520
529
526
514
511
528
517
507
517
527
527
514
520
505
503
515
505
510
497
509
505
505
493
500
496
499
490
491
490
447
449
443
492
428
431
441
411
408
418
469
394
386
383
375
372
365
356
353
341
334
397
30348
30344
30331
30335
30322
30320
30312
30308
467
30306
30299
30298
30297
30289
30296
30302
459
30285
30326
30277
30294
30283
477
400
30274
448
30292
0
