35
98
153
58
261
304
309
363
395
360
437
399
450
442
484
441
484
485
525
524
495
521
479
479
487
521
524
581
596
501
490
592
621
629
635
635
667
667
687
699
670
637
619
588
628
480
472
693
468
389
607
429
404
404
631
390
503
390
632
626
362
270
245
634
527
538
638
689
274
448
550
397
392
463
261
381
637
629
607
272
372
495
520
507
519
517
525
509
519
517
385
198
200
505
260
264
266
284
283
301
301
300
309
318
311
328
329
344
343
364
364
382
394
392
394
415
414
428
429
444
433
433
444
431
173
113
433
315
417
382
417
307
275
284
268
408
231
239
192
181
409
158
178
409
162
210
158
145
125
131
296
416
217
198
443
431
169
389
142
398
330
329
254
156
326
400
413
360
417
138
277
182
208
230
229
229
206
205
179
200
197
195
194
197
233
223
241
240
252
252
269
267
266
290
288
289
320
321
337
348
337
367
367
342
391
391
412
413
429
429
442
448
457
456
455
478
477
479
498
497
500
498
513
509
506
527
528
512
486
517
502
506
512
514
512
519
516
514
511
513
505
503
527
507
498
513
506
504
515
519
507
509
479
495
494
500
492
479
495
487
471
478
467
492
492
487
498
491
502
475
493
508
502
514
515
506
522
515
510
531
522
527
521
513
517
515
508
520
511
520
507
522
514
508
510
504
511
507
516
509
513
494
517
510
522
496
514
526
525
538
522
500
500
512
503
514
512
514
511
509
504
510
503
511
509
507
513
509
492
485
488
487
494
484
481
495
493
479
490
471
472
468
487
479
481
469
477
475
468
472
452
458
468
428
451
451
448
447
459
466
454
470
452
470
468
461
448
454
445
444
443
453
437
437
433
433
449
434
440
456
446
411
425
449
451
446
448
439
457
448
446
457
452
458
457
472
454
456
465
466
458
449
457
464
450
465
462
465
452
462
473
458
463
457
459
459
467
465
472
458
472
474
482
476
482
459
451
465
412
422
470
439
442
461
455
463
454
448
457
456
460
461
447
441
455
458
447
459
452
461
425
453
439
456
445
455
464
436
455
435
463
457
443
446
450
456
8469
8459
8435
8412
8445
8452
8445
8464
8415
8427
8475
8521
8535
8518
8517
8534
8518
8626
8635
8641
8639
8652
8651
8640
8654
8652
8633
8660
8639
8638
8656
8656
8651
8637
8628
8655
8655
8655
8645
8669
8655
8677
8659
8671
8669
8642
8661
8665
8669
8678
569
627
624
570
568
577
576
584
587
585
610
607
593
603
596
610
533
528
542
531
526
532
544
530
523
511
526
529
509
517
535
528
538
537
544
523
531
511
523
525
535
524
525
538
527
534
525
542
539
542
530
549
529
549
539
550
543
544
523
542
540
528
533
538
524
541
519
525
519
526
532
530
528
527
544
532
546
538
531
561
556
563
563
563
572
578
571
565
582
590
583
575
584
579
594
588
586
573
590
578
594
607
596
600
588
589
580
596
562
579
600
590
583
604
604
577
600
593
590
590
572
589
600
595
583
563
591
575
590
573
558
548
556
555
568
554
552
567
566
551
560
551
560
513
545
479
449
352
350
278
177
360
432
335
412
299
499
421
265
238
220
208
534
212
178
198
170
161
388
155
381
107
435
97
393
83
523
338
311
254
395
545
388
147
131
361
298
317
113
243
122
486
46
64
58
74
86
148
140
156
156
172
170
170
171
208
208
227
238
244
228
251
238
252
280
280
289
296
308
308
325
326
336
334
337
351
353
354
376
374
390
389
396
400
399
422
422
435
435
454
466
467
454
490
490
488
515
509
518
518
535
515
529
525
532
514
528
514
511
497
503
527
528
512
516
514
518
506
522
510
522
520
525
523
542
527
547
532
545
534
546
539
530
541
535
542
544
537
553
535
543
532
534
549
533
533
544
537
535
542
531
541
538
545
541
526
539
537
537
530
547
547
560
546
561
552
563
554
557
551
558
550
538
556
544
536
550
509
491
532
527
517
505
541
547
536
530
548
537
546
553
562
537
523
492
520
544
510
535
510
533
537
524
505
493
529
522
489
472
425
439
477
538
433
413
451
462
486
487
504
493
498
492
505
502
509
500
520
494
519
443
448
437
429
426
423
407
374
377
382
387
391
389
384
344
348
327
330
332
316
312
308
312
317
320
473
320
473
472
455
319
295
468
293
453
260
381
322
239
322
320
221
321
275
245
478
266
4
4
5
18
7
21
26
15
49
59
68
50
59
55
58
79
80
83
95
107
107
124
114
85
79
112
78
56
44
111
103
85
93
63
47
30
48
29
4
34
40
31
48
60
76
94
106
107
134
162
187
186
202
194
207
211
214
216
218
233
234
252
251
269
254
260
271
278
278
293
294
294
318
317
337
336
345
344
345
369
369
385
385
401
401
417
417
433
433
447
449
464
464
483
477
496
496
513
511
511
519
533
534
522
533
531
532
530
499
521
546
511
528
517
531
523
515
521
517
522
524
509
523
518
512
523
508
517
522
520
530
531
514
495
509
531
519
530
523
532
521
503
524
520
525
507
511
497
516
516
509
507
515
518
506
501
513
516
513
444
469
161
429
455
332
438
316
298
503
284
251
231
371
245
406
397
194
172
388
370
187
212
352
140
106
96
141
490
361
221
226
152
125
482
343
307
418
293
166
122
294
205
344
253
476
376
451
441
391
393
263
262
271
274
275
296
294
315
258
269
271
247
246
267
238
272
271
284
284
301
301
321
320
336
337
353
353
370
370
371
391
390
408
407
405
434
435
454
454
471
471
489
490
506
505
526
519
521
525
525
530
541
527
531
531
533
542
539
538
542
544
553
536
545
562
539
544
535
544
537
552
534
534
544
540
529
530
541
539
538
548
537
548
529
520
540
530
512
532
532
523
534
528
531
524
514
532
523
528
521
518
525
533
518
520
502
509
501
492
491
506
508
519
516
503
511
512
505
495
514
503
508
517
525
510
511
522
513
520
518
516
514
512
516
510
522
519
530
527
518
526
523
515
521
530
516
530
517
521
522
499
515
497
488
522
523
523
532
526
532
534
550
530
539
537
541
542
540
539
532
538
512
535
523
529
521
532
518
527
517
524
518
524
519
525
525
519
504
510
518
526
526
516
525
505
523
526
517
523
516
518
499
499
513
520
531
513
521
509
500
513
504
509
500
512
509
506
511
452
445
485
452
470
493
488
493
498
499
504
464
458
485
497
478
503
499
506
486
498
493
499
494
486
505
489
498
508
507
500
477
494
496
504
501
515
504
505
505
518
502
520
508
523
509
521
513
524
510
487
499
499
487
530
529
545
536
505
473
529
500
544
499
521
529
528
514
543
530
519
530
530
515
525
521
530
504
518
524
518
515
530
528
512
509
521
522
516
515
501
505
509
516
508
507
516
504
509
516
506
523
513
526
497
497
501
497
508
513
515
510
488
511
464
473
402
416
394
440
461
423
511
482
445
431
469
485
492
496
477
495
494
474
483
461
499
492
500
493
504
496
473
484
491
508
502
505
498
501
495
500
491
495
506
490
498
479
486
500
494
492
520
500
438
437
459
467
466
476
475
463
459
511
511
528
528
535
536
525
523
537
532
513
528
502
497
475
409
394
359
419
381
349
133
326
318
406
516
290
389
485
451
243
367
237
237
227
481
191
175
163
164
339
152
347
123
114
464
527
320
279
263
252
250
442
357
179
145
429
271
206
101
433
5
14
16
30
43
53
79
107
138
156
151
162
162
160
178
173
166
171
170
172
156
95
171
146
144
142
142
159
134
133
131
171
156
132
169
131
129
129
131
153
126
156
117
110
77
100
168
167
154
142
145
164
156
133
131
127
124
143
132
151
173
155
116
5
44
103
148
141
155
155
174
170
179
178
181
204
203
218
217
232
232
248
249
266
265
283
283
293
294
316
316
329
327
327
347
346
339
341
349
363
363
382
382
402
402
418
417
430
431
392
303
245
362
336
324
425
318
411
290
285
254
428
242
398
194
203
177
266
157
172
430
140
124
366
133
104
112
427
378
430
346
428
430
276
221
179
141
79
343
419
232
164
312
209
89
9056
9114
9056
291
160
151
153
139
149
140
179
179
255
251
268
269
269
292
286
298
299
298
321
322
320
346
345
368
368
386
388
406
407
430
434
446
446
445
481
479
497
497
497
528
526
542
543
571
570
591
592
589
581
590
583
596
589
602
607
600
591
540
541
556
543
550
550
549
557
541
563
583
578
583
580
591
581
591
582
586
594
596
605
589
593
572
597
601
596
614
599
601
612
613
601
617
604
612
604
599
613
600
592
615
601
610
609
604
609
593
605
613
598
605
604
594
608
595
609
609
621
590
583
599
583
576
583
596
596
581
601
590
596
584
582
588
562
565
554
589
565
543
525
570
565
546
546
553
540
552
547
552
549
545
532
549
535
536
540
534
519
537
533
527
509
526
511
505
513
503
512
543
538
528
520
524
523
518
523
522
515
522
499
511
524
510
503
520
523
523
526
518
525
526
524
517
508
529
525
521
509
527
527
520
524
507
522
507
524
513
523
514
509
523
515
537
537
544
531
541
531
518
529
524
513
520
498
520
517
506
518
519
512
517
506
508
517
515
527
504
504
516
519
512
521
504
524
515
505
516
511
527
523
524
523
503
516
521
527
515
529
524
529
514
490
529
496
517
508
520
506
517
519
515
524
532
524
513
525
505
524
514
517
518
521
527
513
523
524
512
505
530
512
521
511
512
520
522
530
517
518
535
528
536
529
514
543
537
510
524
535
528
538
527
530
533
551
530
529
515
542
537
527
523
533
526
456
347
478
472
374
522
363
339
314
326
434
495
279
251
426
240
230
207
221
178
167
416
189
128
409
107
503
139
391
357
465
301
445
282
265
478
246
378
147
512
417
204
109
292
157
387
396
424
416
243
369
196
195
195
194
215
205
224
223
241
241
256
256
274
274
291
289
304
304
318
316
318
333
333
360
360
380
380
390
392
398
410
411
424
433
432
445
445
463
464
486
487
503
503
523
523
520
543
541
550
538
553
540
560
556
560
546
559
554
564
552
570
571
566
579
572
579
574
587
582
604
603
610
590
602
595
608
593
591
608
612
609
616
621
629
616
621
609
621
612
613
619
625
629
619
623
623
638
625
636
621
623
630
613
590
610
621
597
609
601
616
600
604
597
603
596
599
558
503
536
522
580
548
571
490
517
587
569
561
574
562
563
549
537
577
554
561
558
552
548
565
560
549
542
551
546
522
476
257
98
513
490
416
440
403
375
501
329
295
271
261
260
257
254
224
199
240
473
169
162
143
130
102
464
541
433
388
357
280
494
248
170
461
125
177
365
264
206
115
409
325
152
534
389
407
347
199
123
68
69
70
59
407
118
61
70
68
61
68
65
67
59
57
60
69
61
65
67
70
60
5
8
3
20
4
6
4
5
4
11
4
22
24
21
32
47
53
43
70
81
88
98
89
61
53
65
90
73
70
53
41
69
40
64
54
66
63
51
70
12
12
12
16
17
11
3
5
7
5
24
13
3
7
2
30
25
26
26
51
34
39
9
20
11
38
11
55
12
20
24
5
7
8
20
33
38
33
43
59
65
64
60
71
37
74
28
28
52
40
30
39
6
16
36
48
39
44
46
47
53
77
81
105
102
109
109
71
48
27
54
72
45
77
106
29
101
41
54
63
52
49
63
3
13
12
10
21
23
30
35
38
13
4
13
6
18
16
28
27
27
66
97
114
111
126
119
129
141
134
139
104
82
89
63
117
129
59
101
42
110
29
108
85
136
42
113
72
39
30
62
8
3
9
4
39
50
27
44
61
60
71
75
110
112
89
87
74
70
62
100
67
70
78
81
85
89
92
96
99
103
107
99
69
92
70
69
77
70
85
5
16
16
24
7
33
27
23
37
25
37
32
42
28
30
54
56
48
53
61
90
81
54
37
33
63
64
39
70
4
15
7
16
12
4
7
8
6
6
4
13
27
28
43
50
42
61
72
80
87
100
103
120
115
50
70
117
83
65
61
102
52
97
39
27
73
85
62
49
34
119
113
42
4
18
17
28
28
33
37
47
43
22
35
13
33
11
8
7
4
7
9
9
30
28
25
24
10
19
15
33
12
16
7
9
12
29
8
24
38
21
51
42
59
74
70
68
52
55
53
42
39
68
71
43
31
71
72
7
5
23
62
70
69
60
74
90
86
59
83
29
65
22
91
20
68
78
36
62
88
80
55
12
30
25
29
14
14
32
30
17
6
4
4
7
7
3
5
13
16
10
26
21
24
6
7
6
19
20
38
46
45
30
51
40
57
52
50
37
55
38
71
33
66
52
69
77
24
84
4
1
12
3
23
9
19
16
37
41
18
20
40
31
40
19
32
4
3
3
21
8
30
27
48
31
40
33
54
64
30
34
33
42
68
52
55
60
55
79
63
62
17
4
3
11
19
27
23
5
28
3
10
9
22
27
4
10
26
6
40
42
70
52
42
53
45
49
51
56
19
46
17
60
7
15
23
29
38
42
49
58
65
69
76
94
97
94
121
128
124
177
196
204
197
206
216
224
218
222
234
224
224
235
241
242
260
261
285
284
299
291
312
311
313
344
334
336
369
362
384
385
405
406
428
428
447
447
461
461
481
481
496
496
510
515
510
523
514
513
554
554
557
570
555
558
560
560
546
560
558
557
573
552
563
550
562
547
563
557
565
555
561
539
556
555
564
555
529
544
541
534
530
540
548
539
569
558
571
558
573
565
566
577
588
585
600
616
608
599
589
588
596
604
592
600
593
589
602
609
611
610
612
610
613
605
598
618
616
607
617
611
602
589
597
611
616
604
621
611
613
621
628
625
618
593
594
582
602
592
600
585
601
592
605
583
597
582
600
571
562
564
556
539
567
551
599
582
590
581
589
588
583
586
580
598
582
592
579
573
582
533
556
577
563
565
582
578
565
578
575
576
568
561
558
565
553
566
532
554
544
539
547
528
549
527
537
490
522
520
473
482
482
501
502
517
508
520
513
506
498
510
511
499
504
495
503
488
499
478
498
498
433
423
412
403
400
395
388
372
409
328
466
226
442
172
366
310
286
299
372
281
267
424
256
242
244
358
466
348
216
209
498
177
308
183
159
455
387
310
459
271
255
351
229
328
151
310
499
196
5
8
26
37
74
73
86
98
134
143
145
156
156
174
174
193
193
207
208
209
232
232
249
247
261
261
278
261
287
299
299
277
297
286
329
328
344
351
353
352
380
381
400
391
393
414
419
421
421
445
458
457
418
445
482
484
456
486
486
472
481
495
500
476
490
484
495
466
472
491
471
480
487
477
469
486
486
493
492
491
466
490
471
446
479
371
336
335
308
298
275
267
270
275
278
280
284
279
267
271
269
271
257
242
246
248
246
244
228
233
232
234
225
227
222
202
324
378
391
460
450
364
362
346
403
435
414
363
410
371
416
12
10
12
18
41
37
45
49
38
56
40
53
70
72
71
80
89
89
135
148
157
176
176
192
191
191
178
180
199
197
200
227
226
243
242
241
256
257
278
275
266
294
294
312
313
327
328
344
343
363
362
380
379
378
401
399
393
422
421
437
438
434
453
451
480
481
497
495
495
513
513
515
504
497
507
513
515
515
501
533
536
520
504
524
521
525
529
513
522
514
512
506
530
511
521
523
515
525
513
518
526
526
525
543
525
526
511
525
525
517
521
517
530
512
509
520
518
516
520
516
515
512
484
523
492
520
528
530
526
518
516
520
523
523
512
514
525
531
511
519
514
508
525
523
514
520
508
516
519
513
508
511
518
517
499
513
514
521
515
521
514
470
512
487
477
507
498
511
505
523
507
487
506
504
494
518
511
507
515
515
508
510
500
500
512
506
501
512
511
499
499
505
495
503
495
509
496
504
497
505
499
501
500
491
484
502
501
497
494
499
505
473
479
508
500
499
502
461
463
467
480
504
504
520
505
508
502
514
507
510
499
514
500
513
520
529
509
512
516
523
514
520
514
526
513
524
522
530
524
527
531
518
526
536
528
543
528
535
525
532
530
531
513
532
525
534
522
501
508
519
519
538
537
548
541
544
541
542
539
546
539
544
538
542
544
545
541
542
533
545
533
545
533
543
536
543
535
542
539
544
540
531
546
539
547
536
556
540
529
552
521
538
540
553
539
530
550
543
540
539
531
539
514
531
531
529
531
543
528
525
540
529
536
534
526
514
542
529
544
529
542
528
545
531
530
526
542
537
529
537
529
531
534
519
533
515
531
524
530
533
540
529
536
534
538
522
539
532
531
545
542
530
548
539
553
538
541
540
544
538
548
537
554
538
542
534
534
543
539
519
536
544
528
547
532
536
547
543
535
541
538
537
540
540
534
541
534
545
530
540
529
531
546
542
530
543
531
542
536
549
538
552
538
555
540
554
539
550
538
551
543
554
541
555
539
556
543
560
533
553
563
556
565
550
564
553
569
552
559
552
569
555
557
567
573
560
575
562
571
564
581
562
578
561
574
561
572
561
578
559
575
562
562
578
571
557
565
559
572
558
571
560
577
563
563
581
555
574
567
559
564
556
568
561
567
547
564
569
559
573
560
571
558
571
558
569
556
571
550
553
555
557
554
547
558
555
550
556
534
548
535
551
538
554
555
550
541
554
553
546
553
546
554
544
553
551
549
538
545
539
545
539
546
546
547
539
552
540
561
544
550
539
530
542
540
540
523
520
534
530
539
523
536
536
522
503
518
524
519
523
532
525
533
534
519
520
513
534
520
532
528
526
516
512
529
527
522
540
524
526
533
537
523
534
525
538
524
521
525
533
525
522
522
536
539
535
542
554
548
540
547
543
557
552
554
544
567
566
570
532
553
548
545
552
532
552
548
553
546
529
540
528
538
535
517
533
525
510
531
518
524
513
515
494
499
505
508
505
510
510
505
508
500
513
510
499
509
498
503
496
485
496
498
500
490
491
470
498
501
489
502
508
507
504
503
474
481
468
501
500
511
505
507
511
511
491
490
493
512
514
514
529
514
521
531
495
504
521
487
522
521
521
526
517
526
519
525
522
527
513
521
527
526
533
533
528
532
523
530
523
534
524
531
529
529
526
528
538
520
509
534
528
527
535
539
530
541
534
533
552
546
531
517
537
529
522
535
525
531
532
539
532
542
538
531
545
532
531
518
547
540
531
533
524
517
542
534
546
534
536
543
543
537
567
570
575
584
578
581
566
575
576
588
573
577
561
569
584
585
591
582
598
600
575
595
591
593
581
590
590
581
597
586
594
600
602
565
588
582
588
590
589
594
598
596
593
599
591
578
584
592
596
594
573
559
567
555
558
563
566
555
570
560
574
571
569
579
559
546
565
564
552
552
560
566
548
565
550
538
560
558
563
545
557
548
551
549
542
542
539
554
545
562
550
551
560
543
550
533
544
526
530
539
528
541
524
527
531
520
533
526
528
531
511
524
523
521
523
507
524
517
521
527
534
518
519
502
512
525
527
528
518
507
525
505
528
516
519
533
531
525
534
528
535
533
539
528
537
529
545
539
549
539
547
543
549
545
554
541
543
556
557
549
551
559
545
557
548
541
560
557
547
554
537
544
565
555
559
549
559
551
563
545
550
547
559
545
546
555
552
539
554
552
554
543
544
550
552
549
552
545
552
551
546
553
553
540
553
546
538
533
550
540
555
545
557
555
558
551
564
554
569
559
558
575
570
568
570
562
570
557
568
556
568
556
567
560
570
567
566
573
570
556
548
568
560
558
577
574
557
561
564
552
563
554
560
548
563
551
560
562
559
570
558
552
544
556
545
557
545
557
557
540
524
550
548
557
545
556
549
546
553
560
548
539
555
548
555
550
544
543
552
560
558
558
545
559
556
558
547
556
544
550
542
531
554
547
551
540
552
543
540
551
549
528
542
545
535
535
549
539
530
526
539
511
514
507
524
500
515
503
512
500
504
504
500
490
499
492
511
500
481
497
495
494
486
473
477
490
490
483
492
481
477
469
486
473
481
468
460
479
469
479
470
456
465
464
473
467
478
461
470
466
471
465
473
475
481
485
488
484
487
474
471
480
470
490
481
483
500
479
479
473
488
482
488
486
469
484
479
492
492
465
462
481
479
482
504
494
506
481
493
484
506
497
493
494
494
494
494
501
499
506
499
493
511
487
490
491
495
489
493
486
493
500
491
496
490
509
489
498
469
475
487
481
484
492
467
470
483
477
462
488
442
442
462
465
467
463
462
452
464
471
462
21213
21216
21207
21239
21249
21250
21254
21272
21258
21274
21276
21250
21263
21286
21277
21295
21283
21296
21289
21303
21306
21295
21291
21305
21301
21299
21300
21299
21300
21299
21297
21310
21303
21305
21306
21325
21324
21322
21332
21298
21330
21307
21314
21322
21304
544
520
319
303
168
389
370
345
334
21298
310
21290
302
21311
263
430
254
224
211
180
406
201
131
150
144
91
515
118
212
418
354
458
267
245
444
216
401
380
517
21314
282
235
174
126
471
109
349
22
54
335
24
264
262
21
343
22
24
4
19
29
32
35
41
44
32
22
62
26
21
47
49
46
61
138
147
149
124
60
109
99
131
169
163
177
175
182
176
192
196
196
206
206
207
208
233
233
248
249
268
262
285
268
284
304
316
316
332
333
345
347
346
370
370
387
388
400
401
421
421
434
436
452
452
470
471
491
487
507
507
525
525
518
530
536
538
531
522
538
528
537
538
542
524
545
540
545
540
546
546
541
552
529
550
548
536
525
535
544
531
546
531
543
541
535
531
545
523
541
536
545
540
538
545
544
542
510
538
535
520
523
520
538
535
556
535
549
529
540
533
539
514
537
545
522
542
538
550
542
535
539
558
544
542
553
554
559
560
558
544
559
556
561
550
559
544
550
558
555
543
544
546
529
538
548
548
541
554
555
573
552
541
569
547
535
522
541
543
538
539
547
536
512
526
525
530
527
510
528
535
523
541
530
531
519
514
532
528
522
517
526
523
532
526
535
526
534
536
532
527
542
539
543
529
530
524
537
524
507
534
530
517
520
514
521
522
508
513
527
509
518
498
520
513
510
529
524
523
516
514
493
503
510
501
496
495
502
510
507
516
506
497
506
498
488
500
488
499
503
496
470
499
492
481
500
488
501
486
487
500
501
491
504
497
503
491
503
486
503
500
507
508
490
506
500
491
505
495
505
514
503
471
439
419
392
218
203
414
150
95
319
308
279
272
252
232
401
262
211
464
470
173
169
160
196
136
143
120
433
117
358
108
329
478
502
298
237
489
407
185
379
340
98
347
291
388
496
331
221
375
56
52
94
99
124
151
147
166
166
184
184
201
202
221
218
227
227
245
245
262
265
285
284
310
310
330
342
330
341
342
376
376
400
413
413
432
431
451
451
466
465
487
498
485
505
505
523
522
538
529
535
555
555
571
571
566
581
582
572
579
567
587
580
587
580
570
591
580
590
589
588
577
584
562
591
575
578
586
562
589
572
522
514
510
508
504
506
489
481
480
471
561
461
445
431
427
425
412
408
431
315
292
547
372
238
349
400
534
386
302
291
270
456
269
265
467
212
175
322
176
379
362
228
210
520
303
200
247
335
11
24
35
39
41
46
53
34
46
33
17
8
43
22
5
2
3
14
14
22
4
11
13
12
33
41
45
59
57
59
68
48
39
50
56
45
37
34
5
6
9
6
7
4
37
37
30
35
28
31
24
54
61
53
58
61
60
56
59
75
72
61
56
80
82
109
93
114
124
112
105
188
186
197
192
186
177
194
182
205
209
207
212
220
233
233
248
249
267
266
287
295
295
313
313
311
342
343
346
371
372
394
394
412
410
411
439
439
456
456
476
477
502
503
523
521
544
544
564
564
574
581
588
579
589
570
583
582
583
573
552
592
565
566
568
572
564
577
567
580
581
571
582
572
584
575
583
579
585
571
573
567
550
562
569
564
556
570
556
566
560
564
562
552
540
536
552
548
547
536
547
535
546
536
540
524
494
470
483
511
542
468
505
514
498
523
543
508
529
519
521
509
519
512
523
511
526
515
507
536
522
525
531
527
535
519
531
545
521
534
531
536
507
536
489
510
508
511
540
539
534
544
531
540
539
540
524
543
543
560
566
579
578
590
560
560
551
560
548
565
556
564
555
508
529
546
521
506
494
546
538
546
545
565
547
551
534
538
550
563
529
542
556
541
507
523
523
544
543
548
542
567
561
554
553
564
561
557
554
549
555
570
553
565
548
542
555
560
547
559
546
541
504
507
546
539
539
556
556
572
556
570
560
566
565
587
565
575
544
555
495
526
530
488
537
541
517
509
563
556
571
554
550
560
565
567
561
563
570
580
553
554
555
545
550
543
554
561
551
542
566
556
554
553
554
569
562
555
549
557
549
550
557
548
532
557
558
551
558
560
573
572
574
574
549
542
541
540
541
582
575
579
578
585
566
575
570
566
587
577
567
579
584
573
583
594
597
595
599
597
590
595
606
586
586
597
602
593
597
591
593
602
608
584
592
614
598
593
602
591
577
600
599
599
569
575
572
580
579
588
581
577
570
587
595
594
574
578
566
590
569
513
483
447
382
584
435
426
115
366
536
345
466
329
316
462
295
515
276
246
254
487
217
404
220
190
156
177
397
559
127
118
475
530
332
276
284
500
196
415
142
130
577
383
339
277
232
307
154
75
70
79
73
94
105
128
127
126
110
114
57
130
112
128
113
110
99
128
123
115
78
127
68
68
124
61
57
97
56
113
126
114
109
100
78
80
76
66
112
99
56
125
69
4
2
21
18
8
20
23
25
7
11
5
62
72
72
86
78
76
74
80
62
44
48
42
71
68
76
52
77
79
97
46
81
79
124
120
129
112
90
66
39
41
38
51
39
39
64
43
50
66
46
37
51
48
46
45
3
17
21
18
25
41
15
29
8
33
40
25
7
19
18
37
43
42
40
44
60
38
77
90
71
83
93
60
42
109
65
86
64
45
20
19
101
84
79
68
82
28
104
71
6
19
16
12
19
49
46
59
56
27
29
13
32
31
40
6
19
20
45
34
20
8
29
36
7
5
21
5
18
10
8
36
34
57
57
59
71
89
72
91
70
96
49
64
84
64
79
54
52
82
86
55
50
94
8
22
46
44
73
70
83
84
106
99
124
179
195
236
230
251
250
266
264
292
286
306
298
311
317
318
333
335
326
323
329
343
335
333
341
356
355
369
369
384
382
396
395
398
422
421
437
434
440
440
456
456
469
476
488
488
505
506
523
523
542
543
544
537
521
513
535
520
500
511
512
497
495
492
499
498
499
499
502
496
508
500
505
492
508
508
512
513
529
511
517
508
514
510
529
518
513
524
507
514
526
523
511
519
518
516
506
516
505
517
506
508
517
520
503
524
517
518
521
515
501
525
527
526
522
517
519
507
505
517
511
500
499
492
510
497
503
496
507
506
506
516
506
512
513
503
502
511
503
500
497
503
488
507
514
506
518
506
519
511
501
515
518
502
512
491
498
505
506
505
505
504
500
505
500
505
502
514
510
511
515
516
511
499
512
524
490
498
501
500
512
486
495
521
515
509
495
512
498
517
501
510
514
508
498
496
505
506
497
506
490
510
506
512
506
515
524
523
515
515
527
529
518
533
527
516
532
518
528
532
531
538
529
531
545
539
526
529
550
549
560
560
552
529
537
540
550
541
556
540
555
548
562
550
548
561
561
551
556
549
560
547
561
546
560
547
563
545
556
545
555
545
559
547
558
546
557
546
563
547
559
546
544
559
541
557
538
557
542
553
538
553
541
552
541
549
537
552
536
548
535
535
546
551
533
537
537
539
542
535
542
540
543
536
539
541
541
534
541
535
525
536
523
534
522
537
525
539
527
540
528
545
530
547
533
551
538
547
541
546
528
544
543
535
539
547
555
540
554
536
545
538
554
538
533
525
538
552
536
554
544
538
530
533
541
530
541
535
538
534
544
533
551
535
531
545
541
527
540
526
524
541
534
526
540
527
545
531
543
533
543
536
531
554
547
550
540
543
557
558
542
557
540
557
548
559
544
528
545
531
493
552
472
469
519
488
517
516
537
543
541
532
543
535
544
542
537
545
542
545
543
523
530
535
515
523
504
516
524
522
508
519
483
501
491
497
495
512
504
493
507
493
501
499
492
502
497
491
490
464
458
475
474
487
488
503
503
513
494
476
505
467
497
510
500
501
480
489
500
490
497
494
481
503
502
480
501
495
502
497
511
499
505
512
492
482
496
498
502
511
515
509
517
507
510
496
508
499
494
515
489
498
502
504
508
508
522
505
503
525
513
504
502
521
515
522
515
530
515
518
526
526
511
520
535
534
544
527
542
528
542
533
545
535
518
541
509
527
532
524
536
540
529
531
539
530
516
539
528
531
528
518
489
496
504
522
535
513
538
522
535
524
517
535
518
529
526
501
515
511
519
521
513
514
507
497
505
504
506
500
491
502
501
497
497
503
501
514
512
497
514
494
505
514
508
498
483
485
506
498
492
489
499
478
487
482
502
500
515
504
519
512
520
512
523
514
523
521
521
526
522
532
523
534
517
520
520
522
535
519
510
526
520
502
517
507
500
519
514
501
493
500
499
492
480
499
484
502
499
486
492
498
486
490
503
478
500
488
495
483
493
486
494
486
484
484
489
475
492
483
490
481
492
492
485
481
490
485
476
488
491
505
493
494
494
494
497
506
496
499
501
508
515
503
510
514
516
517
524
522
525
533
527
520
536
521
524
528
518
513
531
501
524
518
507
518
528
523
505
514
514
524
526
517
520
531
520
515
529
524
524
519
526
522
531
523
525
530
534
525
527
515
502
535
533
525
522
532
508
515
528
529
519
513
526
516
529
525
518
520
520
524
517
504
527
522
542
534
546
556
534
548
536
540
535
544
531
544
535
552
541
543
536
552
545
553
541
537
549
547
535
520
536
535
549
539
540
549
551
548
546
551
547
557
555
548
535
543
546
540
545
544
535
533
550
526
526
539
542
531
519
525
537
537
529
538
525
521
533
536
534
531
539
539
533
523
534
531
521
537
535
543
531
543
529
514
530
524
536
520
524
521
527
514
527
534
525
542
524
521
496
532
519
518
534
522
522
532
528
520
507
496
484
505
511
511
520
514
514
534
517
524
512
532
516
518
525
534
512
529
529
529
522
524
526
530
511
528
519
521
521
535
527
527
537
535
509
505
520
529
537
524
525
538
536
529
536
529
537
531
526
528
517
524
532
517
519
534
522
531
530
528
534
530
532
509
512
530
519
530
521
503
522
518
496
501
521
510
515
510
516
509
515
509
513
513
529
501
503
524
518
510
516
504
502
514
514
508
518
513
528
514
523
525
531
516
522
528
518
525
515
524
511
511
523
523
517
520
502
499
506
511
520
509
526
516
517
512
528
516
527
524
526
513
516
518
522
510
519
522
515
529
515
513
523
532
525
532
510
522
516
522
522
525
517
524
515
516
524
512
522
502
509
520
514
509
506
508
487
504
504
517
515
521
509
517
513
521
512
510
516
509
517
515
524
516
501
518
516
486
488
500
463
508
496
505
509
495
502
506
517
502
508
501
503
500
504
486
495
485
477
430
335
480
180
488
125
452
322
492
317
497
307
279
268
487
258
478
225
218
196
442
398
148
391
379
127
135
110
98
163
466
343
357
365
450
293
263
207
257
253
172
135
107
287
415
153
411
185
372
275
37
45
44
367
62
43
44
42
43
45
42
39
41
47
83
57
355
38
37
48
44
4
3
5
5
49
52
16
22
43
44
35
39
40
44
49
52
50
52
58
53
66
57
73
85
87
75
57
84
40
39
33
84
27
70
93
71
56
28
73
29
3
4
16
15
17
19
16
13
7
15
16
7
38
44
43
48
60
28
54
56
42
72
83
30
41
26
38
69
24
49
67
80
7
21
39
41
50
63
65
68
86
90
89
71
89
76
70
87
60
76
54
49
47
45
71
69
73
73
8
7
3
3
4
12
18
25
32
31
34
57
69
71
74
94
73
82
65
68
28
40
19
85
62
70
53
48
50
4
19
28
24
40
38
53
54
45
58
57
68
66
67
88
86
96
89
97
76
77
72
72
73
74
71
72
67
71
72
75
77
80
83
90
76
76
4
6
10
26
8
17
29
3
18
21
18
30
32
18
29
8
7
17
19
21
39
36
35
38
47
55
63
67
36
60
26
21
33
46
25
4
10
9
27
43
55
65
74
96
111
140
139
170
212
211
212
218
217
241
240
236
232
265
257
266
273
278
281
280
302
300
306
302
305
327
321
337
338
353
352
365
351
368
357
367
350
387
390
389
408
408
431
430
443
444
459
459
476
476
490
488
490
513
498
503
499
504
505
506
494
503
483
480
483
497
490
483
486
461
448
358
331
333
315
310
308
300
298
290
288
284
278
269
265
265
258
256
253
246
242
239
240
238
234
236
227
228
212
206
209
383
398
443
357
358
351
349
347
413
410
398
356
482
426
448
483
438
466
4
15
15
28
48
58
57
82
113
135
159
153
174
174
182
181
191
188
198
197
203
209
220
218
233
232
252
251
258
265
251
266
290
290
306
306
321
321
333
333
353
352
366
359
360
358
388
394
393
387
420
420
436
435
432
457
450
449
449
476
481
475
471
480
487
477
493
467
466
473
498
492
511
509
514
503
517
504
512
505
514
500
21090
21091
21087
21089
21100
21102
21108
21095
21107
21099
21112
21090
21096
21089
21129
21129
21142
21147
21135
21157
21158
21110
21059
21030
21099
21132
21075
21145
21109
21041
21111
20979
20957
20947
21081
21044
21033
20963
21087
21042
21138
21062
21162
21166
21150
21165
21164
21169
21157
21164
565
581
552
552
563
572
545
532
548
544
525
519
526
533
524
531
517
530
507
465
499
319
318
330
329
348
347
367
366
381
380
400
399
412
410
400
422
420
420
445
445
462
461
466
450
464
434
439
463
473
473
494
477
493
490
507
502
500
512
506
522
520
515
517
507
517
506
518
511
518
526
534
528
530
542
538
530
510
513
535
528
529
523
500
495
488
471
499
486
519
544
527
542
523
506
515
492
512
536
512
524
505
496
517
504
452
525
309
154
132
133
136
515
296
308
481
269
401
219
417
215
386
474
213
462
202
179
172
481
388
360
347
310
500
138
133
435
101
99
327
430
284
211
186
217
368
345
139
99
280
268
211
446
411
108
260
286
182
127
136
129
156
156
171
169
171
200
200
212
218
225
226
226
249
249
268
269
288
289
306
305
325
325
338
335
337
337
368
367
386
385
405
404
419
418
433
432
442
447
459
459
476
474
489
483
499
498
508
491
512
512
505
511
507
543
537
544
537
541
541
534
521
530
534
545
539
551
538
557
544
535
543
546
534
554
533
541
546
537
548
545
531
532
544
537
532
530
540
528
534
536
532
534
539
529
544
532
539
536
539
533
532
542
489
502
509
509
499
502
515
521
513
524
516
502
513
486
508
500
492
506
498
510
500
496
502
484
492
501
493
492
488
497
488
500
483
488
510
497
510
490
503
493
498
489
472
490
496
500
488
492
476
486
489
491
474
484
479
482
464
477
488
465
483
477
489
475
494
485
493
476
495
488
496
492
494
502
495
495
497
505
490
464
512
468
490
489
502
496
483
491
484
473
494
488
495
502
502
494
494
499
492
492
497
508
507
506
508
487
502
514
498
494
511
512
507
511
498
500
492
501
496
504
498
510
499
501
517
515
500
484
484
499
491
493
491
500
505
520
502
522
522
536
527
526
536
533
540
514
505
532
517
524
548
552
544
559
548
563
555
561
548
561
551
564
559
566
564
560
577
575
571
564
571
571
564
551
563
573
567
563
570
562
577
577
592
595
585
584
583
584
582
580
572
567
576
571
578
575
595
587
568
558
578
563
573
561
571
556
577
564
565
576
555
549
565
536
579
529
512
508
572
566
564
553
582
564
572
573
566
584
571
584
583
576
580
560
568
573
567
551
560
553
574
574
510
508
497
486
484
475
560
445
339
326
196
184
428
339
465
330
436
279
265
287
565
234
336
212
219
244
413
516
158
146
100
138
472
358
393
536
339
288
530
200
177
132
116
308
550
171
395
348
257
37
18
9
8
17
33
47
40
62
61
72
67
81
82
79
70
90
102
115
140
151
152
192
204
223
236
240
231
230
238
231
252
250
268
270
275
274
294
292
314
312
324
323
336
336
355
365
366
383
381
401
396
416
417
435
436
450
449
450
474
475
490
499
505
520
519
538
537
557
556
572
572
593
593
570
567
591
580
589
598
583
593
578
590
579
592
583
591
585
590
583
586
589
578
585
573
559
578
572
574
405
369
360
343
332
319
320
316
307
429
278
231
179
169
151
520
438
425
566
285
270
503
532
246
376
204
462
386
481
166
140
447
134
113
114
507
523
298
258
197
348
545
481
218
190
500
397
240
558
7
8
23
40
59
71
87
122
157
156
178
193
192
201
205
203
232
226
230
250
250
262
262
280
290
281
291
288
317
310
328
329
328
362
355
374
374
387
387
407
407
424
424
424
445
457
456
468
457
476
496
495
509
509
527
528
544
545
528
545
551
546
543
552
549
549
543
544
540
554
556
554
545
540
458
532
105
512
366
456
355
386
344
496
328
500
276
270
438
246
231
209
179
154
201
424
165
398
118
410
376
419
481
519
324
304
312
219
445
143
133
182
353
283
240
121
545
261
382
405
103
74
74
77
396
58
323
75
74
74
65
73
69
68
72
60
60
71
391
73
72
80
58
326
75
67
3
3
3
4
6
3
6
23
6
8
2
3
21
22
9
12
11
5
29
28
41
34
36
31
27
39
38
9
17
9
9
17
24
27
33
33
39
54
51
64
69
47
72
78
69
34
57
77
65
25
59
31
30
32
5
15
13
31
53
30
50
34
74
15
65
77
69
23
81
43
66
45
23
68
82
8
8
6
22
5
9
21
11
11
4
7
6
24
6
14
34
37
20
42
38
48
25
19
37
22
36
28
8
6
7
47
46
36
71
72
64
84
117
132
139
150
216
223
231
234
228
251
236
255
253
260
258
279
284
277
299
285
327
328
346
339
354
352
373
365
385
384
395
404
406
417
419
440
440
454
455
468
476
477
490
492
506
503
504
530
531
527
556
529
529
534
546
526
568
572
574
563
573
569
575
561
566
558
572
562
565
573
558
548
561
548
565
546
549
557
559
553
557
545
558
555
551
557
546
558
556
569
558
579
572
577
587
586
586
585
585
593
602
600
613
620
609
588
582
604
595
594
597
588
647
639
652
643
650
656
660
647
651
643
633
619
641
641
626
631
620
607
616
630
627
614
605
618
608
607
621
607
584
594
580
573
580
589
564
589
580
575
581
557
568
577
570
575
582
580
566
521
582
576
529
514
516
522
521
502
501
506
514
526
512
508
525
504
509
517
507
506
519
509
505
496
485
512
507
513
500
493
507
483
491
502
492
481
505
501
474
500
490
496
503
496
495
501
506
497
504
500
500
500
514
513
518
516
514
531
526
514
532
512
524
515
531
523
523
529
521
534
534
529
535
532
532
531
549
539
546
540
552
544
551
538
556
549
555
546
552
560
553
547
533
541
555
555
540
548
541
555
538
536
550
547
536
539
545
532
546
532
538
539
533
544
537
548
535
536
546
534
551
535
542
537
547
547
535
551
534
547
534
542
536
552
535
554
539
547
540
551
541
558
553
556
566
568
563
569
562
571
559
571
567
573
561
552
570
561
570
564
575
563
563
576
564
576
565
576
573
566
577
563
565
572
564
571
574
547
560
562
554
542
547
553
554
541
546
539
548
533
540
522
531
524
532
517
521
524
523
526
513
524
516
502
520
528
517
518
526
519
505
508
498
519
507
505
493
517
483
508
461
438
430
369
335
283
368
204
348
344
310
289
306
445
283
282
423
262
376
244
498
212
226
415
191
170
177
155
143
129
475
94
115
453
323
401
480
255
418
391
167
362
489
87
152
225
195
386
26
38
25
58
87
100
147
147
155
159
158
149
188
187
190
215
215
241
242
268
262
285
294
293
311
311
326
324
336
337
349
349
361
362
375
377
396
397
397
377
423
423
434
435
436
453
453
471
471
492
491
510
509
528
528
548
542
551
545
560
535
551
543
563
546
557
549
550
531
550
542
546
537
538
544
553
541
553
545
550
545
560
548
552
560
557
556
549
566
568
552
547
557
534
543
548
560
559
551
556
543
557
547
554
551
553
545
536
528
548
546
538
542
535
552
536
550
537
549
537
536
548
535
548
538
544
552
537
551
539
525
500
515
539
489
460
546
418
516
480
446
472
442
455
511
503
511
501
511
502
494
497
503
484
491
473
497
484
501
490
491
485
473
477
494
489
476
484
477
479
490
481
490
489
479
482
489
476
491
459
480
484
431
440
448
452
451
470
470
488
488
505
505
506
521
515
514
524
505
521
531
521
517
518
503
523
521
521
533
523
537
519
533
531
530
541
526
542
536
513
523
504
524
523
508
518
518
513
510
508
504
509
510
508
510
511
498
491
498
509
513
486
495
500
507
513
503
508
498
481
498
500
513
505
504
513
490
511
498
502
511
516
521
526
515
528
520
528
519
516
536
529
524
534
530
532
525
534
535
543
526
538
528
536
520
535
522
533
520
531
542
534
517
527
533
531
521
531
533
522
531
521
507
543
527
519
524
503
503
521
509
509
505
508
495
479
483
503
489
504
498
488
491
504
500
500
511
505
509
511
511
502
494
504
508
512
505
513
505
506
499
512
504
501
507
511
507
508
505
512
515
514
496
508
512
511
517
512
510
527
514
494
508
513
508
502
497
496
508
520
526
516
530
520
511
522
512
514
520
523
512
567
562
570
555
573
557
563
574
560
561
550
551
551
563
567
561
570
564
569
583
571
576
577
570
577
559
571
577
568
579
580
580
578
570
593
572
591
581
577
565
564
570
562
557
578
562
574
504
562
551
520
507
521
529
526
535
542
525
528
530
539
532
537
534
531
519
510
479
458
468
507
487
517
466
528
496
514
507
506
518
511
501
518
508
513
506
513
507
516
509
516
525
512
517
516
521
509
510
517
527
520
513
515
504
523
501
511
509
503
484
504
495
495
504
513
508
515
509
507
500
499
514
515
521
520
530
524
537
525
536
530
535
530
535
530
535
523
534
527
543
527
535
520
532
533
517
537
533
522
516
524
536
521
534
525
535
526
538
535
547
549
553
534
537
548
547
545
544
537
527
531
542
538
529
527
530
526
530
537
534
536
538
530
538
533
546
536
539
537
540
537
536
530
536
533
536
538
549
533
528
538
529
529
529
543
528
539
525
524
542
528
539
512
539
524
534
528
535
533
551
532
548
533
545
543
547
545
551
536
519
541
537
544
529
540
526
542
530
549
532
534
540
531
546
522
543
509
525
536
529
545
530
558
561
557
561
548
556
544
553
538
536
529
540
541
545
556
551
548
551
543
559
552
539
552
535
534
545
551
540
559
543
553
551
548
538
551
525
531
546
542
531
542
534
538
535
531
531
543
530
512
539
525
516
527
516
522
516
519
515
523
525
492
501
530
497
497
509
488
500
496
504
502
506
497
510
515
506
511
505
508
497
508
498
496
510
500
504
487
507
482
507
502
502
508
510
505
494
498
510
519
510
515
504
513
500
518
512
509
520
521
512
507
512
512
518
526
529
521
530
521
536
510
520
530
520
527
516
527
516
516
527
509
520
513
510
521
518
517
505
525
513
513
519
522
504
512
523
509
524
500
503
512
509
516
509
513
506
509
511
511
514
503
495
511
509
509
500
510
504
455
477
491
497
483
464
433
444
495
482
499
488
494
490
500
509
507
514
507
524
507
511
505
512
505
508
513
520
513
515
521
493
505
513
526
517
511
516
509
492
516
506
499
509
521
510
506
506
521
521
516
485
521
491
492
511
510
520
527
531
517
505
532
509
525
514
523
512
526
514
503
516
521
495
517
502
513
505
454
445
498
455
447
420
488
433
454
479
518
483
499
497
501
492
506
483
498
471
484
471
483
487
473
470
489
484
478
488
483
470
484
482
471
457
475
483
466
477
451
464
456
471
456
468
464
471
472
456
406
425
424
443
444
465
464
483
483
499
498
514
502
505
511
505
516
507
502
498
515
497
486
507
502
498
467
497
482
479
496
485
502
493
495
502
491
492
495
504
499
503
500
504
491
508
505
475
496
463
484
486
480
487
484
484
471
478
474
466
466
477
469
472
470
478
476
487
476
483
482
482
494
471
489
480
461
470
471
487
487
500
483
482
503
496
508
502
509
501
511
509
524
514
523
523
523
509
510
509
513
527
522
523
506
511
510
517
526
507
521
527
519
523
530
530
524
524
513
520
529
523
540
521
528
508
532
533
509
532
515
528
525
525
531
518
525
514
496
506
528
443
422
453
349
392
386
385
375
434
341
319
303
272
482
247
221
290
237
483
203
422
188
157
190
135
128
95
107
417
258
220
148
119
414
467
474
499
374
327
287
228
178
402
308
155
472
513
388
401
362
237
381
235
235
231
234
127
69
110
108
110
105
104
108
96
89
234
87
231
86
119
85
86
122
74
74
69
118
71
121
73
111
233
231
108
235
93
93
85
86
74
72
233
108
102
87
86
138
91
83
298
184
154
127
137
138
134
155
166
163
181
181
198
199
221
222
240
240
255
255
253
276
276
289
291
289
314
313
328
324
326
347
347
356
357
349
348
349
348
322
290
286
349
181
348
121
349
273
349
244
238
226
217
210
206
348
348
355
179
357
176
333
153
134
316
349
317
348
348
189
344
174
349
121
115
348
267
350
195
140
304
260
