26
24
23
46
54
52
91
93
119
121
142
141
132
151
154
147
126
120
93
114
105
120
103
99
113
107
113
103
118
101
120
114
122
66
105
83
115
60
98
100
93
78
89
72
74
73
90
89
109
110
100
112
104
117
104
121
104
110
94
120
112
117
109
96
113
99
119
115
103
110
119
105
126
112
120
126
125
115
120
129
115
126
127
120
123
113
113
89
97
109
99
108
94
98
99
120
104
112
121
93
90
95
111
105
117
105
113
107
106
105
126
99
108
104
99
107
100
98
92
85
99
80
99
85
95
88
96
85
104
102
82
93
112
104
105
115
117
99
109
105
94
108
107
100
123
115
104
117
117
104
123
112
118
109
119
121
108
113
120
118
123
108
110
128
122
109
119
111
122
113
127
112
126
121
110
91
85
119
106
71
107
96
96
107
115
99
120
100
108
107
119
107
125
114
117
109
116
104
113
101
114
110
110
99
109
107
107
97
105
99
105
93
82
97
102
103
106
107
117
119
112
115
123
118
106
116
105
99
121
110
124
110
128
115
117
134
110
88
126
85
124
122
120
118
118
107
120
112
132
107
98
114
107
119
109
116
107
124
106
106
105
115
103
95
101
108
106
99
104
86
97
110
103
107
118
111
118
111
123
113
110
96
118
104
109
98
86
78
95
85
68
120
89
83
75
56
38
43
83
93
3
103
27
50
35
36
36
59
58
75
75
95
89
106
86
94
85
80
91
110
103
126
130
119
139
129
139
116
105
100
125
87
69
99
91
104
90
94
98
94
82
87
108
103
119
101
81
105
88
95
110
78
93
66
75
69
70
73
64
73
74
74
97
263
230
257
230
241
241
265
263
286
287
124
94
93
77
69
62
59
89
89
89
44
30
31
32
34
36
34
34
35
35
22
19
44
51
54
53
47
49
49
46
40
51
19
20
21
22
26
25
30
34
37
21
39
57
55
49
55
68
67
67
69
109
110
123
114
130
125
111
121
106
117
127
149
117
138
130
141
118
143
127
117
133
107
52
116
7444
7431
7449
7464
7475
7477
7473
7491
275
174
148
7474
153
170
143
121
133
145
118
71
36
77
88
109
47
50
85
84
91
76
77
93
75
92
100
98
90
115
98
86
106
98
99
88
75
98
91
110
103
88
107
109
109
117
86
101
100
109
111
109
101
108
96
103
100
96
104
103
82
94
99
94
99
93
101
96
101
96
102
106
94
100
94
107
94
91
97
97
97
101
89
99
88
102
100
109
100
113
111
117
106
120
117
115
112
112
114
102
110
88
102
110
101
111
116
105
115
106
96
87
107
100
108
106
78
94
94
85
87
101
103
105
95
106
100
111
104
101
94
104
81
101
95
89
98
91
102
96
104
83
106
95
100
98
91
96
91
105
102
112
105
110
119
125
136
139
142
126
144
125
134
121
124
99
113
98
98
85
94
87
88
95
85
89
84
91
87
90
95
95
81
94
101
96
106
87
93
104
89
98
102
109
109
98
83
76
93
107
97
96
102
100
91
102
104
100
91
111
104
116
105
107
118
106
116
110
100
85
88
107
92
75
57
67
103
88
98
100
93
91
82
91
89
90
102
90
130
120
124
119
130
132
126
135
134
129
101
108
113
102
111
103
114
107
114
102
118
107
106
96
110
103
111
101
97
113
99
107
115
108
110
103
106
103
109
98
113
107
111
113
116
103
111
119
113
119
124
119
132
122
133
131
134
125
130
132
127
114
133
122
114
112
121
123
110
115
108
115
100
113
106
114
103
115
108
113
110
102
99
113
78
85
102
95
109
101
105
99
105
99
98
110
110
130
106
112
111
116
95
107
87
114
101
110
107
112
110
108
108
100
110
102
101
116
95
109
104
111
119
88
111
108
109
100
129
104
124
126
97
121
116
114
118
112
121
109
121
108
125
115
117
104
124
116
108
125
104
125
98
70
107
86
66
146
133
146
133
133
89
97
90
103
97
104
122
115
122
115
123
119
111
100
110
126
113
99
104
100
96
107
99
99
81
99
94
97
97
110
107
99
79
87
104
104
115
110
123
108
114
122
120
118
125
111
125
115
103
116
129
122
98
114
121
113
116
106
124
102
119
104
109
116
120
110
115
125
120
127
125
123
119
109
113
105
118
106
104
114
112
102
109
101
83
111
102
91
83
100
90
103
103
105
91
105
101
115
105
110
116
118
114
108
121
120
117
119
117
118
107
111
102
106
106
97
90
96
63
108
69
69
79
94
82
92
80
90
88
106
105
121
113
100
89
99
93
87
99
88
99
103
92
104
98
102
96
103
96
99
101
92
97
90
96
91
103
92
98
97
105
93
103
92
104
92
98
80
87
66
96
84
98
91
96
88
86
99
83
99
91
111
101
96
83
101
112
100
107
81
103
95
97
75
97
88
64
107
76
93
85
98
81
113
102
107
105
111
119
129
98
123
125
102
89
113
101
99
107
103
95
102
90
94
85
102
99
100
104
93
94
84
75
72
62
57
51
46
83
106
4
8
41
39
44
43
59
58
56
89
89
107
103
115
95
89
107
106
104
90
83
80
84
91
80
79
85
90
79
100
101
107
102
109
106
109
105
102
99
95
105
96
861
859
1399
1392
1419
1409
1508
1502
1488
1510
724
727
209
213
124
219
113
139
105
125
121
95
124
139
94
121
99
112
121
109
136
136
153
151
150
134
147
144
133
154
136
140
135
126
108
99
87
77
61
50
36
27
28
43
58
61
63
65
70
51
46
69
57
61
7
4
19
29
31
31
30
57
77
78
77
111
100
107
118
114
127
118
98
129
105
104
114
85
108
94
65
31
33
36
75
53
91
91
105
61
30
57
57
57
70
58
67
69
68
67
38
99
85
95
63
57
51
51
46
90
53
94
93
18
76
26
31
32
24
35
61
72
72
135
116
132
130
125
121
124
73
125
125
115
124
101
115
72
97
92
91
107
104
99
102
114
84
80
71
66
62
59
49
44
102
105
3
31
19
23
27
31
33
37
20
21
29
31
29
49
51
47
49
84
83
102
103
118
101
98
113
100
110
101
108
122
119
128
114
138
118
122
92
103
127
117
123
102
187
180
162
161
188
189
61
191
163
192
63
69
175
71
54
27
31
36
34
85
32
33
4
28
5
22
20
4
3
10
7
16
24
55
43
42
40
61
61
80
80
101
100
106
110
119
110
105
117
114
105
114
110
118
107
116
114
115
103
118
109
115
107
116
111
115
118
120
112
117
109
117
108
116
103
117
114
114
75
113
61
84
105
92
99
110
96
94
71
111
88
96
95
119
111
121
118
152
158
141
154
141
150
138
153
145
97
132
108
51
73
53
86
66
7
5
16
16
2
12
5
4
27
27
38
58
57
78
78
75
96
88
97
95
107
100
105
100
86
67
69
67
100
73
113
102
113
105
123
104
124
122
113
111
105
113
107
95
86
105
92
106
96
103
100
108
108
99
102
103
105
94
97
94
97
94
85
11219
11253
11280
11287
11296
11306
11326
11335
182
161
168
11334
240
173
143
145
146
148
138
221
137
193
32
23
28
30
34
38
28
26
24
26
34
30
31
34
36
37
40
41
43
46
22
23
25
27
29
28
27
29
29
59
21
32
36
29
36
28
36
35
80
80
98
84
65
64
64
65
64
65
81
91
101
62
65
75
85
85
85
115
105
104
113
112
101
147
114
114
113
100
99
124
108
126
110
107
100
118
117
106
115
109
121
108
54
89
81
114
61
70
65
97
37
33
45
37
35
35
46
37
113
114
119
118
136
138
118
136
150
155
54
45
36
36
35
54
45
55
61
75
66
52
30
66
43
34
21
31
46
23
18
25
25
32
24
27
17
63
27
30
11
15
10
40
38
54
64
60
45
64
26
37
39
48
61
47
40
26
43
26
28
26
26
36
27
30
59
36
44
46
56
40
61
60
74
73
80
73
82
78
83
65
72
69
70
63
70
69
69
66
68
65
69
65
65
68
68
62
69
67
69
70
69
68
71
69
74
65
332
331
334
336
348
350
357
89
75
80
351
50
66
361
98
85
99
82
62
62
75
76
94
93
107
98
99
109
92
80
109
100
135
143
125
138
125
133
125
112
102
112
125
112
241
228
213
230
235
233
219
238
221
220
105
99
64
83
105
96
88
105
93
81
93
113
99
93
108
102
121
96
104
88
98
74
70
60
57
83
45
95
56
47
53
28
29
47
47
68
68
89
89
109
95
98
52
66
97
88
36
44
72
55
60
72
63
61
76
65
57
153
95
96
97
100
101
97
144
141
141
42
12
10
35
37
50
51
72
72
71
111
112
135
129
135
124
144
128
117
129
120
121
142
129
118
121
108
116
105
110
101
1142
1133
1141
1128
1120
1111
1133
1139
1133
96
79
95
91
90
102
64
64
94
131
124
137
123
157
164
177
170
145
187
125
134
189
132
117
118
96
100
90
104
80
89
89
96
100
88
91
85
71
93
68
78
85
87
93
70
75
104
98
106
98
87
112
93
89
89
107
84
72
93
89
92
85
77
82
77
84
80
74
72
88
90
84
80
72
93
87
81
92
92
91
84
95
94
69
92
97
91
101
93
95
99
99
92
91
87
79
84
95
91
88
91
101
92
77
101
113
106
122
108
107
101
113
105
102
101
116
103
108
120
122
109
122
113
118
105
120
113
123
112
123
125
126
113
125
116
119
94
109
120
105
116
105
116
116
102
104
84
102
112
100
95
85
96
92
102
95
98
80
97
91
97
90
86
86
81
74
93
92
86
97
91
101
94
108
99
95
99
93
104
93
103
92
85
97
100
112
95
111
71
57
95
78
83
50
100
91
111
84
67
68
85
83
102
102
107
116
91
109
112
101
96
105
94
100
108
121
106
119
113
116
124
95
121
110
109
97
114
107
110
107
95
105
96
111
111
102
113
99
101
115
110
114
110
99
103
96
103
101
105
100
105
111
104
123
110
125
112
108
120
107
122
109
122
109
120
107
124
110
117
110
116
112
111
99
111
98
109
104
106
114
112
108
84
108
102
85
114
105
109
106
109
112
107
111
122
119
137
107
113
121
120
117
117
122
115
108
109
116
114
104
106
114
114
111
114
106
114
111
113
116
104
96
104
112
112
106
112
96
116
102
114
103
103
103
113
116
119
106
98
116
97
110
102
101
118
115
99
104
97
107
95
93
106
67
78
87
92
87
75
99
84
95
97
101
87
104
100
104
99
132
123
133
113
124
117
112
109
96
104
79
68
67
69
70
65
67
72
68
88
75
76
77
97
108
102
116
106
108
100
101
100
114
113
98
110
63
62
95
71
97
87
65
81
72
85
77
75
75
99
72
99
132
113
125
117
121
104
120
120
87
128
72
113
66
86
98
97
88
72
72
104
67
84
100
106
108
100
107
101
112
122
122
128
85
101
116
115
107
114
100
107
108
103
117
108
115
107
115
103
110
119
101
112
103
109
101
114
102
116
101
118
111
117
106
121
107
119
104
113
105
113
109
107
99
102
101
102
96
94
102
91
100
103
91
102
90
99
88
99
91
92
100
97
85
79
94
92
100
87
89
102
106
96
72
92
97
99
95
107
94
92
103
107
98
114
103
107
115
111
109
110
107
109
101
110
103
107
103
102
108
111
105
111
101
107
104
110
100
116
107
117
115
106
119
116
109
113
105
111
103
108
97
107
97
110
108
110
104
110
104
108
102
109
102
104
93
69
85
76
98
80
72
71
55
61
43
51
68
63
57
62
76
69
74
72
75
73
77
68
61
62
69
64
68
67
75
74
73
68
71
76
67
90
76
85
90
96
98
88
96
107
87
104
89
108
101
120
105
113
121
99
116
112
107
100
90
101
100
95
94
103
105
92
77
76
103
103
89
90
78
72
103
97
98
103
97
98
112
110
107
103
124
114
104
115
112
113
104
115
108
120
109
120
117
117
114
119
111
107
94
119
112
105
122
107
114
120
118
109
117
120
107
120
107
106
119
108
114
114
106
116
108
109
116
117
107
112
116
116
104
119
111
114
116
110
108
114
103
114
106
96
115
108
114
104
118
104
123
106
110
102
128
117
132
130
134
127
132
125
107
128
104
113
102
109
85
105
101
105
93
102
93
106
96
106
98
99
99
115
109
108
115
109
112
110
101
118
109
112
116
114
109
104
114
118
111
113
106
111
107
118
116
120
118
122
119
126
119
126
119
115
123
124
114
118
110
115
107
111
109
114
102
105
113
116
111
116
108
118
111
117
108
112
102
121
104
110
123
107
117
102
115
105
117
107
111
108
108
96
106
100
111
107
95
106
106
99
82
101
94
105
92
96
80
71
61
89
98
88
88
91
98
94
91
93
86
93
90
100
92
97
88
103
92
97
96
107
92
103
97
106
90
102
97
107
91
103
96
103
98
91
89
79
98
87
101
88
96
90
96
102
95
108
91
92
87
106
100
107
102
115
106
115
109
126
125
111
107
104
112
109
95
102
109
108
94
108
101
108
97
101
108
109
100
122
114
116
125
123
97
107
55
73
113
86
84
92
71
88
88
90
118
110
131
101
133
103
108
130
108
109
62
60
183
67
196
62
168
69
42
66
12
16
6
753
9
10
10
10
15
13
12
8
3
28
17
33
19
17
49
49
50
49
71
73
52
48
67
54
62
42
55
53
50
63
73
71
74
84
80
77
53
58
72
75
64
77
69
72
70
82
75
67
76
84
84
91
85
118
114
108
116
100
105
115
72
115
109
76
92
70
89
90
78
90
70
79
91
90
67
64
75
69
80
82
82
71
75
64
64
73
65
66
62
73
63
78
59
70
69
45
57
49
77
77
56
82
46
49
48
55
67
60
66
67
58
57
61
2157
2158
2174
2167
2177
2176
2185
2185
2182
2192
89
95
81
78
78
66
70
78
73
64
66
63
77
70
83
83
94
91
110
111
114
82
116
73
96
46
71
92
80
56
89
78
96
97
116
75
67
44
56
111
83
76
78
105
64
65
63
40
59
60
82
66
913
901
912
937
926
940
940
963
950
129
966
113
128
121
111
95
110
98
99
89
101
87
104
102
87
100
95
106
106
99
114
101
99
111
98
89
100
108
106
96
102
90
103
94
100
91
78
90
85
144
137
155
143
155
160
157
179
165
176
123
129
121
124
124
127
109
119
109
123
119
106
88
94
120
109
113
109
119
109
103
117
96
105
78
97
103
76
90
96
92
83
91
77
72
85
93
77
77
93
92
98
103
90
104
99
110
102
109
104
118
114
108
115
114
107
114
108
115
106
115
112
116
111
117
103
116
108
109
116
113
106
112
105
81
101
66
88
108
104
93
94
106
107
93
82
90
100
98
110
113
106
101
111
104
112
106
104
112
110
100
108
113
113
102
115
102
115
109
102
114
101
103
118
111
102
107
113
115
103
117
104
118
112
118
120
109
119
118
110
118
109
117
109
119
109
118
109
119
111
118
111
115
118
115
104
111
122
109
123
108
118
111
123
111
128
117
119
112
118
111
120
106
119
111
117
104
117
114
118
110
118
112
117
115
119
106
109
118
118
110
115
110
104
117
116
109
115
106
115
107
115
108
114
105
113
111
97
115
102
115
101
116
99
102
115
114
103
87
99
111
120
106
117
136
124
119
112
113
121
118
117
92
93
105
85
96
104
113
109
120
103
108
102
106
102
107
117
114
103
91
67
85
76
52
105
97
95
89
99
87
64
82
82
81
97
97
107
101
103
95
105
97
106
95
88
107
98
97
108
89
101
101
90
96
95
113
99
118
117
137
124
140
123
136
126
131
123
104
132
120
110
115
112
116
108
118
108
119
109
110
118
118
105
107
115
109
102
103
111
109
103
111
105
113
103
114
117
116
118
113
120
120
117
115
122
121
110
119
116
117
107
116
109
104
115
114
107
112
104
111
99
110
106
89
93
109
97
101
108
95
81
107
98
98
112
122
104
102
110
109
101
87
111
105
121
97
100
105
110
102
116
107
116
110
118
110
118
110
107
121
118
109
107
116
114
106
107
115
113
108
115
109
116
111
109
116
115
107
114
102
117
112
115
103
116
105
115
103
108
116
95
86
108
111
105
97
101
95
99
102
75
100
104
104
121
117
127
119
127
124
115
88
127
97
116
100
98
111
85
106
98
105
87
104
98
107
100
104
111
116
104
75
111
89
109
106
99
99
113
113
110
121
118
107
106
122
95
114
103
113
112
99
117
103
106
100
99
98
99
109
109
98
98
111
96
107
101
113
108
106
107
102
103
106
91
106
110
96
102
95
99
84
86
113
101
117
96
97
103
103
97
95
103
101
92
100
89
91
80
76
100
100
93
101
84
40
66
71
47
89
102
95
104
87
75
80
79
95
90
101
107
110
103
113
109
115
113
118
105
117
106
115
108
103
115
117
105
112
109
115
107
113
106
112
98
108
101
111
95
108
95
98
106
92
103
100
88
94
89
83
76
97
89
102
94
108
98
117
108
105
110
117
99
90
117
105
97
89
69
79
99
88
80
111
110
106
105
101
115
114
117
107
77
91
87
101
88
90
83
82
90
79
84
101
97
93
87
99
97
110
113
96
117
124
122
108
99
108
91
97
88
78
71
76
74
63
74
70
82
76
88
76
88
88
80
74
96
84
98
104
90
82
70
95
70
76
93
90
101
98
87
101
95
93
93
93
116
104
119
109
108
122
112
104
117
107
92
99
113
116
97
115
99
114
117
109
107
120
103
81
106
96
89
100
96
83
95
94
76
109
95
94
98
80
89
89
82
85
96
100
88
92
99
94
93
105
97
101
91
88
102
90
79
98
68
91
83
95
95
95
86
75
95
92
93
101
107
105
99
104
96
103
94
100
95
96
88
96
88
81
94
88
88
98
90
81
93
82
83
91
107
98
97
91
100
98
110
108
112
111
106
101
105
92
101
89
101
88
98
88
96
93
89
92
82
86
92
80
19108
19101
19125
19133
19119
19158
19137
19149
119
19151
99
136
81
173
114
175
198
186
183
184
206
181
109
205
184
80
57
102
107
60
107
64
101
94
105
124
84
85
84
106
117
89
117
66
84
75
80
15
113
105
37
59
3
2
62
49
48
73
89
99
75
83
75
102
94
93
110
107
101
81
78
44
35
29
31
35
89
64
78
47
73
27
22
4
8
24
28
25
41
24
38
86
86
86
123
112
125
125
148
137
132
113
96
121
122
82
121
111
89
86
105
88
95
97
110
127
127
138
139
150
158
142
155
149
126
124
137
121
127
118
127
129
120
126
113
121
121
113
115
121
108
102
115
117
105
120
113
78
102
71
107
93
92
83
99
98
96
113
117
116
136
119
128
90
129
107
110
109
91
68
97
76
46
112
41
115
102
120
91
62
63
64
65
66
58
57
44
42
87
2
25
18
21
21
21
17
20
77
64
54
44
40
43
46
47
76
76
3
3
27
24
28
30
34
37
34
25
23
21
24
24
60
57
40
43
54
64
50
48
49
69
66
67
35
56
66
48
21
2
3
5
6
23
22
83
83
96
112
105
107
107
105
122
62
64
58
58
50
45
42
81
90
122
136
97
35
25
40
41
80
60
63
59
40
41
42
47
57
100
41
41
65
40
4
15
36
21
31
21
32
61
61
67
73
75
76
54
67
89
93
101
98
104
93
96
82
103
103
114
102
114
104
120
115
116
106
107
104
118
110
118
110
108
119
122
109
122
114
111
119
108
112
115
103
115
115
102
102
85
118
104
120
104
109
107
99
108
79
104
95
95
105
97
104
105
94
101
100
91
95
102
111
116
105
118
115
107
118
109
116
103
115
101
103
111
109
60
105
68
86
98
111
73
90
83
67
86
72
60
76
76
91
87
75
101
94
113
94
102
97
108
100
115
113
118
111
114
107
108
88
102
95
108
106
92
100
92
100
95
108
97
111
105
103
110
109
99
109
111
100
107
104
101
103
105
109
102
106
95
108
105
111
104
99
112
111
109
115
108
115
107
111
103
110
102
111
104
111
109
114
111
119
113
112
119
117
110
108
117
113
104
109
101
111
109
118
115
119
121
112
124
107
121
128
107
123
150
151
138
147
136
120
162
147
166
118
113
128
131
121
95
122
80
111
141
135
147
139
158
140
152
82
78
80
81
83
100
92
80
74
73
89
95
95
101
96
114
99
105
104
117
109
113
99
103
96
104
97
106
104
104
101
105
95
113
104
111
101
116
101
102
82
105
94
88
99
99
86
100
95
105
100
100
103
86
96
104
98
101
92
88
98
103
94
97
104
106
99
102
97
91
103
94
97
90
100
90
95
95
104
96
104
92
100
106
106
97
111
114
107
114
114
102
113
92
103
104
94
112
98
104
97
104
100
96
96
135
134
113
127
139
131
140
130
75
97
142
106
85
114
99
109
95
91
104
97
80
98
98
110
103
113
106
98
113
102
113
99
116
97
109
97
103
113
106
112
100
115
103
109
102
103
109
104
100
109
96
86
98
100
78
71
81
92
40
69
51
84
84
52
68
54
69
68
86
86
103
98
75
84
105
97
108
97
110
96
90
97
85
103
95
106
92
100
89
90
89
81
100
93
93
88
93
88
94
89
88
72
94
97
89
97
94
87
89
100
102
95
96
104
106
99
113
99
100
95
86
97
98
90
103
91
111
99
102
113
115
104
113
110
94
111
103
96
105
97
110
104
115
103
116
109
123
117
111
116
125
110
124
112
126
93
102
82
120
105
128
117
103
114
100
117
89
107
105
110
98
95
107
105
93
105
92
104
94
106
94
107
103
109
95
99
113
116
106
121
115
126
120
128
120
129
120
131
117
130
122
123
120
119
110
109
117
109
111
113
100
113
104
115
108
115
93
116
106
111
99
110
96
106
97
97
92
109
95
106
95
102
94
94
102
99
101
92
104
95
106
106
115
113
116
105
117
105
118
111
119
111
121
111
122
115
120
107
121
118
119
108
117
113
117
104
106
106
104
114
89
111
99
96
109
101
113
114
106
104
118
68
76
87
97
85
99
86
92
85
103
100
117
95
85
82
91
103
93
106
94
114
104
105
112
123
122
137
123
113
126
121
91
113
118
105
103
78
95
88
107
102
100
113
109
118
106
108
91
117
111
103
117
101
105
96
113
116
111
112
119
116
117
121
123
101
116
113
110
125
97
118
109
134
123
143
124
120
124
136
101
67
97
107
105
90
87
100
101
88
88
77
95
94
74
87
100
86
92
102
83
76
75
116
111
138
138
157
150
155
145
150
137
132
150
120
134
118
127
134
118
122
113
125
84
65
54
79
43
101
50
92
81
63
62
71
58
77
78
94
93
112
105
119
111
115
107
96
99
93
110
99
104
97
103
109
109
107
92
109
97
105
100
105
98
108
100
67
82
54
98
90
105
97
89
93
81
74
92
77
77
94
93
103
97
102
83
93
86
95
97
92
94
98
105
92
95
105
103
78
95
94
94
100
90
97
93
103
101
83
101
96
102
96
101
96
103
101
105
85
94
101
94
110
94
101
95
105
95
97
108
104
99
102
90
103
91
99
96
91
102
92
95
90
101
89
93
93
100
86
97
85
93
85
92
82
95
88
92
98
100
88
90
99
94
105
97
104
104
96
106
95
105
96
104
95
104
104
82
95
102
98
97
108
108
81
97
91
108
89
80
101
99
88
76
94
82
63
60
73
69
109
96
84
89
95
66
58
90
91
110
103
106
113
120
105
100
100
104
111
114
106
102
113
105
112
113
104
105
113
97
96
90
110
99
114
103
108
105
123
123
128
135
107
98
97
84
106
91
104
98
92
101
95
112
91
89
98
104
91
98
95
98
85
100
97
111
114
112
111
115
111
118
105
115
102
105
92
118
111
78
90
98
104
94
95
100
110
90
108
113
105
118
104
109
102
109
100
105
111
88
111
96
98
104
106
100
106
77
106
116
98
109
105
113
90
102
106
103
111
93
99
106
102
107
99
100
109
90
109
99
96
105
93
104
102
94
127
116
135
119
125
134
138
126
105
134
117
102
91
104
112
76
92
104
90
97
88
74
91
74
91
86
92
95
94
103
96
97
105
80
95
88
103
97
105
86
76
111
88
100
85
104
65
77
94
103
93
66
37
58
89
67
61
68
43
108
126
127
125
141
147
137
145
146
117
104
88
90
75
68
70
58
112
128
9
26
26
28
27
28
5
16
19
20
22
23
24
3
17
18
19
22
23
24
3
16
18
19
21
23
25
3
17
19
20
21
21
24
3
19
21
22
23
24
23
3
16
19
20
21
23
23
4
18
19
21
23
25
27
4
19
23
27
32
21
28
4
21
48
39
54
44
45
47
47
48
51
46
34
53
55
35
50
59
60
77
82
86
90
86
72
68
61
47
77
10
21
20
20
38
11
6
8
10
9
8
40
7
5
3
3
13
10
6
58
82
77
67
57
56
58
57
57
54
92
104
111
66
51
54
54
42
58
54
90
49
5
10
27
40
33
39
62
32
79
79
33
92
91
80
98
112
111
120
131
119
124
120
107
103
109
108
120
120
111
128
124
111
115
115
123
118
105
116
108
101
108
98
113
100
104
117
112
103
111
98
97
110
95
110
104
113
98
110
82
93
98
106
96
106
100
98
102
104
104
104
102
103
118
101
108
107
103
103
113
97
115
101
99
111
103
97
118
98
116
105
102
114
115
105
119
105
116
109
97
113
90
113
97
108
95
110
95
111
101
104
109
113
109
117
105
115
118
111
103
111
113
85
99
108
94
112
101
92
104
97
110
62
78
80
102
72
93
88
123
122
82
79
113
79
79
116
114
99
131
98
90
81
82
101
101
90
101
100
99
88
100
88
96
85
82
81
95
86
70
42
107
94
77
43
60
60
102
64
58
36
78
64
64
56
71
71
64
75
79
83
65
74
75
66
56
70
61
56
44
51
56
52
52
59
56
73
65
72
71
62
99
92
104
102
78
84
97
109
68
76
106
81
83
67
67
83
83
92
90
88
83
83
82
106
102
114
107
113
100
121
123
120
119
130
106
115
115
127
115
113
110
95
109
108
100
113
99
93
102
100
94
103
95
104
99
105
97
103
111
112
115
114
100
113
101
107
114
117
107
116
106
101
114
111
94
75
53
105
107
69
57
89
76
44
100
104
104
37
86
88
100
87
81
105
80
81
100
57
83
103
102
116
106
110
109
111
98
83
97
114
114
105
124
111
123
110
111
97
113
89
116
116
130
119
135
120
128
108
125
111
97
114
100
108
106
110
109
117
107
122
106
124
111
121
113
123
113
112
121
113
109
117
111
115
124
111
124
111
115
128
103
113
142
128
141
146
134
144
157
148
154
131
124
138
127
138
132
122
101
125
110
111
98
106
93
108
92
102
94
100
90
88
100
98
87
98
89
105
94
89
78
103
101
99
109
106
80
88
107
84
100
100
98
104
109
100
101
96
104
102
105
102
103
93
100
102
105
97
107
105
112
104
113
101
115
107
114
116
117
108
104
117
110
117
113
106
111
107
111
108
110
108
110
99
111
109
112
106
111
104
111
98
111
99
100
112
102
112
114
107
114
107
108
115
114
112
102
110
109
101
106
98
101
100
125
116
133
144
128
131
125
133
134
81
125
99
92
89
81
93
103
93
90
103
102
97
107
94
99
101
92
99
95
104
94
106
95
89
105
94
102
96
94
99
93
99
102
90
98
92
100
89
93
101
99
90
100
89
101
89
88
83
89
94
86
82
92
95
83
97
89
101
93
96
75
70
97
87
94
83
83
90
90
89
95
97
83
101
90
90
101
90
105
92
97
100
92
91
96
103
95
104
94
82
91
99
89
91
81
93
82
90
79
76
91
93
93
99
78
97
103
92
107
92
95
103
100
96
102
109
108
101
107
101
98
107
108
103
104
102
87
92
91
98
101
98
105
93
114
107
129
129
116
127
124
109
122
115
119
110
116
113
119
107
118
94
86
115
111
116
102
108
101
114
102
118
116
105
122
111
99
109
97
112
100
111
96
105
76
64
60
82
57
96
82
85
84
79
81
72
73
90
90
89
99
100
91
95
104
95
106
97
107
111
100
112
110
104
100
99
90
112
98
101
87
107
108
106
108
112
102
114
122
107
113
105
109
95
86
115
100
95
96
114
100
115
105
108
110
105
118
122
115
104
126
111
112
128
106
119
117
105
113
98
99
99
101
111
98
109
100
103
89
97
104
94
108
76
83
113
99
113
105
94
103
101
86
101
85
72
68
79
83
99
89
96
95
92
101
110
108
105
118
99
88
101
92
103
108
114
106
130
124
124
135
127
136
137
132
133
110
121
106
110
118
119
107
116
108
115
91
112
110
87
101
93
105
97
95
109
114
103
109
105
107
106
122
121
123
118
121
110
115
87
102
110
96
106
99
113
96
110
101
115
99
104
109
117
113
96
102
131
119
132
101
119
104
81
123
106
101
100
110
107
106
97
111
92
91
91
100
88
94
100
103
93
106
88
59
51
52
43
38
38
66
79
88
19
91
93
41
23
41
40
56
55
68
68
87
86
99
94
99
89
101
94
105
96
99
93
101
89
99
92
99
86
96
83
90
95
90
97
99
87
87
98
82
97
89
139
149
157
157
158
151
159
160
88
107
95
105
99
103
99
111
101
100
113
110
98
101
46
46
34
30
107
89
50
84
64
52
37
23
54
53
70
69
86
86
100
95
96
88
98
88
101
89
90
100
105
92
95
105
108
94
95
106
106
97
97
103
102
103
93
99
84
94
103
98
104
97
95
86
86
90
88
95
92
86
92
90
98
78
88
95
88
89
95
86
91
75
48
53
90
72
65
87
92
84
84
89
91
77
70
71
86
87
94
88
97
87
100
90
100
97
92
102
94
106
93
88
92
90
104
100
87
81
98
86
78
99
97
95
102
99
93
109
90
103
94
102
96
93
101
98
93
85
94
86
98
98
87
92
100
104
102
95
107
103
95
98
93
94
86
90
83
86
80
87
82
87
82
87
82
87
82
84
89
74
90
85
94
84
95
86
83
74
90
90
73
87
90
73
80
82
71
83
87
81
94
82
68
88
77
76
99
91
82
93
78
94
95
88
95
97
79
88
94
90
91
88
80
89
89
98
82
92
86
75
87
95
71
83
89
87
77
77
97
84
89
96
98
83
77
62
90
84
97
90
77
85
84
78
84
71
74
76
76
87
92
91
86
90
73
85
98
91
102
90
89
97
88
79
93
86
98
91
85
90
84
90
83
81
89
82
91
84
93
87
90
98
91
91
93
99
86
93
95
77
84
93
83
27485
27568
27597
27583
27597
27600
27595
27679
27668
93
119
91
254
137
67
92
80
27672
91
92
106
105
122
121
130
111
129
109
133
118
126
113
116
126
127
116
118
108
91
112
99
119
101
120
112
199
179
199
178
183
177
188
185
151
168
102
107
103
89
89
97
83
91
80
91
80
99
86
104
99
122
115
114
121
109
102
121
102
113
96
92
101
93
94
108
107
97
78
63
86
93
56
105
51
96
86
92
78
69
77
76
81
84
93
87
97
86
100
86
98
91
74
88
98
99
98
91
89
100
113
102
104
104
119
110
98
118
106
122
99
106
95
99
95
102
93
101
108
111
108
116
110
120
113
122
115
120
109
118
115
114
87
95
83
94
92
99
71
86
94
89
81
95
73
90
84
89
78
85
86
92
100
98
87
109
93
89
97
90
101
92
116
102
129
121
132
120
124
137
137
123
128
108
103
114
116
111
115
103
112
108
115
108
105
113
114
105
113
114
115
114
118
107
113
116
106
96
113
106
115
107
123
111
120
126
107
103
105
128
101
115
95
108
100
108
101
120
99
105
100
102
108
121
106
128
119
128
122
123
131
132
125
133
118
124
111
124
111
123
112
121
106
126
113
135
126
143
122
135
136
144
145
127
96
111
117
106
125
104
66
94
66
114
104
88
109
111
106
113
95
115
84
98
121
120
120
131
138
122
132
126
127
118
99
106
116
102
125
114
98
119
105
111
122
120
96
111
116
100
115
111
90
103
116
100
119
100
115
101
121
104
106
106
117
109
118
110
109
124
123
110
126
117
127
119
126
110
116
95
113
124
104
119
82
105
95
104
105
90
99
103
95
99
96
105
96
94
103
105
76
96
65
48
36
54
77
85
69
68
69
86
101
102
86
127
126
112
100
128
119
132
124
132
117
141
117
129
110
102
100
115
110
106
114
112
114
110
115
108
113
102
111
109
86
98
106
117
101
104
97
110
92
94
113
104
115
100
120
109
111
128
118
130
131
123
132
120
107
127
115
120
108
118
103
118
101
116
107
116
105
103
109
102
113
101
114
103
116
102
117
110
119
111
120
112
118
104
119
111
120
118
121
114
122
113
120
119
128
122
128
120
126
116
125
118
120
112
94
113
98
98
109
106
97
98
108
111
104
117
110
118
116
120
114
119
122
116
111
120
112
120
106
112
101
93
113
104
114
101
100
113
116
90
106
100
109
120
108
118
109
107
128
123
114
91
113
115
107
113
98
105
107
105
103
107
111
113
112
116
109
113
104
122
102
101
104
97
63
84
71
99
88
87
93
97
90
97
82
91
91
100
81
95
97
88
87
94
92
89
98
98
78
92
91
99
97
99
99
88
79
99
86
100
95
103
95
102
96
101
98
100
99
88
92
84
88
92
94
89
97
96
107
105
106
103
102
93
88
94
89
77
72
83
79
68
76
78
81
79
64
80
73
85
69
76
69
70
75
71
81
80
91
79
88
92
90
104
103
104
92
96
87
88
78
81
63
66
69
76
71
71
88
74
80
70
75
66
52
81
74
79
86
76
73
82
55
55
73
55
66
75
80
76
78
70
77
50
62
62
38
63
56
57
31
30
33
49
60
61
77
87
85
91
82
93
79
86
89
88
81
72
62
67
80
105
106
105
102
105
108
106
103
56
61
103
50
34
38
3
1142
1144
5
19
14
51
53
70
68
87
87
88
109
100
116
124
111
72
86
101
120
118
107
89
75
94
68
50
19
76
76
97
80
63
61
80
82
103
93
81
104
100
90
109
113
80
50
112
50
98
60
68
92
99
92
59
62
88
95
60
74
98
64
92
60
124
101
109
108
84
108
109
52
82
99
93
84
77
49
77
77
101
102
125
126
134
142
143
124
131
113
128
114
92
104
126
111
108
102
116
115
109
109
122
100
100
110
117
111
92
122
110
97
106
104
98
64
104
84
102
79
106
95
85
96
83
96
95
93
94
114
93
75
45
40
41
92
90
79
57
108
45
39
34
35
36
34
35
40
40
34
34
7
17
6
31
5
13
20
21
33
33
46
46
47
62
60
60
67
65
67
66
65
67
82
74
101
95
186
185
206
214
203
205
199
185
208
128
99
112
113
110
104
125
108
131
123
120
112
126
108
112
120
118
110
115
114
119
105
106
118
119
109
107
114
112
112
86
91
99
95
106
95
94
104
104
93
86
106
114
107
95
108
102
117
103
143
143
139
149
154
161
154
142
137
63
90
76
94
157
140
135
64
74
110
74
101
100
107
97
116
112
108
108
129
109
118
127
130
108
112
119
135
175
162
171
155
175
154
181
170
189
129
143
129
145
136
131
144
135
125
135
126
121
108
122
119
120
110
118
112
103
116
105
113
111
104
110
97
113
105
102
113
118
116
118
106
119
112
117
105
119
104
117
107
112
105
113
100
113
105
104
111
109
99
103
111
102
110
102
110
108
104
109
97
109
97
112
106
121
110
113
125
128
119
131
124
131
102
88
112
122
112
101
116
86
97
94
113
104
117
104
110
96
115
113
125
123
104
101
116
101
108
101
95
99
91
107
92
104
102
102
87
105
90
100
94
88
99
88
91
82
90
106
99
91
102
92
102
91
104
96
96
83
107
92
103
91
102
91
103
96
84
89
101
89
95
98
93
104
93
95
101
95
97
94
103
94
101
88
87
99
103
88
99
87
89
85
82
90
85
86
72
92
87
93
88
100
90
89
81
101
111
90
105
100
85
90
102
98
93
97
104
97
91
101
82
101
75
88
99
91
99
95
95
100
104
94
91
83
76
103
96
86
92
101
98
79
86
82
81
96
89
91
109
99
91
83
104
84
95
106
90
90
101
101
86
89
97
92
77
92
85
72
78
92
76
82
86
94
98
90
90
93
91
93
102
99
82
84
76
92
79
87
100
97
90
91
100
99
107
110
99
108
105
94
104
107
98
98
107
106
94
107
99
73
85
96
107
103
93
103
91
101
104
92
83
83
95
101
89
89
99
104
92
93
97
99
105
107
95
100
108
106
88
95
105
91
98
88
89
73
82
91
90
89
81
85
73
85
96
82
78
88
85
87
98
87
87
100
103
88
99
92
99
96
78
97
88
94
88
97
87
97
99
83
101
95
108
93
80
132
118
141
144
131
122
120
145
134
129
117
114
105
106
106
88
99
103
99
109
99
99
109
92
104
100
96
113
98
102
80
72
109
84
105
91
95
82
91
93
75
96
90
90
104
93
104
93
112
104
108
118
116
94
104
108
93
102
106
99
110
102
112
114
109
121
109
110
123
117
115
106
92
101
118
113
106
125
105
108
120
116
100
118
116
104
119
106
112
105
114
106
121
113
115
107
114
112
110
104
111
91
99
117
103
104
112
108
117
122
106
117
108
111
103
107
102
108
105
110
107
109
106
113
108
114
106
109
106
105
103
108
100
109
97
110
107
121
117
123
121
127
123
125
117
128
116
120
106
120
103
111
103
108
99
103
96
99
89
107
94
101
107
107
104
109
101
117
110
117
110
117
107
121
107
120
112
116
109
115
105
114
111
113
105
108
106
101
108
107
100
104
111
108
109
117
105
117
106
115
107
107
115
110
107
107
112
108
113
113
115
113
109
117
108
118
109
112
122
106
116
106
110
102
107
94
101
100
75
86
89
86
80
90
85
86
88
98
101
102
100
91
93
88
92
92
78
93
84
92
86
93
88
92
95
95
106
361
362
368
356
356
368
354
344
365
98
93
96
86
98
84
82
97
70
92
85
91
101
99
94
101
94
109
107
106
100
99
101
92
101
95
107
96
104
94
98
63
84
98
58
76
89
76
84
90
91
78
77
77
95
93
86
82
77
89
101
96
92
102
86
94
107
105
119
111
100
85
95
98
87
96
89
95
90
91
86
101
101
103
114
112
117
122
112
126
99
121
98
109
108
99
104
94
97
92
100
91
79
97
86
83
101
90
103
91
92
93
93
98
101
96
98
95
117
111
100
113
108
115
111
115
117
115
105
106
109
117
115
123
120
123
112
122
110
122
109
107
113
99
107
109
100
88
114
99
113
102
118
104
116
104
121
110
118
105
116
95
109
121
106
125
108
101
115
110
105
116
106
110
103
105
97
111
103
124
114
119
108
93
105
119
96
116
109
120
107
117
103
88
86
113
114
116
118
107
93
115
96
108
100
101
110
98
94
104
106
105
119
116
101
103
119
104
105
115
117
119
109
106
118
121
111
116
120
122
109
118
110
118
115
99
112
109
89
82
113
108
95
103
92
85
100
100
79
91
90
104
108
97
101
95
110
94
105
94
98
93
103
96
104
97
103
89
106
93
110
98
109
117
99
116
112
133
121
116
94
132
100
93
129
86
106
101
94
105
102
119
100
100
109
114
112
112
103
106
104
85
113
98
103
93
101
93
108
91
100
99
87
98
107
96
754
763
1393
1385
1405
1409
1419
1422
1410
1409
739
729
67
38
38
38
41
30
27
34
27
32
29
31
149
149
150
125
53
75
75
115
119
105
95
119
135
137
70
131
102
120
99
102
102
102
88
39
40
42
44
3
22
21
30
38
41
39
40
68
80
79
71
87
70
61
81
59
70
71
67
67
62
64
63
66
71
71
66
58
67
58
66
58
61
64
60
54
68
68
64
57
60
67
69
58
69
61
65
59
58
56
39
57
62
47
63
56
63
59
71
59
59
53
53
66
70
69
76
66
63
69
62
71
64
68
69
58
65
71
71
71
72
68
63
73
66
70
64
74
71
63
60
65
63
52
64
64
53
60
55
56
64
65
63
71
58
68
63
69
65
63
69
393
398
407
401
413
415
420
428
100
419
103
94
105
112
113
100
101
87
97
98
123
106
122
111
121
118
141
124
143
124
126
110
113
120
116
110
97
112
109
109
83
98
103
91
100
90
102
100
103
95
95
95
84
88
95
84
83
77
68
55
56
53
53
43
42
107
22
67
96
86
31
31
34
96
91
91
35
96
91
61
48
28
28
28
30
62
128
107
7
35
23
26
27
26
25
25
24
61
17
33
23
5
21
5
35
40
38
64
78
68
91
90
76
85
90
89
90
57
113
87
60
83
79
81
77
65
62
53
42
38
37
5
81
64
116
62
58
58
59
59
75
75
97
96
114
123
102
110
102
103
108
99
111
100
105
108
109
100
112
101
108
99
106
106
99
114
104
108
103
109
103
112
100
101
82
109
102
91
103
92
104
94
110
99
101
102
117
110
118
105
121
107
115
97
99
113
110
88
103
99
89
112
116
107
102
93
87
86
86
62
54
47
4
9
8
58
41
32
92
24
60
60
64
69
69
73
73
75
64
73
82
80
94
84
86
105
113
106
122
78
124
105
118
136
122
128
108
116
99
85
67
106
100
114
106
113
111
114
105
103
101
114
111
108
118
112
104
108
105
107
99
103
101
96
102
104
98
107
105
111
109
114
110
114
105
111
104
112
109
112
105
110
101
110
107
114
111
116
114
116
111
115
112
114
107
109
101
108
101
104
101
109
106
107
105
110
107
107
104
98
107
102
100
104
102
106
98
107
105
111
103
111
108
109
104
103
98
100
92
98
95
98
96
100
97
105
102
108
105
109
106
108
100
105
94
104
97
100
102
98
90
95
93
96
90
75
94
80
94
83
89
85
86
94
79
95
87
88
103
97
77
86
83
77
95
84
89
84
89
81
97
91
101
84
95
83
91
85
96
96
97
96
92
93
88
98
90
97
88
82
98
88
99
87
95
85
94
88
88
94
78
91
85
90
86
97
86
75
90
85
87
72
83
90
84
75
85
89
78
93
86
84
83
94
88
100
99
100
90
103
92
105
99
102
96
82
86
98
22379
22365
22376
22360
22367
22357
22383
22393
22481
22497
220
191
85
224
216
125
124
144
139
143
140
133
136
97
74
58
41
38
77
92
130
118
21
111
79
64
84
96
99
124
125
148
149
167
115
113
119
119
109
112
103
108
102
96
91
129
121
129
152
140
156
144
152
163
166
128
128
106
137
118
104
122
89
77
68
69
65
57
109
98
73
35
27
35
53
53
71
69
79
82
96
94
92
117
97
107
101
103
114
114
84
104
110
100
112
100
110
99
100
107
94
109
102
98
111
117
101
116
98
117
110
113
102
91
116
111
107
112
109
105
92
112
101
121
110
116
115
115
112
113
100
117
101
112
105
114
111
119
114
125
114
106
116
95
99
93
118
109
102
105
103
108
101
99
111
109
102
96
99
93
97
96
90
99
92
89
95
88
75
91
96
99
89
95
81
71
90
70
103
98
92
90
99
94
105
85
87
97
91
102
88
100
92
100
89
104
82
94
92
96
104
110
105
111
102
112
85
101
102
114
100
108
114
117
115
116
109
113
111
108
115
117
112
78
63
61
44
36
96
82
108
101
111
18
28
48
41
48
56
57
58
47
46
47
49
51
42
53
24
34
29
45
37
29
33
30
31
34
83
86
65
65
50
43
45
46
83
83
6
17
38
25
34
35
34
32
60
76
75
74
63
65
76
64
85
94
79
102
67
34
81
54
76
42
38
41
41
45
42
42
65
79
75
84
12
20
16
21
11
21
22
21
24
24
23
24
25
26
27
18
12
2
29
28
29
30
31
33
34
37
40
32
25
29
32
24
56
56
56
59
50
50
50
32
54
55
20
21
23
23
26
28
30
32
33
35
24
26
27
27
29
29
33
35
37
40
19
22
23
23
24
25
26
28
31
33
20
23
24
26
27
27
29
32
32
34
9
39
40
39
31
31
32
33
36
37
40
18
38
34
20
44
44
35
36
44
45
43
86
74
91
97
106
67
65
97
65
54
56
65
86
56
42
93
30
74
67
90
90
107
95
88
110
98
98
110
102
106
92
66
57
79
94
79
74
73
49
53
68
53
77
76
95
95
111
104
111
124
110
121
103
113
102
106
118
109
111
99
110
104
111
96
108
99
108
99
108
97
107
96
105
98
106
99
108
99
107
102
109
101
110
100
110
100
109
100
109
100
109
101
109
100
110
101
110
101
110
100
110
101
110
102
111
101
110
100
109
100
109
98
108
99
106
99
108
95
107
99
108
239
247
226
247
237
246
237
237
245
101
108
99
107
86
87
102
106
88
68
95
81
102
74
90
85
91
77
79
94
73
94
94
113
115
112
109
113
107
114
122
120
111
108
118
115
107
105
113
112
100
110
102
112
107
116
113
113
116
103
115
100
117
106
113
87
79
95
107
70
79
89
99
95
94
90
72
79
98
95
88
100
81
105
92
96
99
79
120
127
133
126
123
122
138
130
113
95
109
99
116
93
114
83
71
89
99
102
87
84
89
103
97
97
105
77
95
88
95
61
87
83
85
73
64
31
32
81
42
84
50
63
79
30
35
31
34
65
296
67
75
74
17
27
28
39
39
66
67
69
68
66
65
105
93
102
93
85
58
78
77
94
94
108
97
98
108
106
97
102
92
94
104
84
100
75
102
96
95
89
85
102
100
97
77
78
98
75
51
39
57
91
91
41
