46
27
61
26
62
87
88
115
114
130
140
124
151
131
107
121
117
120
93
109
119
107
98
92
93
88
104
91
80
100
97
76
87
69
93
94
90
105
97
108
98
115
115
106
121
116
109
118
104
112
119
119
113
107
120
112
117
108
114
107
112
115
107
119
104
114
103
105
83
99
101
113
104
110
114
110
108
104
120
118
121
119
113
95
106
103
80
95
94
95
108
84
94
108
105
103
96
89
108
102
103
92
94
107
95
96
104
111
111
108
106
104
110
103
110
113
99
106
99
121
113
97
108
97
114
100
98
92
98
91
78
98
86
87
81
69
91
81
91
86
93
83
86
82
91
85
87
86
89
79
88
80
80
90
89
79
98
88
99
88
98
92
104
102
106
97
86
103
74
99
87
98
87
95
86
94
96
93
110
110
95
114
110
101
106
103
101
92
101
94
102
91
103
91
102
95
91
76
79
93
82
83
102
91
100
99
108
108
91
123
113
98
92
97
112
99
108
100
111
100
100
108
99
114
96
71
93
88
100
90
97
91
97
90
86
98
90
85
93
95
89
103
91
91
92
106
101
85
108
100
108
97
105
82
94
98
91
102
94
106
94
104
96
109
104
108
126
114
120
114
126
119
131
126
118
128
122
100
119
124
110
123
108
122
109
129
114
114
113
126
118
127
119
127
118
127
119
127
120
126
118
126
119
127
119
127
119
129
122
129
120
129
120
128
119
125
117
126
118
126
117
136
128
138
130
138
131
138
130
138
119
126
117
100
123
115
116
103
93
107
99
103
95
103
85
103
97
105
104
110
98
110
104
109
103
111
106
111
98
112
105
113
108
113
107
111
105
104
111
103
110
108
96
109
102
107
102
107
95
108
99
108
101
106
95
107
95
97
105
85
100
89
99
89
99
88
100
93
99
98
110
99
109
98
104
84
90
111
1595
1590
1603
1592
1592
1600
804
1592
345
92
77
68
370
97
89
81
73
91
70
83
90
74
75
74
83
82
170
154
165
163
155
180
159
170
163
166
82
91
95
78
93
87
86
88
76
97
80
100
83
80
81
69
72
86
90
71
86
82
93
85
96
89
93
87
93
83
94
84
94
84
94
82
93
83
93
82
3123
3114
3126
3116
3115
3109
3126
3098
3132
98
104
93
107
100
110
96
103
96
109
105
110
103
105
98
104
102
108
102
105
98
104
101
101
108
105
98
104
103
107
100
104
101
107
105
111
103
110
108
112
105
111
103
109
107
110
102
108
2959
2959
101
2979
2997
2989
3006
2994
3037
3024
175
138
185
149
138
136
143
114
158
139
128
127
126
144
131
120
150
109
101
137
110
117
98
108
122
105
108
90
107
106
99
115
98
99
99
100
88
110
107
80
96
104
92
101
97
90
88
88
76
100
77
100
88
110
101
104
96
94
86
103
88
105
90
101
104
110
103
112
110
116
97
90
114
117
121
115
120
129
117
134
105
124
118
105
92
94
119
110
117
103
115
94
84
77
78
79
56
54
101
81
88
48
68
52
72
72
93
92
111
111
116
125
123
115
122
113
97
114
103
102
116
101
108
83
95
114
100
93
83
100
86
89
81
91
76
69
75
73
94
86
70
73
76
89
73
71
89
85
88
78
97
76
95
94
66
64
62
58
54
40
108
74
87
52
49
64
60
78
77
74
87
97
90
86
94
107
103
85
89
101
98
95
80
74
72
59
43
43
42
30
33
93
31
56
53
55
73
75
73
100
109
104
86
77
103
105
93
95
96
118
98
95
84
86
115
89
83
79
99
88
103
88
95
105
92
95
84
106
106
108
85
92
85
94
87
81
88
103
70
92
98
87
98
83
96
77
75
74
75
92
84
91
83
91
89
105
89
97
90
94
83
77
83
83
85
83
83
101
79
88
99
98
107
102
112
105
111
104
100
97
96
86
94
83
94
84
94
83
95
84
94
84
95
83
92
81
93
81
92
82
92
82
92
82
92
82
92
82
91
81
91
81
93
82
92
81
93
82
92
82
92
82
92
82
92
81
92
81
91
81
93
82
92
82
89
82
87
86
81
69
88
78
75
89
77
90
81
76
92
74
85
92
76
86
69
91
83
92
90
94
97
98
88
92
105
81
100
96
105
90
100
104
90
104
108
106
95
109
112
120
128
109
118
117
124
109
114
118
85
96
100
85
93
102
90
94
82
82
92
98
106
99
104
104
91
109
109
112
110
121
116
109
124
103
118
108
115
113
117
106
119
115
120
112
121
113
121
113
122
113
121
113
125
118
124
116
124
116
123
116
123
115
123
115
123
115
122
114
124
116
123
115
121
98
114
118
106
114
102
89
90
117
106
111
104
120
111
125
123
132
130
114
101
102
116
112
98
108
95
108
103
109
111
99
88
111
106
115
116
108
109
118
120
112
109
124
115
112
117
111
95
96
118
101
105
89
108
110
96
97
114
100
109
111
113
109
121
105
120
107
104
117
121
104
100
116
120
124
109
118
109
124
112
104
120
106
123
120
117
120
112
117
110
120
115
114
104
110
109
99
106
85
95
107
125
120
132
106
119
127
107
108
125
114
101
86
100
81
98
94
94
94
108
101
105
93
104
91
85
105
99
96
105
99
110
96
111
90
108
101
121
111
121
114
122
114
123
116
125
116
124
115
123
116
112
120
97
116
102
113
100
96
109
105
95
113
99
114
112
118
108
124
113
125
123
116
126
116
125
120
115
115
110
96
118
111
131
110
113
121
136
116
126
128
115
124
122
119
108
121
117
109
113
117
112
102
111
103
110
106
110
105
108
104
110
113
106
113
111
104
110
97
113
103
106
99
75
67
69
54
51
43
112
94
79
12
36
30
45
44
57
57
71
69
90
89
101
92
104
96
110
109
115
108
113
104
113
111
115
109
115
103
113
115
116
99
66
63
60
53
52
41
109
92
75
49
35
50
48
68
81
82
651
653
763
757
770
767
764
763
191
748
192
78
67
179
78
68
50
70
74
53
49
54
53
49
41
46
75
58
13
6
7
6
7
5
6
6
7
10
30
33
47
49
69
68
87
87
109
104
110
104
109
110
127
120
112
96
90
84
67
65
46
51
98
42
41
56
61
65
69
72
75
69
49
85
23
32
34
33
33
79
85
84
115
124
124
133
124
94
106
98
105
83
101
78
78
53
87
81
82
81
102
93
86
89
85
111
97
122
114
119
106
130
112
102
100
110
93
96
94
77
88
62
94
93
87
97
127
111
104
116
142
142
104
95
89
113
105
104
98
123
119
126
127
134
124
129
121
130
112
127
115
128
121
122
101
113
123
118
108
113
99
115
102
116
102
103
110
86
94
103
90
107
99
85
104
103
117
107
98
101
110
104
82
108
102
111
112
99
117
133
126
122
130
113
124
115
114
110
130
109
100
129
127
119
126
119
126
125
120
138
125
115
130
126
133
120
86
79
74
64
57
44
110
124
97
48
45
47
46
85
63
62
81
101
101
111
107
105
97
129
85
84
86
98
86
108
97
112
106
117
108
99
130
116
104
118
107
113
104
109
95
113
101
110
106
91
82
101
111
91
102
111
78
104
89
82
85
76
97
92
87
87
97
95
89
104
111
109
105
97
110
106
122
114
105
101
110
98
95
103
93
93
97
86
88
108
109
86
77
106
92
119
95
106
91
90
89
155
155
167
173
164
155
153
137
123
142
82
92
94
80
84
68
80
63
58
82
74
87
75
116
118
117
129
128
125
138
148
91
117
136
102
102
118
110
114
96
118
109
113
113
121
105
97
111
108
98
100
85
95
108
108
86
85
84
103
104
63
109
100
75
93
75
89
90
95
92
74
76
76
76
86
80
67
85
81
78
77
88
96
90
97
79
8942
8960
8968
8960
8972
8967
8988
8982
9000
8989
147
167
149
151
147
119
134
128
91
123
99
112
102
119
116
105
113
110
88
70
100
77
149
149
143
141
136
161
161
168
91
85
87
92
90
72
85
71
78
79
91
72
87
86
68
153
162
158
157
166
147
145
165
78
91
97
98
81
86
100
83
100
96
101
114
111
120
118
98
120
103
110
111
94
82
97
98
105
104
107
118
116
118
115
118
111
109
116
110
114
114
102
105
114
109
110
98
108
97
106
106
99
94
105
81
86
103
106
102
87
99
87
106
100
102
101
101
111
94
107
104
113
71
100
82
92
88
79
96
76
92
74
88
76
89
96
105
100
93
102
97
115
107
83
118
104
109
101
106
103
108
101
107
98
78
101
108
94
105
92
91
103
104
92
78
96
85
99
104
110
100
97
105
89
113
102
95
109
112
96
103
92
95
97
87
105
94
86
93
88
97
88
70
80
88
68
76
89
78
65
80
80
61
68
73
83
87
83
82
99
95
92
111
107
121
120
113
88
86
104
91
106
88
102
89
97
101
94
103
92
106
96
106
112
98
113
109
101
115
107
100
114
112
94
96
118
86
94
94
82
84
75
77
74
71
65
74
75
68
63
59
60
59
69
62
58
50
46
68
61
70
66
66
73
74
66
73
74
75
64
69
70
70
61
74
63
65
67
67
69
73
67
62
70
75
75
79
78
68
76
76
73
77
72
75
75
76
78
81
73
76
70
66
57
75
75
63
56
65
64
59
68
70
70
68
82
70
72
66
77
65
70
66
71
72
64
76
68
74
72
74
66
73
76
66
73
69
61
66
61
59
55
65
71
71
75
72
68
74
67
177
184
173
156
182
177
186
56
213
202
113
213
114
117
110
120
112
104
106
113
121
122
104
124
105
119
120
109
127
122
119
112
126
93
116
95
85
123
107
159
139
124
103
98
98
97
91
39
145
21
36
40
41
43
43
44
44
45
38
29
29
22
19
30
32
48
49
45
40
40
64
64
92
90
93
93
83
105
104
107
113
98
85
74
86
66
66
71
70
69
69
70
86
79
68
60
65
72
74
74
69
69
65
57
49
70
70
71
73
58
51
51
51
50
78
66
52
37
71
80
33
33
55
54
55
75
75
88
81
98
103
86
176
178
178
182
195
191
177
190
181
185
87
98
101
88
93
87
89
92
91
86
82
82
99
88
105
98
100
96
102
91
110
103
111
104
92
99
109
116
103
99
112
112
99
111
101
108
104
119
112
121
111
120
112
119
112
116
108
113
104
101
80
108
87
98
86
88
99
58
101
89
81
91
91
104
96
92
102
94
105
83
93
97
99
92
99
94
96
81
107
101
93
106
102
104
103
97
106
96
109
96
103
101
106
97
101
88
102
93
104
95
97
88
94
92
100
91
83
92
102
103
111
113
100
117
100
115
107
117
115
97
105
97
105
102
90
95
94
90
81
84
95
90
78
90
86
77
99
89
103
92
125
117
122
104
117
131
118
124
106
107
96
107
85
97
92
100
84
103
90
166
159
162
162
175
168
164
171
166
159
91
92
71
98
85
83
97
70
81
96
91
90
65
67
88
91
73
73
74
90
91
94
88
99
78
95
85
100
93
74
87
84
82
83
89
83
82
66
90
92
87
102
96
115
101
117
111
106
112
119
128
112
132
111
111
113
125
107
149
146
154
141
154
148
140
151
130
164
114
120
111
88
96
119
110
101
125
116
113
113
112
125
115
146
138
154
129
152
126
146
164
152
137
121
119
122
113
141
108
101
105
98
109
90
108
107
114
122
111
110
119
128
133
142
127
120
138
129
147
112
133
123
120
113
104
123
103
119
96
111
95
111
104
123
105
97
112
94
102
85
112
94
100
112
108
100
106
115
113
142
133
134
134
129
0
148
121
113
125
97
107
100
106
120
108
119
116
106
112
106
116
96
98
107
106
95
98
92
78
93
89
88
76
85
79
84
89
73
90
90
97
88
93
91
76
87
83
92
78
95
81
90
82
87
76
86
86
87
98
87
103
95
101
90
86
106
89
107
103
119
102
112
108
121
109
125
110
123
109
123
109
125
109
125
120
114
117
95
111
87
110
103
105
98
107
87
94
99
92
101
78
93
101
93
104
85
104
101
77
84
95
104
91
99
96
71
89
99
87
94
95
95
112
96
113
110
117
105
119
108
115
113
123
120
110
118
96
113
100
110
95
93
85
98
101
88
104
99
110
99
106
97
96
97
91
99
97
92
97
87
98
87
79
70
77
92
75
101
86
97
88
99
91
103
82
100
99
113
111
112
109
93
98
107
107
94
125
106
123
107
104
104
116
120
111
97
98
81
110
91
104
86
103
94
116
97
116
92
107
92
104
116
118
110
112
105
112
111
100
124
104
113
95
111
105
114
107
109
102
115
107
118
107
125
124
116
105
121
113
120
106
113
113
103
96
94
106
110
110
103
107
105
140
137
148
141
127
153
141
130
142
109
102
110
96
107
108
85
104
93
91
86
90
100
104
93
84
84
91
94
82
86
82
92
99
86
102
100
74
87
105
113
123
116
118
103
114
93
105
105
121
112
125
115
116
100
101
121
107
112
106
101
108
118
110
116
100
119
112
120
118
95
100
119
110
113
104
89
93
108
91
104
103
100
98
104
113
89
110
98
107
104
94
104
95
105
97
108
101
104
99
106
104
112
97
112
105
113
100
119
105
115
107
104
116
114
93
102
113
101
92
92
107
95
103
102
92
103
108
89
98
93
83
97
109
94
107
102
108
107
109
95
117
110
108
111
107
110
102
119
106
106
105
95
115
104
115
99
89
96
89
82
73
92
96
81
74
96
95
91
103
98
94
107
102
90
92
103
85
104
100
105
106
108
94
98
107
107
100
93
98
86
94
101
82
99
102
90
95
100
108
100
114
105
125
104
91
104
81
96
110
101
86
93
93
90
96
73
89
83
89
89
85
77
97
98
88
76
94
82
89
99
84
103
80
103
99
105
109
112
103
116
105
124
121
104
109
114
105
99
92
117
105
95
101
121
113
114
106
116
107
124
107
129
118
97
100
109
75
105
95
98
92
100
93
90
88
82
106
89
107
101
105
94
88
100
111
104
95
77
82
100
89
97
96
101
114
119
105
114
107
116
103
115
107
116
106
112
102
98
111
113
100
110
88
96
101
93
105
95
92
93
76
80
87
86
80
86
86
90
91
107
97
99
123
116
118
128
138
109
107
123
107
115
113
105
111
102
108
105
92
112
97
99
113
109
108
88
98
92
133
114
116
130
125
120
117
131
126
120
119
111
115
118
106
122
114
118
110
123
109
120
117
125
116
124
116
124
116
116
124
120
111
97
120
105
97
98
106
84
114
98
109
103
107
110
126
110
125
116
123
114
127
120
126
116
125
117
124
117
123
114
91
98
96
112
99
111
98
113
95
114
114
133
121
113
109
91
112
102
98
106
109
99
109
96
78
99
106
111
100
107
100
106
115
118
111
118
109
117
109
116
107
114
104
105
113
98
90
111
96
101
101
94
100
94
102
94
99
97
106
99
88
102
95
102
96
104
98
110
102
121
102
109
117
99
117
109
103
119
113
100
111
96
106
99
116
105
112
106
117
110
119
112
119
117
120
114
121
107
118
104
118
105
116
104
114
102
110
109
112
109
102
107
103
107
114
105
117
107
114
103
114
108
105
108
107
84
95
92
103
98
83
97
88
102
90
100
99
98
90
101
88
102
91
104
99
96
97
86
101
107
93
103
100
101
108
115
113
122
94
119
117
106
115
100
107
98
98
74
103
105
101
116
108
119
108
123
110
109
109
124
116
123
115
126
117
125
117
124
116
123
115
121
113
119
113
122
116
122
115
113
121
121
112
118
106
118
124
123
135
142
141
132
114
106
76
64
55
42
36
39
40
39
117
134
105
13
34
37
36
27
30
31
33
34
37
39
4
48
28
63
63
62
60
93
92
113
114
90
114
101
72
66
48
46
30
32
77
76
12
100
34
19
19
21
25
51
52
51
78
45
44
47
41
28
28
79
44
66
24
23
20
27
55
56
55
58
53
30
32
55
57
58
28
37
42
42
41
44
47
45
34
42
46
49
52
54
47
49
52
55
58
42
42
44
20
32
29
38
35
49
35
35
63
71
70
297
36
281
269
303
290
289
326
318
116
122
106
120
123
102
72
89
96
92
77
81
83
104
86
90
115
127
119
124
123
135
134
104
138
108
92
98
95
103
96
103
97
108
106
108
98
109
105
98
90
103
90
92
99
100
98
97
88
98
90
81
86
97
94
86
100
88
93
77
87
92
90
96
73
88
87
93
92
93
86
82
94
91
88
82
91
91
99
96
90
105
102
99
66
74
74
92
83
87
91
81
90
88
98
97
116
94
104
96
87
96
103
102
88
103
88
88
70
93
95
88
98
93
96
106
102
116
102
102
114
108
114
105
93
108
96
109
93
99
92
108
98
93
100
92
103
91
90
579
567
582
580
586
571
606
76
62
588
571
572
74
56
39
36
36
34
36
47
55
53
54
81
71
81
85
85
65
67
76
82
76
14
19
38
28
30
31
31
32
34
36
39
42
4
9
43
43
80
80
99
102
149
148
183
172
182
170
174
167
138
192
117
140
126
98
113
107
122
111
128
115
127
119
127
119
121
131
146
139
129
121
112
132
129
122
144
129
158
129
144
118
183
183
193
180
201
165
175
163
176
98
111
166
122
103
104
107
101
110
92
106
90
107
90
70
100
98
90
76
96
121
108
96
109
92
92
92
70
118
78
78
104
95
115
102
97
97
80
106
93
107
101
112
98
109
99
110
102
109
102
110
104
110
103
105
98
85
101
89
75
84
96
89
82
96
80
99
93
101
97
98
98
110
102
108
100
109
101
108
101
108
101
104
97
85
98
90
82
78
70
63
86
84
68
89
89
99
89
81
94
80
73
100
91
96
86
95
84
85
97
97
91
101
94
102
96
106
101
103
94
96
102
101
95
81
98
99
93
99
88
89
104
81
93
93
113
99
107
107
118
117
127
107
111
103
90
111
99
110
90
98
85
94
104
79
92
104
103
89
96
89
99
98
103
96
98
89
78
83
94
81
90
93
73
80
87
71
70
87
79
88
78
82
85
72
62
67
72
74
85
91
81
75
87
85
99
80
91
71
71
78
83
70
94
83
91
79
72
91
98
104
85
96
91
85
76
80
80
89
80
71
92
77
72
77
78
79
88
90
71
72
89
91
77
85
102
76
84
84
83
80
87
80
70
77
74
77
92
77
70
91
81
82
82
89
92
77
80
76
83
82
76
77
87
96
102
110
87
103
101
94
87
98
107
92
72
82
94
77
73
66
74
74
76
83
78
68
77
86
71
79
68
92
81
88
77
79
85
86
74
73
79
86
86
80
61
83
83
95
82
95
79
96
92
92
93
107
101
96
103
82
94
102
97
86
96
84
96
88
84
88
88
101
100
94
102
95
98
92
83
95
89
96
86
76
84
90
71
72
90
78
88
88
69
71
69
85
83
80
80
88
79
70
82
83
91
74
88
83
64
82
79
88
70
63
87
77
81
91
94
84
97
96
87
76
91
99
85
93
88
72
82
79
79
91
92
94
87
81
93
91
93
89
94
94
97
87
96
82
92
81
93
82
93
81
93
83
94
84
92
75
80
86
81
68
103
92
111
102
114
110
109
127
110
129
106
114
98
83
107
93
92
104
74
87
100
99
99
90
94
104
88
92
86
77
100
89
97
95
84
83
96
94
96
98
98
104
101
95
92
99
88
85
102
105
91
94
90
99
93
86
74
89
89
99
77
87
93
79
72
70
82
75
80
88
96
89
102
100
110
108
116
100
114
99
87
111
105
99
98
90
109
100
87
107
104
97
95
113
93
109
108
121
120
114
112
115
125
98
104
114
81
88
99
105
90
96
95
118
97
98
91
110
109
118
111
96
122
109
117
106
115
113
106
106
113
109
98
99
104
87
111
90
101
103
92
104
92
104
86
93
89
71
94
73
78
90
88
103
97
105
97
102
102
97
105
104
105
105
91
95
86
102
84
94
80
84
83
76
93
98
86
68
65
91
101
101
107
99
93
104
105
98
101
111
112
102
107
95
98
107
98
104
97
108
97
107
107
118
115
117
112
121
108
121
113
121
113
121
114
120
112
119
111
118
110
117
108
115
109
116
110
118
111
119
112
117
110
118
109
117
108
117
109
114
106
121
113
122
114
121
113
121
113
121
113
120
113
121
113
121
114
121
113
120
112
121
113
120
113
118
110
117
110
117
109
117
109
112
118
111
119
119
111
119
111
117
109
117
104
117
104
117
110
117
110
120
112
118
112
119
112
122
115
122
114
120
114
117
108
122
113
120
113
120
113
119
114
119
113
118
112
118
110
117
110
116
109
117
110
117
110
118
112
120
113
121
113
120
112
121
114
120
114
123
114
21243
21227
21239
21220
21658
21655
21642
21635
21620
21616
472
460
36
36
17
17
20
72
232
241
244
227
223
200
191
46
234
9
5
73
234
36
142
131
147
148
150
151
150
155
145
147
57
49
9
7
37
37
23
23
22
69
74
76
78
70
46
41
44
46
69
26
27
25
46
64
63
79
80
103
105
117
109
111
104
115
121
131
117
116
123
125
112
126
119
125
113
120
112
100
108
115
116
106
103
76
78
75
69
62
60
55
58
100
108
90
9
14
16
34
55
51
46
46
69
69
88
103
102
109
118
124
120
112
114
109
90
98
103
91
100
101
122
108
108
125
115
125
136
134
106
116
97
115
111
104
111
118
114
106
124
118
112
100
103
105
104
114
119
106
121
107
132
127
132
126
125
115
100
126
118
102
116
130
125
119
79
82
80
77
65
47
50
107
5
3
38
47
59
57
57
58
59
89
88
113
105
113
119
120
104
123
123
136
124
132
118
101
133
127
137
132
139
140
124
139
125
133
120
132
132
138
128
137
124
118
139
132
114
105
99
114
122
128
125
132
120
92
102
108
118
106
117
103
116
94
116
103
113
113
128
114
128
113
122
97
112
120
124
110
129
116
135
120
136
118
126
136
113
126
109
113
112
135
116
124
124
119
134
135
115
128
159
167
156
150
138
111
104
94
128
37
83
58
67
42
51
45
53
78
79
101
112
106
86
97
103
115
100
106
117
103
112
103
118
112
116
101
92
120
114
106
109
116
118
107
128
104
119
124
117
125
106
121
115
112
98
128
127
111
124
100
102
110
118
128
112
111
105
113
100
113
102
108
97
93
108
103
103
111
101
115
114
100
115
100
120
108
112
102
110
99
111
108
112
109
98
109
103
110
92
114
97
117
100
106
99
102
119
109
95
115
109
80
68
97
84
95
86
98
96
99
86
84
83
103
102
113
108
151
142
145
149
110
102
132
91
128
108
59
44
65
53
41
38
57
58
66
62
70
65
68
75
77
71
73
72
64
75
81
78
68
68
71
70
65
72
64
73
70
87
86
91
102
106
106
109
111
113
106
110
112
107
115
115
83
93
107
105
103
96
105
103
101
81
99
96
98
86
107
104
101
90
90
104
107
91
105
90
101
90
102
99
102
91
99
97
96
100
100
81
96
106
92
93
107
90
109
93
101
87
101
94
108
92
91
106
79
106
95
82
97
95
98
89
99
91
96
88
83
96
90
92
103
94
108
109
96
113
98
111
113
101
107
108
106
103
105
94
86
104
106
99
110
98
106
117
115
107
150
136
140
147
147
140
136
146
147
113
107
90
140
113
104
116
105
121
98
102
110
100
100
118
103
117
101
116
97
87
104
95
96
109
94
106
109
99
107
116
106
95
97
83
110
93
118
94
72
84
84
82
88
82
109
108
117
96
94
94
114
109
129
123
114
107
122
110
125
118
124
117
110
118
113
104
107
99
87
67
79
86
83
69
100
79
98
99
99
118
88
94
88
87
103
95
108
96
102
117
107
103
115
107
119
116
115
101
117
107
105
98
116
105
117
117
104
99
120
118
100
100
100
116
106
115
103
96
87
74
109
98
102
92
104
87
85
96
97
98
107
97
105
98
104
105
104
95
103
106
99
116
103
117
115
95
106
114
108
114
101
97
111
86
77
90
90
92
99
94
87
72
77
77
92
75
86
95
86
98
80
92
98
88
95
101
94
89
94
88
98
86
94
88
93
93
78
85
96
76
86
96
98
98
90
101
103
91
98
104
92
92
112
105
112
102
114
103
115
108
104
118
108
112
125
111
93
95
115
100
134
108
96
107
100
111
103
93
101
100
97
91
108
106
115
106
98
86
100
114
105
104
108
93
101
99
107
95
113
94
86
100
90
93
103
100
97
105
95
97
96
108
101
90
93
99
94
91
105
93
94
108
104
101
101
100
107
99
100
88
82
100
93
100
104
102
105
94
111
102
100
112
87
121
107
116
104
110
104
118
108
109
108
114
108
107
115
93
106
108
93
114
107
101
110
98
87
101
98
78
88
103
84
96
66
86
91
91
68
89
87
82
98
108
89
111
111
129
127
128
106
125
101
122
119
106
110
97
106
93
105
82
70
68
61
60
99
74
83
4
10
3
23
29
36
34
37
58
58
75
75
91
87
95
89
90
86
99
91
92
99
97
85
87
78
91
81
96
85
91
94
81
88
94
91
108
98
91
101
98
88
104
96
102
90
103
92
103
94
80
94
99
97
85
79
93
83
92
84
95
83
99
106
110
100
81
102
88
108
100
91
99
87
101
98
108
89
93
107
99
93
94
94
104
98
96
103
103
93
103
97
102
93
89
101
91
81
100
99
76
90
86
91
82
87
101
98
116
96
112
111
98
107
116
108
107
100
97
105
99
94
79
101
98
118
99
111
100
113
105
105
105
95
94
106
114
102
103
95
97
101
103
96
107
110
94
104
96
111
82
93
97
85
101
94
101
96
106
95
74
100
96
104
98
79
93
105
100
82
99
94
89
97
82
99
87
86
99
92
103
96
105
84
80
108
97
107
98
103
89
90
101
91
92
93
79
75
98
103
97
101
92
103
101
109
97
92
96
118
112
100
123
115
103
99
117
97
118
105
96
83
116
111
118
99
117
109
123
115
129
120
125
118
123
115
121
113
113
105
114
99
93
107
104
85
93
100
100
90
83
94
98
95
68
90
91
90
99
77
88
88
86
93
88
85
99
96
97
95
98
90
101
96
102
97
83
86
91
85
103
99
106
98
109
102
109
117
122
126
115
107
115
102
115
108
116
118
121
112
97
125
107
115
121
99
121
110
100
117
109
115
91
106
117
112
105
92
120
113
106
116
96
107
113
119
108
115
104
112
106
105
102
111
99
100
113
109
86
101
122
91
95
86
102
79
98
76
97
95
113
115
122
110
100
122
103
101
111
108
116
114
103
90
100
114
105
99
87
95
94
103
92
99
79
81
101
94
84
109
92
92
103
97
104
110
86
94
101
102
110
93
90
73
73
58
100
82
82
93
66
87
93
80
73
90
88
103
97
108
101
104
104
116
105
97
105
119
114
101
112
98
104
113
102
101
113
111
116
109
116
102
113
107
111
109
109
101
94
106
102
80
101
96
91
109
98
110
104
118
104
115
109
124
112
115
100
112
105
118
89
124
107
101
87
92
108
103
96
103
94
113
110
110
107
108
107
122
116
113
121
117
110
108
109
101
84
116
84
106
97
111
105
112
111
108
120
117
114
103
115
124
112
110
141
127
138
136
156
164
165
151
149
162
145
151
142
135
144
131
141
188
194
180
170
164
147
143
119
114
96
37
14
15
15
16
17
19
20
21
23
19
14
16
13
19
33
35
46
52
59
60
61
50
65
55
56
65
71
71
66
67
74
65
66
73
67
79
77
182
168
185
177
182
279
275
270
263
168
162
141
138
116
117
3
4
12
12
12
29
28
27
48
48
48
79
85
107
109
104
102
83
87
95
94
99
126
57
59
63
67
70
74
70
103
98
43
35
51
50
49
83
84
100
101
107
119
98
119
95
103
93
128
114
119
112
119
112
120
116
102
96
130
116
109
119
114
115
122
111
113
97
121
111
113
102
127
118
137
133
136
121
130
127
97
136
125
81
94
112
111
99
110
98
111
108
119
109
108
93
103
96
104
113
103
113
118
110
100
125
104
99
139
131
138
126
134
113
95
109
101
100
77
110
90
103
140
128
139
123
112
134
129
135
134
142
114
100
117
114
115
142
131
134
125
138
126
128
140
142
143
132
124
134
119
134
140
124
145
124
140
130
111
121
103
119
121
121
114
102
119
95
113
138
109
93
105
119
97
116
100
120
108
119
116
107
116
124
112
98
108
76
90
97
111
105
84
96
90
90
109
95
115
116
134
104
102
82
104
90
109
91
99
111
107
93
91
106
93
102
103
100
81
93
87
73
79
78
55
64
70
55
65
68
74
63
74
65
75
74
83
74
78
78
76
76
59
71
67
65
68
77
75
66
65
69
68
70
74
68
68
54
67
70
59
64
59
61
65
56
59
68
69
69
72
68
53
60
60
76
85
75
78
81
86
76
80
82
76
103
93
53
103
66
80
77
78
73
75
78
73
72
59
59
69
4
38
41
40
35
32
32
32
32
31
31
2
9
11
27
26
39
41
41
43
60
52
50
84
81
98
84
90
95
103
82
68
96
98
74
85
72
94
82
83
84
75
75
78
81
73
102
103
92
8
2
12
15
46
24
38
42
43
57
56
77
78
97
96
97
88
96
110
95
91
98
95
89
101
93
112
97
111
104
114
106
113
106
115
109
116
109
116
109
112
105
92
107
101
104
97
84
96
101
102
95
111
98
110
100
100
84
98
84
119
94
88
105
101
94
116
109
122
115
112
103
107
111
104
126
130
122
127
112
118
115
115
105
115
104
117
114
110
117
119
104
116
113
116
113
114
106
113
104
111
103
110
97
109
103
111
105
111
105
133
122
112
115
101
110
125
118
107
82
75
73
94
90
92
85
95
87
95
90
99
98
114
107
118
112
111
103
102
109
100
107
109
102
109
102
109
102
107
105
112
110
109
103
109
103
110
102
111
105
109
97
110
103
110
104
111
104
109
102
109
102
108
101
105
93
82
98
84
101
88
100
88
94
90
104
104
115
98
108
102
109
103
110
104
109
103
110
103
108
103
109
102
107
100
113
108
95
81
94
87
99
103
103
91
88
95
105
100
91
108
101
100
102
85
100
108
95
97
108
101
91
96
89
78
89
78
100
98
90
97
85
79
97
89
83
82
82
90
73
86
91
80
89
93
83
96
87
95
89
88
99
88
100
86
98
91
100
94
96
96
105
104
96
112
90
103
97
102
97
102
98
102
103
110
89
95
81
88
82
82
91
97
101
94
104
103
113
104
112
92
103
94
90
101
99
88
98
89
99
93
99
94
99
89
100
88
100
99
92
93
98
100
93
101
94
100
96
104
92
105
95
104
98
103
97
94
101
81
101
86
101
89
95
89
94
89
87
86
97
91
78
94
87
95
89
98
92
103
91
91
91
102
95
95
102
100
89
93
102
99
105
107
100
106
104
112
104
109
116
98
107
96
112
96
104
91
97
89
92
99
101
93
95
96
105
99
106
105
102
101
99
93
101
77
83
65
88
90
79
78
81
91
74
91
85
99
91
81
102
96
75
96
88
100
89
103
96
104
91
106
98
96
90
100
89
102
96
100
94
80
87
97
104
90
99
86
84
94
84
83
102
94
100
90
83
102
98
98
80
107
90
96
108
96
96
96
89
107
110
80
87
83
82
85
71
92
79
84
72
78
82
92
85
87
83
90
70
76
105
96
93
89
114
106
114
124
117
121
103
102
107
104
84
92
91
95
89
91
97
98
98
101
92
87
97
79
86
80
88
81
85
82
80
83
78
81
103
93
105
102
108
104
113
110
122
103
111
102
108
101
102
82
95
86
99
86
72
82
98
88
78
92
94
84
87
86
91
94
92
103
88
100
93
100
96
101
112
107
95
114
119
104
123
104
117
105
104
120
118
104
107
99
103
106
94
107
96
105
97
104
115
111
108
116
112
111
116
101
103
97
109
99
103
96
97
98
105
114
98
93
97
104
93
97
97
102
93
98
93
98
96
95
94
98
96
100
89
102
97
84
81
100
91
102
106
90
90
102
83
103
93
95
97
88
96
86
88
91
82
93
109
96
81
96
90
97
98
96
97
109
89
88
88
101
89
87
97
97
87
107
98
87
92
81
87
82
74
97
70
84
85
81
89
86
75
93
92
88
82
83
103
104
104
97
101
92
102
88
96
102
97
101
97
109
100
103
104
84
102
106
93
90
83
104
97
98
112
96
115
103
102
112
91
93
107
91
100
93
104
99
93
102
92
101
99
109
101
92
110
97
100
106
117
86
121
95
100
92
82
94
120
95
99
104
96
104
99
80
100
92
101
88
90
91
90
79
86
103
94
83
96
90
105
94
99
79
97
89
97
90
99
82
88
94
102
100
76
96
86
98
77
71
73
91
95
97
102
94
91
88
87
78
85
66
79
87
69
74
63
92
93
82
95
95
83
75
72
92
74
86
88
96
80
76
82
87
83
94
85
82
89
84
81
81
89
80
91
81
74
91
86
97
90
103
95
87
102
86
99
83
81
83
78
82
81
88
75
89
81
80
79
90
95
98
85
100
83
102
90
96
82
83
73
91
80
81
91
73
89
88
92
78
80
96
95
106
102
86
107
102
103
107
84
117
89
106
86
95
98
84
85
92
79
98
89
81
76
94
82
97
90
86
21347
21345
21368
21358
21363
21357
107
87
21364
77
21359
21370
115
40
42
32
34
37
41
18
19
21
22
23
26
27
29
29
31
100
66
111
35
70
61
63
85
84
106
108
108
128
96
102
120
123
116
118
106
125
124
145
121
114
115
119
131
139
132
138
107
128
130
118
116
111
136
109
114
119
93
96
120
126
126
135
115
129
121
133
123
121
124
107
119
103
95
115
100
93
96
98
96
83
124
106
126
125
139
130
129
99
117
116
105
115
123
107
84
94
109
135
124
107
131
113
106
115
124
151
146
129
141
132
148
131
124
149
150
166
156
159
171
174
126
147
143
134
101
120
101
127
127
102
93
104
111
112
96
91
112
90
94
103
111
92
399
391
398
409
412
388
390
410
407
395
111
93
113
83
93
103
81
100
123
118
116
118
106
100
99
111
110
116
96
80
96
92
86
90
84
93
92
98
91
95
95
100
85
93
106
91
97
83
80
91
87
79
80
80
92
85
78
98
85
83
88
75
95
86
97
92
101
96
107
98
95
105
98
97
107
84
79
102
95
88
89
107
95
99
90
71
68
64
52
43
86
79
107
15
13
31
14
14
17
16
59
55
74
60
90
72
76
76
93
94
98
83
91
91
81
99
90
89
84
92
73
81
64
81
81
82
69
83
89
61
59
79
77
67
76
95
94
76
75
87
80
97
99
83
83
91
87
105
77
106
89
79
91
94
90
101
95
103
72
94
53
77
88
81
95
88
72
70
89
86
82
83
73
80
89
72
96
97
86
97
75
68
83
100
93
108
77
102
76
90
73
65
83
91
83
72
90
88
81
80
71
83
67
71
79
96
92
94
95
93
109
103
99
95
108
88
76
96
72
82
92
83
98
124
100
110
100
104
101
115
116
121
94
102
93
107
99
99
101
92
103
112
99
104
109
95
91
86
86
105
104
107
98
104
96
108
109
120
101
108
106
112
99
97
103
107
96
106
91
96
108
104
105
85
91
112
69
88
74
98
84
78
85
87
81
95
93
87
94
94
114
106
111
112
117
105
115
101
114
94
104
90
100
94
106
104
84
109
98
89
97
120
105
113
106
121
102
106
97
105
111
105
114
103
118
106
127
117
137
127
107
121
117
115
118
110
111
105
110
101
107
102
97
106
106
99
106
99
107
101
110
103
116
99
109
115
97
96
104
111
115
112
108
117
108
94
112
106
113
108
100
111
94
108
72
91
87
103
70
100
87
86
115
100
96
105
107
90
56
80
80
97
90
105
94
104
96
95
106
123
106
105
117
121
108
95
123
118
94
98
105
116
107
123
92
103
109
103
114
113
104
109
94
106
106
116
101
116
106
114
103
114
106
105
113
90
111
102
102
95
100
95
96
95
103
104
85
77
99
94
82
90
88
102
78
95
84
91
94
80
92
104
105
114
106
129
114
119
131
130
113
129
110
131
123
123
116
124
113
118
111
81
112
110
99
110
89
78
112
94
110
101
107
99
91
102
97
103
95
103
98
77
89
94
95
93
76
93
100
111
93
107
101
111
102
97
98
99
107
106
99
104
97
85
98
81
101
77
68
88
82
89
99
91
109
108
107
94
117
104
110
108
100
85
131
100
100
112
87
101
104
90
94
87
90
100
112
101
101
97
107
100
103
103
100
111
86
100
85
93
84
100
87
98
89
98
96
94
100
78
100
86
97
81
75
80
93
87
89
73
76
89
105
96
96
110
94
108
99
86
108
96
100
82
86
79
94
86
100
93
100
85
103
99
111
107
118
109
115
123
123
116
119
110
116
105
105
111
111
102
105
108
86
99
107
111
95
110
96
110
98
114
109
98
100
111
110
89
98
112
113
101
119
108
119
106
109
109
122
111
120
111
117
115
119
97
117
113
106
101
110
103
63
103
106
85
98
98
109
93
100
94
96
101
94
113
93
99
104
105
101
102
102
111
97
108
90
98
90
97
85
93
80
95
89
96
85
100
90
103
95
89
119
101
112
106
112
110
98
91
112
109
102
116
101
111
109
119
117
122
117
122
115
121
114
111
119
114
107
113
104
113
106
108
103
95
122
107
118
104
112
100
112
98
118
107
108
111
93
86
111
104
119
116
118
110
119
117
115
105
121
114
117
107
116
114
116
119
115
110
119
118
114
106
114
110
115
105
117
115
120
116
118
111
114
112
109
95
105
103
106
96
111
103
114
115
108
124
111
126
113
125
111
125
116
125
117
123
115
94
117
108
94
109
85
70
85
97
102
88
101
101
93
90
96
87
92
85
96
107
98
106
100
115
103
118
117
130
114
140
124
110
116
110
115
120
115
109
117
108
120
106
115
94
101
109
99
106
94
106
92
82
106
87
106
99
94
114
107
113
113
114
102
104
114
114
98
105
91
90
105
93
101
93
82
95
101
111
116
94
106
120
103
111
119
102
87
107
97
109
90
112
105
85
100
110
108
102
101
115
109
93
96
103
104
101
99
111
108
110
115
110
113
110
105
100
85
107
100
112
100
107
115
116
98
116
93
118
114
101
113
104
120
111
112
102
101
100
113
119
104
104
112
113
106
111
104
125
109
113
115
91
104
114
96
105
84
73
91
94
86
95
95
99
90
97
89
105
106
109
102
105
93
94
101
98
87
103
90
89
94
97
90
102
101
106
91
107
101
108
109
110
101
105
94
105
98
103
91
102
92
84
96
91
90
96
87
75
83
99
103
97
88
102
97
102
92
93
117
109
98
77
79
73
99
93
94
93
108
96
112
102
113
112
121
114
121
114
121
113
120
107
121
106
122
107
122
109
122
108
118
104
121
108
124
109
122
99
84
108
103
115
99
102
82
97
109
120
104
103
129
123
117
133
92
126
95
93
74
79
78
112
102
119
116
133
129
144
106
142
145
136
149
136
139
130
141
129
153
129
150
140
182
192
131
177
127
102
150
159
91
109
72
21
23
23
23
42
56
55
56
77
62
70
70
59
85
65
81
79
86
57
67
66
86
96
94
88
91
84
97
101
114
118
98
94
97
106
117
108
101
44
43
45
48
52
56
59
87
29
41
51
60
61
50
91
81
80
91
112
80
98
91
97
99
100
91
88
102
100
90
90
92
79
81
95
104
84
92
88
90
88
75
61
51
53
50
95
103
89
22
23
44
42
24
39
74
83
84
96
105
109
109
119
128
111
101
98
91
203
193
196
186
200
199
207
205
213
88
89
203
106
87
104
112
95
114
95
106
105
105
114
98
105
112
100
114
104
95
102
96
101
98
101
93
105
94
107
89
95
97
84
103
78
102
88
98
89
107
100
103
103
104
104
114
109
105
116
93
114
101
101
109
85
68
78
99
107
63
99
83
93
76
91
61
63
88
96
98
96
88
101
99
84
109
109
108
114
105
114
78
67
64
59
51
49
108
97
84
14
36
29
41
41
44
38
76
75
90
89
109
102
108
118
89
81
118
119
106
99
94
79
81
72
84
89
88
103
90
108
93
93
92
106
96
104
105
94
98
108
93
92
88
83
79
76
62
63
88
104
41
33
42
60
36
94
73
89
111
81
111
83
110
117
93
53
34
35
38
43
106
116
116
31
32
22
51
51
52
48
91
102
102
128
120
129
133
139
124
124
147
136
160
124
87
77
78
61
37
23
144
133
110
56
65
65
67
91
109
110
128
128
144
111
125
124
138
131
124
114
97
105
112
82
81
85
73
58
41
89
4
9
5
21
33
32
21
57
58
78
78
96
86
97
85
84
101
96
104
104
96
94
79
101
95
105
99
105
83
95
97
105
101
92
99
87
103
91
80
66
63
58
50
42
38
70
88
88
18
7
22
32
40
35
53
52
69
69
87
83
95
95
103
91
93
100
99
86
77
97
89
74
93
94
94
86
75
95
89
98
81
114
109
129
125
132
127
137
125
115
114
108
85
85
106
78
70
92
73
87
91
100
92
90
103
92
88
95
81
86
95
100
92
67
83
87
96
91
102
92
91
88
71
80
75
75
78
82
77
82
89
82
92
73
96
90
88
90
83
90
97
89
88
93
86
94
101
93
93
105
98
94
110
103
105
99
103
100
94
99
93
86
96
85
90
84
74
90
79
69
81
76
92
83
96
100
106
91
79
82
96
90
75
98
78
87
84
93
76
95
94
67
89
87
90
86
92
72
70
66
83
57
79
58
80
81
80
92
95
93
107
92
74
94
101
89
90
100
89
94
76
94
84
100
80
88
92
97
91
88
72
97
81
74
76
92
95
87
76
83
83
89
96
97
88
85
100
89
80
79
97
84
98
83
88
94
83
99
92
89
82
93
82
90
79
93
85
91
88
93
83
76
91
87
102
90
95
78
90
85
90
83
74
95
87
81
90
88
89
79
104
98
92
90
94
90
106
90
93
100
83
76
95
63
98
92
89
93
84
94
103
88
73
80
85
86
94
89
99
104
82
97
89
97
90
100
98
88
85
100
102
92
100
98
95
94
76
88
83
82
83
85
98
87
96
79
87
78
93
95
104
89
99
91
95
92
90
83
106
95
103
94
82
108
100
98
126
116
101
103
98
95
95
103
88
89
81
105
97
98
86
86
98
104
94
109
104
104
96
111
102
115
113
131
138
128
116
131
128
116
127
116
110
94
103
103
116
114
115
107
118
111
110
116
120
112
111
120
119
110
111
109
108
111
109
99
111
103
115
106
122
116
129
120
129
120
105
129
121
123
109
123
107
122
109
121
106
125
110
101
124
111
124
111
111
124
123
112
122
114
122
88
120
103
111
93
99
96
99
91
75
94
98
98
121
104
90
112
114
95
114
114
124
111
120
118
131
113
120
110
123
121
121
113
120
117
118
111
116
119
118
110
119
114
120
113
121
113
122
112
122
114
122
115
122
114
123
115
123
115
123
115
123
115
124
116
123
117
125
117
125
117
125
117
123
115
123
114
123
115
120
111
119
111
121
112
120
112
120
111
123
115
123
112
122
114
118
121
121
112
110
118
113
105
111
109
116
106
116
113
119
110
126
124
128
120
127
119
126
119
123
113
113
120
117
99
110
106
113
101
110
112
108
89
97
103
111
110
97
100
94
110
94
79
106
101
102
97
84
95
103
94
102
99
96
72
89
89
97
92
89
103
102
109
94
97
110
111
96
93
93
104
91
103
94
94
112
109
97
109
96
97
110
111
100
108
106
108
105
99
91
96
110
102
104
96
102
100
106
103
110
87
80
100
90
90
95
83
76
92
88
88
96
102
92
107
96
108
100
102
107
83
99
106
90
103
106
91
101
89
65
82
89
94
89
105
89
104
88
94
103
77
95
90
96
88
68
89
83
95
78
83
70
95
89
100
93
100
98
87
87
83
95
116
109
121
120
106
112
120
113
122
117
100
88
100
93
96
89
102
108
110
115
121
115
108
113
111
113
85
121
99
99
91
98
96
106
121
101
119
95
97
118
105
113
100
90
114
99
104
85
96
103
108
96
112
100
118
104
108
96
116
123
105
118
102
110
98
119
107
111
110
122
114
123
116
130
119
123
121
121
114
100
124
110
122
107
91
102
117
111
103
108
101
119
101
114
104
105
122
105
116
114
111
110
87
97
115
96
104
96
114
111
104
114
99
116
107
101
116
92
118
104
115
108
123
107
126
117
130
118
123
113
119
112
119
111
118
109
113
116
114
107
116
109
115
100
113
100
114
110
114
106
107
109
112
109
114
98
100
113
98
106
95
88
97
104
99
94
109
97
112
102
107
102
119
118
125
117
119
79
96
88
112
117
95
111
94
111
92
99
97
108
107
122
120
124
116
126
124
126
118
126
118
124
116
100
124
109
123
109
122
110
121
119
97
95
112
107
105
113
116
101
117
107
117
115
112
112
118
107
116
107
118
109
117
103
115
122
105
119
105
102
115
112
101
100
99
107
110
107
101
110
99
112
113
115
104
116
105
117
124
110
130
116
120
114
114
129
123
95
108
104
76
89
97
90
95
87
91
89
84
100
98
87
74
87
96
93
99
88
102
95
103
101
103
119
72
89
85
100
68
88
90
84
76
58
60
60
79
83
82
73
87
99
88
95
94
102
93
93
75
89
84
93
68
82
75
86
74
87
89
87
75
70
89
88
91
84
63
51
54
52
52
51
44
82
76
64
