43
29
66
66
42
91
91
99
121
110
92
103
96
94
43
96
97
104
165
207
205
179
173
168
192
191
212
199
133
102
94
101
83
100
99
110
93
103
92
103
90
83
81
89
95
86
97
97
87
91
103
97
89
103
96
103
91
107
100
103
95
104
95
96
110
90
108
87
96
90
95
89
94
89
99
92
100
98
98
82
87
103
81
88
88
72
88
102
94
119
104
110
117
121
132
125
118
127
113
103
118
120
104
112
90
107
111
95
115
98
111
99
111
106
123
99
111
119
105
120
106
119
106
101
114
109
106
114
106
111
103
110
107
104
114
111
100
110
98
106
101
111
112
99
107
107
97
102
111
108
102
121
105
113
107
121
120
121
119
119
109
115
107
102
112
90
117
100
101
116
113
87
101
111
98
109
102
122
106
99
100
92
104
118
114
98
99
107
94
91
101
119
107
115
101
116
85
100
98
85
85
99
93
91
102
89
96
77
101
93
95
90
101
86
90
95
97
103
92
91
104
82
106
88
90
84
100
100
87
103
95
85
104
99
103
108
100
108
94
102
92
104
96
96
104
103
97
104
98
109
99
95
99
88
104
98
101
94
106
93
109
101
100
109
101
102
96
99
105
84
96
85
112
73
105
82
92
103
94
103
107
107
75
101
96
101
111
91
104
109
99
95
95
98
80
105
90
97
84
99
97
91
101
101
96
94
94
104
96
87
100
99
90
89
98
89
98
100
98
85
101
76
93
89
97
98
90
96
90
96
93
91
96
104
97
103
105
104
107
104
99
94
104
100
102
105
100
87
105
99
100
106
99
114
97
105
110
112
106
104
108
103
107
100
108
102
98
107
105
103
105
94
110
122
123
117
127
116
120
122
123
97
99
108
104
90
82
95
91
98
88
93
88
94
87
97
90
101
89
102
91
84
100
89
98
93
95
91
96
84
80
67
55
81
80
93
90
76
73
89
83
92
80
79
84
93
91
98
97
120
97
121
108
116
109
122
110
116
120
96
77
98
92
88
93
86
97
4605
4591
4611
4604
4608
4622
4605
4618
109
4613
103
111
112
102
107
104
109
107
107
90
110
95
110
89
103
101
103
96
102
87
106
96
100
111
115
102
118
107
120
112
119
107
120
110
117
119
116
114
3959
3996
3987
4162
4144
4131
4145
4161
4151
4145
293
259
103
76
56
97
32
85
54
51
40
19
86
62
55
50
72
72
90
86
105
95
105
125
110
126
108
116
109
121
108
111
110
115
103
108
115
115
103
149
155
155
150
167
165
167
164
159
104
92
157
72
116
54
63
41
83
66
40
86
58
69
68
69
94
95
103
105
94
81
86
80
70
71
64
65
45
102
83
11
57
4
5
5
22
17
7
7
3
24
38
34
36
33
37
34
79
79
96
90
104
95
114
112
92
110
109
105
84
82
71
60
99
92
54
78
70
80
67
100
99
119
103
119
118
131
118
106
105
115
112
104
113
109
106
106
103
108
98
106
104
106
97
101
104
105
102
101
99
108
105
105
103
109
101
106
101
104
95
104
102
105
98
102
98
103
101
101
108
104
102
107
103
108
104
71
85
94
132
119
117
135
122
136
134
93
104
98
106
109
108
106
107
98
107
104
105
97
108
105
108
105
110
108
107
104
110
104
105
95
105
98
103
100
104
98
102
100
89
106
92
98
84
104
88
102
87
100
78
87
105
95
106
96
110
96
100
112
109
101
108
100
104
100
107
100
106
103
108
102
108
100
107
101
104
102
101
103
101
98
101
99
98
100
98
83
101
91
106
107
91
95
109
97
112
89
102
107
107
97
110
98
109
98
115
100
102
103
114
106
112
105
105
107
106
99
109
101
111
103
108
100
104
111
111
108
106
120
122
120
128
126
130
128
95
132
112
100
109
117
115
107
113
105
112
102
111
103
115
106
113
111
116
113
114
111
111
104
109
106
103
110
107
109
101
109
109
100
107
100
89
91
104
81
106
104
111
110
119
112
123
115
48
98
91
98
75
65
42
52
84
39
39
59
59
77
79
101
101
123
114
127
118
115
125
124
131
128
120
126
116
117
109
121
117
116
111
115
64
60
103
94
90
81
115
92
112
97
114
108
104
85
92
87
94
96
116
107
119
77
65
53
94
112
97
102
109
95
120
114
77
90
89
108
109
119
108
120
111
120
111
103
92
104
110
108
115
89
108
95
101
110
99
91
128
103
104
103
104
118
116
119
113
123
119
115
121
117
118
109
95
109
81
102
91
84
90
71
97
83
98
99
97
117
113
117
112
120
122
112
116
126
106
112
103
116
95
98
104
116
114
123
111
125
119
127
118
105
129
118
111
108
116
100
114
103
117
116
108
118
106
108
120
134
125
138
130
125
139
140
131
137
115
127
118
108
120
119
108
90
107
113
114
101
121
137
134
126
141
132
132
131
139
115
121
120
107
110
102
105
114
115
103
105
109
108
97
106
90
92
88
76
97
91
106
90
91
104
90
117
124
98
106
84
93
71
99
84
88
75
89
111
99
102
108
109
107
112
115
116
117
118
109
105
116
125
110
124
120
107
117
105
120
102
105
104
116
104
74
87
103
106
96
104
96
94
76
86
77
89
98
99
99
101
105
99
106
96
109
102
99
90
92
103
95
101
102
90
99
96
97
90
96
83
92
91
83
88
83
88
64
76
89
80
91
86
93
93
77
84
79
96
91
101
92
94
101
85
93
102
81
108
93
103
83
81
69
56
55
47
43
67
91
9
7
11
5
12
10
3
4
19
8
23
7
7
6
8
4
3
4
7
7
11
23
12
7
23
2
10
4
22
5
9
6
4
6
5
3
9
31
46
46
64
57
72
72
92
106
92
105
111
117
104
118
104
103
110
114
100
105
112
96
107
89
100
106
79
103
96
106
68
84
92
100
93
97
106
91
93
96
85
99
77
100
88
101
88
86
100
98
67
90
93
88
106
97
106
97
113
101
100
99
109
97
106
101
111
103
112
105
118
107
111
113
123
121
113
127
114
131
112
130
112
132
122
119
106
120
111
120
118
121
113
112
119
118
95
109
117
105
118
105
118
118
115
118
105
122
107
124
110
109
118
118
108
118
97
109
118
101
107
107
110
107
104
91
107
115
102
114
93
119
84
105
114
118
142
122
132
128
118
131
121
132
127
106
94
106
94
104
90
109
110
98
95
112
87
92
112
108
101
99
107
91
82
106
114
115
97
114
73
75
113
115
116
111
121
110
105
120
101
91
127
114
112
110
106
119
113
88
90
95
113
99
93
103
90
99
95
94
94
106
98
109
98
112
96
90
96
107
101
96
106
93
77
96
90
110
97
99
94
94
97
104
102
109
99
101
90
107
94
108
66
49
86
79
107
58
85
91
81
84
86
81
69
85
85
103
101
93
69
104
95
72
83
102
83
89
97
97
104
112
87
111
105
97
105
111
112
110
115
96
117
116
105
105
107
52
84
45
74
93
57
106
70
70
78
72
80
57
56
66
64
64
59
93
87
100
82
90
103
105
94
102
108
43
27
29
89
72
82
53
56
57
6
31
37
31
51
52
66
68
67
92
92
106
95
107
93
105
96
113
96
10108
10125
10133
10154
10116
10149
10177
10149
127
110
10158
10168
149
98
165
163
146
164
151
164
97
176
87
181
111
181
142
129
137
122
114
68
75
122
121
121
167
176
159
149
177
164
167
144
160
153
136
124
103
135
110
103
116
109
116
118
112
118
117
108
115
111
72
78
71
103
106
90
133
120
136
126
127
93
70
151
152
166
160
157
171
168
162
175
167
106
118
123
120
125
116
118
114
110
120
118
115
113
106
113
94
103
111
103
100
117
117
100
112
101
112
103
117
115
103
123
111
126
113
111
115
114
110
101
103
99
103
94
115
106
106
99
109
102
110
100
114
125
105
105
117
122
105
117
109
123
110
117
114
112
120
119
75
116
98
82
123
105
124
112
86
65
90
51
26
107
52
87
62
33
97
71
68
86
97
72
88
88
87
57
85
36
73
85
48
50
67
40
40
58
60
76
76
78
104
98
104
98
80
106
96
84
96
94
86
93
88
91
96
93
91
90
119
95
109
110
97
111
101
110
96
102
106
98
95
105
95
101
103
96
99
73
90
78
101
89
83
92
83
85
95
95
103
83
99
93
99
92
94
96
100
88
102
95
102
91
101
88
103
103
102
90
103
93
104
99
107
73
102
93
81
98
91
93
111
88
102
99
83
103
103
101
87
109
93
103
99
91
83
91
97
87
105
106
79
91
40
39
33
61
100
32
81
53
31
34
51
45
52
73
74
91
90
109
104
116
101
130
123
131
126
129
118
132
124
128
123
109
96
109
107
116
93
106
102
114
104
105
120
113
92
105
115
107
125
100
100
108
116
104
93
103
80
103
116
111
115
113
116
103
92
116
104
100
108
100
92
99
92
101
89
108
93
97
97
104
97
90
81
95
85
90
91
86
102
90
101
92
105
95
93
92
102
83
90
107
94
116
107
113
108
122
113
98
107
112
93
111
97
113
99
117
116
116
108
96
110
102
109
111
104
105
113
95
96
114
120
103
41
102
22
77
61
60
24
83
66
35
56
56
56
73
72
90
91
101
102
117
119
105
102
117
114
100
107
112
109
103
112
111
113
105
119
103
114
111
94
98
98
87
95
92
107
80
103
77
101
116
115
117
110
114
104
111
90
84
101
93
79
101
94
97
95
101
99
118
103
114
107
114
114
109
102
105
87
112
95
100
95
97
80
94
93
97
95
102
100
93
95
104
107
97
108
106
103
99
105
64
90
53
84
75
46
94
109
99
102
81
76
83
85
97
105
109
99
65
52
105
78
76
39
93
52
84
95
88
89
83
83
92
91
106
107
121
119
116
120
116
108
116
114
117
106
116
113
112
109
112
104
107
79
101
87
96
103
59
40
52
86
16
89
72
50
42
66
52
51
72
71
87
87
109
99
107
116
107
106
122
122
107
118
101
101
109
109
102
104
96
101
91
107
100
105
107
106
88
95
107
102
101
121
100
106
104
96
86
92
98
92
98
97
92
109
101
104
112
118
116
115
108
123
84
107
104
91
115
104
118
103
115
104
132
107
127
119
126
148
134
126
140
124
133
144
139
117
139
109
130
133
139
118
96
129
78
79
89
96
87
95
74
91
74
92
92
102
82
111
94
89
110
101
112
100
109
122
132
135
133
164
159
135
146
163
144
65
39
57
76
56
80
80
76
74
61
41
80
37
80
12
96
76
88
86
106
124
124
117
124
162
48
90
162
105
77
79
74
59
36
37
38
38
81
38
116
35
3
4
15
3
3
19
22
14
10
11
11
44
42
59
45
64
64
64
96
94
94
114
101
113
85
68
92
75
86
109
96
111
100
92
122
113
101
87
191
188
160
190
185
162
185
175
85
86
106
100
109
91
106
95
103
66
53
82
104
76
116
108
94
92
91
95
103
116
115
101
105
114
101
114
107
111
101
111
114
104
113
105
113
108
115
115
123
114
124
110
122
113
117
103
122
115
107
115
103
95
93
108
99
96
102
96
107
105
84
92
108
101
99
97
110
103
96
106
102
116
102
97
85
33
63
51
69
43
91
114
104
87
96
73
87
80
87
83
91
101
94
100
104
90
107
104
96
109
102
98
103
103
96
106
88
108
102
105
123
105
100
113
117
116
125
110
120
104
122
106
114
106
112
98
95
108
103
81
69
89
82
76
94
93
83
93
89
83
104
101
76
102
94
104
92
111
98
112
91
109
108
101
124
109
117
101
85
98
113
112
98
102
114
106
110
104
112
82
81
76
91
98
99
96
106
94
92
78
101
111
112
121
102
109
104
87
89
113
104
97
156
147
142
149
143
155
142
155
109
115
113
150
136
148
143
139
149
156
145
137
135
97
106
107
90
67
98
70
96
87
104
90
104
83
269
282
281
296
289
302
311
308
317
311
129
115
118
127
107
124
114
99
111
102
98
106
78
72
95
94
104
78
73
59
58
88
61
84
84
106
102
104
115
117
115
129
108
120
112
116
104
117
106
109
101
105
91
100
88
91
104
101
93
97
90
70
96
79
77
88
79
79
89
72
87
79
76
60
87
102
64
81
117
109
107
105
113
67
81
81
95
88
94
108
97
101
93
105
94
106
96
114
96
110
102
111
99
89
110
100
86
108
95
99
90
98
86
97
90
104
93
102
100
98
92
84
97
84
92
83
91
85
74
54
78
57
83
78
89
82
74
71
86
79
85
98
99
87
84
94
93
92
110
104
90
92
105
108
101
103
100
84
99
90
105
100
104
99
106
104
95
89
106
90
85
102
93
95
103
108
101
119
102
116
110
112
107
111
100
94
101
85
103
92
94
99
105
93
102
109
86
105
116
104
93
78
92
95
93
96
87
88
88
104
93
109
91
109
109
113
100
110
102
110
97
107
99
111
100
100
107
111
103
113
105
109
100
89
97
104
89
96
87
102
78
97
88
83
88
83
72
90
86
88
91
88
83
99
76
94
102
103
96
109
101
115
121
119
118
101
120
113
113
125
133
114
122
113
104
120
113
122
110
97
122
102
103
110
108
119
107
114
113
100
123
119
112
126
109
109
117
115
103
117
106
108
101
109
95
105
97
105
99
105
94
108
97
110
105
92
112
104
109
77
57
17
51
26
98
84
83
39
63
66
104
103
101
104
105
132
130
120
147
96
133
83
81
106
125
114
102
108
102
61
67
103
85
94
76
85
79
97
90
74
97
88
97
103
92
61
45
90
80
64
72
34
106
106
102
75
78
77
95
99
96
117
124
127
112
111
104
107
98
94
93
105
95
105
98
105
96
109
107
94
81
97
77
90
92
55
34
47
16
82
71
52
70
48
28
45
42
43
67
66
80
83
95
91
98
93
95
95
94
104
113
104
117
105
115
116
120
104
114
114
110
113
116
106
108
104
124
114
104
111
88
104
108
98
102
97
97
105
93
108
84
99
83
94
98
93
82
98
81
96
94
96
139
126
141
138
134
138
135
143
133
152
114
101
112
101
101
99
112
106
107
95
101
93
100
95
96
83
108
107
114
108
94
105
110
96
107
100
98
62
18
80
40
50
30
60
61
96
35
56
33
45
45
28
46
18
25
34
26
47
13
35
35
43
45
49
51
65
64
81
82
93
89
104
103
112
103
116
121
127
128
120
124
118
111
94
103
98
111
93
105
81
100
94
111
91
106
100
102
97
100
113
113
116
107
117
104
115
109
119
130
102
112
106
113
119
117
112
111
111
120
107
122
113
122
110
123
118
129
126
118
126
99
122
107
125
108
129
110
111
120
130
114
119
115
129
119
124
117
116
98
121
103
118
116
99
118
99
107
90
74
112
104
98
98
116
114
105
117
85
115
111
108
107
100
110
102
109
96
99
112
105
88
79
74
85
70
57
112
100
85
98
80
85
68
69
65
80
76
80
96
92
82
100
98
99
96
108
98
98
82
95
108
107
99
129
123
122
124
124
99
118
119
129
126
109
112
93
112
59
99
71
78
100
106
100
69
71
92
90
98
82
90
94
99
91
88
103
93
98
92
49
64
100
59
37
83
80
90
77
75
64
71
58
74
63
87
89
104
103
100
100
116
108
127
111
118
93
103
106
116
88
103
109
97
110
97
111
116
102
113
102
112
102
115
114
114
113
113
111
112
106
107
113
78
97
89
97
91
97
95
89
87
91
88
85
92
84
88
96
77
100
99
106
108
113
104
117
103
114
96
87
93
91
100
79
95
103
100
102
101
100
107
98
93
82
76
89
100
103
97
91
101
92
84
100
96
77
98
98
96
90
99
90
83
98
102
84
104
98
103
95
62
78
92
94
104
102
90
102
89
95
76
93
92
85
94
106
105
105
93
103
90
94
97
80
104
110
105
117
106
111
90
101
115
113
102
110
103
88
105
78
109
109
100
102
98
113
106
105
99
111
100
102
101
115
103
106
98
107
95
91
104
79
86
103
98
94
102
92
82
98
97
77
115
113
106
114
108
106
122
119
115
124
109
110
96
110
107
102
121
119
98
117
103
109
85
107
100
81
105
95
91
100
93
93
102
110
108
119
105
126
115
137
104
116
131
130
119
117
120
109
97
94
105
95
95
87
101
88
112
109
103
111
96
112
98
110
97
107
107
109
78
101
97
93
94
93
97
84
109
98
114
106
109
110
101
111
114
111
99
79
88
104
96
86
105
88
105
111
122
106
123
125
145
146
124
144
129
136
130
155
141
149
130
125
143
131
117
110
124
143
141
137
144
154
145
161
118
130
106
121
108
84
128
85
64
83
47
45
104
65
44
65
29
61
29
106
27
29
44
91
73
85
31
24
26
22
80
62
63
50
61
60
78
78
97
95
113
112
114
110
102
119
123
116
124
99
102
94
120
118
124
121
81
108
108
59
117
119
104
45
100
103
103
53
89
52
54
85
85
98
93
98
99
91
81
68
51
29
31
31
25
3
3
3
4
5
97
7
12
15
8
20
9
19
13
6
16
46
36
38
35
74
75
97
96
115
94
115
109
101
112
88
96
75
124
68
95
23
86
23
48
71
44
117
80
67
42
45
47
69
71
97
98
122
118
136
128
141
130
145
133
139
130
139
113
130
71
100
92
113
90
110
75
103
84
83
99
101
124
123
144
143
152
129
109
116
90
103
112
80
110
108
108
104
102
94
98
85
93
87
93
101
95
101
101
93
96
83
94
101
109
103
93
114
102
109
105
101
113
102
118
112
111
125
118
138
120
139
137
141
119
122
118
115
108
92
94
87
95
87
92
93
87
93
79
84
98
75
93
79
104
103
112
111
120
112
116
131
125
118
112
120
94
90
98
105
91
102
96
102
96
114
110
114
103
107
93
71
63
85
97
92
105
104
128
108
130
127
110
137
127
139
131
144
129
145
138
132
142
138
122
133
125
97
115
87
108
132
114
108
92
81
72
105
69
66
79
38
43
79
35
72
68
88
108
126
126
125
113
125
96
125
135
119
136
41
96
68
117
83
82
69
39
65
35
38
58
63
83
89
79
46
62
47
74
54
82
80
98
92
101
108
123
122
138
133
139
133
118
110
96
106
95
94
87
74
99
100
121
98
127
111
92
90
126
117
129
129
122
128
112
130
108
84
94
137
147
153
154
135
138
165
157
109
142
88
120
53
76
78
141
106
88
105
100
73
107
93
85
114
113
131
92
57
122
120
72
39
113
87
61
94
64
43
63
62
63
81
94
94
116
127
123
109
124
105
114
114
128
93
108
104
114
108
114
105
117
110
119
111
110
118
116
108
112
103
103
110
103
106
103
105
101
98
101
94
96
100
89
92
91
89
94
90
95
93
98
96
107
98
115
102
106
113
111
108
112
108
113
101
114
111
112
109
111
104
102
109
80
100
103
81
87
102
96
93
96
99
90
102
103
98
108
97
106
103
103
96
103
96
102
100
104
102
105
103
106
98
101
103
101
97
104
97
103
98
104
102
108
104
107
100
103
100
108
100
104
102
105
102
107
104
109
102
107
104
107
110
106
102
104
98
102
104
96
103
100
98
103
94
102
100
102
96
103
101
108
101
110
107
114
109
111
104
111
104
106
99
104
96
101
99
100
92
78
92
95
88
99
87
98
100
89
105
93
92
105
103
101
105
101
104
97
105
103
99
108
104
87
107
112
99
96
113
92
105
108
93
107
95
102
93
99
104
108
96
103
105
98
105
102
99
100
98
96
93
95
93
95
97
111
109
114
112
119
111
125
123
128
119
113
101
115
100
113
105
100
108
110
107
20683
20681
20684
20709
20725
20714
20721
20712
20771
184
202
125
139
39
190
186
47
107
101
106
105
118
75
74
109
110
159
157
195
211
195
212
186
186
162
102
126
85
163
179
172
177
169
175
165
184
80
88
108
113
122
111
117
112
117
102
94
93
94
104
101
94
92
99
93
92
115
99
82
90
31
58
105
69
66
69
6
28
26
23
15
14
16
16
15
3
16
35
29
46
46
55
56
73
74
90
89
95
106
111
106
118
111
120
107
120
116
122
111
119
118
105
117
121
109
123
113
116
118
112
119
118
106
110
118
118
104
117
108
115
104
119
109
94
119
108
108
98
112
115
90
97
114
107
108
108
108
107
75
96
113
93
84
95
96
73
85
97
87
86
108
87
105
104
109
102
118
104
105
100
101
108
98
91
114
111
105
106
102
105
98
105
96
109
102
106
95
106
111
111
93
98
107
100
110
96
92
105
110
96
109
102
108
98
112
94
99
108
97
100
114
113
115
109
116
110
117
112
130
115
134
123
94
80
38
68
100
123
54
29
106
78
42
24
65
46
47
48
67
66
83
83
87
76
77
93
90
90
101
94
102
103
92
95
116
98
93
101
104
97
105
93
101
93
112
95
102
108
101
106
101
104
120
118
116
114
104
112
98
96
109
112
102
117
105
110
116
116
104
118
108
107
110
95
106
97
105
105
93
99
104
104
92
97
104
96
105
95
106
103
108
108
95
106
96
97
106
111
102
102
114
118
108
124
112
125
106
126
117
98
121
111
105
103
96
110
102
109
97
109
93
112
112
123
104
116
107
116
113
119
111
119
112
117
109
119
109
117
109
119
112
120
117
125
116
124
114
125
116
122
113
122
114
120
111
121
113
125
123
125
117
126
119
126
113
124
113
117
114
119
111
107
114
115
108
110
112
116
113
117
107
108
119
122
118
108
122
119
111
113
101
108
118
114
93
100
112
108
120
107
115
102
112
102
108
102
106
98
93
104
108
104
106
95
112
98
113
103
118
106
118
108
33
70
51
30
57
77
101
92
77
75
63
54
64
64
81
90
88
104
97
108
97
96
103
110
100
91
86
78
61
45
73
54
103
5
7
19
19
28
27
41
35
9
34
7
6
50
49
63
52
85
89
115
114
115
107
116
141
92
79
127
37
85
60
112
43
40
69
69
119
121
135
151
111
82
80
86
79
70
78
80
99
33
26
70
56
29
28
82
87
64
52
52
54
31
35
36
34
53
7
8
4
23
19
21
26
18
9
8
23
6
25
24
6
14
40
38
52
51
69
68
79
83
82
105
112
109
122
121
115
131
122
133
120
134
116
120
132
113
127
112
121
114
126
111
112
98
88
84
80
71
60
56
101
5
5
14
8
10
13
17
11
21
47
44
69
63
82
75
100
100
117
116
127
116
119
108
103
95
80
79
70
64
60
56
6
7
14
9
17
7
15
12
5
17
15
11
20
19
21
56
54
72
72
95
93
103
103
133
148
141
148
163
171
157
159
149
164
144
154
130
142
122
132
135
127
118
122
113
118
112
91
98
113
104
118
113
90
105
102
84
106
109
107
100
114
98
116
106
107
121
115
125
130
110
99
116
111
99
114
98
115
103
101
84
107
104
111
96
104
102
97
89
77
79
79
96
78
89
97
86
100
84
102
95
107
98
97
97
99
106
104
97
94
102
99
92
102
92
104
95
103
97
104
97
104
97
97
103
103
95
103
97
82
76
59
64
26
98
100
38
45
80
67
47
46
65
59
77
77
94
93
100
94
98
92
95
88
95
88
98
90
102
95
104
99
106
100
106
99
104
97
105
97
103
101
103
97
103
96
97
103
103
97
101
96
103
95
97
102
98
94
89
96
95
89
87
93
93
87
96
93
98
90
98
92
100
90
95
103
104
96
104
99
106
99
103
97
101
92
95
101
101
95
101
96
103
93
103
98
104
100
107
99
99
79
94
102
91
100
88
100
87
101
93
89
98
92
96
90
95
89
100
89
96
93
90
100
120
102
108
111
117
97
110
115
118
92
91
84
71
70
98
88
87
86
106
102
85
82
84
89
102
94
101
77
87
97
90
92
94
86
78
40
65
46
21
34
59
85
78
77
94
94
70
80
85
89
89
108
96
98
93
61
75
31
49
67
42
74
65
80
61
49
59
66
77
76
92
90
92
103
96
102
81
91
99
97
98
116
112
106
110
114
107
112
98
90
105
84
83
70
26
50
63
29
40
45
56
31
31
78
50
49
68
68
86
87
88
106
98
107
115
110
115
114
104
79
33
113
99
66
91
44
73
48
107
86
88
65
78
71
89
86
84
75
88
120
105
73
86
123
109
100
110
101
114
107
119
84
116
107
111
120
106
127
107
114
118
102
91
76
102
92
99
86
85
85
92
73
93
91
103
101
91
102
101
91
96
104
79
85
98
92
88
79
85
74
89
82
92
77
94
94
99
100
108
93
113
102
121
115
121
114
124
110
100
100
107
103
80
93
102
94
102
84
93
97
80
99
93
103
94
100
95
98
110
101
95
92
103
104
91
102
101
95
100
105
94
110
99
111
99
111
107
93
92
90
105
108
99
97
104
107
97
96
94
88
91
101
92
81
96
72
59
97
84
102
93
103
93
93
93
107
107
116
122
119
115
98
105
78
91
103
97
99
92
101
90
93
76
97
95
90
93
87
85
91
98
91
100
87
89
99
104
92
100
97
75
89
103
97
105
98
108
107
106
113
93
110
100
104
99
95
65
57
83
104
46
78
100
89
84
95
100
95
96
95
90
91
99
101
102
98
103
89
104
93
105
98
102
93
98
92
97
89
94
82
60
31
71
51
76
91
47
80
37
61
81
78
45
45
74
74
99
98
140
134
143
124
134
130
144
145
128
123
107
120
107
111
105
115
114
96
71
105
75
81
92
92
86
100
100
110
107
103
115
120
106
115
100
112
105
94
85
102
100
92
99
94
112
97
81
109
101
97
102
113
109
106
100
99
117
111
82
90
65
75
97
112
114
82
119
70
69
88
87
108
108
116
107
119
117
120
121
120
111
94
107
85
76
88
116
91
88
98
95
93
100
94
96
110
104
93
106
95
101
89
102
96
100
90
104
97
104
97
82
103
96
97
91
99
84
76
97
84
79
90
89
83
89
84
86
62
86
84
72
93
83
100
96
102
91
90
100
89
96
103
95
99
88
103
85
91
98
97
100
87
97
89
71
97
87
89
81
107
94
103
102
103
101
109
101
114
95
105
91
96
95
90
101
83
110
96
109
96
106
106
112
108
113
106
95
105
82
63
54
38
40
103
40
98
73
3
3
14
34
32
45
44
59
58
77
77
92
92
102
100
103
92
108
99
100
104
87
48
35
68
106
47
79
95
37
60
51
37
36
54
57
59
75
72
94
85
100
101
105
115
114
103
117
103
116
106
123
116
127
115
126
119
129
121
127
125
124
116
122
108
118
110
115
106
116
103
110
118
122
120
126
118
128
121
126
118
123
106
91
113
109
96
106
92
105
99
111
105
118
111
68
42
93
109
73
87
69
70
49
71
72
109
108
125
125
123
155
142
113
124
112
104
116
102
101
100
112
106
118
115
118
107
119
114
118
115
118
116
118
105
121
119
100
121
117
121
106
116
102
101
115
101
107
103
102
120
110
125
117
122
111
120
109
110
119
108
35
21
82
117
68
94
56
48
75
62
83
50
69
61
73
74
90
89
106
104
89
104
95
95
91
96
90
102
92
92
87
82
100
89
90
95
89
91
90
85
97
88
88
88
100
105
101
113
110
109
100
102
117
103
97
108
93
103
96
102
96
95
103
105
99
102
90
103
91
102
94
98
89
97
77
85
86
96
92
87
76
93
89
85
103
100
104
114
105
112
106
109
79
97
98
108
114
93
101
93
85
108
81
81
98
110
104
115
106
119
120
111
123
109
88
103
125
110
113
107
115
97
104
27
59
49
73
47
80
41
19
40
34
33
33
55
54
69
72
71
91
98
86
80
85
84
101
100
91
83
98
91
93
102
105
117
96
101
99
105
101
76
85
88
90
84
92
86
102
91
1182
1183
1215
1213
1203
1204
1193
1193
1186
86
74
1216
36
42
34
65
81
80
80
85
114
112
123
103
114
124
96
104
98
120
112
115
127
131
114
120
112
117
95
114
117
85
94
103
117
105
110
103
98
106
104
101
124
123
116
103
120
112
123
112
122
117
115
106
110
93
103
98
105
97
91
102
84
73
91
103
84
102
100
90
87
100
98
80
92
90
102
85
104
97
96
92
99
113
103
108
112
107
102
89
117
109
96
103
99
94
94
83
99
115
106
118
105
117
108
112
126
126
119
108
123
120
104
115
106
111
100
108
94
95
104
82
101
96
89
105
105
93
103
92
94
90
98
100
90
98
88
94
94
90
104
101
92
103
86
98
79
103
107
101
112
103
110
103
110
103
121
103
105
118
118
109
116
104
116
102
109
113
71
48
101
98
91
56
85
109
114
115
104
59
104
93
94
93
124
116
126
120
114
120
84
142
104
78
85
138
123
121
107
122
72
74
72
81
74
118
83
101
67
33
250
254
230
229
226
227
31
107
45
227
6
36
34
50
47
61
60
85
84
106
107
121
116
125
108
124
111
121
112
118
107
119
111
116
114
112
97
114
106
113
100
111
107
112
111
118
110
113
108
117
111
117
109
116
103
112
101
111
102
104
95
105
98
103
104
113
106
115
111
117
120
108
112
106
112
102
247
243
254
248
256
251
237
255
246
114
106
103
87
97
56
66
66
89
85
97
61
101
93
106
99
117
104
83
84
100
100
109
100
112
110
106
110
88
106
108
93
73
84
105
101
97
82
99
94
111
96
111
102
110
100
113
105
106
112
112
99
109
107
106
99
105
103
105
97
105
96
108
106
109
97
108
96
107
105
107
105
106
104
107
96
111
109
111
109
113
111
112
110
104
92
113
108
101
114
101
114
103
115
101
110
119
113
105
106
113
112
102
114
106
103
112
103
110
128
117
122
128
129
123
122
130
132
122
98
110
110
96
102
108
109
106
108
104
108
98
107
110
110
107
110
107
112
109
110
113
112
107
114
106
119
112
105
116
103
109
103
108
103
109
100
106
109
109
107
111
109
112
105
108
112
112
101
113
115
112
108
105
112
107
110
99
107
103
100
98
106
95
105
93
105
103
93
100
102
103
98
101
91
103
106
107
95
109
98
111
109
115
108
113
110
115
107
104
111
108
100
103
88
102
90
98
88
102
93
70
85
70
92
84
88
71
77
86
93
94
96
76
96
94
94
88
79
93
85
99
93
86
89
90
89
100
100
106
88
99
90
95
103
97
92
90
90
109
94
89
94
87
95
87
104
102
108
99
110
99
111
100
116
103
117
107
116
101
115
101
114
100
111
103
107
115
116
108
106
117
119
98
105
111
104
121
93
103
102
92
107
92
92
92
81
100
84
85
106
97
99
104
107
101
111
106
112
114
108
84
93
93
97
86
102
83
105
94
89
107
93
97
104
112
110
83
104
87
70
107
92
103
105
103
101
102
107
104
100
114
106
108
102
108
100
107
101
108
100
108
104
115
107
111
99
104
89
111
109
97
108
95
100
98
91
98
81
96
90
93
88
95
95
106
91
104
98
96
103
98
104
102
89
84
80
98
96
91
97
101
92
103
93
108
93
102
98
114
106
112
103
98
111
109
96
111
103
104
97
103
91
106
94
105
92
103
85
68
49
41
91
39
72
53
40
34
3
17
36
36
50
48
52
39
54
19194
19208
19253
19260
19251
19259
19247
154
142
169
168
173
130
149
93
103
127
52
73
75
9
125
134
70
41
4
90
83
45
46
67
68
95
96
123
122
135
121
127
136
103
135
136
126
147
139
157
146
161
140
161
126
112
118
110
97
117
111
109
117
123
123
118
119
111
90
73
113
61
99
99
107
106
93
95
97
107
195
199
181
194
181
176
203
205
191
126
133
111
120
129
125
135
107
115
104
83
74
102
91
113
108
99
103
113
109
102
111
98
107
114
103
114
102
115
104
114
109
114
106
118
108
96
115
107
115
107
110
121
106
114
123
113
120
105
102
115
119
117
123
122
119
111
120
112
130
128
126
118
126
115
128
112
124
105
120
113
104
116
118
120
106
114
108
112
104
109
109
118
105
116
108
100
112
113
106
112
110
115
106
113
107
122
123
105
115
107
105
123
109
90
102
106
99
109
97
95
91
107
75
96
95
107
104
96
89
101
109
90
108
102
102
115
114
102
122
110
113
106
115
106
119
105
107
114
110
99
113
105
112
98
105
112
95
114
105
112
107
119
113
125
110
129
112
122
124
121
114
114
102
117
110
114
102
113
111
103
116
116
115
119
116
118
112
120
108
119
109
114
105
90
118
104
117
105
104
119
119
109
127
106
120
107
116
113
114
104
108
105
108
101
105
96
107
95
107
95
108
99
88
101
76
83
73
88
82
93
94
88
76
99
99
100
100
115
103
109
101
112
106
92
106
94
107
105
93
107
95
100
103
95
100
93
96
89
100
90
99
96
78
96
90
92
86
89
89
78
88
89
79
94
95
94
105
92
98
104
82
102
99
97
91
100
90
99
88
88
102
103
93
99
89
79
96
71
93
94
75
87
87
82
94
84
82
102
95
91
101
84
70
93
94
95
88
101
87
88
99
85
78
93
86
98
89
98
96
99
87
75
97
92
101
99
95
97
92
83
91
82
103
106
91
104
101
97
98
106
99
87
108
91
96
95
57
93
79
47
70
95
76
112
103
98
75
92
81
82
98
38
68
52
80
96
72
89
57
113
92
85
76
92
91
112
108
123
127
124
134
100
72
107
112
84
110
116
110
88
103
111
109
109
69
91
50
79
56
41
26
27
72
58
81
46
54
70
70
68
84
86
76
72
84
98
110
92
104
92
106
80
95
95
116
115
98
75
90
119
105
122
111
121
108
92
84
27
22
55
65
99
57
40
71
75
74
78
97
69
69
88
88
112
107
121
100
120
118
130
119
139
122
138
132
140
129
144
93
127
117
109
119
50
110
66
94
83
2347
2338
2344
2336
2340
2353
107
103
92
110
94
48
40
103
68
103
27
34
95
55
25
23
37
28
61
64
62
50
65
64
86
64
195
197
198
46
43
68
43
67
94
73
92
71
94
100
94
100
113
95
102
106
105
86
111
103
105
99
104
93
97
88
94
89
76
86
80
84
79
97
38
55
63
38
68
93
86
49
85
60
57
58
85
84
99
91
98
86
94
85
95
88
94
79
91
93
94
109
90
99
90
96
92
86
105
93
109
95
107
95
103
86
98
94
91
95
90
92
97
83
99
91
102
92
103
92
96
91
101
94
111
93
103
91
83
93
88
98
72
85
91
99
89
94
98
85
102
87
90
84
94
81
68
91
77
83
82
92
67
92
88
78
100
86
97
90
102
94
104
84
95
94
110
103
112
104
110
95
103
109
110
102
108
100
104
101
107
105
109
103
112
109
113
109
117
115
118
114
119
115
115
108
114
107
110
103
108
101
103
101
107
104
109
102
109
107
107
102
110
103
107
99
100
102
101
99
101
95
96
78
93
97
83
96
86
92
86
93
88
98
92
100
97
79
87
92
84
72
96
90
80
92
80
86
92
71
93
86
86
91
96
85
90
84
86
93
79
85
86
86
94
93
86
84
93
62
96
79
82
88
80
72
83
80
91
88
95
93
87
89
68
75
72
89
87
88
76
84
81
93
72
89
88
95
85
84
94
84
84
95
84
92
81
92
86
92
81
93
88
92
81
91
75
81
85
81
85
90
87
92
98
90
94
93
104
89
89
79
99
88
92
85
72
80
91
90
81
82
81
91
84
90
86
99
85
85
95
80
94
88
82
104
93
104
91
102
81
88
103
95
113
91
98
92
80
109
101
110
100
97
108
94
86
87
64
101
87
82
86
81
93
81
76
76
94
108
103
113
106
125
106
114
106
112
106
107
101
98
104
102
80
94
111
96
89
107
107
112
100
77
115
87
98
100
98
113
93
115
100
111
103
112
113
116
97
104
110
98
111
101
104
98
105
95
97
104
107
91
102
91
106
95
95
107
110
102
109
107
112
110
108
100
103
112
107
99
108
88
100
102
107
113
101
117
105
110
102
116
104
110
108
110
101
101
99
93
104
105
100
110
108
112
104
118
109
121
114
114
117
117
113
118
112
117
113
106
103
112
123
101
113
97
110
96
111
108
110
107
104
102
106
104
107
105
97
95
110
96
107
105
108
98
103
98
105
97
112
102
111
113
101
111
116
117
106
116
120
105
117
107
111
106
113
105
116
103
112
105
114
100
109
95
112
97
109
102
90
105
89
103
105
107
95
83
93
93
89
99
90
97
89
97
96
92
106
95
101
104
102
104
96
103
109
97
104
97
99
99
89
94
106
27
79
95
54
65
69
40
55
68
28
36
36
38
35
36
35
37
29
37
76
77
19
31
22
56
31
26
31
28
20
31
63
26
29
26
60
62
61
85
84
93
85
88
89
124
124
137
130
133
118
130
109
116
119
105
111
101
111
82
100
92
100
108
74
87
97
85
87
95
103
90
93
89
93
87
102
92
100
108
110
98
110
119
105
113
105
110
105
111
101
114
104
106
100
103
89
109
101
105
103
115
110
110
116
117
119
102
116
91
114
105
93
105
115
113
114
112
119
122
111
107
100
120
101
111
104
94
95
101
97
108
100
103
116
121
107
127
109
116
113
95
119
103
92
112
101
101
101
78
94
100
60
61
61
28
78
85
82
49
97
92
90
46
57
59
72
70
83
89
84
71
91
86
96
106
103
114
125
117
125
98
94
78
129
69
78
97
58
91
93
84
90
95
94
64
67
67
83
83
85
96
92
104
99
92
92
102
92
82
102
97
87
89
99
101
92
106
91
90
92
97
93
105
104
100
94
104
96
95
104
95
80
87
77
71
78
94
90
85
88
99
89
100
92
101
82
91
98
99
112
95
96
100
94
99
96
103
103
92
100
92
91
95
105
103
106
101
91
103
104
102
106
113
106
93
105
93
106
97
101
82
73
95
102
95
81
100
95
107
93
89
93
94
77
91
84
84
95
100
88
106
77
92
97
107
86
102
114
103
106
102
87
110
101
89
122
104
101
107
102
106
105
113
92
87
99
100
115
96
113
94
109
99
113
100
122
103
120
113
118
111
120
117
122
112
120
113
107
117
116
107
118
111
119
87
110
77
58
39
60
99
35
79
68
64
85
84
104
102
85
90
103
104
115
106
109
102
106
108
110
98
114
109
113
103
114
112
103
115
110
115
110
111
106
107
115
89
100
110
103
93
91
104
94
88
103
90
104
90
88
101
100
90
102
99
105
103
105
101
107
105
106
99
98
104
83
91
97
102
91
91
103
93
75
88
96
90
105
91
92
103
105
90
91
91
85
100
98
86
84
92
78
60
70
89
81
43
49
96
32
88
82
43
70
41
37
16
74
72
41
28
87
48
47
66
66
86
86
107
106
122
111
122
114
121
107
112
120
119
110
118
111
118
106
112
120
110
118
112
120
122
115
121
119
99
122
105
104
98
112
100
110
89
97
117
93
101
109
66
40
53
72
21
49
39
97
86
54
79
63
52
72
72
94
95
116
178
171
169
154
178
196
193
176
189
193
148
129
170
157
181
190
174
109
139
196
164
180
158
125
118
103
105
92
47
43
43
44
3
34
29
30
29
31
32
34
35
37
39
4
8
5
14
58
35
59
63
32
80
78
98
89
68
74
98
79
98
80
97
101
74
62
64
68
69
71
73
65
56
4
39
39
32
2242
25
4
143
108
66
2234
66
112
108
113
332
333
362
363
362
392
412
403
369
380
136
139
128
126
138
131
140
125
131
108
104
113
98
84
61
114
74
67
100
112
108
114
103
119
119
117
128
138
130
99
66
52
100
79
59
110
155
142
122
52
54
60
78
78
102
101
115
119
99
99
94
83
71
67
63
53
109
15
11
10
13
12
5
5
23
53
45
57
51
54
53
60
51
291
291
305
292
300
302
245
242
263
263
116
91
90
84
124
93
80
97
83
99
92
102
104
116
100
109
123
85
101
97
84
94
93
108
96
96
108
90
89
81
103
86
101
102
90
98
89
80
86
79
107
100
118
94
110
100
113
104
107
100
111
102
109
99
105
96
104
102
110
107
109
102
113
101
115
107
113
105
107
105
107
99
106
104
103
93
104
95
105
102
99
106
100
97
104
101
106
104
105
102
108
105
110
101
105
98
96
100
97
105
104
101
101
103
88
105
100
112
93
102
91
93
107
109
92
111
100
106
96
109
106
108
104
112
105
105
102
111
103
100
110
110
103
107
104
107
101
104
108
85
106
97
108
96
114
100
116
98
116
102
118
101
111
104
102
105
105
97
105
99
103
100
102
99
106
104
107
99
107
98
112
110
116
112
115
108
115
107
109
117
106
114
112
104
114
107
103
111
104
100
104
94
102
94
97
95
98
90
100
97
99
93
96
101
95
99
80
105
91
99
92
104
89
107
95
101
99
110
106
108
99
110
102
108
106
110
102
106
104
107
97
109
106
79
101
96
101
86
101
89
88
104
105
96
113
103
110
103
109
106
112
99
99
108
106
95
104
107
108
100
105
103
107
102
111
109
111
101
108
100
108
105
109
102
108
106
108
105
107
110
101
108
109
107
102
109
104
107
100
104
81
92
102
91
101
82
65
85
58
73
91
59
100
103
73
61
67
66
81
75
90
86
102
87
100
93
101
94
102
98
91
104
94
92
98
106
82
95
110
103
112
106
109
121
104
114
123
124
113
118
105
124
117
115
106
115
107
122
114
129
110
125
114
126
120
102
112
110
102
106
99
99
97
98
80
82
103
89
82
80
85
97
96
91
95
90
96
94
88
68
48
96
59
48
65
76
93
78
48
54
94
53
53
79
51
48
91
105
101
81
70
70
88
81
92
92
96
104
98
104
104
98
99
95
98
93
99
89
97
86
98
93
98
96
101
88
102
90
104
92
103
92
88
98
87
106
93
88
93
85
90
97
96
72
97
101
83
93
86
95
93
93
83
91
83
97
84
82
85
92
94
87
98
83
91
73
98
112
111
101
107
99
106
92
102
94
95
106
104
101
86
114
99
113
102
115
104
123
108
119
107
110
97
118
103
93
121
109
97
18055
18060
18065
18078
18137
18124
18120
18129
18150
176
149
86
64
164
187
57
44
56
39
92
3
16
43
35
60
60
84
77
97
98
118
119
122
135
148
136
125
138
133
136
121
127
80
88
107
80
119
124
115
126
116
122
111
130
124
92
75
68
84
147
153
153
160
145
144
155
134
158
159
111
100
100
114
95
105
113
119
109
126
123
118
143
133
140
128
117
136
127
131
122
131
106
116
111
105
104
115
110
112
103
115
106
113
101
112
120
113
123
125
118
115
121
125
109
121
118
113
115
115
103
118
115
111
117
120
109
125
116
124
117
122
115
109
120
118
110
102
89
115
99
69
84
111
78
103
95
86
102
94
78
101
81
84
84
94
103
97
107
100
111
102
114
110
117
103
118
107
119
115
121
113
121
110
125
116
129
122
127
120
104
127
108
90
103
119
103
91
87
65
70
85
94
49
107
95
103
90
103
105
85
83
89
110
105
117
102
113
112
115
102
114
106
110
98
112
99
112
105
108
113
100
102
108
109
103
103
109
111
109
120
109
125
121
124
116
125
116
115
123
108
118
108
117
119
116
119
117
120
109
121
117
115
104
96
99
112
110
79
77
63
60
41
23
97
98
34
30
69
43
59
58
80
80
100
99
108
114
86
115
105
117
104
104
123
115
104
120
109
120
112
104
116
100
108
99
110
100
109
101
115
110
119
114
120
110
119
112
115
108
110
109
110
104
97
110
110
98
108
120
126
117
123
111
123
116
123
99
106
115
114
99
111
104
110
100
112
96
107
98
111
108
103
95
115
103
105
94
96
105
102
95
103
88
88
87
102
83
96
88
105
93
65
70
89
79
82
104
102
114
111
121
120
120
121
131
89
120
107
97
89
104
83
90
95
89
96
90
102
93
108
91
106
98
102
65
77
49
95
61
82
103
84
99
83
68
68
86
88
105
104
116
109
119
111
101
108
120
91
100
119
121
112
122
104
119
117
96
105
94
109
105
79
71
46
105
93
62
112
104
117
103
132
59
110
95
97
110
112
119
126
129
110
124
110
119
115
110
85
103
55
71
125
92
37
56
65
50
34
64
35
24
9
25
5
36
27
13
7
13
4
2
10
3
8
4
9
16
17
27
43
63
46
66
58
74
74
90
88
95
93
81
65
60
104
95
78
90
97
87
87
89
75
77
75
96
95
106
101
117
101
110
96
107
103
107
104
96
114
99
111
103
105
122
108
122
119
100
113
115
102
114
99
109
98
97
114
105
108
101
115
115
107
117
111
118
106
118
110
120
118
120
111
118
111
115
102
115
113
115
109
91
82
113
106
175
172
177
165
180
88
174
172
104
123
116
106
123
116
108
105
127
112
118
105
122
110
111
91
110
109
119
790
778
106
801
786
795
788
796
786
796
109
123
107
114
101
115
100
115
105
120
113
110
102
121
114
110
117
124
121
135
120
114
104
114
134
129
131
118
124
109
118
124
125
136
120
135
121
128
123
123
105
96
129
97
119
105
123
102
106
100
99
108
94
61
86
110
55
73
109
82
122
105
111
60
59
77
67
89
106
70
78
106
94
115
98
103
104
90
91
69
50
42
32
89
51
79
35
24
27
30
36
31
80
36
35
29
14
25
44
64
66
58
60
81
79
102
100
86
111
100
118
114
108
99
108
100
103
103
76
93
91
111
103
94
90
107
75
106
108
100
117
103
111
94
98
99
94
159
151
165
150
156
168
167
158
166
159
122
107
117
110
118
109
119
117
115
123
125
123
109
123
120
72
99
63
116
90
42
26
49
34
