23
25
23
27
42
241
244
239
96
98
231
30
99
119
249
106
136
120
24
122
947
916
874
925
882
890
906
104
935
896
912
79
142
119
151
344
346
378
365
298
279
381
77
381
268
384
62
3
3
21
29
30
26
35
45
43
46
64
49
20
45
41
23
14
62
9
7
29
38
34
52
51
66
42
41
62
12
52
37
20
30
46
62
5
4
20
33
18
21
44
53
55
65
54
68
57
58
52
46
57
32
54
22
10
39
20
28
49
25
4
12
10
16
6
20
16
13
6
17
20
5
21
4
14
17
3
4
4
15
18
22
17
16
11
14
13
18
19
16
3
7
11
2
11
4
8
2
14
7
3
2
4
2
3
1
29
3
2
20
14
30
42
60
58
64
63
84
76
92
148
88
129
120
109
169
167
91
144
164
9
6
18
6
4
19
29
31
26
23
41
46
50
48
44
60
62
68
70
65
64
63
82
81
82
79
95
103
100
88
108
96
80
88
82
101
111
65
110
29
17
108
87
57
38
63
10
24
26
43
58
66
58
56
67
70
71
67
83
94
95
104
87
92
98
97
112
53
76
100
13
79
62
47
34
4
21
38
51
63
61
73
69
72
62
66
76
29
32
80
43
69
7
13
35
49
45
34
44
62
60
64
36
63
47
16
74
71
28
67
58
6
5
8
4
5
3
2
30
31
35
20
38
36
17
28
33
31
3
23
23
43
41
56
53
69
75
65
65
68
86
87
70
84
92
69
82
90
70
84
78
93
86
94
68
87
77
91
86
93
84
84
90
74
88
80
67
38
60
33
14
58
46
82
35
4
2
18
13
33
52
56
44
43
42
47
38
25
13
28
46
49
11
12
8
43
46
2
4
12
6
20
29
38
39
40
19
35
26
27
33
19
37
37
3
3
5
4
4
25
34
32
43
35
45
33
23
32
26
19
24
10
13
25
27
14
17
21
14
23
8
20
34
30
32
46
58
48
57
69
69
47
65
68
6598
6594
6596
6583
6564
6593
6554
6576
32
50
58
47
44
42
26
26
9
30
37
29
39
12
13
29
31
39
14
36
52
36
54
16
34
15
10
9
27
38
48
52
51
65
70
76
72
47
33
31
65
62
67
17
75
6
8
5
5
16
34
47
49
47
57
59
66
74
75
82
87
100
88
92
80
91
103
104
121
86
101
111
117
87
97
99
113
96
98
90
82
53
73
22
62
30
88
41
5
6
17
23
20
8
7
17
15
14
4
17
6
8
15
18
21
15
35
33
34
47
59
57
70
56
72
80
75
86
85
91
88
96
103
89
79
86
75
81
79
81
90
91
78
80
100
88
80
81
80
64
62
20
33
13
57
28
88
50
2
4
14
3
19
33
32
46
50
51
57
74
73
85
65
68
30
85
52
71
60
59
7
7
22
23
24
35
43
38
29
57
54
57
69
71
78
72
78
76
93
76
87
75
98
97
112
102
104
87
90
119
110
134
107
99
121
121
125
114
124
112
117
102
98
122
108
114
102
101
109
109
98
90
92
81
97
93
89
104
75
88
97
91
104
91
106
91
88
99
79
86
91
94
94
83
75
99
87
85
82
84
98
97
92
72
71
103
92
84
103
99
94
91
102
115
89
91
102
101
100
87
95
91
100
110
103
97
109
111
106
117
114
111
126
106
100
75
101
83
90
96
81
84
92
95
95
103
92
93
88
96
88
83
92
75
86
100
94
102
89
99
86
89
88
98
96
80
93
93
86
94
90
98
97
92
102
91
100
93
98
101
98
100
87
98
101
99
94
105
100
104
63
70
84
48
63
89
54
51
17
17
15
88
52
69
3
18
29
33
43
39
72
80
79
88
92
98
82
74
56
107
46
43
18
74
29
105
5
14
30
16
32
8
28
31
19
4
4
25
27
24
23
3
22
23
25
30
60
71
78
76
93
91
85
82
95
102
109
108
115
100
104
80
55
51
41
99
83
97
87
91
84
87
75
83
80
37
82
79
29
22
65
81
39
81
10
34
45
57
57
70
69
86
85
57
77
102
56
35
21
59
103
93
90
4
1
12
28
26
35
28
61
64
67
74
193
184
197
193
189
195
215
206
90
69
208
87
92
82
83
106
100
103
49
58
86
28
60
56
78
18
26
4
5
7
22
18
25
23
23
35
46
54
46
57
54
62
64
69
79
78
97
83
101
58
99
51
79
87
55
41
64
15
72
81
52
57
3
36
34
45
52
43
39
69
72
72
96
108
105
112
104
119
130
107
89
92
92
99
91
99
76
101
86
70
96
52
36
26
91
66
47
64
15
28
40
38
59
58
63
75
65
67
94
97
95
102
87
95
99
77
84
76
100
73
89
86
89
95
94
97
100
114
102
94
72
93
78
87
58
84
88
87
95
83
82
91
81
75
93
80
83
95
87
82
102
94
110
96
108
97
111
112
113
112
98
109
109
95
105
103
97
86
82
109
109
82
91
96
103
104
93
108
96
112
97
110
117
104
104
117
111
116
125
109
101
111
102
113
99
113
101
115
103
104
114
108
126
109
112
106
97
109
106
102
102
93
97
104
93
112
110
105
102
110
106
115
116
122
116
123
115
124
122
124
115
123
118
114
100
118
112
118
110
116
105
112
119
111
117
106
118
105
118
107
117
117
105
119
103
106
104
83
90
103
105
95
77
88
91
115
106
101
101
112
106
91
85
111
115
101
90
107
109
107
104
109
121
106
119
108
120
101
113
58
89
85
73
114
100
87
98
93
90
89
87
85
93
93
113
112
97
116
103
103
110
107
119
118
104
97
86
77
73
67
57
59
101
30
32
45
41
44
66
67
69
67
106
106
123
115
102
107
123
135
112
126
116
117
116
104
128
72
115
91
112
108
104
109
100
107
67
65
65
58
34
75
76
87
55
18
83
39
38
61
57
58
42
70
62
78
79
89
92
97
88
101
73
78
90
98
101
96
105
95
107
87
94
85
82
100
103
94
98
104
82
110
96
96
96
99
98
104
102
88
80
88
118
113
104
106
118
110
124
126
125
141
109
122
112
117
105
120
106
117
110
115
103
114
102
111
94
108
102
99
106
94
104
104
86
94
104
85
89
93
99
97
98
76
111
98
105
114
105
93
121
114
100
112
102
99
90
97
88
87
103
91
100
97
87
92
103
78
107
87
99
85
103
96
84
63
93
106
88
40
43
102
77
55
5
10
9
34
37
54
44
18
40
41
37
45
44
21
40
22
7
3
17
3
26
31
30
11
14
10
15
24
29
3
4
36
46
45
59
65
68
89
90
107
105
122
61
54
108
94
79
18
94
50
34
13
13
38
52
61
40
58
63
53
53
38
50
22
60
66
64
30
11
38
39
50
62
59
69
71
67
96
93
103
102
102
105
98
100
108
106
94
84
104
84
73
92
101
102
8398
8393
8429
8403
8368
25
80
8377
8410
58
8374
8383
8
20
19
25
34
30
37
17
20
36
22
33
14
4
14
11
6
19
31
25
24
20
30
5
7
29
24
46
40
41
53
64
62
77
75
85
85
90
90
100
109
97
97
100
91
93
112
91
96
89
108
94
50
74
64
86
48
26
90
105
5
21
22
35
41
43
61
38
63
65
50
42
29
17
49
9
9
27
25
35
35
49
24
29
28
37
48
42
44
62
27
9
7
30
3
3
4
21
26
10
5
6
4
2
8
6
4
28
23
49
56
57
48
74
73
64
89
77
87
67
80
81
103
96
89
93
77
80
89
73
93
76
86
80
77
90
83
98
87
98
81
98
97
87
108
103
73
118
116
109
114
93
36
97
49
114
29
109
53
51
20
5
20
19
13
46
49
61
62
68
73
63
75
90
90
104
103
103
87
109
99
107
101
103
88
87
68
29
43
28
72
48
53
100
4
9
25
26
46
47
43
63
64
64
63
78
77
95
93
95
99
105
82
101
58
82
73
28
14
84
89
38
48
62
26
22
20
48
58
60
75
71
84
94
85
93
102
94
102
99
53
17
50
100
67
29
91
75
107
47
3
3
14
30
31
48
55
45
31
45
59
31
29
32
56
48
21
11
12
13
15
13
8
23
41
55
50
47
15
35
49
48
34
45
32
37
4
4
27
8
19
6
21
38
37
45
41
35
37
38
43
14
5
17
18
18
39
37
49
46
45
45
66
64
63
77
77
98
88
104
111
96
92
104
110
101
87
62
57
52
71
107
94
98
89
93
72
65
51
53
59
89
87
77
91
85
26
75
91
31
95
48
44
49
5
6
23
24
13
3
12
19
11
11
22
5
25
11
28
26
30
53
54
53
53
55
57
11
13
50
39
19
34
75
53
13
6
9
9
9
27
31
38
18
41
20
8
36
55
48
66
65
87
87
79
77
54
29
82
95
91
45
81
3
4
17
3
24
19
27
12
10
4
14
3
12
8
5
3
8
17
7
39
48
54
40
27
42
28
23
43
38
36
46
15
12
17
9
18
13
16
3
4
18
10
37
54
55
52
63
62
69
67
84
94
90
91
106
110
106
97
109
100
112
97
95
104
98
112
100
93
101
90
103
72
63
46
22
48
74
50
7
4
35
28
31
27
15
23
34
29
45
5
8
7
34
22
45
28
36
56
60
70
54
73
74
74
83
82
100
104
79
43
57
47
25
89
68
105
104
3
6
4
14
21
22
32
34
47
54
54
68
65
81
67
86
82
99
92
108
111
114
120
107
106
115
116
105
115
104
108
115
101
87
101
102
90
86
96
93
95
91
96
73
31
58
55
38
69
92
48
78
18
19
36
47
59
59
75
86
84
100
110
100
108
116
103
113
119
110
104
120
104
108
57
67
100
108
48
35
24
107
96
33
76
6
6
27
22
31
41
43
56
39
21
41
65
10
53
17
50
36
11
7
28
28
50
51
41
65
61
64
88
85
95
89
86
99
83
96
75
83
83
95
95
92
65
48
77
45
85
20
29
44
62
68
5
4
4
22
31
34
34
38
40
59
57
69
68
72
74
80
79
78
94
84
99
97
102
102
120
108
114
111
107
113
105
101
109
97
109
104
96
88
89
35
77
69
46
54
88
58
74
84
90
60
74
74
66
64
87
89
90
111
98
92
100
82
100
82
91
106
110
98
114
102
109
79
100
105
98
112
98
106
76
99
91
99
92
87
94
91
90
97
88
86
87
100
94
102
103
102
83
91
98
105
116
97
102
107
103
112
113
115
102
114
100
117
101
107
98
104
83
45
86
96
65
59
84
78
75
88
36
75
18
35
55
35
18
32
7
18
20
30
22
9
32
17
3
18
29
38
54
51
50
70
79
83
76
81
73
102
96
81
102
101
106
100
117
92
106
112
110
106
91
96
109
116
100
112
97
104
98
113
100
99
105
95
105
97
115
110
96
102
92
112
95
106
92
105
86
100
84
84
89
106
98
104
86
91
90
94
96
111
92
109
97
108
107
84
110
118
103
107
98
101
88
102
88
99
90
96
91
98
85
105
92
84
103
97
84
100
86
56
95
70
56
60
95
92
85
88
62
95
54
77
72
87
82
90
70
90
99
82
92
97
96
82
90
94
93
97
75
89
83
80
77
72
92
81
88
98
104
93
89
106
103
91
50
50
78
64
85
73
84
84
89
76
81
73
75
100
100
106
109
97
105
98
104
84
96
80
95
100
91
95
88
81
81
88
97
95
86
74
94
85
95
100
97
73
89
82
83
54
61
76
100
71
71
88
74
82
92
95
94
74
95
91
88
91
99
98
96
85
97
98
90
99
114
88
97
90
89
95
87
95
83
90
79
86
94
83
96
93
80
96
89
100
95
88
100
92
97
83
89
95
83
101
92
108
89
91
92
89
100
101
89
95
105
107
97
102
110
109
100
97
108
102
94
89
101
101
92
87
81
100
98
91
102
90
107
100
106
100
103
98
91
107
93
107
85
97
101
89
101
85
83
68
95
94
83
104
84
59
86
72
81
24
32
35
14
34
32
4
4
16
16
28
40
48
36
34
55
55
65
81
71
81
68
60
79
63
82
85
93
92
99
97
113
103
107
104
111
97
88
106
103
115
97
98
18
61
32
36
84
44
45
50
18
14
11
17
17
16
17
7
9
7
5
11
5
15
16
27
6
15
8
21
26
3
13
13
10
10
46
67
102
79
94
105
105
105
79
144
53
23
89
22
136
129
65
131
15
25
36
39
52
69
48
49
38
56
67
31
52
27
37
4
10
4
7
3
3
4
3
18
8
4
22
23
38
36
48
48
65
60
72
71
83
68
72
83
80
85
93
99
75
87
60
73
106
103
96
101
104
94
99
76
54
74
80
68
70
98
75
82
92
82
60
54
62
21
64
65
89
33
40
3
4
5
23
23
12
20
11
22
7
8
44
12
11
45
59
52
56
64
69
62
76
67
86
83
98
95
93
98
90
101
88
105
106
110
110
97
21
63
106
61
77
43
85
33
3
13
12
23
25
16
11
3
15
13
15
30
24
7
21
20
35
24
30
9
7
25
38
46
54
49
61
47
80
79
88
99
87
87
22
76
69
38
84
49
60
32
4
4
5
21
8
9
20
15
30
21
31
37
49
32
47
52
45
27
30
33
40
41
41
48
40
51
53
64
67
66
76
83
74
84
85
89
96
98
89
102
99
80
88
107
105
107
98
97
100
91
102
86
95
97
89
81
69
90
86
75
92
78
68
79
85
82
75
73
89
80
73
82
89
79
79
100
87
95
90
114
104
111
117
120
118
98
100
108
96
103
110
103
90
94
102
110
109
117
105
113
83
90
97
99
94
86
101
80
83
77
93
76
103
96
111
92
93
85
107
102
105
82
76
94
87
89
85
87
86
105
93
94
99
92
92
84
103
96
94
87
87
98
94
95
88
84
97
100
92
92
109
84
97
97
96
89
96
89
95
80
53
53
42
36
28
71
88
53
3
3
8
19
25
23
31
26
41
34
56
71
55
39
37
45
28
19
41
26
61
43
2
3
14
10
3
32
25
42
41
39
59
40
59
45
61
44
33
41
61
61
63
56
43
38
40
42
57
73
65
66
91
80
89
78
104
75
102
84
102
108
102
115
107
120
106
115
113
113
123
116
109
82
92
112
76
118
110
100
107
99
108
92
89
85
107
106
125
114
120
129
107
122
123
110
118
105
119
106
120
118
111
122
107
119
115
87
94
110
92
101
110
118
103
113
123
95
105
107
113
110
104
90
105
103
95
112
103
124
111
118
111
120
119
122
116
96
117
108
112
100
99
105
86
104
98
107
89
107
111
100
114
112
129
109
122
108
104
122
124
115
137
144
144
138
143
136
138
129
135
111
112
111
107
104
110
72
80
55
42
35
60
92
24
106
5
15
21
11
16
6
17
2
5
6
24
4
17
13
14
6
22
3
4
13
13
21
31
32
32
48
58
49
57
76
77
87
94
97
100
100
103
95
94
113
105
54
41
15
32
63
76
90
75
7
7
20
37
33
44
18
30
26
17
30
32
45
10
5
8
3
2
21
29
31
37
23
23
34
37
12
36
3
2
19
29
36
36
51
38
36
41
18
52
49
47
28
20
19
22
20
30
19
31
12
27
26
5
13
11
19
23
27
4
26
16
24
16
15
28
27
40
36
36
38
39
29
55
41
53
66
65
48
52
32
35
17
13
68
6
5
30
30
39
44
42
57
65
46
59
90
79
89
95
83
98
94
86
111
93
112
115
109
109
111
69
76
47
13
84
42
74
33
21
102
6
5
19
18
4
29
36
31
42
40
60
56
52
54
72
47
62
15
69
45
65
39
5
2
19
5
18
19
21
31
36
43
43
54
53
55
71
70
70
89
95
59
52
89
67
84
29
21
38
6
4
3
3
16
16
31
50
48
61
59
68
64
66
85
89
87
99
92
101
89
101
85
97
90
90
106
99
93
99
87
89
79
78
91
91
88
104
98
89
87
107
93
89
109
111
112
122
102
102
114
105
104
123
113
121
116
121
113
110
128
89
99
119
108
96
108
95
95
107
111
95
97
112
108
103
107
101
98
107
96
106
107
105
107
105
108
101
109
101
110
101
103
110
110
103
110
103
111
104
111
108
107
95
109
97
109
108
96
108
95
108
102
111
98
110
106
109
104
111
104
110
107
110
107
105
111
110
98
110
98
101
109
105
97
104
93
100
107
106
104
108
99
101
107
107
99
106
97
96
108
100
106
106
104
112
99
105
97
105
83
101
92
112
116
98
115
103
111
109
111
96
97
101
102
109
106
109
110
98
109
101
108
99
111
100
113
104
110
98
100
106
103
82
97
100
88
99
87
100
91
95
108
103
99
98
105
82
95
109
107
93
110
95
112
103
110
87
95
104
93
96
107
97
109
88
101
84
101
96
103
91
107
89
85
88
93
86
97
110
97
107
103
107
106
117
114
120
111
109
102
96
103
103
100
95
102
102
99
106
100
104
97
106
110
113
104
112
104
110
106
114
103
108
107
109
107
111
108
109
95
113
105
118
115
102
114
101
97
111
114
112
109
106
109
112
93
101
111
100
117
110
96
108
93
107
91
105
81
93
104
91
92
103
107
93
107
94
104
96
97
91
93
84
88
95
93
75
82
86
86
106
89
97
92
95
103
103
99
92
97
109
101
102
100
86
37
91
85
88
49
70
37
97
97
97
90
44
45
70
69
84
83
87
95
73
96
83
92
86
89
94
101
98
95
94
107
97
107
95
101
104
77
79
98
86
87
73
91
84
71
80
85
72
80
80
96
80
91
87
94
69
77
58
80
74
75
87
86
86
88
80
79
96
90
91
82
100
43
56
61
38
71
84
73
79
94
74
91
91
91
102
86
101
98
105
91
97
92
75
81
91
81
92
91
58
84
66
72
86
83
93
87
84
92
73
97
85
85
77
93
89
90
86
94
88
95
87
94
93
93
86
96
88
94
84
90
92
96
91
83
89
79
90
94
100
94
79
98
76
84
75
91
91
75
86
78
75
74
84
90
81
96
91
80
91
79
94
86
87
87
78
94
87
79
84
98
84
92
75
83
89
88
88
98
81
87
94
95
83
91
91
101
87
80
96
91
19637
19660
19653
19647
19696
19692
19732
19738
19739
230
172
189
154
163
162
120
159
130
131
101
109
115
96
114
112
98
98
105
100
106
92
96
86
94
96
93
79
145
145
152
140
159
151
152
157
154
92
153
99
105
109
103
158
146
151
142
152
146
153
138
146
88
79
114
95
114
110
117
114
137
132
186
185
181
172
173
162
168
177
111
161
96
113
100
106
110
113
58
34
27
59
99
77
53
86
30
3
14
13
19
21
21
32
33
29
48
36
16
30
34
41
67
64
76
97
86
81
90
77
100
99
84
115
88
105
92
96
79
75
103
85
96
93
95
90
100
52
99
96
96
88
16
92
38
58
35
8
5
17
25
19
18
27
41
35
48
42
46
23
20
17
15
17
29
39
40
66
80
65
65
66
81
75
81
73
89
101
96
95
93
97
104
103
95
91
103
96
102
99
101
114
106
97
113
109
113
116
104
109
108
114
106
80
43
93
61
102
47
77
46
24
4
19
22
29
42
53
64
70
36
36
25
46
24
48
45
63
50
17
3
18
19
24
7
8
31
16
22
5
13
30
37
41
45
53
47
65
71
66
63
67
77
84
56
79
80
55
51
70
66
91
82
100
100
103
96
91
84
94
92
89
86
99
98
72
32
80
46
24
22
96
59
74
33
12
22
23
14
26
26
24
52
51
63
70
45
63
62
58
25
31
68
29
42
26
53
44
55
3
12
23
28
34
28
20
19
28
10
5
9
19
29
30
52
49
51
38
57
68
66
69
65
66
64
53
62
91
89
104
89
102
98
119
67
80
48
132
36
99
27
119
42
88
4
1
21
31
29
50
49
29
45
59
22
26
48
38
54
60
12
24
22
31
37
36
9
35
18
4
20
16
16
35
48
39
19
12
12
21
43
5
7
6
6
18
27
24
16
14
8
21
20
21
15
41
52
57
35
25
27
36
64
66
71
67
93
84
65
87
57
97
81
59
81
53
97
102
110
109
77
42
59
64
25
108
80
45
48
9
20
19
22
18
24
28
26
16
19
8
18
10
22
36
26
6
5
20
9
23
10
29
25
6
9
4
13
11
23
53
54
52
55
35
39
44
32
22
46
40
48
7
4
21
5
26
30
32
30
49
33
74
67
63
71
86
90
91
99
80
66
108
76
110
106
107
101
108
100
112
108
93
86
97
110
88
99
68
77
57
94
84
82
85
87
96
68
77
75
89
91
92
92
110
108
104
110
106
109
118
102
120
111
100
107
93
113
69
101
87
83
89
83
89
94
89
100
93
97
97
103
91
95
96
107
105
96
100
94
97
97
96
84
103
96
85
75
93
91
96
81
93
107
95
101
93
95
111
108
101
110
89
100
91
100
93
79
87
97
96
92
79
101
97
91
71
79
89
79
55
97
80
86
88
90
90
61
88
58
60
86
86
103
97
100
98
80
74
99
79
93
86
94
78
100
107
90
102
103
104
100
100
109
89
87
81
99
88
90
90
82
92
89
82
102
92
100
96
107
90
100
98
107
98
98
99
92
95
71
90
96
94
101
88
90
105
81
96
79
88
94
77
91
94
96
84
99
88
91
100
109
111
110
90
100
108
99
109
109
98
100
110
93
93
93
102
100
108
81
94
100
84
96
96
105
95
98
93
98
108
105
104
113
95
90
76
93
87
96
90
80
94
95
70
87
86
74
92
91
74
80
87
87
80
81
65
84
84
93
76
83
97
96
106
78
98
93
96
89
102
86
93
83
97
87
93
97
91
96
89
97
77
25
42
68
91
62
38
55
19
8
6
11
13
9
4
4
13
10
13
26
21
32
39
54
63
55
59
69
67
81
94
92
84
86
104
107
97
99
79
17
90
46
31
49
93
19
69
47
9
7
27
15
25
32
39
19
36
23
5
14
19
23
50
54
68
58
74
72
92
91
110
108
122
117
109
119
119
110
115
123
105
106
108
111
98
114
109
102
111
108
99
115
118
104
113
116
102
109
111
114
106
120
105
119
111
116
108
115
112
106
98
103
95
81
114
101
112
111
110
99
117
75
116
72
105
98
105
99
96
86
61
82
88
102
93
94
95
97
102
103
112
97
93
104
110
109
108
106
112
96
110
101
114
112
103
114
115
107
105
112
113
100
111
107
110
102
110
103
102
112
109
97
110
103
109
99
97
96
101
109
101
108
86
106
99
95
102
103
113
85
92
111
104
100
79
90
97
102
99
105
98
96
103
112
103
98
102
109
101
106
109
104
112
112
105
112
103
111
105
110
100
104
100
108
88
100
89
94
105
90
103
104
102
113
110
112
96
107
104
111
105
112
109
111
104
113
101
108
115
113
106
112
104
111
97
108
101
108
101
100
94
109
99
112
100
111
91
99
116
107
99
119
107
100
99
110
101
100
104
111
108
100
110
98
108
86
97
85
103
97
101
105
93
81
99
98
89
68
92
66
93
95
95
93
95
90
105
97
109
108
95
104
85
91
103
109
95
99
89
96
90
95
87
99
84
96
85
99
93
97
101
108
101
106
100
87
105
100
87
80
91
83
81
91
73
74
91
82
82
82
99
109
95
109
99
100
101
95
106
84
98
109
91
82
69
86
99
90
102
83
99
85
100
76
100
83
90
75
75
88
81
81
97
92
83
99
97
97
104
99
93
61
79
87
83
83
94
82
92
99
101
92
94
95
108
96
102
91
82
92
97
100
93
100
93
102
102
105
107
115
86
113
92
91
99
83
83
93
94
96
71
97
78
94
87
99
89
98
93
97
92
90
107
93
77
95
87
93
90
95
86
77
96
88
122
121
125
114
122
120
138
137
150
117
118
102
105
117
118
120
105
120
119
115
110
109
122
121
90
89
102
72
51
46
38
65
5
2
111
4
12
19
25
23
17
13
21
19
31
26
30
34
13
15
25
31
36
30
30
35
26
45
52
49
45
58
51
48
64
60
64
58
64
52
60
55
65
56
66
63
33
45
9
58
22
41
14
65
4
10
11
25
20
21
29
27
29
28
42
32
42
50
42
31
39
42
50
35
53
31
12
48
6
37
51
3
3
12
18
18
9
23
24
16
27
17
24
24
112
115
40
37
87
110
4
13
5
15
24
16
5
6
4
4
4
4
5
13
19
15
12
7
9
8
5
14
20
15
30
6
16
21
23
15
26
6
3
3
18
28
22
38
37
16
9
36
28
16
31
21
40
44
42
66
77
76
90
82
83
95
96
89
87
89
105
75
99
71
89
70
41
97
100
26
85
54
49
36
66
3
11
12
18
4
13
5
7
21
31
15
17
42
36
57
40
61
36
22
53
23
15
45
24
13
7
16
29
42
49
61
59
52
70
67
75
87
85
95
104
82
88
95
86
86
102
95
105
103
89
85
90
101
97
97
109
103
104
86
64
51
29
24
71
88
110
49
95
10
22
32
31
35
57
64
63
65
67
63
68
98
84
75
83
96
82
86
95
95
87
93
103
94
92
108
90
99
108
103
97
78
98
109
87
104
98
55
96
90
77
28
13
103
40
65
31
3
10
11
14
17
16
19
5
4
5
13
11
2
12
8
2
6
5
13
29
31
33
55
48
49
76
69
83
81
65
89
81
55
87
52
42
21
78
70
59
86
29
5
4
5
12
23
17
37
49
61
50
47
53
76
56
17
65
58
49
9
38
63
4
25
13
16
7
0
27
50
63
61
62
56
64
72
79
77
87
98
96
117
103
106
27
40
66
81
23
64
49
88
98
4
4
11
11
5
28
43
34
40
54
31
56
83
82
88
101
94
96
91
101
109
95
94
97
106
90
104
96
105
102
105
105
100
89
106
94
115
102
106
111
110
79
80
66
60
40
91
109
39
101
56
4
5
6
4
3
7
6
24
23
21
18
21
37
43
46
38
38
39
61
68
73
70
82
80
91
83
59
28
22
26
100
82
89
67
48
8
6
5
26
18
14
21
12
11
39
59
57
51
48
65
67
46
63
56
61
60
97
82
91
85
82
86
56
73
54
14
53
73
76
37
69
34
3
12
24
24
46
52
57
53
55
62
38
22
37
46
46
48
46
5
14
29
25
43
45
51
42
70
68
74
74
79
78
81
86
102
96
100
79
108
92
98
83
76
88
84
93
94
95
87
88
98
83
98
106
94
91
111
61
19
67
39
65
73
107
85
32
4
15
4
12
4
3
14
23
36
38
35
37
57
34
16
44
44
54
32
46
6
15
15
19
24
15
35
21
20
30
47
57
56
103
93
71
93
98
103
99
15
25
49
27
51
28
52
16
10
41
39
68
76
68
77
58
58
70
75
67
72
69
87
83
80
78
73
137
110
144
111
140
28
108
95
29
35
25
9
15
15
32
24
41
28
66
67
68
67
50
79
77
90
98
97
104
93
96
79
50
87
65
106
35
65
79
92
78
42
49
50
85
72
79
68
65
72
68
76
64
70
71
90
84
97
94
96
57
81
36
49
94
69
50
23
81
10
19
34
33
51
53
56
46
74
74
83
91
82
97
95
102
79
82
100
110
110
91
91
91
103
85
104
83
107
79
107
77
95
90
94
102
100
93
103
83
93
94
86
78
90
97
100
87
101
90
100
99
104
99
93
93
103
92
96
102
104
91
93
102
86
90
97
103
98
106
98
106
103
95
109
103
113
120
94
105
102
86
101
105
81
91
103
94
106
99
82
99
91
103
96
92
105
79
89
86
97
99
88
83
86
71
82
91
89
108
72
49
42
62
86
95
30
62
78
87
28
4
3
3
14
21
24
34
29
45
41
57
60
59
73
63
77
64
79
85
90
97
105
88
101
91
78
102
86
95
98
95
88
97
99
118
98
90
89
89
100
104
87
108
110
102
111
100
98
96
98
71
41
31
57
88
62
87
23
89
75
49
88
55
55
58
82
83
96
84
96
98
89
91
98
120
108
111
111
105
117
105
116
114
90
96
85
95
81
46
41
41
38
62
81
89
54
3
2
5
3
15
15
14
28
29
34
43
34
36
39
21
18
22
20
3
3
31
42
46
55
54
71
71
89
87
93
99
92
90
79
36
58
98
46
19
47
74
89
10
9
18
42
50
59
70
63
81
81
98
93
96
117
111
115
106
105
93
90
102
83
49
92
34
28
54
12
55
69
6
4
5
11
23
37
47
38
40
65
57
59
80
78
96
95
92
91
100
92
94
97
95
98
102
89
106
98
90
66
79
39
54
105
54
20
32
3
13
11
17
15
5
17
32
31
21
47
43
42
51
67
64
33
60
27
65
13
52
65
21
26
61
8
6
19
52
38
47
50
37
48
57
56
35
18
15
55
54
58
36
57
12
22
20
44
63
67
64
62
63
75
74
93
86
99
92
97
100
108
93
111
101
105
108
110
102
102
100
98
100
93
96
107
111
96
104
101
109
102
101
103
116
114
97
96
108
112
97
107
97
104
102
101
107
107
98
82
101
95
97
90
92
104
94
101
96
105
93
107
99
111
98
95
113
110
96
90
103
103
97
102
91
104
94
106
100
106
99
102
97
105
99
99
97
96
91
88
74
93
96
85
88
100
100
91
106
106
112
89
103
93
106
102
85
98
82
83
79
89
69
71
86
77
67
72
68
57
69
64
60
68
44
35
34
20
48
33
38
63
6
13
11
159
12
176
20019
20022
20021
20009
20022
102
20056
123
117
127
118
116
129
143
102
141
118
127
114
73
53
33
58
77
41
93
111
69
8
35
43
58
46
62
70
71
71
82
82
81
72
33
58
31
45
39
81
76
10
7
21
19
7
22
4
3
20
6
39
33
54
40
19
75
75
90
78
94
103
113
99
94
98
93
105
110
98
106
105
108
109
78
98
66
111
92
66
30
41
74
66
15
18
40
17
42
18
14
34
20
45
12
38
4
17
26
27
25
38
37
41
48
62
50
30
37
59
27
52
52
42
46
62
76
75
68
70
69
65
38
31
27
41
29
73
49
60
82
61
58
42
47
62
69
66
56
74
67
84
78
81
90
79
90
44
58
64
63
93
81
101
82
73
79
69
91
90
109
100
109
96
109
97
110
88
102
104
95
98
89
111
101
95
97
110
104
99
84
91
89
106
94
105
85
79
95
85
85
95
78
88
84
83
87
96
97
92
99
95
106
86
47
77
47
79
91
30
62
32
91
5
14
34
37
47
59
48
50
75
73
66
88
89
87
78
97
90
85
60
38
34
32
75
23
81
39
96
74
18
17
16
20
15
11
10
3
16
25
20
26
32
32
46
58
57
67
46
58
68
74
74
84
80
98
105
81
96
102
14
84
54
75
49
51
37
94
19
4
15
15
8
26
3
22
9
56
33
7
15
23
24
41
48
46
30
43
47
19
26
17
29
45
5
18
29
30
45
31
26
44
11
39
63
70
49
91
75
74
80
89
90
106
105
97
117
108
105
109
114
103
58
31
46
31
91
60
82
58
9
5
5
4
2
22
41
30
46
48
59
65
68
43
72
74
84
94
92
88
92
103
74
80
97
109
119
109
111
100
109
94
111
104
109
104
109
98
117
31
74
89
10
13
36
86
87
55
108
22
3
5
3
3
6
3
16
21
17
26
13
13
42
39
24
37
22
9
18
16
31
17
43
68
60
70
58
59
76
75
91
92
110
107
63
99
119
48
25
34
81
15
89
66
6
4
24
21
28
41
43
39
46
58
58
76
60
73
85
90
89
107
99
109
104
90
74
98
97
87
104
97
103
83
86
91
102
102
102
68
30
55
81
19
99
37
85
44
81
7
7
27
24
30
36
33
53
43
60
72
71
78
70
89
88
94
80
103
94
95
113
93
84
107
104
43
51
79
54
84
48
51
74
18
77
20
63
15
11
59
4
45
39
54
65
63
82
81
100
102
112
104
117
124
109
106
118
103
112
106
99
112
121
100
44
24
54
35
37
90
103
70
79
14
9
7
10
11
36
26
36
33
42
20
31
41
41
58
57
56
53
64
64
62
63
18
14
78
54
81
39
52
6
5
7
19
21
28
30
42
36
27
42
44
33
41
58
48
59
51
44
46
45
26
46
6
10
33
13
3
4
15
20
15
18
13
3
13
7
6
16
22
18
3
17
27
15
19
8
18
4
14
17
4
5
9
22
33
41
42
35
32
69
62
70
77
85
61
84
88
82
88
86
66
84
37
28
47
55
29
73
60
80
61
52
60
54
54
55
76
73
52
59
101
102
97
91
98
81
62
80
80
94
91
91
86
55
98
73
37
84
63
43
43
21
4
19
18
40
46
45
61
51
45
67
79
78
90
90
108
98
101
85
96
101
86
110
90
71
77
97
104
84
68
62
94
51
79
87
81
96
102
95
87
97
75
85
84
95
93
106
92
94
109
84
103
67
93
61
72
91
83
86
77
88
88
79
75
92
93
114
105
113
100
106
95
107
97
107
99
103
91
106
99
98
104
103
82
47
32
97
66
72
61
22
36
5
12
13
26
39
35
25
15
27
30
15
7
4
8
10
10
27
27
25
44
58
59
79
63
63
78
80
85
93
97
104
110
97
109
97
102
116
112
96
111
102
114
103
113
113
109
103
97
98
100
95
104
93
62
103
78
85
101
102
94
91
92
103
99
87
91
105
98
88
93
95
107
100
107
80
100
98
103
97
111
96
88
93
84
91
88
80
91
82
82
87
70
88
92
83
82
55
73
86
33
20
56
91
83
42
90
17
49
35
4
11
9
29
25
47
58
68
67
69
68
83
82
103
97
101
112
83
42
100
53
38
63
81
14
29
90
9
9
35
13
18
10
26
23
50
47
22
5
6
23
21
41
42
43
45
49
30
55
48
57
25
52
39
51
5
22
39
37
44
43
45
28
29
47
41
12
30
3
5
12
12
28
41
48
51
48
50
69
66
69
95
86
99
91
107
98
102
101
94
100
90
95
94
102
104
107
105
112
112
113
124
106
110
105
109
24
49
77
84
12
95
63
45
47
5
6
26
36
41
42
159
153
158
36
169
40
42
156
156
99
171
17
51
175
31
77
20
24
31
25
25
27
27
18
14
4
5
9
32
45
45
49
65
66
73
84
82
73
81
55
66
88
77
69
90
84
44
80
82
58
68
69
40
29
66
25
56
68
55
5
28
48
56
59
59
64
66
80
71
68
81
98
110
98
114
98
121
117
116
113
106
130
78
96
119
87
106
97
91
28
102
28
45
87
41
23
52
64
87
68
89
74
71
74
69
95
92
105
109
101
103
108
99
93
99
118
110
116
109
113
121
130
140
131
120
105
117
106
113
111
115
101
111
104
110
104
111
91
110
96
105
101
108
101
150
134
152
144
120
148
128
142
109
163
112
102
88
99
82
84
68
74
63
67
47
75
56
75
42
71
29
3
3
5
7
27
19
24
11
51
46
62
72
61
70
75
83
83
86
87
98
84
45
75
100
57
29
25
70
34
8
20
32
20
8
17
28
3
12
6
8
8
17
18
8
21
29
40
33
5
25
7
17
18
5
6
4
6
2
8
7
13
19
6
98
28
46
59
54
50
63
54
53
83
81
82
102
99
107
102
107
77
93
86
96
85
82
109
64
29
14
57
56
40
78
19
5
3
17
34
28
17
9
31
20
12
11
4
3
13
24
33
43
52
52
52
61
60
81
74
93
85
102
104
109
115
104
92
112
98
70
77
57
64
44
85
78
54
4
3
21
16
19
25
11
16
21
4
12
23
14
34
42
40
49
57
62
61
63
75
68
66
82
81
87
98
110
97
99
84
101
100
103
82
101
93
101
93
108
87
98
101
94
58
35
70
102
76
90
51
40
80
77
57
14
54
7
6
9
5
7
6
18
14
3
26
12
4
15
26
15
30
27
17
24
32
7
4
3
7
11
23
16
21
18
45
39
37
15
46
57
67
64
67
59
70
68
83
82
90
97
84
93
88
86
84
94
86
86
83
82
73
73
93
74
79
94
91
96
107
90
101
99
92
98
100
107
106
90
103
106
93
99
88
108
93
100
92
102
91
105
100
105
66
42
52
48
71
17
83
29
89
4
3
16
3
8
25
37
48
58
46
49
63
73
76
80
84
94
88
87
96
102
78
100
104
97
79
77
80
100
49
86
30
44
75
56
63
4
13
32
37
35
53
58
56
56
87
79
43
69
72
71
20
65
35
87
55
3
13
25
51
49
61
60
77
59
69
32
66
44
68
52
29
70
5
25
23
49
53
67
65
73
84
69
100
102
79
111
101
88
115
99
110
110
79
66
88
68
76
77
86
57
88
55
59
75
27
87
49
15
37
10
7
10
36
49
47
52
48
57
67
75
68
81
74
75
70
80
91
90
97
85
96
100
94
104
97
100
114
98
87
28
69
100
44
61
75
46
3
17
32
43
51
53
64
63
77
75
90
93
90
105
91
100
89
92
99
63
74
89
23
25
15
47
38
61
80
8
30
45
45
56
63
71
72
88
87
84
108
100
92
95
91
106
103
95
110
104
108
93
79
82
86
85
90
74
90
94
83
84
78
79
95
80
99
98
116
101
107
105
108
98
81
86
87
93
98
91
85
92
94
93
105
96
109
110
103
89
98
108
97
103
102
94
86
95
77
84
85
96
86
85
99
104
91
107
104
111
116
102
118
111
110
105
96
78
91
82
102
101
98
93
81
51
100
98
90
14
33
74
45
37
16
5
17
34
42
46
44
35
60
62
69
75
84
91
94
82
98
55
14
80
68
41
87
17
15
27
38
39
54
40
52
27
42
36
23
44
42
49
5
3
12
24
18
25
38
38
43
54
62
64
55
70
66
74
50
68
65
64
40
20
71
33
5
13
11
30
28
38
29
48
48
37
54
35
34
44
56
51
68
76
76
30
48
24
8
15
17
72
5
13
29
22
15
22
23
32
34
32
56
65
66
73
45
52
69
69
77
74
81
103
102
106
98
105
110
95
114
106
103
113
107
102
111
109
114
100
100
113
106
79
96
49
40
24
61
68
90
7
27
28
51
42
35
39
48
45
31
28
25
85
75
90
79
80
71
67
84
79
93
103
92
105
91
103
93
82
99
120
109
55
95
26
97
19
62
73
27
34
8
27
47
38
46
60
67
77
76
89
84
97
91
100
89
98
70
52
100
66
71
86
92
56
69
75
61
85
96
82
86
94
96
98
67
75
96
89
102
95
116
106
116
107
93
115
107
116
108
85
94
102
99
87
79
88
102
101
97
107
90
106
99
110
98
107
109
100
94
104
93
100
98
100
97
96
85
86
89
74
88
92
100
77
88
90
94
101
83
76
104
75
83
97
87
78
50
76
34
56
17
58
79
3
5
5
27
30
28
38
36
36
57
70
48
45
18
23
14
25
50
62
67
3
16
17
27
44
59
67
53
53
51
76
82
89
83
97
109
95
90
76
87
85
46
59
22
48
74
32
5
31
28
29
42
17
37
28
23
40
38
34
28
41
15
5
13
15
4
3
11
24
31
14
27
39
47
57
53
66
57
73
83
82
35
50
85
69
79
76
43
20
73
18
7
10
12
14
17
4
3
20
16
35
33
42
55
66
60
79
79
100
84
103
98
110
121
109
111
109
94
104
98
105
87
102
96
95
95
92
105
101
91
98
104
85
82
99
89
109
98
105
101
108
92
99
101
87
94
84
83
88
86
85
87
99
78
90
89
73
78
81
81
88
92
91
74
82
92
81
81
93
89
89
61
79
95
90
96
89
105
96
78
86
83
83
76
92
84
89
89
78
87
88
103
96
113
100
99
94
91
96
103
90
76
16
108
70
88
53
64
100
43
33
306
243
240
262
267
267
267
299
298
322
95
107
110
120
112
112
115
119
122
110
118
109
109
114
114
108
107
116
68
95
87
104
116
97
111
95
108
102
90
89
89
106
116
96
114
104
96
99
85
111
101
109
98
83
79
76
66
61
64
55
90
5
3
17
6
15
8
29
28
16
36
33
35
33
43
45
63
61
66
49
62
59
60
36
48
51
41
49
48
58
42
46
63
23
20
30
28
9
23
18
15
10
6
7
15
6
10
11
7
8
4
16
7
11
6
6
6
17
8
5
16
7
6
13
6
6
5
10
6
7
7
7
16
22
7
18
7
7
8
7
3
56
31
35
28
22
36
28
4
3
4
6
6
12
26
15
21
11
20
5
5
12
19
27
38
40
24
23
23
27
10
22
14
48
28
4
8
46
18
23
5
4
77
9
4
3
16
8
19
22
3
5
16
20
26
24
15
31
26
22
37
12
9
5
5
8
4
19
20
20
25
25
15
5
15
18
27
6
16
5
4
8
18
7
10
4
14
7
23
17
17
31
51
45
46
40
39
34
43
68
23
34
61
42
60
56
13
54
5
10
7
3
7
13
12
6
5
3
33
33
14
17
25
11
22
19
13
14
22
33
27
32
33
37
35
38
60
54
68
44
63
68
73
58
60
51
75
71
61
33
87
85
63
20
11
69
14
3
18
27
27
45
46
44
58
70
62
64
66
53
65
62
76
80
88
82
93
86
84
78
84
93
94
86
97
109
100
104
115
104
107
74
94
57
62
47
66
85
80
69
72
28
44
42
46
62
62
75
62
58
67
66
78
78
140
135
139
140
142
124
144
136
130
100
93
99
99
93
107
108
100
94
82
92
106
103
92
103
101
101
94
106
105
113
102
107
100
107
87
99
95
112
107
96
114
98
95
131
121
127
110
111
130
124
127
126
83
104
96
102
82
102
93
79
107
93
94
100
110
100
111
98
110
96
85
91
91
100
77
88
83
94
86
102
93
95
86
92
93
100
98
103
91
103
92
103
106
102
101
109
100
94
106
101
95
101
92
97
85
82
92
86
94
90
97
99
90
99
83
90
93
103
79
106
89
91
89
91
57
77
64
50
79
32
20
33
28
8
18
15
35
39
40
36
47
46
42
35
11
46
10
32
6
21
23
39
24
28
30
21
27
7
8
9
32
42
39
43
52
42
40
31
25
33
26
49
35
4
4
3
14
15
19
10
16
14
17
4
12
14
22
26
25
25
40
42
52
65
49
65
58
50
56
78
74
92
14
56
30
26
74
31
89
67
6
18
26
38
41
39
49
25
49
38
15
28
12
4
2
15
16
18
33
11
30
9
26
5
13
20
25
26
9
34
37
25
12
28
6
24
46
44
59
58
74
73
90
79
82
92
109
100
103
101
102
83
88
96
102
95
95
91
99
93
108
104
110
112
98
99
107
98
104
40
88
71
36
96
55
26
75
10
4
6
15
30
44
56
19
40
38
52
23
48
38
54
34
4
4
19
18
26
14
24
6
16
4
11
23
26
29
33
14
46
15
28
39
38
32
12
3
5
8
6
3
4
4
2
25
10
7
27
37
40
37
52
53
51
43
53
68
80
81
75
55
81
48
83
82
87
84
93
104
100
110
112
79
86
79
58
93
46
74
26
46
78
29
12
4
3
20
29
42
56
55
72
71
79
93
97
104
104
102
100
93
102
89
33
58
76
93
23
65
35
26
45
3
15
21
34
49
59
49
57
76
69
65
71
81
54
36
24
71
45
74
4
5
9
15
7
13
38
20
30
41
58
57
67
65
62
51
74
64
21
46
58
48
43
5
7
5
3
20
23
27
37
37
44
49
51
48
38
59
13
35
36
21
49
45
12
19
17
19
29
27
33
34
49
51
59
48
67
66
64
79
77
91
97
83
92
98
85
95
103
91
79
100
107
94
95
96
84
94
101
78
86
95
101
81
93
69
65
81
79
91
82
85
80
97
96
95
99
93
108
99
109
95
99
79
93
102
94
95
101
108
95
105
94
105
97
96
102
90
104
82
101
81
90
89
88
67
85
76
90
83
40
48
23
78
63
63
64
70
4
16
17
26
28
41
40
27
19
43
33
23
52
36
54
51
52
50
52
26
47
25
18
19
30
3
4
16
2
9
24
22
37
36
32
50
28
21
12
9
49
48
3
14
4
32
27
46
21
25
27
44
54
52
61
54
33
13
43
36
65
23
6
17
35
17
14
26
23
14
34
4
11
33
38
29
24
35
26
57
71
60
64
16
21
72
24
15
5
14
12
4
20
20
42
60
61
74
71
69
85
92
102
100
115
114
101
106
116
109
106
112
108
12
97
24
40
73
64
89
56
52
8
7
7
51
48
56
58
59
77
77
94
105
104
116
108
113
101
111
107
117
122
109
116
110
116
118
124
117
103
118
107
116
112
118
54
102
95
109
46
26
100
98
70
33
5
7
8
4
7
8
19
17
4
15
14
12
7
35
41
36
35
50
48
60
60
60
38
50
46
56
70
48
26
64
5
3
16
13
14
14
21
5
30
8
27
29
37
27
61
54
49
72
68
82
94
93
99
108
101
45
88
72
108
46
69
33
90
56
20
3
15
43
54
64
66
57
72
75
90
87
22
42
90
85
55
19
63
36
82
14
4
5
10
9
27
35
28
32
43
31
54
52
53
63
72
84
70
81
95
79
92
24
40
59
76
67
44
79
88
3
4
14
23
27
28
47
42
59
62
64
77
69
60
76
79
62
94
87
94
109
79
88
86
87
97
99
97
110
98
115
112
82
104
92
87
101
113
104
90
77
94
118
109
118
80
114
69
58
89
100
88
89
94
106
101
93
97
83
88
88
99
100
90
100
93
90
92
98
102
95
104
96
108
91
107
90
105
92
102
76
59
43
34
85
100
36
73
50
