22
60
148
143
60
144
168
167
190
189
197
208
112
118
120
105
118
116
103
113
110
108
112
102
108
101
104
101
103
100
101
95
101
97
98
101
101
99
104
107
109
106
106
104
107
105
107
100
106
103
105
98
110
107
102
104
84
105
80
92
101
93
100
98
105
98
110
98
108
99
113
106
113
107
113
106
112
107
115
107
116
108
115
108
117
109
118
110
117
110
114
107
114
105
112
105
112
105
112
109
115
108
115
107
116
108
115
107
115
108
114
107
114
105
106
113
111
104
108
100
106
104
108
101
106
109
99
103
112
104
114
98
110
107
89
98
90
98
79
95
84
84
83
90
92
103
102
109
94
112
112
122
114
116
114
115
102
115
107
114
108
113
107
114
107
115
107
114
106
111
104
112
105
111
104
111
109
114
110
116
109
115
108
115
108
114
107
115
108
114
106
113
107
113
106
114
107
112
103
116
99
113
110
97
106
93
104
95
102
99
101
91
103
96
93
97
77
100
83
101
87
98
83
100
90
110
94
108
101
108
105
114
107
117
108
114
115
102
113
101
114
101
114
100
111
113
103
105
112
112
98
111
99
109
98
103
95
101
95
103
97
101
99
79
95
98
93
89
92
99
95
101
99
104
103
118
107
107
105
103
100
100
98
101
98
100
97
98
101
80
108
94
111
96
111
98
111
101
103
111
105
110
98
110
126
138
126
150
135
156
144
151
144
141
130
122
118
117
99
113
106
107
100
106
104
88
100
94
108
105
84
81
79
68
71
73
67
97
90
11
50
40
55
54
72
71
93
93
113
112
117
124
120
114
123
117
117
123
121
132
138
121
139
153
140
151
160
132
163
153
123
154
137
147
143
126
121
103
90
81
74
74
51
41
28
29
29
32
35
35
38
41
42
46
28
31
31
33
35
37
40
41
43
47
22
25
27
29
31
34
35
37
39
41
16
56
56
85
103
109
110
109
106
87
82
72
49
48
15
15
17
18
21
22
23
25
27
29
25
27
28
31
33
34
35
35
37
38
21
25
27
30
34
38
41
41
44
44
8
4676
21
4675
4707
4699
4716
4699
4698
104
4724
4739
108
96
87
81
88
91
100
91
80
89
84
69
76
89
80
78
77
62
71
80
70
62
66
67
3162
3154
3166
3183
3181
3184
3214
3206
131
120
130
112
111
117
102
108
116
115
97
107
110
122
117
118
109
110
101
103
102
118
106
100
94
98
92
95
77
98
101
86
84
90
104
88
99
88
87
87
98
90
97
92
108
100
94
99
102
96
102
94
97
95
98
94
97
95
97
90
100
98
105
102
94
101
100
80
93
99
86
93
81
92
85
99
85
100
88
103
101
101
94
101
98
104
99
100
91
110
97
99
88
102
93
96
90
91
84
80
96
81
88
68
85
77
96
88
91
82
95
91
99
94
106
98
105
98
104
98
101
95
99
92
102
95
89
94
100
95
96
90
99
92
98
92
102
99
98
92
101
98
98
91
98
92
100
94
100
98
87
102
101
100
89
99
87
96
83
96
80
81
83
87
92
82
75
93
78
95
98
91
104
93
104
95
100
84
82
74
83
90
90
91
72
93
82
93
86
88
87
103
94
106
98
103
100
99
104
104
98
101
99
99
93
101
94
99
98
92
98
99
93
99
91
96
90
95
93
97
92
90
92
97
95
98
97
103
96
87
86
93
90
86
79
80
57
68
67
84
76
91
87
96
93
90
92
90
87
94
81
91
85
91
88
99
92
81
84
99
83
84
100
87
95
85
101
90
102
102
108
101
96
94
73
93
90
79
73
92
77
66
84
75
73
87
81
77
75
76
84
65
67
85
76
78
84
95
81
99
86
90
89
90
81
96
98
86
81
74
87
75
85
77
88
87
93
89
98
91
91
89
95
89
98
90
96
94
100
98
102
98
97
90
89
99
88
103
87
101
86
99
87
95
77
102
96
84
101
87
87
96
97
86
84
83
97
89
94
92
98
97
99
93
103
101
102
95
100
94
100
94
101
95
99
93
99
93
94
100
96
89
96
92
99
92
80
98
96
92
91
89
86
93
82
98
85
100
100
82
89
103
101
87
81
94
78
74
89
85
75
82
75
89
82
98
87
85
90
90
96
97
96
84
91
91
84
89
72
92
75
88
87
80
93
74
87
79
96
95
100
93
89
95
78
96
97
95
83
95
82
93
86
103
88
106
99
100
94
98
95
91
97
95
88
92
93
97
95
98
95
96
93
73
92
84
94
78
95
79
95
83
99
90
104
90
81
99
92
98
86
92
81
89
82
82
87
86
86
86
93
77
99
92
102
93
104
84
95
87
81
97
91
91
103
101
89
103
91
100
75
92
91
82
63
80
79
70
86
78
81
80
93
85
104
84
94
88
101
98
87
94
76
87
87
86
102
83
97
82
94
87
83
84
97
90
98
96
99
93
96
89
101
99
94
91
98
92
80
95
88
93
83
98
92
101
88
90
104
102
91
102
107
87
96
85
84
94
99
87
86
85
96
90
96
89
86
96
94
92
97
91
97
94
94
91
98
96
100
92
98
92
88
93
86
96
84
100
84
101
86
102
100
104
98
105
98
100
92
96
89
94
85
79
87
79
70
85
92
77
89
79
96
89
79
104
90
89
91
95
110
108
93
101
90
106
106
114
106
101
99
90
98
100
94
100
94
88
95
96
90
99
97
99
90
92
91
98
111
95
113
100
113
101
122
103
88
87
73
61
57
42
102
116
32
44
69
68
86
84
108
110
130
140
144
168
149
159
178
167
173
162
153
146
136
139
119
114
179
162
19
11
16
69
71
79
92
90
116
114
157
152
154
189
148
151
133
126
88
53
52
163
172
12
24
26
22
23
26
27
30
31
33
35
24
24
44
46
49
54
28
38
58
84
91
98
84
75
79
79
84
111
112
130
128
150
129
139
101
104
98
85
80
69
70
69
72
129
115
16
43
45
49
51
58
60
65
72
75
42
6
18
46
36
51
51
62
59
52
70
73
71
76
89
81
92
77
60
58
59
81
88
73
27
30
26
41
41
48
57
57
48
61
65
71
68
65
62
61
60
64
68
64
54
67
69
67
71
63
65
53
67
61
60
44
48
56
62
63
52
65
65
76
66
58
69
76
77
66
71
75
76
62
64
69
66
62
63
66
52
57
58
59
59
55
50
51
52
66
58
64
61
73
66
73
67
62
68
56
69
66
65
64
63
64
50
59
63
68
54
57
64
64
71
60
64
69
68
55
54
54
134
135
150
149
161
158
168
167
95
179
106
90
105
98
105
95
102
109
112
110
106
114
111
97
104
92
115
113
114
101
116
108
116
116
142
130
120
135
133
113
118
121
136
121
123
116
100
89
91
95
73
70
57
53
114
114
24
31
33
57
56
73
72
92
90
108
109
118
103
115
100
108
91
103
89
109
94
102
100
99
90
111
109
100
111
98
118
110
112
88
100
115
108
124
108
126
113
167
157
153
158
159
169
151
169
117
167
121
126
119
140
114
101
91
86
79
82
76
59
57
103
47
118
74
47
48
82
77
91
90
113
112
135
130
125
97
86
79
68
58
50
139
123
44
39
22
50
70
70
88
88
111
124
126
141
125
146
125
131
131
139
126
136
123
139
135
123
137
138
146
118
143
134
137
124
92
112
123
106
108
90
89
99
74
93
96
85
83
99
85
83
69
71
59
57
55
75
81
45
76
76
49
56
64
56
61
70
77
77
82
63
77
61
44
54
54
60
55
46
53
52
57
68
79
74
92
93
107
107
118
109
121
112
119
111
112
119
116
114
115
118
118
116
118
116
125
122
121
126
102
121
119
125
96
105
111
93
105
101
102
124
112
126
109
99
110
100
116
115
114
123
112
109
112
109
112
109
110
101
103
92
100
96
110
90
95
89
107
92
100
108
98
97
100
95
96
100
98
99
91
75
132
135
118
133
134
150
140
126
148
86
93
69
87
83
80
80
67
77
75
76
79
80
79
83
91
69
79
70
59
75
57
65
70
70
67
69
70
69
72
65
73
71
69
68
69
67
66
59
58
57
51
63
65
61
64
60
58
55
66
66
63
66
60
70
63
74
66
78
72
72
89
92
75
80
9848
9837
9825
9860
9880
9877
9875
9891
9892
9905
137
141
142
144
119
176
153
147
167
151
149
151
154
151
103
89
143
97
100
117
111
125
118
123
109
121
114
118
98
116
122
109
122
111
113
92
88
93
100
102
110
101
101
88
84
74
96
100
87
98
87
98
84
88
85
84
98
94
87
79
86
78
159
151
146
128
140
134
145
137
62
58
62
146
51
45
53
59
59
51
48
35
46
29
30
29
50
31
1
9
29
30
41
41
41
53
54
72
63
65
84
81
94
83
83
104
103
114
96
112
87
93
99
79
103
86
80
80
80
63
84
71
71
72
61
62
55
66
65
64
62
64
68
64
78
70
68
77
69
67
65
64
60
64
66
59
73
73
77
78
75
64
70
60
71
72
89
86
84
85
72
67
64
65
63
56
38
19
16
18
51
56
59
62
64
65
65
59
35
38
23
26
27
29
31
33
35
38
37
39
6
4
31
31
36
35
36
59
59
61
63
68
47
38
39
41
56
27
51
56
52
48
96
111
98
101
102
91
60
63
64
58
111
40
40
56
56
116
116
132
148
147
158
201
189
233
197
250
268
282
266
294
283
271
248
206
220
171
157
138
141
141
124
137
129
150
138
146
127
141
132
134
122
124
141
134
126
131
125
130
123
129
114
123
107
122
132
120
130
121
137
126
128
144
138
130
127
119
115
100
128
129
146
144
145
137
87
92
99
118
99
130
136
136
141
138
131
140
141
144
149
152
146
190
175
177
176
167
157
174
155
164
129
126
113
133
127
113
120
130
120
113
129
124
119
125
130
132
117
115
128
130
132
117
128
122
121
120
103
91
94
85
78
72
68
59
114
37
56
54
72
72
89
89
111
123
110
130
109
121
109
115
109
122
109
124
114
106
112
128
117
130
130
132
130
134
138
127
126
122
123
127
120
120
117
108
122
114
128
113
125
110
117
115
117
122
120
113
122
120
116
126
123
122
131
133
119
112
116
103
120
91
106
100
105
98
90
81
91
94
106
105
124
111
191
187
198
191
192
194
181
187
183
181
101
108
95
95
106
106
99
108
112
112
129
115
125
132
126
135
139
128
122
133
139
132
137
123
146
144
137
145
154
146
132
122
132
131
114
114
116
108
102
95
107
100
91
87
82
73
71
67
125
117
17
30
29
36
37
57
38
57
71
72
87
83
101
85
97
97
96
92
103
94
104
95
103
97
90
105
99
91
100
109
96
106
102
115
104
118
116
115
114
96
118
108
127
104
110
108
101
97
100
90
98
96
85
79
101
88
83
88
93
90
94
89
96
94
101
83
101
92
106
95
78
89
87
95
96
96
86
90
78
80
81
74
60
54
43
98
83
38
25
54
66
54
86
85
104
105
103
110
102
120
119
118
107
92
102
100
98
90
70
69
61
62
41
41
109
96
11
11
40
37
50
48
64
63
78
77
85
93
92
239
232
232
229
252
238
256
242
99
98
107
102
118
104
82
103
101
82
84
100
82
75
94
79
81
76
83
88
98
97
103
87
103
102
98
108
80
93
100
88
93
82
100
86
91
84
90
91
106
95
102
86
104
103
109
98
99
89
98
96
101
99
100
97
101
99
102
93
104
102
105
103
103
105
89
96
81
95
80
98
80
99
83
100
96
98
86
104
98
93
103
91
87
81
99
95
77
90
96
101
90
101
92
89
82
91
99
86
85
73
83
96
95
85
93
92
99
92
100
93
101
81
107
99
88
100
88
98
88
97
86
90
88
100
91
93
98
98
89
98
91
93
90
98
86
98
96
94
84
85
96
77
92
79
91
79
89
83
95
86
97
91
99
83
101
101
89
102
89
100
88
99
89
92
90
102
94
101
98
99
102
89
101
90
102
89
102
91
103
95
102
95
102
91
100
95
80
99
88
97
87
84
76
95
88
71
89
82
98
86
97
86
89
88
102
97
102
91
103
92
105
99
103
96
102
95
101
94
101
95
98
88
100
88
100
94
101
94
100
95
102
96
103
97
100
94
101
94
102
95
100
93
91
79
97
99
87
98
88
97
79
86
87
77
76
91
83
91
85
93
81
96
95
83
105
89
95
83
91
92
85
93
87
92
100
100
107
93
108
92
102
91
92
80
101
94
88
100
87
96
85
97
86
89
88
91
78
97
85
78
95
82
69
88
87
76
77
77
88
72
90
85
86
78
85
96
85
85
73
99
90
84
92
76
93
86
89
99
90
90
102
94
101
94
100
94
80
95
87
104
87
100
89
72
89
100
95
89
101
90
87
79
98
93
77
96
89
100
88
100
90
88
81
90
98
86
99
87
98
86
100
89
92
92
93
81
102
102
114
114
102
100
93
112
108
78
96
88
104
89
100
90
90
90
102
94
101
96
100
94
101
96
103
97
104
96
102
96
103
97
94
81
99
99
88
100
89
86
78
97
94
78
93
86
95
77
85
89
73
89
83
94
85
86
96
102
95
91
79
97
99
86
100
91
89
95
83
97
80
96
90
83
77
96
73
71
89
90
80
86
91
73
72
89
88
76
75
88
81
83
76
90
72
90
89
100
98
90
83
96
84
102
77
86
75
86
91
80
83
83
95
82
93
85
98
102
89
102
90
99
88
88
70
98
95
88
98
87
98
88
100
90
88
87
87
77
96
96
84
94
83
98
87
100
91
93
93
104
97
103
97
103
96
103
97
101
95
102
95
101
94
102
95
101
95
100
95
102
95
95
101
101
93
100
95
103
97
94
83
101
96
90
101
88
100
87
100
90
89
89
98
92
100
93
99
92
93
96
86
96
87
86
78
98
91
82
99
88
94
87
100
89
90
89
99
93
97
91
98
92
97
92
87
80
96
95
88
99
87
96
84
96
85
87
86
97
90
96
91
97
91
97
91
97
92
100
89
101
91
94
83
101
100
89
103
91
102
91
103
92
91
91
102
93
99
93
99
92
100
94
94
82
100
99
88
99
88
85
78
96
91
75
93
86
96
86
97
87
88
88
99
93
100
94
101
95
101
95
102
96
95
82
100
85
78
97
90
83
89
84
89
73
90
86
88
88
100
94
102
97
84
96
103
89
90
75
84
96
78
80
89
88
105
95
101
83
87
100
97
89
68
81
74
87
77
78
75
78
92
76
95
88
101
89
101
91
94
93
104
98
94
82
102
100
88
99
87
100
89
99
91
98
91
102
91
94
80
100
85
77
91
89
84
88
70
82
72
85
80
82
81
73
88
73
89
92
90
95
84
95
89
105
113
113
121
103
107
94
101
106
85
97
85
93
75
82
87
73
89
83
93
83
94
85
89
88
100
94
87
82
98
96
89
103
90
87
81
99
96
79
95
89
99
87
99
89
98
97
101
90
101
95
100
80
93
89
79
86
68
86
74
76
74
78
78
88
94
84
99
104
103
111
102
101
94
100
98
100
80
103
97
85
91
85
94
76
84
83
76
69
75
84
74
86
76
78
77
94
87
80
88
88
87
86
97
87
90
84
95
84
100
100
108
100
87
79
95
95
85
70
82
79
92
88
60
77
84
80
86
77
95
94
98
84
82
75
83
93
86
96
84
96
87
97
88
87
80
88
97
86
86
97
95
86
95
85
85
77
86
95
83
93
86
85
78
95
93
76
94
89
100
88
100
89
93
91
103
95
99
80
94
90
92
84
90
83
88
82
91
76
94
93
98
96
89
101
91
100
89
80
91
86
94
85
97
85
99
88
103
97
90
96
98
87
98
92
96
86
96
81
90
101
84
95
84
89
83
96
85
90
89
101
96
99
90
103
96
102
95
102
90
102
96
104
98
104
97
103
102
101
82
96
98
87
85
76
96
75
64
67
64
61
54
41
43
89
84
20
58
56
74
70
77
87
89
104
103
104
109
110
110
101
109
110
109
110
110
107
105
107
102
111
100
100
105
93
104
98
96
96
100
90
94
102
93
98
93
98
91
102
91
85
99
94
90
104
99
95
88
104
99
98
104
94
104
101
95
105
97
95
94
101
92
94
106
91
103
99
91
104
107
95
105
99
98
91
102
102
95
95
97
92
91
97
89
90
89
85
84
79
90
74
86
82
82
81
83
83
70
92
69
80
81
85
89
80
89
76
85
92
83
75
83
85
80
85
92
98
81
96
84
85
85
97
91
96
93
97
91
85
86
80
87
86
87
92
95
90
103
101
107
99
110
101
98
106
92
94
93
98
84
93
104
90
106
95
99
100
99
94
84
98
85
95
83
79
85
86
75
81
91
84
98
85
92
85
88
94
76
93
78
101
83
86
88
81
81
86
98
101
100
107
92
100
107
105
98
95
85
95
85
97
86
96
86
91
96
75
82
93
88
83
73
85
77
83
81
117
115
115
115
126
125
115
121
84
126
93
86
88
88
98
96
86
100
86
95
73
82
87
89
95
69
80
83
86
72
76
68
76
91
79
79
78
91
75
87
89
73
84
79
80
92
87
91
81
94
86
87
84
100
101
82
83
81
87
88
88
94
91
96
95
94
95
104
93
100
99
81
84
66
82
86
70
80
85
67
83
81
75
85
94
81
79
85
85
87
82
80
93
96
82
96
88
88
88
86
97
76
70
83
88
77
95
91
87
82
90
105
96
101
104
113
108
116
110
115
95
106
123
130
119
112
105
90
102
112
114
113
121
170
156
168
162
170
161
175
170
164
105
174
89
112
98
106
115
111
112
118
119
113
128
110
118
103
115
116
102
117
107
162
150
151
162
159
136
158
148
138
104
83
91
93
95
92
74
79
86
81
96
94
101
98
87
86
104
107
95
110
108
108
105
110
101
102
108
109
97
94
105
107
106
103
93
105
100
96
105
110
101
99
100
99
109
103
101
116
106
108
108
106
118
111
110
116
106
102
90
98
85
90
83
94
87
94
85
87
81
97
97
102
100
121
110
124
118
130
120
126
123
126
86
118
105
92
93
106
109
97
110
99
97
97
104
111
110
100
108
102
102
100
113
106
108
100
107
99
85
101
80
88
88
86
82
88
79
76
71
77
72
81
78
83
72
83
73
84
69
86
76
86
91
84
88
82
91
84
92
83
80
80
90
84
95
96
94
84
95
90
98
98
91
103
85
95
86
96
85
89
97
87
91
87
85
82
93
91
80
97
85
96
88
94
87
93
99
92
71
84
89
78
93
81
99
85
95
88
87
87
99
93
98
92
96
78
85
94
83
91
89
84
90
78
90
72
73
91
79
91
91
80
87
71
77
77
77
88
78
93
81
83
65
87
89
85
91
86
93
70
83
84
79
78
90
72
83
85
81
82
81
89
95
88
96
79
95
90
95
90
95
93
97
86
98
91
99
93
98
81
92
91
95
88
88
95
96
88
95
79
95
89
99
92
94
92
94
83
95
89
92
75
86
92
87
101
89
99
88
97
90
90
87
98
91
97
92
98
87
101
95
103
92
105
97
102
83
90
97
97
90
95
75
88
91
81
96
85
96
82
89
93
78
94
88
97
78
87
101
88
102
84
90
93
87
95
78
95
90
100
91
100
93
97
86
83
94
92
74
86
90
80
78
81
94
87
79
93
77
93
79
86
94
87
89
78
103
90
82
91
74
85
71
79
85
76
89
84
93
84
100
90
91
91
94
81
100
91
97
89
103
114
103
113
112
94
110
111
117
105
91
99
81
98
110
110
100
110
96
110
100
110
86
101
103
93
101
91
97
97
87
98
81
99
92
101
103
92
108
96
106
107
95
104
108
101
107
100
107
89
99
97
82
86
95
89
96
89
99
81
98
94
95
94
107
95
108
101
98
104
105
93
85
90
95
89
95
84
92
82
91
101
102
112
94
96
100
94
103
87
91
88
96
95
86
99
88
95
91
91
85
91
99
93
99
92
102
91
103
93
99
95
110
98
106
111
100
113
102
99
90
112
106
96
96
111
108
95
96
105
88
82
97
96
90
98
88
96
90
99
102
84
104
99
97
103
96
108
98
87
85
104
92
101
96
105
97
113
112
118
107
111
88
97
104
93
93
79
99
98
90
94
89
89
98
78
92
86
86
96
84
103
90
103
94
94
94
95
105
109
97
107
99
107
101
107
96
110
100
106
96
109
95
107
100
107
100
112
99
104
105
99
110
99
113
103
99
90
108
108
95
105
92
110
93
104
93
96
95
108
96
108
96
109
102
96
84
105
94
100
92
82
98
94
88
99
85
93
87
91
84
83
84
85
73
93
86
81
87
82
88
82
90
82
79
85
80
82
88
70
78
72
89
89
85
88
79
89
71
77
79
77
70
73
78
82
73
91
76
77
94
89
82
89
83
88
79
91
73
91
85
92
98
103
101
101
86
98
71
84
96
85
81
76
89
89
95
93
93
91
95
105
92
95
94
88
95
84
82
75
96
98
86
101
87
89
94
98
89
92
79
85
87
92
86
82
92
91
97
85
84
84
96
95
91
90
90
110
96
100
105
99
103
83
92
97
91
96
81
90
89
88
92
87
80
87
96
85
87
84
87
73
93
83
81
81
93
86
28212
28214
28225
28231
28246
28241
28329
28336
28320
231
201
217
218
232
214
226
129
131
130
137
105
120
142
100
111
117
90
97
91
100
87
88
75
90
95
75
83
91
72
87
98
108
98
113
101
114
101
100
101
77
107
106
100
94
101
102
112
101
115
102
99
98
101
87
92
111
102
104
116
104
97
117
118
117
118
105
93
98
91
99
105
100
88
95
94
99
93
96
90
85
77
100
88
107
96
107
101
112
120
114
99
94
119
84
77
96
94
85
91
73
79
88
95
82
85
84
93
87
92
76
90
83
75
93
82
90
80
92
82
81
83
93
79
91
92
100
87
94
89
91
81
84
90
91
90
91
81
94
87
100
94
104
102
105
94
95
88
98
93
91
79
94
93
87
101
95
97
91
108
100
110
96
88
98
98
91
96
90
95
85
98
91
98
91
91
97
92
98
97
92
93
91
83
88
92
72
94
83
85
84
84
75
77
88
85
79
97
82
101
91
99
91
98
100
95
87
98
86
94
93
96
98
89
100
85
93
88
85
79
83
87
94
84
96
78
92
92
90
100
100
89
101
79
87
86
94
90
86
95
88
76
86
93
97
102
74
92
85
79
76
89
58
82
82
91
85
86
83
94
95
87
87
93
93
86
98
91
101
89
100
93
100
107
84
93
92
86
67
80
85
83
89
87
68
70
89
87
67
70
90
81
85
81
65
80
80
66
68
76
85
91
91
79
92
82
108
95
88
87
103
103
79
88
83
68
78
64
82
81
91
82
79
80
92
81
97
90
95
79
93
91
86
95
93
84
90
80
90
76
93
79
92
95
86
89
82
71
87
88
77
74
74
84
89
93
89
86
87
91
97
81
97
91
75
86
97
89
80
82
83
97
108
104
120
105
124
124
134
125
132
122
108
111
101
100
105
109
75
99
94
99
97
92
92
88
78
93
92
86
72
91
85
101
98
93
89
80
95
104
95
85
94
86
79
92
97
82
94
93
96
91
87
79
97
96
90
96
84
78
96
98
91
90
96
94
101
97
91
89
90
91
97
77
70
80
76
86
95
80
96
95
95
83
98
90
104
88
91
97
89
83
83
97
84
76
93
84
83
93
98
89
96
98
85
94
86
104
98
94
111
96
83
94
86
102
106
86
87
95
96
102
89
103
86
77
86
96
84
80
93
81
95
84
66
88
92
85
95
88
91
103
94
89
87
87
98
95
85
95
98
95
90
87
90
100
100
94
88
104
98
83
92
95
93
87
87
89
97
102
88
71
95
89
90
76
100
91
89
74
87
89
96
93
79
78
97
91
83
98
102
94
93
97
80
90
88
84
85
93
91
98
87
89
94
105
90
93
106
98
103
96
91
108
101
91
101
100
96
91
89
105
90
99
81
94
95
90
91
76
99
89
74
93
80
80
93
87
93
90
85
76
89
89
100
94
98
87
98
92
98
74
83
96
84
95
80
88
79
82
74
72
90
89
83
81
87
71
89
87
91
89
83
83
89
97
102
74
89
82
91
100
85
92
91
101
88
101
89
98
88
91
96
99
79
84
99
85
98
72
85
87
90
76
76
84
70
69
76
85
81
90
98
98
89
95
106
99
102
109
94
110
100
94
101
105
91
76
101
97
87
82
83
85
92
100
86
86
87
94
83
100
97
95
79
85
97
90
90
79
83
86
82
78
82
88
86
81
93
76
77
93
93
85
89
95
101
87
99
92
441
458
454
463
465
477
471
482
479
470
121
98
83
67
47
51
48
7
4
46
61
60
82
82
106
104
104
108
87
75
67
58
44
36
40
39
39
37
36
35
34
32
30
105
103
11
25
23
36
35
30
54
59
64
66
70
67
64
42
44
51
216
219
214
215
216
213
212
211
207
202
15
24
24
67
65
88
90
106
115
110
107
102
113
82
72
58
61
72
72
66
78
65
65
70
58
64
75
62
57
60
73
64
62
68
75
70
69
68
73
67
71
65
58
68
59
63
60
71
58
72
72
79
79
79
84
86
79
87
77
72
66
72
70
70
63
73
73
73
70
76
64
76
71
77
69
70
73
65
67
59
47
63
59
66
60
58
60
58
66
57
57
59
59
49
53
58
55
55
49
62
58
67
68
68
88
84
90
1989
1976
1990
1986
2005
1994
2008
1996
2013
2010
125
116
127
116
131
129
114
105
119
116
106
118
105
112
110
131
115
124
136
104
120
122
130
129
99
92
114
112
111
110
125
105
123
103
131
129
132
130
135
136
117
113
109
110
103
96
90
77
79
82
73
50
52
113
131
37
40
48
48
64
64
64
63
87
68
75
102
90
70
72
85
100
90
100
99
99
86
87
82
98
100
72
91
103
104
110
111
121
113
130
124
107
106
112
101
122
107
127
122
122
114
118
115
119
113
109
102
112
114
104
118
105
117
106
113
99
104
107
100
92
98
94
88
91
100
99
97
102
97
91
98
99
83
92
97
98
87
91
102
99
92
95
106
91
103
96
106
98
93
89
105
99
92
88
102
99
92
95
106
99
93
91
106
90
98
92
89
82
97
101
94
86
93
87
94
91
99
100
82
94
101
95
96
95
97
84
94
89
96
90
92
84
85
91
97
95
91
101
98
92
92
104
98
92
89
104
88
90
97
99
84
97
91
84
98
95
88
98
95
89
86
98
98
86
91
100
94
98
92
94
78
92
86
82
92
77
88
93
81
84
83
82
82
77
95
85
91
91
85
96
95
87
94
78
90
85
90
92
91
82
94
89
86
94
94
88
97
85
88
94
94
88
98
85
93
87
104
97
108
94
112
106
108
114
118
105
111
110
99
89
114
106
100
116
106
112
99
100
111
101
100
107
101
96
103
101
114
108
106
111
121
114
125
112
98
117
99
101
106
106
83
102
107
94
120
97
99
93
102
100
92
104
82
98
85
77
78
82
90
74
81
76
82
75
86
94
93
82
93
98
90
88
100
92
83
101
100
100
95
102
113
110
107
91
101
92
94
102
88
87
93
96
96
90
91
104
94
86
91
84
89
89
96
89
83
87
84
91
86
87
78
91
78
75
107
109
111
94
99
93
116
107
100
81
72
117
72
81
86
84
92
108
97
94
87
100
106
98
90
74
82
70
87
91
84
94
82
94
93
95
83
83
105
87
96
86
97
95
89
97
92
99
88
85
77
76
84
79
87
87
72
79
83
90
82
89
95
83
71
73
81
88
94
95
89
91
97
99
89
98
102
75
85
87
75
83
82
89
78
76
77
86
77
91
90
85
82
70
84
71
72
86
71
86
75
82
87
84
100
89
103
85
91
87
86
97
85
86
86
77
77
88
88
96
77
81
90
82
83
85
102
98
91
89
73
87
85
84
97
87
91
85
89
96
95
98
97
96
93
101
82
86
96
81
69
76
91
81
84
80
79
80
91
85
87
98
86
90
79
78
90
83
76
86
76
80
89
82
84
86
72
84
88
76
77
78
87
93
81
84
100
94
100
93
91
91
95
97
106
93
82
97
90
95
81
86
89
79
84
90
86
79
87
86
88
87
94
83
87
104
98
89
103
92
99
88
106
85
80
99
90
81
82
77
87
77
85
84
88
82
84
90
94
81
91
77
85
86
74
81
85
75
82
72
77
85
79
67
82
79
78
79
74
91
89
93
85
92
93
93
99
91
93
84
87
95
92
96
92
97
82
89
84
82
82
90
88
86
91
84
95
88
96
87
94
85
71
83
78
89
88
94
86
72
85
85
81
94
94
101
75
82
88
82
80
85
89
92
73
87
89
79
89
89
88
95
66
86
72
69
71
84
82
86
75
79
91
97
90
89
88
93
88
93
99
72
93
92
86
86
84
85
96
96
86
85
80
86
87
96
83
81
72
90
96
82
85
84
84
84
94
76
75
95
91
80
86
82
82
95
87
93
92
101
110
90
82
102
86
96
93
86
79
83
81
89
94
87
94
86
93
92
105
93
85
97
97
102
87
88
98
101
94
108
109
96
103
105
108
93
98
99
106
98
98
105
106
92
106
113
112
104
114
102
108
116
98
115
91
92
98
105
90
84
85
90
90
98
88
94
90
100
93
101
98
75
92
94
92
104
98
95
94
88
84
82
91
104
98
87
94
76
93
89
71
79
87
84
94
85
101
92
91
82
97
93
87
100
82
91
86
81
86
97
76
98
97
89
105
86
86
92
88
84
90
94
84
97
87
98
90
91
86
102
92
99
105
77
94
90
89
100
85
94
88
94
85
78
83
100
94
94
86
76
91
88
84
97
83
79
92
91
100
87
98
75
96
83
93
80
86
81
86
99
99
84
86
98
102
84
100
98
100
98
86
94
89
95
110
100
111
106
94
96
95
107
97
98
92
99
101
94
101
103
111
93
100
81
96
90
84
90
96
89
84
77
92
93
100
94
101
99
82
89
98
96
90
101
80
88
96
95
111
102
100
93
99
98
87
87
94
98
96
90
96
73
83
81
90
83
82
71
97
84
75
72
71
81
80
82
78
91
84
92
86
92
92
98
95
89
88
88
97
89
109
96
106
92
99
104
78
103
90
94
94
87
94
87
95
80
88
86
90
86
104
96
86
93
94
98
95
91
91
98
102
100
93
104
98
106
106
105
91
97
100
98
93
86
102
97
94
96
90
79
92
89
83
103
94
87
95
96
90
94
78
86
97
98
94
103
98
97
103
98
98
98
107
84
94
93
85
86
96
80
79
92
96
90
98
92
98
97
96
96
103
94
89
93
88
95
104
99
93
92
102
97
88
92
97
90
90
75
83
78
83
93
92
102
88
96
88
89
90
100
93
99
109
91
91
79
105
96
91
95
89
96
100
93
97
92
92
105
94
100
105
98
100
93
102
89
101
85
103
99
93
95
93
105
97
113
100
84
104
93
92
109
102
97
97
88
91
98
100
112
84
85
90
112
104
123
115
106
103
121
112
119
126
126
92
92
81
103
88
79
100
98
93
85
97
87
83
83
97
78
91
86
93
86
84
100
85
96
90
92
81
95
89
93
81
75
87
90
90
103
94
94
102
92
101
95
83
97
86
91
84
84
95
83
87
87
87
89
98
89
102
90
84
101
81
104
98
91
104
99
97
95
78
100
98
93
99
84
44
64
81
84
69
56
47
51
52
45
45
45
64
63
5
33
57
66
102
85
107
85
138
154
126
103
91
93
75
74
155
150
87
60
39
54
54
53
84
94
93
80
78
58
44
42
33
32
33
84
84
31
18
20
23
25
27
29
30
32
34
17
20
18
20
22
23
25
28
31
32
18
20
22
22
25
27
29
29
30
31
19
22
22
24
27
29
31
32
34
34
15
18
20
22
23
27
28
30
32
36
22
22
20
21
23
25
28
30
34
34
17
19
21
23
25
26
27
29
31
33
19
22
23
26
28
29
29
32
34
36
12
19
43
47
61
65
68
72
74
77
75
71
44
40
27
30
30
32
33
34
37
36
38
36
19
21
22
24
26
26
27
27
29
32
21
24
24
26
29
31
34
36
7
40
39
40
26
25
25
24
25
25
24
25
23
26
28
28
25
65
65
80
83
74
50
53
56
49
50
52
77
10
65
37
23
31
33
54
31
62
66
62
66
56
58
78
68
38
40
42
45
46
48
48
51
65
64
28
77
77
101
96
96
119
124
122
144
152
104
84
95
83
78
70
65
57
59
52
50
85
81
25
30
32
44
55
54
75
86
88
85
76
73
61
58
45
47
83
31
33
36
38
40
42
44
46
47
74
41
15
9
29
33
37
38
55
65
66
82
86
96
91
78
78
89
97
77
84
90
80
70
73
59
54
56
55
42
93
81
33
38
42
43
43
57
74
76
76
76
74
66
54
53
54
46
4
15
23
23
41
42
58
58
86
86
100
98
102
110
105
100
121
105
121
118
111
99
102
92
82
72
70
70
55
49
116
23
30
23
48
47
72
71
85
86
101
95
123
114
107
133
109
166
157
165
160
172
142
132
128
77
68
65
59
52
44
137
138
10
36
37
52
63
51
76
76
115
117
134
126
146
133
140
129
137
120
114
117
117
111
112
114
110
118
101
114
104
114
116
102
114
98
104
93
115
113
116
108
120
106
123
122
102
139
126
122
116
139
124
131
118
114
125
126
118
104
109
127
102
105
117
116
113
121
123
115
114
112
103
122
124
111
117
86
114
97
91
114
112
105
106
109
64
67
69
81
90
82
44
45
40
42
43
45
18
90
86
33
52
54
55
79
92
79
113
112
125
113
111
104
91
99
124
107
99
116
110
114
113
110
115
106
93
85
101
104
96
93
81
81
85
76
88
74
87
62
69
81
75
85
73
65
86
55
56
71
72
79
66
73
70
67
63
73
69
71
68
69
68
89
94
91
79
94
95
86
88
85
68
62
65
55
63
69
66
66
60
58
76
88
85
87
101
100
96
85
96
95
103
93
98
91
93
95
93
91
93
91
93
91
99
82
97
98
111
104
113
103
94
115
89
85
103
92
74
95
80
62
89
79
61
84
82
78
77
71
77
73
81
77
76
76
88
82
92
73
75
91
90
81
90
81
84
73
94
79
76
79
89
88
82
75
87
75
75
84
68
83
82
91
83
94
85
93
102
89
94
87
99
92
101
92
97
81
94
90
84
93
90
88
82
90
80
83
83
98
76
92
84
76
96
84
70
93
84
77
75
75
68
68
86
88
71
86
92
88
94
86
92
75
90
83
89
87
93
76
81
81
93
85
97
87
86
90
79
77
94
102
78
69
90
84
80
68
84
83
81
74
83
65
81
81
90
73
85
76
85
86
87
78
85
71
24918
24915
24943
24970
24943
24917
24988
24988
24986
24994
163
154
154
154
149
121
147
110
114
169
150
156
161
145
152
148
170
163
115
127
119
124
134
118
138
109
114
122
112
119
105
123
116
109
118
126
117
118
134
122
121
113
118
118
128
127
116
87
108
104
107
97
103
84
93
101
97
92
104
98
112
108
105
114
125
134
124
125
120
121
107
113
102
119
112
106
95
95
107
103
89
105
92
104
91
103
91
103
95
102
84
104
100
96
103
109
110
98
110
95
113
96
113
104
102
75
111
95
89
73
74
71
38
38
40
42
43
84
77
11
15
10
38
57
62
53
58
63
66
37
69
39
96
109
61
52
57
61
66
69
76
72
109
4
32
34
48
47
70
70
90
90
105
116
111
109
106
99
95
109
108
96
114
101
106
106
113
100
111
98
101
104
100
117
101
105
109
99
113
98
107
95
99
79
94
99
102
106
103
111
100
100
111
99
88
97
100
99
94
100
96
95
93
109
91
116
103
113
103
112
109
119
100
113
106
119
112
120
112
120
112
121
117
119
112
119
116
97
112
119
113
94
99
112
102
111
103
108
103
97
99
99
108
103
111
108
98
89
110
104
119
107
105
102
104
99
193
187
174
245
240
230
228
219
215
148
64
72
70
117
117
133
144
164
158
179
136
151
150
126
130
132
122
124
128
127
113
127
116
120
95
114
176
165
154
150
137
129
115
107
101
169
113
18
29
40
40
61
60
83
60
271
270
290
269
280
278
279
292
309
294
116
90
119
112
112
118
102
119
109
123
114
121
107
106
115
101
108
90
109
108
116
101
102
114
120
114
133
96
108
114
116
109
115
112
116
109
98
116
118
110
132
118
129
127
126
120
127
125
127
117
120
113
105
94
106
116
112
105
111
102
110
103
116
108
127
120
115
108
107
100
113
105
108
103
92
101
105
105
101
111
87
93
109
104
117
114
115
107
117
117
128
121
101
117
108
100
113
97
109
102
110
96
109
117
106
106
100
111
112
107
149
142
151
139
154
147
133
165
148
152
108
121
108
119
108
114
108
132
114
129
92
115
108
97
112
109
95
101
78
84
80
75
80
91
93
87
86
96
99
97
91
103
110
100
113
104
104
111
102
87
109
108
101
99
115
98
106
102
100
89
114
100
120
107
119
113
124
106
121
119
125
116
108
120
118
112
96
107
100
115
101
119
104
127
110
111
118
127
138
114
119
114
109
120
108
120
110
109
99
110
111
96
93
82
94
68
79
82
100
102
98
110
116
121
113
118
110
116
108
124
117
115
112
107
100
114
107
116
108
117
114
119
111
114
100
122
122
100
109
120
113
105
91
115
93
85
94
105
105
111
98
93
99
99
78
113
89
82
85
81
81
93
96
85
98
89
80
78
99
101
83
99
82
73
94
83
84
66
83
83
74
79
88
71
84
83
97
88
97
98
97
104
81
102
79
89
86
92
88
73
86
91
84
75
93
84
90
91
89
88
89
101
92
78
87
97
85
102
95
102
96
109
101
101
109
104
118
121
107
115
103
104
113
110
104
103
91
87
96
83
77
96
97
89
99
106
106
106
99
112
113
118
105
109
109
110
102
94
112
106
96
113
97
109
95
108
104
90
94
95
77
90
84
74
74
83
85
66
68
82
81
85
89
81
90
85
70
80
89
80
88
82
89
96
82
82
90
70
72
72
75
86
76
81
84
99
100
109
117
111
97
99
108
106
99
96
88
97
89
98
98
101
100
106
96
101
89
101
89
101
87
100
87
100
96
102
90
104
92
103
89
83
83
95
81
76
76
83
87
91
91
108
108
87
91
115
105
106
93
104
97
102
105
86
106
84
99
105
93
106
97
107
94
98
95
92
92
104
91
103
93
106
105
101
105
101
105
86
101
106
93
105
93
96
92
96
91
91
92
102
91
99
80
85
91
87
91
87
99
88
103
94
93
94
105
93
92
87
106
97
91
102
91
96
103
90
82
80
99
91
96
94
93
88
89
97
95
77
94
84
93
103
91
98
85
106
88
101
79
99
96
88
94
89
88
89
101
92
103
92
105
100
104
110
101
105
86
100
107
102
90
95
93
99
86
97
94
93
101
78
94
113
106
105
100
105
98
100
87
109
104
90
95
95
90
99
101
96
99
98
111
107
98
110
95
104
94
81
74
79
89
83
88
86
70
72
82
80
97
93
101
93
100
96
101
109
105
117
100
101
110
99
104
97
84
106
191
185
189
179
187
195
184
197
157
175
97
102
102
112
95
90
104
84
86
90
91
98
86
98
95
102
84
96
107
94
109
96
100
96
97
96
109
90
106
115
95
97
94
106
99
91
108
89
91
104
100
107
94
104
99
106
103
106
85
91
93
94
82
97
84
97
85
97
90
91
110
102
119
100
104
99
107
101
106
93
93
82
102
92
86
90
85
78
98
100
89
86
93
86
111
104
103
84
85
101
97
107
106
117
93
94
89
87
88
99
87
100
87
91
99
89
101
100
88
99
86
97
85
99
90
95
84
102
92
78
97
99
78
86
91
94
78
95
91
89
81
88
91
92
106
92
97
93
90
95
83
83
96
92
95
93
100
106
92
109
99
98
83
107
102
92
99
92
91
97
84
98
80
98
93
99
101
94
113
99
115
97
102
103
95
102
108
103
107
100
107
95
108
101
113
103
105
92
103
97
91
104
102
100
95
99
95
100
95
100
95
102
96
101
97
102
90
102
91
97
101
97
103
99
103
99
97
103
111
104
106
93
103
96
103
91
104
102
103
91
104
99
106
92
106
93
94
107
91
105
102
90
103
83
90
89
79
94
94
80
94
86
93
74
89
63
83
82
76
85
80
94
78
84
92
91
99
94
88
104
94
103
86
96
106
112
115
119
125
110
108
102
118
113
108
99
109
97
106
95
100
101
110
94
97
106
110
96
107
100
112
104
94
86
101
91
88
78
94
92
95
83
95
76
93
92
104
103
108
91
105
98
105
92
106
96
92
101
110
97
111
91
98
103
98
105
112
105
96
83
100
83
102
95
97
106
99
86
92
97
96
84
84
95
93
92
98
108
112
99
118
106
113
121
118
121
113
124
123
99
113
99
110
107
119
101
106
102
107
95
107
95
109
95
108
95
107
95
108
94
108
95
107
93
107
93
107
94
106
93
93
88
107
86
95
99
101
88
100
85
79
96
84
93
92
90
85
79
90
94
83
92
83
73
79
88
87
93
89
89
98
100
98
101
100
102
96
103
91
102
100
92
103
104
101
97
107
99
110
84
99
104
95
104
95
97
106
96
93
98
98
110
97
112
101
111
99
109
114
102
95
104
90
99
89
103
91
103
94
107
105
101
105
102
102
99
106
115
101
112
100
104
100
103
100
113
107
87
101
91
94
90
77
93
80
80
89
91
91
86
96
97
108
99
103
100
108
102
112
112
106
87
93
99
95
99
94
94
98
102
98
97
96
102
98
107
94
109
108
105
93
105
93
102
104
95
85
95
83
97
84
96
78
96
96
108
87
98
97
92
94
98
96
91
96
91
73
95
91
101
93
93
98
96
88
105
98
89
95
91
96
92
97
92
96
88
105
98
105
92
93
104
105
86
91
95
100
92
98
97
92
104
91
90
103
96
105
100
104
99
110
84
99
106
96
100
95
99
94
102
98
95
94
103
90
100
89
85
91
83
85
94
92
98
95
92
101
112
106
118
108
114
108
111
97
108
96
103
101
87
93
98
106
96
109
96
105
85
92
103
102
83
110
86
90
102
95
93
94
108
102
111
111
108
99
123
109
83
98
99
90
90
105
90
99
78
89
88
84
100
92
98
86
97
95
78
92
99
88
102
84
90
89
98
94
89
96
84
92
81
87
82
92
85
95
83
95
84
90
96
99
83
226
226
217
215
229
226
215
211
65
67
24
25
27
29
33
34
36
38
41
42
25
27
28
31
31
33
34
34
36
37
95
36
33
27
31
31
33
36
38
40
42
22
24
26
28
30
32
34
34
61
65
37
30
32
34
37
38
39
42
24
26
28
30
32
35
38
40
43
44
26
28
25
25
27
27
27
29
30
31
16
17
33
33
55
70
69
70
89
95
95
90
98
116
98
101
103
103
109
113
113
122
121
112
110
113
101
101
116
101
106
97
87
109
98
107
95
105
102
86
104
103
115
91
99
92
99
92
88
89
98
77
89
93
83
92
77
94
89
103
90
104
101
91
99
92
89
94
85
79
98
87
97
99
87
103
97
100
83
82
102
99
90
95
97
88
92
85
92
81
100
93
107
97
106
96
108
100
105
97
105
98
98
90
93
87
95
79
88
102
88
92
100
99
110
95
103
92
91
109
106
98
104
105
104
93
97
107
103
100
107
91
96
109
92
102
104
265
256
1149
1141
1123
1125
1126
1119
1112
1109
936
49
27
27
23
30
55
70
70
96
81
74
76
76
73
74
63
56
54
96
19
19
28
30
49
47
70
88
69
70
87
108
101
107
99
107
112
121
108
113
120
104
124
117
133
122
127
136
113
107
105
97
89
73
69
59
121
142
23
32
53
55
72
70
86
84
104
91
110
108
120
111
117
109
109
117
118
111
148
139
150
142
158
147
155
146
156
147
126
119
114
123
119
96
111
116
102
122
103
112
105
113
106
111
111
125
117
117
114
129
125
112
123
108
115
107
120
116
117
103
117
104
117
110
116
108
108
116
113
105
102
109
108
101
100
107
102
105
109
106
110
111
112
105
112
102
115
112
114
106
114
110
114
101
114
107
115
107
116
109
117
109
114
108
114
104
114
107
112
105
111
105
112
108
113
104
112
105
112
105
113
105
115
106
115
107
115
108
116
109
109
117
115
113
117
109
115
108
115
108
116
104
111
119
113
116
113
116
117
95
109
118
99
120
107
112
105
110
100
96
96
108
98
85
98
97
86
98
95
91
81
101
89
97
91
95
92
88
92
93
105
106
85
94
96
90
106
90
99
94
85
78
95
94
104
87
93
92
103
74
91
91
93
99
98
83
92
101
84
82
83
95
83
88
81
79
76
78
86
82
83
85
89
85
91
91
83
98
98
94
92
99
100
108
89
106
100
112
94
104
98
104
96
93
89
98
96
82
98
88
98
92
93
88
78
86
82
83
84
91
90
84
94
93
99
94
95
87
91
78
90
85
94
93
86
82
88
78
85
88
93
81
85
79
82
82
89
80
81
88
89
75
80
89
79
96
79
92
95
87
93
88
101
107
101
95
96
103
102
104
104
97
105
103
96
99
90
102
80
90
99
88
93
86
82
98
90
91
82
86
73
94
90
97
97
108
94
90
104
96
108
94
107
98
106
92
101
89
109
100
95
99
98
103
90
104
101
79
69
84
62
57
53
71
84
