23
36
97
11
25
149
40
105
68
146
140
156
142
112
107
75
79
137
145
66
146
67
145
113
115
125
111
112
110
103
37
111
141
44
180
159
138
128
128
120
108
103
104
77
22
27
19
23
20
19
23
24
19
3
20
44
31
49
48
65
66
67
86
96
93
106
99
113
100
110
95
114
110
106
115
118
110
113
101
115
102
117
108
123
107
121
109
124
109
125
109
126
118
124
111
121
113
113
120
68
76
29
116
65
18
44
51
6
91
107
31
39
41
49
48
66
66
80
80
100
99
109
97
110
97
110
107
111
101
108
96
110
98
107
113
100
107
101
115
103
100
107
105
106
111
99
102
89
109
97
109
101
110
102
107
109
124
115
108
120
83
55
77
116
96
35
46
69
27
119
3
5
5
20
44
32
44
41
44
68
70
83
83
103
96
103
99
112
105
113
106
117
110
121
102
123
106
118
121
109
115
106
107
117
98
102
97
102
105
90
102
108
109
114
106
110
98
96
109
99
109
100
108
107
96
107
99
96
92
109
109
95
103
92
98
100
94
90
100
102
92
74
101
89
96
88
98
90
78
97
71
87
91
93
94
87
90
79
89
79
92
87
95
87
96
89
100
87
101
98
114
108
118
111
119
112
116
84
67
109
96
90
84
76
91
86
78
88
84
84
106
101
108
114
108
115
118
116
106
114
112
98
111
101
110
101
107
95
107
106
307
287
313
313
309
301
292
290
79
76
52
294
4
3
24
36
43
43
58
51
70
69
83
78
99
99
117
105
114
105
120
118
121
112
109
116
118
115
120
112
121
114
123
115
127
125
123
115
122
114
117
125
111
129
117
138
121
118
131
128
118
6596
6603
6667
6654
6633
97
52
6651
6659
6660
6640
6638
124
43
250
211
55
41
40
72
72
96
95
114
125
119
122
125
117
132
125
128
121
117
135
131
123
143
128
133
133
140
124
138
119
153
144
150
134
143
131
139
144
137
98
114
107
116
102
111
103
104
105
100
101
78
101
92
80
92
89
105
90
83
94
93
93
97
92
59
32
50
99
33
66
91
32
3
5
27
42
35
52
53
74
74
92
91
106
89
97
107
100
96
103
106
80
93
95
104
102
92
97
91
98
93
95
101
100
92
88
101
99
94
97
101
100
90
100
84
91
79
90
78
96
70
111
100
117
114
118
117
100
128
94
101
127
116
97
112
116
101
108
109
107
100
99
84
95
102
102
95
86
88
93
91
115
99
94
84
100
93
110
104
116
92
99
91
94
89
104
92
100
87
99
88
81
100
88
100
88
90
85
98
80
92
78
94
94
88
91
80
68
79
96
95
91
97
88
95
96
117
110
120
100
106
118
122
121
122
114
127
98
124
106
107
97
101
86
93
96
99
91
92
93
100
84
94
101
100
113
98
107
104
110
89
112
90
111
102
88
110
96
82
48
86
68
99
99
86
102
96
109
74
86
85
102
102
108
93
81
96
90
103
102
88
81
99
100
120
112
111
106
113
100
105
103
128
97
117
97
116
113
104
107
107
114
102
120
110
108
118
103
117
85
29
52
94
18
49
108
63
72
111
15
17
37
38
49
56
54
67
60
57
80
78
84
84
79
96
100
96
1270
1260
1261
1251
1265
1280
1279
1281
69
54
1248
1276
75
79
93
84
93
118
102
91
112
97
103
67
37
18
53
106
50
87
86
5
5
84
87
85
119
130
130
145
145
168
168
142
112
120
117
126
113
126
109
121
116
120
113
111
119
119
113
127
114
132
118
126
118
124
110
120
99
113
106
106
94
108
93
104
93
104
98
105
95
107
100
107
95
104
108
97
105
92
107
95
98
37
86
69
74
59
25
86
51
103
10
6
7
4
12
19
24
17
23
19
27
2
4
22
29
51
41
55
48
67
66
85
84
102
102
111
98
111
98
106
112
115
104
104
114
134
120
133
120
132
130
122
130
133
124
118
110
117
109
116
112
118
106
120
106
114
112
115
102
114
112
114
100
95
106
113
114
107
112
119
118
109
130
116
122
119
117
109
89
102
113
105
113
100
113
111
117
97
112
117
104
118
104
105
83
115
92
103
119
119
105
115
118
119
97
113
112
119
109
122
114
124
114
122
112
121
123
121
116
111
93
108
113
98
111
116
103
100
112
128
112
136
149
141
164
143
157
152
159
142
148
130
117
97
90
77
73
61
56
52
138
108
141
3
4
19
11
10
14
26
21
52
50
65
65
63
81
87
102
103
124
100
78
81
77
63
61
46
86
117
24
13
7
27
6
16
22
53
52
54
173
168
171
170
168
200
93
192
34
63
43
59
77
87
201
4
5
30
39
53
60
59
78
76
67
100
99
119
112
124
112
119
113
120
122
108
117
119
111
119
117
116
107
118
116
122
119
121
108
116
103
95
109
103
103
111
94
98
112
109
103
103
115
104
47
84
67
94
60
112
93
110
222
224
221
231
53
68
67
74
68
95
96
90
39
71
59
31
24
55
77
46
5
3
15
19
16
25
49
48
45
60
54
64
60
72
71
70
93
86
98
86
101
94
96
86
109
85
93
101
98
87
100
88
97
97
104
106
95
108
100
99
110
98
86
103
106
94
90
94
79
95
89
93
96
100
87
95
90
88
99
75
91
77
85
88
89
100
93
94
84
96
105
105
124
101
93
103
99
91
101
108
96
110
108
104
109
103
110
98
110
107
102
111
110
98
95
107
105
92
94
105
100
104
105
94
108
104
104
112
110
106
117
105
109
107
106
85
74
98
103
96
92
102
105
94
102
76
89
89
83
107
96
90
100
104
104
96
104
107
90
111
91
101
91
79
95
89
83
100
88
97
89
96
89
101
102
80
94
103
95
89
90
96
102
89
85
89
97
99
87
99
87
88
101
88
99
92
98
101
95
87
91
97
99
94
106
90
99
91
71
29
51
40
105
16
96
61
3
84
48
10
12
6
8
6
13
21
6
14
17
6
17
26
41
46
44
56
52
71
71
93
92
112
105
124
125
124
117
116
86
108
120
93
117
101
113
99
106
112
118
90
112
112
109
124
98
103
122
112
113
105
108
119
104
134
132
144
121
129
121
128
106
116
107
113
106
110
98
111
99
110
108
111
100
112
100
117
104
111
114
110
99
93
92
111
113
89
102
114
111
102
116
113
122
100
102
97
112
105
111
99
110
108
107
102
102
80
93
99
99
86
98
86
90
97
96
77
93
86
90
85
95
85
89
97
90
103
104
98
110
98
106
99
108
105
100
91
103
96
98
92
94
90
96
86
105
105
93
102
87
101
101
118
73
93
51
35
58
21
50
71
100
6
12
8
23
35
31
47
47
64
64
79
72
82
85
73
86
85
66
88
76
89
79
93
91
107
96
99
86
94
75
90
82
80
88
71
82
89
87
95
105
104
108
92
107
100
8603
8583
8571
8598
8579
8596
8591
8632
116
70
47
8564
68
70
58
47
30
35
8625
35
33
28
35
10
22
36
21
15
16
15
25
35
33
6
22
9
24
14
3
3
5
10
11
9
21
11
21
24
6
14
14
8
6
62
33
40
71
34
74
84
91
90
110
118
118
134
134
126
120
135
123
144
114
126
134
116
125
106
141
132
136
123
125
130
101
75
78
83
79
75
62
52
120
125
7
8
18
20
35
26
30
9
9
4
3
12
12
8
43
60
68
63
65
86
85
105
107
108
106
125
130
121
129
118
125
115
134
113
143
93
98
73
76
132
105
30
28
85
29
26
30
67
92
110
5
4
13
12
39
53
76
56
77
74
96
86
85
107
105
169
156
147
142
124
161
122
119
98
112
18
12
18
3
6
9
4
3
7
8
3
4
77
34
27
41
20
21
24
22
16
16
18
3
3
13
6
21
22
39
51
58
41
55
55
55
72
69
93
93
110
101
115
103
126
112
116
110
108
96
109
99
107
100
82
90
80
95
92
99
111
118
116
108
120
112
131
123
137
133
115
103
110
121
119
113
113
105
70
92
69
107
79
105
107
95
106
86
101
114
116
110
90
83
130
112
107
111
119
118
107
117
93
107
106
120
113
81
117
106
94
114
107
116
108
112
105
112
109
128
112
125
117
117
121
122
120
123
115
121
109
101
112
115
103
115
102
108
115
114
103
115
109
115
108
117
104
116
111
116
113
107
116
112
90
97
106
99
108
101
108
101
115
100
105
116
111
98
102
110
112
103
108
116
117
108
113
111
115
106
114
106
113
110
112
107
108
116
115
108
113
101
115
103
116
108
115
106
115
107
111
109
101
106
99
111
95
80
107
94
82
108
96
109
104
116
110
120
117
118
107
124
111
118
112
94
113
99
107
98
107
96
98
104
85
94
91
100
92
99
93
102
113
111
103
104
104
115
103
118
106
96
107
112
104
112
102
115
119
108
115
117
119
130
135
131
123
115
129
123
106
120
109
99
132
121
135
132
124
114
138
134
145
129
124
109
123
114
110
111
124
112
122
115
122
114
118
111
116
104
115
103
117
105
115
119
118
123
107
99
122
114
101
92
106
98
87
90
98
91
87
80
86
91
85
75
94
86
83
90
79
90
85
76
84
85
89
87
35
23
23
64
76
92
50
52
59
2
6
5
4
3
22
20
12
7
11
13
4
3
12
15
34
33
50
48
58
58
55
84
82
102
95
102
95
105
96
75
94
87
100
93
99
93
102
91
97
95
107
92
88
100
100
90
100
98
105
96
95
92
105
95
85
98
102
95
109
92
102
112
8
59
78
96
27
89
32
67
53
4
33
28
40
36
55
53
70
69
82
82
100
96
100
93
108
96
109
96
113
101
111
113
117
109
105
117
115
101
100
112
112
103
111
98
109
99
114
101
113
108
107
119
114
112
106
114
92
106
99
114
93
111
95
103
98
111
93
103
111
95
109
107
97
99
112
87
90
101
99
118
108
112
75
33
105
37
89
22
54
74
85
13
29
32
31
54
54
69
70
88
82
94
98
107
96
107
96
99
107
104
85
91
92
103
100
92
103
92
104
74
95
97
101
89
127
114
122
107
118
101
109
118
81
94
99
88
104
104
99
108
96
110
99
112
91
99
61
81
85
111
89
91
97
103
86
95
73
89
89
107
101
112
89
102
99
92
87
103
96
100
82
87
100
93
101
110
90
107
121
126
112
112
106
123
114
131
123
95
108
106
100
112
105
110
97
106
92
105
96
101
66
62
54
36
32
24
46
83
78
5
31
32
33
59
58
69
69
89
82
102
101
103
101
115
105
90
101
113
76
69
126
101
121
107
131
72
131
93
91
110
100
129
111
128
116
129
118
132
126
132
110
134
122
121
98
108
98
110
102
104
113
111
102
108
82
88
94
66
114
110
116
116
118
104
121
84
103
102
102
114
113
86
99
52
45
78
64
89
78
78
59
55
74
73
97
95
114
108
117
107
110
97
91
107
104
109
106
94
95
101
98
110
106
111
112
110
120
117
126
117
130
116
124
114
118
111
110
121
104
115
112
102
108
102
107
100
87
96
109
111
99
107
99
115
102
99
99
112
99
87
99
83
91
90
84
95
92
74
88
99
91
96
89
106
98
97
101
83
100
93
99
91
101
93
84
102
91
83
88
98
78
91
99
100
84
97
91
92
103
100
94
96
96
106
99
104
81
98
99
91
100
106
111
106
114
110
129
118
131
113
124
117
117
127
109
121
108
113
92
100
105
96
114
98
109
95
106
96
92
92
108
102
108
102
106
93
102
95
105
96
102
96
93
81
100
97
90
100
104
98
107
96
96
112
71
102
108
82
91
102
80
88
89
113
96
106
105
116
112
121
130
139
131
123
114
121
112
104
115
101
99
116
115
102
115
103
107
118
117
108
110
121
120
107
109
122
121
111
118
125
116
110
118
102
113
104
107
95
105
97
107
94
87
100
95
102
108
116
104
88
56
72
103
38
29
79
115
84
58
7
12
41
42
59
72
63
33
57
57
56
57
49
58
40
3
3
9
11
7
3
4
19
15
18
20
9
34
48
44
42
59
60
76
70
82
82
95
97
99
86
88
98
99
92
92
100
129
121
99
110
131
122
130
119
120
129
101
94
110
108
102
96
104
93
101
104
103
106
100
113
107
133
120
133
136
128
111
86
51
36
23
16
93
63
39
11
126
4
3
14
15
14
11
12
7
3
4
11
8
25
34
22
15
27
12
13
28
34
39
43
46
48
44
32
34
36
3
3
19
21
22
36
58
50
45
43
53
53
68
137
151
135
145
130
146
137
173
169
160
98
50
88
44
71
84
97
76
85
65
79
76
31
42
5
4
14
10
37
23
23
24
24
18
35
16
18
16
64
64
65
64
65
53
65
95
74
85
55
81
83
82
74
64
53
46
39
73
79
30
81
38
45
56
58
56
60
58
59
56
121
117
95
66
44
43
45
46
42
122
5
4
10
13
42
24
39
28
40
3
8
4
11
9
16
6
20
17
14
24
27
40
36
43
28
79
80
96
100
100
101
125
116
133
106
115
99
110
97
106
106
118
78
100
75
110
98
57
111
89
97
104
103
98
95
115
117
143
129
134
142
138
119
131
116
134
129
107
100
121
124
91
77
84
60
105
99
69
41
21
20
57
71
85
31
3
12
11
12
27
35
40
36
33
38
50
78
76
88
89
98
90
68
85
86
105
101
108
113
94
101
119
112
110
98
115
126
135
118
120
115
128
126
131
104
121
97
111
119
129
126
139
122
118
128
102
80
115
75
61
106
98
67
15
28
85
82
16
51
81
65
71
58
70
74
52
31
72
59
59
62
24
42
29
5
44
46
44
49
55
57
78
79
100
100
125
112
97
115
75
97
85
81
92
104
76
88
5
25
41
39
41
42
70
59
66
68
62
63
45
60
68
71
7
7
21
47
41
39
62
60
60
84
83
78
76
80
94
106
105
119
94
105
93
91
70
105
80
90
87
96
106
69
84
94
86
66
72
70
55
24
17
71
31
42
2
37
34
47
49
50
58
59
58
61
100
93
110
95
72
95
89
87
83
85
110
101
104
96
96
93
76
73
84
85
90
88
92
88
97
87
93
88
93
100
105
111
102
94
112
113
116
100
112
107
114
113
97
107
98
108
97
95
100
103
108
98
108
101
101
112
87
72
102
57
87
110
102
90
107
103
79
98
92
92
101
114
109
124
105
106
111
112
103
105
106
128
117
126
121
116
129
128
108
114
101
93
95
94
100
77
85
98
79
97
92
95
99
104
101
110
104
110
97
85
82
100
105
94
112
100
98
106
109
116
120
103
113
99
104
93
105
103
107
98
99
103
101
91
103
90
97
98
96
93
100
92
100
81
98
98
89
91
103
93
99
138
133
133
141
129
141
157
149
155
148
115
107
83
103
95
94
106
108
109
106
108
104
111
102
113
104
112
99
113
111
117
114
117
114
115
108
114
106
101
115
104
111
108
105
88
105
93
78
90
104
72
98
91
104
102
106
92
104
101
91
90
101
95
101
94
92
100
87
98
82
91
86
92
96
90
96
87
83
95
82
98
86
89
87
89
77
84
95
100
89
97
84
94
96
91
99
94
97
101
90
94
104
107
99
107
99
86
104
96
103
102
93
101
90
99
105
109
111
119
120
116
127
130
119
129
118
116
105
96
82
73
126
67
59
71
68
55
54
66
70
68
88
87
104
97
83
100
95
108
91
98
92
77
95
89
97
84
96
91
100
94
101
96
98
98
106
95
104
89
98
92
83
96
79
72
88
91
87
99
94
99
95
107
99
104
90
102
85
86
97
99
89
97
86
102
103
87
99
99
90
94
92
88
93
88
100
100
98
87
90
101
101
106
108
88
100
102
110
87
88
88
100
89
103
96
94
106
93
107
110
100
111
110
103
110
105
115
110
106
101
82
97
72
105
100
103
109
118
110
126
134
119
113
120
117
112
128
120
133
117
123
109
126
111
121
126
105
104
118
115
105
98
92
101
110
98
106
96
104
104
101
115
102
106
103
96
106
86
92
76
104
71
81
61
95
79
76
91
75
88
61
70
76
58
51
76
76
102
90
61
58
99
88
110
100
96
112
107
116
110
108
135
136
157
120
128
128
134
124
130
131
127
116
126
117
124
119
123
109
119
116
115
106
101
112
95
88
109
104
93
80
101
94
106
103
113
100
115
110
109
114
120
110
117
108
117
102
108
116
123
114
116
124
118
114
117
108
119
107
110
112
118
116
120
117
120
117
120
117
120
110
121
113
119
112
120
105
121
115
82
102
118
95
94
108
108
100
102
97
103
100
117
107
99
110
98
110
104
111
106
83
103
92
72
115
96
84
105
95
115
107
123
121
124
108
123
107
126
112
123
116
124
111
124
118
129
122
126
118
103
122
114
121
106
113
107
111
101
89
115
116
108
117
101
107
105
91
83
89
102
96
101
93
58
87
29
48
107
100
35
74
67
89
71
89
85
82
81
97
99
108
108
94
114
106
119
127
131
117
123
105
115
133
141
110
143
108
100
91
122
124
122
125
115
102
123
113
126
104
126
110
125
110
103
116
127
107
118
108
109
60
34
86
27
85
47
96
67
18
31
35
50
28
63
63
83
82
98
99
104
102
119
105
106
101
105
100
98
106
105
94
104
102
109
104
107
101
109
104
112
100
113
108
113
107
106
105
103
115
116
109
117
101
114
118
127
122
114
118
110
110
124
125
107
119
107
116
114
123
106
101
94
88
104
115
113
112
95
111
109
129
109
130
110
100
107
100
111
85
94
68
62
108
120
114
106
103
109
112
75
113
86
87
104
97
105
100
104
103
112
104
114
109
100
113
100
102
89
109
114
105
102
102
132
108
122
109
111
129
110
123
119
104
114
108
126
101
91
117
101
89
99
93
102
85
85
101
98
94
97
111
95
85
107
96
110
101
113
107
125
107
105
99
113
111
115
103
117
113
110
112
116
101
111
101
107
99
101
98
94
99
94
106
96
105
79
93
105
94
97
101
93
80
105
101
87
99
91
104
101
70
72
91
88
103
84
91
108
96
94
108
106
120
118
97
101
103
90
102
93
108
104
117
112
126
114
129
121
132
136
120
110
121
98
115
122
105
101
106
89
108
108
102
99
108
99
97
106
89
79
110
101
109
120
107
122
124
114
105
107
100
100
104
111
101
109
102
111
119
123
114
119
109
117
119
110
115
108
119
112
105
113
102
120
109
112
89
106
98
114
106
115
101
97
110
88
111
103
94
104
102
92
111
107
98
113
116
112
108
107
113
100
112
96
95
88
78
90
96
94
93
89
89
88
79
94
91
97
92
98
94
96
108
102
95
84
91
100
102
99
91
104
99
91
99
92
102
88
101
89
98
88
101
91
91
101
104
91
104
99
106
91
101
95
82
99
90
87
93
75
93
76
83
88
89
83
74
71
79
81
87
73
81
81
88
80
88
87
94
79
84
97
91
102
93
101
92
97
86
73
92
85
78
84
78
79
83
70
81
66
85
80
87
79
84
94
86
99
90
101
99
98
92
104
95
95
86
94
96
89
96
86
94
88
95
95
1526
1523
1539
28
1513
45
1507
1524
1539
1541
1534
105
29
79
81
24
25
24
27
105
1494
25
8
59
57
94
82
102
103
121
121
142
144
136
114
133
105
104
94
94
83
72
51
37
49
70
40
30
74
3
8
3
20
7
9
28
31
47
46
45
39
64
65
80
79
96
89
82
61
97
91
86
94
89
144
157
157
153
163
161
164
150
164
149
122
123
130
132
125
131
124
137
128
125
113
96
111
97
112
98
73
52
78
109
30
56
61
38
90
18
5
38
40
54
66
67
79
73
101
100
121
115
128
118
125
114
127
115
125
111
124
116
123
116
113
100
116
118
110
99
113
105
112
114
113
102
123
100
107
115
103
117
113
101
113
104
108
125
106
122
114
114
105
111
107
115
108
98
100
98
105
103
110
108
105
97
86
98
107
94
112
94
100
104
95
88
96
81
101
93
110
90
97
88
96
92
104
102
88
98
87
100
102
100
104
96
97
104
106
111
99
101
96
107
97
94
99
83
97
94
89
100
112
101
110
104
110
103
108
108
117
99
104
97
102
97
105
96
100
95
95
101
90
101
98
85
92
103
107
95
99
107
104
103
107
104
94
103
64
20
78
100
88
58
36
48
30
12
81
11
16
38
36
58
56
68
76
88
86
110
110
129
115
126
120
125
114
128
117
124
116
120
114
120
113
119
111
106
107
110
116
116
109
115
113
113
110
120
108
111
103
114
106
109
114
114
112
117
115
114
107
113
107
105
114
107
113
114
102
115
104
118
105
121
118
116
118
119
106
117
115
108
116
111
104
88
112
102
109
100
111
99
106
91
98
102
105
99
91
97
85
91
95
94
86
81
95
91
107
105
96
102
101
92
87
100
106
108
120
105
113
108
111
106
88
113
106
125
105
123
106
115
110
105
111
119
113
115
119
98
109
117
109
125
118
107
120
106
125
107
124
114
93
113
101
110
97
88
104
89
68
93
105
89
112
106
113
105
119
111
116
104
111
104
132
129
126
89
131
119
115
98
78
93
118
68
108
87
64
105
79
91
111
105
71
99
83
113
114
83
115
103
140
139
143
127
141
120
126
107
117
83
110
55
103
117
53
69
66
27
29
33
35
40
99
87
27
42
3
40
22
21
21
37
17
20
25
17
45
43
70
55
73
65
78
72
57
75
79
47
97
91
98
91
110
67
78
80
97
68
63
55
50
40
34
68
68
92
105
13
12
12
10
3
17
8
7
16
14
12
12
38
9
21
9
5
6
31
45
37
53
60
69
57
69
90
81
90
101
110
110
125
119
117
116
130
126
108
116
58
42
82
92
73
66
28
15
4
5
4
13
25
42
43
59
49
49
51
63
78
77
78
102
101
94
74
75
92
92
85
97
97
100
87
78
84
102
91
112
104
120
109
123
102
74
74
114
99
123
120
113
114
98
77
91
90
96
102
78
45
88
52
31
122
66
117
95
4
5
29
5
6
8
25
26
9
8
5
3
6
14
20
35
39
48
48
49
59
70
70
81
87
93
86
92
103
82
106
94
55
79
89
49
68
82
85
81
90
102
83
74
67
86
77
83
86
88
112
97
97
85
77
62
64
66
62
58
112
99
6
9
13
26
13
9
12
22
14
36
33
17
17
18
4
4
18
4
10
8
41
33
18
15
8
20
11
44
10
26
14
16
25
13
4
18
24
50
41
39
54
26
76
77
94
93
109
94
112
96
102
98
110
99
111
99
106
93
100
106
90
99
104
75
22
54
74
41
91
76
87
28
8
19
47
45
55
55
70
79
78
68
91
92
105
93
98
105
108
97
103
72
93
63
30
84
47
32
24
85
57
44
8
14
26
11
24
23
9
5
3
12
21
42
40
65
65
86
78
97
96
113
118
127
101
85
123
121
108
121
112
119
107
88
121
102
121
113
120
119
105
114
105
107
93
79
96
86
84
99
82
94
101
97
107
106
113
111
103
108
105
114
98
111
109
102
103
110
127
124
113
122
113
122
115
117
112
93
66
99
98
79
59
86
97
92
104
95
106
94
95
96
94
94
104
97
100
83
45
56
63
24
70
93
16
33
4
9
20
46
38
51
56
51
60
68
77
77
94
88
94
86
101
99
102
93
94
102
88
100
81
99
91
98
92
97
85
83
94
87
107
87
87
92
96
105
102
98
95
95
102
101
105
95
93
103
100
83
89
94
96
82
83
70
89
92
83
98
83
98
89
108
100
101
94
101
105
96
101
96
106
93
99
94
83
104
92
97
78
91
87
97
102
93
106
86
82
99
88
100
100
89
98
102
106
92
103
85
102
99
100
92
57
56
17
82
46
29
72
36
5
9
7
4
4
14
17
18
28
35
29
61
60
58
52
68
79
70
73
69
82
83
80
86
110
102
94
110
94
89
99
90
103
91
98
70
84
108
60
106
96
109
109
100
56
73
73
91
90
108
97
107
98
104
104
109
85
65
79
49
66
29
106
117
52
102
85
70
61
59
78
78
91
92
90
104
110
121
107
112
103
117
98
113
102
108
102
117
107
99
121
114
125
109
111
129
124
108
127
124
120
127
114
125
111
122
110
116
103
120
101
108
97
110
103
109
97
118
118
113
106
115
100
118
110
117
100
94
118
107
117
104
109
95
106
95
89
97
116
85
105
93
111
97
120
93
121
98
100
108
101
109
105
114
113
108
115
109
122
108
104
117
114
109
111
112
101
109
84
94
100
97
103
87
91
102
97
95
105
88
110
101
104
102
117
106
105
110
112
103
88
96
97
106
106
93
105
96
105
97
105
96
109
116
99
110
99
108
106
119
115
135
132
137
126
143
129
135
143
89
129
139
64
75
99
109
98
87
76
95
108
83
95
104
96
105
103
103
89
95
80
80
94
103
96
46
85
79
37
35
53
76
65
4
2
21
35
34
52
49
51
41
41
20
41
35
40
50
38
11
10
37
11
17
16
32
31
14
25
28
29
5
11
9
5
7
38
41
43
42
61
59
77
76
94
93
69
100
108
89
82
111
98
104
95
103
86
97
99
96
81
113
91
86
96
89
91
101
85
88
83
96
93
88
96
82
96
86
75
74
96
96
97
104
101
98
98
109
112
110
118
101
108
97
108
101
53
35
86
46
78
65
97
84
49
85
62
62
77
77
92
93
98
46
84
92
23
69
64
34
29
52
31
28
25
55
53
68
65
80
82
95
90
102
101
99
95
100
99
103
102
103
93
100
104
82
94
103
95
101
93
100
90
86
96
95
75
87
87
83
90
90
70
90
96
92
91
91
79
81
94
101
102
101
95
78
85
86
92
80
89
71
82
80
100
83
100
92
97
88
90
110
97
112
95
97
101
97
79
101
87
101
89
99
87
97
89
78
107
92
98
87
98
103
98
96
104
106
94
99
99
108
105
101
91
106
96
105
98
104
93
103
91
104
98
100
87
86
102
88
104
94
99
93
101
92
103
107
106
98
93
104
85
100
95
71
86
94
103
108
98
109
98
86
106
96
95
108
98
95
105
109
103
113
103
117
110
109
116
103
113
103
110
107
95
83
89
101
105
92
108
100
97
102
100
116
86
95
108
101
108
101
114
100
105
100
109
101
107
95
106
92
85
102
96
98
112
112
109
104
107
93
110
111
102
111
106
100
99
109
99
131
113
98
118
111
117
104
120
110
100
95
95
130
99
122
108
114
107
126
119
114
130
123
114
131
116
124
136
117
126
110
110
122
123
115
107
120
107
116
90
94
111
100
110
100
117
114
119
117
124
129
121
138
123
142
123
134
120
135
121
114
121
92
98
107
115
113
105
108
100
103
91
95
81
97
93
101
90
97
107
100
125
112
128
126
110
102
118
106
127
86
108
93
64
80
99
58
91
43
42
51
75
85
74
92
88
79
62
85
85
100
106
98
103
100
88
114
98
115
100
117
108
115
101
99
98
94
116
108
114
107
117
109
110
129
100
112
92
116
107
103
119
107
109
105
112
120
107
113
110
108
105
121
113
132
110
123
112
125
122
121
111
87
111
104
114
94
103
91
92
102
101
93
82
99
96
91
105
78
95
88
100
112
108
107
108
103
116
123
113
112
102
116
104
117
105
118
99
105
96
92
104
111
105
99
111
105
99
85
98
99
64
97
94
109
95
87
109
106
104
112
122
100
114
107
94
117
105
111
120
105
114
101
111
117
110
117
102
118
102
111
115
112
103
117
108
106
115
104
111
104
124
115
115
96
116
115
121
118
123
114
118
106
107
100
87
79
121
102
95
95
111
104
83
86
79
89
88
100
93
101
92
100
93
104
98
103
87
93
82
63
94
76
100
101
94
105
96
90
102
107
93
91
110
117
105
103
96
115
78
63
43
101
90
101
85
86
79
37
36
38
41
91
47
8
18
17
44
53
71
68
54
42
34
33
34
41
49
70
108
22
26
30
30
32
33
36
34
85
7
4
24
27
28
15
17
5
14
20
8
5
9
33
31
34
41
41
53
59
63
72
68
53
71
103
103
104
54
91
73
111
86
102
75
102
72
102
74
79
108
81
100
109
111
78
100
99
68
39
101
32
71
97
57
100
95
50
26
48
26
60
52
51
83
93
95
93
99
81
59
76
75
91
60
59
60
91
47
23
37
79
33
8
18
44
41
50
56
67
64
66
63
101
99
110
102
86
108
98
108
101
99
111
105
108
104
104
115
103
113
101
108
100
116
106
96
108
102
108
110
97
105
111
111
104
115
107
122
112
128
122
128
118
115
128
120
104
113
105
107
104
102
109
105
99
112
106
112
114
113
110
108
84
105
101
100
99
93
111
111
106
107
120
112
107
97
108
124
124
105
115
90
105
863
857
873
864
862
872
871
860
94
81
854
877
76
108
96
56
42
42
88
71
27
26
89
28
26
63
38
59
84
55
9
7
3
4
24
31
53
52
96
49
49
68
74
78
82
85
89
92
74
73
63
24
15
66
7
18
16
6
23
19
24
4
4
9
10
12
4
52
61
13
4
5
14
5
14
3
7
19
16
13
5
3
29
38
27
36
24
30
32
40
8
6
4
11
12
7
20
16
20
9
14
11
7
8
4
4
8
10
31
43
53
51
65
63
83
81
93
94
107
113
107
106
92
112
111
98
103
90
102
89
93
99
79
91
95
102
90
105
105
73
88
116
99
117
116
123
107
107
91
102
103
114
106
109
87
95
110
97
94
107
84
104
102
105
111
87
100
112
108
94
83
97
91
99
91
105
103
102
114
115
105
121
104
110
119
115
112
113
105
109
113
114
107
112
105
108
97
103
95
93
102
99
78
88
90
92
95
76
100
91
79
102
87
102
103
101
117
111
103
109
108
112
104
107
86
100
96
104
86
104
93
90
98
101
90
97
92
99
93
111
109
104
105
100
105
109
101
102
95
101
91
103
94
103
93
102
96
106
93
107
79
96
77
99
87
98
91
80
67
95
96
101
99
101
93
82
107
81
104
103
95
109
114
103
90
110
110
88
89
96
89
71
86
69
73
66
71
69
73
75
70
74
74
73
73
67
77
71
72
49
37
60
40
24
51
46
63
18
7
30
40
38
50
50
68
68
85
99
85
68
104
85
95
101
105
99
112
98
103
92
111
101
92
106
76
87
92
96
81
89
88
100
92
96
87
82
93
91
102
93
100
86
81
91
99
99
86
105
104
113
104
115
125
101
125
120
86
102
111
113
107
101
113
96
97
106
91
105
104
113
100
102
112
112
100
113
105
102
113
112
100
111
99
98
105
105
104
105
96
102
99
104
102
96
106
97
109
112
100
110
110
95
103
95
84
106
99
92
101
100
99
105
81
96
116
104
132
102
125
122
119
128
119
133
128
102
133
113
126
116
105
111
100
114
104
112
93
116
82
84
94
99
86
92
81
77
93
92
97
97
113
94
95
101
98
90
96
108
97
110
102
121
110
122
109
116
108
121
117
108
102
112
105
108
110
95
115
107
100
109
108
109
95
96
113
111
106
95
96
106
100
91
100
102
79
92
100
107
106
97
109
98
113
103
115
98
107
106
96
106
103
104
109
101
19821
19791
19780
19820
19815
19781
19831
19795
19801
46
19825
37
40
27
31
36
46
32
35
37
32
9
21
85
82
94
94
110
104
125
126
199
198
167
164
163
156
149
164
159
139
171
158
169
169
168
161
172
171
174
106
110
104
127
119
148
134
145
137
147
127
147
139
98
130
114
102
109
117
114
105
113
114
176
156
180
174
161
159
166
170
157
175
106
106
97
93
82
117
110
109
78
86
56
45
29
30
66
95
56
13
22
35
34
56
52
50
43
48
68
82
81
99
98
120
105
122
103
97
118
95
113
118
129
114
132
113
128
119
129
119
124
114
119
115
113
110
112
103
110
102
108
103
111
103
108
115
118
112
122
120
127
120
127
121
129
127
126
117
121
105
95
102
109
112
99
94
108
105
110
101
112
101
103
111
89
109
102
98
115
103
103
124
110
111
103
110
102
111
113
113
97
112
100
112
98
115
108
115
113
113
107
113
111
116
119
112
125
112
129
115
111
125
122
124
104
95
111
104
118
103
116
124
125
112
122
111
106
111
105
118
114
110
101
112
96
77
108
67
87
103
99
94
109
118
104
122
111
106
98
116
108
110
122
116
109
95
107
99
84
102
70
91
63
81
95
103
93
97
91
107
93
102
99
103
103
108
102
114
105
119
112
118
109
118
111
123
114
126
119
147
155
142
154
140
155
141
92
136
105
149
116
105
120
109
121
112
128
97
96
139
105
149
137
155
148
163
148
169
128
113
159
158
112
135
118
111
113
73
73
95
74
96
65
113
105
116
92
75
65
64
58
65
65
70
99
114
105
93
107
72
73
222
235
240
241
258
245
231
221
168
169
77
59
48
38
24
28
28
31
33
32
34
33
34
34
4
13
12
39
40
54
37
35
35
64
71
79
73
83
75
69
55
44
74
58
53
77
76
66
72
72
47
75
55
47
76
72
70
82
74
76
66
81
72
74
77
86
79
72
74
78
65
75
72
76
86
63
82
89
69
52
89
74
75
65
72
70
58
52
52
53
47
41
39
34
70
4
8
3
7
9
4
2
3
0
7
2
1
3
3
1
3
14
16
26
26
5
28
28
8
24
4
3
3
2
4
4
5
3
3
4
4
4
4
4
20
16
1282
45
1281
34
73
72
89
87
102
64
102
65
50
46
72
80
30
96
4
14
27
47
51
47
53
59
58
58
57
79
77
70
68
73
59
82
84
58
64
52
68
87
32
40
53
62
63
58
43
51
50
57
56
65
67
73
78
84
81
85
81
83
75
80
78
74
73
65
59
58
69
71
64
68
71
72
66
75
74
66
77
54
48
41
54
62
54
61
45
42
43
53
52
59
60
69
69
99
97
89
93
91
85
83
88
96
74
68
64
63
69
49
65
59
63
58
63
61
64
66
61
62
69
66
70
69
74
70
72
65
68
68
64
59
59
64
51
58
62
173
177
186
185
197
191
204
194
92
96
86
92
84
91
76
72
102
86
97
104
77
90
40
40
39
60
35
99
35
3
15
17
20
19
29
35
18
26
19
25
21
19
23
18
24
8
20
20
45
47
49
51
51
71
72
84
83
107
107
97
105
100
116
102
115
107
118
102
100
110
130
106
112
122
107
94
115
121
112
105
123
109
77
85
86
107
121
115
104
114
99
105
97
91
89
88
104
104
97
105
105
94
102
97
72
94
89
96
104
78
123
109
128
118
129
129
137
109
127
116
111
108
103
106
98
107
98
107
95
94
97
101
90
104
98
101
89
101
89
102
93
102
90
101
91
106
96
110
100
111
105
113
107
112
104
110
96
108
76
72
85
96
102
92
95
107
95
90
106
119
111
127
137
127
110
117
104
116
109
96
103
107
95
102
96
106
104
84
96
101
107
96
107
96
102
112
108
101
106
115
115
102
107
115
114
103
108
115
114
105
114
107
108
117
112
115
116
104
120
113
121
113
118
108
125
110
116
124
120
105
113
106
100
119
103
109
103
105
94
115
142
134
109
124
142
100
90
127
124
97
91
97
112
106
84
105
105
117
108
120
113
129
126
122
112
122
113
122
113
119
111
116
108
116
108
112
92
105
114
103
122
106
123
106
126
108
118
110
120
111
117
109
115
113
113
106
115
106
112
108
113
105
97
113
106
115
97
93
106
98
103
100
101
99
114
95
97
108
100
122
108
127
114
127
111
116
126
115
122
108
114
106
110
105
117
107
117
114
118
110
114
109
113
100
109
94
109
96
107
96
110
97
99
108
95
109
103
111
99
112
101
100
111
98
52
81
68
82
95
88
96
78
84
77
79
77
109
108
116
87
96
108
119
112
98
110
93
100
103
100
116
108
110
108
117
105
122
113
107
98
94
108
113
106
114
114
99
101
98
113
110
95
79
94
103
102
91
97
81
98
93
102
101
101
93
92
104
107
100
94
107
111
88
101
109
108
99
113
109
114
104
114
112
94
112
106
115
100
88
91
79
101
72
89
52
71
60
50
77
82
81
83
84
95
106
84
86
93
106
101
97
92
103
102
61
90
40
62
19
64
63
20
81
3
5
26
17
44
44
63
63
80
80
101
84
101
114
106
113
108
109
124
113
106
118
91
105
105
84
99
104
94
105
102
96
106
98
101
97
88
108
92
102
79
97
112
100
121
112
133
113
131
122
122
126
115
130
115
109
124
86
102
113
110
99
103
113
105
110
102
100
120
122
115
117
108
125
108
124
109
85
98
93
87
123
99
105
111
93
97
115
108
121
126
114
108
122
104
110
95
86
101
105
95
105
98
104
113
104
112
189
181
188
185
171
185
171
179
165
158
112
108
113
100
122
120
140
121
130
124
101
111
122
127
101
118
100
120
112
124
113
100
118
111
107
100
117
108
120
111
106
96
87
119
122
127
118
111
130
110
114
120
115
128
124
112
126
129
96
112
105
122
123
111
126
109
102
118
112
128
139
113
107
121
119
105
114
92
108
108
93
102
109
117
104
113
105
111
107
110
103
103
116
91
114
106
110
95
105
94
107
92
109
99
116
122
99
116
89
113
79
88
72
102
90
102
83
80
79
96
96
103
114
114
97
88
104
94
94
90
94
76
88
92
91
95
88
99
96
83
98
105
100
86
106
92
106
100
89
97
90
99
93
101
99
87
101
90
75
78
83
84
98
89
105
94
104
96
114
119
77
79
109
102
106
109
113
106
116
101
116
95
114
106
126
114
124
121
113
125
118
126
122
113
105
122
122
112
121
110
118
113
100
123
109
122
111
114
106
116
107
123
117
133
118
121
131
137
129
141
120
127
118
125
121
126
123
119
111
119
116
119
110
101
100
118
108
83
106
102
92
99
103
109
95
107
97
102
112
86
92
98
110
96
107
96
104
101
103
113
94
111
106
117
105
103
103
115
111
105
98
105
101
99
94
104
95
105
98
107
102
99
105
111
96
107
95
103
82
89
90
95
90
80
89
103
101
92
98
105
111
107
87
113
111
80
102
95
96
93
91
98
77
92
94
97
90
100
80
81
88
94
87
93
84
81
93
80
91
92
95
75
86
88
98
102
98
98
100
89
102
93
95
88
84
101
94
94
98
77
87
70
111
99
111
73
83
102
94
82
88
94
102
94
97
95
101
90
100
94
106
91
100
93
106
104
111
96
97
109
108
104
111
104
112
109
91
103
112
103
104
112
110
100
109
97
110
102
112
98
104
112
94
109
100
86
105
96
89
97
98
82
92
98
86
78
90
99
97
109
96
94
110
93
107
85
96
107
98
87
98
98
88
93
105
84
64
69
67
58
91
86
93
87
87
86
72
73
87
87
90
100
108
106
102
97
96
93
101
95
95
102
104
93
102
98
85
80
87
92
104
117
116
130
118
139
138
151
113
104
126
124
117
111
121
119
110
108
117
116
114
95
119
105
113
104
118
106
108
124
113
121
114
124
115
108
127
119
117
128
126
95
112
87
97
112
97
101
96
81
67
94
101
102
74
101
87
67
112
99
113
103
90
108
82
86
114
115
110
123
110
105
128
78
106
100
96
108
99
83
387
379
397
383
385
377
71
385
69
384
87
108
99
86
86
69
68
56
55
45
42
30
82
35
28
36
51
51
65
66
84
84
99
96
99
110
94
107
97
99
105
93
99
108
65
92
90
100
87
88
103
90
85
76
65
85
96
89
105
95
100
87
93
95
97
115
107
121
108
117
105
118
104
118
101
92
97
111
100
95
105
92
103
98
96
89
101
111
98
110
97
90
104
89
100
63
83
104
70
90
93
102
112
96
113
92
99
90
106
101
114
105
113
101
88
94
73
105
90
94
87
92
87
105
78
98
97
110
100
72
66
59
100
84
108
114
95
108
114
103
86
68
117
95
94
115
107
114
109
126
112
131
123
130
109
123
113
117
122
115
123
107
125
112
130
118
132
116
129
86
98
51
74
112
43
100
97
39
65
65
91
89
106
97
117
115
128
119
118
111
111
104
111
104
110
104
90
97
69
76
54
62
110
50
91
96
80
81
79
70
83
89
89
114
124
118
114
107
97
89
78
62
54
40
115
13
8
12
5
36
20
21
56
48
44
46
27
65
66
83
98
97
82
100
95
65
86
48
71
97
96
34
50
22
26
31
36
37
40
41
34
82
31
33
31
13
12
32
34
19
17
36
26
36
10
10
10
22
36
36
51
39
44
30
75
74
86
80
96
77
94
93
115
113
127
118
121
100
119
123
111
110
103
86
105
97
100
80
92
85
85
83
85
97
87
101
89
96
168
166
152
140
170
167
165
148
91
162
88
81
101
83
82
95
99
84
99
94
81
99
100
82
94
103
100
89
106
104
99
93
103
99
92
71
79
62
95
45
27
57
102
48
89
76
50
38
60
60
78
78
96
96
105
98
89
104
90
107
90
102
89
72
72
89
100
97
84
98
96
86
97
126
123
117
119
129
111
140
123
131
94
106
84
98
98
115
101
102
96
101
110
85
101
104
110
92
85
98
90
103
93
101
93
110
101
102
109
112
110
108
106
113
99
113
110
101
113
111
102
110
108
102
109
110
107
110
108
114
106
109
103
108
111
104
107
107
103
104
107
89
106
110
98
113
99
106
109
101
119
103
118
102
102
111
114
130
118
128
114
122
115
124
117
127
103
98
109
97
109
89
96
101
90
97
87
88
96
95
93
106
85
104
96
100
100
84
95
101
101
95
101
99
108
99
111
106
107
114
108
108
81
95
99
101
77
90
98
89
91
100
98
90
107
96
94
86
94
102
97
102
104
97
83
104
95
99
93
107
101
112
98
103
101
108
102
102
95
98
95
93
104
106
90
98
102
107
87
99
105
94
106
99
92
99
91
98
90
101
90
102
96
102
91
102
95
93
100
93
103
103
97
102
96
96
73
83
101
90
99
100
84
60
96
78
67
106
88
88
99
92
84
87
78
85
93
92
94
98
101
84
89
96
95
99
81
90
96
96
88
78
82
93
87
91
94
90
93
89
102
102
102
88
92
101
106
104
113
105
112
105
121
119
127
115
115
117
116
113
103
118
107
99
103
91
102
93
75
101
94
36
30
65
64
47
82
66
80
57
56
69
74
73
86
86
77
86
99
73
65
83
88
75
92
94
95
99
93
104
113
109
83
102
94
92
108
99
91
105
95
91
103
81
90
103
101
102
94
87
82
111
109
114
97
84
97
92
101
95
100
96
89
97
78
91
93
94
89
91
70
56
88
74
92
89
91
83
93
96
64
91
76
76
91
84
90
100
95
102
92
100
66
75
96
87
103
89
87
86
81
90
83
60
71
76
76
93
85
102
75
87
83
94
100
92
101
94
90
94
86
93
93
102
95
100
94
102
94
84
88
102
87
107
91
92
85
84
81
87
70
87
69
65
75
94
84
71
73
93
83
85
61
80
86
76
76
71
71
76
99
94
98
91
105
96
106
96
94
86
99
83
77
89
85
96
86
87
80
85
77
80
87
70
84
83
85
86
85
92
89
77
91
88
91
86
121
111
122
113
125
132
120
131
86
129
93
98
90
93
88
102
84
21532
21549
21556
21595
21597
21603
21599
21605
21609
140
136
159
21621
129
137
113
137
121
137
128
95
92
113
130
123
92
51
93
87
75
38
112
97
86
71
58
66
69
82
67
102
87
101
110
88
103
105
93
99
86
107
114
121
111
116
132
114
112
101
107
90
87
85
103
97
84
99
97
98
87
94
94
102
101
104
82
80
145
141
151
156
147
155
145
97
89
100
112
102
118
118
118
126
134
124
101
111
100
114
119
45
61
107
88
80
86
78
51
27
29
32
36
39
84
85
3
3
26
18
18
57
26
49
47
46
25
69
69
94
94
82
77
70
76
62
69
73
76
35
24
96
35
33
71
34
49
4
10
16
15
27
50
52
48
59
49
65
69
66
56
51
48
44
65
63
65
3
2
4
19
14
13
11
8
14
12
22
20
21
24
21
28
18
17
30
100
79
60
62
36
141
141
246
246
270
269
291
277
185
282
173
77
80
91
285
109
104
107
104
80
69
66
62
47
38
69
105
70
105
12
9
5
4
4
5
10
7
5
31
23
20
21
21
5
6
14
23
5
25
8
19
8
7
9
9
6
22
20
17
43
54
36
55
54
75
78
77
104
103
127
122
133
124
136
120
139
127
128
118
133
132
119
122
134
136
121
136
121
138
126
133
126
138
127
139
125
138
115
129
120
134
123
126
109
125
118
124
109
126
122
124
115
122
114
91
108
81
96
117
115
121
113
121
109
93
98
103
94
113
130
112
133
129
114
131
130
115
121
108
134
83
91
125
109
80
114
106
89
73
89
114
114
128
106
120
114
60
55
80
115
89
41
31
109
66
123
4
11
48
44
54
61
73
69
69
71
95
98
106
110
98
99
87
99
96
36
22
67
84
56
22
60
71
51
95
17
3
4
13
13
18
13
5
4
6
7
14
18
8
9
19
37
57
61
60
78
71
87
81
111
109
114
123
113
91
116
91
97
75
95
75
79
79
84
74
67
78
77
76
59
75
79
65
72
71
66
79
68
66
69
64
69
62
68
56
71
71
80
83
90
85
99
97
74
66
38
57
92
24
80
48
26
3
1
7
11
15
9
15
43
42
56
43
46
48
52
57
61
54
56
50
2
12
9
30
32
42
40
60
57
74
65
82
87
87
83
99
104
92
106
90
100
103
56
87
77
46
33
36
56
94
41
