14
58
59
148
150
187
187
43
186
171
170
240
160
165
153
100
166
104
107
160
113
99
137
144
101
126
127
125
115
571
570
559
564
572
556
591
579
581
70
94
74
153
104
113
118
9
8
36
34
37
61
70
73
90
86
83
83
94
109
112
113
120
110
109
114
124
119
107
127
108
102
127
112
117
84
105
91
108
110
106
114
118
110
104
106
109
110
119
106
117
113
113
107
104
112
103
97
94
111
100
109
118
118
132
125
118
115
128
126
81
102
95
103
80
96
90
97
88
96
78
96
96
115
98
96
96
111
108
103
102
108
97
106
115
102
90
101
111
116
106
113
118
110
121
107
123
86
118
94
109
123
113
122
114
128
102
104
50
41
59
68
113
118
80
89
74
99
73
75
89
58
66
86
95
96
105
108
112
103
112
105
100
98
109
119
111
130
111
111
120
125
122
105
122
95
100
114
105
101
112
105
114
106
114
90
118
109
121
108
126
114
124
94
113
117
124
128
114
120
109
121
106
108
96
109
107
97
88
101
91
100
104
103
75
114
108
109
124
112
115
109
112
96
117
108
95
112
92
107
106
116
104
96
116
106
119
105
112
123
117
122
138
114
123
100
111
105
116
92
67
97
57
86
96
82
79
88
84
88
105
102
87
93
90
81
102
91
90
83
85
98
87
73
94
86
98
102
95
109
92
100
94
99
92
97
105
104
97
109
107
103
92
98
93
101
82
89
89
96
100
79
98
94
90
91
98
99
85
83
84
86
92
83
71
86
80
82
84
56
75
47
93
37
30
29
78
61
37
14
13
28
45
43
45
66
52
60
69
66
76
89
40
58
51
16
75
21
67
78
84
12
25
7
17
29
40
46
45
55
61
69
68
61
84
84
95
72
92
84
83
91
85
73
71
84
100
91
83
82
86
99
84
95
95
86
80
79
73
70
91
99
85
92
85
94
94
88
102
103
84
93
88
95
85
82
92
92
84
93
86
95
94
94
88
97
95
95
94
91
73
89
85
79
64
86
76
88
88
71
87
85
77
80
8218
8205
8255
8250
8269
8271
8278
8393
387
394
199
174
28
216
193
56
45
268
239
7
19
14
23
25
28
30
28
26
45
41
55
58
51
53
74
76
76
37
67
41
79
18
3
58
39
18
6
34
52
51
10
22
17
4
19
20
15
25
23
36
29
30
55
54
69
69
80
85
83
72
79
70
72
71
59
70
71
72
74
68
79
81
75
76
67
72
51
38
62
62
39
49
52
55
56
59
55
58
54
49
54
59
72
74
71
65
81
52
75
73
73
84
69
65
68
37
65
26
44
22
48
56
51
36
5
3
5
21
24
35
40
35
33
34
54
41
39
42
55
61
65
71
56
47
63
15
28
35
6
8
29
38
31
35
5
14
25
28
27
31
33
42
36
53
58
51
12
40
16
38
14
72
31
53
29
6
5
4
51
55
45
43
50
54
52
64
75
79
91
80
93
74
98
94
33
24
74
88
92
45
66
7
3
25
35
36
33
36
50
61
22
30
59
50
48
24
46
12
11
32
33
31
49
47
46
61
53
76
79
75
78
97
84
88
112
115
152
140
129
119
130
136
115
84
145
125
102
106
114
91
103
106
115
87
105
96
114
113
112
98
112
101
106
92
105
93
96
106
99
108
99
81
85
97
91
96
91
101
93
106
99
103
103
118
115
119
114
119
108
119
110
117
115
118
113
97
104
117
114
105
118
111
96
86
94
99
106
97
107
95
102
107
123
116
116
110
111
118
118
106
117
105
116
101
113
104
111
101
95
99
117
92
99
112
112
109
114
113
125
112
128
111
105
121
117
113
105
113
111
114
109
104
124
115
116
108
116
107
114
104
113
120
124
115
121
103
91
114
68
42
49
44
82
48
29
47
105
119
115
131
141
141
159
160
169
167
112
119
123
122
119
128
127
94
120
110
114
101
112
107
94
91
105
95
108
92
86
99
89
99
99
93
92
103
104
97
96
101
100
99
103
105
105
84
94
95
99
93
103
115
100
114
86
107
86
117
110
125
134
125
113
117
73
96
95
102
92
115
106
119
111
120
106
112
117
106
125
82
96
108
78
79
93
104
100
111
108
104
110
95
109
108
96
96
94
106
99
86
106
103
96
114
98
101
102
92
106
108
86
66
89
93
73
93
91
97
96
98
85
87
100
93
98
94
110
93
98
102
109
115
92
122
112
124
108
118
105
109
94
101
101
109
111
110
99
105
100
112
104
109
116
102
100
110
112
105
38
78
47
85
29
16
109
66
97
52
4
13
26
39
32
17
15
14
12
30
38
29
26
11
19
22
40
54
45
62
61
65
68
67
81
80
100
100
117
117
137
124
132
124
133
120
135
100
72
27
59
52
36
13
82
105
110
3
12
9
3
25
16
29
31
35
44
38
51
30
35
41
15
36
9
8
34
56
37
52
64
72
63
81
78
70
38
80
57
69
94
22
85
28
48
8
6
18
18
36
56
52
51
52
39
50
41
59
19
30
60
55
7
17
37
50
41
44
66
74
73
90
92
98
75
98
101
101
100
93
99
91
100
95
99
66
100
76
85
89
90
110
100
90
76
89
79
90
83
106
99
113
98
105
125
113
142
128
145
140
144
153
151
152
136
113
128
120
129
113
127
117
118
104
117
107
113
97
111
103
110
103
114
98
91
113
100
113
96
112
95
100
115
110
121
114
102
113
96
100
108
89
100
103
99
101
107
121
110
131
112
121
119
129
116
103
132
112
106
130
120
108
124
113
112
112
105
115
92
103
113
121
102
96
103
128
106
116
101
110
112
116
104
111
93
66
95
92
99
89
97
95
75
91
92
97
106
109
98
100
94
115
111
105
114
98
106
100
105
97
101
98
108
100
94
101
105
96
90
103
88
86
99
82
129
100
80
79
86
94
123
76
110
41
100
77
74
74
90
91
105
104
122
100
104
82
94
85
97
96
92
94
90
83
60
96
81
70
110
89
79
94
101
91
93
101
100
116
103
104
119
100
91
107
110
115
103
115
100
91
99
110
112
101
112
102
103
94
118
110
101
114
109
100
111
105
106
105
100
111
100
109
109
101
127
125
129
126
132
121
128
132
119
135
96
95
89
93
105
97
97
98
77
85
103
96
110
89
103
94
103
106
92
101
111
111
103
103
117
112
112
119
105
116
107
116
96
44
87
56
71
29
103
73
37
83
39
51
51
72
71
89
90
109
109
119
103
74
47
57
29
39
88
18
111
65
95
4
14
5
15
8
12
12
28
39
47
37
47
36
62
53
74
85
81
99
73
76
88
88
99
105
49
53
71
85
96
40
88
37
27
7
6
4
22
11
22
20
18
17
6
25
11
21
4
13
21
14
29
32
18
31
38
40
50
51
59
61
53
65
65
78
82
93
92
100
107
105
78
88
94
103
64
80
72
93
97
88
92
84
97
91
82
96
97
101
92
92
103
78
91
96
93
102
107
98
111
102
115
102
94
103
113
109
97
98
94
94
84
74
91
76
94
88
104
101
8306
8327
8319
8272
8276
8292
8268
53
8305
8286
8327
4
4
6
18
27
42
15
27
37
16
29
39
32
5
14
13
4
4
20
33
38
31
53
54
50
69
87
92
54
38
73
31
29
44
26
63
8
28
40
69
37
13
18
16
22
44
33
24
15
22
20
44
3
10
9
21
6
14
8
6
15
11
9
11
85
97
94
114
65
81
90
88
104
85
91
116
137
116
126
131
24
76
78
100
33
119
78
96
41
7
26
26
29
41
47
62
63
77
75
65
80
70
82
90
91
108
98
97
108
95
47
98
89
31
83
19
59
70
37
28
26
23
35
49
57
69
70
65
66
68
69
91
37
29
25
23
75
76
59
72
3
5
19
21
35
33
35
53
54
62
67
76
75
76
75
90
78
75
94
95
111
97
109
108
97
105
69
43
39
77
81
59
25
87
5
14
29
27
10
27
24
27
14
20
22
4
3
5
19
8
18
17
9
5
3
21
30
24
37
50
49
65
66
24
47
55
77
47
63
57
72
22
42
10
19
33
32
60
53
67
74
70
73
73
80
74
91
78
91
103
92
97
91
98
106
106
97
101
81
94
107
104
97
88
96
90
92
91
79
100
93
83
92
103
104
73
115
95
121
114
123
123
104
96
93
85
73
71
60
92
92
4
8
11
12
16
14
5
13
12
19
29
33
30
55
59
58
72
72
67
57
41
76
58
87
90
65
64
84
70
95
71
61
53
81
91
73
68
69
61
78
90
95
94
117
116
115
120
139
131
129
135
120
114
132
108
70
43
51
123
98
59
34
83
100
71
62
41
59
73
73
59
98
97
107
95
113
102
119
112
127
110
113
125
126
109
121
119
109
120
108
87
22
67
40
115
30
105
53
84
97
10
22
22
22
24
49
56
18
47
54
27
22
3
9
13
25
10
21
14
26
39
51
62
75
73
82
70
72
85
93
101
95
94
108
94
99
80
75
79
82
94
91
108
103
104
108
104
101
75
91
102
91
112
105
102
97
109
97
85
84
88
101
88
107
95
106
97
106
104
120
106
115
97
97
111
101
88
82
96
98
99
92
103
98
89
72
73
70
60
50
49
52
69
102
4
7
4
5
20
32
34
16
16
19
16
18
14
12
9
15
29
26
32
25
65
63
75
73
87
85
73
65
71
46
96
66
59
20
57
84
86
53
76
11
10
8
7
3
10
2
7
13
9
9
27
40
38
31
54
66
57
69
77
77
79
69
72
69
61
94
98
91
96
105
108
115
108
107
99
117
114
88
100
90
107
112
97
108
108
121
117
112
123
122
126
96
54
80
37
64
96
41
110
101
100
107
106
57
89
60
56
94
94
98
107
103
97
87
93
85
107
101
88
113
99
96
110
108
113
92
111
104
113
93
102
110
117
79
84
105
93
87
98
94
89
85
75
53
95
52
96
90
94
102
94
61
81
100
81
107
102
110
98
106
92
110
102
102
80
96
92
61
87
76
99
89
97
96
106
102
75
88
95
96
114
113
109
87
90
100
92
113
105
102
108
107
102
111
104
114
92
85
104
91
105
95
103
93
96
90
91
101
97
91
97
80
85
94
100
107
104
102
100
97
87
103
95
99
82
90
85
94
77
99
92
95
92
103
97
101
76
100
52
38
27
87
64
81
59
6
16
11
14
8
21
20
28
35
38
45
48
55
54
55
61
72
65
80
71
74
68
65
90
88
103
90
83
94
105
98
115
92
104
92
92
85
95
82
97
40
16
68
47
27
60
4
5
5
5
7
5
19
18
17
17
15
30
20
30
48
58
59
57
41
42
48
100
101
108
108
59
108
98
50
29
26
71
47
3
23
7
9
19
4
14
47
17
21
39
34
20
13
7
9
16
36
32
29
35
19
31
36
68
69
47
12
44
25
23
5
6
27
19
10
21
15
14
12
21
3
24
5
17
6
6
8
6
8
9
8
5
5
5
12
4
9
11
12
13
28
36
35
21
32
15
5
3
10
5
10
2
18
4
22
7
3
5
21
11
11
37
37
11
36
37
5
15
14
15
18
6
13
10
15
26
33
10
26
26
45
38
56
56
74
91
80
89
73
86
107
103
95
100
86
42
61
58
96
98
37
10
98
53
92
5
21
20
26
27
25
47
59
58
27
30
35
28
62
26
9
8
28
26
45
27
44
42
24
39
34
14
35
5
5
3
19
19
10
4
12
16
4
2
5
47
62
60
42
28
34
51
48
37
38
23
22
3
2
8
9
25
39
62
52
68
61
82
81
96
86
84
102
113
120
101
109
112
98
113
107
126
121
127
112
112
121
108
114
108
113
89
96
102
107
102
105
91
100
90
82
98
82
91
78
94
89
98
106
97
87
107
101
106
95
61
103
79
110
86
92
99
98
91
94
73
99
82
99
102
108
113
105
110
104
117
109
93
113
104
114
104
116
105
108
113
99
107
112
114
88
112
101
121
108
109
116
108
98
79
57
124
102
92
97
95
98
94
78
74
77
88
87
107
107
119
110
117
111
117
108
117
105
111
89
102
108
95
107
93
104
90
99
95
100
101
93
103
103
92
103
94
96
84
107
96
95
106
91
99
92
114
106
114
95
99
67
93
87
57
89
46
78
83
85
75
90
59
62
88
88
107
101
115
99
106
118
122
109
104
87
111
103
107
97
100
89
81
102
97
105
98
103
99
107
108
115
104
113
119
121
109
101
115
117
117
107
93
54
61
73
108
62
82
89
97
88
109
88
88
91
91
116
115
94
103
114
109
100
109
118
97
114
102
96
109
99
92
107
101
82
105
91
88
106
105
93
108
106
91
112
111
125
113
116
107
109
105
106
98
110
108
108
98
111
96
98
101
111
110
104
111
105
116
110
112
98
95
100
75
96
107
100
113
103
116
111
128
127
134
96
114
141
120
120
124
118
121
115
106
123
122
90
86
98
96
101
88
100
92
102
104
86
98
101
103
85
99
93
103
101
77
90
92
101
102
83
100
71
53
46
22
94
65
80
38
96
8
6
19
17
18
14
24
30
31
46
62
57
39
53
36
21
32
23
35
18
54
5
16
9
16
4
27
41
46
46
61
63
62
55
52
82
60
68
43
75
45
71
50
91
70
77
73
100
64
63
82
61
88
70
86
84
24
37
45
30
41
53
75
16
80
3
13
15
29
37
44
46
45
57
61
54
75
67
80
75
79
98
86
106
103
109
104
92
109
107
107
100
78
43
76
49
23
103
88
29
62
8
6
30
31
38
49
48
58
60
75
60
72
73
81
79
84
96
98
95
91
103
108
95
111
97
111
109
101
96
108
99
104
90
98
101
94
105
94
90
91
102
104
84
92
106
97
107
102
92
96
113
105
90
103
96
111
89
89
71
95
106
98
105
92
104
97
110
79
100
96
89
89
98
85
90
81
77
94
77
90
101
92
104
102
96
92
81
85
82
79
94
97
89
96
90
103
93
73
99
90
108
83
96
104
105
104
97
101
91
95
94
100
106
101
84
92
99
92
104
75
89
92
83
92
79
91
85
89
99
106
106
103
284
280
288
279
260
274
281
264
278
88
93
87
99
95
90
77
93
87
83
88
97
89
100
107
108
88
92
98
106
102
108
100
113
102
119
110
106
113
107
114
108
88
110
118
100
115
103
115
104
120
104
114
102
110
106
102
83
114
113
97
94
101
105
90
92
93
105
91
102
102
91
109
94
111
106
111
105
111
100
113
105
112
108
108
102
103
83
101
86
92
90
92
91
92
90
88
76
94
94
106
100
109
104
111
113
115
107
113
115
115
107
105
112
109
89
97
111
97
113
97
116
98
98
112
114
104
110
104
105
108
99
82
97
93
100
109
91
94
103
96
93
108
93
105
104
94
93
104
108
85
94
111
95
105
94
113
97
109
99
96
96
102
113
111
103
97
94
77
85
69
104
92
58
104
97
111
109
106
107
139
130
137
136
108
121
120
119
131
104
103
75
89
110
110
101
102
110
95
108
106
111
102
100
101
71
91
80
94
96
90
99
96
94
99
86
97
105
100
113
103
115
104
105
92
115
95
96
108
109
101
109
116
109
102
96
110
117
127
122
117
120
106
105
117
103
102
99
106
94
92
107
96
104
92
91
108
95
78
71
63
91
56
112
21
107
94
38
23
6
4
23
14
19
16
49
60
62
59
71
22
20
42
49
45
33
67
13
15
17
30
38
47
49
44
37
29
38
59
46
27
32
11
12
36
45
39
48
53
57
69
68
75
84
80
77
47
78
61
28
20
84
95
87
50
4
18
28
21
34
45
57
55
59
69
53
47
58
45
23
67
44
27
3
21
37
33
54
64
63
70
49
69
67
50
83
95
96
66
21
25
24
84
63
85
39
16
11
17
9
14
19
39
52
46
49
44
33
51
81
85
87
78
86
103
88
84
82
105
101
120
105
108
104
110
113
129
125
113
118
112
118
109
117
114
89
69
56
93
86
35
101
54
42
25
24
44
58
55
58
54
56
83
92
88
93
107
98
103
93
92
100
105
103
112
121
98
110
121
107
110
115
120
123
132
107
117
124
105
116
114
103
109
103
124
124
114
108
116
115
82
73
88
100
96
103
96
107
87
108
81
97
96
92
110
102
101
96
96
89
102
92
90
90
90
101
104
109
111
99
107
94
112
109
118
106
118
109
122
107
120
118
66
54
45
111
48
103
87
84
8
9
9
9
12
39
35
66
71
70
90
102
98
99
91
112
110
128
49
89
111
32
23
58
92
72
57
10
22
33
48
22
31
43
52
41
50
46
34
29
46
4
16
4
5
25
40
43
54
44
41
56
47
72
64
81
103
110
73
102
38
100
29
26
73
38
54
37
8
16
22
18
17
11
12
28
27
44
56
54
57
79
64
63
59
17
29
14
61
78
57
67
9
10
6
4
10
12
9
30
26
34
40
44
47
46
53
59
32
57
46
38
44
63
4
6
20
17
4
8
16
17
23
23
10
11
60
60
77
50
49
27
14
52
47
29
4
4
3
12
15
22
36
29
13
16
18
23
14
25
27
10
29
27
23
26
77
69
82
90
76
69
68
80
80
90
89
102
100
118
105
116
91
56
102
67
96
83
78
93
87
91
79
74
77
55
61
69
60
62
40
46
3
6
11
8
10
2
12
3
17
2
10
24
20
28
22
38
53
25
22
11
10
46
3
4
4
14
22
18
11
8
25
26
14
13
11
7
7
4
5
4
30
24
35
23
29
40
41
50
53
59
60
69
64
59
46
36
23
78
43
10
48
33
10
21
20
19
33
21
28
38
38
47
43
37
51
64
63
59
69
67
92
79
100
99
80
101
114
109
107
116
102
118
100
114
105
104
106
107
97
114
117
102
115
111
105
20887
20895
20849
106
59
20858
20855
105
20869
20864
20886
20878
45
57
49
66
61
63
88
86
102
99
98
88
114
84
97
103
92
92
90
103
105
17
96
51
36
23
106
62
80
72
32
4
12
8
43
40
61
57
78
77
91
101
102
109
117
119
99
95
104
101
110
93
94
105
109
99
102
104
100
103
89
110
95
104
96
106
105
107
111
107
118
105
105
112
107
110
124
108
120
120
106
117
103
104
121
102
106
98
90
107
114
106
108
119
103
113
112
110
108
96
108
111
102
124
97
91
111
106
98
104
101
98
121
84
108
98
113
106
118
105
117
103
101
118
91
119
100
106
95
86
72
87
95
104
88
102
89
94
96
93
112
94
92
111
93
109
91
114
112
128
103
112
100
117
100
110
100
101
104
100
102
108
101
83
93
104
97
109
114
97
104
89
95
101
95
92
112
98
90
94
86
46
66
94
29
54
47
82
19
5
29
27
46
57
52
68
68
75
95
85
93
87
108
88
108
80
56
99
65
87
84
77
75
84
57
63
70
50
78
44
69
53
60
98
92
88
114
91
78
96
92
83
83
84
105
85
95
102
99
92
97
94
92
110
98
118
106
117
109
118
115
129
104
68
81
119
93
105
89
104
92
105
96
103
90
96
104
87
96
70
63
60
55
47
51
79
3
11
3
25
34
32
38
49
37
14
35
12
56
54
30
34
3
3
8
5
15
22
21
17
12
27
21
19
25
23
4
4
5
28
23
26
34
22
32
19
36
7
5
5
22
35
29
51
54
55
52
78
62
76
88
87
111
123
127
123
124
118
127
120
124
99
118
90
109
79
108
101
100
90
112
98
106
122
118
111
120
131
139
126
135
133
119
106
118
116
97
93
72
47
35
58
71
41
3
15
22
26
14
17
18
8
16
6
11
13
3
4
3
20
18
37
51
47
50
69
66
63
89
85
97
93
72
106
74
87
94
98
107
109
89
65
87
91
80
87
92
108
106
93
110
103
55
44
14
70
31
60
72
4
22
30
24
34
52
46
15
31
28
43
20
52
17
4
23
28
15
26
15
24
37
37
16
7
13
30
28
40
31
33
43
60
61
80
80
79
45
49
32
18
82
27
31
37
4
17
16
29
25
25
45
69
61
60
58
77
26
67
52
73
18
55
67
78
66
9
22
23
25
27
59
56
71
75
86
62
64
62
76
60
73
94
83
79
96
88
102
102
121
97
82
93
46
98
59
25
35
78
97
4
23
22
12
50
41
48
51
15
54
52
3
8
6
7
30
51
46
63
60
68
54
41
52
52
28
66
35
37
43
10
23
21
12
23
17
9
20
32
32
29
54
54
74
72
85
73
89
90
99
105
80
110
105
107
64
111
106
126
119
106
111
115
110
107
117
118
98
144
112
127
36
58
38
123
100
125
75
12
9
10
10
9
11
12
38
54
66
51
61
66
79
85
83
82
62
91
40
82
17
80
35
93
5
5
5
23
8
19
44
48
48
59
57
75
69
73
45
48
54
68
66
25
28
77
6
11
9
4
21
7
10
22
40
27
28
9
38
41
12
23
34
5
6
14
28
35
31
42
39
52
24
50
39
40
37
22
26
5
22
32
29
19
53
51
58
74
57
77
76
95
62
26
95
92
97
79
35
54
71
11
8
9
33
30
30
44
59
59
54
63
68
63
67
80
92
106
96
103
101
120
106
113
102
107
121
101
116
106
109
101
114
115
113
122
113
106
113
103
119
112
121
109
114
106
117
104
109
93
95
108
86
117
122
114
115
130
120
138
90
113
123
111
124
116
116
115
100
114
104
66
75
121
96
111
86
100
101
93
102
92
81
78
95
94
97
113
116
106
121
117
106
116
107
124
106
108
116
114
123
124
115
111
123
102
113
122
99
109
99
102
90
102
92
92
87
98
96
103
94
84
111
103
123
114
129
108
121
109
117
101
113
107
116
109
105
113
103
95
91
114
91
108
99
105
98
71
69
70
40
26
109
33
86
96
59
20
18
16
15
11
13
8
6
6
41
39
17
44
46
46
14
46
42
24
12
75
40
78
9
18
19
22
24
27
25
5
20
33
33
33
46
37
47
59
63
72
60
59
58
69
66
65
86
84
90
96
109
87
52
76
92
84
83
55
68
76
84
60
54
19
10
8
22
54
66
5
19
15
12
16
9
12
5
25
25
40
40
55
77
80
83
74
52
49
36
57
77
50
24
47
5
6
4
5
21
25
28
56
54
47
65
63
46
55
76
43
90
70
56
93
20
18
32
79
22
3
4
3
11
10
25
41
22
23
28
18
29
31
36
27
11
26
24
12
20
9
23
8
15
19
6
20
21
45
37
35
43
56
64
73
77
52
75
75
72
76
41
63
70
60
45
54
36
8
23
20
29
13
25
21
18
20
31
33
50
11
25
46
38
28
61
42
22
22
63
59
11
17
11
29
21
30
48
61
70
73
60
70
81
78
86
85
81
98
93
90
95
100
101
98
94
94
110
74
84
86
101
90
98
95
103
89
109
93
100
102
94
107
94
111
100
98
112
116
117
115
110
103
115
108
115
89
112
102
106
95
111
93
92
103
109
94
108
100
115
113
109
97
116
109
118
112
114
90
106
108
100
108
117
113
92
96
93
104
86
110
94
102
99
93
104
106
98
117
99
105
100
113
110
108
110
110
102
109
106
105
112
99
122
111
115
108
125
108
118
106
118
96
111
106
111
102
104
106
103
110
111
103
109
107
114
107
116
109
105
85
97
118
100
114
96
108
97
109
100
115
107
105
103
106
99
101
103
107
105
108
101
106
100
106
104
107
95
104
97
105
100
108
98
110
106
113
104
114
117
113
106
114
111
113
105
113
111
113
103
118
110
110
117
104
115
217
211
220
211
217
207
220
215
222
108
123
100
119
130
120
119
111
132
126
120
116
117
113
105
114
114
124
97
106
104
124
114
118
110
116
107
114
106
115
101
100
100
97
105
85
105
99
107
80
93
84
98
93
110
91
107
96
105
79
82
94
100
82
90
98
100
96
109
93
107
100
118
104
118
116
112
110
114
108
111
103
95
112
102
116
100
109
94
98
113
112
94
105
104
109
104
101
109
105
102
106
96
109
106
111
94
98
108
94
110
103
86
105
102
99
89
102
95
106
96
114
94
103
95
91
113
96
109
116
101
115
95
108
96
119
98
91
111
120
103
123
124
114
121
113
120
106
121
119
110
113
69
108
86
64
97
90
85
88
78
92
97
68
91
91
111
106
111
124
114
118
110
120
106
112
99
91
98
81
107
112
100
113
118
108
109
109
96
83
106
123
117
104
109
97
114
107
88
93
85
87
110
88
114
113
100
107
107
101
121
121
129
111
107
109
111
105
96
79
105
92
104
107
96
109
102
110
87
106
99
113
106
111
98
106
100
87
109
89
96
104
96
103
99
105
94
102
110
108
119
108
123
112
118
119
130
147
157
165
161
158
147
160
148
161
158
120
103
93
113
82
93
100
79
102
92
105
89
96
95
120
114
112
112
116
124
123
116
109
79
100
107
86
69
105
96
106
96
87
100
114
101
114
105
117
114
114
84
100
93
105
105
105
81
93
44
99
27
59
65
76
39
80
42
73
39
72
67
69
66
94
93
115
110
123
119
115
107
126
108
111
109
121
78
95
92
125
120
113
120
111
122
107
90
89
99
105
94
101
106
101
106
91
93
108
103
95
109
107
99
106
114
127
110
119
113
125
122
136
117
140
129
116
116
125
111
98
89
117
108
93
104
97
72
43
44
69
36
90
88
35
42
3
5
16
17
44
53
65
54
65
66
83
85
88
90
94
115
107
100
111
83
104
98
102
108
113
118
109
119
110
119
126
114
124
112
126
72
111
89
86
27
54
44
106
5
22
33
39
40
42
67
65
57
66
59
60
56
69
33
60
26
7
22
34
36
32
42
39
34
19
40
15
36
13
18
14
18
19
20
18
31
5
4
32
12
17
28
11
30
8
38
33
43
3
14
29
35
26
46
52
46
48
92
91
73
94
94
99
106
88
102
103
104
96
105
141
138
123
41
90
125
76
31
103
153
60
8
32
46
39
39
38
36
48
52
31
9
14
30
36
35
48
80
75
122
112
138
118
101
84
115
135
118
50
120
6
5
12
5
8
4
3
14
17
16
34
44
63
25
23
26
45
38
40
48
57
21
35
6
3
3
8
6
14
15
13
12
38
36
3
8
7
28
36
51
47
29
31
33
71
42
80
79
4
2
12
17
15
9
6
29
16
5
17
30
22
18
12
18
19
17
13
5
7
8
24
28
56
50
66
74
71
83
72
87
65
32
84
52
55
22
80
53
66
9
7
21
34
27
29
45
40
64
71
83
77
85
82
99
88
100
98
90
109
115
104
114
79
104
88
79
93
60
75
109
106
117
101
107
110
127
116
104
116
107
118
116
109
96
100
115
108
95
112
93
99
118
105
84
116
113
103
119
118
114
113
131
106
122
110
100
99
92
95
103
121
80
109
97
108
97
108
101
105
102
99
99
118
113
110
117
107
95
90
114
99
103
95
89
102
88
108
109
111
104
123
118
116
116
113
125
116
114
108
126
108
100
115
110
110
102
103
96
112
104
97
102
85
104
98
108
103
105
112
122
110
116
129
142
130
144
135
125
145
135
117
131
122
114
101
94
111
97
101
95
109
110
84
75
97
101
108
88
83
102
104
92
98
93
132
128
139
130
149
146
143
156
143
119
124
116
125
129
114
115
110
121
109
118
105
102
116
89
109
105
99
103
104
101
109
99
88
117
99
109
120
114
125
123
128
126
127
127
114
108
107
106
115
116
97
110
65
47
27
79
37
59
90
4
18
20
17
28
41
40
30
43
36
39
44
29
21
16
13
40
8
4
7
10
10
32
26
29
48
56
54
47
30
46
71
33
49
12
41
43
18
5
8
4
18
20
4
9
10
12
6
4
20
11
6
18
6
22
32
42
44
45
48
50
73
67
79
74
93
91
99
108
101
105
99
107
98
110
90
88
103
97
113
100
109
109
125
117
122
100
110
102
99
113
109
96
110
97
105
99
114
107
111
102
106
114
115
110
107
116
110
105
103
106
110
102
110
102
102
113
112
95
105
111
91
93
87
91
86
85
92
86
87
98
89
81
98
92
100
86
71
95
78
99
79
96
89
84
99
82
74
92
86
77
86
92
105
104
102
88
95
59
72
94
96
90
94
103
95
98
97
96
109
81
90
95
93
83
90
89
94
99
91
104
95
70
51
89
66
36
29
89
26
102
80
6
6
22
19
9
8
9
7
7
7
13
19
29
23
12
24
21
30
65
54
64
39
20
35
35
28
30
44
13
36
44
46
26
21
35
16
19
32
12
15
23
5
3
4
23
5
8
33
16
35
30
15
10
4
15
15
27
28
45
59
56
50
68
60
53
64
37
32
15
57
56
62
4
3
13
16
5
5
3
5
3
34
34
36
40
52
69
66
68
76
77
81
76
92
88
102
73
57
93
32
17
77
60
90
40
15
29
27
30
51
62
73
81
82
78
81
97
97
95
95
108
122
99
114
118
89
37
69
86
24
95
116
47
62
8
9
26
15
22
27
21
13
4
2
11
3
3
3
5
17
18
20
19
17
43
53
48
47
47
69
66
79
90
17
92
71
54
33
74
46
88
31
63
10
21
15
19
17
3
9
11
15
44
41
57
53
59
71
70
27
50
35
66
42
63
19
47
59
84
4
4
4
4
14
14
13
16
17
23
23
19
38
12
42
15
24
8
39
8
5
7
38
14
38
36
48
62
61
70
79
87
74
82
88
84
89
81
97
107
108
101
115
113
102
111
116
117
116
120
114
118
109
117
129
120
128
121
119
100
117
102
122
106
111
117
107
117
122
120
118
107
113
106
109
107
89
75
96
107
89
108
96
88
100
95
85
97
73
65
21
19
59
50
41
109
4
15
14
5
5
2
2
3
6
8
6
3
15
16
7
6
18
14
15
14
30
45
15
43
45
34
53
45
54
40
51
66
64
59
74
81
88
80
79
94
92
103
103
95
69
31
11
75
67
27
50
95
12
9
8
2
4
6
14
3
8
6
16
34
38
38
25
31
29
26
38
47
23
47
32
38
4
5
15
18
24
34
18
17
14
24
41
11
9
13
37
50
22
59
30
20
38
34
59
55
62
49
73
39
69
61
66
83
93
92
96
92
101
103
118
106
116
94
108
98
91
93
104
102
92
100
80
84
77
90
91
74
91
90
89
73
97
96
109
107
115
101
118
117
122
108
111
117
103
117
100
102
94
105
109
103
114
101
100
106
108
80
103
67
92
31
40
55
74
45
6
2
5
7
6
9
6
2
5
15
26
23
45
53
57
39
46
21
53
22
33
37
34
4
8
22
23
34
29
49
50
70
66
73
77
75
77
84
87
94
109
97
92
116
104
124
121
116
126
122
109
126
109
114
118
103
111
117
120
113
132
122
117
105
131
113
90
113
98
108
93
112
90
95
97
98
98
116
102
113
94
104
119
112
122
128
119
122
115
124
124
108
114
90
80
93
103
104
90
106
109
108
98
108
109
122
104
123
113
122
119
126
115
132
98
116
121
103
121
105
121
109
108
113
104
94
59
75
113
50
74
96
86
99
95
81
85
89
86
119
118
132
130
125
121
119
136
100
96
76
111
130
109
104
87
103
92
105
79
89
89
32
49
55
71
88
26
85
75
54
49
47
65
71
75
74
94
98
93
77
98
38
61
41
72
41
90
72
80
81
31
66
76
77
95
93
110
109
115
123
129
95
102
92
99
88
94
104
89
97
107
98
104
113
101
101
116
109
102
113
108
124
114
106
121
107
115
121
98
116
111
87
98
114
110
96
97
116
103
82
95
94
108
100
106
95
108
91
108
103
93
104
92
104
95
100
92
102
89
97
91
99
97
69
96
86
80
93
100
103
105
101
91
102
100
122
108
110
109
111
100
104
111
101
110
104
96
102
95
99
87
84
90
97
76
97
88
92
92
99
92
98
95
95
87
99
78
89
100
92
103
106
100
114
105
111
111
115
106
114
103
114
99
105
94
84
102
94
98
94
93
88
97
95
102
98
98
99
111
99
117
110
102
115
104
116
104
107
113
111
105
115
107
115
102
115
100
128
120
127
128
129
127
134
132
137
117
114
127
113
109
120
112
126
129
107
88
118
109
115
100
104
96
105
93
96
76
90
90
103
90
103
90
104
101
112
100
89
106
99
104
94
100
93
101
81
90
98
99
90
106
97
98
94
99
89
83
84
85
82
77
85
78
83
87
84
90
84
94
97
109
111
97
114
103
102
75
77
100
99
101
88
99
85
97
80
92
94
84
93
106
106
100
110
101
103
118
83
116
107
107
96
106
100
109
102
120
105
116
106
117
109
107
114
107
92
113
104
97
114
96
105
91
109
93
110
105
111
108
107
109
117
111
114
112
110
103
109
102
106
104
79
98
95
109
94
104
93
107
96
112
102
121
101
111
109
113
107
112
109
114
106
112
114
115
108
110
100
97
106
93
100
86
74
69
89
92
75
97
86
96
87
92
91
88
95
92
86
98
88
86
91
85
90
85
93
86
88
103
102
96
105
95
108
104
108
101
107
99
104
98
96
103
90
103
101
94
98
88
100
89
102
92
101
93
103
101
93
107
85
104
97
99
94
105
93
93
103
107
93
88
87
96
85
96
83
77
94
84
96
90
96
93
106
96
103
98
97
98
98
100
95
119
114
135
121
126
127
137
136
145
72
72
69
59
43
132
84
99
109
4
6
18
19
9
29
33
44
55
62
73
71
89
89
104
96
96
107
109
101
114
97
105
121
100
114
99
104
114
113
103
111
90
117
76
94
113
103
104
113
105
119
110
100
117
116
130
128
133
123
124
130
120
118
112
128
114
79
110
22
102
90
39
70
31
57
125
9
19
14
30
25
18
4
5
4
5
12
19
18
12
22
26
29
20
29
46
45
66
82
81
93
101
110
120
107
125
104
110
110
95
90
80
112
97
85
71
30
81
36
56
47
95
73
5
14
15
20
19
26
43
27
14
28
12
25
4
4
11
22
8
5
41
38
24
26
28
15
4
17
16
20
23
40
39
27
42
33
43
25
42
30
44
64
76
66
55
47
21
14
40
35
38
29
26
49
4
3
22
32
48
62
60
80
77
88
90
94
97
108
106
106
121
100
107
80
34
63
40
96
85
70
30
52
4
5
24
30
43
58
61
68
76
78
90
95
88
112
104
108
118
125
111
110
98
105
109
101
107
92
100
101
90
105
88
101
97
116
99
115
106
115
107
111
105
102
117
93
113
100
113
99
116
100
106
99
115
99
103
102
112
98
102
109
97
110
106
100
102
92
108
96
110
105
112
100
118
116
118
116
113
105
104
112
103
110
111
98
111
105
116
108
115
104
116
114
109
87
102
75
68
99
54
90
84
86
89
79
82
72
83
82
103
103
116
103
112
124
127
119
122
107
121
107
121
113
99
108
110
111
105
108
99
102
110
111
119
128
110
115
117
110
119
116
107
111
103
111
104
114
106
114
107
117
110
116
113
122
128
128
117
135
129
123
128
132
113
122
120
113
100
118
99
111
98
108
104
87
79
85
83
92
94
88
99
87
103
92
94
95
103
99
97
111
107
103
83
115
103
110
103
81
61
52
89
69
106
100
95
89
108
95
113
79
92
90
74
95
67
94
116
100
109
108
99
101
86
91
96
78
101
94
75
104
89
91
89
92
79
95
93
92
100
90
90
99
88
104
101
107
103
116
107
121
109
126
124
126
118
114
123
107
116
110
104
111
97
118
106
117
122
114
108
125
119
130
116
125
113
129
116
136
124
126
101
118
102
116
113
108
100
103
94
112
117
108
127
94
131
111
134
125
118
108
67
45
70
71
84
124
33
89
13
10
28
23
27
22
33
9
35
46
46
39
16
34
7
67
30
9
31
23
1
4
8
28
15
28
19
15
30
8
5
6
3
5
7
15
23
23
5
22
5
9
9
33
32
48
45
30
43
24
18
26
6
8
20
38
22
47
41
49
64
64
44
61
71
62
73
73
87
91
99
95
113
20
51
90
119
32
68
20
64
29
87
66
25
36
35
38
56
10
32
35
9
56
50
52
47
4
23
10
12
18
16
37
21
31
44
62
59
58
45
46
55
56
41
56
80
81
82
3
5
4
2
20
4
3
5
6
17
30
27
35
46
57
37
57
60
73
59
75
87
91
73
71
77
97
101
102
91
100
72
60
41
101
64
64
84
78
79
59
76
65
40
14
41
58
66
43
5
8
20
20
7
4
2
12
14
13
23
10
13
35
40
55
66
78
75
94
93
95
88
106
110
103
99
100
115
106
112
103
102
109
99
84
90
109
87
94
100
85
108
102
93
102
87
107
101
111
123
110
104
122
108
124
119
120
110
116
111
121
112
131
129
144
134
141
129
129
140
142
135
141
116
115
113
102
120
114
120
111
110
116
114
110
106
126
125
117
122
110
122
112
123
115
117
95
87
95
89
95
89
94
88
103
93
92
100
101
111
93
95
86
73
108
105
111
103
114
103
122
114
119
116
115
109
118
105
115
107
90
69
110
65
97
77
108
105
109
102
113
114
110
110
109
126
113
130
111
109
102
93
112
87
100
106
108
96
107
101
114
111
107
90
109
106
116
104
123
117
116
119
107
114
122
130
112
112
124
119
112
115
103
105
95
102
95
99
91
100
91
87
97
93
77
97
90
103
93
101
99
93
112
98
110
99
99
116
104
113
107
110
118
120
118
107
113
109
98
109
95
93
99
102
100
109
100
104
102
96
87
84
93
96
106
80
91
63
90
104
94
94
114
108
120
104
100
93
111
109
122
114
121
111
119
108
121
112
119
82
110
90
124
102
122
115
120
117
96
62
84
84
104
103
109
116
111
112
108
119
113
105
111
108
113
113
105
118
99
116
105
116
103
113
100
109
103
87
71
75
60
111
103
52
93
88
96
80
77
61
79
78
94
94
105
97
100
88
97
85
96
100
94
103
109
108
104
126
112
113
109
122
116
117
107
118
108
119
107
130
115
127
118
112
128
122
99
98
106
106
104
116
114
102
116
114
107
123
105
90
78
57
42
50
107
70
99
27
46
45
62
61
78
68
75
54
28
60
71
24
50
57
4
27
27
40
59
56
69
81
79
79
91
88
78
93
97
100
96
103
90
108
97
98
105
114
105
99
110
98
96
108
101
94
101
92
109
106
108
103
109
104
109
103
111
88
103
101
81
103
96
109
96
106
93
111
103
98
105
95
102
102
92
103
96
102
95
104
102
97
109
108
96
101
107
106
95
95
108
106
96
106
95
107
96
100
108
95
107
106
95
108
96
98
109
100
108
103
107
109
103
106
100
96
106
105
85
98
104
93
99
93
93
100
101
93
18800
18802
18792
18803
18804
18782
18867
18859
18854
18850
209
189
132
209
186
130
7
19
32
22
10
26
34
19
17
19
26
30
32
101
106
118
60
54
55
52
70
81
91
95
89
77
47
25
50
87
40
90
68
5
3
15
45
50
59
55
64
55
74
83
81
97
97
106
109
109
111
105
112
120
114
105
106
114
98
114
111
97
110
108
112
100
116
106
114
119
106
123
115
107
122
117
97
111
107
124
105
107
99
107
104
111
96
111
103
116
118
116
115
97
121
108
116
107
116
98
108
113
109
116
100
107
100
98
111
100
100
98
112
100
114
101
113
86
100
111
101
96
105
95
100
82
92
84
102
105
98
107
100
108
102
119
101
92
112
100
111
110
97
107
96
121
110
120
118
122
110
111
92
117
105
98
100
102
96
102
93
102
106
106
99
112
119
107
107
118
117
105
109
103
108
114
100
108
103
117
108
100
118
106
118
105
111
103
110
95
115
106
111
65
72
93
56
78
108
88
23
15
13
72
52
81
5
3
3
3
5
3
3
8
5
7
13
23
21
31
20
7
33
38
16
3
22
19
37
38
40
66
77
70
88
86
99
108
87
102
104
111
85
111
100
78
86
109
100
98
66
50
52
47
41
77
86
101
93
4
2
18
16
17
25
27
35
42
46
44
46
56
64
59
62
73
58
83
73
79
99
86
88
98
91
81
86
27
29
47
87
59
38
70
53
78
6
20
32
32
55
67
64
77
66
79
76
72
89
100
106
92
94
95
104
78
96
94
102
115
99
118
106
93
122
81
103
104
106
85
107
71
92
63
68
106
83
94
96
81
77
71
87
87
83
96
65
103
78
100
107
106
96
105
101
96
115
103
104
118
113
124
136
88
105
133
133
115
117
92
119
104
103
100
108
87
90
91
135
138
120
119
111
131
134
128
129
88
75
60
55
58
135
14
17
24
21
5
4
16
10
14
33
33
7
4
17
26
23
33
15
14
32
15
38
3
6
4
3
8
54
42
27
42
21
28
12
30
64
70
64
85
61
36
66
69
75
35
55
63
38
23
66
7
4
5
5
4
9
23
23
26
33
39
45
44
62
62
56
72
55
70
72
75
57
40
39
38
5
4
21
2
16
14
14
13
13
17
53
63
20
60
23
61
63
74
63
67
64
106
65
78
48
60
65
24
44
69
57
62
39
50
46
5
27
26
32
38
27
30
31
75
70
68
64
75
79
84
78
63
90
50
73
83
24
81
33
41
55
77
45
14
3
36
21
21
26
23
27
19
25
34
27
8
22
41
43
46
61
66
63
71
90
83
91
85
104
117
120
117
126
107
38
77
25
80
86
99
59
22
12
14
32
35
42
55
39
36
11
48
27
3
23
16
34
14
24
27
18
3
5
3
15
15
16
7
10
20
22
33
27
4
19
13
4
3
24
8
11
9
12
29
40
40
35
51
39
20
23
32
3
7
33
46
45
58
69
70
78
91
91
102
104
110
101
107
104
91
77
86
99
80
49
86
103
46
84
100
72
4
7
6
10
4
9
21
18
34
29
31
31
53
55
54
60
54
61
57
65
81
87
85
82
35
37
79
57
62
66
35
22
26
3
16
16
25
38
37
54
40
40
59
80
78
89
97
98
71
85
55
54
96
99
52
30
5
15
6
13
10
13
17
14
9
8
5
4
28
19
28
30
32
32
47
52
40
42
59
26
22
25
32
49
4
5
35
35
55
61
53
82
80
103
93
98
102
103
115
107
117
76
105
73
64
89
105
67
97
83
74
60
74
58
66
68
60
71
62
73
74
93
92
106
106
101
93
112
120
107
111
127
114
107
118
107
123
106
90
105
113
112
100
87
112
98
105
96
111
107
103
113
96
105
122
111
73
32
28
104
99
63
85
65
47
26
4
10
2
4
2
17
10
3
9
4
3
15
5
13
7
10
8
44
44
48
58
59
69
78
76
146
144
120
129
139
134
138
152
132
140
96
42
89
15
39
79
12
24
3
5
19
30
35
47
59
53
69
65
67
67
97
89
81
61
45
98
38
96
68
52
23
11
10
27
27
47
51
60
56
66
66
69
68
93
92
100
86
94
103
93
94
95
102
95
101
98
107
87
76
94
116
105
91
93
91
95
93
95
96
108
109
93
99
100
98
94
104
111
104
106
104
105
102
93
101
100
96
99
79
74
90
98
99
72
36
44
62
85
62
98
78
28
100
83
100
99
64
63
66
87
88
99
104
111
98
107
94
110
95
108
96
106
97
103
97
105
98
106
101
106
103
105
87
95
109
98
97
110
103
97
112
99
111
105
102
109
110
105
110
108
111
102
109
103
111
101
103
110
110
103
112
109
112
106
113
107
113
103
112
105
106
108
110
103
111
99
114
108
116
109
122
121
123
115
122
116
109
124
122
115
107
121
118
110
111
119
118
107
116
108
116
105
121
110
115
102
115
112
115
107
113
104
105
111
112
105
111
104
110
99
112
103
97
107
106
104
104
93
106
98
101
92
103
100
99
102
106
97
105
101
110
107
109
107
110
102
108
100
102
107
109
107
102
109
108
102
106
98
103
95
104
93
103
92
107
104
111
105
113
105
111
104
114
104
109
107
108
94
106
103
108
106
109
107
111
104
112
109
114
107
111
98
85
105
95
97
63
51
76
43
84
45
66
64
94
68
50
74
73
91
91
109
97
110
109
117
104
106
85
94
103
96
100
93
95
103
108
99
100
101
102
106
109
97
111
99
116
110
112
110
102
121
115
108
114
106
106
102
115
102
116
102
115
103
115
110
123
110
124
121
108
107
119
108
115
131
111
120
116
124
133
116
130
115
109
121
123
106
118
108
116
112
103
112
108
95
108
87
103
103
93
109
96
97
111
106
97
100
107
94
100
103
82
99
89
107
95
92
101
87
85
120
105
115
116
108
107
117
115
120
119
109
121
121
112
115
117
116
102
113
99
111
98
113
100
99
112
113
105
98
113
116
109
101
110
113
83
92
75
95
102
87
99
106
98
109
106
128
134
133
114
120
105
107
115
101
100
105
102
90
104
93
106
102
97
103
106
98
91
85
88
90
72
65
55
54
115
113
4
20
19
34
51
61
61
75
67
83
84
87
94
96
114
119
113
115
107
121
101
90
105
102
104
99
105
85
95
96
82
78
79
91
92
95
84
99
94
100
113
101
107
105
118
110
113
103
114
99
110
111
118
102
99
94
94
102
68
93
81
97
88
102
102
91
78
111
89
92
104
92
97
91
107
107
115
112
105
101
112
113
115
122
103
117
95
115
102
106
99
109
101
112
97
95
95
110
96
110
97
112
100
113
112
105
110
104
100
113
106
98
115
91
102
95
110
105
103
83
110
98
105
103
90
98
106
112
105
90
97
79
111
94
103
91
85
95
98
90
90
61
58
38
68
61
68
87
