47
78
91
81
62
115
151
135
139
152
137
138
124
126
127
125
116
134
135
126
105
136
116
149
143
152
136
125
117
90
91
56
79
154
143
43
74
91
88
94
47
77
73
77
61
50
71
63
85
88
97
99
108
82
79
112
102
115
107
83
123
109
110
88
116
110
50
102
107
52
43
76
98
122
118
32
4
19
8
20
18
23
22
7
41
41
50
52
64
77
75
84
92
68
52
69
42
70
33
108
39
109
97
8
6
25
23
25
36
35
28
23
10
3
3
5
22
17
35
44
45
58
55
59
66
59
91
90
81
87
105
94
88
82
83
79
81
69
104
92
100
96
111
116
91
110
101
90
105
85
41
98
56
62
24
72
48
95
33
6
7
30
8
6
31
32
31
45
53
55
51
81
69
87
91
105
118
117
123
116
112
107
130
114
105
74
89
118
112
99
115
99
116
105
116
114
113
114
107
121
107
117
108
102
115
111
99
117
118
104
97
76
83
104
113
101
118
113
100
115
114
131
103
114
103
109
100
105
94
104
101
85
78
64
96
91
101
90
104
92
92
107
101
93
103
83
93
105
92
101
91
105
89
100
91
105
98
85
95
95
100
110
112
106
100
101
97
121
109
97
108
91
83
103
103
106
115
105
107
91
98
82
118
115
88
113
90
98
107
118
104
111
99
102
105
108
105
92
91
104
99
105
106
96
105
118
115
112
120
120
134
117
129
113
113
115
93
107
105
91
111
110
109
96
109
101
113
124
106
95
97
92
110
103
107
99
100
96
94
96
87
99
92
109
89
95
96
88
101
85
70
90
98
96
82
92
91
91
90
94
93
97
78
88
97
91
100
94
83
100
88
100
93
100
96
89
91
77
89
86
85
90
89
95
84
89
87
93
93
90
108
100
84
93
101
76
91
51
42
68
37
33
95
61
8
18
30
28
30
49
43
50
26
53
52
63
17
35
23
55
3
7
10
8
8
17
38
25
39
33
40
39
48
63
62
72
66
80
79
85
81
76
74
103
89
91
104
99
92
83
92
99
94
87
82
89
88
89
79
91
81
84
96
88
77
96
95
85
78
93
78
90
96
89
8400
8417
8419
8454
8451
8473
8472
8478
8464
141
8469
186
186
155
126
143
142
149
153
113
117
115
128
119
105
120
108
111
107
110
99
105
103
84
79
100
115
107
123
133
123
111
141
93
130
115
116
124
103
126
100
119
106
106
124
115
133
118
129
96
54
27
61
53
36
108
75
114
123
96
4
3
9
17
3
38
40
48
49
47
56
70
73
71
67
103
92
107
105
102
115
94
109
112
109
40
25
37
48
101
59
65
87
81
3
15
14
19
27
27
28
42
59
57
44
51
70
69
83
93
85
113
93
21
106
61
60
46
97
72
96
5
7
11
37
45
43
60
55
68
62
49
20
66
34
68
67
37
72
35
5
6
8
6
18
13
16
14
12
23
37
38
58
47
65
74
69
83
84
85
94
105
86
115
89
117
133
106
71
5
5
15
14
23
27
9
34
14
7
18
15
18
27
12
13
11
9
17
14
26
34
35
58
56
43
54
45
59
57
36
70
73
45
67
41
71
16
48
4
15
12
12
32
28
43
47
45
63
49
65
66
65
77
69
93
103
105
113
107
106
90
81
109
81
99
88
91
101
103
94
93
87
113
101
95
107
104
99
81
106
108
109
101
116
107
111
122
113
106
114
105
108
100
105
93
106
111
102
110
107
92
107
112
113
103
115
102
111
106
112
117
109
109
108
121
112
95
120
115
100
97
107
109
99
113
123
115
104
102
118
132
122
131
126
117
107
115
116
125
102
115
119
112
122
117
121
127
118
126
79
64
117
105
89
92
88
100
85
95
87
88
88
96
108
106
97
120
108
93
99
87
100
92
105
98
114
120
107
112
118
104
125
115
109
103
109
100
104
100
100
112
111
113
111
109
106
99
109
95
107
97
114
102
110
99
73
79
111
94
100
112
101
88
108
93
94
86
71
101
100
112
107
122
100
116
115
133
126
108
102
101
93
103
97
100
98
93
95
101
106
92
102
98
85
111
87
98
85
99
120
114
119
98
113
121
118
125
103
104
113
104
105
109
106
88
98
109
102
113
104
114
55
61
29
82
34
42
73
92
102
40
73
43
25
10
9
45
25
42
8
3
12
15
11
25
36
24
30
42
40
47
68
67
66
68
75
87
85
76
92
78
107
105
113
100
109
98
101
116
99
115
86
83
100
88
103
91
103
101
111
109
105
104
113
97
109
97
108
83
90
107
98
92
78
98
81
98
89
97
94
99
90
94
80
91
100
111
95
111
101
116
112
122
108
121
129
127
128
117
126
113
111
118
124
103
118
110
122
117
123
116
123
111
118
112
88
108
103
111
92
101
96
105
96
99
94
111
100
114
109
119
114
108
117
115
97
108
109
105
97
99
92
104
101
110
108
115
113
109
107
108
103
110
99
102
101
94
96
106
100
111
69
63
81
51
93
33
81
100
45
11
31
30
48
57
62
59
67
72
86
92
90
26
69
55
37
84
58
83
76
4
18
14
38
36
65
49
39
69
69
56
25
28
46
34
52
20
40
60
63
5
4
11
16
28
48
59
58
66
60
65
77
74
105
102
85
103
104
108
83
76
92
93
105
89
93
93
106
103
114
102
103
120
119
106
113
108
120
104
105
71
97
87
30
22
55
52
74
36
112
4
2
24
8
17
15
21
22
9
13
15
4
3
2
3
10
11
14
7
8
11
2
6
17
3
3
15
7
15
13
19
14
12
17
3
3
7
10
2
16
9
8
15
8
6
14
12
13
31
22
4
9
11
4
5
10
2
1
2
20
22
22
22
22
20
21
21
21
5
7
22
32
19
19
16
30
37
22
8
1
35
39
20
7
4
10
9
8
14
8
10
34
19
24
5
4
8
21
32
43
44
54
72
51
22
34
55
19
27
63
61
4
3
14
2
5
6
15
18
8
23
25
9
18
21
4
16
6
4
28
35
35
37
56
56
35
29
60
17
50
57
50
29
27
3
22
2
8
27
31
31
29
24
3
3
33
30
35
49
54
77
51
52
60
64
65
82
85
98
88
94
111
92
118
102
100
118
99
125
117
111
118
43
81
74
58
110
94
91
80
65
94
72
65
79
91
91
115
115
117
104
100
104
124
111
122
111
118
126
115
127
124
121
135
134
109
136
86
123
78
104
115
22
26
26
28
49
86
60
99
108
3
4
31
41
39
43
54
66
60
72
76
74
79
36
46
34
22
59
83
67
63
25
6
4
9
14
22
22
35
45
52
57
58
59
64
49
57
79
81
94
92
106
103
82
104
92
98
104
117
102
105
96
111
100
117
106
114
101
108
112
96
114
111
100
113
94
87
107
97
97
88
88
88
102
104
108
94
115
108
100
86
70
60
106
46
89
95
82
97
89
49
7100
7100
7089
7073
7101
7101
35
7083
7100
7095
5
5
7
9
20
16
15
26
46
68
69
93
82
95
57
92
79
75
72
171
144
21
19
179
19
159
15
24
22
34
28
31
14
34
41
38
3
4
8
13
26
13
20
22
9
19
6
37
38
56
56
13
35
25
53
10
49
65
28
69
53
23
35
42
43
46
77
75
96
91
94
108
118
106
83
108
100
99
111
99
108
107
106
120
103
99
112
88
108
98
110
89
81
101
74
100
88
105
84
93
78
89
74
90
90
106
95
109
98
106
112
115
103
122
104
115
113
118
111
116
106
104
112
107
102
112
98
96
103
106
94
94
101
106
99
101
108
111
107
104
110
83
108
94
94
100
109
95
91
101
101
93
92
109
106
99
105
100
106
100
117
115
101
85
104
92
104
92
95
104
101
92
112
86
74
49
92
96
55
40
34
14
7
6
14
32
28
31
40
28
37
49
49
56
64
71
64
77
76
84
79
97
95
111
108
111
97
114
111
113
111
114
110
111
104
108
116
114
108
112
104
111
115
95
113
101
114
103
108
121
105
109
117
110
101
113
104
90
114
113
108
124
95
100
108
88
112
105
120
112
128
121
141
112
125
113
121
114
108
116
112
97
89
107
95
105
95
105
93
98
107
107
107
107
100
106
98
107
90
99
96
101
87
100
90
102
93
109
101
115
105
112
103
121
120
105
110
122
120
125
110
119
118
120
102
101
127
105
95
100
90
103
102
102
93
101
114
98
88
110
97
76
103
98
102
103
114
127
140
130
145
146
169
166
177
153
164
159
188
152
167
198
182
177
176
199
145
132
130
148
145
131
129
129
130
117
106
97
118
112
127
103
91
76
61
63
60
36
117
106
8
10
12
16
25
22
24
35
50
29
21
41
68
23
63
18
17
17
8
11
14
61
7
8
5
27
27
27
30
43
41
49
56
52
52
52
63
61
78
82
70
67
88
71
100
120
108
109
114
128
49
40
40
58
71
62
118
4
62
74
5
7
9
34
30
26
10
24
7
25
36
49
58
67
84
73
63
85
15
77
76
32
46
49
60
9
10
43
49
69
39
44
43
37
49
47
94
8
17
25
62
90
7
8
31
42
31
45
58
77
66
69
75
94
84
95
105
91
87
77
77
51
71
0
75
61
71
67
78
78
85
86
102
102
129
129
133
129
97
87
44
107
92
29
53
123
25
40
31
34
30
32
39
43
31
37
43
38
29
4
10
5
10
5
2
7
2
8
6
2
10
2
11
12
3
4
3
2
2
3
2
8
9
23
21
34
37
52
29
4
27
52
51
5
23
33
33
51
43
58
47
50
82
69
66
70
62
84
76
95
82
97
92
96
91
91
110
103
119
112
113
94
119
104
109
121
124
120
122
114
125
123
133
124
139
136
136
128
123
124
108
118
114
121
113
109
108
100
112
91
109
112
123
120
117
114
116
114
107
115
86
111
108
97
113
101
94
87
102
100
102
93
104
111
110
103
114
117
75
88
110
108
105
101
91
67
96
67
68
87
95
96
104
66
79
87
102
88
98
93
96
108
98
93
96
88
97
113
100
100
109
109
97
100
106
97
97
103
104
107
98
86
101
95
103
107
95
118
104
108
112
90
103
115
104
94
110
91
101
103
94
90
106
95
109
103
113
102
107
96
111
108
83
105
113
111
105
112
109
120
99
87
110
89
106
89
100
91
106
107
94
93
106
107
83
93
77
110
99
102
107
111
109
110
95
109
116
108
110
123
256
272
262
278
262
275
264
277
264
123
113
116
116
102
93
100
85
96
85
102
103
101
92
101
88
92
103
104
93
88
23
57
37
81
46
67
73
26
100
16
6
7
10
3
14
17
24
35
32
47
56
62
56
72
54
69
78
77
95
105
95
92
72
111
108
106
103
111
96
79
100
91
82
74
75
95
83
93
90
103
120
122
119
120
116
128
122
119
127
93
103
88
98
102
90
104
94
95
103
103
94
92
102
97
82
73
83
80
88
85
95
94
96
94
97
107
93
109
98
99
89
80
100
92
90
100
92
102
97
92
93
98
61
49
101
67
78
87
104
84
79
90
80
78
58
55
61
57
59
59
91
84
31
79
31
64
37
80
86
91
85
84
100
54
74
87
75
89
86
96
94
93
91
88
107
79
90
95
95
89
95
90
78
96
99
84
90
92
83
95
92
95
92
96
92
99
97
98
89
100
88
104
89
88
81
87
98
94
82
96
91
98
86
96
100
88
81
101
95
91
80
92
99
83
104
89
94
86
94
109
106
116
108
100
102
94
102
93
78
94
99
92
99
94
82
101
70
88
85
86
90
91
96
107
101
109
95
111
112
122
105
117
115
118
110
119
111
116
106
118
117
110
118
110
108
116
117
109
124
111
119
105
115
113
115
104
115
107
114
106
113
100
112
104
105
112
111
108
117
105
119
107
119
113
118
108
118
109
114
107
113
105
113
105
112
104
109
92
103
118
105
119
107
115
109
122
122
68
81
46
93
23
87
95
59
36
3
5
19
27
17
8
11
22
24
6
17
15
36
41
48
28
38
31
50
51
53
60
63
47
57
52
28
50
49
44
68
25
31
79
82
95
85
60
63
99
90
90
116
109
119
110
119
110
106
106
120
121
106
93
78
93
115
40
48
76
68
24
4
3
4
25
12
11
8
11
25
23
5
3
4
5
23
36
27
42
50
59
72
79
70
78
79
78
100
110
109
122
107
119
104
99
118
114
109
97
102
99
108
96
99
94
93
94
92
106
108
83
68
56
105
39
92
76
44
27
4
8
7
5
14
13
16
14
40
11
13
34
17
12
18
15
14
39
45
63
43
62
46
41
36
47
24
58
63
32
39
15
13
25
45
26
57
27
24
77
60
73
56
75
62
61
27
33
79
54
45
33
46
39
38
47
50
39
88
88
111
103
112
98
90
83
107
113
103
115
101
105
99
97
104
102
97
99
110
105
88
100
96
84
76
95
92
88
98
85
109
96
118
112
108
128
122
115
124
109
100
116
110
100
94
74
86
95
109
103
93
109
90
90
90
101
104
124
114
127
126
127
119
127
121
134
123
123
120
113
121
103
118
117
109
121
108
124
113
126
116
130
120
115
124
112
93
97
96
105
112
100
115
106
122
120
108
123
111
108
97
100
92
89
103
90
44
103
60
77
95
68
91
100
93
100
97
72
85
88
84
86
84
80
73
126
114
115
107
115
113
94
93
98
109
113
100
114
111
112
93
107
114
118
99
71
84
107
43
36
121
67
44
98
25
68
47
46
47
72
47
72
73
45
66
38
72
90
90
98
96
74
73
82
87
87
77
84
104
89
104
90
97
99
104
103
101
108
101
106
100
111
97
98
105
100
86
100
101
106
95
108
101
109
107
87
95
27
45
110
39
63
56
75
97
5
7
4
7
22
23
38
36
51
51
49
46
67
66
74
45
14
85
27
46
79
30
23
88
5
5
14
5
3
15
5
19
12
4
27
30
35
37
37
59
57
49
18
46
18
17
32
6
23
35
42
45
61
49
52
46
32
20
35
49
59
5
17
35
47
54
53
60
63
79
77
88
83
86
97
102
106
78
84
81
93
97
80
96
91
108
97
106
100
110
108
106
105
79
100
86
90
79
106
95
102
85
73
93
97
95
114
105
104
102
108
97
97
102
108
114
130
101
120
118
112
128
111
109
108
105
101
117
120
102
111
107
118
104
59
41
58
29
82
69
112
102
15
19
22
25
15
9
20
4
20
30
35
49
59
72
70
73
81
85
98
98
91
105
94
107
99
86
105
103
106
97
108
111
125
126
129
126
130
118
124
112
865
866
880
885
870
877
884
875
859
107
887
112
126
98
136
105
105
43
67
30
43
68
27
113
89
28
4
2
15
16
39
37
39
78
79
76
44
42
44
45
42
53
82
77
4
29
10
7
23
4
10
7
12
4
34
28
42
34
39
37
30
32
13
61
16
28
56
7
27
21
52
57
10
55
68
48
4
3
15
7
10
6
28
20
34
13
24
24
13
21
36
58
62
46
64
70
75
65
62
92
52
50
88
74
48
52
7
19
15
7
22
12
10
6
8
5
5
10
8
11
39
40
35
25
38
41
21
8
4
4
3
3
19
10
7
10
21
4
6
17
25
14
25
25
28
37
47
52
66
65
79
70
87
84
74
76
79
95
76
104
100
101
91
81
87
94
112
95
87
124
124
55
139
48
48
36
96
45
68
137
21
4
13
11
27
27
12
30
46
58
62
73
16
49
29
11
75
58
46
58
41
25
67
10
23
26
35
39
13
13
38
23
27
5
25
16
41
22
20
18
9
13
11
32
7
13
10
28
32
26
24
24
28
46
34
28
10
44
48
3
12
30
26
41
45
57
54
60
68
69
84
79
76
79
73
90
83
86
100
98
80
93
98
101
108
99
113
102
110
103
108
106
112
125
93
74
52
115
43
109
80
67
21
31
5
4
21
31
40
49
48
52
63
80
78
90
97
100
87
110
103
105
107
109
95
83
108
98
97
110
99
120
111
122
107
139
149
147
138
150
122
139
137
130
143
102
109
98
110
99
104
109
104
124
112
122
116
117
123
122
115
100
101
98
88
101
94
80
90
99
93
101
92
106
97
90
89
66
68
100
109
99
104
96
104
98
106
91
84
84
97
101
91
97
102
95
100
99
92
96
96
99
91
98
90
94
93
100
98
96
95
91
98
102
84
93
95
91
97
97
105
107
89
104
91
98
92
97
85
98
94
79
80
93
86
84
96
88
99
64
74
80
82
99
101
95
110
95
77
83
95
95
101
103
102
105
106
97
108
103
94
105
104
97
104
97
81
86
93
88
95
74
94
83
82
96
89
81
94
97
94
87
99
105
89
99
89
94
90
103
97
105
107
93
66
97
96
68
109
78
87
93
96
100
99
113
61
96
79
84
86
67
86
98
86
94
66
80
88
89
64
88
87
82
84
83
96
96
97
99
100
102
96
94
108
110
108
84
80
90
99
95
84
88
96
88
95
90
104
77
91
84
99
87
103
81
91
85
92
96
80
96
89
99
89
98
98
99
108
108
95
110
98
113
99
108
102
105
86
94
107
95
105
92
96
88
97
101
98
95
106
92
105
92
84
108
101
94
103
78
90
96
101
97
73
92
96
88
129
136
138
128
135
146
142
143
127
103
70
49
78
48
23
91
61
26
31
12
29
29
51
60
58
52
73
79
61
77
76
84
89
84
69
82
87
84
89
87
90
79
88
87
90
74
82
86
75
82
93
84
81
60
88
66
102
76
111
94
106
98
72
87
54
70
62
76
80
55
66
37
49
80
61
75
87
87
96
100
98
110
117
85
79
80
36
21
57
31
57
72
50
3
16
22
25
20
22
28
54
54
48
71
68
74
73
89
91
108
108
123
105
108
100
99
105
105
103
99
91
102
100
95
109
100
137
264
253
274
273
263
274
268
277
238
288
154
163
138
147
156
142
144
147
147
95
101
86
100
79
102
93
96
105
74
83
96
100
18891
18889
18926
18919
18924
18931
138
18943
75
34
150
68
143
34
77
139
148
94
53
5
34
31
23
30
57
54
68
74
76
50
29
47
27
48
79
51
53
8
6
10
4
33
34
45
41
38
59
50
60
85
19
55
31
33
67
54
82
50
39
71
4
7
14
34
44
44
51
56
65
64
48
58
70
42
78
71
45
60
79
67
72
28
37
22
16
40
20
18
3
7
5
4
3
3
2
10
25
10
19
8
5
22
27
21
27
11
18
20
15
5
4
15
5
6
4
8
14
10
28
11
24
27
29
3
17
26
15
17
13
3
20
18
28
44
46
43
49
49
34
32
45
35
58
31
51
9
8
10
7
7
14
24
22
32
30
11
22
27
15
46
54
63
52
42
39
36
42
79
70
71
101
97
111
109
128
111
107
121
120
106
118
111
117
110
112
106
111
103
109
102
109
95
99
106
104
85
92
82
74
100
85
97
87
108
95
103
101
119
119
113
96
99
104
118
113
102
115
55
31
79
40
70
92
61
25
97
22
29
19
56
67
78
60
76
63
85
83
82
97
103
99
107
86
97
99
117
115
108
108
124
106
122
110
115
120
113
104
75
110
81
90
107
93
108
90
99
84
100
83
101
92
103
90
105
100
108
96
106
107
106
94
86
94
106
102
87
90
98
88
97
92
109
91
105
93
105
104
93
104
86
77
60
69
64
92
80
88
74
59
71
49
79
79
97
96
107
89
98
96
96
106
100
90
98
105
106
99
103
98
104
97
102
101
81
101
95
97
82
96
105
90
93
106
104
92
92
75
71
79
98
215
202
206
215
221
200
189
204
207
207
109
93
118
110
98
95
91
83
75
69
61
55
4
4
6
5
23
23
29
33
35
56
61
58
61
63
64
80
78
61
37
62
50
73
5
15
13
25
24
39
55
51
57
53
51
53
67
50
95
93
105
79
103
94
84
97
97
110
93
102
115
107
116
99
107
101
106
85
111
94
108
95
104
101
97
106
88
103
96
89
103
91
110
97
98
104
112
97
88
106
99
75
103
94
111
95
97
80
104
82
101
96
109
104
98
107
107
106
111
101
97
110
93
97
99
89
105
78
99
88
98
96
106
97
111
104
116
105
107
88
95
97
106
100
110
84
79
102
91
81
26
42
81
74
55
37
72
53
82
85
77
46
62
63
80
79
98
97
110
98
108
105
88
117
102
110
103
104
116
111
106
99
100
101
113
107
100
92
83
102
85
72
100
59
92
74
101
87
96
96
74
74
62
48
31
63
63
75
34
24
45
8
7
10
43
14
40
20
14
21
19
16
5
13
15
25
23
36
42
42
69
59
75
65
81
90
85
91
92
110
109
106
125
109
107
112
101
105
116
102
109
90
103
99
82
78
91
71
80
100
97
100
101
113
111
126
107
85
119
80
98
94
86
86
85
90
102
108
98
116
108
124
121
119
97
96
108
80
28
32
100
49
86
72
29
4
30
30
39
40
42
80
84
87
76
97
110
83
101
101
116
117
113
89
43
72
46
44
63
56
124
102
4
15
6
5
10
4
18
26
24
11
25
28
15
21
31
9
17
31
34
24
16
37
15
22
17
27
26
47
49
65
65
82
81
93
96
97
111
86
98
95
84
88
93
102
87
95
100
93
92
89
105
88
103
90
77
98
89
100
95
107
93
102
96
94
81
62
73
94
47
55
88
117
127
117
133
64
70
79
80
100
101
109
117
107
116
73
92
84
101
91
81
169
150
171
165
144
156
158
156
158
92
94
88
95
90
98
89
88
68
34
49
42
82
55
83
34
83
7
5
26
24
25
37
36
36
42
42
50
51
66
14
35
46
56
33
47
16
29
24
57
6
6
11
19
9
21
22
17
11
9
33
13
29
6
4
6
14
13
10
31
13
37
51
31
39
35
36
33
48
42
33
45
54
52
54
63
74
85
54
56
71
68
61
76
80
81
89
99
92
99
90
100
109
96
113
100
82
100
92
92
101
101
66
90
33
85
33
51
61
85
76
80
66
57
58
76
86
87
106
99
86
106
93
91
103
105
100
95
89
100
94
107
89
80
100
88
101
94
97
93
98
93
96
90
85
79
97
105
92
80
93
99
93
13
96
59
41
86
37
86
49
16
84
47
13
12
9
12
7
6
7
26
19
17
33
14
32
10
41
14
12
4
3
15
19
25
42
43
57
49
46
67
62
65
69
67
57
28
70
16
37
43
7
3
4
6
4
29
21
7
4
14
6
17
16
26
29
35
28
31
43
41
50
67
60
64
78
73
76
85
83
106
102
109
114
111
125
117
116
95
122
109
98
90
113
103
100
110
112
99
112
98
108
107
103
100
106
103
94
101
107
112
97
104
97
107
95
107
95
112
97
105
99
86
90
93
86
84
90
80
87
70
89
85
98
90
93
101
95
110
124
110
127
121
114
128
124
119
133
121
123
121
120
115
129
116
121
119
119
103
117
110
108
113
112
115
109
112
125
101
108
119
119
126
116
101
91
101
121
111
104
105
105
111
108
153
145
169
151
146
107
154
43
116
54
130
26
114
60
76
40
38
26
41
34
37
29
37
85
86
60
61
68
74
75
73
98
97
111
89
85
87
100
91
110
100
115
117
121
118
137
118
111
118
128
115
110
105
121
104
109
112
110
116
106
112
107
110
106
93
104
100
79
94
78
101
85
69
85
95
86
93
86
87
95
93
65
90
74
82
89
80
87
84
97
99
89
92
86
99
105
105
96
106
109
107
50
33
69
50
29
93
57
89
84
3
3
7
20
18
12
29
27
25
25
44
42
41
54
41
60
78
26
68
39
35
75
76
50
80
19
72
4
26
47
47
50
69
71
88
74
95
84
89
102
98
72
22
99
61
85
17
16
82
21
99
47
9
8
4
25
33
11
22
18
23
51
43
32
47
65
66
82
65
48
79
81
73
92
91
95
110
77
100
108
108
105
111
102
117
101
100
111
113
110
102
89
86
97
95
75
73
87
94
93
97
87
100
101
83
92
95
82
103
96
97
86
101
97
92
91
114
86
92
100
107
88
79
92
100
87
71
17
48
16
56
40
83
63
3
5
34
9
23
35
12
33
5
4
3
14
10
19
31
14
16
23
54
53
44
12
32
25
14
11
9
11
42
57
58
35
38
54
57
53
69
74
74
89
82
95
89
86
91
89
101
103
106
109
99
90
113
94
106
86
98
112
99
120
97
116
116
125
127
134
96
131
103
111
118
103
107
114
106
122
106
102
111
101
108
82
80
98
88
104
96
70
107
96
64
69
79
88
131
100
94
111
104
84
96
89
108
106
105
117
101
116
102
90
105
92
99
111
110
113
122
105
125
114
110
96
108
121
127
116
125
109
103
109
107
116
124
123
94
104
94
116
98
110
104
102
105
113
80
72
27
33
49
87
59
103
95
56
7
13
7
28
9
12
11
18
36
3
4
17
18
25
36
27
29
29
19
22
34
14
17
33
33
51
49
67
68
74
75
90
89
91
104
94
93
98
89
96
101
92
76
94
86
98
105
91
99
93
90
99
108
102
99
102
103
101
95
101
78
87
102
101
92
74
79
91
82
89
95
79
101
97
94
108
62
103
38
66
30
79
93
47
4
13
4
13
33
28
34
37
25
29
38
55
36
33
50
50
24
23
51
46
5
19
22
30
38
35
11
20
32
4
20
16
18
12
11
53
37
70
45
65
52
89
87
101
99
111
108
111
81
127
107
94
89
102
100
89
93
105
102
88
104
102
98
111
100
112
107
104
89
108
123
127
120
124
68
31
115
96
61
36
66
20
107
12
13
11
7
7
2
12
11
18
30
31
36
36
64
61
59
33
72
27
68
72
13
15
30
12
11
25
35
7
8
23
20
13
45
40
64
58
67
59
52
50
51
54
59
71
52
5
20
18
5
12
41
30
44
60
75
73
86
66
70
52
54
35
66
86
55
76
66
102
48
66
64
52
60
62
98
99
124
117
119
126
126
121
125
117
135
126
123
124
114
114
98
127
106
113
113
111
108
121
129
112
126
121
130
116
127
120
125
110
117
59
41
30
95
64
109
77
57
83
12
12
23
34
35
13
50
23
29
20
9
10
25
25
33
52
45
67
42
38
33
52
40
49
26
42
79
79
87
93
28
52
65
68
68
85
65
75
74
105
104
116
126
129
133
128
166
160
177
157
171
136
128
149
114
146
108
136
117
135
135
128
44
29
60
26
103
134
133
103
3
12
9
13
16
21
17
4
3
4
5
6
13
5
5
39
3
5
33
5
29
7
4
11
19
12
21
25
27
41
23
34
25
30
66
80
89
60
80
69
69
82
74
87
87
100
89
101
93
108
100
111
111
118
110
114
79
120
98
99
109
111
100
77
106
93
85
114
116
125
114
117
104
120
109
93
92
100
108
101
83
102
89
110
112
113
88
73
68
119
94
109
93
97
96
99
61
78
78
71
78
80
48
58
96
91
95
88
103
84
88
77
97
97
110
99
117
109
114
111
113
101
114
107
98
112
95
106
87
101
81
82
84
94
94
86
94
89
100
96
110
103
123
125
117
123
116
134
118
135
120
105
133
113
101
114
106
114
98
99
114
100
111
104
108
101
116
101
116
111
111
119
104
114
114
111
108
101
109
105
107
97
109
104
106
108
86
110
101
105
95
113
96
109
96
113
97
99
115
108
100
104
101
106
100
105
98
104
99
106
103
108
96
106
97
102
109
110
103
111
109
114
107
114
112
110
108
101
90
107
104
88
101
92
97
111
114
99
113
103
112
109
111
104
109
100
108
103
110
112
109
103
106
102
100
107
110
99
112
102
116
116
103
114
102
102
100
107
98
103
94
105
93
94
106
106
99
106
95
104
84
87
93
93
96
85
91
96
88
85
98
105
97
102
102
107
92
106
95
100
109
94
107
105
107
102
110
89
108
103
108
98
107
97
99
111
105
76
96
101
94
81
104
89
93
91
96
80
96
90
105
94
113
97
109
113
95
107
116
108
106
114
114
105
116
101
99
99
104
114
104
114
107
99
101
103
76
90
98
89
82
85
78
89
89
90
76
117
115
114
110
119
110
119
109
112
108
85
76
86
75
79
87
77
85
86
76
87
86
97
105
102
94
91
102
94
68
52
29
92
61
82
32
44
28
12
33
43
56
62
51
52
77
74
84
91
99
92
98
107
103
109
101
97
109
104
109
101
115
101
98
107
137
121
134
126
112
124
131
132
122
130
96
106
96
103
96
97
93
102
108
94
99
101
93
85
102
89
100
101
93
99
89
95
80
94
96
88
107
92
88
89
104
92
87
111
89
88
88
74
72
99
84
105
99
114
112
112
98
99
100
102
113
114
102
115
102
112
112
123
96
102
104
94
107
91
98
101
101
38
81
61
79
49
50
41
84
11
9
19
32
46
56
37
33
47
24
17
49
37
39
50
51
4
18
9
16
11
8
29
30
27
58
64
63
56
67
62
84
83
105
96
116
106
114
125
107
126
110
110
103
99
106
99
106
95
105
93
97
102
111
106
106
102
108
101
106
91
95
103
87
99
81
86
96
78
85
90
67
68
51
35
53
51
96
76
19090
19096
19097
19099
19090
19168
19159
19188
19184
19191
135
161
82
75
35
141
76
133
46
12
21
22
22
45
13
14
36
39
23
8
17
28
45
36
59
53
71
63
67
56
84
62
72
29
63
80
51
40
6
20
14
18
3
14
17
21
26
9
65
41
39
40
62
59
80
59
70
106
37
59
104
13
96
85
76
6
8
34
47
44
58
57
66
76
73
74
89
82
83
85
103
105
107
97
80
96
70
22
36
61
49
62
59
34
94
5
21
32
15
24
34
23
27
35
37
32
20
17
17
26
15
20
18
29
23
61
55
74
39
40
52
32
35
32
51
40
11
27
40
36
4
9
12
12
52
52
69
45
55
64
41
64
44
51
60
64
66
84
61
83
66
62
64
83
81
82
80
96
87
101
108
110
125
102
112
105
101
108
104
112
102
106
108
95
94
94
104
123
117
115
103
120
104
111
103
109
66
36
87
35
22
73
53
103
50
17
15
33
23
21
38
40
31
18
35
4
14
14
24
30
26
35
43
51
60
72
71
72
78
76
83
87
89
94
93
101
100
98
110
98
113
123
143
128
154
162
146
492
811
832
807
862
845
3499
3501
3476
3496
3171
2830
2832
2824
2795
120
107
96
89
79
71
52
2778
6
115
3
7
3
6
30
27
43
62
57
56
54
52
38
69
87
95
98
47
42
42
32
19
37
46
55
61
90
4
17
11
7
13
18
5
18
26
18
8
19
27
6
13
16
28
29
37
33
41
47
67
58
38
26
54
18
56
36
20
39
8
9
5
7
5
13
17
27
14
19
37
7
8
4
4
13
21
24
32
28
40
46
45
40
53
49
49
58
60
68
72
71
69
81
66
94
88
94
95
87
83
107
92
96
95
98
107
100
90
78
110
110
127
122
117
126
120
112
97
96
104
93
103
100
102
54
84
106
15
93
47
36
25
68
48
59
37
37
37
57
57
58
58
94
90
101
81
93
98
90
98
111
98
105
109
96
113
104
119
117
97
107
108
104
102
109
96
108
110
108
111
101
106
114
110
92
81
101
101
85
91
97
97
92
89
88
102
100
106
116
102
91
101
103
98
82
109
95
107
102
96
101
94
92
100
87
105
99
99
109
111
99
110
112
115
105
116
130
128
119
124
112
121
113
122
91
104
95
95
103
102
106
105
98
106
98
102
94
105
97
102
100
68
96
80
99
28
64
45
58
34
87
73
62
64
73
89
60
71
60
74
73
80
97
93
95
102
110
97
90
100
83
83
92
95
96
87
94
78
83
91
90
103
88
101
89
101
87
102
92
103
97
85
97
92
92
96
88
96
76
95
87
90
103
86
107
90
82
96
100
103
100
104
94
102
89
97
101
86
105
94
99
108
91
102
91
103
91
99
71
71
93
81
86
84
93
98
81
79
102
85
85
85
76
100
98
76
92
95
92
83
97
92
95
95
85
91
77
87
77
68
76
92
93
97
97
96
110
111
117
104
115
104
110
95
107
115
105
110
116
125
112
120
114
121
114
102
121
107
110
114
108
110
111
106
112
105
118
107
118
105
114
113
117
105
115
101
110
100
113
107
83
112
99
93
109
112
101
101
94
107
91
110
96
106
99
98
107
114
99
102
83
106
91
100
95
104
94
103
111
105
119
97
110
109
103
116
127
121
134
127
129
132
121
122
95
133
109
116
109
53
79
45
103
39
23
56
93
93
103
101
93
101
47
62
61
72
73
96
96
100
111
111
99
100
111
85
85
73
66
61
57
49
44
102
110
9
19
26
17
19
42
41
40
50
45
43
47
82
25
95
19
20
21
25
23
50
56
50
64
67
63
59
65
62
100
98
104
91
100
89
67
69
76
67
95
103
107
92
107
96
104
105
120
69
78
98
51
85
106
99
105
101
93
64
62
64
64
64
105
123
108
122
115
111
105
107
67
72
108
96
103
96
119
113
112
104
105
93
100
117
124
101
93
103
104
93
114
101
89
120
112
86
121
64
70
48
97
110
92
86
96
66
84
62
63
80
79
88
81
73
93
91
100
88
105
90
102
72
95
79
79
112
99
86
94
115
102
112
85
99
98
112
100
101
89
100
101
114
101
97
82
104
96
93
108
113
112
114
113
93
122
110
101
99
99
108
103
103
109
108
110
103
110
110
102
103
110
87
105
108
108
100
118
113
18
51
42
73
99
33
69
83
93
4
10
3
3
4
11
12
4
4
5
6
10
13
28
31
24
4
13
3
37
3
5
13
5
5
8
23
30
35
36
48
57
26
54
47
21
41
44
14
2
5
18
20
32
47
42
52
48
47
21
63
48
60
58
43
45
34
9
7
27
26
37
45
44
61
72
57
62
63
74
66
71
49
73
110
96
85
50
67
98
83
76
99
98
100
107
91
100
97
97
118
109
93
109
108
88
111
121
111
98
108
90
109
101
105
114
120
118
113
105
104
106
108
95
115
108
113
108
115
104
109
114
102
111
98
100
106
92
102
105
98
86
107
118
129
118
128
116
128
118
127
124
127
113
116
107
114
104
115
108
117
109
108
108
101
95
88
114
108
96
108
102
102
91
114
106
94
108
97
89
90
79
73
100
93
103
96
102
109
94
102
102
116
86
98
104
94
93
103
99
110
73
73
91
100
103
89
101
67
97
78
80
86
86
104
97
98
112
84
81
112
111
105
123
107
118
99
106
116
100
101
107
120
102
111
104
90
49
102
40
13
63
80
98
83
3
3
5
7
23
21
43
42
69
69
69
79
78
81
79
76
122
115
85
100
118
102
116
90
81
107
105
104
120
102
102
98
98
83
73
93
85
83
97
85
79
105
91
109
107
112
91
106
100
94
100
94
102
100
66
81
87
92
82
75
96
93
100
93
109
91
104
111
99
88
98
110
93
104
103
94
98
91
101
98
110
96
89
98
96
85
94
84
91
91
90
80
90
87
97
88
81
79
36
54
30
43
62
68
10
19
11
27
21
28
16
4
9
7
19
27
41
51
68
61
78
77
81
102
94
99
100
116
107
102
74
58
70
96
78
71
110
85
75
93
91
88
107
103
82
83
88
88
105
102
104
99
101
97
109
96
108
108
89
96
101
111
114
106
114
101
115
105
117
108
115
105
109
114
112
109
99
113
98
89
80
72
106
99
89
91
96
94
100
97
118
75
108
85
99
116
101
91
84
143
120
116
116
117
108
141
104
107
134
112
87
98
71
69
101
118
118
118
156
116
130
112
103
137
120
117
120
106
110
101
99
95
101
69
89
76
37
60
22
22
19
24
21
22
78
22
4
5
28
43
23
43
42
58
62
60
28
25
34
32
14
57
44
38
17
8
7
25
14
26
17
19
50
38
46
48
43
57
67
68
65
69
69
70
88
85
94
103
105
115
107
117
120
109
112
101
96
92
84
76
69
69
51
100
118
6
4
7
4
18
13
9
20
11
10
4
32
26
8
6
8
33
48
49
52
50
97
96
99
72
55
95
96
96
13
26
45
53
55
81
93
81
98
95
100
115
83
46
23
43
25
75
115
56
119
8
3
7
20
3
12
8
28
48
57
47
63
70
63
74
77
76
102
93
97
96
92
103
107
82
89
95
93
96
93
90
104
98
85
74
81
99
91
81
94
93
92
95
96
105
103
106
95
106
97
84
103
96
94
85
89
106
105
90
105
92
108
98
107
97
84
97
88
87
80
93
87
89
93
90
100
89
99
101
112
90
87
91
102
87
93
98
94
96
80
107
97
114
103
88
82
96
109
111
93
94
78
65
87
80
79
81
76
102
100
93
105
56
49
55
71
83
89
101
105
93
101
101
51
51
86
85
89
110
106
106
111
113
105
95
119
112
106
105
108
107
124
104
120
107
106
115
106
117
118
116
116
108
122
119
144
142
141
131
117
138
131
134
125
117
101
94
100
94
100
98
96
97
111
109
92
102
107
94
105
97
107
100
104
98
104
89
103
91
82
103
91
104
92
107
99
99
117
106
108
109
110
120
114
127
114
125
104
117
108
98
86
96
85
87
81
88
88
73
101
82
93
86
89
75
81
92
84
91
101
85
98
85
88
99
88
98
102
106
97
97
101
106
73
98
87
94
85
92
81
98
89
97
90
96
89
95
96
103
88
99
87
90
98
82
98
94
90
87
99
96
86
92
75
59
45
17
42
29
85
49
76
7
23
38
47
40
52
56
53
47
56
49
63
85
83
72
90
83
77
98
81
89
87
76
88
85
99
92
97
82
80
89
100
93
87
99
98
90
97
89
100
89
95
89
95
94
81
98
87
93
88
94
88
100
86
81
88
65
63
98
97
100
91
99
101
107
106
95
90
91
98
80
87
97
98
87
90
102
91
79
98
100
83
82
98
91
75
86
93
86
85
96
80
87
81
92
101
101
93
74
83
96
83
82
82
89
101
96
91
68
69
79
73
90
91
84
94
67
83
80
76
76
94
90
98
88
104
91
94
93
102
93
82
97
101
94
87
99
97
91
68
20
37
49
87
53
69
27
66
5
3
16
2
4
5
21
37
36
49
47
62
60
71
72
83
83
91
99
84
19
66
77
45
99
35
64
54
30
3
5
3
17
3
5
25
14
22
44
41
44
48
55
54
69
76
74
73
75
86
88
104
74
86
87
92
85
86
84
90
90
99
82
96
90
81
106
89
97
90
96
89
90
95
96
76
88
96
78
90
94
83
96
84
100
78
64
45
93
29
20
70
47
80
7
8
23
29
30
37
45
47
67
66
69
66
68
65
70
75
66
62
64
74
84
78
94
91
103
92
106
102
100
111
117
98
111
123
118
110
99
111
112
97
117
108
117
122
115
130
116
133
123
126
115
107
131
110
102
102
101
114
99
99
110
111
100
113
110
110
108
110
91
84
108
104
91
103
95
103
94
91
91
74
106
110
98
110
98
106
102
93
111
109
90
101
103
91
107
96
91
101
78
82
104
94
96
102
102
100
111
109
117
105
99
109
114
109
111
102
100
107
105
94
104
94
101
91
101
94
96
93
101
92
83
102
92
103
95
111
103
107
100
105
111
120
119
117
110
105
117
114
118
17330
17323
17355
17343
17349
17359
17353
17364
17355
168
158
136
129
146
145
141
129
141
136
128
130
116
153
141
129
137
128
139
120
97
108
117
121
107
122
111
118
110
129
116
113
123
128
126
130
128
128
118
121
128
111
102
111
117
117
106
103
110
99
93
105
110
107
119
128
126
131
135
124
131
122
136
120
102
121
108
107
111
100
87
110
98
119
111
114
132
132
126
117
123
114
113
111
128
109
108
100
102
120
96
103
83
109
102
114
98
100
117
101
110
109
91
101
78
93
100
92
101
89
108
101
110
105
133
127
137
126
132
139
134
137
130
113
121
124
111
120
111
109
97
109
102
109
99
101
96
90
103
103
94
103
91
102
91
92
114
93
102
93
96
91
95
92
102
97
104
85
97
77
98
102
95
37
82
74
72
39
94
17
104
30
61
4
2
1
22
25
16
27
20
13
10
10
18
12
27
30
30
51
45
57
52
21
47
24
54
7
8
23
22
20
27
28
34
41
38
40
52
62
69
65
68
52
79
71
82
80
76
94
75
34
51
45
67
82
64
86
65
48
53
55
57
56
62
64
91
99
89
92
101
67
95
79
96
94
104
111
90
100
113
100
114
109
94
104
108
104
108
120
99
107
104
108
95
100
97
111
93
99
87
81
106
103
109
105
100
109
115
113
132
113
123
115
128
131
112
116
119
124
113
97
109
95
107
99
106
99
36
54
22
66
48
81
91
69
9
11
16
25
18
27
44
42
38
53
48
51
72
82
80
79
90
43
58
35
26
65
36
24
72
4
5
5
22
19
3
13
25
21
13
20
20
15
59
60
41
48
30
45
31
42
48
19
50
28
54
53
3
4
5
9
8
17
5
11
16
7
24
4
3
3
11
13
26
22
25
9
36
24
19
21
16
4
2
5
25
22
23
24
48
27
663
30
6
31
45
36
48
50
29
29
7
13
23
38
41
46
44
64
60
51
50
48
46
74
66
77
86
54
80
80
99
97
107
121
112
137
135
150
135
147
137
138
131
110
135
119
133
114
127
88
48
21
36
47
102
69
77
111
8
13
12
4
18
49
6
25
23
36
39
58
68
68
83
93
80
94
111
108
106
109
115
113
113
117
101
121
126
106
37
98
89
112
77
37
58
68
8
12
6
27
24
41
51
44
59
58
74
56
37
51
57
67
56
55
60
9
30
37
48
54
52
55
73
70
80
94
91
77
82
50
48
49
78
4
4
17
29
25
58
74
73
83
62
52
54
38
75
80
60
58
89
14
70
65
93
11
15
20
17
17
7
27
29
42
61
58
61
78
64
78
110
104
107
132
136
143
112
139
139
123
143
148
135
178
158
165
146
22
104
90
51
106
40
164
119
5
19
15
7
4
3
5
19
4
4
5
20
8
23
15
16
24
30
11
21
18
25
17
5
31
31
17
33
14
29
25
11
3
5
5
22
19
8
20
17
11
13
15
15
40
54
55
68
50
87
55
54
67
69
66
63
5
7
18
20
21
25
21
35
46
46
61
60
60
73
71
62
72
84
66
23
52
88
45
31
58
4
26
29
35
44
26
28
26
82
86
82
97
76
71
81
80
104
104
115
107
91
92
103
101
106
93
100
90
125
142
141
156
156
173
141
158
142
125
124
118
104
118
105
111
90
27
64
75
96
34
19
68
48
9
23
34
47
47
56
70
69
78
85
79
93
82
66
39
61
49
31
84
89
78
3
3
11
15
20
13
9
34
20
22
13
11
40
8
5
46
44
9
25
36
34
54
44
47
71
69
84
83
86
97
96
99
107
106
96
82
91
103
79
105
92
79
89
97
87
95
91
77
94
56
81
73
81
93
89
89
105
97
106
106
87
95
95
106
93
103
95
103
93
102
93
105
91
104
93
104
93
103
100
103
93
100
89
98
79
87
85
76
93
88
77
90
84
81
94
95
88
91
104
88
82
101
93
77
87
93
82
96
91
78
89
87
96
90
90
105
102
91
99
100
99
88
97
94
81
98
88
95
92
97
91
91
100
92
68
80
103
50
61
96
89
96
98
96
93
85
80
98
98
111
103
92
99
83
105
98
106
100
108
94
98
107
114
91
96
101
99
95
96
94
86
100
101
90
102
91
91
101
101
99
107
88
101
89
98
96
80
97
90
79
71
98
91
89
78
77
94
101
88
104
80
103
101
115
111
113
112
112
96
122
100
117
97
110
114
95
103
95
106
104
104
95
104
102
76
91
86
97
101
95
106
96
98
105
122
116
133
108
105
97
119
121
112
129
105
106
99
112
71
79
84
102
97
89
108
93
94
110
65
95
94
109
101
112
99
94
51
64
112
82
84
99
89
82
96
105
102
102
101
100
134
113
133
126
112
121
124
109
106
119
122
118
120
116
114
120
114
119
98
88
109
101
107
99
106
104
101
98
96
81
94
98
101
104
94
88
82
105
113
110
117
104
115
109
105
100
99
114
99
95
87
81
87
108
103
107
88
97
115
109
126
94
117
112
111
120
120
114
122
109
120
98
113
91
106
99
106
106
102
115
102
112
122
120
120
131
128
120
107
121
113
112
102
114
112
108
102
56
89
50
72
71
95
24
36
6
21
35
43
46
60
54
64
84
62
54
36
79
12
44
67
31
81
4
11
14
5
3
2
4
7
19
33
32
35
51
64
65
66
74
76
82
75
93
100
99
83
103
25
19
55
63
111
24
51
34
106
15
71
5
6
27
25
7
7
22
25
23
24
40
51
49
19
15
70
35
18
36
45
65
45
5
4
21
42
26
41
37
30
57
59
60
62
67
70
82
73
91
88
104
102
103
108
118
102
96
109
100
113
98
108
97
113
107
128
109
121
110
120
114
120
72
94
57
117
82
95
110
97
102
89
79
76
103
77
83
107
97
110
99
97
106
81
110
104
103
101
119
92
105
84
90
99
84
81
97
79
94
90
96
101
90
113
110
105
104
117
103
90
120
105
98
108
91
84
105
113
97
117
117
117
127
134
117
131
135
126
122
117
115
110
115
119
106
118
120
119
118
110
116
109
117
107
105
123
103
112
113
100
111
105
109
107
107
105
105
99
101
103
95
101
97
99
77
105
98
60
110
82
91
70
100
81
120
105
113
100
72
73
88
87
101
91
100
115
71
97
101
91
80
102
75
75
51
94
64
63
27
