30
38
39
37
69
233
235
251
45
235
35
50
87
47
91
131
133
170
180
194
121
164
116
90
109
125
60
44
83
112
26
27
25
30
78
72
75
78
65
69
193
87
71
47
129
131
79
167
66
50
451
459
32
32
36
37
35
107
135
130
70
40
69
68
60
110
123
105
68
69
157
166
197
193
212
194
186
185
211
648
614
610
582
562
559
645
599
570
81
41
35
36
41
44
41
41
44
570
10
6
8
3
20
18
33
31
31
5
4
9
24
49
22
22
20
21
37
48
32
36
38
17
5
10
18
15
17
42
56
80
22
57
43
24
58
41
53
77
36
52
46
104
67
4
72
4
4
8
5
8
27
4
11
6
16
14
13
31
32
47
30
25
38
46
44
26
19
7
5
20
50
55
66
74
55
92
71
53
55
95
45
41
10
54
4
14
10
19
10
26
26
23
19
34
5
15
10
20
29
21
28
48
43
25
44
14
7
9
20
16
15
19
26
31
21
25
16
5
20
31
47
51
53
66
54
52
17
50
24
63
43
55
77
7
5
18
22
35
33
40
57
59
55
60
66
114
102
104
134
142
144
148
130
135
151
109
75
123
64
53
108
81
86
73
80
84
92
101
97
111
110
99
107
76
97
87
54
72
93
59
104
99
110
109
117
108
109
100
109
86
126
114
91
61
32
30
49
72
53
100
82
16
14
12
33
31
51
50
14
40
19
18
10
38
37
24
24
35
34
57
56
71
69
82
71
85
73
86
85
92
86
91
73
81
97
82
90
85
97
86
64
93
83
85
80
78
89
79
83
78
61
82
74
83
80
87
77
80
88
88
70
86
81
91
86
92
83
89
75
69
80
86
84
71
81
77
66
83
72
87
79
65
66
87
68
73
56
84
72
81
61
77
76
88
85
100
89
92
90
76
88
82
70
71
81
89
78
87
78
69
90
83
90
99
77
97
93
83
92
74
86
86
82
94
88
89
80
80
84
86
80
86
84
83
86
75
78
87
75
78
63
84
2715
73
2721
2740
2726
2745
2739
2736
2728
96
90
2746
101
103
101
88
90
36
84
99
52
62
102
101
83
35
48
47
12
26
24
38
27
29
31
36
37
50
2834
26
2830
29
2825
29
2813
2796
29
5
11
9
13
3
4
10
6
7
9
37
52
43
50
36
64
62
64
49
60
41
59
64
9
6
11
8
4
4
10
12
23
28
27
47
48
74
58
83
95
108
104
107
129
134
113
102
140
115
122
111
100
91
104
100
86
103
102
97
107
100
95
102
93
106
85
75
94
81
93
89
81
88
97
103
87
101
95
93
98
89
100
104
89
98
85
82
92
91
107
89
78
70
95
100
98
94
105
99
75
89
100
100
99
111
104
99
109
101
107
100
109
97
107
106
84
79
56
42
23
97
61
67
27
13
26
45
54
62
58
67
65
55
81
82
80
79
58
33
89
68
63
86
43
25
8
5
3
4
3
3
4
11
4
6
5
8
33
15
20
33
35
35
35
28
39
53
12
30
28
23
45
60
68
26
64
14
69
8
19
20
17
8
7
3
21
18
10
4
3
11
3
8
4
8
20
16
26
30
32
42
38
56
71
54
34
64
35
38
62
37
74
50
5
13
18
4
11
4
9
8
23
23
22
49
51
38
27
62
59
76
78
78
93
97
106
102
96
104
92
101
96
103
95
99
97
97
67
84
63
91
74
51
93
78
72
72
64
66
66
65
64
64
107
88
25
58
106
92
67
102
77
67
89
67
88
87
108
107
121
121
128
136
106
120
106
112
66
89
73
59
76
24
101
54
37
5
4
7
10
4
4
4
22
17
35
50
36
20
19
41
28
7
11
14
11
9
15
15
6
18
14
26
13
7
14
14
16
22
14
16
21
17
26
41
42
61
61
59
67
65
43
29
39
64
55
66
76
17
26
44
37
41
44
56
56
53
35
84
104
100
91
87
95
93
90
106
107
126
118
115
119
109
105
121
113
120
110
120
122
114
137
122
125
131
118
130
128
131
123
134
125
123
113
127
121
115
131
112
122
112
125
127
114
124
122
120
121
124
110
121
119
121
111
121
111
116
115
122
108
115
121
117
102
117
104
121
108
124
112
125
115
130
122
124
108
133
130
123
140
107
29
89
98
41
85
122
70
56
5
5
12
13
11
13
11
3
6
7
6
7
25
9
36
38
38
35
31
7
47
41
29
27
25
35
57
53
12
4
20
15
7
20
15
21
45
43
62
61
71
96
94
100
95
111
117
89
105
100
108
109
117
134
140
127
141
126
142
139
164
149
144
135
139
124
134
113
110
120
109
107
105
98
68
58
42
52
52
36
89
82
2
1
2
2
3
5
2
15
10
2
7
18
15
22
19
25
38
21
23
29
38
19
41
36
23
25
3
19
27
25
36
51
62
64
75
73
77
76
94
87
105
102
109
100
105
108
106
99
85
107
96
109
98
115
104
121
108
113
113
116
109
116
99
102
108
105
103
98
107
108
101
107
97
109
102
109
102
110
101
104
99
97
100
80
72
97
93
96
93
97
87
98
77
95
94
105
103
105
103
101
107
109
103
108
107
111
99
109
107
107
117
99
116
105
116
104
116
106
120
104
111
92
105
94
106
96
105
95
106
99
105
90
106
93
106
94
91
101
102
103
105
91
95
102
101
99
105
96
104
96
104
97
96
105
86
105
97
95
110
78
71
92
103
72
71
80
81
88
97
88
82
81
93
105
104
109
97
106
96
89
56
78
55
85
46
92
65
85
79
47
77
82
60
65
59
64
87
85
85
83
98
84
97
89
103
91
102
92
95
85
95
92
86
95
96
76
83
91
96
75
102
90
86
95
97
80
98
92
87
101
95
94
107
105
105
107
102
105
108
110
103
96
103
96
101
93
102
95
100
92
95
74
88
85
94
94
85
101
89
101
93
96
103
95
103
92
101
98
90
99
93
99
88
94
86
95
90
95
89
94
77
89
94
87
93
88
96
84
77
91
84
91
82
75
90
85
93
76
93
77
87
100
87
110
97
113
124
117
115
123
126
116
89
100
127
114
94
104
96
92
96
88
93
79
87
93
92
87
98
94
98
91
97
90
98
90
98
94
97
88
95
101
101
94
99
92
96
91
98
91
94
86
99
103
94
106
101
115
106
120
111
124
109
110
113
99
111
96
112
94
101
93
105
94
102
77
84
100
7501
7497
7528
7523
7494
7527
7520
7508
145
122
144
113
114
61
53
47
150
100
88
64
49
4
6
3
9
26
5
9
5
7
7
26
5
9
9
42
32
9
18
40
40
18
24
20
3
3
4
16
5
15
4
6
7
13
8
16
11
37
34
11
13
19
25
29
81
82
76
116
92
113
120
126
127
113
96
71
114
122
11
11
12
12
9
37
8
12
23
10
3
19
10
10
3
55
7
10
26
50
4
11
8
25
38
42
41
57
61
58
62
60
55
78
53
77
75
85
77
38
73
87
90
49
36
67
92
64
63
82
70
81
71
108
106
116
105
107
81
101
86
86
80
77
71
67
62
53
90
82
3
4
4
29
32
31
33
32
63
62
76
80
86
92
86
79
93
88
68
93
86
23
63
82
59
41
32
10
21
20
37
40
51
52
3
43
28
62
19
64
22
21
40
58
73
36
6
14
5
21
14
12
31
10
5
7
22
25
26
23
53
47
36
46
30
22
26
28
51
12
11
12
9
7
6
5
3
31
17
9
5
8
5
11
8
52
53
54
52
37
40
48
44
74
64
75
82
87
84
94
93
137
136
138
92
125
151
49
133
28
110
96
96
78
93
80
101
107
84
65
52
82
84
84
49
100
99
77
78
74
74
75
105
88
66
55
66
51
34
16
13
39
12
3
4
3
22
38
35
38
48
43
33
53
52
57
60
59
50
44
58
71
71
81
74
81
73
93
90
73
72
83
62
73
76
77
77
70
63
61
63
65
76
74
72
81
80
99
93
100
110
104
104
106
84
90
88
71
85
92
90
96
95
110
114
109
70
80
128
103
65
96
104
92
104
41
46
48
97
63
67
76
77
88
79
84
56
66
66
77
72
75
70
79
74
77
71
83
74
76
89
95
102
105
99
112
95
106
85
100
100
97
90
108
110
98
107
85
93
82
79
100
72
105
89
63
71
112
110
106
82
95
85
83
91
82
81
84
90
83
99
95
81
107
102
110
116
109
118
106
115
121
110
92
109
111
101
99
111
101
94
77
93
107
91
81
98
86
96
85
95
93
86
81
104
88
93
88
94
87
101
90
89
91
88
89
71
77
81
77
98
86
98
96
100
95
112
103
96
90
97
99
98
107
96
108
95
95
105
104
96
98
112
98
80
87
77
87
71
92
73
88
84
88
86
85
98
100
81
92
88
87
87
101
94
97
77
87
100
89
90
84
91
94
84
78
97
95
90
98
97
94
106
103
84
90
71
83
100
90
92
94
85
96
78
96
91
84
84
96
88
97
90
111
99
110
102
104
110
109
113
120
101
105
99
84
91
103
101
92
105
95
109
99
102
107
102
101
98
112
96
110
104
91
83
97
86
72
85
94
90
83
72
73
77
81
89
94
86
82
93
92
127
118
136
135
142
125
143
128
142
103
111
123
99
120
110
97
99
105
93
105
99
102
95
112
97
113
101
114
115
106
119
107
95
112
98
100
94
90
107
89
100
96
96
114
105
106
101
117
107
89
111
91
108
87
104
94
100
99
103
91
93
101
92
100
91
104
95
105
99
110
96
105
109
112
113
103
109
103
113
103
118
103
86
61
108
100
81
71
96
86
96
88
91
74
82
81
98
106
99
103
109
116
103
111
105
112
107
123
115
122
122
109
52
102
29
38
92
22
84
59
68
118
5
12
5
15
15
9
6
25
40
36
57
70
72
63
70
83
98
86
106
117
114
120
109
120
104
119
104
110
91
107
81
95
79
90
85
90
78
76
86
63
90
70
74
78
92
93
78
99
99
108
99
120
119
117
111
118
106
118
107
121
111
105
119
121
112
89
75
110
103
67
103
97
106
95
115
101
99
89
79
110
115
113
102
116
116
102
109
99
108
116
104
115
101
109
97
113
104
103
113
92
104
113
103
121
109
104
116
124
119
130
117
109
119
102
114
100
115
97
109
101
109
110
115
105
123
106
93
109
114
114
118
99
111
103
99
100
96
95
97
105
100
93
98
84
85
93
113
94
98
98
104
117
104
111
103
117
107
119
105
93
105
117
114
106
107
99
100
107
85
32
79
39
100
75
109
53
63
94
74
92
59
54
74
74
96
95
112
107
114
114
119
120
106
112
106
109
106
91
97
95
93
78
86
106
91
104
93
101
104
94
104
107
90
93
101
101
88
106
97
102
102
116
118
100
139
121
128
120
128
118
120
127
127
115
113
118
110
113
107
113
105
114
99
111
110
99
114
101
113
106
109
113
118
107
116
108
113
100
115
102
111
99
112
105
114
101
114
107
99
110
113
111
112
93
100
99
111
115
91
103
92
105
111
118
106
116
113
114
112
110
128
113
263
254
265
256
262
232
212
221
252
104
93
250
93
106
86
83
103
86
92
98
90
100
103
97
83
102
91
64
90
85
86
104
112
91
110
108
102
102
77
92
101
88
94
92
94
83
97
89
87
87
103
93
110
94
128
118
142
129
138
125
137
131
135
117
120
106
104
111
90
117
101
113
105
103
122
114
91
112
105
116
108
103
114
90
111
107
108
97
107
94
103
93
92
99
70
98
92
95
111
101
94
83
106
95
105
84
97
106
95
101
96
90
100
99
110
96
83
92
91
95
93
103
108
99
101
97
110
112
104
111
112
99
89
99
120
112
119
108
118
105
117
107
85
102
114
112
98
116
101
101
120
115
107
124
102
112
99
108
101
107
97
103
97
106
102
110
105
109
111
110
108
109
102
109
109
96
84
76
104
95
100
110
99
110
80
107
80
99
91
66
74
55
82
105
98
88
97
97
101
85
97
75
74
72
75
59
95
95
95
87
90
91
88
100
84
63
92
83
29
86
41
49
30
11
32
32
40
61
64
61
63
57
22
24
44
26
11
53
49
10
18
29
44
46
42
59
52
65
72
75
93
104
102
120
117
118
107
111
122
117
122
120
115
118
90
77
34
48
68
97
58
114
38
3
14
11
4
19
29
41
52
60
61
76
86
89
81
110
107
109
92
119
99
126
110
114
90
89
42
41
44
43
69
103
5
15
15
23
29
35
38
55
59
58
73
78
74
75
69
80
83
78
48
63
62
59
33
52
2
7
10
9
22
14
6
21
10
34
33
59
47
56
73
87
85
87
80
86
20
31
27
60
4
5
10
2
3
14
9
9
28
27
8
11
29
40
49
30
8
5
5
38
40
47
38
57
59
55
72
56
70
71
73
61
91
91
111
125
129
124
105
134
125
132
76
103
125
90
109
122
86
88
61
60
62
103
59
120
40
110
59
5
5
5
7
4
32
39
60
48
62
51
64
78
81
88
32
29
34
17
91
64
59
9
5
7
3
11
22
12
27
34
50
65
42
52
34
36
61
68
89
88
88
108
118
91
106
107
103
107
98
134
140
135
121
140
120
123
142
122
131
136
123
136
131
124
131
127
131
281
265
245
253
270
278
271
265
267
273
113
134
126
117
126
118
127
122
121
130
110
116
129
127
116
112
119
119
119
122
114
124
113
111
117
118
115
116
107
117
108
111
118
108
114
121
132
121
126
139
135
119
123
124
115
138
127
115
122
110
131
121
129
112
125
117
128
98
57
83
41
33
120
108
67
70
6
4
14
19
10
32
30
7
34
31
47
30
58
64
60
87
83
75
79
93
79
108
83
106
117
111
117
111
120
126
135
136
129
135
113
121
122
57
70
93
113
96
135
99
97
102
104
38
77
68
36
85
85
100
89
100
108
81
93
105
105
117
108
122
93
43
86
23
120
60
50
74
103
5
20
38
29
29
30
31
33
40
43
25
21
16
17
38
38
52
52
55
66
70
77
80
75
80
78
98
78
90
96
94
96
94
98
94
98
90
103
97
96
98
101
99
99
100
90
93
84
70
111
110
111
99
105
116
119
110
117
95
99
108
108
99
97
108
104
91
107
107
100
107
99
115
98
116
101
118
109
96
112
100
96
113
94
89
106
102
100
101
94
111
97
95
111
96
113
107
84
103
74
99
83
92
92
84
83
100
74
81
87
78
78
85
93
74
94
61
85
79
99
93
108
79
95
101
95
115
101
103
102
89
75
69
96
75
96
82
86
86
92
95
94
97
96
113
98
98
107
110
93
103
112
98
111
99
110
101
90
85
112
96
99
85
99
87
95
89
94
100
93
109
91
103
92
81
103
93
94
81
71
63
49
31
44
29
7
27
40
39
47
47
58
58
75
75
91
91
94
92
106
86
100
94
77
84
104
77
82
89
90
99
92
89
88
96
94
103
85
49
75
78
44
96
88
38
61
88
90
78
70
48
67
67
85
84
104
104
108
99
106
97
80
86
96
99
84
83
88
95
100
101
112
107
111
103
116
109
93
113
92
83
85
93
97
90
98
92
96
94
91
106
93
103
91
86
92
89
98
88
94
84
89
94
101
85
74
94
82
85
100
89
97
97
100
109
103
106
90
107
102
94
107
104
92
107
99
128
120
111
119
131
129
121
133
116
125
103
122
112
115
107
120
109
121
105
116
108
105
114
119
110
115
113
103
97
116
107
111
104
114
111
103
118
104
120
108
123
113
125
113
125
128
115
110
129
120
113
111
123
119
110
119
107
118
96
112
119
112
130
113
113
132
122
114
121
113
113
121
122
107
119
110
117
114
105
118
120
110
115
104
119
111
118
106
117
107
116
107
116
109
113
101
115
124
108
107
116
120
108
121
111
123
114
109
121
121
118
105
113
90
101
83
104
82
92
106
102
112
105
100
90
103
114
123
87
105
112
100
119
120
95
113
108
122
113
124
110
107
120
114
102
115
101
111
114
107
117
120
109
112
120
120
114
124
113
123
113
121
103
90
109
114
102
88
116
108
101
109
106
101
97
90
96
89
90
97
89
100
93
105
99
114
100
115
105
106
113
105
84
98
100
73
89
76
83
105
101
97
102
98
104
77
75
110
96
102
92
65
102
81
88
87
102
84
89
90
73
79
86
97
89
98
94
109
81
90
93
78
121
118
116
104
96
113
110
78
96
96
103
42
62
83
66
33
21
96
71
49
3
21
7
4
10
18
5
7
19
2
4
15
16
28
12
5
25
3
5
19
21
18
36
30
47
45
50
53
33
35
35
51
22
5
8
5
7
32
33
16
38
51
71
66
63
70
82
74
73
68
70
81
93
98
79
84
71
87
86
73
94
93
110
87
99
117
109
110
104
112
113
106
102
114
109
99
115
104
492
467
453
450
439
432
372
480
457
471
8
9
22
25
32
34
25
36
12
12
22
12
12
28
26
28
27
16
28
23
33
5
5
27
24
28
32
30
46
50
64
72
60
80
72
89
87
103
102
103
114
85
108
92
102
92
102
97
96
106
104
74
94
105
110
109
100
99
62
88
92
104
101
92
89
104
95
104
114
117
95
110
103
101
101
107
77
71
59
92
94
47
83
85
87
76
90
88
86
68
63
73
67
94
91
105
97
98
90
99
103
91
104
79
99
91
110
104
98
108
120
114
104
105
115
129
97
109
107
91
82
101
107
100
92
104
89
110
99
113
102
112
113
115
111
115
109
113
98
107
95
86
112
98
105
93
113
98
98
106
111
103
120
104
111
83
92
103
106
95
98
86
95
72
15
55
44
73
17
47
96
35
83
14
24
18
22
14
7
10
23
39
44
28
14
25
14
11
10
6
8
46
23
27
26
27
37
53
24
41
53
5
8
23
5
21
6
4
22
40
24
34
34
12
31
31
10
35
32
23
4
16
19
34
15
11
13
42
41
46
60
49
58
61
48
83
102
78
95
99
67
85
84
96
88
104
100
99
108
50
85
78
61
73
43
99
105
110
97
71
90
66
79
78
96
96
107
98
115
108
96
84
84
74
68
57
111
94
110
37
46
55
56
59
47
68
67
83
83
104
105
116
112
115
108
117
87
106
100
78
95
96
86
80
102
66
90
97
96
93
96
67
91
88
121
113
106
94
94
60
61
64
64
123
107
8
9
23
20
22
4
3
10
10
8
27
27
24
37
50
70
59
56
72
82
82
74
91
72
87
81
58
20
33
41
90
59
5
2
13
26
33
13
56
53
68
66
66
81
70
88
84
97
90
105
101
83
104
96
111
116
102
119
107
126
113
128
110
124
117
119
127
125
84
82
75
70
63
54
54
115
99
6
4
255
269
273
38
54
40
32
59
49
47
31
43
36
35
45
3
13
4
17
6
7
6
34
5
17
33
11
8
5
4
21
57
95
64
102
82
70
68
85
82
68
32
48
16
84
87
69
56
18
3
6
19
20
32
39
48
64
64
145
139
145
22
134
129
115
142
152
154
30
131
12
13
21
22
40
32
45
43
53
53
68
69
69
67
82
74
79
85
81
103
91
87
72
95
97
92
101
108
140
113
132
120
133
132
127
125
82
115
90
100
141
90
101
101
89
97
102
104
120
100
108
93
88
96
105
78
105
92
78
39
26
28
31
60
95
42
90
67
66
7
5
28
26
34
25
33
28
31
42
35
37
29
5
4
24
30
33
35
36
61
61
72
82
82
90
72
71
99
74
106
95
90
104
91
102
100
101
104
104
106
99
98
110
109
100
109
99
110
106
110
108
108
106
108
97
108
110
111
104
110
100
100
111
95
95
107
102
92
94
108
111
109
113
110
103
110
110
102
106
97
106
98
102
100
108
100
108
106
111
100
108
101
110
112
109
97
103
95
108
96
102
107
63
81
94
64
76
98
88
86
96
84
85
89
87
108
92
92
102
105
94
111
109
110
99
106
95
107
99
102
98
87
92
96
88
77
91
85
90
91
94
97
82
74
94
92
99
87
100
92
98
96
113
104
109
102
104
94
84
97
70
103
94
83
95
84
88
101
91
77
94
103
94
104
92
78
102
89
98
83
101
91
102
91
104
99
97
103
87
103
105
100
96
98
87
74
92
94
86
89
87
81
98
90
95
90
101
99
92
99
87
99
88
85
81
80
61
93
48
67
76
85
85
84
89
71
72
73
78
95
102
100
94
90
85
74
101
92
97
91
103
98
100
107
89
92
99
91
98
94
94
97
95
90
90
103
100
91
107
93
115
107
118
106
121
112
122
115
119
111
107
117
99
114
102
108
116
102
114
113
117
115
112
109
85
99
107
101
104
96
114
95
111
102
119
113
119
111
119
109
119
112
118
109
118
107
121
119
115
120
111
118
116
109
112
105
106
108
114
103
115
104
129
122
129
122
125
118
116
125
122
97
110
97
107
94
99
109
99
110
88
111
101
105
99
114
96
108
93
90
82
73
83
106
107
100
107
112
100
110
108
73
102
116
78
72
103
87
92
73
107
113
126
126
148
141
99
124
72
54
100
69
110
96
92
82
58
70
51
53
83
83
99
99
100
90
107
106
120
95
107
100
110
103
107
107
102
109
97
95
102
102
97
99
100
101
96
107
102
99
108
98
104
109
110
110
116
108
92
106
114
90
110
102
111
102
112
98
98
111
98
106
95
70
98
80
97
88
92
84
51
33
96
82
42
70
77
77
90
39
86
45
43
78
79
95
94
105
112
110
108
109
122
107
100
108
101
109
100
104
99
86
106
94
105
99
94
92
109
104
105
104
117
119
113
122
112
105
129
113
105
118
104
110
102
112
104
111
103
115
100
107
100
121
96
107
94
103
95
91
99
78
70
90
90
96
106
95
97
104
114
100
106
93
102
80
103
100
105
110
99
100
103
106
116
92
87
103
96
105
106
99
116
102
98
108
109
107
117
99
110
99
101
100
111
104
101
89
92
91
102
82
65
92
78
71
91
77
74
90
86
75
58
59
67
44
74
87
84
86
85
94
72
51
51
67
68
83
76
77
77
95
93
82
93
99
101
91
89
89
111
106
111
119
120
113
121
108
120
96
111
116
103
114
101
78
97
112
89
107
78
54
102
37
23
73
60
92
39
4
3
29
29
40
48
58
58
71
72
86
79
95
89
102
104
50
103
37
88
81
38
63
70
50
4
8
20
16
7
18
10
32
50
31
26
17
42
35
23
77
69
93
93
65
94
79
57
70
86
82
99
84
102
103
122
107
108
85
98
96
104
116
112
98
103
107
88
98
107
106
103
94
91
100
89
120
111
120
108
108
118
115
67
98
60
89
105
45
20
22
26
30
91
83
66
16
70
4
6
6
8
23
23
34
37
50
54
51
50
51
56
60
45
85
91
79
93
100
95
92
105
88
92
109
95
111
112
107
93
90
103
88
95
112
103
104
96
82
104
95
96
92
98
86
84
76
70
62
63
53
92
109
36
34
32
58
57
78
78
95
95
114
107
123
104
119
110
116
109
115
100
109
97
108
101
105
107
113
112
107
117
117
132
109
111
121
89
104
121
115
100
112
102
105
120
122
101
119
102
117
106
113
120
107
116
118
115
114
106
113
105
110
104
113
103
110
103
103
113
113
108
110
104
104
107
111
98
112
111
89
98
114
102
116
105
113
110
103
112
111
103
116
110
103
116
71
74
49
104
25
95
34
86
20
58
7
23
15
24
46
69
35
30
11
59
43
69
65
14
12
12
7
14
36
35
3
5
16
48
19
11
13
13
49
50
32
30
39
47
57
53
60
57
51
88
75
95
95
105
97
113
97
110
109
103
115
104
118
105
122
127
114
124
126
125
124
112
121
106
115
97
83
111
98
103
106
102
101
90
85
101
89
99
95
92
105
101
96
108
100
116
103
86
118
107
123
102
114
110
117
105
116
115
108
100
108
104
108
59
98
84
79
66
93
101
104
81
73
68
87
86
109
107
100
81
74
70
60
50
42
86
110
7
7
16
17
11
19
24
26
43
37
37
21
43
44
63
55
64
62
74
63
80
77
97
96
97
112
101
111
116
109
116
108
114
112
115
105
114
111
112
105
105
112
112
114
114
111
109
93
108
117
103
119
101
119
104
110
110
127
128
114
102
105
104
97
105
99
92
100
90
99
89
111
101
91
104
105
94
119
105
119
103
115
108
117
105
106
100
113
106
112
107
112
98
110
95
101
72
86
108
103
98
102
97
84
99
90
84
90
89
102
91
99
105
115
99
102
98
108
115
98
106
103
119
116
102
98
114
108
110
117
68
72
94
84
106
98
101
88
108
98
115
107
89
106
121
118
134
126
133
134
127
210
228
218
204
209
208
69
191
199
79
177
99
88
85
78
85
77
64
58
57
70
67
63
70
68
68
71
70
71
72
73
72
76
69
56
62
60
65
59
63
56
55
49
70
67
71
74
67
91
82
89
89
88
77
71
75
80
80
64
71
76
75
73
75
66
64
56
76
58
74
67
75
70
61
75
47
41
78
19
60
35
63
21
4
18
30
11
23
20
7
6
22
85
89
43
97
38
88
42
40
38
30
73
10
36
36
61
56
53
60
67
78
76
99
99
112
110
94
104
106
98
103
89
94
71
82
80
96
89
92
101
106
95
108
106
113
103
112
105
110
108
85
105
92
101
88
74
94
74
82
83
96
75
79
80
92
86
100
94
92
103
109
96
109
98
103
98
101
93
103
83
93
100
93
102
102
88
84
89
78
95
87
91
115
101
109
102
108
116
117
115
124
118
107
101
108
98
108
104
105
98
103
101
101
75
92
81
94
92
89
84
74
82
93
91
73
83
97
89
106
93
100
98
117
104
108
121
85
98
106
78
98
87
97
82
76
89
97
96
84
86
92
77
82
96
92
86
90
97
110
100
100
114
103
94
112
106
99
95
101
102
89
105
89
97
106
105
98
102
95
101
90
98
87
99
89
82
93
96
87
91
97
78
84
97
92
95
86
95
92
96
87
103
100
97
109
86
107
100
97
95
79
78
90
81
89
90
92
93
93
104
93
83
81
101
99
86
93
86
93
93
81
88
86
84
74
80
89
80
81
89
89
89
90
105
96
90
104
99
94
104
94
102
100
92
101
93
75
79
96
91
62
80
89
91
78
87
75
84
71
86
86
97
79
88
92
88
84
90
82
96
68
71
79
85
81
74
78
85
89
79
96
88
85
85
105
95
98
107
107
95
105
89
98
115
94
108
97
105
77
88
86
95
86
100
95
99
97
97
88
100
99
104
111
106
99
95
105
107
102
83
105
97
94
88
87
98
85
95
88
95
87
88
98
104
93
93
97
112
102
109
94
109
96
103
109
112
98
102
99
110
107
89
88
80
105
92
102
90
75
55
52
99
54
32
21
71
40
89
4
4
12
14
28
31
40
39
59
57
57
59
84
77
76
110
109
116
94
95
96
115
107
110
123
90
101
112
106
95
101
91
90
95
97
90
101
92
107
104
106
101
81
100
78
93
95
89
90
93
86
92
91
91
77
98
92
100
93
96
100
104
106
103
112
98
96
69
80
80
73
98
96
90
98
101
98
96
88
125
90
101
82
92
96
124
94
96
118
103
109
121
111
134
131
141
137
103
78
93
121
132
104
118
95
102
92
99
79
69
87
86
99
99
99
87
91
111
93
102
95
106
99
99
85
95
102
85
93
108
105
93
101
108
121
113
102
87
108
100
83
54
75
60
36
109
24
102
3
3
18
8
12
33
32
28
32
36
40
27
41
60
51
61
60
75
73
77
78
98
97
102
110
109
102
112
106
118
109
116
110
120
116
119
117
115
111
98
110
113
103
117
110
122
119
120
116
129
110
122
109
117
109
113
104
106
114
114
105
114
103
97
108
111
100
116
93
113
102
116
107
122
121
116
107
121
107
105
111
108
94
91
86
72
101
93
91
95
90
101
97
101
86
99
99
110
99
113
105
112
104
110
103
110
104
105
96
100
95
76
91
101
95
107
78
95
90
100
86
56
98
26
28
69
55
79
29
41
17
24
16
12
20
19
19
10
26
23
40
53
44
76
66
64
55
65
42
52
75
57
23
82
98
95
64
55
56
58
59
59
94
93
113
99
70
91
101
67
100
110
58
106
99
116
99
87
109
88
113
89
106
106
113
104
115
51
100
80
30
80
69
38
72
4
25
19
19
21
26
19
23
4
3
3
6
11
9
10
13
33
37
53
29
24
14
26
44
43
33
56
54
68
65
75
66
80
86
74
96
68
60
97
86
111
91
103
80
47
95
72
71
87
87
107
99
102
99
99
91
50
77
82
70
99
94
89
96
96
97
95
111
77
94
94
105
98
106
104
110
103
107
99
105
95
84
100
76
103
95
90
89
95
98
91
94
92
94
102
108
103
113
104
114
101
118
112
119
107
116
119
103
93
115
109
93
77
87
100
68
92
90
64
58
73
87
57
95
94
104
102
103
107
88
87
105
104
105
102
107
105
99
100
109
109
99
105
100
109
102
96
108
89
20295
20272
20287
20292
20273
20291
20266
20266
20343
20634
393
384
382
399
399
437
437
434
418
159
139
149
131
140
79
148
82
79
55
100
55
77
73
45
6
5
13
20
9
7
34
37
22
15
41
13
19
8
9
23
19
3
4
14
3
31
28
24
27
52
27
25
63
15
59
65
73
38
4
1
10
5
24
14
12
15
43
48
46
42
56
63
87
82
63
61
57
57
57
56
57
53
78
9
8
6
10
13
14
16
24
29
27
24
20
6
5
2
26
41
54
6
5
10
25
49
51
68
60
71
77
75
76
73
38
62
46
11
7
12
10
5
3
14
7
9
12
15
39
32
37
32
34
29
11
16
39
8
8
14
28
21
6
4
23
35
39
45
44
51
74
87
85
98
101
76
94
56
79
67
94
85
64
107
96
53
73
73
87
89
89
109
118
131
109
122
133
115
92
113
115
108
142
134
130
130
129
122
121
143
151
147
114
119
129
128
128
121
97
138
109
119
107
107
118
114
96
92
63
103
71
73
50
105
96
104
99
106
105
87
84
101
89
92
99
100
94
100
99
98
93
100
92
87
92
98
91
96
93
97
95
89
102
92
98
82
97
96
97
89
90
101
98
92
107
96
97
93
88
70
85
78
86
74
77
86
94
85
100
91
88
86
98
91
85
92
95
83
86
88
88
96
98
94
103
99
107
101
113
110
117
102
116
104
105
97
110
98
105
107
94
105
93
110
106
111
109
108
98
110
98
93
107
100
98
105
97
111
106
94
111
109
100
102
101
91
95
104
103
96
102
92
92
102
93
99
95
85
77
82
96
82
95
89
84
99
86
90
94
86
98
97
96
97
91
96
89
91
94
74
91
82
82
93
80
78
87
86
82
96
75
90
95
83
98
96
91
97
89
77
87
97
88
76
81
83
82
90
88
92
77
103
104
104
106
109
102
94
47
108
90
68
25
52
62
37
22
80
78
49
49
58
60
66
62
66
54
78
16
85
60
85
19
43
6
8
5
30
29
47
56
54
67
55
55
55
53
69
85
77
87
97
96
127
123
112
130
108
108
124
117
102
101
115
90
98
107
96
101
110
101
95
111
105
103
117
96
98
110
108
105
92
102
107
112
97
97
96
106
95
107
93
105
95
109
109
118
116
105
98
103
97
104
91
107
91
103
115
101
112
115
112
105
112
110
108
115
101
105
101
109
97
96
109
105
94
101
98
112
112
99
116
98
109
107
118
115
115
112
112
109
114
105
115
112
117
115
101
117
108
115
101
102
116
93
111
95
103
96
109
97
57
108
94
77
92
108
103
111
109
89
114
95
93
78
80
102
89
92
104
105
104
107
105
99
101
97
75
85
105
92
84
89
83
92
76
74
75
90
97
91
98
114
100
116
109
124
121
122
129
128
113
145
107
118
85
82
65
67
62
53
49
43
100
107
6
7
3
7
17
29
40
45
41
49
66
57
60
66
83
86
67
70
82
33
77
43
8
19
20
39
40
51
49
30
21
27
31
35
16
10
4
7
5
6
13
12
22
44
43
36
19
18
15
29
29
43
20
24
17
14
20
8
4
14
24
28
34
53
63
59
60
44
39
57
42
45
55
22
37
9
5
9
8
23
21
27
26
23
39
54
55
50
52
55
54
58
47
67
41
69
49
71
81
92
76
83
95
61
76
82
77
98
96
70
69
56
83
98
103
80
105
108
100
100
91
92
92
85
76
71
75
76
93
97
77
74
83
81
115
104
122
121
133
134
119
109
142
92
115
108
113
103
112
100
112
114
120
118
113
106
117
109
118
112
117
107
123
130
131
122
131
123
132
130
108
133
111
121
119
113
95
110
103
114
99
114
112
106
90
102
126
107
121
112
117
109
119
116
113
105
102
106
98
94
98
96
105
87
107
94
112
96
107
101
97
117
86
110
112
83
116
79
87
97
114
103
97
100
66
83
75
52
72
68
73
84
83
83
114
88
103
103
105
87
89
103
101
69
110
109
97
116
80
112
110
112
102
101
96
130
114
130
120
125
125
125
109
116
116
115
106
132
100
24
91
117
43
92
65
104
56
9
10
9
9
3
5
5
4
18
25
34
33
46
42
39
32
46
43
58
61
47
51
65
56
53
85
82
95
91
99
90
93
89
105
105
104
113
110
107
113
108
111
98
111
110
111
101
108
100
105
102
92
88
103
106
101
112
113
110
107
114
85
112
105
106
105
116
115
107
107
115
116
115
120
112
113
122
123
116
122
108
123
114
117
109
116
106
112
106
112
102
112
103
111
114
101
113
105
113
100
104
100
87
99
66
34
81
48
55
87
53
19
29
3
6
16
7
14
10
17
14
13
32
25
12
21
37
37
75
36
54
42
49
70
70
88
88
109
100
115
106
98
96
109
98
106
96
101
94
97
90
100
105
101
93
91
102
106
93
111
96
103
100
93
110
104
104
114
105
98
112
121
110
115
102
122
106
116
105
121
120
115
112
117
109
115
108
116
105
118
112
120
110
112
115
119
112
119
111
119
105
106
120
108
110
101
101
109
101
116
117
105
111
114
117
114
117
109
117
108
107
110
126
128
124
113
128
115
131
128
121
97
133
96
111
104
100
108
105
98
89
89
105
104
107
112
101
109
99
99
103
103
95
103
104
97
107
100
102
115
118
121
123
115
124
115
113
122
122
84
94
75
106
110
104
100
104
96
108
106
113
107
89
93
89
100
102
87
101
93
101
102
108
96
121
114
122
129
115
130
137
126
132
113
106
95
89
73
65
60
50
115
24
13
17
10
16
15
15
3
18
16
24
33
37
20
19
52
68
81
43
46
57
78
38
41
18
88
62
22
92
74
88
90
115
103
72
105
107
105
121
112
95
88
70
56
44
45
41
29
9
4
3
14
15
26
14
26
7
4
4
18
25
23
25
42
60
57
60
103
85
105
105
117
117
134
126
123
101
83
125
75
113
111
88
104
91
97
72
98
96
84
82
107
122
114
95
127
77
87
60
108
57
120
99
76
78
42
68
73
65
28
69
57
71
45
71
74
19
4
8
16
7
19
17
5
26
31
31
41
30
41
72
80
33
37
42
71
81
39
51
43
109
100
110
81
74
100
115
116
138
132
143
134
145
147
125
137
135
127
130
122
132
108
74
121
47
26
50
113
101
59
89
108
89
54
54
78
77
98
98
115
116
118
116
110
113
106
100
105
110
149
137
152
141
144
140
152
154
152
85
73
53
60
94
107
98
102
78
50
51
50
74
81
81
106
107
126
118
125
101
113
122
117
92
112
109
167
151
158
169
167
166
120
70
63
56
57
143
136
140
9
12
15
12
17
9
39
20
15
16
31
18
30
5
22
24
42
65
62
63
62
86
81
83
93
103
102
117
126
103
122
118
119
108
122
108
122
119
150
136
151
149
153
138
156
85
92
36
147
47
101
87
59
130
79
98
104
109
105
127
128
72
85
104
104
125
114
114
113
330
317
335
322
323
71
31
52
317
309
285
336
296
45
4
14
9
7
11
25
15
25
16
13
43
64
60
41
59
73
65
75
78
67
27
44
77
45
48
74
24
10
10
22
21
28
18
27
26
35
32
45
41
61
59
63
61
81
80
97
97
109
100
105
96
108
101
106
95
95
107
93
85
105
103
91
77
85
97
95
86
75
88
100
94
77
95
89
94
101
93
93
95
87
103
100
94
104
92
103
94
96
101
96
96
102
108
96
108
98
107
78
88
100
98
92
101
94
102
95
103
114
118
99
111
102
107
105
105
98
100
91
102
100
101
98
103
100
103
98
107
105
107
101
100
104
90
85
92
89
94
87
93
83
95
85
95
103
95
95
114
105
104
95
107
96
93
103
106
93
98
89
101
77
79
96
86
67
78
95
85
93
81
96
89
89
83
111
103
91
104
96
81
99
92
97
103
85
79
97
94
93
101
94
82
96
93
96
85
91
81
81
84
91
81
90
91
86
97
102
101
90
110
104
106
101
72
63
88
80
90
85
92
87
97
88
74
74
92
92
82
94
101
84
99
87
98
74
96
94
99
82
95
101
98
111
102
83
90
112
80
95
102
88
79
93
91
90
82
101
93
93
93
105
103
110
112
105
84
98
89
105
93
105
103
92
88
100
94
103
106
94
103
100
102
86
87
95
106
98
88
100
81
88
100
102
100
110
82
89
101
100
101
84
100
92
90
100
95
89
96
89
67
75
102
94
92
106
90
102
100
108
88
96
98
86
95
77
82
98
93
82
102
97
92
90
79
107
91
85
58
95
75
103
43
51
68
75
40
5
61
66
38
42
51
63
63
83
83
96
97
115
97
107
90
89
102
93
95
87
94
71
87
84
74
75
88
101
91
88
95
94
94
89
111
101
93
99
101
92
95
83
89
97
76
98
88
93
99
102
101
118
96
97
96
112
98
111
107
115
104
109
102
62
43
114
78
35
52
34
74
86
71
50
62
63
76
78
75
105
93
107
99
99
109
106
101
106
105
54
50
43
40
90
71
82
67
5
3
3
3
4
34
45
48
58
56
52
53
38
44
47
32
49
61
57
40
42
57
53
62
63
82
80
100
99
105
114
87
114
101
102
116
83
102
97
84
113
112
100
105
95
92
97
96
105
95
98
95
90
91
102
106
96
84
99
96
109
100
93
112
102
92
99
78
93
88
94
79
85
94
94
97
90
93
104
88
98
104
103
91
97
88
84
101
78
102
92
97
90
95
100
87
104
100
116
102
114
108
123
124
123
116
134
107
116
102
136
122
132
121
128
111
114
94
105
94
106
104
99
103
101
105
93
90
86
98
108
97
110
97
105
106
105
113
106
97
101
105
101
103
76
23
55
82
36
111
50
64
23
95
67
21
38
38
60
61
78
77
95
94
113
101
117
102
114
95
107
117
109
110
102
111
104
107
113
104
81
99
53
87
75
62
37
106
34
3
14
27
19
45
20
38
37
40
18
55
48
57
23
43
54
53
76
67
79
77
93
93
113
112
124
116
124
116
120
106
95
83
127
293
305
281
299
291
292
289
278
274
295
108
107
111
95
105
112
120
108
115
107
123
119
113
105
120
110
118
106
120
131
113
113
131
134
115
121
113
115
130
119
107
120
116
107
116
119
104
121
112
114
120
121
110
110
118
102
93
114
108
95
93
78
114
116
105
105
101
93
109
71
75
75
89
95
90
102
112
103
122
114
120
111
121
130
127
110
120
115
106
121
119
113
100
104
96
87
71
76
118
116
100
112
110
93
98
98
93
79
74
87
99
93
98
110
102
112
113
103
116
99
125
104
99
105
99
114
109
90
105
109
114
100
110
104
122
110
120
125
110
125
106
122
104
111
105
92
102
92
102
97
103
112
111
110
107
113
113
98
111
102
111
104
117
108
111
117
119
117
123
100
107
118
104
111
102
107
106
96
119
107
84
92
87
96
109
96
104
95
100
102
109
118
116
124
108
111
104
112
112
99
102
95
108
109
90
99
106
109
97
105
83
80
96
66
110
102
106
117
112
81
81
122
109
109
119
111
120
110
106
102
116
118
115
96
114
120
103
112
96
111
103
100
106
104
101
95
106
97
108
97
97
90
102
87
89
97
91
94
83
85
98
91
94
93
95
86
97
96
74
92
89
93
90
99
63
75
92
59
88
85
85
80
93
92
101
104
107
105
121
102
121
110
117
102
114
74
106
82
93
94
81
94
82
78
87
67
65
67
84
78
94
89
94
82
93
89
96
89
101
88
101
93
102
107
103
82
94
98
82
98
86
19306
19321
19327
19414
19404
19418
19419
19440
1290
1170
20510
1160
1155
1257
1122
20510
1134
1139
8
10
5
18
21
40
41
39
67
64
59
70
68
58
62
96
35
57
67
5
21
31
44
53
62
74
61
35
37
20
47
23
33
70
66
3
11
23
15
14
22
22
15
27
27
17
32
38
35
31
38
55
53
21
11
11
17
11
39
44
31
35
35
55
17
58
23
7
18
6
30
35
41
33
37
37
51
55
24
39
32
27
38
48
33
41
3
3
2
2
18
19
24
25
32
45
45
64
65
81
75
91
89
97
97
110
84
105
100
90
77
86
98
93
102
90
101
94
104
89
103
103
106
95
96
110
105
94
91
97
89
102
105
106
94
109
100
114
106
109
117
97
105
115
109
102
90
101
103
115
116
118
82
104
102
107
80
66
82
82
98
84
75
74
76
99
87
100
95
95
102
105
98
98
103
94
93
97
91
90
91
98
89
98
95
103
98
102
100
99
100
109
99
97
95
98
96
82
94
87
95
95
93
90
99
95
91
82
88
95
89
102
78
86
98
89
92
72
77
79
91
76
83
69
85
85
95
75
96
93
96
96
110
99
111
112
109
112
110
100
95
106
102
94
82
96
89
96
86
73
89
71
85
72
68
91
84
80
82
81
97
73
84
81
81
98
92
92
85
104
99
83
97
103
102
74
71
39
93
28
82
47
19
69
4
4
22
9
23
23
35
24
45
61
50
60
63
65
59
62
59
66
66
73
66
79
77
64
82
87
96
83
105
82
88
97
91
104
97
115
102
103
90
107
100
97
105
79
98
91
101
87
96
85
93
99
105
109
96
109
103
112
94
99
106
89
107
93
108
93
106
95
100
96
106
93
101
99
93
100
106
98
103
101
111
89
108
105
100
105
93
105
96
85
94
94
106
104
119
97
101
95
109
101
96
81
91
86
98
91
98
100
99
111
93
109
109
71
107
80
99
103
81
73
100
96
105
91
95
103
108
91
93
110
104
106
85
104
83
86
102
100
95
87
93
95
119
104
122
105
100
113
110
103
93
90
98
97
89
88
100
116
98
110
103
112
111
98
116
115
104
107
108
95
107
99
105
102
102
114
116
106
121
104
105
115
117
103
104
114
110
95
116
97
107
98
94
100
91
79
58
99
88
60
86
90
100
88
105
90
83
77
98
97
98
112
105
111
111
104
120
118
111
91
52
37
29
65
19
102
69
80
10
14
8
12
9
4
6
3
13
13
6
19
33
35
32
41
23
61
54
73
75
73
68
92
83
100
98
116
100
92
117
98
115
108
124
106
112
107
114
107
119
109
122
110
117
106
121
110
116
104
113
107
112
112
105
125
77
90
111
104
103
97
115
97
94
79
87
96
95
77
88
95
97
109
95
92
95
110
100
94
115
100
107
99
108
100
120
119
133
132
106
104
111
104
96
108
109
96
104
111
113
115
124
122
98
115
108
118
107
82
103
74
96
102
95
105
95
107
103
111
103
120
100
94
80
109
100
105
96
89
103
98
89
85
81
84
102
85
92
103
95
104
97
110
109
102
118
115
108
109
112
114
106
104
109
96
106
83
96
91
105
95
111
109
97
99
117
86
101
115
111
102
104
90
114
118
112
113
121
107
112
119
115
85
92
103
92
107
100
114
103
106
101
107
116
125
112
120
107
120
112
102
72
34
114
39
80
21
57
51
112
11
23
23
21
23
37
27
4
5
28
9
11
6
4
15
14
23
34
49
34
35
92
90
36
59
89
34
26
11
94
39
49
95
4
2
5
13
12
29
21
27
41
45
43
61
69
67
79
77
85
64
68
91
52
89
82
30
44
12
13
11
13
7
10
4
6
6
4
5
27
9
13
12
9
20
3
14
3
12
17
42
26
34
32
18
30
20
27
20
5
15
29
32
34
29
37
18
19
17
27
24
39
37
53
63
71
71
73
60
71
57
95
87
99
109
99
101
114
110
112
143
132
135
110
133
130
137
94
102
118
117
112
113
114
113
124
104
118
96
88
105
106
108
97
101
98
107
98
102
95
111
99
104
94
87
101
95
106
92
99
94
95
101
109
102
107
108
104
114
116
113
101
115
109
100
116
106
109
111
91
113
100
115
101
98
85
101
69
79
96
82
102
92
99
105
113
67
99
102
94
92
110
94
92
82
107
94
93
113
95
101
73
87
58
78
102
102
98
99
97
92
91
86
89
92
107
94
109
105
103
108
100
105
112
126
101
97
88
111
85
87
104
101
95
91
84
89
79
93
91
96
91
89
99
92
105
106
93
93
92
85
96
100
91
93
102
108
100
101
110
111
111
113
93
108
107
81
94
93
98
92
96
75
78
95
94
80
88
83
94
94
92
94
74
91
85
98
83
92
99
85
82
96
73
84
97
106
92
94
95
97
103
100
93
97
104
102
91
95
107
103
83
91
98
90
95
103
90
105
96
105
103
104
101
104
95
101
89
102
90
101
99
87
85
91
103
30
78
51
55
70
40
