59
26
49
278
259
252
250
259
31
323
101
98
319
323
65
15
80
34
13
12
12
15
74
16
6
7
11
18
14
4
24
19
72
12
25
6
9
23
58
46
74
64
78
73
94
90
108
90
110
114
109
120
143
134
136
105
141
99
33
72
87
117
40
99
3
4
25
9
21
38
38
24
43
58
70
46
36
18
25
14
50
53
38
21
71
34
6
8
23
18
8
36
48
42
53
64
62
79
71
85
90
89
91
91
98
121
112
121
109
134
125
139
137
103
116
92
73
53
50
49
103
92
140
4
15
19
23
25
12
28
31
37
22
11
12
22
14
30
26
10
4
3
17
32
35
40
35
67
76
77
78
96
101
96
108
99
103
98
106
87
100
107
93
90
72
90
92
86
98
76
94
87
86
86
101
91
99
91
99
94
95
94
107
94
110
99
110
104
106
104
103
102
94
100
82
93
88
89
103
111
93
105
98
94
53
109
96
46
70
51
93
81
78
87
75
77
100
99
95
91
105
96
100
81
98
103
93
86
93
97
90
105
98
112
88
94
84
95
88
90
84
90
84
88
81
85
89
90
89
89
95
93
83
89
94
91
81
84
78
89
80
88
88
83
87
81
94
88
81
85
88
85
91
84
91
93
95
94
95
87
94
83
92
86
86
95
90
84
84
89
88
73
80
70
90
78
87
81
80
74
72
93
86
96
78
90
94
95
86
97
100
76
82
75
85
68
83
77
84
90
86
80
81
88
60
79
83
80
66
76
83
71
79
72
65
76
70
71
71
75
76
72
82
86
80
88
87
94
95
87
57
78
96
56
85
72
81
69
83
75
86
87
70
87
86
83
94
86
84
80
81
88
85
89
85
4794
4790
4769
4761
4778
32
27
27
4789
4779
4751
43
4776
7
7
25
23
25
39
32
47
53
63
69
71
65
70
70
67
61
73
84
75
80
74
86
86
90
73
86
88
81
100
76
88
94
93
97
93
90
101
104
96
97
80
96
85
80
3086
86
3069
33
3100
3097
3080
75
3104
3071
3064
134
84
152
182
102
79
90
85
97
97
77
88
88
89
105
107
688
682
671
678
681
679
667
669
672
686
8
86
86
118
112
123
126
128
122
112
100
169
107
101
100
118
109
113
110
114
2602
98
2587
2576
2579
2575
2572
2611
2574
2580
64
8
15
9
45
18
34
16
54
13
3
4
4
9
13
6
7
5
11
5
8
8
20
6
4
7
26
13
22
19
27
18
17
5
27
11
4
27
33
22
22
19
37
17
2
41
25
22
34
7
6
71
53
63
55
67
44
73
66
63
55
94
85
104
98
117
119
113
136
135
187
172
180
159
171
157
162
159
124
111
101
112
106
105
112
110
86
74
90
101
86
104
113
101
179
169
192
185
148
199
182
198
157
114
100
107
93
95
93
95
107
99
98
87
94
75
84
87
82
82
86
92
95
93
99
82
99
99
91
100
104
95
97
96
90
91
100
91
95
92
101
79
93
93
93
89
93
101
110
91
94
80
78
67
99
95
89
34
84
70
34
94
34
31
65
80
96
90
82
59
68
61
61
88
87
100
106
100
81
94
103
87
97
99
108
93
98
89
98
105
100
96
109
101
96
89
109
99
97
97
109
104
109
104
112
92
102
97
84
93
99
93
99
75
100
87
89
71
84
76
85
74
82
84
78
75
76
89
89
87
77
88
91
79
93
78
75
91
79
67
91
90
75
93
82
87
82
73
86
64
57
76
81
27
58
29
82
43
45
51
6
6
23
10
21
38
37
23
43
29
25
10
50
22
11
28
12
16
12
22
23
39
36
47
44
51
41
55
37
12
33
53
14
40
5
17
6
19
7
4
14
28
35
44
47
48
58
62
67
68
94
91
99
89
104
109
93
112
116
93
78
96
108
95
109
98
111
102
109
115
118
110
116
109
100
107
100
103
95
99
115
111
98
112
100
112
104
114
115
103
114
111
104
104
112
101
109
87
100
90
93
106
99
91
107
93
109
106
110
102
98
108
98
105
85
109
93
109
98
107
100
93
103
93
107
98
102
116
109
111
113
106
114
108
99
118
126
93
101
113
104
111
114
112
104
103
114
107
105
111
73
101
86
75
96
85
94
89
84
89
72
49
72
94
67
72
60
101
87
92
70
51
51
88
59
62
62
91
77
94
85
97
109
110
121
108
114
101
112
107
93
108
96
105
90
97
83
101
84
85
99
107
94
103
107
86
96
80
88
103
102
106
89
83
101
92
105
93
114
102
114
98
117
117
109
117
111
101
109
111
111
121
110
120
116
126
112
127
109
112
110
109
114
121
110
122
110
125
114
128
108
123
111
104
117
118
112
118
115
120
113
119
116
96
107
117
115
102
100
111
96
87
109
86
105
103
93
108
95
107
97
119
106
112
108
114
111
119
112
113
106
113
114
116
103
114
105
114
107
116
103
113
101
117
106
117
109
117
107
123
116
125
117
123
115
116
123
121
106
119
109
112
105
112
100
106
115
114
106
113
106
118
125
106
120
105
115
106
113
101
109
120
117
110
119
108
120
126
112
118
104
118
103
103
107
102
109
100
114
101
113
98
107
107
87
92
111
96
91
89
97
90
76
94
87
92
94
94
105
89
91
82
97
99
73
83
94
67
88
98
92
100
75
110
87
72
85
89
91
78
98
77
87
96
83
117
111
127
118
104
115
111
99
106
118
94
87
97
78
97
104
109
101
86
103
99
106
98
118
106
94
51
43
75
108
81
90
115
79
60
89
91
105
78
97
97
100
108
110
85
90
97
100
87
95
101
105
104
103
92
94
103
94
110
94
105
96
106
103
94
87
105
96
103
80
95
92
92
101
99
104
90
98
94
107
93
104
92
105
78
82
71
99
95
88
101
85
7340
7303
7325
7344
7373
7395
7342
7406
7397
7414
172
142
153
111
127
76
48
85
27
29
27
32
55
27
169
29
40
4
13
8
7
31
26
43
48
59
69
71
76
87
97
82
102
94
91
101
106
99
106
85
42
69
58
5
13
11
16
42
35
10
21
41
16
14
27
22
29
9
25
43
8
43
5
5
21
19
11
35
49
52
42
59
58
71
75
70
94
87
101
95
117
105
111
103
118
134
119
116
110
126
116
163
156
151
161
154
143
155
141
133
53
26
106
167
63
40
98
88
85
34
66
15
13
39
48
49
67
48
50
91
99
101
115
114
135
127
131
109
119
111
120
112
115
108
98
111
99
109
97
105
82
100
93
109
99
111
101
115
107
121
110
101
120
109
101
100
112
124
104
123
110
124
105
115
98
112
104
113
103
91
100
100
88
110
99
111
97
104
84
93
101
111
89
96
107
97
75
88
86
106
105
88
96
103
100
77
69
105
84
108
91
98
97
105
107
106
93
110
108
94
92
104
102
81
84
99
85
97
91
98
91
100
97
106
99
106
102
109
103
108
100
107
86
94
93
106
106
92
98
93
104
93
89
88
96
79
86
98
97
90
87
99
106
98
106
107
97
109
98
96
107
110
119
102
83
72
94
118
108
105
82
93
80
97
85
100
100
97
102
96
75
84
99
85
89
84
90
90
95
93
79
97
85
92
87
93
88
79
78
94
82
72
97
71
80
94
80
84
94
94
104
106
113
104
109
103
110
101
110
109
116
107
109
118
107
113
96
112
105
123
99
111
100
94
104
102
94
96
89
97
89
57
79
76
94
88
52
100
88
102
96
99
97
111
111
79
124
105
101
86
89
91
73
86
77
80
56
89
79
88
95
79
88
100
96
74
78
100
107
116
103
119
106
111
114
89
112
101
92
100
78
87
95
93
96
95
109
105
115
105
111
96
112
114
123
102
107
126
100
90
93
98
101
100
122
118
107
110
115
122
112
129
124
109
121
111
115
110
121
111
120
110
101
117
109
101
109
97
112
104
111
98
114
103
110
98
108
103
106
92
89
103
97
88
98
80
95
96
89
96
91
104
98
102
107
112
104
97
91
92
90
113
101
86
95
102
102
102
87
111
89
103
93
102
97
98
109
109
110
103
87
94
98
105
97
63
81
72
59
34
17
82
66
102
108
9
8
25
23
15
26
43
55
57
62
53
28
47
59
27
13
49
61
51
5
16
30
22
37
47
49
41
45
55
64
68
68
64
54
27
56
30
42
50
65
12
6
22
34
23
35
42
46
12
35
22
41
32
56
24
15
18
18
20
24
25
70
65
80
78
100
101
110
50
102
66
68
95
93
83
91
103
61
97
83
77
68
93
100
106
93
121
113
115
114
119
111
121
118
125
117
107
109
131
122
141
133
121
132
109
79
136
76
122
110
42
51
103
87
88
37
35
31
69
21
36
35
49
38
4
26
38
49
41
40
35
36
75
75
82
94
95
110
106
122
92
108
107
116
91
124
101
116
108
91
100
79
108
99
99
116
111
109
114
90
111
110
122
109
116
106
114
120
82
97
96
102
104
93
109
99
111
95
98
120
104
104
114
114
101
112
107
113
107
99
118
105
124
109
121
117
117
126
127
120
106
119
83
43
116
30
107
70
61
93
50
20
11
18
20
39
29
22
26
37
53
76
73
49
43
28
26
46
73
24
4
24
21
25
51
50
47
48
62
75
66
67
78
93
92
94
43
18
87
18
82
57
84
26
18
79
93
4
3
19
25
11
36
28
38
7
26
13
23
12
32
46
56
57
69
61
77
63
92
97
87
90
89
98
98
81
89
93
90
84
84
85
92
100
84
99
96
106
118
99
106
117
95
128
126
109
100
123
82
84
102
119
116
103
102
94
72
78
95
97
112
103
84
92
106
91
105
104
87
103
86
105
97
100
112
103
84
97
105
66
51
87
43
80
25
27
57
93
5
26
24
29
40
41
55
60
37
32
25
34
51
58
6
15
14
9
39
37
37
41
30
23
51
47
43
53
25
27
4
18
18
19
15
16
16
4
4
5
19
6
21
22
39
54
64
61
60
46
60
44
59
50
47
64
64
78
95
90
95
59
74
72
98
112
111
133
124
129
142
131
124
143
111
111
96
106
92
99
91
109
120
103
122
109
109
120
93
111
109
107
110
101
108
100
97
81
112
99
38
104
35
78
43
85
76
60
48
4
8
4
7
30
27
51
33
67
50
66
70
69
87
92
91
102
101
114
104
110
88
88
71
105
64
83
101
110
96
103
110
59
88
77
91
84
98
96
79
91
96
82
84
84
95
104
101
89
93
103
91
104
98
113
108
99
104
102
112
106
108
107
108
130
125
114
116
116
118
135
130
121
118
107
121
107
117
97
83
74
112
95
109
80
93
106
94
72
94
93
114
108
112
121
122
108
124
109
120
111
120
98
106
106
116
131
114
108
122
120
115
112
115
126
120
82
74
95
101
108
103
118
96
117
198
210
201
208
200
221
211
223
208
217
154
142
152
136
133
122
121
113
64
49
140
156
6
41
44
43
58
41
41
39
123
124
135
136
134
86
99
97
111
105
92
112
112
123
121
154
136
138
56
104
77
127
41
91
129
120
5
6
24
8
22
40
18
26
37
9
8
28
37
24
38
55
64
71
62
80
39
48
50
36
77
79
47
108
105
59
56
65
58
76
71
70
90
88
108
101
118
103
106
105
121
111
111
118
116
113
118
111
119
111
116
103
117
114
90
97
116
52
44
117
75
22
30
68
11
26
23
42
49
38
19
28
33
3
16
8
13
4
7
11
3
29
35
25
43
54
50
48
66
51
54
73
16
35
41
26
5
2
17
14
15
25
25
7
15
34
24
4
3
4
18
12
21
18
23
8
22
26
42
28
28
34
30
46
27
18
31
27
32
43
4
4
22
18
6
5
3
9
4
19
28
15
8
17
4
13
5
14
4
9
13
26
36
38
41
41
43
54
54
58
68
68
57
54
42
40
30
48
43
45
35
5
4
6
13
19
19
22
25
18
6
5
24
21
9
3
4
13
4
3
16
16
13
20
17
6
23
31
39
38
59
75
65
64
65
86
100
98
104
75
71
103
104
101
104
111
114
111
56
59
56
51
44
40
99
118
87
127
3
6
4
8
4
28
40
19
19
21
19
7
8
11
9
4
4
20
23
36
33
124
121
135
149
148
166
81
168
83
94
112
121
130
98
48
113
103
52
90
67
52
84
4
5
7
3
32
21
8
19
8
17
18
4
3
4
33
21
48
47
60
43
79
79
27
35
85
68
41
76
93
50
75
11
18
11
13
37
37
62
66
64
78
77
101
99
112
113
104
103
131
118
122
118
120
130
118
124
131
111
97
116
122
99
100
104
108
102
128
120
116
117
122
110
117
128
118
98
85
84
99
81
65
87
96
87
97
84
91
64
63
65
86
80
82
95
98
87
91
74
101
98
102
101
94
96
113
113
101
116
105
98
109
110
112
98
86
93
104
99
105
105
98
97
107
93
93
103
95
81
101
91
97
87
100
88
77
91
84
89
71
73
92
85
95
87
92
89
90
72
89
96
96
95
96
92
96
95
95
95
66
85
77
104
95
93
78
87
93
84
90
67
81
81
96
89
97
103
102
100
83
95
94
110
92
104
90
92
105
91
103
103
94
94
101
92
104
101
72
71
71
54
54
86
79
42
85
50
86
77
57
43
45
60
60
70
70
87
80
98
94
103
92
92
92
96
103
101
94
96
85
92
88
94
99
89
93
102
87
97
97
86
89
97
86
72
79
64
84
70
90
85
97
96
102
108
109
117
111
98
104
94
106
85
96
83
76
80
100
91
82
90
78
84
82
84
94
49
74
26
20
67
58
39
43
31
31
83
64
65
62
103
104
120
119
120
118
113
102
88
91
103
100
95
96
88
81
100
93
111
98
90
103
94
82
89
83
101
89
81
97
85
103
86
78
94
88
65
61
98
93
109
94
108
97
113
96
108
107
97
103
72
86
34
56
93
47
75
63
104
38
4
4
3
15
25
47
42
50
45
56
59
70
69
79
87
93
69
92
95
71
63
59
36
10
49
66
78
4
8
3
14
17
13
32
30
36
9
13
32
31
27
23
35
16
33
26
33
32
7
16
21
8
10
21
40
33
28
33
26
35
29
26
77
86
8
41
6
83
24
5
4
5
13
6
4
16
25
35
27
32
46
42
57
46
61
56
71
82
74
94
70
93
86
97
85
101
99
102
92
95
92
69
95
89
93
89
92
97
95
100
97
104
116
110
112
104
120
110
66
92
99
82
115
89
97
105
92
107
100
89
111
101
112
95
69
64
40
123
83
28
26
51
45
115
109
5
18
17
25
40
34
30
35
48
26
59
50
57
51
48
38
69
75
54
76
76
97
98
110
126
118
111
120
123
111
98
104
116
116
91
102
111
100
105
117
109
131
117
139
128
104
132
112
111
104
94
97
87
99
89
101
94
99
105
99
104
82
92
108
100
94
97
96
90
102
94
92
89
93
104
78
95
80
91
108
93
83
107
105
75
99
105
103
91
101
95
99
97
95
107
104
102
91
104
101
119
103
117
103
103
98
101
115
99
87
109
109
101
108
119
108
102
104
120
71
87
106
93
100
90
100
102
102
98
110
116
85
110
103
94
103
114
117
104
110
112
105
102
104
88
119
114
95
101
105
105
110
95
98
106
82
101
95
88
68
78
68
82
78
89
81
77
101
98
107
90
105
106
112
102
109
93
95
110
100
83
92
80
88
88
91
90
86
88
94
96
85
86
85
88
96
85
97
94
86
101
89
105
95
113
111
107
115
111
104
111
103
107
93
110
104
97
101
112
112
108
105
113
108
106
97
102
104
84
102
97
107
107
110
106
102
110
104
98
111
103
115
98
104
117
104
110
109
115
96
72
79
91
113
101
107
95
104
103
103
88
98
97
130
123
128
116
113
127
123
111
117
93
124
95
89
75
97
87
85
96
104
92
107
93
104
98
98
101
89
99
87
78
59
69
76
87
35
59
72
78
90
69
69
67
84
76
64
80
81
80
100
92
97
100
84
98
104
90
100
85
96
73
92
85
78
92
91
85
76
94
92
107
88
93
89
92
98
89
102
99
89
101
90
94
90
106
112
101
114
73
86
91
102
61
108
97
100
92
96
94
89
79
96
96
88
116
106
117
106
109
116
117
120
111
122
107
108
113
100
114
90
112
101
99
111
110
99
95
113
104
92
53
63
31
83
110
73
34
91
38
40
38
57
57
65
65
86
93
94
117
109
103
112
118
107
114
121
100
112
89
109
99
108
110
111
90
80
78
93
93
117
101
102
110
92
105
105
104
115
101
93
101
92
104
103
98
107
104
96
103
92
101
89
102
98
5983
5983
6013
6004
6015
6026
6029
6010
94
6022
72
98
6016
97
101
101
92
88
81
74
82
83
98
75
84
84
95
90
101
90
79
94
105
99
112
105
92
100
79
90
104
97
83
91
54
68
86
83
71
81
81
61
85
86
62
57
71
70
71
93
84
95
78
93
73
87
96
88
97
87
86
91
96
85
67
87
94
89
101
95
91
86
79
93
94
79
85
94
84
95
87
79
96
94
101
96
91
101
92
101
94
98
104
105
107
99
105
86
75
89
100
100
92
91
99
93
90
86
85
79
93
83
93
87
95
90
84
90
79
72
63
78
66
86
75
85
83
85
78
90
83
86
99
95
81
94
14697
14712
14718
14724
14747
14739
14750
14738
14735
84
14758
27
101
119
71
42
7
6
29
42
24
22
43
31
29
8
34
18
41
25
5
24
25
35
42
46
68
68
70
72
69
76
74
69
85
84
101
99
91
100
101
92
79
72
106
91
86
89
94
91
99
89
99
90
99
103
102
103
89
91
107
98
91
97
90
90
98
96
99
102
93
97
102
96
81
34
86
60
32
31
76
53
90
68
101
5
12
10
8
21
18
20
12
14
46
45
55
37
35
57
50
50
51
46
60
45
15
17
58
51
13
28
47
32
55
9
40
42
59
58
59
56
68
61
45
25
52
58
35
4
20
18
35
27
41
61
59
59
72
74
72
85
83
101
100
98
104
93
109
90
98
88
96
85
101
100
104
97
104
92
111
100
101
112
89
111
102
72
83
101
74
82
94
89
87
61
81
75
92
91
104
88
102
100
108
100
100
107
93
107
103
92
106
104
91
98
99
90
90
100
97
91
91
92
88
90
83
94
85
95
98
92
100
87
98
100
113
93
97
106
93
104
108
97
110
107
113
107
113
103
104
113
87
108
96
105
92
100
93
86
104
95
105
93
100
100
90
114
75
81
88
80
85
88
88
78
24
57
51
72
88
21
56
34
81
42
50
37
34
32
38
55
57
73
71
85
85
90
72
46
56
97
66
88
101
87
97
87
105
78
82
93
92
100
105
109
112
98
109
102
113
109
95
89
101
101
111
99
114
102
116
105
108
102
115
108
114
84
94
95
81
98
105
91
91
99
95
102
34
28
85
44
55
76
84
115
100
49
56
61
61
75
76
90
89
101
90
94
101
98
104
92
101
92
103
98
106
99
103
111
97
108
112
102
105
48
46
84
66
17
57
93
74
28
10
9
9
10
20
13
22
12
20
11
21
38
52
51
71
67
70
89
82
46
38
79
29
84
91
17
61
19
35
43
54
52
71
59
52
69
44
58
71
30
52
61
3
14
14
14
12
21
31
30
46
46
52
54
71
69
77
55
72
86
69
102
105
114
102
107
100
89
89
106
104
107
99
106
114
105
117
119
114
111
120
112
91
98
81
94
114
77
96
89
101
95
107
100
105
85
102
78
106
87
96
81
21
14
65
30
57
45
22
8
34
36
56
42
45
69
47
28
49
64
51
18
50
53
70
67
5
3
8
9
26
24
40
44
45
62
57
71
63
71
82
78
73
96
109
101
108
110
98
103
108
109
117
123
106
114
105
114
123
122
93
115
76
109
115
102
109
94
113
99
79
87
66
48
84
87
60
94
84
95
85
71
97
74
74
73
89
89
102
95
88
98
110
104
95
94
86
101
97
93
100
97
95
112
108
112
103
108
109
115
104
110
87
101
111
102
117
102
114
103
97
108
93
80
58
101
65
99
80
79
94
85
74
73
72
101
101
114
101
152
140
158
146
154
148
146
134
147
133
110
103
103
111
113
86
72
69
92
108
104
91
104
93
78
93
80
101
103
119
97
103
95
105
99
105
104
118
113
109
118
96
104
118
108
115
131
115
123
123
89
112
104
46
71
28
36
58
86
4
17
16
22
14
7
33
29
35
5
3
5
21
16
13
10
16
18
14
13
13
16
9
7
4
5
20
34
31
46
44
45
59
54
63
46
53
20
25
21
52
65
49
3
12
4
12
7
11
6
9
11
18
11
6
9
15
9
20
17
29
24
40
39
47
45
69
75
58
73
80
80
97
91
90
106
100
109
115
108
116
114
99
109
106
88
101
57
89
25
38
42
71
53
3
5
14
5
4
5
6
28
25
30
51
49
44
38
45
47
48
45
43
42
39
37
46
47
14
14
23
31
21
27
28
4
6
5
28
31
39
55
62
53
63
56
49
80
85
84
98
97
106
100
111
84
85
93
99
87
102
114
96
102
99
122
114
128
112
126
127
120
122
91
110
88
117
88
112
102
109
102
84
88
107
96
63
101
99
101
86
92
94
91
106
106
86
91
102
104
94
105
55
48
47
52
34
92
81
23
75
12
9
7
11
14
13
31
15
11
3
12
13
19
32
52
46
65
59
78
74
89
87
89
85
118
102
101
114
102
115
113
101
117
111
115
128
128
117
120
116
129
127
119
116
129
107
126
119
135
76
23
113
40
70
48
91
108
47
92
45
54
54
88
87
123
123
123
138
146
129
157
151
153
148
144
140
131
135
158
173
156
151
117
120
154
143
154
117
126
116
114
104
118
94
116
118
115
110
130
121
132
118
117
103
125
126
44
119
84
54
60
79
59
115
79
103
86
117
121
146
249
265
215
205
222
222
229
158
67
56
211
89
191
4
5
16
9
5
10
5
19
33
11
14
58
84
53
50
59
49
85
88
48
107
100
106
107
51
44
75
69
92
83
83
106
90
125
125
125
149
164
145
145
145
162
174
162
155
142
152
152
139
141
122
155
158
132
127
135
145
141
135
126
139
139
124
140
139
127
140
148
134
139
120
143
139
133
105
119
138
91
112
93
128
102
88
107
83
28
42
94
96
98
33
43
73
6
3
17
20
18
16
26
45
53
22
20
12
17
36
22
3
13
28
33
46
48
46
68
67
85
82
91
87
104
107
115
109
102
100
112
112
101
103
105
110
100
112
93
102
99
111
98
104
74
110
92
84
95
95
89
105
91
98
100
98
100
94
102
92
95
101
101
101
109
97
109
99
91
101
93
103
94
109
91
88
101
83
98
73
92
84
93
89
94
88
101
91
102
87
98
97
106
100
101
109
110
99
112
101
112
110
117
103
115
105
113
99
110
104
100
103
105
103
104
98
106
94
105
102
82
101
90
94
111
102
95
108
96
110
101
69
77
84
106
94
100
75
89
95
71
71
84
86
87
93
94
88
85
85
90
75
92
80
91
81
93
81
80
85
96
89
91
99
98
107
80
105
97
99
80
91
97
81
90
94
102
100
96
92
99
94
97
95
83
93
110
100
96
97
103
90
105
100
118
99
70
77
90
100
60
99
84
88
80
97
98
70
81
81
99
102
99
106
91
93
100
89
101
92
103
92
93
94
84
100
95
113
108
120
108
123
115
133
131
128
108
111
104
97
97
112
105
93
80
69
91
95
101
99
94
111
116
114
131
112
131
137
141
138
137
137
125
136
121
118
111
119
112
122
108
117
114
122
105
119
111
93
120
107
100
112
86
107
92
95
85
97
104
26
67
78
45
115
28
28
53
98
89
4
8
4
5
2
4
12
23
25
30
19
9
12
5
3
3
24
2
16
3
20
16
16
32
35
54
43
53
54
54
50
77
80
78
108
107
86
107
97
82
102
87
83
94
87
91
54
22
79
20
20
45
66
64
5
19
17
9
3
21
20
28
24
30
52
67
64
74
58
77
85
82
97
107
97
108
118
124
101
108
119
115
107
107
110
108
99
108
101
99
107
104
98
106
109
110
108
96
109
107
99
105
93
86
93
109
100
89
91
104
98
91
84
84
92
98
94
85
116
107
111
116
107
116
110
92
109
112
88
99
86
93
98
100
110
104
96
106
96
110
97
112
104
119
109
123
115
120
101
95
81
72
109
78
116
91
124
119
128
120
135
120
139
139
151
133
104
112
96
110
108
100
85
97
111
95
102
99
79
88
96
88
88
89
70
98
81
110
101
110
109
88
86
95
105
79
95
103
91
95
104
104
113
107
103
118
102
106
99
107
102
97
101
95
97
103
97
81
99
96
88
99
95
106
71
61
43
93
56
93
86
103
83
73
53
73
74
48
72
40
75
61
65
27
34
3
18
21
29
11
23
20
26
7
8
33
53
68
8
54
22
45
49
12
47
5
12
14
34
36
41
43
43
47
63
59
56
56
70
77
94
73
70
93
27
56
30
40
24
66
6
8
23
35
36
45
58
62
62
74
85
84
97
99
115
118
119
115
123
111
126
111
119
95
116
107
117
106
116
106
104
96
105
107
95
111
103
108
90
94
121
107
101
123
105
117
107
116
113
96
108
112
84
94
83
91
75
93
92
104
102
86
86
96
89
101
116
96
95
93
108
99
117
116
124
115
115
115
125
118
118
109
112
116
113
110
112
101
119
110
109
116
116
105
117
109
94
106
106
104
106
97
106
98
110
103
121
104
119
115
110
115
114
93
75
33
55
105
46
67
54
81
3
4
22
18
17
32
32
53
10
20
26
37
8
23
34
4
4
18
4
13
11
27
41
59
72
50
47
52
38
62
33
59
36
16
59
11
25
24
35
44
45
66
62
69
60
80
79
95
94
105
98
111
97
110
105
99
103
107
91
98
105
88
101
84
95
108
103
95
106
89
110
104
119
103
115
104
101
115
116
104
114
113
98
110
107
106
99
110
97
112
96
113
104
113
112
118
116
118
110
121
115
110
118
107
101
109
111
113
110
109
111
110
99
99
112
105
115
113
103
98
109
113
105
111
101
92
104
108
100
120
109
117
112
122
118
126
124
118
91
116
100
108
80
74
93
75
47
56
61
34
109
69
91
59
59
72
53
72
86
86
102
97
104
98
105
112
102
106
99
105
117
109
89
105
116
101
110
118
95
112
112
97
117
101
121
115
100
112
90
112
110
127
104
101
97
84
91
97
105
95
101
94
108
95
119
104
120
107
106
113
108
116
116
110
114
106
69
50
27
84
30
42
113
88
61
108
9
5
7
24
11
22
13
3
8
19
5
47
2
3
21
27
24
22
47
13
43
4
3
2
12
12
11
13
13
10
18
18
43
10
43
38
6
47
4
11
37
35
51
43
41
41
48
50
41
40
35
2
10
10
9
19
20
21
22
9
4
11
10
8
16
12
5
8
10
7
5
16
13
8
4
14
27
37
82
78
72
75
55
50
73
69
45
71
10
14
4
8
8
48
49
17
46
5
32
23
56
8
9
10
60
87
85
69
75
80
80
80
64
79
82
77
88
61
55
79
95
89
57
92
94
103
88
111
89
83
65
95
82
100
101
81
82
81
75
74
95
95
69
90
80
66
62
58
73
27
40
20
69
42
45
19
15
22
39
19
46
68
65
85
68
93
72
72
89
91
110
106
112
102
113
118
105
114
109
119
113
113
117
128
123
124
107
108
112
119
117
133
106
118
110
113
117
99
116
105
107
108
114
124
110
129
102
118
133
126
120
136
135
112
121
112
125
112
114
100
112
101
111
17753
17766
17757
17765
17784
17773
17792
17773
17799
254
184
183
170
167
169
153
153
149
137
170
114
105
102
66
76
118
113
105
120
116
74
93
93
113
113
131
121
136
121
129
145
135
64
81
168
68
107
93
154
124
7
4
4
26
17
25
25
40
40
66
80
70
89
81
69
89
54
58
87
60
24
40
16
49
35
32
33
36
35
49
55
55
72
84
84
97
85
99
100
98
95
103
104
93
104
95
93
100
93
105
96
105
94
103
105
98
101
95
87
103
94
93
102
101
80
92
99
106
105
93
97
90
106
90
98
105
103
96
104
94
106
93
84
95
100
97
87
80
86
85
79
84
93
86
79
86
94
85
103
105
92
104
95
95
103
95
106
92
92
77
104
73
94
92
84
88
96
90
93
81
98
98
114
115
109
106
96
102
108
107
105
92
103
93
104
98
92
102
93
96
92
99
91
97
89
96
84
91
83
98
88
106
93
106
95
105
102
99
102
95
92
102
101
95
103
98
94
106
99
86
105
67
78
98
87
79
78
110
105
114
101
101
94
78
86
87
91
85
101
100
100
88
116
99
89
97
98
81
98
93
95
101
105
97
107
100
107
105
87
106
93
95
103
89
96
101
91
99
98
107
109
105
97
108
90
98
86
72
97
95
88
85
99
86
96
94
80
103
82
98
93
94
82
96
88
87
102
84
101
96
108
105
104
96
109
96
102
109
110
92
102
105
105
111
92
110
99
97
108
111
101
114
105
119
103
113
106
118
110
93
109
116
109
96
104
68
85
63
38
39
20
55
90
30
5
5
14
19
14
27
48
57
53
51
54
63
63
64
81
92
96
86
57
85
85
82
97
92
91
99
89
112
115
105
80
103
102
115
108
105
83
88
112
104
113
105
96
101
114
105
108
105
97
105
92
104
92
100
99
103
98
93
97
93
102
90
100
94
100
100
104
101
100
109
95
89
111
96
91
104
94
105
88
85
91
90
102
94
92
117
115
112
107
105
103
115
117
125
83
89
95
97
93
96
58
75
65
80
112
98
105
67
100
86
74
81
93
105
98
107
106
92
93
114
100
109
106
93
92
111
101
99
111
120
126
115
118
120
115
60
45
67
35
33
95
50
88
95
3
3
5
21
23
26
29
27
12
26
13
13
19
11
24
18
14
4
29
43
52
51
72
71
93
91
96
90
113
113
111
125
110
104
117
116
108
106
96
116
114
120
117
124
114
116
113
112
103
116
111
97
110
106
92
51
36
46
79
64
99
73
26
8
5
7
7
7
8
21
33
21
6
17
4
5
10
22
5
3
9
8
21
18
8
8
9
22
42
24
14
27
17
54
70
67
49
76
54
52
57
79
79
96
94
109
111
117
108
107
116
123
121
114
119
104
113
102
111
97
109
98
103
84
103
108
53
65
86
44
93
56
80
88
69
56
56
74
74
89
90
107
101
110
97
109
100
109
100
112
103
110
112
106
104
117
112
87
101
82
92
97
98
86
98
99
87
90
89
98
78
85
87
100
108
97
101
94
104
103
109
119
99
108
97
104
98
92
98
106
99
106
100
109
112
102
112
106
107
108
117
107
105
115
106
110
85
99
100
101
71
68
89
58
76
95
78
86
96
105
76
84
83
100
111
106
107
103
118
110
103
115
107
117
101
111
116
112
103
120
119
107
118
111
100
109
119
97
117
106
115
104
111
122
106
105
126
116
128
129
113
124
96
126
112
116
110
132
124
136
137
155
161
125
126
132
111
144
51
115
46
89
99
77
66
95
80
89
103
62
81
80
98
99
116
121
124
116
121
107
102
98
115
116
123
121
120
111
108
125
129
125
135
104
107
117
108
121
107
106
114
120
119
104
119
109
112
103
111
99
110
100
96
111
103
99
87
112
103
110
104
106
93
100
88
95
47
60
36
52
29
106
74
86
68
84
67
75
69
78
79
100
109
104
107
59
80
93
15
103
71
62
30
16
42
15
35
32
54
65
63
67
66
78
90
74
77
100
99
100
106
109
107
102
112
110
103
116
104
115
111
90
82
78
34
41
48
100
41
63
14
19
32
47
54
69
66
79
93
90
98
108
97
108
100
114
99
105
122
109
109
102
104
103
94
85
86
95
84
105
102
108
100
102
108
117
106
111
94
103
106
98
112
99
112
105
111
105
114
112
100
103
119
106
95
116
102
116
105
109
103
103
98
117
101
85
93
93
95
102
85
88
105
107
105
117
97
119
109
122
120
113
112
112
110
101
107
103
109
99
107
117
126
108
120
113
129
116
126
117
118
112
117
94
110
99
102
85
91
117
61
91
81
55
70
94
92
99
97
95
103
76
89
91
97
91
77
94
87
98
96
99
80
82
103
100
105
87
85
114
103
114
95
135
129
145
115
83
124
78
96
131
99
82
106
63
69
72
74
70
71
48
49
106
67
5
15
26
25
44
56
60
66
62
58
55
68
59
74
79
81
78
90
89
90
55
43
58
71
73
67
94
101
103
100
113
110
107
88
102
114
109
114
90
74
57
59
42
96
69
110
129
130
124
103
73
76
79
70
79
106
100
64
78
85
56
107
116
119
113
95
38
24
50
46
49
46
93
37
4
4
4
4
6
6
13
28
20
29
44
42
14
40
41
31
9
5
4
14
6
12
9
13
12
21
6
17
17
4
14
20
24
34
29
50
54
51
60
38
63
36
73
83
82
44
24
71
34
85
52
64
16
19
13
21
47
40
3
15
26
20
27
37
32
27
33
33
35
48
63
70
63
57
47
60
52
54
86
93
105
104
105
99
107
85
108
110
121
118
98
111
120
107
125
88
108
102
108
89
86
107
98
87
95
104
101
100
90
111
111
105
107
119
103
65
38
76
81
95
101
53
91
90
90
92
94
106
84
57
89
89
107
94
111
98
103
115
115
89
117
100
100
94
89
84
105
108
94
98
111
118
106
105
118
119
110
111
107
106
96
106
101
107
99
96
108
110
113
102
111
99
106
79
21
53
37
42
83
101
63
88
4
3
14
19
41
36
32
27
45
44
76
50
29
39
70
49
54
53
48
82
73
64
25
34
43
49
64
65
97
94
106
110
115
107
113
128
122
102
90
110
95
103
108
101
109
98
48
18
86
43
105
74
85
59
30
79
5
3
9
6
6
5
8
19
19
3
14
18
12
22
39
28
14
9
18
7
3
10
15
7
25
31
51
25
61
53
48
50
26
53
53
35
24
4
6
14
4
16
3
16
1
3
3
18
15
18
7
20
26
23
15
15
30
27
8
10
24
7
4
14
4
8
19
22
29
36
37
21
37
46
33
38
3
5
4
4
11
17
35
26
55
55
66
90
83
92
87
130
125
144
145
124
12
33
95
125
37
10
8
27
36
45
45
59
72
64
77
73
85
92
93
93
105
118
115
102
121
120
113
118
120
117
125
117
122
112
113
121
122
108
115
102
102
114
113
101
117
105
114
104
119
111
114
102
113
102
103
66
96
23
32
50
38
58
86
85
4
3
4
30
38
37
38
60
75
67
87
85
107
105
122
121
112
114
112
98
88
90
103
64
94
76
80
83
65
85
91
76
74
113
106
130
146
136
136
142
150
118
117
135
107
94
124
83
117
104
116
117
118
81
114
93
104
104
98
97
100
97
92
90
107
109
120
88
103
107
101
98
99
98
87
115
101
107
109
109
100
117
94
112
100
99
90
112
102
116
104
115
112
118
114
121
100
108
101
109
97
111
97
105
100
107
118
99
121
110
112
103
117
99
109
95
119
101
102
102
117
106
120
108
118
123
110
118
112
100
108
99
91
104
96
105
97
103
107
113
100
83
99
103
90
108
112
97
99
106
110
113
116
101
110
100
107
101
83
92
104
86
105
90
100
98
103
98
101
98
89
88
102
90
104
97
103
92
104
94
105
92
100
93
101
94
82
96
90
98
92
102
83
94
66
80
93
88
87
99
90
112
110
112
89
91
110
96
119
115
88
106
106
112
89
98
91
102
91
99
87
95
88
83
95
77
78
95
88
68
102
91
106
105
99
106
76
39
53
105
47
101
77
70
84
85
54
87
67
66
84
81
84
84
57
36
85
66
48
71
95
88
68
74
73
79
78
91
92
100
90
102
89
103
93
110
98
104
115
85
102
93
115
104
111
107
96
108
101
108
99
107
102
115
112
105
114
113
106
112
106
110
102
107
100
88
105
103
106
94
96
96
90
102
101
97
80
100
103
91
112
104
110
77
91
110
108
105
96
103
96
101
105
73
113
80
114
127
126
114
126
111
115
104
93
104
112
122
105
104
111
118
114
107
120
112
121
121
124
125
123
125
124
128
118
99
120
123
100
112
93
100
97
91
104
105
86
111
108
107
121
108
115
115
107
113
103
106
96
88
91
96
103
91
107
96
113
97
115
113
115
101
106
120
118
106
119
111
128
117
135
128
132
122
123
129
114
127
96
76
63
70
53
94
102
80
84
80
100
83
91
71
92
78
100
100
107
116
114
110
119
111
116
101
111
103
109
102
108
96
104
91
85
103
98
101
102
97
102
89
100
105
107
97
108
114
106
105
94
107
96
105
92
81
71
79
93
78
79
60
49
87
86
97
71
83
81
85
85
102
88
109
102
94
112
99
116
96
97
111
111
99
98
98
105
103
84
93
105
105
96
112
95
95
98
83
97
100
100
94
103
96
88
102
97
121
112
127
104
115
104
111
106
112
103
116
106
117
106
123
121
125
128
114
107
122
130
116
108
102
126
110
111
106
107
94
119
116
111
117
122
114
132
129
128
127
135
105
118
96
100
96
112
94
106
114
106
113
107
116
107
103
110
105
112
112
101
113
106
111
108
111
106
110
97
114
107
106
112
118
98
115
116
108
98
89
118
109
86
107
106
97
101
105
112
107
118
115
113
131
111
113
118
121
109
118
113
115
128
114
99
123
110
122
112
116
109
119
100
106
117
105
105
114
109
103
89
104
122
102
115
103
110
116
127
116
124
114
114
120
120
111
115
103
115
107
117
112
117
106
115
109
113
119
92
117
109
115
113
106
114
106
111
109
107
111
101
107
109
104
108
109
98
86
108
99
89
89
93
100
103
93
107
110
102
131
122
133
139
130
84
142
70
26
101
113
135
33
50
55
8
11
18
25
11
13
26
4
12
6
22
16
15
38
17
14
14
8
14
46
25
11
27
12
9
4
3
2
4
14
18
4
8
5
20
6
16
2
18
20
8
24
15
22
13
18
10
19
30
27
46
41
41
66
43
73
73
78
89
90
98
72
89
61
93
68
94
57
112
8
15
76
17
18
48
42
46
44
45
18
6
9
44
47
35
52
33
32
22
42
30
31
40
5
17
16
12
25
36
31
29
36
40
42
28
66
48
62
60
66
54
67
32
65
51
48
49
86
87
97
104
104
101
88
87
102
100
121
109
104
131
115
98
110
126
117
107
114
123
97
108
82
95
109
109
107
100
108
93
103
110
82
84
62
95
103
84
87
103
101
64
88
89
18568
18556
18563
18562
18584
18574
18560
18562
109
92
86
18583
4
21
21
21
29
17
44
72
53
20
18
17
32
30
41
40
36
51
44
50
51
49
44
47
61
50
63
62
77
75
94
92
113
110
123
122
121
128
121
128
110
66
76
113
100
90
82
93
88
70
77
89
90
93
104
77
86
93
95
87
83
72
80
97
90
98
78
32
37
62
21
71
36
96
73
3
4
13
12
27
22
29
33
31
33
57
54
57
50
61
57
51
62
60
71
58
59
60
69
74
78
93
86
100
83
90
98
89
81
74
91
103
89
85
88
92
98
89
79
84
86
109
92
97
101
92
95
108
106
94
102
113
106
99
99
115
101
99
104
111
94
103
106
94
94
104
107
100
104
108
105
108
85
106
99
109
97
89
99
84
108
90
104
96
98
111
115
105
110
112
100
113
110
102
96
105
94
101
81
100
90
90
97
91
101
103
104
106
121
99
102
109
117
108
108
110
90
106
83
96
103
100
93
100
101
84
99
103
108
98
110
99
102
114
104
112
88
104
97
109
96
97
114
95
90
103
103
97
102
95
106
88
97
93
90
89
101
99
91
102
101
103
87
94
107
107
95
95
106
90
94
104
103
101
96
90
83
90
100
94
91
87
97
86
100
99
89
103
83
91
102
103
86
90
86
91
77
86
90
76
96
90
105
94
89
94
86
86
100
83
82
94
96
89
99
84
96
109
92
79
95
96
85
78
93
84
90
90
75
89
90
94
80
87
78
95
101
89
88
93
98
89
87
98
89
106
88
101
93
95
92
98
103
96
86
82
90
97
90
99
111
120
112
107
118
76
94
96
113
86
105
95
101
86
104
93
94
92
83
112
93
109
108
96
112
98
104
106
100
102
133
119
142
128
123
74
71
54
106
46
63
117
2
4
5
12
13
32
30
43
27
23
19
30
10
12
10
29
25
32
7
5
5
4
3
7
6
24
42
36
58
57
74
67
89
97
95
114
96
111
98
123
96
112
113
118
113
126
120
111
104
112
101
86
110
100
97
90
96
104
90
108
105
99
92
112
104
103
109
99
102
86
104
101
110
98
97
98
87
99
78
101
91
103
97
102
108
99
105
108
94
97
84
112
115
73
100
89
96
98
88
93
65
45
54
84
58
72
39
32
21
11
19
18
33
34
46
47
29
41
56
46
43
59
73
71
70
88
81
89
82
77
109
99
114
109
102
107
114
126
110
109
116
127
113
127
117
121
104
100
113
105
114
112
101
104
118
115
113
109
117
112
108
117
111
115
107
105
113
120
112
107
124
120
109
112
118
124
104
118
112
115
114
106
96
100
88
64
84
97
92
93
96
35
67
81
22
79
93
29
35
62
17
16
27
35
34
56
46
52
49
59
69
67
89
88
73
96
81
96
98
109
106
121
98
101
100
114
101
116
115
115
99
105
113
106
107
112
109
102
104
116
116
109
101
112
111
102
115
108
115
113
115
105
122
110
129
113
119
126
128
116
126
111
111
119
112
93
113
108
86
85
100
109
97
105
111
114
112
110
93
104
111
80
99
108
96
99
106
108
101
102
93
81
79
102
90
90
102
106
100
102
99
101
93
106
102
107
93
131
126
139
137
126
141
137
133
122
118
105
115
108
100
89
107
97
91
90
104
90
86
66
67
55
51
47
46
68
92
86
82
5
30
20
33
48
58
61
60
78
90
79
96
90
93
108
103
100
89
89
98
123
97
111
105
92
106
89
107
104
102
101
88
90
101
52
81
54
88
52
70
104
90
92
91
89
86
89
82
103
103
109
117
119
114
119
117
106
121
115
107
104
97
115
96
84
92
87
103
104
94
107
102
103
112
113
115
120
108
101
112
99
103
115
101
111
113
107
113
112
114
122
119
116
124
108
104
117
115
106
113
104
111
106
116
112
119
107
122
115
121
108
116
107
95
109
98
90
110
80
103
91
101
99
94
105
105
92
69
87
81
94
70
106
96
109
75
113
112
122
96
122
120
84
110
119
103
120
121
106
122
115
133
121
116
98
114
115
107
105
97
118
105
103
105
93
101
114
95
76
79
90
112
81
88
96
97
89
97
86
105
104
110
115
98
101
95
104
98
104
97
107
107
116
102
88
67
81
106
98
113
101
111
107
110
123
106
112
114
105
106
125
123
105
106
93
98
115
107
116
102
112
103
113
111
125
108
111
116
106
116
118
113
120
106
118
110
108
112
97
84
107
80
86
94
104
92
109
108
110
103
114
106
89
99
92
106
90
104
92
110
106
112
111
103
111
113
101
91
93
105
108
100
96
107
112
106
98
75
85
67
113
112
117
100
108
44
100
67
85
79
79
99
94
99
89
86
81
82
82
98
89
42
79
77
39
59
21
42
64
46
59
39
50
34
14
39
57
39
38
17
21
38
1
1
4
5
5
9
6
12
35
21
11
18
38
33
26
32
23
33
35
40
39
31
32
30
34
48
33
48
36
20
14
32
33
20
2
2
2
4
3
3
10
5
9
3
8
10
31
9
10
229
232
228
216
12
11
10
7
8
19
5
16
17
8
14
25
21
5
15
7
8
9
24
29
44
58
38
49
43
46
75
74
67
73
92
88
64
86
77
41
84
23
85
69
74
53
87
4
19
16
17
12
8
5
6
3
27
5
21
12
8
10
8
3
13
3
9
25
10
14
36
11
34
31
30
33
6
22
37
35
40
28
47
26
40
53
37
53
68
56
14
66
67
19
14
43
29
29
38
51
51
55
31
87
87
104
112
115
114
138
120
127
125
118
111
127
125
112
121
96
109
92
90
107
98
88
113
99
107
97
45
36
38
87
52
98
99
83
55
5
7
12
17
13
23
20
6
12
15
5
17
19
4
6
10
24
5
5
18
16
8
4
5
5
3
5
13
18
8
8
37
34
16
29
26
33
23
30
4
15
30
22
34
47
20
9
50
29
36
7
3
6
31
29
45
21
40
35
42
67
64
80
67
72
70
91
79
98
101
121
124
68
102
79
113
70
97
20
125
32
58
6
44
10
42
11
9
4
4
18
17
27
32
34
20
41
39
33
4
6
14
8
11
21
15
4
4
16
3
21
11
8
22
43
39
33
45
62
61
75
86
83
83
92
84
91
95
99
86
83
98
91
126
118
128
127
132
128
124
131
89
69
38
51
136
76
32
123
60
90
81
62
51
52
66
66
65
88
101
100
99
112
118
116
111
91
84
105
89
52
106
23
34
60
70
50
5
11
45
47
49
59
57
77
76
90
66
75
35
25
45
10
93
54
91
7
14
87
10
10
8
7
36
32
14
5
7
6
11
19
20
20
20
36
49
50
32
37
33
39
43
36
31
7
24
52
10
44
10
36
48
47
52
64
54
54
56
85
87
106
92
96
89
105
80
93
89
90
101
93
97
104
103
96
107
100
114
114
108
96
96
106
101
95
97
99
79
83
95
89
83
88
98
102
96
88
90
65
81
45
37
30
72
47
