114
165
121
157
166
166
181
198
181
213
145
147
107
114
103
110
117
107
119
102
108
104
115
97
107
98
100
107
96
105
94
99
93
97
104
99
109
92
98
95
104
94
96
94
97
90
95
100
90
95
100
94
101
94
103
112
100
104
96
106
93
103
104
96
105
103
97
105
99
105
98
106
102
108
99
103
95
100
105
97
103
107
99
102
97
103
97
106
92
104
96
100
105
94
104
95
106
96
106
106
93
108
105
98
105
99
103
90
90
104
102
94
93
104
109
110
116
118
120
125
131
136
130
134
134
135
135
135
134
133
141
151
156
165
172
179
187
192
195
199
196
186
184
179
173
172
168
166
164
158
165
165
166
165
167
168
168
164
162
159
154
155
150
149
145
142
138
138
140
144
141
152
156
158
165
171
191
215
218
218
222
226
93
258
273
278
262
270
224
214
208
157
129
109
105
95
235
18
34
33
53
61
56
125
127
136
145
147
157
155
147
147
87
101
119
114
123
122
109
120
111
107
101
84
77
69
59
58
118
6
20
33
32
59
58
91
89
106
105
121
138
144
137
122
118
132
117
121
129
112
134
120
115
130
129
141
126
129
125
136
135
138
139
135
126
134
141
131
125
151
123
138
131
139
146
127
121
97
87
82
62
59
125
43
35
57
48
64
62
82
82
103
102
139
125
127
146
132
149
137
144
134
121
130
122
108
130
93
110
87
92
81
92
65
77
87
88
90
107
97
111
119
107
125
129
115
126
118
117
123
116
111
99
95
107
100
101
95
106
108
96
104
95
107
104
102
104
104
103
101
102
102
101
102
89
101
97
102
102
89
100
97
101
98
99
106
94
95
99
102
93
103
103
91
96
99
105
109
101
98
95
106
99
97
98
99
98
96
99
95
94
105
91
103
99
104
94
105
98
100
100
99
87
102
92
104
94
93
101
94
92
98
103
92
142
88
143
141
146
141
146
146
148
147
152
102
109
110
107
98
97
109
94
94
98
86
76
81
77
73
74
77
84
77
86
85
87
81
82
86
88
79
81
72
79
78
68
69
79
77
68
70
68
76
65
73
78
68
74
67
4723
4736
4727
4737
4731
4760
4765
4758
4764
115
4764
113
107
112
100
97
79
88
77
82
89
87
86
82
92
81
86
85
80
89
84
79
81
93
79
93
81
93
86
85
79
84
83
80
92
79
82
79
94
93
4599
4591
4627
4617
4643
4641
4644
4637
4658
4662
140
115
132
128
126
115
104
92
120
87
72
78
85
76
25
24
43
53
33
63
74
74
83
94
100
102
102
98
103
103
91
103
99
104
103
98
101
101
102
101
100
101
102
100
98
86
101
90
91
92
91
95
93
94
102
95
100
101
94
99
102
98
102
103
89
101
97
99
98
101
95
99
99
97
107
99
99
97
101
98
97
100
99
98
95
107
98
98
97
96
106
99
99
99
98
96
105
98
97
96
96
107
100
100
99
99
98
108
101
99
100
97
107
100
105
98
96
97
107
99
99
98
96
105
94
102
98
102
100
89
103
104
92
98
100
88
100
101
95
99
98
97
108
101
100
99
99
97
101
95
102
102
89
101
97
101
94
104
103
97
94
95
103
107
97
94
96
103
100
99
101
100
101
98
109
100
101
101
99
98
101
100
100
100
98
97
98
97
98
107
99
98
99
99
97
86
102
102
92
98
89
102
103
92
100
98
95
95
104
97
97
93
96
102
107
96
97
95
97
104
98
99
97
99
95
94
97
96
99
101
99
96
101
103
92
100
104
108
97
93
103
110
99
105
96
109
94
102
97
105
89
92
99
104
94
97
92
101
103
94
97
101
93
98
102
107
97
93
95
102
108
99
1584
1588
1577
1595
1594
1601
1590
1594
1580
1593
102
104
99
99
91
102
96
108
99
103
105
114
110
97
105
103
97
95
103
97
99
100
101
101
101
107
103
113
97
106
98
107
91
104
109
91
95
104
107
91
97
98
104
95
108
106
92
106
93
97
102
100
99
100
100
97
99
100
101
93
107
94
95
100
98
95
106
91
111
96
100
104
100
109
101
89
85
76
77
71
106
81
76
95
73
59
85
97
109
120
97
124
127
110
114
106
110
106
116
113
109
108
116
112
115
120
110
121
106
114
122
118
119
108
120
116
121
107
116
125
110
118
124
114
118
119
113
115
106
108
114
105
107
110
103
104
113
109
107
105
103
109
101
104
114
107
106
114
114
119
109
114
112
107
111
111
108
105
104
112
109
99
108
117
101
111
117
109
107
117
111
104
120
110
103
113
110
103
111
107
102
107
103
111
107
108
104
113
116
113
103
113
108
118
113
117
108
93
107
102
95
92
84
86
76
81
92
89
97
102
107
101
123
112
113
120
111
104
118
109
102
115
97
104
105
102
103
130
131
137
127
141
133
142
127
139
111
132
112
99
111
105
119
103
117
105
121
115
123
115
116
128
115
121
114
106
103
95
90
88
87
67
66
66
66
67
72
81
81
105
95
124
126
124
119
127
127
141
132
148
121
144
131
132
135
131
132
119
145
136
122
108
122
95
115
96
109
109
123
115
119
111
117
111
127
114
118
110
112
118
106
121
108
120
105
118
105
120
113
107
115
115
120
109
123
116
110
114
118
107
117
103
110
100
94
105
103
102
94
90
95
98
87
99
92
96
92
95
101
95
95
99
89
101
96
108
110
102
109
114
109
108
114
103
101
102
106
100
103
103
96
108
95
112
106
116
112
104
126
129
125
125
153
138
145
130
145
138
138
123
134
136
103
101
111
112
99
107
105
104
99
105
99
98
111
99
101
109
96
112
104
109
102
106
105
100
110
101
104
93
88
100
98
87
99
88
99
91
92
98
89
94
89
100
88
87
97
98
91
96
91
97
92
90
96
99
94
102
94
95
101
100
95
101
96
92
98
94
93
103
91
96
91
89
95
98
88
100
95
94
93
90
86
91
97
86
94
94
88
95
84
94
103
93
93
99
92
98
94
92
106
99
93
100
93
98
92
99
94
88
103
101
95
99
93
99
94
98
93
100
94
93
98
98
92
92
87
91
85
91
86
97
88
89
85
93
97
88
99
87
98
86
98
90
94
89
95
88
94
89
95
90
95
89
95
90
94
89
94
89
94
88
94
89
87
97
87
98
88
97
87
98
88
97
92
90
89
93
88
92
87
87
91
91
86
88
86
94
89
89
85
83
94
88
82
83
88
92
83
80
86
86
85
80
80
89
80
85
89
90
81
117
106
114
120
120
110
119
127
117
126
92
100
94
93
87
95
85
87
82
82
87
86
80
86
81
86
81
81
86
85
76
80
86
78
83
76
83
80
71
77
82
80
72
73
83
82
74
78
85
82
74
84
79
84
75
79
85
84
75
85
80
85
80
80
79
83
12489
12501
12519
12531
12528
12532
12529
12525
12522
100
12527
85
36
32
52
47
64
63
79
77
100
110
109
120
103
102
113
106
114
106
103
108
101
108
113
107
100
106
104
107
101
108
96
134
122
192
181
186
180
198
185
188
167
159
117
105
128
121
120
119
123
138
127
120
123
114
114
104
112
93
155
162
160
154
156
158
161
171
209
144
150
144
151
145
144
150
144
142
91
102
90
102
91
103
96
102
96
95
97
102
98
102
99
103
100
104
106
106
107
107
108
101
107
100
106
99
102
95
105
99
103
109
96
109
98
106
113
106
108
112
103
107
101
101
114
107
106
110
101
107
102
113
108
116
107
109
101
106
98
105
91
97
91
88
98
88
95
85
94
83
87
94
82
88
90
93
98
93
99
106
96
97
100
107
96
103
93
97
87
90
85
85
85
84
95
90
85
96
91
95
96
92
103
83
100
97
90
86
84
90
78
77
89
76
88
89
84
89
84
90
89
86
91
96
88
84
99
89
97
89
94
88
95
95
94
98
95
94
94
97
102
101
93
95
98
89
94
101
92
95
90
94
93
88
100
95
85
89
85
91
94
86
99
87
89
96
91
90
96
85
95
96
85
95
119
104
115
105
111
107
111
105
116
110
85
93
85
92
92
88
93
88
93
87
97
85
97
85
94
88
94
98
92
81
95
94
84
94
84
94
87
93
88
98
85
94
89
87
93
93
97
86
97
82
96
84
98
88
91
99
87
97
88
94
91
95
100
94
98
88
95
95
88
97
100
90
91
89
94
86
101
93
98
90
94
88
92
81
85
92
89
95
91
84
96
91
97
91
97
96
93
96
95
100
84
98
99
88
94
83
92
83
94
92
88
95
94
89
95
89
95
90
98
86
95
88
91
84
82
89
82
88
88
83
91
88
93
86
95
96
92
94
89
98
99
93
101
92
97
84
98
94
88
96
92
86
90
85
90
84
88
82
92
82
88
88
90
85
90
85
85
91
91
85
90
85
85
88
92
91
94
94
90
96
101
94
99
94
103
94
87
100
89
97
92
87
91
86
92
86
93
91
87
88
84
94
85
97
87
87
98
87
99
95
89
93
98
88
96
90
90
85
90
85
93
85
88
83
89
95
85
94
84
94
84
94
83
95
87
90
85
90
85
91
85
89
83
87
81
88
83
88
83
88
95
84
93
93
92
92
88
93
88
85
95
95
96
83
84
94
94
95
89
90
88
98
88
86
96
90
97
85
99
94
89
89
94
88
99
102
91
101
90
96
99
91
102
93
92
91
86
90
88
97
88
88
86
85
91
91
86
91
86
88
93
86
94
83
86
82
93
77
88
89
93
86
92
90
93
88
96
89
93
87
94
98
88
97
90
96
84
94
94
88
93
83
98
85
91
95
89
96
94
89
94
88
89
94
99
93
88
96
85
92
89
92
94
95
92
97
93
97
92
101
95
99
92
91
86
84
90
83
89
89
83
79
87
88
93
84
87
92
81
92
87
91
93
91
95
100
93
96
92
97
101
95
92
86
92
81
93
82
94
86
86
93
91
99
90
87
99
100
111
112
116
109
113
98
107
99
89
85
89
87
90
88
91
86
92
87
92
86
91
87
90
84
91
86
92
85
93
88
92
87
92
86
91
85
90
84
89
84
90
86
88
83
86
84
91
86
90
85
87
80
92
87
96
88
88
84
89
84
91
85
90
86
89
84
89
84
89
84
91
86
91
85
92
87
91
85
91
85
90
85
90
84
89
84
91
86
91
86
90
84
93
86
93
88
93
87
87
92
93
87
92
87
92
86
92
87
92
81
93
86
91
86
92
86
91
87
92
85
94
89
92
87
92
87
91
86
89
85
85
84
88
83
88
83
89
84
89
83
90
85
89
83
89
84
89
80
92
86
89
85
91
86
96
97
88
104
105
101
107
101
106
98
100
92
101
89
91
86
91
87
93
96
87
96
86
97
87
97
87
95
88
89
88
94
85
96
102
92
104
103
94
103
106
101
106
95
107
110
96
105
97
98
105
98
100
99
94
86
89
104
99
94
99
109
97
105
107
93
94
109
104
102
101
98
100
99
98
108
97
99
104
95
98
100
100
96
108
101
95
103
90
98
104
90
102
98
97
101
92
99
100
93
91
97
94
92
102
104
94
98
93
98
97
97
101
101
104
92
105
91
99
103
92
99
91
95
94
93
92
97
90
89
89
86
93
81
94
96
86
89
91
88
93
95
91
96
93
94
103
97
88
102
97
89
102
98
102
96
107
105
98
101
100
98
94
103
97
100
106
103
102
104
99
105
107
96
89
101
100
87
101
95
87
100
87
98
99
97
95
92
105
102
95
97
93
102
97
92
100
86
98
95
92
103
96
95
95
94
94
95
99
90
88
101
85
97
96
90
97
90
95
89
96
97
92
98
97
96
98
96
101
97
104
98
89
103
103
102
105
98
109
102
113
105
112
109
95
106
109
97
102
88
114
112
100
108
113
115
113
110
122
120
98
105
98
104
94
100
100
86
99
85
97
97
96
95
104
97
97
109
96
104
108
94
103
99
93
99
95
96
98
91
96
108
100
90
103
102
102
93
88
95
93
81
94
82
85
97
90
95
94
97
98
97
97
94
92
94
93
95
90
84
99
93
94
104
97
94
95
101
91
94
98
92
96
82
95
95
94
94
100
99
100
99
98
97
102
88
97
101
98
96
95
108
97
109
116
121
128
130
137
136
124
134
132
125
117
111
115
117
114
117
108
113
119
119
138
125
137
129
134
146
142
151
146
156
137
145
135
144
124
119
141
139
114
118
121
122
112
126
119
128
120
130
122
124
138
124
145
136
130
127
126
136
133
130
128
103
132
119
124
107
121
113
123
108
123
124
112
97
93
85
80
68
63
116
51
31
24
25
24
26
27
28
30
31
32
25
31
51
58
52
69
81
85
88
86
83
63
57
55
49
82
8
18
23
33
34
36
55
59
61
51
85
75
67
65
66
51
46
39
42
78
24
33
38
39
42
44
46
47
49
47
45
36
12
24
27
23
27
29
31
32
34
37
24
35
26
93
96
93
119
119
142
141
158
153
161
115
100
113
107
122
112
126
123
131
128
139
148
131
142
135
128
138
124
133
138
123
114
131
123
119
134
116
120
131
115
103
119
121
102
102
109
103
105
97
112
99
103
103
108
107
112
113
114
124
115
107
118
110
120
111
110
107
102
106
113
120
105
111
107
117
109
109
119
109
114
97
97
108
108
101
107
96
98
104
104
109
102
115
115
115
117
110
119
121
108
104
119
118
106
111
117
118
110
112
114
102
131
117
133
120
125
138
136
127
133
198
134
206
203
195
191
202
189
201
189
111
114
110
105
110
99
112
110
100
104
112
104
103
103
99
104
110
108
110
106
109
108
108
111
109
113
114
107
98
111
103
111
120
117
105
111
108
107
116
104
111
136
135
135
130
143
129
141
130
140
138
109
103
112
104
104
112
112
107
107
114
107
115
108
115
124
109
112
109
108
106
112
104
111
103
108
101
107
101
105
100
99
108
96
109
97
110
97
110
98
111
103
106
99
99
106
108
101
107
102
106
99
98
105
103
95
95
102
101
94
104
97
102
95
104
99
106
97
101
108
108
101
105
98
96
103
104
96
99
93
98
91
101
89
104
96
103
97
105
98
107
100
98
106
107
99
106
101
108
100
106
99
108
101
99
107
105
97
105
97
104
96
106
99
104
98
102
96
101
93
103
95
96
103
97
103
103
97
108
101
105
98
106
98
105
98
106
98
102
95
106
98
106
99
110
102
109
100
111
104
110
103
109
101
107
101
104
98
103
96
97
103
101
95
103
97
105
98
108
101
108
102
110
102
108
101
110
102
101
108
106
99
104
113
101
144
133
138
142
136
141
136
135
132
131
97
94
98
89
94
90
84
93
84
82
83
84
86
87
77
87
78
87
87
84
94
90
81
92
85
85
91
78
88
77
84
82
85
84
92
87
75
91
85
78
89
88
95
84
85
99
96
86
98
92
92
85
98
94
84
94
84
94
84
90
95
83
88
90
84
88
95
85
91
82
94
90
80
90
85
92
79
91
84
82
91
89
83
94
96
84
94
84
94
83
93
88
88
92
81
90
79
78
88
85
83
88
81
107
101
111
106
112
108
118
110
116
85
95
88
94
89
94
88
94
89
94
89
94
88
94
89
94
89
93
87
94
89
94
88
94
89
93
88
89
96
95
90
88
97
97
95
104
94
93
104
102
97
107
103
97
106
89
101
97
95
102
89
108
97
99
108
104
105
97
108
98
110
95
95
106
111
101
103
97
104
99
99
107
96
93
102
96
104
103
92
103
97
101
93
94
98
105
101
108
100
107
100
107
101
112
105
106
95
92
103
105
100
104
98
98
104
102
95
102
97
102
90
102
97
98
109
100
92
102
95
103
98
100
92
103
91
104
94
98
101
97
95
90
99
89
96
91
97
92
108
94
100
92
91
102
93
100
97
88
91
97
90
102
91
89
99
104
94
103
111
102
92
98
103
103
90
104
97
97
103
89
106
93
93
96
88
91
96
99
90
96
100
95
107
103
96
94
104
105
104
111
96
97
100
105
102
102
113
99
106
97
100
106
104
98
89
96
93
88
104
88
98
95
100
94
101
103
98
91
104
102
96
102
94
103
96
102
98
95
105
93
101
100
96
100
94
95
101
106
106
102
104
100
100
103
100
110
111
102
101
101
106
110
101
93
108
94
98
93
103
88
87
102
89
93
83
96
87
86
95
98
89
105
98
97
90
100
93
104
92
106
100
107
96
104
113
99
112
97
100
98
98
104
106
105
102
94
94
99
96
104
108
90
96
103
90
97
101
95
99
93
96
88
95
82
93
88
89
99
98
92
107
96
102
93
97
104
100
100
88
98
94
105
92
97
85
90
87
93
89
95
90
97
99
103
102
105
97
99
100
101
105
98
93
108
96
99
94
103
95
92
100
95
96
95
89
103
97
92
97
95
108
98
100
97
90
103
125
119
136
124
126
134
130
122
138
119
104
112
100
116
107
105
97
96
104
90
98
97
90
86
96
98
99
98
86
98
85
98
89
97
84
95
94
96
85
94
88
97
90
97
91
97
91
98
86
102
96
90
93
97
100
89
96
95
88
96
88
98
92
93
103
99
89
94
101
96
100
93
93
102
93
101
93
92
99
99
108
107
91
99
93
96
94
102
91
91
82
83
93
94
85
93
92
97
90
97
89
95
86
90
99
97
88
96
88
89
96
90
96
95
94
96
94
98
90
98
85
89
98
94
102
93
92
101
100
90
101
89
107
94
97
96
93
97
98
100
92
100
89
102
95
102
91
103
93
98
91
99
90
97
90
100
93
100
93
103
96
104
97
104
95
101
90
101
93
97
90
96
90
97
90
95
100
91
99
95
105
95
97
105
103
90
93
99
93
103
86
98
89
102
91
107
99
94
102
97
102
96
89
89
96
95
87
96
85
96
95
98
92
106
101
109
114
105
113
116
110
121
113
118
103
111
98
113
107
104
113
103
94
104
97
103
95
99
93
99
90
93
101
100
93
103
102
104
99
103
95
99
94
96
109
93
104
101
93
104
97
106
96
111
97
102
107
102
96
96
101
96
100
91
105
97
95
103
107
97
112
104
105
98
111
108
102
95
107
88
101
100
94
93
99
93
101
97
106
110
108
103
116
109
98
106
104
104
100
103
103
97
103
93
102
112
99
103
97
105
105
98
102
97
105
103
97
100
106
99
94
101
102
95
102
100
95
106
93
111
94
100
104
99
105
106
94
103
111
101
108
101
106
104
101
99
102
95
90
97
99
96
94
105
101
103
92
102
92
99
93
103
97
94
86
101
93
97
106
93
105
95
116
111
125
112
124
118
124
116
120
110
108
103
107
101
98
106
104
96
106
105
100
109
105
99
112
101
99
90
96
96
88
95
102
97
96
111
100
111
118
103
113
111
107
120
110
106
110
103
109
103
111
102
109
104
96
111
97
107
92
95
100
103
90
96
105
91
107
94
101
91
101
95
110
104
101
104
96
101
96
103
107
99
103
105
94
107
110
100
113
107
108
101
106
103
112
95
99
106
106
100
109
102
129
123
137
131
140
130
134
128
134
117
118
108
113
100
113
106
114
111
120
131
121
130
141
156
159
155
163
159
154
169
169
164
166
144
135
152
141
139
148
126
122
124
129
122
129
135
136
136
135
222
204
212
204
215
224
205
196
191
94
88
84
61
61
57
49
54
196
27
37
37
54
63
76
39
89
162
181
183
170
164
159
150
139
124
61
54
154
20
22
23
24
27
28
31
31
32
35
24
37
36
61
63
82
93
95
112
112
110
125
101
116
103
102
104
111
98
107
95
97
102
99
104
104
111
111
100
115
104
108
111
110
109
128
123
119
112
109
104
96
85
78
127
7
33
25
49
48
65
64
74
84
96
95
111
103
97
109
99
108
110
108
108
103
97
113
104
97
107
113
104
101
102
110
115
97
107
110
110
95
105
107
108
98
94
103
107
94
101
103
100
103
103
101
104
103
103
98
95
105
104
104
107
92
111
113
101
111
113
116
109
107
115
116
98
102
93
98
83
88
98
89
75
90
89
65
76
85
85
76
88
84
84
83
82
82
75
87
89
76
80
82
88
91
84
78
81
85
84
84
146
151
146
156
153
157
154
166
166
153
98
95
92
106
109
110
116
102
122
116
122
122
127
126
105
115
116
103
106
96
103
108
99
95
103
26149
26156
26204
26204
26191
26210
26214
26209
26236
26222
127
165
122
138
130
123
135
103
119
103
124
131
115
142
122
110
123
113
112
126
104
117
117
110
118
110
117
110
108
109
101
103
116
109
108
109
115
121
112
99
121
119
104
116
122
118
112
114
107
116
107
109
103
107
96
110
105
111
104
111
104
109
102
99
106
99
107
115
111
117
111
114
108
111
118
116
106
105
96
104
102
107
99
106
99
108
102
108
102
106
99
102
107
96
117
105
119
105
106
118
112
120
118
111
109
102
109
100
100
108
109
102
102
109
133
136
133
143
143
136
144
136
146
104
120
109
112
106
104
96
96
102
90
99
92
103
96
101
91
106
97
99
92
100
90
101
91
88
98
100
95
100
94
93
93
98
88
103
94
94
104
94
99
105
106
94
105
94
103
111
96
97
97
110
96
96
109
104
92
108
103
98
103
89
97
88
102
88
101
91
105
98
106
96
113
106
107
100
100
107
97
110
95
101
101
94
103
98
102
99
108
97
105
99
104
96
100
99
102
103
88
98
91
99
93
96
91
103
99
102
95
100
93
95
94
101
96
96
99
87
98
88
97
91
96
84
94
87
86
93
89
92
92
92
92
99
99
92
95
99
94
97
96
97
97
87
93
100
98
100
98
106
109
99
106
98
108
103
112
102
102
98
106
101
94
101
89
103
89
103
96
103
88
98
91
102
104
88
98
85
95
90
98
91
105
99
106
98
109
101
96
98
103
100
101
96
95
102
95
94
101
96
96
96
105
96
94
105
96
105
91
92
102
100
94
96
106
92
93
98
95
91
82
96
90
89
104
88
95
87
99
91
95
96
91
85
99
92
97
87
105
97
102
90
100
94
106
96
100
94
98
92
101
94
102
93
103
95
106
101
106
101
103
94
98
92
96
101
92
99
88
88
95
92
98
105
94
108
100
99
96
93
101
106
95
100
91
91
100
96
106
99
94
107
104
91
101
93
102
107
92
98
91
110
96
109
102
98
93
79
73
63
45
39
57
4
14
24
29
43
34
56
56
68
84
94
96
105
113
119
121
115
115
88
80
74
66
60
48
44
100
37
75
75
78
83
88
92
95
98
103
83
25
28
45
48
51
48
49
51
51
46
37
45
22
25
26
28
30
31
35
37
39
41
22
33
46
46
57
480
498
482
513
517
512
502
488
486
478
51
48
38
17
16
28
40
53
42
69
71
86
103
111
117
117
125
129
126
129
130
140
122
121
134
120
130
117
119
110
106
104
93
87
79
76
73
68
61
51
116
7
10
38
37
54
71
70
88
95
112
88
126
126
135
126
130
123
131
125
138
119
126
117
122
114
120
114
119
110
111
105
119
106
120
111
115
109
117
118
119
121
111
120
119
122
122
116
112
123
120
110
114
96
116
106
107
118
109
137
124
128
118
114
115
109
129
105
108
95
106
88
97
107
100
119
113
112
132
120
119
107
124
111
118
114
110
112
123
106
114
109
92
101
101
106
114
104
107
98
109
94
106
119
105
116
100
109
102
117
105
107
122
116
115
108
114
119
133
123
119
136
136
118
121
122
113
109
117
102
124
94
96
119
112
130
130
152
127
137
132
134
145
145
127
124
115
114
111
106
108
105
108
99
102
113
117
107
117
109
108
115
119
113
108
115
96
93
93
86
100
59
60
57
72
30
27
46
60
71
61
81
79
96
98
95
108
105
87
99
103
92
103
100
95
101
92
102
101
94
97
92
98
97
90
95
89
85
87
91
93
88
95
89
83
100
90
100
104
93
93
99
97
91
100
95
89
99
85
93
97
92
91
92
86
95
101
91
98
105
91
98
92
103
101
94
94
100
92
88
99
91
95
91
98
99
92
99
98
101
87
97
95
101
98
93
131
121
125
126
122
127
117
120
121
89
88
82
88
90
82
93
87
93
91
83
91
86
91
88
83
85
90
84
85
87
84
90
84
86
91
85
86
91
85
86
86
82
90
93
81
91
84
81
84
84
87
92
85
89
80
87
93
87
88
93
88
87
94
85
92
98
85
93
96
86
93
86
97
94
88
87
88
94
85
90
91
80
90
91
86
92
88
87
86
88
85
91
98
84
95
90
88
96
89
89
90
83
86
81
86
82
87
87
79
90
91
85
88
93
82
88
94
89
83
93
81
89
83
85
90
84
87
82
80
90
87
82
92
86
86
87
82
90
82
81
82
88
84
79
84
85
76
86
81
88
90
89
91
91
97
93
98
88
95
99
85
91
95
82
89
94
82
85
91
87
82
88
87
83
89
76
88
86
77
86
91
84
85
89
90
85
94
89
83
82
93
89
79
83
81
84
87
81
91
80
92
91
97
86
101
92
93
88
90
89
96
91
87
94
86
93
92
86
93
91
90
91
85
93
80
91
84
89
96
86
86
94
92
97
103
96
101
92
96
89
100
95
104
95
97
92
96
88
100
94
94
94
100
94
95
100
98
93
98
95
102
100
87
100
94
89
100
106
99
101
101
102
97
101
102
101
95
97
103
94
105
95
102
103
97
109
99
101
89
101
97
90
101
104
93
95
94
99
95
94
102
105
95
94
92
100
95
97
92
97
99
88
89
102
97
99
90
100
94
105
91
102
91
100
94
93
94
94
101
103
99
104
94
103
98
107
99
106
102
89
99
95
95
87
101
91
101
100
90
96
95
94
101
102
91
95
97
96
95
104
93
97
91
96
102
95
88
103
96
101
90
105
105
94
96
91
96
95
99
88
102
102
90
103
91
103
92
98
106
96
100
89
100
89
95
90
99
92
91
97
96
95
88
100
100
95
102
105
97
102
97
119
126
115
117
113
118
109
121
116
110
99
99
94
104
105
95
101
107
100
112
107
100
105
100
109
103
112
102
112
108
96
92
104
101
94
98
98
96
91
84
100
97
89
99
102
101
102
107
112
103
108
97
109
105
99
107
108
97
97
100
102
91
101
101
95
101
99
93
98
102
87
99
93
102
94
102
90
98
100
89
99
92
101
87
95
86
94
91
96
90
96
89
93
98
87
99
96
95
89
95
101
91
105
103
98
101
96
106
96
102
99
95
94
99
95
101
106
95
109
106
114
113
120
105
114
105
104
112
88
98
83
88
90
92
94
85
98
86
97
87
96
88
93
85
87
88
80
79
92
89
86
93
89
100
90
93
93
94
93
88
94
93
93
88
100
89
95
84
94
84
88
86
89
88
90
81
92
81
92
86
89
84
89
85
90
85
92
86
90
89
94
98
89
100
94
90
95
102
92
99
96
99
93
97
106
99
102
100
95
102
103
89
97
90
90
89
86
86
92
94
84
94
84
91
91
93
88
95
94
91
90
99
101
90
103
102
97
102
97
102
88
95
90
103
102
89
102
90
95
90
98
95
85
95
83
93
79
93
90
85
93
83
96
84
94
97
92
99
87
88
97
89
99
100
91
93
86
95
93
90
100
84
97
82
91
85
81
89
82
96
84
98
84
91
85
98
91
90
85
93
91
88
95
95
94
93
89
92
90
93
88
96
88
83
89
95
90
96
89
90
85
90
85
93
92
91
90
87
93
83
92
81
90
86
87
79
90
102
89
99
85
92
97
92
100
88
93
81
87
87
84
94
86
93
95
90
93
89
93
87
94
85
87
86
83
88
78
83
78
86
81
88
78
82
82
84
84
86
80
87
79
91
82
94
92
96
91
89
95
90
95
95
89
91
85
92
85
88
99
101
91
98
102
97
98
99
119
113
111
103
116
105
92
101
101
92
96
90
101
90
102
90
101
90
102
93
100
98
96
107
105
105
100
103
111
116
110
109
109
105
110
109
108
110
112
107
103
110
116
107
114
110
117
107
113
111
105
127
110
118
109
120
110
103
113
99
89
94
85
88
97
86
94
99
88
96
102
90
101
107
91
99
105
98
90
102
88
95
101
87
95
98
86
97
90
93
98
92
96
90
95
97
93
92
100
92
94
99
88
99
92
92
99
93
92
99
93
94
101
90
101
93
93
101
95
94
101
95
95
102
91
98
91
102
100
94
96
90
96
95
90
97
95
94
89
99
87
95
101
88
94
100
99
87
103
87
96
100
95
88
100
86
94
99
89
95
99
86
97
90
93
98
92
95
90
95
96
91
95
90
98
86
94
93
91
88
90
89
99
88
91
98
91
92
103
95
92
102
90
98
105
98
91
101
100
95
104
99
91
103
101
96
106
95
96
93
104
101
94
100
87
95
96
90
96
94
95
95
91
90
98
97
98
93
96
99
97
96
103
97
102
95
93
104
97
94
100
95
95
100
89
99
99
99
100
94
99
91
97
98
90
95
101
87
94
101
89
96
102
89
96
88
101
98
92
94
89
95
95
89
95
96
95
94
99
89
101
94
93
91
99
97
91
94
97
93
93
100
93
95
94
100
88
103
98
92
102
90
97
103
90
97
103
93
93
103
92
99
104
91
102
94
95
101
92
89
98
90
92
99
88
96
101
97
99
90
98
594
589
600
608
602
603
612
619
618
621
205
193
191
246
239
236
226
210
203
192
94
35
36
3
30
25
28
29
31
33
35
37
40
30
8
20
24
180
189
198
208
217
225
234
242
250
254
104
105
104
105
102
106
105
105
105
106
111
110
110
108
108
106
105
105
106
104
104
103
103
104
103
105
107
107
106
106
104
107
105
105
104
104
103
102
119
117
119
118
121
123
125
125
127
126
113
116
113
112
112
112
111
112
111
109
110
108
107
111
109
106
107
105
107
108
102
105
107
105
106
108
108
110
109
108
111
112
112
112
111
112
113
111
112
112
111
111
110
110
110
108
108
108
108
105
107
106
106
107
107
108
109
108
109
110
110
109
111
110
110
111
111
111
111
110
110
110
111
110
111
109
109
109
109
109
109
111
111
111
109
112
113
113
112
113
112
112
113
111
110
111
110
110
111
111
111
111
111
112
113
113
110
110
109
108
109
108
108
108
107
108
110
108
108
110
109
109
108
108
108
107
107
109
109
109
109
109
110
110
109
109
109
109
108
108
108
108
108
109
109
109
108
109
108
110
110
110
110
111
111
111
112
111
112
110
111
111
110
110
109
109
110
110
109
112
111
111
112
112
111
111
111
112
111
112
111
112
111
111
110
110
107
108
109
108
109
108
109
110
110
108
111
110
109
109
109
110
111
110
111
112
111
109
106
101
96
91
84
82
79
79
70
84
84
83
86
96
99
102
98
102
89
107
111
114
116
115
109
105
100
94
105
21
24
27
30
33
34
36
37
39
30
17
20
23
26
29
32
35
38
41
23
23
32
45
43
61
60
77
76
93
94
98
99
104
105
103
132
120
137
140
128
137
134
144
141
109
112
110
97
99
104
108
98
103
100
93
105
105
99
109
100
98
107
106
100
107
110
103
96
104
103
110
110
97
113
107
113
107
109
121
123
111
118
109
116
108
115
108
119
111
110
119
111
106
109
113
101
89
101
95
103
86
82
88
75
69
74
56
70
60
61
66
56
63
57
64
63
58
62
59
58
63
64
58
66
65
57
66
64
68
69
68
81
85
72
91
94
98
82
101
102
94
95
100
106
94
104
99
105
106
93
101
104
102
99
100
98
99
101
87
101
97
94
100
99
101
98
101
98
95
94
98
100
89
102
103
95
93
95
102
107
96
94
97
105
101
100
102
102
103
100
100
103
101
102
100
99
99
99
97
107
107
110
99
99
100
102
100
102
102
103
105
101
92
104
103
90
101
98
101
102
89
97
95
105
99
98
102
101
101
100
98
95
98
106
102
104
110
99
96
98
104
104
104
92
100
89
96
106
98
98
99
99
95
102
103
106
95
101
91
105
105
97
100
99
103
100
99
102
100
101
99
101
107
98
96
98
106
110
100
97
94
102
100
98
100
100
99
98
96
101
98
103
101
103
120
125
116
122
120
130
119
110
124
124
99
99
93
90
97
97
90
93
95
91
103
104
98
94
96
100
106
100
104
96
100
91
96
101
97
106
99
92
104
98
102
95
103
98
101
104
99
103
98
106
105
99
108
101
109
99
107
99
110
104
94
102
95
98
98
100
90
101
92
104
97
102
97
95
109
103
98
102
98
97
90
97
90
98
86
98
91
97
87
101
94
100
92
101
101
91
102
92
94
105
95
99
99
104
95
105
94
103
92
96
109
109
97
93
101
98
90
90
98
96
95
99
93
99
98
102
96
106
94
124
118
120
127
128
133
119
118
122
109
98
111
104
100
104
94
103
97
103
96
103
92
100
107
99
92
98
91
96
100
87
89
96
84
93
97
92
107
98
103
98
93
107
94
103
100
95
89
96
95
95
107
89
99
92
95
92
97
97
100
95
98
91
96
87
95
89
98
91
92
98
96
90
97
101
108
99
104
99
110
97
108
101
107
97
90
98
97
89
96
90
98
89
97
90
96
86
97
91
97
90
91
98
101
94
95
102
95
101
95
103
103
89
87
98
97
96
91
96
91
94
83
97
84
99
86
93
84
97
90
97
99
95
102
94
100
104
97
105
97
98
102
100
100
99
93
100
90
104
105
93
100
93
101
93
92
102
90
100
88
95
88
104
89
100
90
100
101
91
99
103
94
94
102
93
23980
23988
24009
24037
24053
24042
24059
24050
24074
24100
194
219
190
181
161
248
234
241
255
241
227
234
226
242
162
232
173
149
160
166
153
148
136
131
134
148
133
145
125
129
127
140
150
141
128
149
154
142
166
158
159
137
142
149
153
134
157
139
138
140
119
137
123
142
115
118
118
125
113
109
103
115
105
116
119
122
124
118
116
122
125
97
112
118
113
106
123
119
136
137
137
120
130
130
135
128
118
134
132
117
119
116
101
106
97
99
98
85
72
78
79
80
80
78
85
83
94
95
94
106
116
104
122
105
119
110
115
113
117
98
105
99
104
100
125
110
119
127
123
134
127
123
115
132
113
103
107
110
101
112
100
117
121
112
102
116
102
116
115
104
105
103
100
99
94
107
94
102
115
103
128
115
120
114
125
127
124
129
113
105
104
104
115
107
108
107
107
91
107
110
98
94
104
110
103
94
107
96
89
97
104
93
93
89
101
90
92
105
100
92
99
107
97
103
100
101
92
110
103
104
103
101
95
98
96
99
101
91
106
97
98
100
111
101
103
102
101
103
99
105
105
103
106
114
118
104
121
113
114
122
113
100
115
109
95
105
92
100
84
101
95
98
91
85
91
87
85
93
82
88
97
93
92
100
93
95
115
99
113
97
112
105
107
99
107
88
109
99
97
90
103
90
96
106
97
102
108
100
106
111
103
103
102
102
113
108
97
105
99
92
99
105
105
108
107
105
102
112
100
110
104
105
115
100
111
103
100
106
101
104
109
109
116
116
106
100
117
108
104
113
113
108
124
108
122
128
109
121
100
112
123
116
100
111
102
105
103
114
99
105
115
104
107
106
110
108
101
116
118
108
107
116
104
114
100
111
100
110
101
109
102
105
95
110
102
112
107
121
114
113
113
111
117
103
98
105
103
94
90
98
92
98
96
89
94
92
95
94
99
91
88
99
83
97
93
84
93
92
93
94
98
83
97
84
97
89
89
87
85
87
88
83
89
88
90
91
92
92
99
88
102
96
98
91
92
99
91
82
90
95
88
85
96
100
91
90
97
89
95
87
82
93
82
91
94
82
84
82
82
97
83
84
91
93
91
86
92
94
99
93
83
99
93
99
87
85
95
99
87
102
94
93
88
92
90
92
87
90
87
91
88
76
78
68
78
68
76
79
80
73
86
79
91
89
101
101
92
100
87
98
91
99
85
88
95
94
84
87
80
93
83
86
88
97
94
93
82
97
85
100
92
83
95
98
82
92
86
88
86
86
89
88
82
87
80
90
82
94
101
97
92
83
81
76
91
89
84
43
94
49
54
60
70
71
88
83
93
79
81
88
87
93
84
89
86
84
87
85
87
89
77
83
95
90
84
87
99
100
92
94
85
88
99
86
95
85
85
95
94
96
95
98
89
83
93
97
89
81
88
84
83
92
88
85
100
84
92
85
84
85
91
91
86
92
88
80
85
82
84
84
80
82
80
79
78
88
78
88
81
88
84
91
93
90
84
83
98
87
91
96
94
88
92
82
96
87
85
80
85
83
76
86
86
84
85
83
83
88
81
87
85
78
81
80
88
82
86
84
86
82
84
93
85
93
80
91
89
85
87
98
90
94
93
90
86
79
90
92
83
80
79
79
78
78
71
79
72
78
80
81
91
78
82
89
90
85
85
95
94
88
86
79
90
90
78
88
79
84
84
89
81
91
96
93
83
89
98
92
90
96
85
83
93
95
84
86
97
91
94
92
91
95
89
101
89
98
92
93
84
85
90
87
81
81
91
93
84
96
89
85
95
96
94
87
99
84
75
79
81
86
89
77
93
81
83
92
87
93
89
95
90
100
85
92
99
92
85
84
93
81
77
90
87
77
81
80
83
86
86
82
84
87
82
88
90
92
90
81
93
92
86
94
87
93
85
88
93
86
84
97
93
83
88
88
88
98
92
87
95
85
94
93
97
85
96
90
85
96
83
96
88
82
93
80
90
97
95
82
88
84
91
98
87
83
93
88
92
98
88
101
89
93
100
99
94
102
88
91
97
88
93
101
98
86
87
101
100
92
85
92
92
80
89
82
85
76
82
88
80
79
90
85
88
85
87
97
87
85
82
87
84
93
86
82
84
82
85
84
85
83
84
86
86
84
82
93
96
90
84
90
91
82
90
91
93
87
88
96
95
89
91
102
91
85
99
97
89
81
94
91
84
88
83
79
87
90
90
91
89
91
89
90
92
88
96
93
94
94
90
99
92
87
98
92
88
97
93
84
90
89
83
84
107
113
100
114
106
114
112
111
112
114
99
85
92
81
79
91
89
88
87
81
92
86
91
85
86
91
93
82
85
89
91
84
85
90
93
82
88
98
89
93
94
93
94
80
93
89
87
84
76
88
77
90
83
86
87
83
93
95
100
84
82
97
89
80
95
82
90
83
81
89
87
80
92
85
87
80
88
87
93
82
85
87
86
88
93
86
90
83
88
87
84
95
92
88
89
81
90
83
91
85
85
84
79
88
76
89
76
88
81
73
89
78
93
83
78
90
87
93
91
98
83
91
85
88
88
80
87
77
85
81
80
83
84
94
88
86
99
91
98
87
103
94
86
98
95
88
91
85
91
84
88
82
78
90
85
94
80
89
79
79
89
78
88
89
84
87
88
90
88
85
91
86
93
82
96
84
82
98
94
87
87
82
81
87
86
80
87
75
85
84
83
92
79
81
87
82
85
92
86
94
86
87
89
94
89
81
95
83
79
92
90
91
86
85
95
84
99
94
94
89
93
89
91
95
84
85
87
92
77
88
79
81
92
78
84
76
84
75
76
86
84
86
88
86
92
91
99
98
100
99
105
96
99
92
98
91
92
91
98
98
90
101
90
90
101
99
98
101
100
101
107
97
101
108
103
107
95
112
104
97
97
102
100
100
88
91
90
79
89
83
80
89
80
92
94
87
87
81
84
88
95
94
83
88
94
90
92
87
92
92
91
88
89
96
86
88
82
86
88
85
80
80
89
95
81
89
85
89
88
90
85
85
80
87
85
92
82
92
92
87
86
85
88
96
98
105
94
113
106
113
111
122
109
119
107
116
102
103
97
103
96
102
95
93
105
107
100
107
101
100
108
108
101
106
99
103
97
97
103
107
96
101
95
102
95
103
96
103
96
102
96
103
96
104
97
106
99
105
99
106
100
106
99
101
111
98
111
98
109
97
111
97
103
109
98
104
121
116
126
120
116
123
124
118
124
116
103
88
97
90
99
94
96
88
95
87
91
96
97
92
90
96
92
91
90
95
90
99
88
100
89
95
104
98
94
96
92
91
97
85
97
85
94
100
89
98
92
86
98
97
85
102
92
87
93
84
91
90
91
91
86
89
83
81
89
79
91
94
82
91
86
89
95
86
93
88
95
81
95
85
88
95
90
84
94
99
87
95
84
95
86
97
90
96
90
91
97
98
91
92
94
92
96
88
84
87
98
85
96
89
96
89
94
94
92
94
92
87
89
85
90
97
88
103
96
103
91
107
99
94
105
98
93
97
91
96
91
89
99
90
99
85
89
94
101
90
95
102
96
90
100
94
104
99
98
104
103
108
108
100
87
99
93
92
96
86
86
86
86
85
89
88
92
92
91
97
99
94
103
97
105
98
106
100
108
107
108
107
106
106
92
106
106
93
103
91
92
94
99
105
103
102
97
91
97
87
97
100
97
88
102
89
102
100
90
102
89
97
96
98
97
100
93
99
107
94
100
100
107
92
94
102
102
96
100
104
105
96
104
101
103
104
103
101
101
100
99
100
100
100
101
101
100
101
102
101
100
100
100
99
99
100
99
99
98
97
97
98
95
97
99
98
100
99
100
100
101
100
101
102
102
102
102
104
102
103
104
103
101
99
443
450
450
453
452
452
456
457
460
463
120
117
117
116
119
121
117
117
115
112
114
113
112
111
110
111
112
112
111
113
111
111
110
110
110
111
117
115
118
118
120
121
123
120
126
122
130
129
129
128
130
119
122
128
115
124
106
102
104
136
124
139
133
127
142
131
144
140
111
138
115
118
116
119
112
105
105
116
115
113
118
99
109
111
259
257
258
259
262
253
248
245
257
246
94
94
104
92
98
98
95
103
104
100
103
104
97
102
98
100
110
95
103
105
103
102
100
102
99
104
90
109
100
105
97
102
100
113
103
104
111
106
107
110
104
109
102
98
113
104
105
108
114
99
104
107
108
115
97
114
104
107
103
92
106
102
102
104
98
97
95
109
114
105
104
106
99
100
109
109
105
103
104
116
102
108
152
147
159
283
291
288
279
284
281
292
241
93
239
104
110
98
108
97
105
95
101
105
94
100
115
115
127
134
116
134
155
151
140
157
152
153
173
174
160
163
142
157
143
139
116
122
107
118
109
121
106
121
114
122
116
123
116
115
107
126
126
112
124
109
122
107
126
118
111
120
110
118
111
119
120
111
118
111
119
111
120
113
121
113
121
113
122
114
120
112
122
114
121
118
114
128
115
129
116
129
114
128
115
128
120
123
115
121
114
120
111
110
119
118
110
117
110
118
112
119
112
120
111
117
114
123
115
124
131
119
132
129
121
121
128
114
122
123
109
108
117
104
115
107
108
112
105
103
113
105
108
112
104
111
108
110
115
121
130
129
123
136
131
139
137
126
132
126
115
109
118
91
95
92
100
105
95
87
100
99
88
95
96
95
95
93
83
97
91
86
96
95
94
90
95
129
119
142
136
128
137
143
137
143
101
132
92
94
101
95
91
94
97
96
91
102
97
92
93
100
93
103
97
87
98
93
87
98
102
91
95
93
94
98
99
94
103
91
92
97
99
92
103
91
96
91
96
102
96
93
95
96
99
94
101
92
97
95
96
84
96
97
85
93
95
94
87
98
103
94
97
94
90
95
89
97
99
89
93
92
92
83
92
84
92
84
85
87
89
88
90
86
89
98
86
96
86
100
85
93
95
85
90
79
89
78
89
80
86
87
92
86
90
97
88
92
90
96
99
94
99
88
102
100
99
102
101
102
101
102
96
107
97
95
101
103
102
100
97
103
94
96
98
102
94
97
90
96
88
83
89
94
87
94
86
93
99
89
103
92
96
101
94
103
93
94
94
89
92
87
91
95
94
100
102
90
97
107
95
107
99
97
107
100
102
102
92
89
91
94
98
104
91
92
103
98
101
96
106
98
90
98
104
92
94
89
98
92
92
97
91
100
85
96
87
91
92
93
91
93
95
95
90
94
102
95
98
92
98
88
91
80
91
94
82
82
95
90
85
96
85
92
85
85
82
88
77
85
84
85
81
88
82
85
93
83
95
86
94
89
99
88
98
88
91
97
86
83
92
83
89
93
89
92
99
93
92
97
94
89
103
94
99
86
98
92
87
93
82
90
92
85
95
94
85
93
102
90
93
98
97
95
103
92
97
87
90
84
89
91
90
85
90
94
85
91
90
94
83
95
92
96
94
96
107
98
100
92
95
90
97
88
97
85
86
98
86
96
87
101
89
98
87
97
90
90
84
89
95
84
83
94
94
84
95
86
88
85
101
100
89
92
88
96
96
94
101
86
95
90
98
88
95
96
92
98
88
101
94
89
97
93
99
100
91
95
90
95
93
99
90
95
86
86
88
88
90
90
101
89
102
89
100
206
200
205
209
200
196
201
199
203
202
99
98
105
92
104
107
96
101
91
98
88
95
80
93
84
83
84
91
82
87
93
95
90
95
94
95
103
86
91
101
90
95
99
90
104
93
95
97
103
93
99
99
86
95
96
90
96
84
97
91
97
86
98
91
97
94
92
100
99
89
98
92
95
83
92
87
97
95
84
82
91
93
95
89
92
87
91
79
93
81
87
84
84
84
97
100
86
95
85
94
83
94
88
89
97
81
95
83
95
84
92
83
92
95
84
93
83
94
96
90
89
95
101
88
97
87
98
90
98
90
101
101
87
87
99
99
88
96
89
85
95
89
88
91
89
84
97
84
94
83
100
94
85
91
96
85
84
79
76
66
68
104
56
63
