19
40
8
21
99
83
84
85
134
135
160
159
145
146
88
83
98
119
110
102
105
96
102
99
104
92
87
102
96
106
100
114
102
118
106
113
105
40
62
53
81
74
98
32
91
65
47
52
61
64
62
64
87
98
91
94
100
74
85
68
77
66
80
80
98
92
103
90
102
83
79
78
92
92
101
98
100
90
89
98
86
77
70
93
74
70
79
94
87
92
83
102
101
100
113
114
120
118
119
105
116
113
113
106
84
91
112
101
98
104
102
79
95
101
84
87
81
98
94
106
93
89
96
89
97
100
94
99
90
96
73
97
90
79
98
87
92
86
90
74
91
92
94
84
107
90
85
98
87
93
86
89
97
99
94
99
80
89
95
99
94
99
103
80
93
103
89
102
95
104
96
113
97
95
95
106
98
97
101
102
87
70
54
42
42
95
36
87
63
3
19
19
32
45
47
63
65
85
85
85
83
104
88
103
97
104
102
84
91
97
99
81
79
96
97
89
92
90
91
93
117
106
115
123
121
119
126
123
103
132
117
122
107
101
114
100
112
92
108
89
101
85
79
78
97
93
87
71
92
90
89
74
95
91
85
96
98
85
93
97
105
93
110
81
91
102
103
77
88
74
94
90
97
99
91
81
83
73
89
67
89
90
84
73
86
91
102
94
69
103
89
89
81
85
96
83
94
98
89
102
86
93
103
103
100
104
92
102
95
95
106
103
94
101
94
100
94
103
98
100
96
87
94
84
92
60
61
83
45
74
53
80
35
74
80
68
84
67
50
54
65
66
82
75
90
80
91
89
97
96
96
94
96
102
98
89
102
95
99
88
101
93
94
92
97
89
96
85
95
84
105
94
98
100
85
96
91
95
101
83
92
91
7855
7892
7899
7899
7924
7917
7935
7948
7959
185
226
184
190
192
148
174
154
166
172
183
146
153
140
127
125
145
125
106
100
98
89
99
101
93
112
113
99
100
106
122
112
121
115
122
100
117
89
116
112
82
100
91
94
102
82
94
102
93
101
81
102
83
103
99
103
97
105
97
116
100
100
113
112
110
111
109
113
105
105
103
105
102
101
98
91
99
83
98
85
100
87
98
93
90
107
92
109
94
112
96
102
111
100
111
112
109
112
104
109
108
108
98
107
98
104
102
103
100
102
93
102
95
100
97
101
94
98
95
85
104
90
103
89
93
108
111
111
113
107
119
112
126
126
110
118
106
111
101
109
100
90
100
106
99
107
100
111
104
112
110
121
103
117
110
119
114
118
115
115
112
115
107
113
105
113
107
111
102
112
106
113
106
114
107
112
109
110
113
113
101
110
108
108
105
106
103
99
87
105
107
100
114
102
114
129
136
149
138
148
141
156
142
143
133
129
139
94
92
97
119
117
111
104
101
113
100
93
109
109
105
102
110
117
100
105
95
89
80
95
97
73
81
85
82
89
84
91
79
97
95
109
101
114
111
112
95
98
120
104
126
110
121
112
94
117
122
122
114
123
108
120
108
124
103
98
117
97
61
105
87
77
101
75
84
100
96
103
93
99
98
109
105
103
111
106
84
93
104
87
99
90
102
106
96
106
105
105
105
81
112
93
98
100
92
113
119
105
117
107
102
96
115
110
111
105
119
111
118
115
121
114
117
95
113
113
101
108
101
122
101
102
112
105
102
112
112
114
94
101
82
64
98
50
97
66
75
97
88
85
65
82
83
86
68
77
78
76
110
96
91
98
100
93
97
94
98
78
87
94
81
102
77
86
106
105
112
101
121
120
114
111
107
118
115
113
92
108
92
105
95
97
106
87
97
97
104
101
115
91
105
92
107
94
98
91
102
90
97
88
95
77
95
92
97
90
96
85
101
88
80
95
88
93
86
95
92
85
103
73
95
79
102
94
99
105
114
105
108
123
118
110
112
104
110
105
110
100
107
97
103
100
103
103
97
102
95
96
96
103
99
105
95
85
99
93
100
100
98
91
86
90
85
61
75
81
112
95
94
105
108
96
70
102
88
90
104
110
103
105
109
103
98
104
94
102
98
102
112
100
96
104
101
115
113
98
105
115
115
112
114
104
116
107
111
117
106
117
119
107
120
111
104
114
120
115
108
120
121
118
114
98
117
70
77
122
90
113
102
117
101
107
120
95
93
107
108
119
113
118
114
117
106
114
105
112
101
115
115
97
107
105
112
107
114
115
102
118
106
124
108
106
118
119
109
108
118
116
109
115
104
115
112
96
108
103
114
110
102
108
99
109
104
118
101
103
115
116
106
119
100
44
40
49
68
91
57
76
116
69
44
51
48
51
79
88
86
104
103
115
108
95
112
103
98
108
101
113
100
113
116
101
86
103
110
113
102
117
100
117
102
105
120
112
94
100
87
87
115
94
101
113
104
116
106
121
113
98
115
101
98
77
94
95
103
105
72
69
87
97
75
111
90
100
95
94
108
71
106
105
123
104
106
111
118
113
107
106
117
106
118
109
116
113
113
110
110
103
117
106
113
105
114
122
108
125
114
114
114
114
130
127
124
91
116
107
110
96
96
106
115
97
100
70
89
87
79
111
84
100
78
87
94
74
98
85
94
93
94
105
102
84
99
92
96
96
83
101
103
96
73
77
64
91
63
98
85
79
70
51
66
80
92
99
85
69
94
92
108
107
82
115
102
98
74
98
89
84
92
98
84
82
97
95
94
81
103
57
73
89
45
96
54
82
81
79
60
87
88
103
103
120
118
134
124
111
92
102
99
100
88
92
101
108
106
101
107
94
105
83
103
92
94
91
89
94
90
96
106
93
91
90
86
108
100
101
77
92
82
46
63
58
38
78
78
81
63
78
77
93
83
104
103
109
106
109
97
95
106
106
97
99
89
80
104
93
100
94
111
97
105
95
98
96
103
98
99
94
100
90
102
95
73
80
99
93
91
105
102
91
101
82
90
98
86
96
90
82
104
91
99
91
90
105
89
89
95
82
82
89
95
98
93
106
95
107
105
97
115
97
108
108
98
110
108
95
106
95
100
86
93
100
89
90
77
96
98
96
96
78
91
84
80
95
79
94
88
93
82
86
98
94
77
85
53
94
59
67
90
82
90
95
56
76
63
91
99
107
103
112
93
112
96
117
124
103
113
105
114
108
108
121
105
120
112
91
105
112
99
113
100
119
104
115
107
128
112
125
111
114
124
123
109
126
118
122
115
104
117
110
105
87
103
88
80
88
93
89
92
78
109
105
109
91
111
105
117
124
117
132
111
120
109
100
108
96
90
105
83
98
93
103
101
110
104
117
106
93
120
102
111
91
83
104
124
130
124
146
136
140
121
135
128
142
136
135
129
143
140
141
148
150
142
157
151
155
133
126
138
134
122
127
121
114
110
111
101
107
98
107
94
106
104
96
105
109
98
113
101
117
104
121
110
552
562
543
575
571
571
585
564
587
573
97
112
130
93
132
112
125
108
107
115
92
117
87
108
100
113
95
101
94
95
108
113
104
110
106
115
107
95
102
115
109
99
107
109
107
106
99
109
106
122
101
104
111
98
110
101
105
99
113
102
103
104
96
103
96
108
96
115
94
102
95
111
112
112
119
120
96
116
120
107
120
108
118
107
113
104
110
117
116
106
111
104
108
105
112
101
111
94
115
117
101
111
107
116
103
112
110
107
119
113
104
114
111
117
115
117
110
120
106
120
111
116
109
117
103
115
106
110
103
108
114
115
107
107
114
116
109
109
119
115
112
116
105
120
111
120
111
117
107
115
122
117
107
109
94
109
9901
9904
9923
9935
9932
9944
9943
9944
9953
137
96
127
79
70
143
110
90
95
87
85
97
74
80
81
95
86
91
74
84
90
104
83
100
88
105
92
109
96
107
93
87
107
80
97
112
102
112
103
119
106
74
107
98
95
102
94
102
112
115
103
115
95
94
123
109
112
106
117
105
116
107
123
114
114
88
101
109
98
101
95
103
98
105
115
117
94
109
105
108
118
112
116
108
89
99
107
102
108
106
84
104
96
102
105
94
109
93
107
103
92
106
95
108
101
100
110
107
100
93
106
102
90
99
88
98
85
96
81
88
106
97
106
100
109
110
120
117
128
115
116
109
117
109
114
110
117
110
118
111
111
118
109
115
114
104
102
110
83
99
107
105
96
113
100
118
116
109
119
114
117
109
122
111
127
112
118
110
117
105
114
107
108
93
99
105
110
105
117
114
119
112
118
116
114
97
107
101
106
101
107
99
113
101
109
119
122
114
108
116
114
118
110
118
118
106
111
95
113
109
112
95
101
108
95
114
102
104
118
118
112
121
111
119
111
111
123
122
112
111
122
127
111
126
121
109
118
117
95
103
117
104
99
114
106
103
112
101
119
113
119
109
119
117
122
119
123
115
118
105
119
116
114
105
107
99
94
102
94
103
99
85
94
104
97
112
50
86
102
61
99
90
70
84
101
84
86
98
88
84
83
110
110
101
124
121
113
111
64
121
86
108
99
96
91
82
94
102
97
103
111
111
108
87
110
95
103
97
93
107
103
90
103
102
99
94
87
36
49
56
25
73
89
61
84
83
70
67
65
70
79
77
75
77
98
89
94
86
89
71
90
83
649
640
638
626
626
626
615
617
3
85
67
7
5
21
5
4
6
4
18
7
5
95
252
39
39
44
55
59
58
58
75
88
81
68
88
61
77
73
68
62
68
37
18
36
46
46
28
45
46
42
33
40
33
41
44
65
66
81
71
54
53
81
66
70
72
79
69
74
49
49
73
62
46
51
56
44
63
32
34
32
46
3
9
3
6
24
23
24
28
21
31
33
44
45
51
60
60
62
70
63
67
65
64
66
54
68
72
69
91
82
104
84
92
80
93
91
95
90
104
89
98
86
96
85
75
70
66
94
54
68
76
84
98
97
96
80
95
99
112
72
99
64
93
98
77
99
114
94
101
102
81
80
90
92
107
107
112
114
111
106
87
100
104
106
108
97
109
101
115
105
106
118
111
104
111
103
112
97
111
100
118
104
100
111
111
102
111
103
114
101
116
109
129
118
125
130
118
126
124
116
101
118
105
100
97
93
100
102
107
88
94
109
98
110
102
116
116
114
103
113
123
111
122
113
121
121
124
116
104
105
119
103
120
115
101
106
96
113
98
113
109
103
105
97
102
96
112
98
107
94
94
100
198
196
202
193
198
187
199
90
68
197
191
80
109
98
92
110
89
96
84
48
95
105
37
66
98
45
27
29
31
34
36
67
65
31
12
47
34
36
37
33
36
37
40
42
33
8
7
42
45
59
51
75
69
75
98
98
121
116
124
110
119
105
113
115
78
96
114
90
108
96
103
109
98
105
83
94
89
88
87
99
90
104
75
73
98
86
100
102
113
120
108
122
114
118
131
124
119
133
114
118
103
103
115
113
104
116
104
107
118
113
137
119
125
140
135
121
109
129
131
124
125
115
120
111
123
116
121
110
115
92
101
95
99
107
92
100
91
98
90
96
94
100
91
85
95
71
101
87
89
100
92
100
93
99
108
98
88
96
101
90
74
82
93
87
97
89
96
82
66
99
90
80
102
97
103
98
97
107
90
85
101
106
115
113
114
106
115
107
116
108
111
101
107
103
109
103
108
105
102
106
107
110
113
105
114
107
113
106
113
110
110
108
108
100
104
102
109
107
111
109
112
102
109
107
110
103
107
101
106
94
103
101
111
92
103
116
103
95
100
108
90
98
90
78
102
98
87
108
100
125
117
125
103
101
113
89
123
98
96
102
72
100
91
62
72
57
64
126
104
117
104
108
87
105
93
91
104
104
95
108
100
94
98
91
96
76
90
98
94
87
81
88
103
95
104
95
100
72
70
91
71
28
86
38
62
22
81
66
48
46
62
61
82
82
99
95
95
94
105
87
100
103
60
40
92
83
56
73
54
36
77
95
91
91
110
110
127
127
137
147
105
108
110
101
106
98
89
102
81
74
94
85
78
89
92
86
95
86
126
116
119
118
130
92
99
110
118
91
100
103
97
107
92
85
86
101
100
116
126
121
111
122
110
133
122
132
113
124
111
130
128
133
122
125
111
116
123
90
119
93
111
110
108
112
104
108
98
106
92
106
99
110
97
95
104
98
104
89
98
105
105
105
119
118
127
120
122
113
123
113
97
115
93
100
110
100
106
117
105
118
113
121
107
108
119
114
114
117
106
115
103
93
107
107
80
80
58
66
96
95
84
97
91
74
93
70
88
86
80
89
114
104
105
99
112
110
108
84
95
95
104
98
104
99
107
96
109
100
110
83
90
116
104
111
98
109
98
110
66
91
89
84
85
100
98
80
91
96
93
90
101
98
83
94
81
90
89
89
100
98
103
95
102
95
110
100
106
95
107
100
87
110
105
98
106
101
105
97
100
83
94
86
94
73
87
86
97
99
81
88
96
70
104
83
92
96
92
90
88
83
100
81
100
99
99
97
74
57
85
96
68
92
85
93
87
77
88
80
80
98
109
101
110
99
102
109
113
103
118
100
107
97
108
96
106
80
41
72
90
96
65
53
80
81
58
46
46
60
59
61
84
84
99
93
99
90
97
90
95
91
107
95
108
95
105
92
86
100
78
92
99
92
99
94
103
102
94
104
85
97
104
101
97
102
99
85
94
101
89
90
98
78
85
96
93
103
111
93
107
94
106
78
92
96
90
97
87
84
89
87
92
87
87
100
88
99
96
96
94
108
99
106
99
107
96
110
99
105
97
97
107
111
98
98
105
89
97
110
99
111
107
98
104
99
113
103
101
107
116
113
101
108
108
85
103
109
98
113
86
93
105
105
101
109
115
110
120
114
113
124
106
133
118
129
107
121
107
106
122
123
113
112
109
103
114
104
119
104
118
103
106
122
115
116
104
112
116
109
109
115
104
93
83
94
109
115
88
92
108
95
112
105
105
105
88
96
113
101
107
98
114
112
101
114
105
112
111
107
108
100
112
94
109
90
115
99
105
101
116
106
123
136
118
121
104
116
120
112
114
106
115
108
110
103
85
98
92
91
108
93
95
112
116
102
112
113
131
122
97
111
109
86
71
98
105
92
105
99
94
84
61
104
75
92
86
93
88
80
91
101
90
95
95
95
106
105
94
108
92
87
86
99
109
103
98
107
110
103
99
128
133
131
116
99
107
117
102
113
108
104
91
106
94
92
93
96
95
84
96
78
95
90
99
94
109
100
113
106
123
112
118
121
113
69
56
47
90
81
105
85
100
101
87
67
66
83
84
95
92
85
109
98
113
97
112
94
112
103
123
120
111
114
117
107
124
115
124
116
124
112
128
125
121
129
126
114
129
143
129
134
127
132
124
139
123
133
118
91
114
106
79
107
94
89
58
80
100
73
72
72
89
90
94
98
70
85
89
88
88
104
106
84
105
101
88
102
98
97
99
111
96
69
49
39
35
60
51
88
63
50
69
105
68
104
80
102
144
142
150
138
138
148
143
113
115
112
117
113
129
125
124
121
121
113
120
127
124
106
111
109
114
95
118
118
110
102
118
101
91
119
80
97
87
92
89
97
90
97
92
91
82
100
83
73
100
98
79
95
86
87
96
97
97
95
109
95
76
110
88
97
104
101
97
81
62
73
37
96
98
53
91
85
84
88
109
102
101
127
128
83
143
101
100
98
107
99
113
88
94
88
72
85
77
88
82
92
92
81
97
89
93
69
89
95
87
97
87
81
90
80
96
85
100
82
99
99
107
98
104
100
103
99
106
99
102
108
85
97
105
100
94
106
92
89
96
104
90
1387
1382
1378
1373
1367
1379
1374
1390
1376
1393
81
96
94
103
50
41
37
38
78
61
90
100
104
72
46
48
47
80
80
71
116
121
115
143
129
126
133
145
148
115
124
117
96
113
121
108
121
114
119
113
122
108
130
109
132
126
120
98
83
104
132
91
97
110
83
41
99
40
68
63
68
80
80
84
71
65
98
86
92
77
87
94
88
87
74
80
79
109
103
102
102
102
96
119
120
130
128
115
122
132
115
123
119
105
119
111
124
110
88
106
74
59
51
83
93
38
91
80
74
50
100
68
58
71
75
73
107
102
52
72
79
84
106
62
88
93
72
87
100
97
88
103
77
103
54
116
90
113
70
88
106
104
111
60
63
110
92
84
106
108
114
101
125
129
123
145
131
137
129
119
125
100
116
109
65
73
85
92
58
46
139
128
120
121
115
94
106
106
128
126
144
143
153
101
123
117
109
125
104
106
118
114
122
113
72
97
94
66
110
115
128
112
97
113
86
78
75
74
77
59
74
70
73
107
70
97
45
75
65
39
40
36
25
39
75
74
72
59
72
27
28
28
25
27
99
112
111
135
133
153
114
111
111
111
135
122
120
106
50
34
61
42
78
68
89
125
51
31
15
20
42
56
71
73
74
73
70
69
70
125
102
84
44
44
110
82
79
94
82
66
86
93
120
100
65
83
76
30
105
85
32
73
83
84
51
72
72
71
100
82
84
73
95
94
107
102
101
100
108
102
112
106
108
97
107
112
104
115
114
117
102
108
94
78
100
92
101
103
95
100
78
96
98
91
107
90
103
111
101
104
112
98
90
93
89
97
91
95
92
88
84
80
91
96
94
89
95
81
89
94
100
79
95
91
96
94
90
95
85
85
95
94
74
85
89
79
92
83
101
87
89
72
97
91
97
101
92
91
108
88
74
98
100
92
81
74
103
94
108
98
99
95
105
81
90
108
89
107
100
96
116
111
108
124
117
109
106
121
114
111
108
111
104
98
101
109
107
99
104
106
101
106
101
104
109
100
108
98
101
110
107
96
79
92
100
93
109
110
93
87
106
103
91
112
109
100
97
111
92
109
102
101
113
117
100
109
100
105
94
104
102
97
105
104
101
110
99
110
108
109
112
113
106
106
113
110
103
111
109
112
104
113
107
108
115
115
106
115
93
112
120
102
95
108
106
95
108
96
109
95
96
101
104
84
90
96
67
60
82
78
81
78
56
71
79
77
30
33
107
105
127
119
137
129
105
81
103
103
116
108
116
109
115
113
109
117
93
100
114
112
98
115
102
103
116
119
102
118
107
114
97
109
107
104
108
112
100
113
102
113
101
113
105
113
109
103
110
106
100
108
102
92
110
96
97
110
111
97
97
113
103
115
99
85
107
104
98
112
96
93
111
109
95
112
100
105
108
104
102
106
95
106
104
107
100
109
97
112
106
114
110
115
108
112
101
108
111
109
102
108
101
103
92
96
103
87
79
98
101
89
95
90
103
91
107
94
109
92
101
90
101
95
98
86
86
98
96
85
96
94
96
85
97
90
97
92
89
79
95
91
87
96
91
103
98
109
116
113
108
102
106
113
112
104
121
98
115
102
98
121
109
102
98
111
77
115
99
89
96
117
116
102
89
109
100
108
98
112
94
103
96
99
93
109
103
111
98
83
115
115
125
109
115
107
116
109
108
108
122
110
124
110
118
111
108
115
113
108
107
115
105
111
111
97
94
87
112
109
109
107
112
116
111
117
115
116
101
104
98
115
95
82
98
77
94
100
86
98
62
26
28
38
39
61
96
73
22
71
28
29
26
28
49
55
68
78
88
98
91
97
72
83
104
95
109
99
110
95
105
103
99
91
105
109
95
104
96
101
109
115
105
109
110
104
120
115
99
109
113
110
103
115
110
126
106
98
123
111
103
108
111
74
85
98
94
80
92
85
90
90
85
83
75
98
95
101
96
100
81
95
96
79
105
97
89
94
88
96
105
98
90
103
100
105
104
98
86
109
96
106
91
100
97
74
96
88
89
95
92
91
96
86
103
93
91
108
20053
20044
20029
20042
20010
20016
19998
20053
142
20096
123
123
157
158
185
138
117
135
130
143
133
138
119
141
125
143
128
141
132
127
138
133
125
123
95
103
91
119
115
105
113
113
117
112
114
119
111
102
94
119
104
117
118
120
113
107
114
98
167
156
165
164
219
238
223
233
169
240
174
164
171
162
116
111
122
109
121
118
118
111
118
96
115
122
125
111
112
126
122
107
100
115
106
103
85
92
108
106
91
89
60
47
70
85
89
74
91
104
106
86
103
75
81
81
98
98
103
116
113
111
112
100
109
105
114
100
116
108
120
111
107
121
110
124
123
113
123
114
96
114
96
107
102
88
79
97
112
109
112
115
127
138
139
153
155
146
110
123
102
136
123
134
133
117
124
116
115
118
118
112
90
91
73
65
58
40
29
25
24
22
26
25
79
84
87
89
72
41
36
38
40
41
6
12
14
5
3
2
3
9
27
25
31
31
48
51
45
50
43
50
45
62
67
77
62
67
52
54
54
51
53
56
45
41
35
63
56
60
54
66
57
68
55
65
62
60
60
55
67
58
68
67
70
69
74
71
73
71
66
77
69
78
69
73
65
66
68
74
64
62
64
67
68
78
69
76
66
83
80
92
78
77
70
73
79
70
85
72
66
66
55
73
62
68
57
63
53
58
63
62
63
62
78
63
73
64
72
58
63
73
70
62
74
72
63
74
65
568
555
572
566
575
581
588
578
92
588
100
93
101
93
104
109
94
80
95
92
104
65
116
108
114
127
121
125
94
82
70
84
55
85
89
82
91
74
100
70
90
92
115
115
128
122
128
125
119
116
109
116
112
105
101
114
106
117
97
118
119
113
112
127
116
107
110
129
96
104
110
103
87
118
71
108
74
80
98
81
117
73
95
40
85
16
58
9
44
41
60
52
67
63
66
65
64
66
106
104
109
98
127
98
117
132
131
160
152
152
166
166
133
137
131
139
118
129
114
127
111
47
58
103
80
96
94
108
99
79
83
78
100
100
66
126
127
134
121
105
119
107
117
115
109
103
98
108
110
108
119
110
129
112
125
116
122
108
124
116
120
123
119
122
120
107
121
102
115
113
102
106
105
92
104
96
98
106
90
97
115
100
88
105
65
75
106
84
91
93
93
118
109
105
86
98
77
89
71
84
90
92
83
98
95
102
96
109
100
98
98
106
94
108
106
111
97
97
103
106
97
104
86
71
48
67
74
70
53
98
95
61
54
55
61
59
62
87
86
105
101
101
108
111
101
104
104
100
79
86
45
109
65
54
77
86
87
62
46
84
70
71
84
81
91
97
92
107
93
86
108
76
102
92
103
93
101
97
99
92
85
75
88
94
87
98
89
99
99
86
96
106
108
107
95
102
99
102
102
82
96
88
95
89
95
97
89
96
88
101
96
107
95
100
108
90
100
106
112
99
110
97
100
93
97
89
106
87
99
90
100
82
88
100
76
90
78
85
75
68
67
59
51
54
59
79
82
94
88
84
104
103
140
132
126
137
132
124
131
131
136
129
96
79
99
101
106
92
89
93
103
114
105
129
117
109
124
116
116
89
102
95
107
108
98
100
105
110
104
111
111
114
112
119
104
119
108
115
111
118
111
113
120
119
110
114
112
113
91
105
107
94
94
105
108
92
93
87
104
104
96
88
102
101
100
94
100
88
99
89
96
109
91
104
93
94
105
102
100
105
91
105
93
105
98
91
86
96
101
89
100
87
101
85
99
102
85
91
99
94
97
91
96
89
102
92
93
103
93
99
91
82
100
86
82
89
99
106
92
101
100
108
110
96
103
101
92
104
93
106
95
115
107
117
110
120
112
122
115
123
115
115
93
111
109
91
88
98
104
112
106
109
90
113
113
122
119
127
90
113
85
75
63
88
93
84
93
94
97
73
76
93
93
94
86
92
106
105
98
109
102
108
99
104
106
113
123
98
97
103
112
100
113
105
121
106
93
110
101
111
77
98
63
106
43
84
84
70
49
71
86
87
87
103
102
120
98
103
104
99
100
92
97
89
98
94
105
81
96
94
105
96
102
93
86
99
98
91
98
87
98
97
87
92
103
94
97
86
103
103
99
90
79
70
96
81
94
105
104
95
105
91
90
103
103
106
86
103
99
86
104
94
71
104
98
112
107
95
116
113
88
87
114
77
115
103
79
82
74
57
52
53
79
94
10
9
12
49
49
65
62
57
76
90
75
106
110
106
98
116
91
98
107
101
95
109
108
78
98
82
97
91
98
98
92
90
103
99
92
104
102
103
84
94
103
104
131
114
103
115
108
113
105
104
113
120
97
113
91
71
111
87
107
92
112
95
112
97
131
107
125
125
135
138
123
123
135
109
135
107
120
124
111
118
111
118
108
116
105
115
105
117
118
112
125
112
117
123
129
117
128
114
120
113
124
116
122
108
124
121
123
127
92
40
38
114
72
49
65
84
107
24
16
39
34
48
53
57
69
71
68
96
96
111
101
111
101
107
103
123
107
120
114
115
105
119
115
109
116
114
101
100
113
115
112
115
108
107
117
117
115
116
103
111
114
116
110
114
105
102
112
110
98
107
104
100
98
94
100
99
91
90
102
103
92
108
108
108
98
95
103
109
101
113
102
115
107
116
111
108
123
117
96
120
104
95
120
108
101
107
104
96
94
105
101
91
86
108
100
104
106
124
110
114
96
131
117
109
127
109
92
106
119
111
109
131
109
117
100
118
102
117
105
119
111
117
118
125
123
120
113
116
110
109
103
115
112
96
88
97
110
108
115
101
120
109
105
104
104
118
111
117
97
86
107
107
114
103
115
102
100
112
88
106
114
91
80
101
93
79
93
89
96
95
111
93
116
102
111
99
113
111
107
110
115
106
123
116
108
116
106
114
99
115
103
104
111
110
105
104
111
113
106
90
114
104
111
103
110
102
111
103
105
104
109
96
114
108
95
98
122
110
125
117
132
125
129
125
129
104
116
113
106
101
117
111
100
99
89
107
107
95
102
93
100
82
91
107
99
113
102
114
102
123
114
127
119
130
125
137
129
129
117
137
101
130
105
118
96
108
100
103
105
98
96
107
117
116
102
119
91
102
108
107
105
99
111
116
109
105
115
116
115
128
121
110
129
126
123
133
112
121
113
124
117
125
115
110
124
126
124
131
121
124
117
117
103
123
118
102
120
104
120
118
112
91
117
113
123
121
111
119
117
109
92
118
114
102
118
108
97
110
110
103
93
91
114
104
95
114
105
109
104
120
118
98
114
106
108
121
121
107
121
112
120
108
112
123
121
112
119
111
117
112
117
112
117
105
113
121
122
116
124
116
120
123
111
119
116
92
100
112
87
97
106
98
107
94
110
103
113
92
106
97
102
93
79
112
122
122
120
135
117
128
122
101
101
105
117
111
107
110
73
89
72
87
61
41
101
51
95
63
65
64
63
63
66
73
84
84
78
95
93
81
90
89
102
97
97
90
99
85
80
94
82
95
93
87
84
59
44
60
74
95
58
86
77
89
72
72
61
68
68
85
86
98
89
98
93
97
92
81
96
90
102
76
88
90
89
93
88
98
90
92
102
94
94
107
97
57
108
78
99
67
86
93
85
71
77
88
88
65
61
78
73
79
79
65
86
75
89
80
80
67
95
84
97
88
82
82
97
114
95
93
91
102
94
102
95
100
93
103
103
113
96
99
115
93
75
102
85
95
99
86
102
81
98
83
92
82
92
99
89
95
87
95
92
107
88
96
91
105
92
96
72
101
106
85
90
112
104
117
101
122
121
117
127
117
120
112
104
124
101
79
106
100
103
94
94
107
119
112
126
117
119
113
107
113
100
88
74
80
63
74
60
66
65
66
71
66
81
82
76
82
90
90
87
79
83
75
78
74
80
77
75
74
77
75
84
80
91
94
88
81
61
83
75
78
93
79
87
77
79
76
81
94
96
91
80
107
93
115
111
128
106
101
95
79
75
64
127
109
40
50
40
51
79
78
78
79
119
118
128
128
121
124
102
109
99
115
107
118
108
117
114
108
115
112
92
96
100
112
100
119
103
108
117
111
121
127
127
123
119
114
119
107
106
121
105
120
93
96
114
111
100
98
106
1743
109
1740
1737
1754
1754
1742
1719
75
64
55
53
49
1721
1731
4
16
21
13
45
42
44
45
58
58
76
75
75
75
68
58
200
199
208
206
176
109
206
141
140
153
105
110
94
116
77
62
106
98
89
72
93
120
92
81
94
89
91
96
107
94
103
95
89
105
103
97
98
88
110
98
110
106
119
96
112
112
113
92
119
110
123
96
82
93
99
104
96
103
100
108
92
102
100
89
111
95
99
98
96
103
110
108
114
125
101
103
94
98
90
106
87
89
100
94
45
79
54
38
86
71
60
74
73
77
75
67
68
83
82
122
112
122
145
126
127
140
133
127
122
109
101
110
87
94
97
88
80
90
106
104
88
96
85
80
92
91
79
104
90
89
77
87
97
98
107
90
95
93
85
92
91
98
96
83
93
94
95
109
100
49
48
81
95
72
34
61
72
66
84
52
48
71
71
90
90
110
110
116
106
104
114
111
106
113
110
112
100
112
99
116
106
117
109
120
117
104
128
111
123
108
114
107
121
102
121
102
113
100
112
105
104
111
109
102
105
102
106
93
94
103
104
93
104
97
100
106
103
105
104
94
103
92
105
98
107
99
108
105
109
107
91
111
107
105
96
99
77
89
97
98
88
89
91
107
98
106
97
96
95
100
108
100
106
107
104
110
103
110
107
108
97
110
107
99
111
90
104
110
117
101
100
117
116
101
119
102
119
102
114
106
111
106
108
102
108
96
108
101
110
97
110
101
105
113
108
87
100
110
93
90
102
89
100
104
91
102
96
101
97
101
93
101
94
98
79
87
99
94
104
98
100
108
114
105
106
113
106
113
115
113
110
105
98
117
102
103
111
97
116
105
105
115
112
110
101
106
108
110
107
108
110
103
90
108
112
95
101
94
110
93
111
95
100
98
104
111
114
111
106
113
109
111
113
104
114
104
112
91
108
119
103
116
79
100
109
88
99
106
86
108
78
98
94
88
90
97
100
97
102
94
113
102
106
87
100
80
121
71
85
106
94
75
98
84
87
80
98
88
77
76
89
94
89
89
103
94
99
91
102
90
99
91
99
94
92
91
99
93
102
99
103
95
103
98
109
88
105
120
100
106
119
113
117
103
120
129
109
115
109
120
104
115
105
121
119
128
133
121
142
118
126
138
136
134
111
123
109
103
118
110
87
101
110
70
100
77
98
45
60
54
76
71
101
48
72
72
87
72
92
91
105
100
96
95
110
101
120
81
54
49
33
113
93
65
32
99
111
74
42
31
33
47
41
60
59
76
77
91
90
101
99
97
105
112
110
115
104
112
111
88
102
105
94
78
92
80
91
91
105
96
111
101
124
122
114
128
120
125
112
102
117
125
125
117
121
118
126
111
116
130
120
109
115
111
99
111
87
108
105
105
114
120
106
111
121
112
122
113
103
121
110
116
109
122
112
123
129
117
111
124
132
114
113
126
137
119
123
115
125
121
121
114
124
122
112
96
115
112
81
108
89
99
63
95
64
81
100
99
97
98
101
93
93
91
106
105
101
91
95
95
103
93
100
94
81
99
88
91
87
98
90
86
80
87
87
95
93
99
91
80
110
102
119
98
109
112
101
116
102
104
114
113
106
110
106
108
96
104
110
109
98
109
101
103
111
114
108
112
111
115
108
115
106
116
104
113
100
114
111
112
103
113
111
118
111
118
116
103
111
115
108
109
105
108
100
107
112
103
77
94
106
98
104
91
94
82
89
66
88
88
98
89
96
95
97
104
93
102
82
73
57
94
71
45
42
81
88
86
84
50
65
66
81
81
100
101
111
109
99
111
101
111
100
111
96
103
94
20578
20591
20597
20585
20601
20591
21521
21531
21542
1046
1030
1065
1023
67
1068
1044
140
144
132
86
160
159
180
174
193
130
192
75
83
94
90
190
109
98
94
105
95
102
89
88
86
103
99
98
102
113
99
108
103
108
106
114
111
115
105
114
108
117
105
108
101
90
71
84
97
89
96
103
90
109
100
99
107
107
121
112
118
113
114
109
109
112
113
102
101
112
113
84
69
105
57
91
93
79
92
94
58
70
72
61
86
51
86
98
102
93
97
89
100
87
98
96
94
104
102
90
107
96
106
104
99
88
103
95
102
98
108
105
105
98
115
100
112
100
114
101
111
99
105
105
110
116
117
110
109
108
118
111
115
102
105
116
108
115
119
108
97
90
110
109
100
102
116
101
115
70
94
103
116
85
105
91
89
100
102
89
98
100
99
98
113
102
106
110
104
109
112
108
113
109
110
100
105
113
118
111
113
98
96
110
111
106
111
103
105
99
92
106
103
97
107
101
92
101
97
88
105
94
101
87
102
89
95
101
101
98
115
99
113
122
119
110
125
58
81
72
49
94
102
121
186
178
85
86
175
108
108
110
133
146
98
64
101
47
46
71
86
83
83
81
65
39
90
3
11
9
11
43
47
90
82
104
97
97
95
87
96
96
107
101
118
95
83
104
269
269
295
294
322
312
304
476
257
447
467
276
299
266
265
279
277
107
104
94
93
96
100
91
103
109
83
97
105
90
100
109
103
116
84
95
100
97
99
77
95
84
77
89
93
93
88
75
77
93
75
74
80
79
96
82
84
85
86
81
101
96
104
90
91
102
113
108
115
116
112
105
113
102
116
113
113
105
109
111
102
114
115
114
110
113
119
111
116
118
100
113
110
107
109
102
108
101
106
104
109
98
112
105
110
108
112
105
90
102
109
110
98
112
99
111
92
108
103
108
119
124
117
125
120
127
118
130
122
120
128
126
114
124
117
124
113
118
110
121
110
119
113
111
100
122
111
123
113
114
106
111
112
121
120
100
107
99
97
102
104
78
101
89
87
75
99
92
99
100
105
96
106
99
108
105
116
105
114
106
106
109
103
110
103
110
102
110
104
111
112
100
115
113
113
109
112
103
111
103
111
104
110
103
111
108
111
105
104
110
111
107
111
104
112
100
101
113
113
111
103
111
110
102
110
103
110
99
111
109
104
114
112
103
110
103
108
105
107
105
108
97
106
109
96
103
108
107
108
101
101
107
96
107
108
103
108
97
102
109
107
77
86
97
114
109
112
106
105
115
91
86
119
116
106
121
110
121
105
125
106
105
111
115
107
113
105
117
109
118
116
119
116
120
117
121
112
122
112
121
112
133
98
131
143
121
135
155
144
134
130
126
133
125
112
107
110
101
112
93
110
80
107
97
95
86
93
101
94
103
91
103
96
111
100
114
94
106
105
109
100
98
107
99
104
102
109
103
114
110
116
103
112
93
106
95
109
100
107
102
96
104
109
102
110
101
107
93
109
100
82
106
90
105
84
90
71
102
91
101
95
100
89
99
79
91
90
99
89
98
86
86
97
97
85
98
88
100
103
106
95
105
94
88
84
93
100
97
93
102
102
93
99
101
100
102
108
101
98
89
101
88
105
101
100
95
108
96
105
94
107
104
92
103
96
97
86
100
90
91
102
80
94
103
83
103
101
97
94
82
85
62
60
77
96
89
75
97
87
104
103
111
109
93
110
105
104
118
120
117
116
123
110
121
119
108
126
78
106
87
96
104
92
105
98
104
87
103
91
99
99
128
115
123
87
86
95
69
106
117
47
62
93
80
82
69
81
90
86
88
117
106
122
112
120
113
111
129
108
108
102
86
110
94
99
102
100
107
94
112
103
107
94
94
103
99
105
101
93
88
98
106
96
111
98
93
103
83
101
94
101
92
103
97
105
99
104
95
75
100
94
104
90
83
102
88
70
97
87
94
74
95
77
82
87
101
94
95
84
99
101
82
98
93
100
115
103
120
113
107
133
130
124
121
123
116
133
116
132
112
115
105
118
80
95
107
115
98
93
99
94
97
89
81
90
110
94
94
101
98
101
101
82
94
94
102
103
104
111
113
116
113
116
116
114
107
106
111
123
120
118
116
113
108
110
111
97
102
130
112
110
113
109
85
44
47
108
93
88
125
81
87
67
88
47
73
73
91
66
84
43
41
90
83
43
34
88
48
26
23
77
25
47
28
26
97
96
99
98
117
116
107
115
103
116
90
112
104
108
95
108
98
111
105
118
98
104
102
112
118
107
124
112
122
113
123
109
126
112
113
104
100
90
92
97
105
93
110
98
112
101
119
120
130
112
124
129
113
126
107
90
119
114
84
98
107
104
97
101
99
102
89
90
91
100
102
94
97
86
99
86
97
94
87
99
84
97
89
98
89
97
88
94
104
99
105
86
99
103
92
106
100
99
101
94
87
93
93
67
58
80
87
84
96
91
93
81
84
92
77
65
79
84
91
90
109
95
107
92
99
92
86
86
94
93
90
38
101
76
48
56
65
83
85
78
76
86
85
101
113
112
96
107
102
109
106
116
104
118
107
122
111
116
110
120
112
114
111
116
108
111
114
111
87
74
103
70
109
107
95
105
97
94
99
97
87
95
93
94
92
89
93
78
95
90
94
75
87
92
76
92
85
88
87
96
89
101
96
98
101
100
99
113
39
38
29
51
63
73
56
88
3
2
5
40
43
48
49
63
65
82
82
102
101
113
110
108
110
111
108
91
101
111
111
93
106
96
96
108
106
94
87
110
111
100
94
94
110
103
94
95
105
105
93
103
100
83
103
92
103
93
102
77
88
85
98
99
94
102
97
104
98
107
109
105
42
54
85
49
72
108
64
84
77
72
38
42
67
66
84
83
62
49
95
102
69
78
89
87
82
93
79
77
76
61
77
76
97
96
104
99
118
106
97
109
113
105
117
76
86
111
66
96
101
88
90
108
93
109
97
109
107
120
109
119
108
116
105
116
110
111
97
108
103
97
120
131
101
114
121
132
126
127
122
111
97
111
96
112
94
100
88
90
102
90
101
87
98
96
79
84
95
87
97
91
106
94
97
109
98
104
102
82
88
97
90
88
94
97
92
104
101
99
101
95
103
95
104
103
92
107
94
90
102
99
92
104
91
102
98
91
104
112
104
93
106
98
102
103
106
109
107
112
103
116
105
118
109
123
109
115
103
114
106
109
100
87
104
114
109
120
131
116
131
122
127
127
121
66
97
83
139
84
88
107
101
68
66
112
65
62
93
137
147
150
161
117
129
95
102
110
107
103
119
489
481
479
487
500
500
75
491
469
65
479
464
107
86
85
100
96
93
115
104
110
96
106
120
106
121
141
107
117
92
113
96
129
68
73
70
18
52
16
17
53
70
69
65
35
33
46
33
52
40
40
39
38
39
43
37
37
69
70
57
71
33
10
23
66
63
85
59
55
57
62
55
61
85
68
57
38
31
8
22
23
21
15
13
6
39
19
18
18
20
20
17
39
88
79
62
63
43
45
45
47
89
88
15
28
41
41
38
39
42
43
46
47
48
40
3
12
7
10
15
31
47
45
53
53
76
76
94
93
105
109
82
107
94
71
113
94
101
116
114
127
108
49
46
78
76
71
98
86
40
79
57
63
61
81
79
86
88
87
96
112
105
87
99
90
107
76
88
106
108
100
96
96
92
92
105
102
96
107
93
84
91
97
110
97
101
94
100
95
96
101
95
94
106
93
105
93
100
105
91
101
84
138
122
134
122
135
124
147
92
135
97
80
109
103
112
104
108
96
88
87
108
108
120
113
92
107
116
113
101
96
110
99
106
107
99
95
103
110
100
117
114
120
117
1471
1457
1476
1471
1477
1469
1477
1469
1471
152
113
152
158
154
166
144
158
146
156
143
101
110
94
115
109
99
96
101
106
102
96
87
81
92
79
101
104
82
93
86
100
84
95
70
72
85
100
93
89
101
81
90
103
80
94
86
95
88
101
91
102
100
87
103
100
113
100
103
111
102
121
113
122
98
109
117
122
113
127
124
119
111
118
115
123
114
121
108
118
110
114
109
113
95
108
107
102
100
114
101
113
101
104
97
100
113
118
110
111
100
107
117
119
115
125
105
92
107
104
101
80
93
99
96
89
93
88
91
91
98
96
95
87
78
93
102
100
95
96
92
98
99
84
92
85
91
80
87
87
94
87
92
97
102
96
101
85
93
104
102
100
98
89
99
90
97
88
77
84
85
94
89
95
79
90
80
90
96
82
91
83
71
95
82
71
86
101
82
90
86
82
87
131
129
130
139
129
140
141
132
144
134
97
104
100
80
90
74
84
96
93
83
95
87
95
82
72
79
88
87
90
101
100
89
99
97
102
92
85
100
97
88
92
80
87
89
93
84
96
88
96
91
102
100
101
101
95
77
51
48
45
42
44
46
58
81
81
101
64
10
3
35
24
42
41
58
58
58
57
96
96
105
107
106
110
81
89
111
81
88
101
107
115
104
106
121
104
108
84
84
95
101
103
105
80
90
102
95
113
99
91
96
102
93
98
106
102
99
90
103
104
102
104
80
87
94
100
99
87
107
94
99
95
96
91
103
99
100
92
85
96
87
74
86
99
101
93
104
95
105
103
94
83
76
93
107
94
93
101
100
87
89
75
98
100
90
99
96
95
99
88
88
88
83
102
90
100
90
100
89
100
76
88
91
86
86
99
88
103
90
103
87
84
84
105
92
91
105
102
94
83
106
96
105
101
98
103
102
93
78
100
91
101
88
94
90
98
91
95
91
96
103
102
90
92
102
84
89
101
89
80
93
50
69
64
33
42
89
87
84
63
61
60
74
74
77
82
88
88
96
94
87
98
88
98
82
93
100
71
81
83
91
57
106
97
97
94
92
81
104
105
126
117
113
101
114
113
108
124
117
115
118
110
117
103
118
116
116
106
116
106
108
107
114
102
110
91
103
108
103
104
113
103
104
95
108
99
102
97
106
94
104
102
106
94
103
99
111
104
103
96
85
72
87
101
97
96
89
100
99
97
93
94
108
100
111
87
101
112
99
105
98
104
102
104
105
97
109
97
105
94
93
103
76
88
96
95
89
73
83
91
86
105
92
108
106
102
111
105
104
111
113
116
110
103
113
113
115
118
115
130
132
130
119
132
122
134
124
134
110
124
120
122
114
121
107
126
110
113
106
110
103
106
99
99
86
98
91
103
78
103
90
71
83
83
106
103
94
106
103
105
110
112
88
120
117
104
117
101
111
104
107
116
117
91
107
99
113
93
91
91
81
92
101
98
102
107
113
107
120
112
126
118
112
121
113
132
116
110
127
107
120
101
112
105
115
102
122
104
120
107
123
113
119
112
118
95
109
125
105
118
105
122
106
113
107
120
110
96
110
102
88
110
115
108
109
113
111
118
115
112
115
100
101
43
68
90
76
91
57
43
97
81
85
68
86
86
106
91
100
101
116
105
116
114
114
101
112
104
100
107
105
99
104
107
108
106
109
107
106
114
117
108
116
113
115
108
116
109
112
102
111
90
107
118
101
106
98
115
101
111
101
113
105
103
114
105
115
95
103
116
113
100
110
99
113
98
104
94
98
89
97
118
102
112
101
107
115
92
110
104
114
100
98
102
78
118
111
96
113
111
94
109
103
93
105
97
109
102
110
102
95
105
104
97
104
98
96
103
93
102
104
107
108
102
101
109
108
111
111
107
108
105
110
104
103
112
109
111
111
92
106
109
103
111
110
103
109
107
103
110
102
112
88
111
93
101
94
96
103
113
99
112
101
107
114
112
105
111
101
112
104
113
110
115
109
116
108
19359
19354
19443
19431
19420
19441
19425
19493
278
238
230
115
111
5
89
30
48
52
52
19416
83
84
87
80
85
85
45
2
26
29
28
28
31
32
34
36
37
39
25
25
25
90
92
97
38
28
102
28
3
8
8
40
21
38
29
53
53
98
99
120
119
120
100
121
123
133
84
98
139
116
127
111
129
115
135
124
119
123
120
127
110
106
93
101
122
117
99
105
70
46
61
80
87
58
27
212
49
244
45
49
46
43
95
88
95
105
105
110
121
115
101
105
101
116
108
103
116
112
102
92
108
102
115
101
117
100
103
115
96
95
103
97
105
101
95
102
83
95
97
105
108
100
110
88
73
66
63
54
72
95
109
95
92
88
74
73
66
89
88
101
99
120
113
118
124
110
125
110
128
127
92
81
77
60
121
101
108
111
92
107
88
75
67
67
90
90
104
100
97
86
89
103
83
102
100
96
95
97
105
95
109
110
100
53
121
65
84
108
81
109
92
111
97
74
94
90
91
89
109
100
99
90
100
87
100
98
93
88
98
97
97
103
104
68
101
88
83
90
76
105
85
102
101
90
99
97
117
116
84
109
87
101
95
107
94
85
98
95
100
103
100
94
104
94
105
104
121
113
128
124
123
111
120
110
130
114
89
102
100
91
74
65
61
53
54
48
50
102
92
3
19
43
32
26
29
31
33
36
34
33
30
13
65
67
70
69
71
62
58
53
68
30
68
31
28
31
29
28
23
24
25
68
66
86
87
89
99
80
93
92
95
113
103
86
107
70
105
120
108
118
103
111
110
120
99
118
105
106
113
91
113
100
111
105
98
107
122
113
103
112
110
114
104
124
109
112
111
110
117
116
103
94
95
107
97
89
82
94
101
105
89
92
103
92
103
98
96
97
101
90
99
83
88
93
94
87
88
93
82
87
70
93
93
92
105
93
100
110
108
110
107
99
112
99
113
98
110
102
107
105
104
91
103
92
101
96
105
97
103
97
102
96
102
86
91
99
78
93
87
76
70
82
69
67
48
61
43
100
92
104
101
116
116
129
126
144
137
89
96
102
101
81
95
89
104
101
95
95
111
103
101
114
104
110
97
121
103
115
101
110
86
98
114
103
98
114
105
95
96
97
89
96
109
107
94
83
97
107
108
116
122
102
107
102
110
101
119
98
93
107
105
93
93
106
92
73
82
87
72
89
83
92
88
104
79
58
42
41
51
95
73
97
