41
32
31
34
121
25
380
123
360
448
15
344
17
43
19
17
14
71
88
74
62
74
113
115
69
85
80
216
187
204
163
162
178
178
178
112
200
111
108
111
122
104
108
132
116
135
116
109
120
109
101
117
81
89
99
103
104
98
111
101
109
92
117
119
129
132
133
113
145
163
144
162
156
142
153
154
116
108
94
100
121
144
156
152
165
150
158
157
149
173
175
124
150
166
166
176
164
102
173
124
124
127
129
101
118
114
106
105
88
100
89
101
75
120
99
101
101
101
112
107
77
37
106
97
69
129
43
78
78
68
4
23
22
38
53
48
51
76
72
79
81
82
90
93
95
99
112
88
87
98
97
90
93
94
99
107
86
105
92
96
86
85
93
101
86
83
96
95
91
96
104
93
102
91
93
92
92
94
80
84
88
83
87
96
75
104
77
91
113
101
111
103
116
115
116
113
99
102
108
102
107
116
104
119
103
119
103
121
126
114
112
131
109
99
117
119
107
113
100
96
110
87
103
75
84
99
82
92
96
105
113
101
111
99
113
122
93
114
100
106
97
104
98
103
104
108
104
115
106
100
97
116
107
103
121
111
118
120
112
98
126
87
105
115
109
103
121
103
97
103
101
89
108
109
102
114
102
94
106
101
111
90
102
92
91
87
83
58
74
92
104
93
89
100
110
108
83
104
93
114
107
114
109
129
112
128
120
124
119
116
116
115
124
122
114
123
112
122
114
127
114
100
112
107
122
107
115
86
111
103
103
100
105
84
88
94
105
93
82
91
91
103
91
96
91
99
89
93
95
94
94
100
106
103
91
101
86
100
92
82
93
85
74
96
85
88
91
93
91
73
94
94
75
86
70
80
83
92
79
82
92
82
88
97
92
98
97
101
98
101
89
93
100
94
84
90
73
86
92
83
79
89
68
84
52
70
83
89
83
89
80
80
81
97
78
97
72
90
105
98
114
107
98
114
106
115
109
76
101
99
87
96
99
86
97
88
91
97
102
93
94
101
90
92
86
79
94
85
92
82
80
73
97
70
82
77
84
87
91
92
86
99
97
89
100
85
102
94
88
94
83
95
82
7723
7724
7734
7731
7718
7734
7748
7740
7812
163
7806
197
220
214
201
197
191
187
118
99
95
82
5
16
18
7
18
5
7
9
29
47
43
37
45
68
49
64
22
51
66
59
62
25
33
89
107
48
49
74
75
102
103
133
133
130
148
136
146
136
139
142
119
127
114
121
126
133
127
130
93
106
118
115
98
125
112
113
103
75
112
113
122
121
115
95
107
51
115
54
71
35
71
65
42
76
87
23
49
48
78
77
104
104
131
147
140
145
54
42
33
107
99
80
70
134
118
76
46
1441
1430
1432
1438
1440
1500
1500
1523
1537
144
147
117
125
106
45
116
92
71
48
125
125
28
65
3
8
5
3
3
4
14
15
27
24
42
49
46
47
49
52
76
77
85
87
89
94
78
92
88
87
96
78
88
85
90
87
92
99
102
100
81
103
90
136
107
145
115
121
130
128
123
119
118
67
67
90
66
92
87
101
88
100
94
110
94
110
107
107
104
106
104
107
97
105
108
99
85
106
105
98
102
108
100
117
111
102
110
102
101
109
101
105
98
103
104
100
107
101
99
101
93
84
84
81
50
72
61
50
61
63
56
57
62
60
65
65
72
66
73
56
58
67
56
57
67
60
56
61
55
60
59
62
59
59
51
60
52
64
58
55
57
58
73
68
85
79
88
82
90
114
105
99
104
86
107
98
103
94
107
94
100
104
96
96
91
87
105
109
96
100
94
95
102
103
96
111
98
104
99
92
102
95
103
100
103
101
89
98
86
94
86
76
84
93
88
82
80
90
92
79
81
81
91
82
90
89
84
90
84
89
83
88
84
92
92
96
81
86
95
90
93
98
84
93
100
81
100
85
102
96
87
97
100
81
102
96
98
97
110
103
109
95
97
104
99
76
89
79
74
88
94
92
94
86
90
92
96
84
81
79
91
89
93
87
86
96
102
101
92
103
90
102
101
91
102
92
100
93
89
99
100
92
99
80
86
95
90
96
90
74
95
86
100
92
94
105
101
92
98
102
89
90
93
98
98
96
100
99
103
93
110
102
100
109
86
77
101
86
98
91
98
80
70
80
70
55
69
64
99
84
93
99
102
68
77
77
93
94
95
76
33
83
65
22
101
61
51
40
4
4
5
6
24
21
35
18
41
36
45
31
46
55
54
55
61
37
51
25
63
66
39
45
48
77
10
64
45
4
18
17
19
28
38
35
41
61
60
61
87
93
93
108
98
113
121
103
26
111
72
41
89
46
21
58
4
5
9
34
29
31
29
30
24
28
31
62
43
19
44
25
59
44
18
48
33
4
5
5
4
29
7
5
10
18
8
5
3
16
22
26
42
56
68
50
75
73
93
92
97
77
92
64
105
95
96
90
77
96
84
64
59
78
77
89
89
92
82
86
109
90
108
92
109
99
99
73
80
112
87
109
96
107
95
108
95
93
86
106
104
111
102
92
107
100
113
95
104
91
92
94
101
94
95
101
106
95
109
104
117
99
114
109
119
85
97
117
105
64
72
97
88
93
81
95
77
101
101
83
84
108
98
94
119
112
122
116
109
121
120
130
136
100
108
116
109
117
110
105
109
106
105
104
116
101
111
121
121
107
111
117
103
114
108
99
106
95
112
105
97
122
99
116
104
114
110
110
121
119
111
112
99
89
107
73
96
84
106
97
104
98
111
111
114
105
109
110
113
120
120
113
117
107
97
115
112
102
96
112
102
115
90
98
87
100
90
104
87
78
99
105
115
107
105
102
103
78
109
105
114
108
93
98
117
111
118
130
112
103
111
84
102
111
112
105
111
99
110
115
103
104
104
120
108
110
47
75
60
105
89
54
89
94
87
99
90
64
89
61
100
100
115
103
113
100
89
106
91
114
104
93
90
104
105
92
76
98
97
97
105
89
94
108
97
91
102
87
92
87
92
89
90
106
103
95
114
109
126
114
129
109
122
105
103
108
95
95
99
88
101
95
89
92
79
69
97
95
93
48
68
78
81
91
90
89
76
56
73
77
89
89
91
81
101
97
97
99
97
101
87
91
86
91
90
95
102
76
54
71
90
58
96
85
91
81
79
83
85
82
76
99
77
100
90
90
109
106
118
116
108
107
118
104
105
110
119
110
113
120
117
109
115
106
91
108
97
100
97
103
101
83
96
101
87
100
95
78
99
91
105
96
97
113
112
103
116
114
71
63
92
83
108
101
91
103
99
98
110
89
81
101
99
112
99
106
101
108
114
104
121
103
114
97
106
98
102
91
97
82
82
98
88
91
82
95
90
7291
7291
7310
7294
7289
62
7292
7316
102
84
56
7316
7309
43
4
5
16
10
18
5
12
2
10
26
13
17
33
36
11
29
15
28
31
9
8
8
33
42
32
41
54
54
66
64
56
76
81
92
88
92
95
99
87
91
85
88
90
96
73
107
107
104
114
115
108
117
115
123
110
161
154
155
145
154
156
163
155
137
203
146
136
154
141
155
136
101
148
109
102
105
107
93
107
91
104
88
95
89
92
104
92
81
102
91
105
93
98
104
109
94
94
94
107
99
95
103
96
104
103
91
83
88
100
98
89
73
94
92
96
93
95
94
79
88
77
102
86
73
87
93
92
102
85
106
96
102
101
93
91
92
89
100
99
94
98
80
90
101
77
88
94
97
92
83
100
80
92
97
102
95
104
90
103
87
102
90
99
103
90
80
95
91
94
78
99
95
93
82
92
91
110
109
106
93
86
92
99
101
81
98
91
102
91
99
86
95
83
95
97
104
93
108
98
93
96
90
100
89
74
82
90
70
89
80
87
79
86
19
33
32
56
29
76
69
65
49
10
17
18
30
31
42
52
54
51
33
47
31
30
70
70
83
85
68
82
85
82
76
90
83
81
92
81
84
64
65
76
87
93
92
81
91
82
94
85
84
99
75
87
79
88
86
78
67
84
84
73
83
85
74
68
65
77
82
57
63
81
81
92
74
88
81
78
77
95
94
104
90
105
100
111
99
112
109
112
101
112
105
111
103
101
109
110
97
103
84
106
100
93
74
86
95
108
105
95
104
97
98
81
105
110
86
113
106
120
107
124
106
123
108
102
100
114
107
113
110
113
106
107
113
107
110
85
103
108
105
94
113
95
109
98
111
96
115
112
110
103
109
112
113
111
119
116
117
85
98
124
107
110
103
106
99
98
100
88
94
79
89
96
103
84
87
89
102
86
92
99
83
100
98
110
104
111
102
110
104
98
112
75
78
104
89
94
99
92
102
101
111
88
101
93
90
102
79
99
87
100
93
96
102
104
98
113
90
99
75
76
108
87
100
100
87
95
101
105
91
88
98
90
106
102
116
104
118
120
113
111
128
132
115
126
118
138
119
121
125
110
74
98
90
32
24
124
42
49
65
9
7
17
4
18
4
13
10
7
14
14
16
7
4
13
36
32
41
43
61
49
71
72
86
88
93
92
100
103
111
123
118
117
118
108
119
113
108
127
112
122
78
100
98
96
106
102
101
111
107
81
95
94
116
98
112
114
93
96
108
97
117
104
115
106
115
108
134
132
123
102
105
112
110
118
109
118
107
94
109
100
113
104
110
102
105
113
114
100
112
121
103
104
121
113
106
109
119
123
129
86
107
115
121
98
116
104
118
99
111
114
119
104
108
109
120
111
111
105
110
101
98
100
107
96
111
63
41
54
100
53
73
44
94
82
14
7
16
9
13
6
4
4
3
19
6
18
19
20
15
5
14
11
21
17
30
15
24
11
26
3
4
3
26
18
24
34
36
36
56
53
73
75
74
96
77
95
96
70
42
57
26
90
19
85
94
46
92
28
6
21
56
3
5
10
15
16
36
34
43
44
52
57
56
73
64
79
78
95
94
108
112
108
122
102
107
112
95
93
104
112
97
100
100
109
93
50
55
88
114
76
64
17
24
55
63
78
19
19
35
94
17
88
11
21
19
32
37
27
30
54
69
70
71
89
79
78
92
92
117
116
111
123
118
108
116
110
110
81
97
93
104
99
90
100
94
112
106
112
123
91
108
105
101
86
80
102
90
97
89
99
101
100
79
106
108
70
92
87
102
83
71
89
97
69
86
90
91
106
98
105
93
97
110
110
102
121
117
117
110
117
106
120
116
107
116
102
112
99
111
100
92
104
110
108
102
112
113
105
111
114
125
123
115
114
96
86
96
50
61
126
49
79
107
69
4
4
4
13
11
23
34
19
9
14
21
11
19
31
41
41
43
13
22
27
35
38
4
3
6
19
22
29
41
50
48
55
34
57
43
14
48
30
46
42
4
3
4
14
5
3
23
7
6
5
11
6
3
24
9
6
17
32
42
35
48
46
37
73
71
87
83
90
89
90
82
100
112
102
107
113
98
101
108
105
94
102
92
100
79
100
87
77
86
84
93
86
93
81
89
83
95
79
73
83
66
78
94
91
97
81
97
94
105
100
91
95
107
96
99
97
83
92
93
99
96
88
87
78
79
64
71
101
89
97
90
106
104
106
88
98
92
101
114
101
106
98
110
108
97
107
77
91
91
102
91
94
56
43
69
23
75
46
30
18
26
31
27
31
27
16
14
3
5
14
13
20
12
22
20
5
15
10
19
19
45
50
17
35
33
22
48
49
46
51
3
17
6
14
5
5
23
3
14
7
17
10
27
25
66
49
73
71
51
72
68
68
75
60
37
68
446
426
373
375
377
380
383
386
388
390
5
20
23
67
8
22
3
41
18
39
48
39
51
63
88
87
123
122
148
146
114
125
126
151
95
86
137
110
127
118
111
130
139
143
106
133
123
134
122
138
109
130
130
123
132
110
124
124
87
112
88
140
116
97
104
124
108
124
111
132
124
109
115
131
125
114
113
120
113
131
138
119
119
118
128
121
133
120
169
146
149
142
157
142
156
150
94
101
84
70
84
147
101
104
92
108
93
100
100
107
85
89
91
95
89
100
55
70
92
83
79
79
80
53
130
118
121
120
109
141
71
70
72
72
100
113
103
100
101
102
84
93
82
95
110
123
115
87
99
81
105
94
80
45
19
110
44
112
67
84
42
81
68
25
112
93
62
64
794
792
803
801
804
842
821
845
828
845
116
145
135
152
108
121
94
117
78
116
93
117
81
83
57
104
84
269
271
289
285
247
245
246
245
57
58
48
38
5
14
12
18
31
45
47
62
60
55
47
59
52
46
57
96
94
95
80
61
77
74
77
77
79
92
96
96
85
90
94
93
102
99
94
98
92
84
100
106
93
86
91
96
110
113
99
110
103
105
98
96
100
109
78
86
86
91
85
71
86
81
92
97
91
87
94
104
103
101
106
114
116
103
96
109
116
100
112
104
109
107
107
103
97
111
108
105
108
96
106
99
107
101
109
97
110
106
105
103
113
106
111
109
113
105
83
103
111
91
105
95
111
104
94
107
107
99
110
103
117
101
114
101
114
106
121
113
118
115
118
111
109
116
114
104
106
100
107
94
104
102
107
91
82
107
103
100
91
97
110
101
109
113
103
109
107
115
112
108
105
109
95
106
93
96
105
109
102
106
109
111
109
113
110
114
112
108
106
107
97
93
106
104
97
102
95
106
96
65
85
77
105
103
104
92
85
99
87
90
98
105
96
113
98
81
93
93
77
87
100
88
99
94
88
97
85
103
96
107
95
105
101
109
101
114
98
111
99
110
102
96
98
107
100
94
105
101
95
102
98
91
72
106
79
88
90
85
85
96
61
98
86
79
83
85
101
81
88
88
70
96
95
89
97
98
85
98
92
97
96
92
84
95
91
100
92
90
26
58
47
52
13
98
79
72
36
8
28
12
9
14
24
17
4
7
4
12
16
13
14
39
24
32
8
27
17
3
24
36
39
37
38
66
65
82
81
76
95
100
86
81
92
92
93
78
86
90
81
88
82
84
93
71
92
85
91
92
94
94
94
87
94
92
95
94
94
97
90
92
91
87
71
92
84
83
91
89
79
77
91
83
95
87
80
77
71
75
74
93
85
95
91
93
93
102
106
87
71
94
87
91
103
113
103
113
105
114
117
107
118
117
93
103
85
92
101
96
103
92
93
101
97
93
103
96
92
97
101
90
90
98
90
71
78
64
98
101
80
88
83
80
89
91
80
85
84
96
88
99
92
83
98
88
103
89
97
86
77
91
85
93
76
83
89
83
88
98
93
99
88
80
96
100
111
98
114
98
112
100
113
101
109
101
107
105
95
103
98
90
99
87
103
101
104
94
101
95
104
101
101
98
89
94
80
100
91
109
104
95
106
109
86
93
68
92
71
51
109
92
93
80
96
93
92
90
79
80
97
91
103
93
100
91
103
99
112
99
112
91
104
112
103
110
96
98
92
93
104
87
98
105
104
93
105
110
96
102
75
92
113
115
110
122
110
118
95
100
96
55
60
35
24
67
80
87
31
111
6
6
38
15
12
10
24
13
35
3
18
32
37
38
65
62
79
78
65
94
93
111
102
104
115
93
110
118
100
94
102
89
37
57
74
33
39
65
21
90
10
7
11
21
25
7
6
16
31
33
10
27
20
13
10
7
13
22
21
36
57
43
58
65
64
74
81
94
92
88
108
102
104
94
108
96
103
93
95
97
102
102
113
97
115
113
116
109
118
109
115
109
101
116
109
96
88
108
105
98
86
86
100
95
98
108
110
115
106
118
126
128
120
127
110
114
111
113
119
121
118
112
120
112
120
116
107
116
106
124
121
125
116
124
120
124
110
125
112
112
104
91
109
97
107
100
110
96
111
98
98
96
106
91
102
96
101
94
97
88
98
85
79
95
97
96
102
92
101
95
98
93
90
86
87
74
80
91
83
91
88
93
100
108
99
99
97
96
90
81
91
85
101
88
90
92
101
98
115
107
97
111
108
95
97
129
110
121
121
108
121
119
124
113
113
99
129
120
109
127
114
116
128
133
113
110
100
116
127
104
112
99
100
94
95
110
117
97
102
105
108
96
99
97
89
91
106
101
104
91
101
91
110
101
110
104
103
91
107
97
110
103
104
94
88
100
94
86
96
101
81
87
97
86
87
94
92
77
55
39
29
85
67
93
54
50
96
78
74
53
58
73
72
91
90
106
112
108
114
106
117
106
110
102
108
120
117
110
118
114
121
109
128
120
125
116
122
112
96
114
107
117
99
90
77
96
91
88
96
109
101
111
109
129
127
111
86
120
116
97
119
112
126
112
116
118
111
121
104
105
112
103
118
106
112
113
102
118
108
111
118
112
120
122
113
120
113
112
121
107
119
115
102
107
111
110
102
86
107
95
106
97
106
99
99
113
103
112
90
98
106
104
95
112
101
117
105
118
111
130
110
118
105
115
98
82
105
82
92
74
89
84
91
101
101
88
74
75
73
94
113
96
92
81
92
90
105
104
99
114
113
104
114
113
116
94
104
103
105
115
112
100
112
90
99
106
98
97
104
88
107
95
111
104
98
110
106
112
106
852
827
833
874
867
894
905
1001
1024
297
276
280
256
228
213
106
102
76
53
50
231
1004
9
4
11
7
14
29
35
44
49
25
46
58
40
17
89
105
97
64
31
30
34
97
8
4
15
16
29
17
28
39
37
26
23
20
78
68
72
63
55
72
73
91
90
113
130
122
143
134
124
134
126
127
108
133
91
86
100
109
115
103
107
119
126
109
124
110
115
111
119
112
119
108
117
106
120
112
127
124
119
110
118
120
107
121
111
123
110
126
112
126
114
124
117
121
113
120
118
115
108
113
106
111
99
90
111
103
112
118
106
118
106
106
121
113
125
120
119
106
119
106
116
103
116
106
113
126
114
123
117
129
121
137
119
133
122
127
119
117
118
111
120
107
99
76
90
113
83
102
102
97
81
96
91
96
108
116
104
109
102
112
107
110
106
122
112
109
118
117
110
120
114
118
100
107
96
110
106
114
112
108
108
96
106
111
120
101
121
108
98
90
110
122
19012
19034
19027
19055
19040
19027
19056
19059
19048
19047
149
117
97
97
86
63
64
66
51
25
28
3
7
8
6
69
3
24
25
27
29
28
33
34
52
65
64
76
73
80
70
89
100
100
117
101
111
108
84
104
27
17
72
45
112
51
94
69
9
7
8
15
41
43
54
44
51
53
55
66
70
68
81
73
82
84
90
71
86
64
81
86
77
93
98
94
83
90
83
95
102
93
94
81
86
77
77
71
97
86
92
79
90
69
91
123
107
121
121
125
128
118
24
62
85
49
48
121
76
34
111
120
5
5
14
5
9
11
25
29
46
43
59
60
71
69
77
76
99
99
106
95
104
86
99
94
99
93
87
75
71
89
76
88
72
80
66
79
93
61
63
88
90
88
94
94
103
109
84
97
97
104
112
112
87
98
104
97
115
99
110
98
99
113
108
101
109
96
101
107
99
106
105
100
106
102
104
97
101
93
101
95
96
102
101
83
94
96
103
107
97
108
94
94
108
103
82
95
98
92
112
96
96
106
111
86
95
110
83
95
95
93
93
96
67
58
68
83
40
81
85
77
77
87
86
78
75
92
84
92
111
104
95
85
96
89
102
92
93
99
93
90
105
85
93
87
88
97
87
96
89
95
89
94
93
108
96
97
92
87
89
83
93
93
100
89
87
89
94
85
92
90
90
88
66
60
80
82
85
69
65
73
91
91
90
87
96
88
76
91
85
84
94
103
107
94
104
100
105
95
99
106
85
104
99
99
92
104
94
94
111
96
111
96
111
102
105
103
105
95
102
92
97
104
110
97
102
116
106
93
100
112
99
91
98
92
100
92
99
86
100
100
108
107
108
113
98
106
99
93
100
104
97
96
103
103
91
98
100
109
97
107
95
106
100
113
97
103
115
104
109
103
113
106
115
95
99
123
103
108
97
91
83
99
104
92
101
93
98
94
101
102
106
60
85
49
13
14
42
79
26
68
31
3
25
24
27
33
36
43
72
62
71
68
79
73
82
87
102
101
113
105
96
121
106
115
106
122
104
121
107
117
109
111
102
94
118
103
117
96
113
97
119
104
104
115
89
109
100
92
101
76
106
83
99
108
93
106
108
118
106
111
121
114
115
80
101
99
92
104
99
102
100
90
82
100
97
92
99
108
104
109
102
122
108
113
118
119
113
119
105
112
110
103
99
107
110
98
94
107
105
96
114
109
105
105
119
116
95
108
70
63
85
105
103
105
103
98
83
92
87
102
102
93
107
63
74
82
102
84
73
88
96
102
105
102
94
91
93
35
45
23
80
81
89
5
4
7
21
3
14
11
28
20
22
18
41
48
47
37
45
51
43
62
60
77
70
90
87
99
94
107
106
117
119
115
104
102
116
113
100
113
101
111
102
113
100
111
102
110
103
112
99
115
108
109
99
90
103
113
113
99
109
97
112
101
81
107
99
94
100
115
102
108
101
119
116
105
113
113
111
117
99
101
90
95
100
96
98
111
95
112
102
101
113
102
105
106
91
85
82
105
68
91
89
100
79
78
86
92
114
105
103
122
122
132
70
104
82
89
114
100
74
86
96
108
93
82
96
97
92
95
112
110
119
106
120
108
120
123
98
120
130
114
101
99
113
112
98
116
100
113
105
118
114
111
101
112
99
95
104
109
101
105
103
85
88
80
74
66
67
56
56
105
108
8
7
22
38
46
56
48
66
77
76
90
80
88
93
92
90
99
96
99
92
102
101
101
83
100
101
93
99
109
110
104
104
110
93
78
99
89
92
95
62
57
72
87
90
95
93
105
78
66
77
82
81
83
92
95
82
82
92
109
78
92
100
96
93
85
98
96
91
97
89
94
93
101
108
109
89
101
102
110
100
112
110
96
105
94
106
98
102
102
93
104
94
84
101
90
77
80
108
99
114
68
59
86
23
70
70
4
3
11
14
4
6
31
37
33
53
48
62
59
67
63
77
70
86
86
96
86
97
85
82
93
78
86
93
92
82
82
88
73
81
90
90
80
89
86
86
91
92
68
84
86
91
85
80
95
91
88
74
78
80
88
95
95
82
100
93
108
107
110
99
103
99
104
102
98
103
96
97
103
89
100
94
102
93
102
109
98
100
115
108
113
120
113
117
111
115
107
117
115
116
114
102
102
109
548
527
543
538
556
545
688
681
758
767
385
398
387
397
370
381
238
221
142
132
56
37
23
23
23
4
4
20
14
20
17
31
18
21
9
8
26
21
18
24
7
19
18
15
3
5
5
26
9
10
35
21
13
41
17
50
50
60
52
66
69
83
72
87
87
111
110
122
115
125
129
110
133
119
117
132
122
108
106
102
114
122
108
114
118
116
115
134
132
125
133
124
114
137
111
123
132
122
124
122
115
113
69
55
44
38
56
84
99
87
130
92
103
120
68
67
85
84
98
89
74
76
67
62
52
54
97
99
4
15
24
10
20
19
48
47
49
42
52
65
44
84
73
92
95
98
114
123
89
109
109
121
106
132
125
139
115
118
93
48
110
86
99
107
63
4
10
8
4
4
3
3
6
4
19
15
31
29
28
24
11
9
6
5
3
4
22
31
24
27
39
9
39
10
55
40
23
36
6
5
13
4
5
7
4
15
15
18
38
22
30
62
62
81
77
92
65
80
78
99
97
114
88
115
96
102
98
103
83
107
99
109
92
112
106
119
108
124
123
105
92
114
126
119
106
106
75
84
113
98
91
124
124
120
113
99
138
132
147
140
112
110
93
107
94
93
91
71
58
59
50
33
93
50
3
15
15
21
7
27
12
11
8
30
23
11
28
12
26
51
51
44
45
55
63
56
47
29
20
73
54
75
44
4
6
9
31
38
46
49
48
39
40
71
73
85
77
92
89
106
104
100
108
91
30
60
32
106
74
51
85
102
49
4
8
4
20
23
7
9
8
11
15
13
10
28
26
49
44
51
54
67
65
53
72
70
54
69
51
68
97
86
54
85
100
75
73
73
90
90
105
94
103
93
106
96
97
91
80
102
86
85
91
85
89
36
59
43
94
84
48
78
70
26
78
80
66
76
51
60
64
68
67
82
82
86
95
101
92
97
89
89
105
104
95
102
93
96
84
99
98
78
87
99
69
81
88
81
68
89
91
83
93
95
94
90
84
61
97
55
90
47
36
68
32
22
2
4
26
13
11
15
7
9
4
4
22
24
27
34
37
39
40
49
10
23
31
38
19
4
3
27
19
15
8
6
35
37
31
66
64
71
81
73
91
83
102
100
107
99
107
96
101
93
73
88
94
80
94
97
89
92
99
94
80
96
110
108
103
107
92
102
110
117
101
108
106
108
96
87
111
99
110
100
107
100
98
109
109
102
108
100
108
106
106
100
110
108
111
116
104
114
101
105
99
90
105
107
75
91
67
94
86
102
99
93
87
109
105
93
89
101
101
115
112
129
112
122
115
122
128
109
116
106
126
109
118
96
119
109
120
117
125
122
113
111
124
136
112
121
106
113
96
101
116
100
104
95
111
114
106
110
78
76
81
94
76
95
86
90
87
96
89
88
102
72
84
97
90
103
97
100
95
106
95
99
70
73
103
110
98
106
118
121
111
126
121
120
121
122
145
118
104
115
128
123
98
110
119
109
108
68
97
87
102
100
103
102
105
98
115
107
114
113
110
120
112
119
108
100
94
84
96
85
93
107
111
97
118
103
107
103
103
94
104
101
128
98
110
99
94
103
102
109
114
96
111
95
104
96
107
95
102
100
89
102
85
83
90
94
100
108
97
103
113
112
113
121
118
111
100
103
71
81
64
100
51
37
63
27
54
5
3
9
16
27
40
40
40
32
53
56
68
59
75
64
55
74
61
26
22
63
23
81
86
69
47
41
60
60
75
76
99
100
108
101
100
99
104
96
107
92
102
97
102
106
99
74
91
79
73
102
91
61
61
49
80
88
91
81
84
53
79
76
77
109
101
119
106
125
116
118
110
114
122
122
117
122
104
109
108
90
103
109
101
113
105
97
101
96
97
97
128
116
130
119
137
135
135
128
135
123
119
95
112
99
122
113
108
106
104
119
118
108
115
102
116
113
95
112
106
97
103
93
102
100
97
104
94
103
93
102
100
88
93
104
99
92
91
98
88
74
97
90
96
90
98
89
95
91
100
80
101
80
100
86
93
76
97
87
90
79
91
101
102
108
97
110
101
118
111
119
104
109
100
106
103
97
113
106
87
92
93
101
90
57
15
72
61
28
78
16
101
91
52
34
14
26
20
23
24
54
49
74
71
42
62
72
71
85
80
98
98
108
92
105
109
102
106
86
110
96
113
95
101
93
98
106
87
91
97
104
94
101
90
93
102
102
94
89
100
95
100
96
98
104
107
95
100
100
101
96
96
87
93
93
72
85
87
91
87
96
96
100
83
93
94
95
103
88
67
86
79
91
76
87
93
77
91
98
89
82
82
93
86
96
84
88
78
89
96
88
95
99
95
92
82
57
80
72
40
109
84
47
90
73
53
54
65
70
79
87
87
99
80
90
81
96
98
89
101
82
91
98
88
88
94
102
90
94
88
91
92
103
98
105
103
96
95
96
118
96
81
104
101
79
108
94
96
107
107
121
102
100
134
116
105
104
132
118
129
120
113
104
123
122
119
89
102
103
96
103
97
110
96
103
97
82
94
89
84
82
105
95
103
93
108
104
111
110
95
119
109
98
107
83
100
115
99
112
105
118
103
112
99
75
91
98
71
91
80
63
78
109
109
119
112
122
117
123
90
96
87
99
64
48
36
58
70
12
23
24
20
23
57
44
32
49
21
49
45
14
3
20
20
28
36
57
57
54
69
66
82
79
94
110
108
66
52
85
56
93
83
32
108
3
1
17
3
26
10
9
29
47
43
62
53
58
64
56
62
60
42
96
96
93
95
102
95
114
112
131
129
116
74
53
113
35
28
80
99
92
60
4
7
3
19
14
11
31
33
41
40
47
47
53
43
44
165
163
181
174
168
176
171
247
226
254
154
158
78
100
148
126
87
89
91
103
129
79
124
128
61
5
3
4
14
25
4
15
10
5
8
4
11
66
62
31
32
32
23
37
22
35
29
43
8
5
8
13
11
34
32
17
5
16
14
32
42
47
39
42
66
65
65
55
68
83
85
100
95
106
98
98
79
113
107
108
97
106
103
105
90
102
77
93
84
72
66
93
109
108
98
118
120
113
128
101
117
33
54
109
95
116
73
47
66
19
7
8
6
11
10
11
5
4
6
3
2
20
13
21
32
39
9
26
21
37
5
66
52
36
6
21
44
60
8
15
24
30
33
40
69
66
60
94
65
57
65
72
24
53
82
62
6
19
17
30
10
18
11
7
17
22
31
24
35
19
6
4
7
7
39
42
9
28
39
33
10
37
23
30
36
14
3
2
25
3
10
7
10
29
28
44
59
37
40
25
87
12
18
43
84
85
26
84
7
8
19
29
41
39
52
30
26
12
41
44
10
8
15
31
27
7
15
31
60
62
58
87
85
105
103
109
119
118
127
113
120
118
124
123
99
117
104
117
108
118
105
115
103
113
103
116
108
118
112
121
109
124
112
129
110
129
106
120
122
109
117
129
102
125
115
110
93
71
101
85
49
101
92
101
42
87
73
102
64
71
70
72
70
48
70
50
109
93
86
88
65
92
102
102
100
93
56
50
33
45
79
100
73
4
10
3
10
3
10
19
30
37
14
30
21
28
38
16
21
32
3
8
4
5
1
4
4
7
14
14
8
6
11
4
4
10
13
5
4
17
5
16
3
3
10
11
6
16
22
23
27
37
35
41
42
49
49
49
52
58
69
66
73
79
21654
21668
21640
21645
21666
21658
21675
21633
21646
21668
4
15
11
4
9
16
7
16
19
7
20
23
13
11
32
15
14
24
16
31
32
40
54
54
50
62
59
61
64
60
77
77
101
92
88
92
89
105
97
93
100
77
98
93
104
80
98
92
102
94
99
93
100
94
84
72
85
97
96
81
87
76
93
92
80
84
90
92
86
91
96
99
86
85
96
101
92
153
142
152
149
143
154
155
147
147
140
94
83
80
90
91
86
95
93
93
111
94
99
106
100
107
107
101
112
103
105
113
114
104
116
105
113
108
98
104
101
103
93
95
102
91
95
106
111
103
117
106
92
109
110
100
113
107
99
117
97
113
103
105
118
108
117
118
116
118
106
120
107
120
113
121
116
114
118
105
119
104
117
104
112
105
116
113
117
110
117
108
115
121
107
118
106
97
115
118
103
107
122
114
107
102
112
114
82
111
97
107
81
34
99
69
88
66
42
26
42
4
5
27
24
20
9
11
7
16
30
39
46
45
53
45
45
66
73
81
77
88
82
97
78
80
109
103
116
118
102
117
104
113
116
107
112
103
108
96
110
101
99
109
103
105
106
95
112
112
95
109
100
112
95
89
103
95
83
97
92
103
93
107
92
107
101
112
99
100
104
102
108
107
92
91
104
102
91
100
91
108
104
109
97
108
79
102
93
98
105
102
89
89
100
101
116
106
116
106
118
103
97
103
126
109
113
108
112
100
105
77
103
95
107
93
104
89
103
110
121
106
116
109
119
117
117
104
115
112
115
108
109
101
117
120
105
101
108
100
103
111
103
104
100
97
104
106
102
107
84
89
98
100
83
96
115
110
112
118
111
120
107
115
105
101
101
110
108
110
108
111
99
84
110
93
95
100
87
97
84
99
88
104
85
104
104
102
104
115
125
111
114
126
120
112
115
106
105
106
94
112
95
81
107
94
82
95
95
85
99
84
98
97
113
111
99
106
106
98
83
112
74
91
81
93
89
89
80
84
55
86
86
87
108
108
129
120
137
110
114
114
121
114
116
110
101
114
96
111
106
93
96
107
105
91
82
101
94
102
89
105
91
108
106
104
111
112
110
104
90
105
93
116
90
105
111
120
123
118
121
117
113
128
129
111
105
118
114
111
111
106
97
86
107
93
87
97
87
99
88
93
82
99
105
95
111
95
106
95
107
101
111
105
91
108
95
102
97
86
109
94
93
104
92
102
96
85
90
82
68
77
95
89
71
81
100
105
94
107
108
114
110
103
100
104
87
99
104
97
102
113
103
105
98
107
99
114
107
119
116
114
104
120
107
118
121
118
115
109
117
104
117
101
113
96
109
90
100
93
103
102
100
103
100
85
112
107
108
99
93
113
100
111
94
107
100
101
109
111
100
121
102
116
104
117
108
115
113
108
115
107
115
92
112
100
107
100
109
103
107
97
102
101
103
92
97
101
98
80
73
63
86
100
95
101
83
105
93
75
74
92
91
102
104
110
100
102
104
114
100
117
101
825
808
803
795
788
784
786
767
754
818
33
38
55
57
82
86
105
107
177
189
148
146
167
165
290
283
301
294
227
222
221
222
211
221
88
112
106
100
79
105
106
105
131
136
142
134
131
134
77
119
101
151
76
120
106
30
64
95
83
28
24
28
26
5
5
22
26
24
45
64
50
61
72
73
87
82
98
98
113
124
98
118
115
132
115
115
103
130
125
121
107
121
105
123
116
107
106
107
109
120
112
107
110
98
91
106
98
71
78
86
69
99
106
93
87
96
70
51
111
110
68
72
73
31
94
76
52
42
64
65
77
93
94
110
103
111
105
102
114
106
91
107
101
106
104
110
130
118
139
121
144
143
146
136
150
94
91
71
59
54
42
105
130
119
4
9
20
21
16
19
16
21
16
6
8
15
21
40
11
9
36
27
7
7
10
5
17
14
19
30
33
36
46
43
54
58
38
36
45
18
30
27
41
20
3
10
12
8
232
238
8
9
228
8
14
11
6
5
17
19
43
43
41
70
88
78
83
94
92
89
93
95
114
105
116
105
128
114
121
127
116
79
124
100
26
33
65
110
52
46
91
6
8
28
21
27
4
30
30
32
44
94
93
118
103
116
115
81
109
92
133
113
126
132
125
125
138
136
140
125
127
119
127
136
122
120
130
110
113
135
121
168
160
165
155
165
145
152
133
143
105
98
107
107
120
103
118
117
117
108
108
118
113
93
78
75
109
72
88
92
87
97
92
92
89
85
101
77
105
101
95
103
95
93
98
102
92
110
95
91
92
83
101
82
92
69
83
100
98
104
113
97
96
114
115
112
115
76
100
93
103
96
108
90
107
98
91
87
97
93
78
85
98
95
81
88
84
89
84
83
92
85
85
92
84
94
86
89
99
95
102
93
98
103
99
89
101
98
88
94
89
82
79
88
71
86
81
87
75
89
83
78
92
85
95
83
94
101
102
85
92
104
101
101
107
101
96
107
104
93
102
96
106
109
97
111
97
112
98
113
106
105
96
92
103
107
106
108
104
113
105
112
99
113
105
110
100
109
100
107
101
107
102
106
104
109
102
98
106
109
103
108
104
111
99
110
106
104
94
106
111
97
104
87
90
97
92
100
82
96
78
91
98
100
100
89
88
90
102
103
94
95
94
90
97
95
93
90
70
84
91
74
91
73
79
93
87
97
92
87
86
103
105
95
112
99
90
103
92
96
112
93
107
111
101
98
103
105
108
120
98
98
80
106
93
100
88
97
96
93
102
94
110
82
47
69
89
38
76
52
88
26
30
11
9
25
24
40
40
13
19
38
22
20
35
5
2
14
28
32
40
55
57
59
62
61
69
84
82
83
86
69
95
94
70
111
79
87
100
87
86
67
68
81
83
84
79
94
98
86
96
94
89
101
92
101
94
57
85
89
98
40
66
33
22
65
24
44
92
4
20
43
38
34
57
61
70
78
73
76
95
80
85
100
115
105
124
108
125
106
115
117
132
111
114
105
90
99
108
99
115
95
107
92
104
95
114
108
99
110
101
115
26
73
58
88
108
51
74
40
92
3
4
8
28
40
55
51
58
60
57
62
71
60
96
95
94
111
98
117
100
114
98
104
98
112
100
99
99
112
107
108
99
92
110
108
101
113
93
97
101
84
109
101
89
113
80
102
83
92
59
18
92
18
46
37
92
69
54
18
3
19
22
42
53
72
70
83
64
85
75
77
85
88
103
97
105
112
100
109
105
95
109
114
85
51
106
36
69
41
98
66
26
5
34
32
46
57
55
72
71
82
96
84
79
106
103
116
114
116
111
119
114
121
108
102
113
106
115
93
111
97
113
102
104
107
97
101
104
94
98
98
111
111
91
92
106
118
105
100
119
124
108
119
108
124
137
128
146
87
72
112
57
41
34
71
115
78
4
4
5
16
30
25
50
52
59
68
67
82
76
85
84
97
91
93
90
82
77
89
82
96
84
89
92
92
96
86
93
83
96
101
89
98
88
89
98
86
84
103
101
81
69
88
94
106
92
106
104
100
115
102
122
121
122
126
118
107
120
101
97
98
120
116
98
108
102
107
101
99
94
119
113
96
88
109
100
104
118
108
113
101
97
103
95
90
94
103
85
95
97
87
98
99
91
102
86
109
116
113
106
110
122
94
113
104
99
93
103
113
105
109
104
112
105
104
118
119
122
102
107
106
117
113
94
92
97
98
88
101
95
90
86
90
89
97
106
99
107
102
110
113
111
106
119
146
137
139
129
142
136
116
128
123
128
99
90
92
95
76
60
44
25
93
85
82
61
82
81
82
48
57
57
79
79
99
100
115
103
118
111
118
115
110
112
116
102
115
109
101
107
115
122
107
115
107
120
101
92
79
59
106
89
77
104
90
101
102
102
100
96
113
112
114
113
117
114
117
103
107
118
123
91
110
83
110
116
102
87
110
110
90
107
96
117
115
120
85
100
106
112
107
124
111
102
111
98
108
107
107
105
108
99
111
105
104
109
113
107
96
106
99
108
96
109
99
103
97
113
102
102
91
106
100
105
101
104
95
99
111
105
113
100
114
100
108
102
111
110
104
91
91
103
80
102
92
89
102
87
100
94
78
84
99
81
77
83
99
93
100
107
90
82
89
86
91
87
59
88
50
37
65
90
85
85
83
56
81
53
79
77
92
91
79
94
87
95
94
97
94
100
81
67
92
96
94
96
107
93
113
73
95
95
111
100
97
70
29
73
40
103
47
90
75
26
5
15
22
16
44
43
60
70
65
64
78
78
101
96
95
110
96
109
87
106
69
71
96
99
93
102
92
94
91
101
94
97
107
86
100
116
112
115
113
123
122
128
115
116
104
112
105
77
90
92
86
72
88
68
63
47
79
87
26
45
46
27
8
6
8
4
5
4
7
22
31
35
30
15
29
17
23
8
12
8
14
6
10
13
12
7
3
19
16
4
5
18
4
18
3
19
21
8
14
7
9
11
24
24
29
61
69
15
68
43
59
55
21
6
27
24
20
12
10
15
3
6
3
10
21
39
53
54
52
80
82
81
94
94
99
105
97
106
81
80
77
75
76
88
85
64
75
80
71
74
68
69
65
73
82
81
90
81
92
85
88
85
98
97
90
70
85
73
72
67
82
71
95
77
73
55
38
86
25
65
54
51
4
4
12
12
1
5
4
7
6
10
362
363
362
364
30
30
32
7
6
14
24
8
22
20
10
31
43
22
29
41
101
97
109
100
112
61
82
82
101
101
109
106
88
109
102
102
122
109
99
117
103
114
101
115
107
105
114
113
91
105
112
104
107
98
105
96
90
80
77
74
66
62
58
51
53
94
3
20
3
31
47
50
60
47
43
44
47
43
44
46
55
48
12
8
10
5
22
17
16
23
6
16
36
33
18
54
37
29
40
21
39
33
34
39
4
5
20
11
19
28
29
29
48
45
53
55
38
78
73
71
72
89
81
79
95
91
112
107
111
103
101
116
101
27
45
100
36
11
51
88
112
12
68
78
6
2
8
4
8
10
29
39
17
36
16
12
11
22
37
38
36
54
43
21
27
56
59
12
51
33
30
25
25
31
46
64
63
82
81
71
53
79
55
81
110
102
111
63
70
107
87
101
100
107
100
88
118
125
79
93
65
92
96
87
100
100
168
187
201
191
166
151
159
196
68
97
84
169
5
23
21
32
35
52
70
47
51
46
79
72
98
112
125
113
87
110
124
142
138
160
135
137
130
129
129
148
137
116
120
116
119
120
120
120
112
117
110
131
114
129
119
128
121
116
111
91
83
129
103
122
107
100
113
99
84
98
97
107
99
108
121
102
109
111
104
120
106
114
96
117
92
101
167
156
136
113
139
105
16
162
111
131
30
102
37
92
59
58
47
72
81
95
86
81
97
105
83
97
91
103
93
106
101
105
84
90
97
103
96
97
82
93
45
85
75
35
18
66
64
80
31
4
2
24
41
39
51
65
64
84
84
59
88
83
43
72
91
56
21
28
16
14
38
47
47
43
63
64
70
65
82
82
93
84
94
92
96
94
96
83
81
92
87
95
93
84
82
92
92
78
87
88
81
88
85
79
73
75
83
90
74
80
87
86
84
73
62
83
77
77
75
77
76
90
89
96
84
83
83
100
82
77
80
91
82
88
96
85
94
84
98
91
81
107
100
99
85
92
88
94
89
96
87
90
101
90
96
91
93
83
90
82
79
96
93
81
84
86
75
87
84
19923
19926
19937
19932
19950
19953
19939
19943
124
120
127
110
133
120
97
113
98
109
109
96
117
104
127
121
129
121
119
127
118
123
118
124
140
133
144
134
146
135
148
154
120
138
101
98
120
108
117
106
109
89
151
143
161
161
173
167
155
164
177
94
128
110
119
109
122
115
113
107
100
117
105
86
94
114
95
112
116
117
118
116
105
118
117
111
125
140
127
138
128
144
128
142
129
132
112
108
117
102
86
111
107
91
103
89
94
101
100
103
101
112
105
110
104
120
104
112
99
111
101
110
88
95
110
99
112
96
104
94
110
112
106
115
102
95
114
104
107
114
110
100
105
89
99
101
110
98
109
98
107
105
98
110
97
108
104
107
106
107
109
92
110
106
101
115
107
100
99
113
109
99
108
117
99
111
105
107
106
96
99
84
91
93
109
103
99
101
111
110
110
117
105
111
102
108
101
104
106
98
102
101
85
101
89
101
87
87
76
74
64
94
100
81
78
88
78
92
64
83
72
89
84
102
94
104
100
107
112
99
117
115
106
121
116
105
105
113
121
105
123
103
101
114
111
97
106
116
101
89
106
102
102
111
111
101
117
105
120
109
114
99
113
104
112
104
111
98
99
110
112
104
111
104
111
99
109
98
97
107
97
108
108
106
113
108
116
112
118
109
115
94
75
109
84
95
115
113
98
96
61
92
103
99
99
103
83
101
113
103
101
79
83
89
104
105
103
113
105
97
107
119
120
108
106
118
111
102
113
103
101
101
111
108
108
97
107
103
109
96
87
104
97
97
105
97
115
111
100
111
106
123
112
123
120
124
122
111
124
105
113
99
105
102
93
80
92
85
93
95
103
102
101
86
111
100
105
114
117
87
72
103
56
51
95
37
34
63
8
7
22
25
6
3
1
4
15
23
17
33
34
29
16
25
15
24
3
16
18
24
22
18
11
29
29
48
49
55
59
66
60
57
67
82
95
86
88
97
105
102
91
115
114
107
128
125
120
129
127
110
117
129
121
124
109
116
103
113
103
109
81
54
31
19
41
62
50
69
96
12
47
45
62
65
58
78
76
83
86
106
100
111
115
110
101
113
111
106
117
113
110
105
100
110
96
106
103
77
101
36
42
22
63
57
93
22
4
3
8
19
16
32
28
51
52
70
69
66
83
75
81
78
97
91
105
86
86
96
94
69
85
91
86
94
90
108
93
89
94
92
98
100
86
95
54
70
88
75
59
81
94
79
88
82
70
71
91
91
109
108
110
117
116
113
116
107
115
123
108
116
92
103
109
97
108
101
119
109
131
115
98
131
125
126
102
133
118
114
117
114
122
106
120
108
98
119
108
104
113
106
125
122
95
103
96
118
105
145
122
123
108
102
69
85
85
89
96
105
104
114
108
113
107
107
113
113
81
100
112
106
95
116
101
101
86
92
105
103
81
45
63
48
60
82
90
103
115
100
91
68
91
93
91
71
83
93
91
111
114
114
49
39
51
36
49
92
89
88
90
69
78
86
50
46
39
85
85
86
86
81
2
7
12
6
5
14
18
13
14
21
29
25
22
4
2
106
3
7
3
4
4
150
26
36
22
33
37
23
25
34
39
27
28
34
38
78
83
97
34
26
84
16
92
37
94
13
28
27
40
50
45
57
42
57
24
27
28
23
11
24
21
27
25
68
42
61
53
60
35
26
11
27
11
35
34
29
82
60
55
63
77
78
88
89
111
112
119
111
130
124
118
120
106
68
80
112
102
87
119
109
112
107
105
128
112
133
126
130
123
132
124
124
112
116
130
109
110
119
107
78
34
113
60
39
98
94
23
30
86
41
41
35
68
67
85
83
79
103
104
124
116
123
107
121
110
83
113
89
92
104
101
110
95
99
80
111
111
132
127
107
133
127
131
123
126
118
113
130
123
107
94
95
100
109
95
100
97
103
90
99
104
101
92
86
68
97
78
86
82
72
68
71
66
74
76
82
71
76
70
68
84
65
74
68
62
59
61
61
59
64
53
45
55
59
78
78
81
93
80
86
73
93
88
57
87
65
70
63
71
63
73
71
72
71
80
76
76
74
36
58
56
45
73
63
34
60
59
57
50
36
58
53
53
53
69
71
64
53
63
74
70
89
77
100
97
116
123
117
128
122
124
108
127
109
127
111
118
106
109
120
125
115
139
127
135
111
74
118
80
97
132
40
57
