38
7
7
57
10
54
30
25
14
9
18
17
43
36
52
25
11
23
43
6
6
20
24
6
4
5
22
9
4
11
9
59
58
55
68
62
68
76
77
64
80
80
71
104
94
110
109
97
106
116
113
109
129
118
126
119
122
134
123
92
119
109
123
122
131
118
123
113
75
113
94
112
104
67
109
118
128
118
163
151
174
165
163
168
177
145
43
84
59
40
158
89
132
67
5
14
47
56
64
55
54
56
59
51
50
53
62
63
4
22
14
3
4
9
4
5
21
9
3
3
6
3
5
3
34
13
48
12
20
9
19
11
26
8
3
3
13
10
37
34
8
5
23
8
22
15
8
3
25
6
22
4
9
22
16
48
22
20
33
49
9
7
12
6
28
12
51
61
62
44
70
68
93
102
115
114
139
123
128
46
76
22
72
62
39
98
107
8
11
6
5
14
16
11
4
12
16
3
39
16
4
4
17
19
21
25
27
21
9
7
6
23
21
19
25
52
48
64
66
65
65
87
89
89
89
102
116
156
141
97
140
37
113
87
94
100
29
125
85
31
37
33
31
81
34
78
17
89
10
64
91
74
52
41
61
66
60
56
57
54
60
65
57
38
6
4
5
21
28
26
29
52
69
69
95
94
96
127
123
104
127
131
111
93
103
118
99
89
97
86
70
96
64
82
42
55
59
54
54
73
60
57
83
106
60
114
105
105
104
91
104
81
117
152
118
148
133
59
148
62
61
59
108
89
69
92
54
109
109
107
115
116
126
28
19
72
122
95
110
54
42
28
74
6
6
11
13
19
17
22
16
16
19
17
22
21
25
9
25
40
38
20
12
27
40
13
25
23
20
24
11
22
12
80
78
84
67
79
93
91
99
97
116
102
116
99
79
95
96
87
90
69
100
94
88
100
90
104
102
78
98
87
80
87
91
86
92
88
76
91
86
92
80
92
85
92
76
85
86
70
86
80
86
81
82
86
80
85
80
89
87
72
76
84
94
88
91
94
78
99
91
77
88
85
81
89
91
84
83
98
82
92
103
106
107
87
19
58
73
37
75
41
18
98
6
20
35
47
41
54
54
66
66
83
91
90
3558
3544
3538
3568
3568
3577
3574
3580
3569
3584
111
119
111
108
101
87
104
82
105
98
85
97
105
105
99
108
100
100
101
94
101
90
111
99
102
98
86
111
96
98
106
87
90
101
97
97
92
78
93
95
112
105
103
107
102
106
99
3414
3414
3424
3406
3419
3405
3399
3421
3409
110
120
118
110
124
112
121
115
131
123
133
136
136
127
119
135
125
113
125
119
122
107
105
114
102
114
116
68
90
98
61
108
76
106
89
96
85
100
97
94
84
95
90
90
53
69
53
103
53
84
29
26
81
85
61
27
72
83
84
84
101
54
62
98
78
78
94
91
98
96
87
98
86
98
92
98
94
97
94
101
90
102
90
99
93
87
99
96
106
93
99
92
98
80
92
103
110
101
96
102
90
96
105
90
99
92
102
92
92
108
104
106
101
87
100
95
100
89
103
101
99
103
106
95
95
105
97
83
91
110
88
97
93
96
96
99
88
102
85
99
93
107
101
106
97
109
103
111
101
119
117
112
105
113
118
93
87
100
104
112
101
107
104
94
103
95
103
112
99
93
101
101
109
95
104
102
98
85
106
102
90
99
94
101
102
87
111
96
106
98
95
90
101
95
106
96
114
98
110
109
104
116
96
50
23
48
35
83
101
66
61
4
7
22
37
38
31
57
57
60
69
61
84
82
101
93
97
90
74
92
93
104
88
98
103
109
110
105
106
107
123
116
132
154
132
122
113
123
130
141
108
108
84
95
101
110
100
98
97
111
104
109
88
87
112
97
102
96
109
108
98
111
109
124
112
120
99
93
114
82
54
66
88
85
66
65
33
34
37
38
39
101
4
4
4
2
17
26
18
12
10
10
27
14
15
21
25
10
7
11
19
21
7
7
6
26
6
7
14
8
6
12
20
16
6
5
3
4
3
26
3
35
5
19
12
6
6
9
13
8
21
7
3
11
5
15
8
9
5
8
16
2
5
4
23
5
3
5
16
4
4
5
15
8
13
12
13
8
18
58
15
55
7
5
5
6
12
15
19
22
42
66
61
63
61
77
76
92
95
93
87
108
111
107
116
110
126
112
131
123
120
111
132
134
115
127
114
132
119
126
125
119
126
132
118
115
133
130
116
111
62
95
48
23
126
86
35
73
13
8
5
5
9
5
15
18
20
41
63
59
65
64
84
81
99
104
121
98
73
112
65
103
87
95
106
112
110
106
86
93
87
106
106
118
108
105
116
113
86
84
91
102
80
106
94
106
96
112
105
121
111
92
79
83
102
101
86
95
90
100
88
105
103
115
107
106
117
80
112
103
89
102
108
106
93
114
112
84
108
106
106
129
119
132
120
79
92
69
71
109
95
66
120
82
31
108
121
103
121
122
142
149
193
154
159
156
144
177
163
144
164
81
34
107
154
50
76
35
62
12
9
6
8
5
11
10
17
25
18
19
5
7
38
26
5
15
14
3
4
3
21
4
11
8
11
5
8
13
19
39
59
68
66
64
61
95
93
107
105
80
106
117
96
117
101
113
110
114
105
99
112
105
99
111
103
112
89
54
74
66
50
102
100
108
83
104
127
104
89
88
91
125
136
134
141
77
99
92
132
100
99
89
83
108
70
56
55
54
45
55
148
162
152
149
145
177
171
91
91
107
97
106
99
116
115
119
113
108
115
95
97
106
102
101
67
61
48
46
93
80
90
86
94
97
63
74
69
87
87
106
99
100
110
86
95
106
96
91
97
90
97
98
97
97
81
77
83
88
87
79
88
85
73
71
91
96
84
96
103
90
93
105
95
111
96
111
95
98
100
92
101
90
96
90
94
90
87
88
104
98
102
84
91
99
93
98
81
69
93
95
91
103
99
110
98
113
102
114
109
124
110
123
115
122
108
121
113
121
112
115
108
116
108
115
107
116
109
115
109
122
125
108
118
106
118
103
105
109
87
96
76
108
68
106
93
91
105
90
33
55
58
57
58
98
27
19
48
4
13
40
34
52
50
66
59
57
83
83
84
102
95
87
104
99
100
99
115
101
109
116
127
107
117
105
83
109
102
113
97
106
95
100
89
106
95
99
104
95
106
94
105
97
100
96
104
96
103
96
92
103
105
97
106
117
113
121
115
116
119
99
109
92
111
98
85
85
96
103
93
97
90
101
93
97
92
96
83
84
93
89
92
75
99
89
96
89
78
93
87
92
92
84
82
93
89
94
76
93
93
93
88
97
74
78
87
68
84
76
87
82
79
89
85
90
90
79
88
70
99
82
89
82
83
90
91
90
80
103
90
100
105
110
105
91
108
98
69
109
86
79
66
82
75
99
84
94
95
68
78
96
90
94
81
93
99
107
94
104
98
99
92
99
94
102
91
106
100
105
105
110
98
111
104
104
97
101
83
94
100
81
89
93
87
97
90
95
81
93
87
86
86
100
88
81
103
89
93
88
101
90
80
95
78
92
95
103
87
91
97
93
103
92
100
88
97
89
85
90
94
92
94
83
90
88
79
87
90
79
92
89
82
78
90
98
89
91
95
93
104
108
98
98
115
113
111
81
113
109
90
97
86
101
94
81
78
88
64
78
86
78
92
107
93
95
111
8189
8183
8155
48
8168
57
8203
8143
8163
8188
8201
40
14
12
5
5
5
2
3
5
3
20
4
4
5
18
4
3
16
14
3
7
22
18
4
11
5
12
4
11
5
4
2
21
7
9
10
7
22
20
24
43
38
41
62
67
41
61
54
76
86
90
88
86
115
58
22
50
108
118
92
12
83
21
8
12
31
41
40
55
55
78
79
96
97
107
117
108
124
96
120
107
110
103
113
107
110
99
105
115
97
115
108
108
121
108
152
116
82
64
78
104
97
140
32
147
4
9
21
31
6
21
34
17
8
6
18
5
3
5
14
13
10
4
3
14
17
16
9
21
19
30
32
32
52
67
60
66
82
85
84
94
94
113
114
118
128
119
104
119
137
120
83
120
104
98
102
109
104
131
116
123
118
114
115
139
116
133
125
94
128
111
120
107
111
128
109
124
112
130
121
103
90
82
105
115
80
95
102
100
76
98
106
105
107
115
133
133
140
132
135
141
134
118
140
139
105
57
82
129
117
70
62
87
106
93
77
100
90
67
74
75
41
76
42
64
72
76
102
79
97
53
54
77
80
79
80
100
85
73
82
82
75
70
63
44
27
81
48
81
64
3
6
5
4
4
5
25
7
10
24
7
5
18
14
16
12
16
2
2
2
7
2
3
5
13
4
7
17
22
12
4
33
30
6
8
14
27
53
50
65
64
80
84
94
91
94
122
115
125
111
124
111
129
111
128
107
107
118
109
118
106
113
115
108
121
119
115
125
126
117
128
136
105
115
108
117
117
108
113
115
108
118
122
114
121
118
97
113
124
118
108
119
107
118
109
117
115
106
116
115
117
124
114
103
105
107
107
109
112
108
141
135
142
134
133
127
139
132
126
98
108
118
109
120
120
112
116
111
107
113
111
102
96
104
106
100
105
91
104
93
95
106
89
91
97
96
88
86
97
73
92
80
91
97
93
76
88
129
100
111
118
116
127
118
87
41
36
51
30
24
70
78
128
62
10
33
31
46
39
57
57
73
71
89
87
92
74
89
93
88
89
93
91
87
84
100
96
87
100
89
101
93
101
81
87
102
89
82
94
91
96
90
83
100
95
100
104
87
102
97
103
104
88
96
101
110
110
102
92
106
103
100
108
109
96
110
95
110
108
101
108
104
94
104
97
104
98
97
104
104
115
110
96
114
96
83
106
95
86
96
86
98
97
100
99
110
101
98
107
93
105
99
108
106
106
109
108
101
104
70
81
45
37
28
97
59
97
55
4
16
16
14
20
17
6
5
8
6
20
22
43
37
54
64
66
73
71
86
85
95
93
112
109
118
106
110
118
122
105
122
112
124
119
121
123
109
125
107
107
121
106
118
113
105
119
116
120
116
114
100
92
113
103
119
102
100
106
122
117
100
116
109
119
113
126
112
129
109
122
114
114
89
104
104
97
107
99
109
96
114
103
119
84
44
30
101
68
73
98
37
105
28
52
14
10
49
44
45
44
65
64
86
85
105
104
116
107
123
114
121
112
113
122
117
119
117
93
109
104
117
93
96
117
97
80
99
106
84
87
95
97
95
89
101
101
95
91
78
95
98
89
96
92
101
90
101
92
104
88
97
87
98
85
87
98
85
81
97
91
86
97
86
90
84
74
88
86
88
86
91
76
86
90
75
91
86
98
87
93
93
103
101
102
90
88
99
88
99
100
94
99
94
96
86
91
101
109
101
111
100
108
101
108
109
118
110
101
95
101
95
105
97
101
89
99
94
103
97
102
97
95
97
98
91
90
101
86
100
94
102
62
75
88
36
64
54
110
83
55
37
84
15
52
51
70
55
64
63
77
78
100
100
114
104
112
94
112
111
118
122
108
123
109
117
110
95
91
105
99
106
91
106
93
105
112
125
104
117
101
110
117
97
113
117
102
113
89
112
105
104
101
105
85
101
103
98
104
90
105
111
104
117
108
108
105
115
117
94
101
108
110
98
100
107
110
100
115
115
103
108
122
113
121
112
122
106
116
105
105
113
95
88
105
99
93
108
112
105
118
110
114
112
125
116
120
94
105
116
100
121
108
117
100
92
99
113
114
105
111
114
112
119
99
118
94
105
118
119
102
105
95
99
103
102
92
106
93
105
82
80
89
108
81
94
76
83
102
94
102
103
104
91
113
103
109
93
104
120
110
124
106
102
117
108
117
116
108
93
99
112
84
100
50
23
71
75
22
111
68
29
88
9
32
29
31
57
62
62
79
79
96
96
88
98
96
111
83
98
100
110
101
118
117
107
115
116
107
109
117
120
115
115
105
112
100
109
110
100
106
80
103
90
98
99
107
105
98
95
79
108
51
74
77
90
84
89
77
46
72
44
74
75
96
75
88
100
98
103
93
92
100
93
114
100
100
116
107
116
114
128
112
121
109
123
117
128
119
110
126
102
116
119
104
121
112
101
94
108
119
95
115
119
115
97
92
101
110
108
115
102
101
114
86
110
99
107
114
99
107
93
112
80
109
80
97
119
91
104
99
109
79
60
100
97
77
60
98
112
87
105
107
111
110
127
127
129
118
96
104
111
103
108
107
96
107
101
103
93
101
91
98
101
116
129
142
127
136
124
141
117
130
93
101
126
84
104
102
86
94
110
98
124
118
133
106
116
111
109
98
68
83
103
79
97
90
109
97
105
84
95
94
79
95
35
80
43
64
45
55
71
79
4
5
20
10
4
16
19
21
34
35
8
36
25
65
60
58
57
77
77
95
96
117
116
112
124
105
120
122
123
128
124
124
116
126
117
128
130
123
120
114
112
121
119
120
112
118
98
107
125
112
102
14
71
53
30
125
38
95
111
61
84
75
33
41
58
42
38
40
68
69
75
105
98
109
116
117
136
128
128
116
116
108
115
123
118
110
119
112
120
111
121
118
124
113
119
111
123
121
125
116
124
122
114
115
122
128
111
122
110
122
109
116
104
118
104
115
107
93
114
102
109
101
112
99
112
96
111
102
108
98
110
105
104
111
113
89
77
107
59
37
36
75
51
17
95
8
21
8
6
11
12
14
4
16
9
5
11
7
5
11
10
6
7
10
5
28
26
46
46
49
49
39
30
49
45
4
6
4
18
12
5
25
7
25
22
27
14
18
10
10
8
7
3
5
8
6
25
7
6
4
3
5
4
37
25
26
26
25
21
12
6
9
11
11
4
20
39
26
10
13
7
26
5
3
12
6
5
18
17
17
12
41
7
4
5
20
21
8
21
12
24
65
73
21
8
79
17
7
11
10
64
64
63
87
76
84
73
71
85
88
45
47
75
46
108
58
49
50
46
47
49
51
42
84
11
11
26
25
45
37
36
46
54
47
71
63
80
82
104
104
119
117
94
123
112
106
101
86
103
83
98
63
69
91
98
86
118
108
105
102
94
121
121
136
115
110
126
115
105
118
63
84
77
98
106
93
99
112
113
106
110
122
82
88
82
106
107
105
111
116
106
125
112
129
132
136
144
142
121
100
119
137
132
119
133
113
107
103
85
85
89
83
96
110
108
115
112
137
136
133
130
129
126
135
147
137
130
130
115
124
133
118
131
133
117
135
125
126
110
131
114
117
123
55
112
70
107
77
94
97
105
105
58
59
61
65
63
60
56
43
58
94
7
14
4
4
6
7
12
11
5
4
11
8
7
17
9
9
8
10
8
5
4
4
6
22
5
5
14
6
4
5
16
21
5
33
8
6
4
7
22
24
38
38
67
65
78
77
96
88
91
111
125
112
117
114
126
107
116
80
102
110
120
110
106
101
111
103
109
93
82
74
31
38
57
99
55
66
15
35
34
51
50
61
60
59
58
61
60
90
102
102
99
99
84
88
77
93
95
75
84
94
99
88
93
89
98
59
77
44
85
31
52
87
87
75
95
87
66
67
87
87
101
92
80
102
96
91
92
103
94
100
99
80
99
98
109
107
97
113
96
98
92
88
97
83
120
125
112
102
129
117
121
101
136
110
98
107
116
97
107
91
101
106
108
98
87
110
99
114
99
110
99
100
108
97
104
111
109
114
106
93
115
101
102
116
93
98
113
111
111
103
113
107
125
113
130
112
120
118
101
120
86
98
96
100
91
96
90
100
90
97
89
96
101
96
100
105
113
104
96
64
84
100
79
107
86
100
89
102
86
88
117
116
113
129
121
106
120
108
118
109
105
113
113
110
113
105
113
110
115
107
106
118
117
110
115
107
114
107
117
109
111
100
107
114
112
98
116
106
99
88
94
79
84
93
90
93
88
86
79
100
89
103
96
96
114
114
112
115
108
117
115
95
108
89
117
110
104
107
105
83
101
90
67
88
88
97
85
88
96
88
73
105
88
81
100
89
94
89
107
92
100
100
101
106
94
108
94
101
94
93
106
106
116
109
112
119
126
96
109
121
118
116
101
120
103
121
106
112
105
118
100
113
91
116
122
104
98
105
114
102
120
108
106
108
100
110
109
98
99
88
106
88
102
88
93
102
93
99
102
106
95
102
86
93
100
82
90
95
76
86
98
98
84
96
84
88
114
104
109
108
114
131
105
119
129
105
90
121
109
77
96
68
98
105
118
102
96
70
66
85
78
86
92
91
104
98
107
100
114
104
107
86
108
108
121
115
120
124
118
111
120
111
119
113
113
120
116
108
119
117
122
114
118
111
120
109
112
88
104
109
101
121
106
118
102
121
111
129
118
119
112
110
103
113
106
114
106
95
114
109
120
112
106
119
134
121
133
119
116
123
130
128
132
129
143
122
138
143
130
135
123
128
137
115
76
97
84
103
91
101
97
105
96
90
84
85
101
97
108
103
110
107
115
116
110
110
88
97
112
110
110
102
96
111
85
83
100
105
92
88
100
104
91
91
91
76
92
87
103
78
109
98
96
107
116
100
120
119
122
113
128
119
129
126
120
129
117
125
101
121
105
113
102
118
104
119
103
116
99
109
96
103
102
104
102
103
96
98
99
102
99
113
100
113
111
113
99
117
108
113
109
102
110
74
87
71
50
36
69
96
30
52
10
9
6
12
9
7
13
4
7
7
5
22
26
43
38
55
59
58
56
71
72
92
92
72
71
99
82
81
69
60
63
84
91
86
83
101
100
111
90
86
81
108
98
70
70
80
93
89
78
86
102
92
94
83
97
72
101
99
86
103
108
105
105
86
92
113
105
102
112
113
101
110
104
80
93
98
99
117
110
123
109
118
120
127
124
137
140
129
126
101
95
85
115
72
117
101
120
98
85
97
87
115
105
114
102
106
99
89
100
72
87
88
107
95
102
92
69
77
93
99
101
108
89
96
96
78
98
90
101
77
106
111
106
108
95
111
111
116
123
118
105
114
103
121
115
123
110
104
123
108
119
106
115
100
112
109
107
107
111
109
112
100
115
103
108
121
102
114
106
126
108
87
115
88
102
108
93
102
101
95
45
71
64
74
54
90
30
72
83
88
87
34
87
89
77
63
63
84
86
102
87
83
84
87
82
108
104
72
37
81
37
35
19
86
45
99
103
77
108
77
95
110
124
110
122
106
87
144
94
107
126
100
76
65
109
107
121
97
62
117
107
114
103
116
114
79
86
99
100
111
104
101
109
114
114
107
115
104
111
101
101
103
112
78
83
69
90
91
94
85
95
84
99
90
98
108
85
92
91
97
95
101
101
94
99
81
91
86
107
105
96
89
93
100
103
91
106
93
94
94
109
86
106
100
90
101
90
100
99
98
101
95
106
95
96
99
90
105
93
105
91
85
102
90
106
97
84
91
103
95
88
81
95
87
98
92
102
86
83
86
103
95
100
87
97
102
81
93
74
83
111
88
98
109
105
108
102
109
109
95
98
102
103
82
98
76
102
92
104
89
96
94
95
109
98
97
100
90
88
103
105
98
103
85
100
99
83
95
99
92
98
95
106
90
109
22008
22030
99
22029
22017
22003
22023
22014
22004
80
22031
22005
88
10
6
6
7
20
20
3
21
19
11
5
5
13
16
38
25
26
3
17
22
24
16
14
3
4
3
13
41
29
42
41
58
58
69
69
87
87
100
89
106
94
107
105
103
109
92
94
101
89
103
81
72
96
89
104
102
101
83
99
86
103
86
80
97
90
102
93
101
99
108
99
103
107
102
117
105
110
43
89
36
58
18
15
30
81
106
78
6
10
105
5
4
4
2
8
14
25
16
14
19
3
5
7
11
4
4
19
14
16
11
23
13
5
3
11
4
32
6
4
13
22
6
5
12
9
4
7
6
4
2
9
17
15
31
23
59
44
61
46
62
63
80
80
95
95
103
103
98
110
98
108
100
104
98
106
104
107
102
98
105
105
95
105
99
95
102
102
90
102
93
96
98
79
95
86
89
90
96
85
95
96
98
101
84
102
86
101
99
91
103
92
100
100
94
81
97
104
99
111
104
111
102
115
108
116
114
114
107
117
114
116
108
110
107
114
107
113
107
111
105
110
103
110
102
103
110
102
105
103
100
106
99
97
82
104
92
98
103
93
107
95
97
106
110
112
104
140
118
129
132
120
125
127
109
88
88
48
61
50
21
65
29
84
71
48
12
7
34
24
44
43
59
59
76
76
88
93
92
104
86
90
93
102
100
94
98
81
101
96
97
106
101
94
101
99
101
95
101
94
100
81
91
96
89
77
94
74
89
87
83
100
94
98
88
102
99
108
107
117
107
115
107
121
109
111
119
113
121
141
132
128
137
130
91
111
122
97
86
50
104
89
107
86
70
71
92
103
103
124
115
124
116
130
114
111
120
114
100
104
114
109
102
110
108
114
111
117
110
98
117
111
121
79
86
102
102
93
103
104
87
113
105
110
119
115
99
107
124
107
110
96
113
93
109
97
94
101
106
103
107
100
107
101
106
96
100
109
108
100
94
103
105
103
102
105
94
103
82
85
107
95
109
107
108
106
116
91
112
113
109
121
105
112
122
83
103
114
110
98
110
103
120
98
113
98
96
107
101
89
100
78
87
87
93
92
96
94
98
95
100
97
69
76
65
64
45
96
57
80
85
93
97
98
113
113
120
103
120
106
103
83
94
102
91
102
89
95
95
84
71
84
64
83
83
83
79
87
68
86
88
91
91
109
98
101
96
95
108
103
92
104
108
98
106
93
69
89
95
94
85
88
104
82
82
97
55
66
74
95
83
98
101
91
61
82
80
93
92
103
96
101
109
95
105
103
99
110
98
109
96
102
84
106
94
112
100
104
113
118
112
119
113
125
112
99
113
106
99
93
105
100
115
114
95
108
106
109
105
116
106
118
106
109
106
102
95
103
109
112
96
108
104
108
112
120
92
108
112
103
115
101
97
108
106
95
101
100
96
82
111
48
98
41
76
35
69
26
76
3
5
16
3
5
30
30
43
42
51
60
56
61
60
77
69
63
61
68
72
75
76
46
31
40
4
2
42
40
42
50
59
59
77
77
101
102
108
107
110
100
99
107
105
83
95
94
85
79
103
91
104
82
88
96
104
86
102
112
103
96
67
75
89
83
92
85
98
77
91
60
85
79
79
109
108
115
116
113
121
126
119
105
100
57
32
79
128
39
86
23
52
93
23
108
6
4
29
38
42
45
43
44
82
82
105
104
118
107
111
118
106
123
105
122
110
123
110
101
116
111
108
114
121
102
106
99
111
97
112
96
109
102
102
106
105
107
86
102
114
116
106
111
105
115
105
124
122
118
109
120
115
117
110
105
114
107
100
108
100
107
104
103
113
117
112
124
113
119
107
121
114
111
121
111
119
116
119
124
115
117
110
115
106
114
98
109
98
104
93
102
94
100
93
98
92
103
92
103
92
109
98
112
109
111
104
88
107
96
106
93
101
82
94
92
104
108
90
104
104
100
95
109
98
105
96
103
97
82
107
71
86
93
100
85
74
97
95
92
71
98
98
116
100
108
126
113
127
125
123
114
101
106
114
103
66
62
89
74
49
32
42
114
86
4
13
20
42
40
50
46
48
70
69
87
85
95
91
95
90
90
90
102
87
97
91
98
86
98
87
87
100
80
97
86
96
91
70
52
83
68
95
91
48
13
28
51
5
2
16
21
39
38
50
51
66
67
83
75
78
104
99
98
105
103
98
99
103
99
100
105
112
115
106
114
107
107
117
116
114
108
117
105
111
97
107
104
93
125
113
122
113
123
116
136
134
135
122
118
105
94
103
114
99
110
109
102
111
100
114
108
128
105
108
87
100
108
102
109
110
104
109
106
118
95
111
113
110
112
101
108
103
102
110
111
121
113
69
111
59
47
92
83
56
42
46
22
29
4
26
8
2
9
5
3
5
12
7
4
6
3
5
12
5
11
6
7
5
6
4
16
15
10
13
10
9
36
6
26
16
43
11
3
2
6
10
4
133
3
4
7
8
5
152
148
157
16
6
4
5
3
12
10
10
6
16
9
7
11
4
4
5
8
7
5
6
8
13
3
3
11
4
6
8
26
16
20
35
49
67
63
45
61
75
66
61
82
87
73
67
80
85
54
107
92
101
111
89
96
85
71
86
81
87
96
94
98
88
95
80
94
90
88
75
96
82
92
86
83
100
78
89
74
94
94
93
91
109
77
107
60
38
29
52
86
68
87
24
32
36
47
46
54
65
64
75
75
80
89
94
96
87
87
94
67
87
80
93
95
83
92
86
96
95
83
65
91
90
84
85
98
84
101
105
94
90
93
99
90
102
109
89
103
98
110
100
99
87
89
96
98
91
72
97
91
99
84
65
84
92
74
75
67
68
37
67
44
82
57
82
82
97
87
82
101
73
93
95
93
94
112
107
115
76
108
100
85
114
110
108
106
108
127
113
126
115
108
118
108
122
126
107
115
100
108
99
109
107
110
112
97
109
101
104
100
106
110
102
102
112
98
88
111
105
113
100
106
101
96
109
102
99
85
65
71
42
30
104
45
54
28
46
29
70
62
51
51
51
83
75
83
75
110
105
103
121
95
112
107
118
112
110
95
101
95
112
97
94
95
106
98
101
96
106
98
99
105
95
92
97
79
112
112
93
81
70
90
104
75
73
110
46
58
83
107
99
97
96
52
79
62
91
91
116
108
117
51
45
102
34
76
83
57
19
28
33
23
29
23
31
67
67
123
126
131
111
115
126
126
138
101
94
100
118
99
107
117
104
99
91
68
86
92
64
88
74
100
114
106
72
90
90
98
97
101
81
85
105
103
82
87
78
48
46
48
91
78
127
72
64
62
71
74
107
61
87
56
13
8
28
25
8
5
3
15
12
10
5
12
13
18
27
19
25
10
22
4
14
15
11
13
18
5
49
36
47
53
48
51
50
80
79
98
91
93
100
101
99
104
100
103
105
98
110
97
113
99
97
105
107
87
107
104
114
106
99
77
64
56
90
33
25
107
101
43
74
10
5
3
18
19
27
51
52
12
94
93
115
107
111
111
132
132
147
139
116
91
113
106
101
110
96
89
97
104
103
86
99
92
104
93
103
78
95
92
90
96
102
92
60
90
77
95
91
86
99
98
96
89
96
94
109
96
52
46
63
38
97
69
80
101
89
77
45
84
60
61
82
95
83
59
88
91
90
102
92
98
91
110
104
88
99
115
91
98
113
118
122
85
104
94
102
101
110
118
104
96
100
92
84
99
99
87
90
100
101
90
103
85
103
103
102
103
97
105
96
104
98
104
97
104
104
103
107
95
105
93
92
98
92
81
79
91
90
77
89
78
85
77
91
82
54
65
80
72
79
83
87
95
86
94
88
75
75
88
81
97
81
95
105
93
89
94
79
100
89
90
103
104
92
101
96
101
94
103
95
99
82
92
96
89
90
94
95
91
102
94
100
98
105
104
105
94
101
95
104
104
80
92
61
93
75
80
96
84
103
105
99
106
108
108
137
136
124
139
130
118
120
121
127
114
102
88
79
99
91
78
90
108
108
127
108
95
114
112
133
127
102
127
89
73
87
114
99
121
101
116
102
95
112
114
107
99
96
120
97
117
128
112
67
88
62
104
54
108
89
89
79
95
55
60
57
58
57
95
87
87
98
91
80
90
105
86
90
96
96
59
94
81
98
88
92
93
88
100
86
77
96
94
28
54
82
91
67
38
31
85
69
71
30
48
52
51
32
64
65
81
81
84
92
82
77
77
99
106
105
106
113
100
81
94
88
103
80
75
93
97
81
90
101
83
94
73
92
93
84
111
105
86
100
115
106
118
93
89
75
93
96
67
105
112
94
95
112
109
104
98
92
96
103
111
118
105
112
102
104
99
117
105
117
94
96
83
92
95
95
113
101
92
106
108
108
95
98
113
98
96
86
97
102
114
104
117
107
125
124
129
121
127
108
118
111
117
104
116
103
99
114
103
83
89
68
110
60
102
92
96
104
107
103
105
91
105
105
99
117
106
94
104
96
108
105
107
104
124
104
96
118
111
118
111
108
129
108
120
120
112
103
118
106
122
109
111
110
131
113
101
125
105
87
84
74
68
62
45
50
98
9
12
29
32
37
33
35
42
56
55
35
17
18
45
17
18
36
4
6
16
3
23
32
33
54
53
57
69
69
84
83
104
100
104
93
102
103
107
103
109
95
112
108
115
73
18
19
81
115
47
28
35
88
61
18
102
80
19
50
53
110
65
60
75
77
77
105
106
118
109
126
116
125
115
113
113
127
118
118
93
102
106
94
99
92
101
92
92
94
103
105
101
103
119
126
121
114
121
120
139
119
128
119
120
120
123
114
137
123
116
131
124
148
133
134
130
108
124
114
126
119
130
121
114
121
117
120
109
112
105
115
100
100
93
112
105
111
97
112
104
115
117
113
124
107
122
105
119
109
117
117
114
105
110
71
96
31
40
103
18
48
18
81
5
57
20
41
39
59
51
67
65
81
82
100
99
111
98
111
107
114
112
117
108
104
100
114
119
100
114
95
98
103
97
87
114
103
112
92
104
96
102
92
96
107
100
107
108
107
114
113
125
109
66
109
97
86
77
102
37
64
82
85
67
53
87
86
104
89
102
91
81
71
92
80
38
29
56
52
78
12
3
6
38
36
53
52
67
69
83
83
84
111
103
98
101
81
111
105
97
105
99
109
101
112
99
100
107
108
116
95
105
87
95
112
107
91
103
104
98
102
92
99
97
98
89
100
93
85
79
88
70
67
47
101
79
92
91
95
76
66
76
72
64
71
88
90
95
103
93
97
86
94
95
93
75
59
58
42
79
22
33
42
10
14
36
40
40
49
46
64
65
81
80
101
91
79
96
101
85
98
110
100
96
100
90
106
99
94
96
97
91
16
40
20
20
57
89
80
57
78
12
22
39
37
50
60
59
50
85
78
95
95
111
98
105
106
112
68
81
82
97
98
86
104
91
108
94
106
87
100
99
98
109
110
96
109
98
105
99
101
87
81
109
98
93
99
100
94
104
111
112
113
94
60
45
86
102
67
76
98
84
91
81
98
84
80
80
95
88
95
99
93
105
91
88
95
87
96
94
94
99
103
89
90
99
89
102
98
87
92
74
90
92
72
83
100
87
93
108
101
116
107
124
109
98
119
103
96
91
109
95
105
105
93
104
95
105
95
106
104
104
103
102
96
97
103
100
89
91
97
49
75
59
84
79
28
97
41
31
86
74
68
89
69
67
75
75
81
90
90
109
94
100
90
103
90
97
88
81
90
90
97
102
82
74
63
52
84
963
968
973
949
951
100
2
41
28
28
27
29
30
27
39
83
84
41
81
43
41
72
86
80
72
76
71
88
76
79
77
89
93
73
104
95
90
79
83
91
99
75
78
80
63
47
50
47
48
92
94
7
12
10
3
6
23
30
49
43
57
58
63
69
71
63
72
77
60
69
69
83
76
64
78
97
80
89
90
58
103
71
77
97
81
79
68
91
50
88
49
89
89
91
89
97
87
103
89
82
80
84
90
90
80
92
94
84
78
91
81
75
76
82
56
86
71
61
78
40
62
60
82
76
76
69
82
66
66
46
45
54
47
59
67
66
86
68
56
63
65
64
53
68
68
86
86
88
91
27961
28012
28009
28038
28027
28045
28031
28040
28055
28063
191
129
135
119
117
128
194
184
179
193
168
182
180
176
234
224
149
155
147
160
222
216
169
230
177
154
62
53
49
43
137
164
160
146
8
6
22
29
39
40
48
50
61
62
82
84
101
101
122
84
72
113
47
52
105
63
95
24
6
14
3
12
3
2
6
4
5
2
12
10
5
25
28
7
28
11
8
8
9
13
3
12
17
13
30
53
28
30
21
21
32
18
19
68
68
85
39
57
58
80
85
74
76
100
99
107
101
100
85
107
96
78
95
88
84
66
91
71
112
111
112
101
110
112
118
99
108
101
103
113
113
110
117
110
116
113
112
109
112
109
109
102
102
98
101
108
113
105
112
110
111
119
117
124
119
110
110
120
116
93
108
116
101
111
110
100
98
117
101
122
109
115
108
119
116
118
107
108
117
116
110
119
111
120
111
122
119
120
111
111
113
104
108
86
107
93
111
94
109
99
117
102
119
111
117
115
116
110
104
123
121
113
115
78
112
63
99
90
108
114
128
139
156
121
150
150
181
161
184
184
203
127
69
54
108
99
150
25
181
47
5
19
17
22
19
33
66
52
71
71
86
85
85
112
123
115
114
98
81
69
64
55
49
43
7
21
22
34
29
23
36
32
36
21
4
5
5
4
7
9
14
8
10
17
38
36
44
37
98
107
120
119
144
142
164
151
181
168
148
142
150
61
114
97
124
139
81
63
109
118
75
104
47
86
89
92
96
100
78
58
62
59
60
76
77
8
3
6
22
9
7
21
4
9
23
47
47
63
66
79
71
89
86
86
107
111
112
105
132
130
154
136
146
145
138
152
150
134
115
133
95
112
101
94
122
113
126
118
109
125
116
130
114
124
117
125
113
128
113
126
118
117
130
117
130
116
131
132
121
133
91
112
82
120
101
133
131
131
117
135
124
105
114
132
118
114
99
79
66
116
29
109
54
40
49
81
59
9
12
13
6
14
18
23
14
14
6
4
4
18
16
10
5
6
9
7
32
23
22
18
68
70
66
99
95
122
93
115
115
123
85
34
32
32
63
106
39
34
76
88
35
52
102
115
6
135
40
5
11
8
25
41
6
24
8
15
12
8
17
16
12
9
11
7
3
11
8
25
20
6
31
17
32
14
22
23
11
10
8
4
7
9
11
14
6
24
18
6
21
25
37
29
35
38
65
65
85
96
95
112
111
116
111
112
78
98
67
72
86
45
23
98
52
57
23
3
14
23
34
41
35
58
58
71
71
84
95
94
111
102
105
95
98
88
94
94
88
99
100
88
81
87
91
87
93
92
85
87
94
94
92
98
85
101
93
103
92
104
96
96
67
79
88
103
84
84
91
90
83
79
89
81
89
81
93
107
97
92
91
97
71
89
97
97
92
101
93
94
100
107
97
96
96
108
106
99
92
110
123
111
116
126
121
117
125
112
123
117
125
102
118
116
110
108
105
107
74
101
86
65
73
86
81
92
68
74
93
83
79
85
86
90
87
74
91
71
36
65
84
55
90
89
48
89
87
82
49
63
63
80
79
97
96
102
90
102
96
100
88
99
101
89
100
100
96
93
95
87
94
84
91
94
82
93
95
88
102
91
105
92
104
96
85
52
57
99
70
88
77
41
83
47
13
60
12
71
43
14
3
4
4
17
11
26
28
27
45
44
59
58
72
66
84
85
83
94
80
92
75
84
88
70
82
94
80
87
89
91
91
81
85
88
106
107
108
107
100
107
109
105
117
108
104
95
120
107
112
120
114
119
109
121
125
97
98
92
56
95
78
68
106
89
87
79
85
86
64
88
61
63
29
53
79
67
95
99
35
31
42
134
124
141
86
139
112
123
123
127
87
100
104
99
109
104
92
102
78
95
109
92
99
93
84
94
98
112
26
84
86
54
71
105
86
64
34
53
41
59
38
50
53
52
76
76
84
93
93
106
98
103
89
102
93
79
35
55
87
66
22
108
30
49
97
6
11
32
42
48
52
51
66
66
79
75
78
95
88
96
96
86
100
92
102
100
101
115
109
120
109
115
110
121
116
127
117
102
97
107
112
113
110
96
109
100
82
104
78
107
97
107
100
108
101
80
104
99
95
110
103
98
84
105
102
92
98
91
99
93
95
104
95
94
105
93
105
99
103
92
73
102
93
87
100
87
101
94
99
93
98
88
94
93
103
89
88
99
98
87
80
88
102
93
86
99
94
108
94
88
100
102
111
98
104
112
110
110
111
130
120
111
121
119
134
132
113
119
106
98
131
114
126
120
97
99
98
130
128
149
123
109
136
126
75
106
124
25
110
51
24
64
9
35
34
34
31
43
33
36
46
82
82
95
86
86
85
94
93
91
104
98
100
103
97
105
91
103
91
104
105
96
82
107
97
103
83
93
100
102
100
82
88
95
95
107
99
98
107
116
102
104
112
99
111
108
106
99
108
103
88
100
92
99
91
90
103
93
101
103
92
103
106
103
79
94
92
92
111
98
95
107
100
114
100
98
106
92
91
103
101
86
98
89
100
89
95
83
80
92
104
97
107
101
112
108
110
114
112
116
108
112
100
104
95
61
53
92
55
72
85
86
78
72
46
75
89
76
76
98
97
94
98
62
62
90
104
108
99
113
72
65
96
105
116
108
102
92
104
94
78
103
91
90
111
105
121
114
109
118
106
115
119
104
110
118
110
116
103
119
105
124
110
119
116
124
122
124
116
110
106
122
81
61
74
58
97
96
103
83
85
52
99
81
80
98
98
104
68
96
105
93
108
104
101
71
47
32
87
81
49
22
49
111
17
37
35
46
49
50
72
67
85
87
91
95
97
87
76
109
100
117
103
121
110
127
116
132
107
110
97
103
99
82
93
102
97
108
113
104
128
115
122
103
115
134
115
130
111
121
105
96
89
110
100
110
103
117
120
104
103
109
114
90
103
86
93
104
89
97
76
94
84
87
87
99
97
95
101
112
98
100
97
93
100
118
105
95
94
99
106
72
95
102
85
97
113
105
115
103
113
104
81
92
101
113
101
104
81
32
30
73
34
31
56
69
93
7
5
15
16
19
15
10
21
14
12
14
26
49
51
64
49
64
62
62
91
88
110
116
128
116
131
120
120
119
132
129
124
126
125
117
108
100
121
126
110
81
92
103
76
118
109
100
116
103
109
102
110
90
107
109
119
122
121
115
118
120
120
111
112
122
97
108
89
119
115
105
113
106
116
113
112
107
100
134
121
134
127
123
131
118
110
141
120
114
105
114
106
108
114
102
127
120
103
104
105
116
102
111
101
105
92
98
95
93
101
109
102
114
102
125
117
116
109
131
126
122
116
100
117
115
107
118
101
93
80
112
102
97
109
102
110
103
101
94
112
105
125
107
118
110
114
107
113
107
100
109
88
105
98
93
103
99
91
105
95
102
103
77
90
94
95
108
110
109
94
96
106
103
90
104
113
101
108
101
114
107
114
87
109
117
105
109
38
112
60
73
91
42
28
8
99
87
10
41
41
29
30
45
62
61
75
85
86
98
99
106
112
102
102
100
100
105
97
110
102
96
109
109
86
98
97
103
103
93
113
99
108
96
103
111
105
112
100
115
111
98
101
112
96
113
80
81
63
105
94
86
98
89
104
101
105
76
85
87
98
98
105
91
104
76
97
88
91
99
99
96
96
90
87
90
958
947
934
916
944
912
917
922
909
937
11
17
20
21
21
24
57
63
86
56
79
67
67
89
83
105
104
128
126
123
117
115
128
135
119
132
109
101
86
80
76
75
57
123
4
9
22
24
46
34
32
29
28
54
35
72
78
81
90
78
79
77
78
69
33
71
58
77
81
77
76
102
101
94
89
107
110
78
85
106
111
111
97
89
96
49
50
97
50
72
83
78
77
99
82
98
90
101
90
69
45
25
24
49
79
102
100
5
9
6
16
18
4
6
17
14
14
14
5
5
4
14
22
19
7
10
4
5
3
4
6
34
44
3
4
8
2
12
17
14
34
46
47
58
29
36
24
15
47
27
38
26
14
28
33
34
28
35
68
66
76
76
75
102
101
108
105
95
103
110
96
106
114
108
101
108
105
112
110
114
105
114
103
116
112
98
100
113
98
90
116
106
99
105
102
116
103
113
97
119
107
110
102
84
107
80
70
100
84
96
58
69
84
76
82
67
83
82
97
82
88
74
84
91
90
108
94
106
94
94
104
86
85
97
92
96
101
79
89
61
85
90
85
83
93
85
95
96
106
83
93
80
76
88
98
89
75
83
94
83
83
95
102
99
95
102
96
115
114
121
119
114
111
112
110
112
92
79
96
105
109
96
111
94
105
94
106
108
123
101
114
109
107
112
89
110
112
107
91
96
73
65
93
101
100
93
94
79
88
77
94
94
81
91
93
106
76
105
104
115
95
102
92
107
101
97
113
102
100
92
101
101
94
98
55
95
36
25
18
43
72
82
61
18
32
42
37
34
32
62
62
80
80
78
97
87
91
88
88
100
93
94
101
96
99
83
92
91
97
87
94
79
87
88
86
89
74
90
90
103
102
106
108
101
116
106
106
109
76
88
103
112
91
100
88
101
96
100
88
96
96
93
86
98
90
83
94
95
84
96
88
78
110
96
101
97
112
89
96
89
101
108
102
84
100
81
90
93
101
103
113
105
104
93
93
109
98
106
85
37
47
27
69
95
73
105
55
73
58
46
45
64
64
83
82
91
92
85
73
100
112
112
97
104
108
115
106
99
107
100
108
100
106
100
90
89
100
98
82
93
108
94
96
107
103
94
97
111
103
114
97
114
99
123
121
126
107
99
119
97
111
119
126
109
119
118
94
101
115
114
121
94
98
94
100
92
107
100
88
107
89
113
90
112
104
117
99
101
113
120
119
118
114
116
113
120
122
120
110
105
115
113
95
102
95
92
90
73
106
100
88
92
95
92
111
102
106
92
96
118
104
106
85
99
77
93
101
94
98
86
93
91
91
94
94
81
88
71
87
97
87
92
82
95
81
102
89
62
88
69
76
83
91
98
97
77
82
91
86
106
84
103
93
103
100
98
108
96
96
112
104
92
85
98
88
90
102
90
95
101
92
101
100
104
104
77
64
94
85
52
102
97
85
93
87
91
77
82
80
88
95
98
96
101
93
99
87
81
93
88
82
90
92
91
78
69
88
82
68
77
62
86
66
83
77
67
85
68
86
84
91
91
92
90
84
77
92
51
69
95
77
57
81
75
64
85
53
54
69
69
86
91
85
75
88
94
86
84
91
89
90
87
86
92
92
82
84
94
77
90
79
87
85
94
88
87
25927
25935
25940
25929
25949
25936
25928
25926
112
45
48
25929
7
5
5
40
20
24
37
41
25
28
108
100
124
125
121
140
134
157
77
155
94
67
63
64
157
108
100
94
92
68
84
62
70
71
70
71
73
57
43
57
29
35
36
28
29
2
1
4
4
15
15
14
45
46
65
65
83
89
86
107
106
118
126
127
116
116
121
117
126
127
119
119
115
104
52
91
42
80
74
103
111
103
99
81
92
77
77
82
103
106
106
120
113
115
125
113
108
115
138
132
125
110
136
128
109
119
132
139
87
103
85
96
95
72
61
95
86
93
86
94
87
95
94
75
80
98
87
86
96
108
85
105
92
105
103
113
92
109
101
92
96
107
128
105
120
105
114
103
96
99
93
97
122
96
106
104
99
109
120
113
117
102
122
107
110
104
88
88
73
97
96
103
85
98
75
78
79
99
101
113
104
104
111
118
99
86
98
91
100
89
86
90
96
88
101
95
107
95
97
104
108
92
96
106
104
110
103
110
112
103
109
96
109
113
99
98
96
105
108
98
99
113
113
108
112
124
128
128
107
115
101
90
94
110
103
105
99
109
101
110
109
118
95
104
96
102
90
101
97
102
96
101
92
84
92
98
98
85
91
102
93
109
95
114
102
112
102
115
107
111
103
105
99
105
98
101
95
100
88
91
101
101
81
87
99
87
94
73
87
95
86
90
92
93
90
88
100
93
87
100
102
99
106
97
112
99
99
90
105
93
105
100
95
100
93
104
94
108
90
95
103
81
89
101
92
74
88
80
74
93
91
99
108
106
76
42
82
86
17
44
36
99
5
4
8
19
18
33
25
52
50
57
56
68
61
56
73
75
74
83
90
82
92
96
92
100
94
113
103
119
98
89
100
106
78
104
111
112
101
96
101
103
98
97
110
90
123
107
119
106
94
100
108
86
85
113
102
102
97
100
99
117
115
126
124
114
110
108
116
112
119
112
102
120
110
91
129
113
120
116
103
114
112
114
121
118
99
105
86
105
95
105
98
105
87
115
110
120
123
111
124
117
131
123
126
111
104
103
109
89
84
118
101
112
90
103
98
116
100
113
110
125
89
103
96
102
93
98
100
107
117
103
104
104
119
111
118
111
118
102
115
112
116
107
116
115
119
87
111
108
94
102
106
107
101
105
99
113
98
97
97
112
103
111
99
111
101
120
111
99
124
109
123
112
121
109
121
107
125
113
120
107
108
118
112
119
116
114
113
105
111
103
95
108
109
100
104
96
106
95
102
100
68
76
93
101
73
53
95
63
92
33
91
50
47
84
107
105
80
104
80
80
93
91
111
112
119
109
125
109
128
127
131
125
130
115
122
121
120
116
120
118
118
110
117
110
121
119
118
124
124
116
121
117
121
111
121
114
123
114
126
123
130
123
122
98
119
90
112
121
113
88
105
85
71
110
90
106
96
109
92
101
101
114
98
113
97
100
113
120
128
108
99
90
118
105
115
101
111
104
87
80
100
80
100
112
113
99
111
100
119
111
120
105
110
103
109
105
110
103
102
113
111
106
106
125
104
102
116
110
97
104
105
92
94
72
78
94
80
88
121
110
118
100
116
114
115
113
109
109
83
90
96
74
78
63
102
67
76
89
97
100
92
87
88
92
88
99
98
113
96
100
89
109
100
90
105
93
101
95
101
108
92
101
83
84
110
100
109
103
105
123
86
113
104
107
90
93
102
101
103
92
105
104
84
111
114
124
106
95
51
84
59
45
70
32
113
99
