34
58
60
314
28
313
343
343
46
334
329
66
33
28
20
343
343
39
59
67
59
113
114
125
126
123
114
148
69
124
93
93
115
101
109
106
91
155
124
91
124
82
111
105
107
171
182
181
154
176
143
119
154
156
130
165
169
159
166
168
167
106
115
161
34
171
90
72
35
59
172
144
176
73
42
12
24
25
12
19
21
25
22
5
22
34
35
5
30
22
4
265
267
20
22
14
18
29
15
254
251
5
9
4
25
13
19
29
23
15
41
37
12
34
9
14
6
4
6
12
6
4
4
5
9
8
21
30
33
31
19
21
21
4
20
17
45
46
62
60
68
62
76
68
61
77
72
109
106
110
105
116
123
120
97
94
116
119
119
105
96
105
88
96
59
56
92
16
66
62
35
73
40
4
39
51
46
58
61
50
53
38
58
31
45
14
55
34
4
3
16
3
5
22
13
15
24
35
31
42
45
64
63
68
69
82
72
93
83
93
97
92
116
114
114
91
110
123
110
99
94
96
100
106
98
108
96
94
92
101
105
95
88
78
70
94
108
112
105
102
91
84
74
71
104
113
112
108
96
114
104
112
81
102
102
114
104
116
112
123
121
141
119
139
128
137
139
140
132
112
124
106
105
122
96
108
87
105
111
101
97
99
121
105
112
96
105
103
98
87
98
88
103
101
110
92
97
97
120
106
119
107
123
109
102
95
114
108
101
102
95
86
95
88
101
98
100
91
101
96
101
98
89
99
82
96
78
96
83
96
93
99
94
108
106
105
90
100
94
97
85
97
85
97
95
79
98
96
88
93
90
86
94
85
98
87
87
87
92
103
77
95
84
79
75
63
93
80
82
89
90
73
87
76
30
88
35
17
47
87
86
57
4
3
22
23
28
36
38
39
49
37
28
30
16
16
29
18
47
4
21
37
36
48
57
56
68
72
71
85
78
85
87
76
74
74
47
60
46
87
33
15
18
27
27
41
42
55
61
53
63
71
79
70
84
81
87
76
89
65
79
84
40
82
22
48
29
26
56
18
13
15
4
3
6
3
24
25
9
15
15
28
25
32
3
12
36
26
27
44
30
40
40
39
47
58
55
69
74
86
83
98
100
85
92
51
87
64
36
77
21
83
67
14
79
4
18
39
45
57
68
68
69
83
97
84
109
106
113
120
114
117
131
116
135
118
119
110
99
114
96
32
33
62
51
41
107
47
77
4
2
33
18
38
39
62
55
60
72
70
85
82
82
96
93
84
96
106
105
80
90
92
92
105
109
107
100
67
84
81
75
93
94
109
109
98
105
102
48
47
44
33
22
62
72
65
3
1
5
6
22
22
29
52
44
58
57
73
79
80
84
84
108
108
84
87
102
124
99
97
118
113
103
103
97
103
93
97
103
99
119
110
124
108
593
587
560
554
547
580
586
99
575
44
34
31
28
32
34
26
25
28
25
26
29
31
32
24
33
33
33
33
31
1
4
3
2
6
18
3
3
8
11
13
14
19
7
11
23
20
17
21
35
20
33
25
10
23
11
9
3
7
8
9
12
13
19
15
11
15
15
32
23
25
31
35
35
37
26
40
44
44
41
34
48
49
32
49
57
40
17
52
47
61
58
17
22
20
23
4
2
9
3
7
16
7
14
7
4
10
24
13
12
6
4
15
3
2
2
3
1
2
3
6
1
2
23
13
2
13
3
15
12
18
593
8
12
7
7
3
18
33
30
6
10
4
5
10
64
61
30
62
34
41
47
52
63
42
18
51
25
67
17
38
28
57
36
10
6
4
4
6
5
24
16
13
34
39
42
11
5
14
15
20
19
30
43
61
73
62
70
74
84
95
92
94
114
122
143
79
42
77
120
20
58
103
115
45
131
4
4
2
31
15
20
30
61
57
54
43
72
68
30
45
14
40
11
10
33
38
57
65
60
68
52
59
56
46
40
74
47
29
61
79
95
49
81
62
8
46
79
18
64
3
4
24
22
36
43
23
55
36
35
28
32
49
54
55
66
51
45
60
58
60
62
61
62
73
83
85
77
92
90
95
106
99
96
101
90
111
107
121
103
114
102
109
109
120
110
112
100
109
100
93
106
97
79
99
77
90
73
88
75
88
108
107
105
89
100
100
112
89
110
110
110
105
119
100
117
95
100
91
98
87
108
99
103
102
104
108
113
125
107
118
103
120
122
90
71
100
113
99
81
109
97
112
105
96
106
108
94
111
109
103
95
102
99
117
102
109
104
104
104
120
115
53
43
67
104
88
29
107
84
50
9
6
11
5
8
10
42
38
43
44
46
66
83
90
82
87
80
68
97
82
97
99
101
109
104
114
105
101
10
23
36
98
83
52
42
64
74
5
4
8
14
16
15
29
9
8
26
30
4
4
20
3
30
36
42
46
58
56
59
69
68
84
86
100
94
106
90
101
92
93
98
95
115
96
99
109
89
103
103
36
89
16
101
74
51
48
65
3
3
21
22
31
23
29
32
58
46
50
46
23
14
38
54
64
40
40
15
15
22
38
39
26
39
52
23
28
12
13
23
41
27
33
41
32
44
51
101
96
119
86
108
92
98
99
114
102
93
83
87
100
102
90
116
99
125
125
136
110
126
131
119
120
112
114
111
93
104
101
104
96
103
99
106
103
107
109
107
104
101
87
107
109
102
104
99
107
98
94
107
105
88
111
104
76
83
68
78
58
88
93
94
101
100
85
87
82
73
103
89
87
78
76
96
98
75
81
86
95
90
84
92
101
87
99
96
87
97
73
81
96
98
88
97
96
108
106
113
115
113
106
108
97
107
96
103
106
106
95
84
104
99
103
82
76
96
105
89
88
96
103
90
105
102
103
102
106
113
112
110
104
111
106
95
106
95
106
102
98
104
103
85
92
98
92
88
98
97
91
95
109
107
99
101
107
110
90
97
96
89
100
85
75
93
80
90
82
93
73
75
87
79
89
78
70
85
88
88
79
94
90
79
92
71
90
94
74
83
87
78
89
87
78
80
74
88
76
90
89
80
78
87
81
95
81
94
82
90
98
104
89
102
84
77
83
89
84
88
97
104
86
97
98
109
106
95
88
109
96
87
98
105
87
101
91
99
95
107
99
107
101
114
99
114
97
114
100
77
89
111
97
113
103
97
110
106
100
86
76
111
110
96
101
96
93
106
109
100
100
110
106
108
109
119
116
61
83
73
84
92
66
83
97
88
104
103
112
107
119
106
98
100
102
110
104
93
96
109
104
86
91
111
95
83
90
8918
8921
8914
8913
8899
8893
8883
8881
5
102
3
4
20
28
29
28
35
26
15
14
40
33
12
12
37
24
4
2
12
10
8
3
4
2
6
4
2
17
3
5
6
20
22
4
33
20
19
21
4
25
8
22
26
29
52
52
52
62
65
73
84
86
91
102
108
112
105
114
84
29
69
65
92
19
50
110
123
41
4
23
14
10
15
27
9
12
18
18
30
32
40
24
24
39
36
36
50
40
36
23
39
35
44
34
19
4
19
26
18
26
37
45
43
32
53
9
16
6
6
29
15
16
13
17
25
12
4
3
20
20
29
18
16
9
25
18
42
19
49
6
13
5
8
8
37
44
30
40
34
29
72
83
79
101
93
92
93
100
115
116
120
117
111
92
30
110
84
63
43
55
72
29
48
5
15
14
31
52
39
54
66
64
63
65
76
79
97
97
103
112
85
99
95
87
97
88
111
99
116
113
94
118
105
107
134
90
113
134
59
55
60
102
115
96
70
79
69
34
94
50
40
32
10
8
27
47
64
60
61
77
80
89
87
93
93
113
112
117
105
108
104
118
91
108
102
99
84
99
94
84
97
91
110
115
107
106
112
119
103
111
85
101
81
119
105
118
110
104
116
116
107
108
115
110
120
107
94
112
105
117
104
106
119
110
115
122
111
122
114
119
112
115
104
113
107
115
110
116
114
117
105
119
106
114
99
90
114
95
120
103
114
100
112
101
108
109
118
106
104
86
69
76
27
25
58
94
55
66
5
13
10
8
7
4
3
5
18
6
17
38
13
11
11
26
20
5
3
19
8
6
3
9
7
30
30
15
12
2
3
5
3
18
8
3
4
14
27
32
50
28
40
38
31
13
24
42
28
18
31
29
47
63
62
75
75
82
85
91
86
87
103
96
101
105
95
110
102
92
98
43
60
66
64
85
50
66
23
12
14
7
6
10
3
5
23
19
18
23
25
43
8
35
6
38
4
14
18
26
39
48
46
44
47
52
79
81
80
82
93
76
86
97
68
76
40
41
38
85
37
68
83
63
79
89
19
10
29
69
17
3
2
17
16
6
35
15
25
9
8
3
13
23
27
50
46
62
61
59
79
70
91
91
103
98
96
110
114
103
109
86
100
94
107
109
100
97
89
103
108
101
108
108
97
91
36
67
50
77
77
33
75
5
13
21
15
34
28
43
48
56
55
65
51
59
81
76
90
90
102
96
77
17
38
68
103
88
49
42
56
4
28
41
49
56
55
51
66
77
68
80
99
92
96
87
76
26
87
39
85
27
63
57
71
10
17
35
18
13
32
28
37
16
17
4
5
20
7
28
28
39
39
56
59
64
75
69
73
43
41
58
95
92
104
91
79
69
73
59
40
43
46
66
86
96
69
78
5
5
3
18
21
18
18
15
16
4
4
17
17
24
43
43
44
51
21
38
33
38
30
40
45
42
4
15
30
31
50
40
33
39
42
49
27
33
28
29
5
15
27
28
24
21
27
37
66
64
56
54
72
73
74
78
105
106
99
123
107
41
109
54
75
37
93
71
3
4
5
15
7
6
4
23
2
7
5
4
6
15
26
23
51
53
54
60
63
54
68
82
81
100
51
49
97
84
74
99
103
110
100
99
73
94
91
92
85
23
105
57
35
108
76
45
92
73
11
24
24
44
21
41
23
34
33
39
35
19
35
29
65
45
50
40
12
11
32
29
14
51
32
7
20
33
30
25
22
18
27
31
15
34
38
22
11
25
20
7
2
3
3
12
18
19
8
9
20
7
33
18
27
18
25
34
36
43
54
58
69
61
70
54
53
13
67
15
63
65
36
44
3
7
5
25
33
32
27
38
44
46
50
51
52
52
57
60
73
56
70
83
85
90
91
89
108
96
50
105
11
20
73
84
46
30
67
81
6
17
28
32
48
36
38
13
46
18
31
7
22
22
42
50
57
70
69
73
72
90
91
93
91
106
96
100
85
75
69
63
79
89
65
46
10
49
27
97
7
12
9
21
8
29
19
24
4
4
16
21
17
29
8
26
41
22
20
18
24
3
3
3
13
44
60
69
50
74
72
87
87
101
99
110
92
66
112
99
17
39
89
109
70
19
11
8
26
26
9
11
2
27
4
10
2
4
16
24
22
14
14
22
17
16
29
33
47
61
58
58
86
80
83
91
86
83
93
90
65
70
101
55
91
47
97
50
72
13
65
25
6
13
3
13
15
14
23
35
35
52
38
33
13
22
11
52
35
13
8
22
31
35
48
70
69
52
53
65
44
80
36
76
77
45
7
16
18
28
25
20
14
35
5
25
4
5
3
26
4
13
25
24
30
28
30
89
34
97
37
92
64
37
77
82
44
78
26
91
24
47
93
32
4
23
33
40
37
49
62
52
31
61
28
44
45
54
22
5
8
10
3
10
13
25
36
19
14
30
57
55
53
63
64
60
55
66
89
81
87
101
109
110
127
125
115
111
126
130
121
109
94
71
37
96
48
106
63
111
3
3
22
3
17
12
9
4
17
21
19
9
9
4
20
9
17
20
10
20
19
24
28
38
28
35
43
42
62
60
55
55
62
66
77
84
86
88
86
104
87
101
107
129
115
122
111
125
96
116
124
115
117
107
87
93
93
103
72
77
53
58
63
103
100
56
96
113
99
113
136
127
98
125
104
122
114
138
127
133
125
129
128
146
93
79
43
136
117
64
51
43
87
7
6
7
5
8
19
29
22
24
26
32
26
34
35
55
56
59
51
70
55
72
78
75
82
68
93
89
97
87
90
106
92
88
85
83
92
93
84
88
104
96
115
104
97
86
110
122
121
117
120
112
121
107
121
92
114
114
128
120
127
118
123
114
105
119
117
56
78
39
85
116
99
27
45
69
3
5
16
13
5
16
30
29
37
33
37
55
56
75
72
89
88
96
105
96
112
105
94
54
74
71
81
51
34
43
103
42
93
85
60
81
69
66
69
65
61
68
73
67
77
76
94
107
78
84
93
86
72
74
76
86
84
91
102
94
95
91
88
92
104
89
88
80
101
98
94
94
89
102
90
103
93
106
87
98
99
108
106
69
79
98
87
94
74
73
101
92
95
91
89
98
100
98
109
105
126
110
109
115
112
119
112
125
127
122
108
120
108
118
105
99
115
113
79
100
90
102
107
110
107
113
89
104
92
91
107
100
107
98
108
104
96
99
110
105
115
108
114
103
114
112
105
101
109
85
110
96
106
92
106
94
81
113
98
93
87
93
107
96
113
101
99
106
104
101
110
119
122
64
89
99
105
95
113
98
101
112
88
114
114
104
119
104
120
100
98
83
84
77
99
91
101
92
95
94
99
93
104
90
112
69
82
105
91
101
102
116
111
110
95
105
104
118
106
121
119
122
108
98
117
89
121
113
105
112
98
93
111
98
99
93
112
105
97
112
99
115
110
116
103
114
99
101
101
140
133
130
146
145
142
149
136
149
146
103
110
96
103
84
74
86
83
72
83
87
78
91
83
100
89
92
86
94
85
85
97
85
85
93
82
90
81
75
99
77
88
96
88
101
91
107
102
116
90
92
105
99
92
100
70
84
26
46
54
98
72
61
39
4
3
3
2
12
18
16
44
44
36
38
42
40
44
86
98
99
97
114
106
101
121
77
93
91
82
93
97
93
96
93
91
59
58
27
47
77
12
16
90
33
76
74
96
4
9
7
9
24
12
25
14
7
11
26
21
32
41
52
50
53
63
62
68
80
59
62
71
84
78
97
92
89
82
83
78
76
81
83
75
88
85
97
90
92
98
93
80
101
90
104
114
101
111
104
91
110
108
104
107
107
112
106
112
105
124
108
120
106
97
88
113
89
91
105
91
99
77
71
110
109
104
98
107
108
107
91
100
98
99
107
102
110
108
105
107
105
100
107
97
108
105
97
86
103
79
86
85
95
92
81
96
94
87
93
94
94
102
105
95
108
95
112
110
113
99
112
101
107
94
85
112
96
101
95
114
98
113
99
107
108
110
107
103
111
107
105
110
103
93
82
98
105
93
101
94
101
94
102
111
97
103
109
107
111
104
109
97
108
103
98
106
99
102
94
86
105
99
105
95
98
95
92
96
83
87
93
98
92
100
100
111
113
113
101
116
107
113
106
109
100
108
98
111
103
109
108
95
104
104
93
105
108
104
92
98
102
94
110
98
101
95
99
105
116
117
119
113
118
110
113
120
86
116
103
95
82
48
64
76
37
63
100
69
81
68
83
44
55
73
73
96
96
94
108
101
108
87
109
102
120
100
113
114
107
106
124
117
97
102
117
130
114
123
112
120
108
110
117
121
99
104
97
67
4
75
43
95
88
3
57
24
18
54
28
61
96
60
66
55
63
68
79
87
88
102
70
92
76
84
98
88
100
90
91
92
89
94
93
102
94
87
98
105
111
101
113
102
80
103
94
73
109
95
113
105
106
94
93
99
101
89
89
90
106
99
116
68
29
116
50
90
21
77
59
100
48
52
86
44
50
57
56
71
71
87
87
90
99
85
86
77
96
96
78
68
86
94
90
101
108
98
93
101
74
95
96
95
108
109
98
107
105
110
90
77
61
50
59
72
58
102
113
97
115
115
138
138
157
156
167
137
122
110
125
111
123
111
116
115
99
113
102
104
120
107
102
93
102
124
119
126
125
117
106
120
115
131
107
119
108
125
116
110
85
72
126
102
110
119
104
115
109
117
119
80
80
97
128
79
94
106
116
106
109
104
100
109
120
115
87
102
96
106
99
90
106
99
99
109
114
92
105
111
110
109
116
102
115
84
50
113
76
28
96
70
57
37
7
11
13
14
3
7
16
6
15
19
15
24
41
47
19
36
23
44
34
25
21
3
18
16
41
40
19
16
17
22
39
4
14
13
17
34
30
37
45
56
66
64
80
79
68
61
50
46
34
87
65
75
83
16
12
16
33
33
52
28
51
37
28
49
60
60
73
61
19
45
35
68
48
37
20
71
3
2
3
3
3
7
7
28
29
24
39
41
63
30
59
38
33
34
17
17
35
4
4
3
38
33
29
42
22
27
16
26
23
21
25
16
18
7
18
12
4
16
12
7
10
6
17
19
19
27
55
49
57
40
25
11
36
4
4
3
7
4
47
38
8
15
8
46
5
6
5
50
48
61
33
15
32
18
61
3
1
10
4
16
22
17
38
18
27
31
6
6
31
30
20
16
23
14
7
6
7
5
9
10
4
3
9
10
8
23
20
24
36
49
32
46
45
55
56
58
63
79
71
85
66
45
51
31
65
73
67
48
10
9
14
12
8
13
21
22
42
31
40
35
48
47
56
69
80
57
56
60
61
94
59
49
60
46
72
48
70
5
1
30
39
51
48
42
37
58
13
50
48
37
56
14
9
14
53
58
56
58
57
61
75
72
96
122
124
119
133
130
123
113
113
170
180
169
160
176
173
251
263
259
189
201
176
184
253
171
202
195
192
172
181
195
71
27
203
69
127
202
89
81
54
109
30
80
5
3
22
6
18
20
6
8
21
36
47
35
43
56
42
26
33
24
16
53
40
50
5
3
5
8
14
11
15
22
25
51
59
55
26
35
27
25
30
4
13
26
25
45
43
49
35
71
81
66
68
32
63
76
31
38
49
33
5
16
17
35
46
60
74
61
81
72
77
70
88
87
80
109
97
111
112
97
110
106
112
95
107
122
112
125
97
110
83
107
83
79
83
92
91
31
65
33
86
33
33
75
55
46
8
7
23
28
23
12
25
44
11
8
4
5
3
21
13
29
35
44
44
55
57
67
75
73
66
76
90
88
103
114
115
102
112
95
111
105
97
108
110
114
101
121
106
99
99
99
103
99
110
96
86
104
97
114
90
103
114
104
113
104
119
102
103
100
105
112
108
88
96
103
94
115
105
117
105
121
107
107
98
124
98
116
116
102
107
111
116
112
124
123
122
107
125
117
120
114
129
133
129
112
122
113
132
110
114
124
90
72
80
86
85
91
86
66
60
93
60
83
99
98
95
100
98
94
90
108
88
89
103
94
22
100
83
37
45
64
45
14
24
71
3
10
17
17
39
52
43
57
61
59
61
63
47
31
50
45
49
4
5
14
11
9
7
13
11
8
10
15
8
19
5
21
16
20
4
5
3
17
18
14
12
22
20
25
37
32
43
40
49
63
34
16
59
43
8
31
21
6
6
3
7
15
38
45
49
49
62
64
66
63
89
88
100
99
95
107
112
100
112
14
38
96
89
70
52
47
29
78
13
12
26
12
29
24
32
7
3
14
11
22
32
17
17
26
13
19
27
3
3
19
22
19
15
36
33
50
39
52
69
68
72
86
84
53
33
81
24
45
54
62
84
3
7
5
4
3
6
7
22
34
34
44
52
49
58
55
69
58
65
77
77
89
101
88
99
44
37
18
56
22
54
76
39
83
12
12
26
43
53
52
55
36
29
66
28
11
40
38
8
9
29
41
47
50
54
53
65
50
66
94
107
110
103
96
117
101
116
112
107
118
116
117
120
106
89
105
117
110
96
76
103
111
104
113
107
105
101
112
100
105
103
106
91
98
78
91
83
77
79
68
64
92
76
84
101
98
109
96
119
112
112
104
107
102
123
96
104
61
71
116
34
81
42
48
9
22
39
54
51
44
57
50
18
53
55
46
35
63
39
6
7
9
3
3
3
12
6
5
4
11
3
3
4
14
21
40
40
43
33
36
52
57
55
48
78
67
70
45
59
76
57
67
83
92
84
74
58
100
62
97
94
74
88
106
29
55
103
66
35
37
12
13
23
34
31
56
57
22
41
35
47
19
45
6
17
31
37
35
44
54
77
31
43
74
42
17
71
67
70
43
33
19
19
16
37
52
52
75
75
58
75
73
57
47
79
64
20
62
31
4
13
38
31
43
51
58
65
76
74
93
80
99
90
89
91
116
112
109
88
127
105
99
103
95
100
110
108
89
96
99
97
98
120
101
118
110
121
118
119
109
118
118
110
101
112
105
102
110
103
110
115
87
107
103
110
91
100
117
106
102
107
107
124
108
119
103
115
113
118
108
114
107
109
103
126
118
113
101
124
112
115
119
119
95
104
107
106
101
98
106
102
113
117
104
117
108
104
115
116
104
112
102
106
119
106
117
116
96
106
119
110
108
102
110
101
113
98
83
96
90
47
32
31
64
33
51
70
60
6
11
4
3
11
24
8
37
49
50
50
63
63
85
83
93
95
107
104
102
113
121
111
111
101
116
109
59
33
95
53
45
38
72
114
102
91
5
7
36
9
37
28
11
15
27
25
22
29
28
39
26
37
31
36
2
4
2
8
10
5
39
34
34
55
52
51
62
54
51
45
57
61
43
63
76
83
75
69
78
57
57
87
91
102
85
99
100
108
82
103
96
84
91
99
100
86
82
72
62
91
40
82
87
73
47
65
6
4
4
3
25
26
16
36
28
36
32
5
18
16
32
31
25
28
8
6
6
22
25
14
3
9
5
3
6
11
16
4
6
21
10
11
14
18
40
40
49
41
45
36
37
54
42
49
7
8
5
3
5
20
4
4
3
14
15
11
9
8
15
32
36
17
3
13
21
22
44
62
62
69
69
67
89
54
70
46
69
58
37
88
64
61
55
31
6
3
2
7
17
17
24
41
47
42
43
50
60
59
12
60
51
16
26
41
37
23
49
4
8
11
4
26
24
5
7
8
12
25
38
28
29
48
50
39
61
51
60
91
95
91
107
103
85
86
23
85
57
91
41
28
89
65
84
7
4
4
5
21
21
33
31
50
48
58
59
61
78
79
86
86
99
100
51
90
62
18
20
85
87
38
81
8
5
4
3
5
4
17
13
27
48
48
43
39
44
56
55
86
83
92
89
92
89
96
100
98
105
105
101
109
109
107
93
99
83
73
94
40
58
48
26
75
5
24
46
46
49
51
25
54
43
45
40
52
48
44
34
15
14
30
26
30
53
63
49
48
25
17
25
31
46
7
11
14
9
41
42
54
24
26
60
58
67
69
73
42
56
46
53
28
49
51
34
4
33
32
38
37
49
61
70
71
84
73
91
72
76
80
85
97
104
106
94
98
89
97
96
85
105
89
101
95
78
99
87
103
94
101
112
92
102
107
101
122
103
122
97
120
109
122
109
103
118
123
113
114
109
109
101
107
99
105
93
90
101
93
100
87
98
80
84
84
89
87
95
94
86
97
81
98
96
113
99
105
98
95
85
105
95
92
87
100
98
83
69
77
87
95
89
93
101
99
92
101
102
113
98
98
88
98
86
99
98
99
91
89
100
91
101
100
81
98
91
95
97
90
99
90
94
101
89
95
97
77
92
99
78
45
53
66
57
86
91
83
92
75
79
81
81
80
104
97
105
111
106
108
122
122
110
94
104
104
85
92
101
88
75
85
96
100
92
102
96
92
109
102
94
110
89
102
90
91
102
104
86
95
101
95
93
106
97
90
44
62
81
40
104
90
50
73
81
70
84
47
55
65
65
82
82
100
98
111
96
109
101
93
105
94
102
85
94
98
78
96
96
92
100
93
90
101
101
88
96
89
86
96
80
98
89
83
92
94
97
103
96
99
109
108
97
118
109
89
116
116
108
118
110
122
106
110
108
105
106
116
109
116
108
107
97
93
102
88
94
86
96
76
83
99
100
97
115
102
97
98
92
109
98
93
86
97
88
86
95
92
96
91
85
110
102
110
88
96
103
113
118
101
105
92
78
82
60
89
83
86
93
87
86
96
102
90
101
93
89
85
96
101
96
85
98
106
91
84
103
96
91
99
90
94
93
96
100
82
95
81
81
90
76
91
94
87
102
105
103
122
103
113
104
113
99
91
88
75
99
93
99
99
91
104
92
108
98
110
103
105
94
104
97
104
93
103
91
84
102
90
71
66
95
84
92
87
95
84
98
83
90
87
97
91
95
98
82
90
100
95
91
95
89
98
86
102
94
94
93
103
97
86
103
101
103
100
88
102
90
103
93
106
94
94
106
106
93
102
90
94
101
102
93
94
91
96
87
96
89
78
95
85
92
96
77
45
45
61
83
70
72
91
79
84
67
74
78
74
88
82
87
81
77
68
89
93
81
95
84
97
92
67
90
64
88
81
83
96
94
79
84
61
89
96
92
90
95
98
90
102
113
108
106
97
110
113
105
114
103
110
105
95
110
108
98
94
106
106
103
106
100
104
84
95
99
67
49
72
87
16
16
47
56
31
5
13
13
23
36
34
35
36
49
52
51
38
53
40
40
38
55
40
60
56
37
48
13
52
44
4
5
24
34
37
35
40
32
23
13
10
33
47
20
14
11
11
54
52
55
76
68
77
72
93
91
100
114
94
107
121
110
116
110
83
92
103
98
95
111
77
90
92
81
109
89
104
93
98
93
96
94
90
100
92
106
104
109
109
115
104
102
115
116
102
114
95
116
110
107
111
105
113
103
111
103
107
115
95
113
98
112
102
115
100
120
114
102
99
98
114
105
91
104
118
105
88
115
98
106
107
77
100
113
108
58
77
99
100
69
97
99
108
118
87
107
76
97
96
119
118
128
101
120
104
105
104
116
106
107
99
104
106
88
81
103
95
104
93
115
96
109
85
106
105
94
107
99
102
102
99
109
97
105
90
106
95
103
97
101
115
113
104
118
71
53
86
50
20
62
100
32
88
3
18
8
14
5
16
29
21
22
34
46
49
63
60
75
72
86
84
86
101
110
106
112
124
111
110
120
109
112
109
116
107
99
101
106
120
110
123
32
105
64
59
40
82
24
102
78
4
23
29
29
32
32
45
47
52
64
45
60
51
65
75
67
65
83
64
60
72
59
36
56
9
40
87
89
79
86
5
5
7
17
7
30
18
15
3
11
26
26
28
37
36
36
12
38
17
20
32
8
19
18
28
52
50
36
51
23
26
59
25
17
27
34
60
86
18
22
5
22
30
34
28
18
31
29
41
18
22
47
26
39
12
8
4
15
15
19
19
18
30
16
12
38
15
10
34
3
4
20
36
40
56
43
64
74
66
79
92
91
107
106
120
111
97
94
123
109
110
88
87
82
74
51
54
56
52
111
102
3
11
4
7
5
23
18
22
20
33
22
13
5
11
19
27
22
20
22
19
23
25
9
10
23
40
51
56
55
58
55
59
55
58
85
85
85
88
99
101
102
110
95
100
109
89
109
100
100
105
104
105
94
84
87
92
106
108
103
98
101
117
120
108
115
59
78
102
79
36
109
101
43
88
86
109
103
120
119
121
116
119
123
127
51
119
118
1782
1776
1805
1805
1805
1805
1807
1804
30
1809
1806
57
18
19
21
26
22
19
24
4
13
25
15
18
5
30
46
49
36
35
60
78
87
91
89
87
114
103
105
102
105
127
125
125
107
76
74
89
60
80
120
73
71
50
32
35
18
4
3
2
11
7
5
11
27
19
30
19
7
11
17
40
42
24
15
23
4
5
10
10
5
25
19
25
27
20
37
32
25
32
36
44
45
48
42
36
35
15
31
7
34
19
17
3
7
2
6
4
18
11
6
18
29
26
20
27
16935
16935
16936
16935
6
6
6
17
11
19
21
33
27
25
38
21
4
5
12
19
18
14
92
96
17
28
21
8
13
26
18
7
8
36
4
31
5
17
19
29
25
21
35
12
20
30
13
54
27
52
13
3
26
15
21
36
39
39
51
66
55
73
72
70
74
71
89
86
93
99
98
110
100
95
110
101
112
111
114
111
130
93
107
102
94
94
109
109
104
95
106
76
88
91
106
100
113
107
125
112
119
115
122
125
122
115
131
130
104
112
113
106
115
106
118
102
111
104
103
105
112
96
113
86
99
77
83
98
101
98
99
96
107
113
107
78
78
100
88
98
90
99
90
111
104
118
116
120
123
123
113
122
102
103
122
108
100
110
107
106
92
113
99
99
117
114
107
107
109
117
110
101
107
97
111
100
101
84
94
98
112
107
99
114
101
112
103
83
105
96
112
92
101
113
109
102
111
104
102
111
114
89
98
106
101
115
100
87
111
102
107
108
122
115
121
102
105
105
118
108
121
111
96
111
120
120
106
113
106
107
126
122
113
113
112
111
125
116
124
123
113
118
120
105
108
77
118
86
114
100
105
79
94
101
100
110
83
91
98
108
102
118
111
121
122
116
110
116
118
101
108
106
103
99
47
49
85
20
16
58
93
69
73
32
4
5
4
4
13
21
13
28
25
31
46
54
55
53
20
44
49
59
37
47
34
63
31
8
5
7
9
23
32
31
30
44
40
40
50
59
71
69
84
93
75
78
97
89
104
73
88
55
97
71
81
75
88
80
76
83
81
80
101
45
90
74
39
17
67
98
24
51
4
3
20
19
22
28
30
41
42
50
33
54
61
54
62
69
82
80
77
87
57
76
61
84
70
72
100
61
72
22
55
39
91
88
80
79
84
88
57
62
73
75
75
74
101
100
105
91
106
122
113
121
125
116
124
119
121
104
111
90
99
110
97
107
93
82
81
61
89
74
35
96
41
32
55
89
70
72
58
43
59
60
76
76
94
94
89
102
99
88
86
97
90
99
87
100
100
85
101
94
89
105
90
93
102
102
100
117
116
111
101
106
107
93
111
95
72
92
84
98
77
89
66
90
91
84
94
85
99
99
106
95
109
107
94
107
92
78
102
89
88
100
99
106
114
96
98
79
100
88
84
94
95
85
96
85
104
92
96
103
102
109
104
96
85
104
95
108
95
83
101
92
102
101
108
106
101
72
64
99
89
85
108
96
113
99
118
101
97
98
100
101
92
120
106
125
105
112
107
105
115
119
121
110
102
104
92
91
99
104
102
103
100
96
98
103
63
50
32
69
22
82
37
91
103
12
5
14
15
10
27
38
35
33
46
40
30
49
18
43
39
40
30
42
3
4
23
19
30
53
51
56
76
65
74
77
78
71
66
74
72
108
97
100
88
97
84
77
89
67
65
95
108
89
99
92
100
88
97
98
95
110
110
119
121
105
111
107
114
110
86
95
107
105
110
97
114
106
116
115
119
112
107
124
101
96
115
121
121
107
108
124
101
102
114
121
100
95
108
106
113
91
107
101
88
88
96
105
88
97
104
105
103
98
97
110
88
87
84
81
69
63
60
56
88
4
13
21
15
21
29
31
5
11
7
23
24
32
33
43
42
42
43
58
63
58
65
64
71
80
60
53
77
73
77
89
88
90
95
81
77
106
96
96
97
91
99
93
87
111
56
65
81
86
45
94
106
98
83
97
59
67
70
73
97
112
114
100
109
112
84
81
112
104
108
108
97
107
102
117
104
104
101
104
108
99
114
97
111
106
99
104
102
100
121
114
101
96
107
104
106
107
97
112
91
113
97
113
99
110
114
105
105
115
105
114
118
107
110
115
115
101
104
113
108
105
87
97
104
88
94
79
92
93
74
90
82
90
92
96
74
94
94
97
91
93
104
101
92
86
108
96
102
97
112
99
52
100
63
114
70
79
92
103
103
91
75
96
91
93
106
104
102
102
101
95
98
97
98
105
94
84
94
109
104
106
96
110
107
91
103
83
98
91
91
91
94
98
90
106
104
106
100
113
102
112
104
106
120
107
108
111
119
99
115
110
107
86
98
107
94
107
100
93
102
93
79
104
72
100
93
104
109
110
88
102
78
97
95
105
104
89
99
102
98
115
113
91
109
103
111
86
95
109
96
109
93
101
108
101
111
85
108
102
110
103
92
103
100
98
102
86
97
99
91
91
104
82
106
94
113
101
106
115
111
105
120
111
115
120
113
87
96
122
113
96
108
101
113
100
72
74
101
105
99
111
88
103
106
98
134
140
126
111
135
104
54
48
29
30
101
91
116
111
19
9
9
37
34
63
76
76
75
73
67
52
48
49
49
47
18
20
21
22
22
6
7
4
5
7
28
6
6
5
6
12
5
5
187
45
35
58
32
30
29
31
87
80
99
96
113
106
111
111
123
113
126
114
120
101
125
99
113
109
114
99
118
105
109
102
122
105
128
116
134
121
143
130
140
132
123
120
24
135
72
53
117
41
13
92
58
102
16
7
7
5
8
7
21
42
10
7
17
28
26
5
3
22
13
4
15
27
18
39
42
43
43
23
24
36
34
35
66
5
59
4
5
33
21
30
31
32
53
53
55
55
41
42
45
45
54
7
6
30
45
30
40
65
63
83
92
92
116
94
106
113
109
101
124
118
23
66
26
110
19
79
38
54
63
126
87
40
65
42
38
37
24
47
35
36
34
10
10
23
38
50
45
45
43
48
86
85
99
99
106
103
108
103
119
92
46
68
13
11
27
54
85
72
81
5
5
12
6
9
22
18
10
7
3
5
4
11
20
32
44
15
42
20
31
29
23
7
7
26
24
14
10
8
6
3
4
11
15
20
35
44
61
62
57
78
76
85
94
97
104
109
107
118
105
120
112
117
88
99
112
103
111
111
102
98
94
105
100
108
112
130
141
106
83
50
108
22
86
20
119
60
8
5
8
22
15
7
20
12
24
32
33
53
43
37
45
71
79
60
60
41
37
38
59
76
60
8
17
12
15
8
10
7
29
41
42
41
36
33
47
49
35
25
25
38
25
12
23
25
32
52
61
60
55
60
72
52
50
91
102
99
95
98
100
94
119
92
83
103
104
88
96
27
107
68
37
93
57
83
18
34
66
77
13
49
52
10
54
52
73
70
61
61
62
58
61
29
18
52
40
60
8
19
33
47
53
49
31
49
20
40
50
35
38
49
52
4
3
4
5
13
12
16
14
19
17
6
23
3
3
26
4
14
7
7
8
16
32
31
42
48
38
47
35
28
24
38
49
26
55
65
18
41
41
44
59
43
40
16
36
61
13
18
51
17
25
3
5
7
32
29
32
30
57
66
65
68
78
74
80
83
87
100
107
82
95
107
94
90
95
100
96
106
101
99
98
99
111
107
106
116
103
90
83
110
107
103
57
50
48
65
32
53
80
75
93
5
3
9
7
22
24
23
36
56
54
59
56
65
69
67
91
82
83
67
82
100
100
95
94
91
100
103
95
64
51
30
114
27
89
45
32
79
25
3
3
23
13
24
28
10
23
27
4
18
17
6
4
6
19
33
46
38
46
80
75
89
40
106
105
112
117
122
115
106
115
109
89
100
99
88
106
98
110
98
101
95
77
87
93
86
96
84
99
101
99
80
81
73
101
93
86
101
86
95
86
93
75
90
105
98
95
112
92
79
102
99
79
96
89
91
96
94
101
94
90
94
103
63
86
93
105
53
76
105
94
107
97
105
97
92
81
96
95
86
96
111
98
81
94
94
97
87
93
87
93
86
94
88
94
97
92
94
94
97
82
73
92
80
87
91
79
94
85
91
99
101
69
96
93
91
90
95
84
81
94
91
59
82
83
82
81
91
75
87
93
86
88
87
100
93
104
102
108
94
107
100
99
109
88
108
101
103
99
104
98
114
97
113
99
98
98
108
110
110
107
109
101
90
95
106
82
88
93
82
103
89
93
92
82
101
95
91
107
94
80
97
90
98
98
110
96
107
58
76
99
47
89
72
29
17
50
4
6
3
25
24
48
65
65
78
87
74
88
84
86
101
104
106
88
66
79
35
103
32
75
43
50
120
26
25
44
49
52
55
56
79
81
105
104
102
104
115
90
92
97
82
87
85
102
76
99
72
67
72
77
54
58
79
46
51
75
87
84
98
100
120
118
118
128
99
128
117
123
109
101
115
115
102
112
106
101
110
101
111
118
105
113
106
109
104
111
108
100
109
97
93
103
91
85
100
97
107
99
86
107
116
101
94
81
94
86
105
98
99
116
102
103
110
93
61
91
100
70
51
34
82
102
93
78
49
45
47
45
47
81
81
79
108
99
102
78
100
89
101
82
96
73
103
99
116
122
104
121
116
105
107
128
115
105
109
100
111
102
114
119
109
96
118
109
111
97
113
111
100
128
109
121
123
120
115
121
122
116
120
117
114
98
111
98
89
98
89
108
107
99
103
111
109
103
116
98
116
108
97
111
103
82
104
95
121
120
113
125
104
121
119
121
120
115
107
116
95
80
109
109
99
108
111
84
72
102
81
104
102
98
102
95
97
90
108
107
111
119
103
102
109
106
111
96
118
91
68
41
55
44
80
97
30
73
29
3
5
6
5
19
17
22
11
23
12
8
4
21
53
42
43
46
36
39
76
90
92
88
91
95
104
45
100
25
19
54
38
51
15
18
51
45
41
29
18
24
22
48
19
87
91
99
60
57
55
70
69
83
77
97
97
95
103
111
95
101
115
115
122
71
63
105
84
97
101
111
113
105
108
104
82
91
89
105
104
119
107
110
116
118
117
112
120
94
119
109
114
107
107
116
121
109
112
102
97
104
103
103
102
92
98
95
107
108
109
108
114
104
106
116
116
72
31
49
66
36
83
98
92
22
4
2
32
32
42
73
69
92
104
115
101
112
137
242
182
206
238
135
160
213
79
21
25
58
82
80
201
74
72
4
5
17
28
18
16
12
5
16
25
29
34
37
38
34
55
69
49
46
62
55
64
64
58
71
35
54
58
62
56
56
74
4
5
7
10
13
27
25
23
22
24
33
61
63
82
97
80
46
37
41
67
15
55
25
62
41
71
9
6
17
28
38
45
53
50
55
66
62
67
86
82
83
97
103
104
90
71
100
86
72
48
85
39
56
88
18
19
8
51
54
57
67
63
83
77
67
80
81
67
48
29
4
6
5
4
21
5
21
19
16
20
21
40
44
50
66
46
45
56
45
67
23
68
34
8
7
7
6
6
3
8
11
3
5
16
27
29
18
15
31
18
44
41
31
41
38
4
35
9
32
10
3
4
18
4
26
6
29
29
33
45
44
61
58
58
71
80
84
17
63
40
55
30
84
86
88
85
36
7
21
20
40
49
54
64
18478
18481
18479
18461
18466
18465
18471
44
18480
18472
18460
5
26
21
3
15
19
7
30
7
9
20
18
5
17
8
9
19
33
16
36
14
22
12
20
5
4
3
7
21
8
29
9
27
23
5
23
24
21
30
24
19
17
5
6
26
66
80
98
52
52
51
70
69
63
74
84
72
96
101
100
96
100
101
92
81
91
74
99
97
88
103
96
92
98
101
86
89
38
54
49
70
93
28
18
17
31
44
46
62
73
58
76
76
86
85
92
93
92
99
107
100
98
83
56
44
69
54
92
26
80
113
33
4
18
34
33
31
47
45
22
13
50
36
35
16
6
37
36
48
40
32
28
30
36
37
27
34
4
14
13
24
30
26
32
27
23
46
43
52
69
53
56
43
83
60
52
62
64
65
71
49
51
69
74
77
90
93
88
100
99
91
104
104
99
104
87
90
96
76
97
108
114
114
101
109
88
89
110
81
107
98
108
104
106
96
113
96
86
112
103
94
121
103
106
104
106
98
107
94
103
94
108
105
85
86
95
105
93
98
107
103
108
115
115
130
110
95
113
107
115
94
115
116
114
114
107
120
115
115
118
124
99
112
96
105
95
100
92
90
88
75
92
105
106
98
112
98
105
114
101
87
96
96
102
98
105
106
95
106
98
84
99
106
107
91
103
94
99
92
104
93
96
96
100
112
107
114
113
107
99
111
112
103
98
108
105
101
107
98
98
109
85
106
93
104
94
93
99
100
93
99
112
99
115
92
105
98
104
98
110
97
115
99
109
107
86
105
98
109
97
101
94
107
98
114
98
96
97
95
105
104
94
87
94
105
107
97
91
95
103
97
104
92
108
93
107
103
112
104
94
103
111
118
104
85
79
77
111
98
106
95
93
93
87
78
88
84
83
100
99
98
105
86
103
94
87
72
92
95
84
99
90
100
89
106
97
115
104
115
107
108
105
113
110
111
104
102
110
102
98
104
97
103
98
94
101
96
84
95
88
89
95
80
89
86
77
95
90
108
117
126
115
129
118
127
117
98
99
100
89
110
111
96
100
102
108
117
108
118
117
118
111
127
105
109
125
104
119
101
114
101
117
100
90
109
101
110
101
118
102
120
104
116
111
127
116
109
93
113
106
108
73
38
71
51
55
18
87
17
93
5
4
30
28
23
38
14
15
19
28
28
24
4
18
29
32
39
13
20
29
16
4
19
34
35
43
43
56
58
77
54
106
116
113
138
131
135
130
107
124
104
122
49
50
44
41
74
93
52
102
6
19
25
23
21
36
33
51
43
26
21
32
24
41
51
56
38
3
3
28
30
27
47
48
67
67
83
68
106
106
127
111
97
133
103
102
130
107
107
81
77
84
97
94
88
83
91
89
104
82
91
88
108
97
112
115
87
96
93
82
80
85
91
91
105
81
92
87
85
97
72
107
82
91
89
90
79
95
93
110
92
102
99
101
104
86
87
99
91
97
91
96
103
93
107
93
92
74
96
96
106
96
106
102
109
100
101
112
114
98
106
93
83
103
94
109
94
113
102
109
88
110
110
125
113
126
98
109
118
116
114
110
103
91
105
109
100
113
103
111
99
120
125
117
127
113
119
93
106
99
87
114
94
93
96
87
87
78
95
67
89
105
103
101
97
106
99
104
124
115
107
111
110
121
112
106
119
119
102
106
95
103
105
102
97
86
92
106
103
97
105
109
101
110
106
120
105
90
98
109
89
87
83
90
107
102
99
101
80
94
92
113
98
97
111
91
103
90
100
89
89
83
104
96
93
111
103
95
106
98
98
105
92
106
109
84
104
110
117
105
112
110
116
113
115
109
113
123
115
112
108
58
28
77
52
115
36
93
70
43
6
18
31
27
36
43
18
34
38
34
16
34
32
15
11
34
14
28
48
4
14
26
26
26
18
24
34
20
3
6
26
25
28
35
31
33
53
44
51
65
48
82
103
88
126
23
60
77
113
68
103
90
115
87
93
8
10
17
9
22
21
38
38
56
54
65
64
62
82
85
100
97
96
102
95
107
108
89
114
111
103
108
18
70
67
13
81
63
34
73
39
99
28
76
22
43
19
14
17
15
73
24
11
10
23
23
29
38
35
39
46
35
22
53
49
57
47
64
71
68
81
77
55
25
44
72
41
20
62
80
84
55
9
5
8
8
4
30
27
42
26
18
32
23
4
5
6
4
6
252
269
268
47
47
49
68
47
48
56
32
57
49
67
83
86
89
82
71
70
89
82
87
67
93
81
76
95
100
91
92
74
39
83
89
46
41
72
67
63
77
83
87
74
62
75
73
74
74
90
89
100
96
104
90
101
80
52
42
26
35
58
99
67
85
5
6
4
4
5
24
3
25
3
3
7
4
3
11
13
14
17
9
22
15
26
4
13
8
7
12
22
23
41
49
50
63
68
20
52
23
12
14
26
27
8
23
9
21
43
63
56
68
49
43
54
14
23
52
31
64
45
16
66
5
4
3
21
16
30
12
20
9
26
10
27
4
5
6
36
16
31
49
52
37
55
58
63
14
72
66
21
18
64
70
68
51
25
7
9
4
4
4
8
5
6
4
30
34
41
40
49
62
71
68
82
77
93
86
59
12
53
68
36
84
92
2
97
87
40
54
14
30
45
45
29
25
28
34
76
73
84
83
99
70
73
42
61
44
69
39
73
17
67
4
5
17
37
32
35
33
29
39
31
33
31
8
7
10
22
28
9
28
26
12
23
18
30
26
35
50
55
54
63
61
68
69
87
69
86
38
82
16
80
52
32
61
31
33
25
28
61
59
58
79
62
89
98
84
83
94
101
99
97
93
79
87
97
100
104
73
59
49
45
75
95
68
83
77
79
85
73
50
53
69
70
76
79
91
85
102
92
87
87
105
92
88
80
68
96
104
97
111
85
38
78
96
12
28
56
58
55
100
8
10
9
27
41
19
30
34
53
40
51
75
80
74
87
86
92
109
108
110
119
82
95
104
44
47
21
65
30
50
3
3
5
5
23
22
35
48
55
49
47
61
72
57
59
51
35
71
61
74
91
85
54
81
88
84
59
75
77
91
96
94
98
100
83
101
98
97
86
112
94
118
119
98
109
111
126
124
124
110
104
119
103
102
93
113
114
101
114
105
113
94
105
109
108
96
113
101
110
98
104
116
106
115
100
102
101
115
101
112
87
87
103
95
107
100
104
97
104
105
108
89
97
94
114
104
97
110
98
102
110
112
115
114
111
117
108
118
113
116
129
127
120
126
119
111
126
121
113
94
115
90
98
96
88
81
108
106
55
53
68
80
43
53
104
84
91
62
55
42
47
59
66
65
65
95
98
85
92
102
96
84
94
109
97
104
91
91
99
114
107
121
111
117
115
120
109
126
130
114
105
81
107
109
95
100
83
97
91
99
84
89
74
98
103
110
104
111
99
114
101
110
108
99
99
95
103
115
81
98
117
110
116
110
123
112
100
99
125
118
134
114
128
119
125
118
125
124
99
121
110
116
103
109
96
103
92
97
86
87
88
103
90
88
81
92
83
99
92
104
94
77
89
89
98
90
103
91
71
64
57
56
55
74
