53
33
46
35
29
259
259
199
98
97
259
233
133
45
92
234
100
113
110
149
117
115
162
25
26
45
175
156
88
166
27
75
95
103
67
69
103
83
114
113
127
91
110
99
105
119
102
112
116
122
111
134
118
125
116
114
102
83
91
66
56
42
66
119
98
5
4
5
4
9
5
21
34
45
57
28
19
37
32
42
25
62
43
56
46
64
64
82
84
99
92
100
109
95
107
92
108
96
112
101
101
98
101
112
108
114
114
105
114
111
89
87
112
103
106
103
98
104
99
103
87
93
116
112
103
119
102
120
104
110
102
109
119
101
111
100
119
104
114
109
121
131
117
126
117
119
112
118
110
106
119
115
104
119
111
110
117
116
109
114
105
108
111
93
107
106
87
104
102
94
105
102
101
107
121
109
112
121
123
115
122
115
126
122
117
112
106
117
112
105
111
108
100
110
105
98
111
101
75
93
115
108
83
107
111
101
102
115
111
83
98
97
114
115
103
118
105
112
110
95
106
99
107
109
102
110
112
112
110
99
111
100
116
105
70
91
60
102
112
80
101
94
99
88
93
91
91
89
99
98
106
99
110
99
114
102
117
111
122
116
119
112
113
85
100
112
103
80
86
91
100
88
109
110
118
122
107
122
129
102
126
110
112
59
20
101
73
42
84
50
95
8
10
9
24
23
28
8
26
9
6
7
16
9
17
14
18
45
36
38
37
48
47
62
61
76
72
73
83
88
99
102
91
86
78
91
93
86
95
94
87
95
92
79
88
100
84
88
78
48
55
38
95
23
24
61
83
69
53
33
69
47
47
61
60
70
70
88
88
96
87
96
89
97
86
98
92
78
86
93
84
88
92
84
94
79
94
85
82
97
85
95
88
97
101
93
91
77
42
57
17
74
84
49
33
24
11
9
19
21
23
6
5
12
13
5
4
3
15
16
25
37
44
46
54
50
52
68
66
80
79
93
89
94
87
88
88
96
89
80
110
100
109
104
102
111
107
112
89
96
93
89
88
99
77
80
84
69
103
86
93
93
107
94
108
115
107
121
89
77
91
82
90
97
89
99
91
73
87
95
87
84
85
88
78
77
95
93
96
92
8216
8202
8180
8210
8212
8227
8215
8191
8291
163
8305
182
182
51
71
141
29
14
182
187
96
54
96
67
94
82
51
69
63
84
84
100
101
115
107
118
105
117
115
116
114
116
110
120
106
118
105
111
116
96
121
105
114
98
115
91
97
70
62
90
63
72
79
99
86
76
113
102
124
92
102
108
119
116
121
109
120
111
112
120
120
111
117
114
112
110
95
105
99
98
108
102
110
119
114
110
120
109
126
109
113
82
93
102
110
102
114
99
107
109
117
94
110
111
122
95
110
105
116
101
84
113
106
95
82
87
103
105
104
106
113
102
103
109
107
94
101
69
98
85
106
92
91
73
90
108
92
100
98
94
93
103
101
76
92
87
113
83
96
106
97
107
94
101
123
116
120
117
106
116
134
117
131
129
119
113
112
94
98
100
124
109
102
110
106
113
117
112
106
112
99
105
96
87
102
97
89
100
97
93
102
83
102
90
111
97
90
97
78
110
103
112
114
102
112
104
113
105
94
112
107
97
105
96
100
100
118
117
119
113
106
117
120
112
117
96
109
120
110
72
105
94
81
113
107
106
119
99
90
110
108
67
88
103
96
109
106
111
110
106
117
112
117
110
94
125
113
124
111
126
119
130
125
139
123
115
126
114
115
122
122
100
113
118
113
116
126
80
105
115
124
100
89
103
94
63
102
92
100
70
86
58
78
78
96
96
115
92
102
116
87
80
103
115
111
113
109
115
105
84
78
90
112
89
105
100
102
108
119
104
120
110
105
97
102
104
98
107
102
108
106
98
108
99
104
113
115
107
105
116
119
108
121
112
119
109
118
116
114
111
111
103
113
107
110
103
101
108
113
111
112
104
108
99
111
98
110
111
99
114
100
110
107
82
101
60
41
30
71
89
53
30
9
6
6
10
28
49
25
25
43
53
51
55
51
74
81
93
92
105
111
118
124
129
101
89
121
97
109
100
113
111
101
101
108
111
102
105
93
93
103
87
98
93
101
97
100
104
96
106
94
106
104
104
95
97
105
104
92
104
92
102
91
97
92
86
76
86
92
74
91
79
86
86
75
91
76
93
86
93
77
92
89
92
88
102
86
85
90
96
102
91
107
101
94
101
89
104
93
100
99
104
105
89
96
110
102
112
101
116
98
104
107
115
102
116
124
109
109
123
96
92
120
96
81
106
64
72
58
38
43
39
90
80
101
95
96
95
108
107
77
94
97
97
97
112
102
114
105
117
92
104
115
102
95
97
89
98
86
94
95
77
88
76
94
90
104
99
92
94
102
83
90
97
102
89
96
91
96
90
98
89
91
91
112
102
92
98
92
104
91
98
91
79
72
94
66
81
87
102
92
105
98
114
106
75
97
96
116
109
105
116
109
116
103
119
98
98
111
116
107
117
111
120
117
119
121
92
71
83
116
113
68
98
94
97
56
86
106
85
88
86
102
110
108
100
109
93
108
99
114
116
111
98
105
112
113
109
104
114
113
125
112
125
108
118
108
115
90
95
95
106
94
112
106
118
111
109
125
111
103
121
121
106
114
99
109
94
113
95
112
100
105
96
106
103
111
106
110
105
103
105
110
119
104
108
103
110
105
110
102
108
113
114
111
104
88
98
102
116
113
102
110
102
110
94
106
94
104
115
121
119
120
122
122
119
112
123
120
109
116
115
114
104
116
114
118
108
119
112
117
110
117
109
114
107
113
100
100
109
111
105
102
114
116
104
115
103
112
117
118
104
119
108
114
102
114
116
112
103
90
121
109
114
127
132
115
126
119
129
126
121
112
119
110
114
118
104
114
101
24
32
73
95
48
82
44
6
34
11
18
30
10
14
10
10
9
12
11
10
8
41
36
19
47
47
49
50
48
53
19
22
96
18
20
17
67
21
48
6
11
12
2
6
34
4
13
9
5
30
7
4
7
4
37
52
52
52
51
52
50
60
55
49
52
54
5
17
16
19
17
3
11
15
11
2
17
11
4
7
4
3
24
22
23
9
43
41
48
70
74
98
86
63
73
73
87
66
76
96
97
170
185
176
172
179
174
56
171
159
179
67
147
99
93
99
88
100
99
87
89
89
91
107
104
109
96
102
104
99
106
115
97
112
100
114
107
118
104
115
95
107
128
114
120
113
127
115
126
113
105
104
108
115
134
132
133
113
121
130
111
108
119
130
106
102
85
108
109
111
97
121
118
133
117
122
117
122
112
132
118
132
131
117
106
125
118
127
113
124
116
123
109
117
106
110
110
116
104
108
120
122
110
101
121
110
128
111
104
111
107
115
116
114
117
113
121
110
121
110
105
116
121
119
123
120
120
111
121
113
123
96
118
116
104
115
103
109
113
106
118
110
129
136
126
144
153
152
165
165
173
159
175
157
158
149
156
150
134
151
149
127
143
144
137
153
147
146
154
164
146
159
153
159
164
162
149
119
136
155
98
145
141
143
150
139
159
154
142
164
166
149
139
120
135
115
132
118
117
116
96
127
106
118
111
128
127
115
131
123
109
128
116
96
101
104
130
118
121
135
127
136
148
137
154
140
123
110
125
116
113
95
113
103
123
8538
8532
8556
8544
8568
8556
8573
130
8555
155
130
113
123
115
91
94
81
95
103
77
65
112
56
101
51
69
53
52
71
70
92
91
108
111
122
110
118
110
134
126
110
130
126
138
116
132
114
109
97
104
97
98
118
104
116
117
110
116
111
113
95
68
113
94
83
94
80
92
102
96
89
85
98
104
101
97
96
77
88
87
107
106
131
125
135
144
143
139
124
133
130
119
108
120
131
118
133
131
131
128
128
133
132
123
89
84
112
71
67
52
31
23
110
40
9
20
31
40
48
50
59
58
57
63
65
87
86
103
107
110
99
89
110
90
99
108
98
106
92
83
105
98
59
47
68
40
76
16
50
19
90
7
9
11
31
15
31
10
24
3
3
8
9
27
34
22
19
25
9
28
3
7
6
8
26
14
5
8
14
16
19
52
43
46
51
69
68
87
87
107
107
121
108
125
122
108
121
120
105
94
110
123
118
112
120
112
128
113
109
102
95
97
108
102
96
104
88
92
90
98
106
105
84
92
108
97
102
97
107
116
113
107
98
115
96
106
105
101
103
653
645
665
654
675
659
647
659
652
627
92
77
86
86
58
69
73
83
77
81
83
71
61
77
71
67
71
71
71
74
73
103
96
117
109
136
149
138
144
153
160
271
261
290
304
282
238
270
217
227
36
84
25
27
212
26
104
63
2
12
22
7
12
10
5
5
8
5
8
25
21
22
19
15
20
7
11
2
18
3
13
3
3
6
27
21
6
21
12
9
18
5
8
4
4
14
18
20
37
43
43
61
47
59
67
78
76
90
109
95
103
95
94
104
104
128
121
98
16
16
98
73
132
4
8
11
10
32
21
46
49
59
52
90
87
102
93
114
113
131
129
145
113
138
128
134
118
131
120
137
122
117
140
128
118
130
128
131
113
122
110
111
121
123
114
113
106
102
116
118
116
110
100
122
116
131
137
138
125
74
97
135
55
113
110
114
29
99
74
34
28
72
87
44
34
83
34
106
103
128
144
144
146
125
117
106
105
97
90
110
133
124
129
144
148
150
110
87
84
84
106
69
51
150
39
6
5
3
17
43
33
35
59
68
87
87
87
88
60
56
90
56
58
124
73
51
52
95
90
97
95
96
135
134
149
134
151
132
117
130
108
134
120
108
108
117
117
111
108
121
96
108
118
128
111
120
111
128
109
99
106
113
96
105
114
86
106
82
93
102
96
96
103
85
94
55
72
71
37
26
55
56
52
11
11
12
13
13
42
41
54
45
43
46
51
55
68
68
88
89
90
102
80
82
91
75
91
69
92
97
92
106
104
98
99
89
98
83
55
77
61
53
104
37
78
157
156
145
127
126
126
147
146
165
166
115
101
117
94
100
103
113
111
57
33
49
84
41
61
14
102
79
2
3
4
3
7
16
14
18
19
29
27
24
34
55
46
61
59
78
61
77
76
92
92
101
91
87
100
87
101
86
94
87
89
99
105
92
99
98
103
98
105
97
102
103
93
82
100
109
92
102
96
103
97
105
97
98
97
94
107
104
98
131
122
137
124
105
65
115
135
97
132
99
107
100
87
78
60
98
68
81
81
73
89
87
97
89
93
81
91
87
95
84
88
93
89
95
89
102
90
99
87
92
87
95
85
98
86
100
90
92
102
107
103
107
113
112
101
111
112
111
108
107
99
85
101
94
106
94
95
109
106
96
101
107
92
84
105
77
96
89
97
84
96
88
102
105
102
104
103
97
103
109
99
108
105
106
98
95
104
83
91
104
91
106
101
83
66
69
89
95
97
102
89
98
90
100
78
97
95
107
97
102
109
107
100
111
98
112
105
115
102
115
105
119
111
113
105
112
105
108
100
90
108
106
103
103
105
93
105
66
65
92
40
90
52
17
28
40
3
2
14
15
26
17
15
52
49
56
69
62
58
71
70
72
75
82
87
86
102
86
94
89
95
96
88
95
53
72
41
79
65
79
27
16
40
4
3
20
13
18
7
27
19
15
14
21
20
35
35
52
57
54
66
64
67
53
78
80
80
101
92
105
95
109
94
108
104
102
113
108
120
89
104
94
85
72
66
108
99
85
90
98
89
73
95
70
71
87
83
84
90
94
89
72
105
104
64
83
103
88
96
105
98
105
113
112
126
119
133
117
128
119
126
128
131
108
118
110
120
107
113
97
85
114
110
105
112
104
111
101
114
96
111
112
125
123
121
93
111
116
102
119
103
114
124
109
124
122
126
129
118
125
89
115
127
98
111
106
102
112
100
113
110
128
129
117
109
121
115
105
122
119
104
117
107
118
111
105
113
108
97
107
101
98
81
100
82
88
114
104
97
104
97
84
56
99
83
82
108
112
106
112
111
105
104
98
105
78
98
122
89
110
101
101
89
91
69
89
83
116
102
95
104
99
112
107
108
118
91
96
87
83
103
101
94
111
102
98
99
113
91
64
59
79
38
103
105
28
44
8
21
11
14
19
35
29
17
13
23
36
38
22
29
13
16
33
10
7
20
35
59
53
74
72
78
91
85
99
98
115
105
119
104
98
108
112
108
106
121
114
117
103
112
102
91
94
116
96
93
104
98
172
165
184
171
175
173
185
177
165
120
104
114
99
101
109
114
102
119
105
114
108
114
106
115
112
117
109
115
108
123
120
127
120
101
125
117
122
110
121
106
103
117
114
102
119
110
104
117
104
117
104
102
120
101
114
113
105
109
104
107
94
101
104
94
108
103
95
93
105
104
95
108
101
104
111
100
104
117
115
107
115
113
112
101
121
119
106
122
109
107
118
103
114
106
121
102
114
101
123
104
122
106
120
109
121
113
120
117
113
104
105
101
109
101
104
109
96
106
117
113
124
107
101
115
102
120
111
119
99
114
103
126
114
126
110
115
116
96
121
103
105
98
99
86
102
92
104
96
100
102
97
98
107
109
110
100
98
106
110
108
88
109
107
110
103
104
120
106
124
121
110
107
106
122
110
123
114
109
122
124
110
119
123
109
119
105
111
105
113
101
113
113
107
118
120
117
122
113
127
133
113
124
111
120
108
129
118
118
112
123
112
124
118
124
96
70
111
88
74
74
89
91
100
76
86
86
89
105
111
104
136
121
131
123
124
127
125
115
127
114
112
99
105
110
111
91
103
109
112
111
112
94
109
85
102
118
91
116
97
115
102
114
109
113
100
109
108
121
105
114
116
117
105
120
112
97
112
109
98
100
110
109
102
83
92
102
100
72
116
107
94
103
88
109
84
100
95
113
117
116
100
126
123
117
110
112
110
120
105
124
105
118
109
114
116
97
119
104
110
95
107
95
112
99
105
99
93
102
109
103
119
101
114
97
117
98
109
93
94
102
103
91
99
108
75
44
30
62
81
91
63
28
102
69
71
26
31
39
41
42
63
64
78
64
79
65
99
90
87
89
97
105
103
117
119
118
96
108
119
121
112
123
111
128
114
119
125
123
116
121
112
108
119
118
115
107
114
105
100
95
110
118
107
118
108
100
120
117
107
126
116
102
100
104
96
111
99
112
103
118
122
116
115
124
106
97
105
115
98
120
118
120
106
124
108
117
117
124
112
109
89
96
105
96
69
96
97
58
37
32
19
38
77
95
16
14
35
49
48
63
62
70
75
87
89
104
105
125
114
126
112
126
114
119
119
106
113
110
83
108
100
101
109
114
108
100
118
109
118
80
66
86
38
59
41
108
27
7
21
20
30
51
59
44
58
57
67
66
66
65
69
81
94
70
102
112
112
103
120
121
121
153
99
129
70
46
46
36
62
92
82
7
18
17
13
44
65
66
80
53
74
72
86
87
106
106
100
90
85
74
68
63
54
48
110
118
15
14
45
56
52
52
48
72
68
70
98
96
97
86
113
123
123
137
128
142
130
136
77
130
87
128
94
100
101
104
92
104
94
106
111
110
129
108
119
108
119
126
128
91
108
47
135
110
37
70
81
103
102
101
69
65
77
79
98
98
106
112
128
116
158
140
122
136
151
138
157
166
152
132
135
151
165
131
75
57
86
26
145
122
105
53
13
11
14
9
19
30
45
57
64
75
75
78
79
78
81
83
75
71
59
70
7
18
14
22
19
23
5
21
15
38
36
18
39
52
45
20
49
9
13
5
12
43
20
53
34
46
29
28
52
55
39
80
79
100
100
101
73
93
93
95
84
55
85
92
46
71
62
70
69
96
94
114
112
129
129
117
103
85
101
107
94
111
106
117
105
127
114
119
110
99
101
112
88
106
85
70
67
75
87
94
86
107
88
103
89
78
103
82
82
88
99
84
103
97
101
97
98
88
72
96
102
50
60
65
91
109
82
55
81
54
82
53
53
53
82
82
70
81
48
89
90
79
70
67
57
41
93
100
40
113
101
104
68
67
78
91
100
99
119
120
106
124
113
124
107
125
111
121
115
128
117
117
78
78
86
95
110
142
135
139
158
147
149
148
97
98
76
90
121
127
116
107
117
95
107
127
128
132
124
141
130
116
263
240
259
249
263
236
239
247
244
255
105
106
112
113
125
115
133
132
141
120
115
125
146
112
142
117
132
135
127
134
127
132
114
104
110
99
95
88
114
112
110
101
113
95
105
115
111
103
97
31
76
53
53
99
73
103
43
84
82
97
73
71
107
97
120
119
142
144
149
138
153
150
102
96
103
115
97
92
103
107
106
55
104
46
94
98
79
63
85
77
86
78
81
55
54
79
78
99
94
99
93
90
100
86
101
96
110
100
92
88
101
82
96
95
88
84
81
91
99
99
89
91
92
100
91
97
83
92
94
86
90
90
99
87
95
86
88
99
88
100
93
85
91
86
94
78
133
108
115
84
92
85
109
28
99
125
31
29
45
45
61
61
71
74
74
88
77
89
82
90
89
78
87
71
85
85
95
83
96
87
87
96
98
83
88
101
94
101
85
89
92
95
92
71
78
92
80
93
79
86
78
93
86
100
94
97
95
93
78
95
92
94
81
90
109
99
92
96
101
96
98
104
98
99
101
101
90
106
102
90
104
101
98
106
94
102
104
106
102
100
100
92
96
98
101
92
95
75
90
104
94
101
95
93
102
101
106
110
92
101
90
104
99
105
99
96
106
105
103
107
98
101
99
104
101
104
98
105
97
105
102
105
101
104
102
104
92
105
102
104
102
101
99
89
101
81
104
89
105
91
104
93
99
93
100
95
109
104
109
100
112
110
98
112
98
97
115
95
110
107
85
88
82
100
85
88
81
89
73
81
82
90
73
83
83
87
95
100
89
107
98
113
111
110
103
110
102
108
110
98
112
100
118
102
119
102
117
109
120
107
119
112
117
119
117
109
116
108
116
109
116
127
110
110
120
110
124
111
124
126
114
123
111
117
118
107
126
126
135
140
142
135
144
137
153
143
111
138
106
115
101
103
109
95
107
95
81
24
109
50
100
98
53
62
32
74
6
5
15
22
27
25
24
49
44
43
48
48
64
66
85
85
104
100
104
97
91
106
100
108
95
82
102
91
106
97
76
95
90
103
90
94
99
101
98
106
101
108
107
108
108
103
115
100
95
106
92
108
97
113
72
108
88
101
80
102
105
93
101
102
101
108
106
106
111
107
99
110
109
111
99
109
101
103
111
98
77
112
61
107
66
96
93
111
91
103
81
95
79
84
93
85
81
99
89
101
86
78
96
86
77
85
89
100
99
77
75
95
97
90
103
84
105
86
76
103
69
95
100
99
106
107
92
112
100
74
76
92
92
92
102
99
118
95
107
96
107
95
107
89
73
65
110
94
91
94
92
92
73
50
37
84
49
63
46
42
2
3
2
16
16
33
31
33
31
78
76
87
87
102
101
107
113
19662
19690
19680
19737
19732
19775
19784
19798
19789
19803
203
237
174
228
98
26
73
133
87
37
126
45
169
46
11
12
31
52
50
51
58
66
72
81
81
95
98
99
121
104
96
89
104
101
111
94
91
92
101
101
100
117
127
124
117
124
117
123
116
130
117
113
97
109
104
111
103
114
107
118
114
116
108
114
113
110
111
110
103
101
107
105
110
110
104
112
108
110
106
110
100
97
107
115
98
108
119
111
131
115
120
91
108
108
92
108
101
115
81
94
91
105
92
103
90
101
88
103
114
99
99
109
105
97
98
98
103
102
98
87
95
104
105
95
113
105
111
99
106
98
108
100
110
98
107
104
118
114
127
120
124
119
109
117
126
120
111
140
126
144
133
141
127
143
124
141
132
135
123
130
122
131
119
132
124
127
100
109
95
103
99
84
95
104
110
98
110
100
112
106
96
104
93
100
100
93
88
104
89
106
98
99
93
101
104
110
96
90
108
105
100
94
107
109
105
95
87
81
75
66
56
53
43
25
26
29
26
29
26
30
27
25
26
6
4
20
37
7
21
27
11
3
4
13
25
28
35
42
43
32
35
35
27
13
12
29
29
51
48
51
63
63
58
55
80
57
59
22
36
38
32
39
8
4
14
10
7
28
25
12
10
12
26
9
54
15
18
27
19
38
68
59
70
67
65
91
66
100
100
124
118
125
118
129
114
135
133
120
104
121
115
106
120
93
117
103
111
101
95
105
94
117
111
119
111
131
123
115
103
119
126
119
107
118
78
77
74
105
88
107
105
101
84
49
111
48
85
86
78
87
42
71
86
71
72
85
71
105
106
65
104
71
94
79
97
114
115
115
96
94
94
119
118
133
110
130
132
114
117
110
126
120
109
122
120
139
128
114
130
114
115
118
102
119
112
122
106
109
116
123
114
127
119
125
124
128
120
116
127
130
125
125
137
140
129
135
122
130
117
104
127
218
210
220
201
214
239
225
226
223
126
235
131
120
144
107
61
78
25
53
35
106
95
120
115
17
10
11
8
5
8
5
5
21
9
4
6
4
28
44
54
76
95
82
14
97
85
28
30
15
4
35
86
59
94
18
98
28
91
17
17
16
17
52
5
19
15
21
14
34
32
37
69
57
66
85
84
55
46
83
44
65
84
35
84
4
3
5
27
14
40
9
4
1
3
5
42
20
60
72
18
67
207
213
211
201
74
88
87
80
103
114
120
112
118
105
118
113
78
58
43
96
23
46
68
31
105
7
22
42
52
54
58
58
62
71
75
74
77
97
84
93
86
94
91
89
94
92
96
86
89
93
96
96
95
85
98
86
93
92
75
92
100
81
99
87
99
96
88
87
93
108
100
118
98
106
106
98
116
101
104
97
64
86
93
77
111
94
83
84
80
90
84
66
89
75
89
82
89
97
86
88
94
103
106
89
89
102
106
96
106
96
111
100
106
92
102
79
92
98
92
99
89
93
87
97
99
92
103
91
102
60
94
50
39
22
81
68
82
35
4
19
20
39
47
48
62
60
59
48
61
84
80
82
91
90
85
97
97
95
112
86
90
92
79
73
84
77
96
87
87
74
86
98
71
89
95
88
79
96
94
49
54
38
77
68
44
88
72
88
73
40
40
58
58
77
76
78
78
68
97
109
116
107
112
100
113
105
117
106
111
91
101
91
105
87
96
93
108
90
87
96
97
91
95
76
93
86
66
86
101
70
84
101
89
91
94
95
85
97
96
102
102
106
108
103
109
103
110
98
67
57
47
54
70
36
77
84
12
14
19
40
55
47
45
64
62
78
69
74
84
88
86
99
100
121
114
119
93
98
109
105
93
114
96
104
92
104
97
109
108
96
106
98
115
101
108
98
111
112
91
91
112
100
110
94
99
92
110
106
115
104
111
103
108
103
105
92
111
120
112
92
104
86
76
38
56
94
21
20
53
106
43
85
22
3
2
17
26
30
47
40
55
69
69
83
84
100
102
89
116
104
92
102
83
97
103
106
97
103
92
96
86
112
104
96
109
92
99
86
94
86
94
86
93
91
99
97
85
92
107
78
103
102
74
81
100
93
101
98
93
92
101
80
79
102
90
101
89
96
91
97
98
91
91
99
91
90
99
90
89
100
102
90
108
99
112
109
110
105
114
104
113
91
99
67
66
54
49
47
73
78
3
10
5
10
16
17
36
48
52
68
58
74
73
95
92
101
100
117
113
115
108
120
108
104
115
113
117
107
120
120
112
120
113
119
108
117
122
110
118
108
120
104
105
115
112
119
115
107
114
112
97
111
100
110
98
98
103
95
107
105
107
101
108
89
83
105
110
119
101
94
110
108
119
111
125
117
110
123
107
128
114
122
105
125
110
117
108
121
122
110
98
110
107
95
104
115
127
136
126
131
136
139
136
157
144
126
113
110
118
118
96
87
106
102
102
94
98
109
116
110
101
96
107
113
105
112
104
97
113
112
120
99
118
112
122
129
131
126
133
129
87
114
97
123
105
80
122
102
118
104
121
99
102
102
371
340
365
367
362
365
373
364
349
364
377
368
374
371
381
356
363
372
366
375
112
96
110
98
102
112
93
102
106
109
100
109
110
96
102
101
82
101
79
62
100
85
95
106
91
98
116
115
111
106
100
104
41
54
63
81
101
68
98
96
100
88
84
94
93
103
91
93
110
99
93
101
95
102
111
113
104
109
100
83
103
101
105
90
66
80
97
84
59
85
77
84
83
82
52
89
75
78
77
106
105
119
114
116
114
119
115
117
106
98
113
87
108
94
110
101
108
104
118
111
110
119
126
84
113
68
105
89
113
102
110
97
109
108
117
106
83
99
98
88
106
84
93
98
94
107
94
121
109
125
103
113
122
123
115
119
104
89
105
111
113
90
110
106
107
111
119
117
106
114
104
102
110
105
114
109
99
105
93
86
86
93
96
89
103
106
95
115
124
112
110
119
116
114
130
105
110
103
101
91
109
105
102
90
102
91
103
97
89
98
99
121
111
123
116
119
126
134
113
125
111
123
115
124
115
117
116
124
116
125
117
124
114
116
86
109
111
93
99
104
121
83
113
11
61
95
40
86
97
13
81
4
4
4
15
4
15
13
20
15
24
26
36
35
55
56
63
59
77
72
94
93
113
112
124
111
116
114
118
115
112
104
110
98
93
114
106
95
88
77
89
93
93
96
87
76
86
86
107
108
102
104
112
97
85
82
88
97
78
88
103
93
102
100
104
98
107
99
107
98
112
109
111
100
93
107
112
104
101
115
111
100
94
110
102
100
110
104
112
130
108
116
98
116
95
112
104
114
96
99
101
103
104
105
108
100
88
92
104
105
106
95
70
85
116
72
107
105
101
93
99
66
77
78
101
102
108
116
94
110
107
94
101
112
99
110
114
104
94
115
105
117
109
93
116
99
111
91
110
103
101
108
100
107
98
115
116
112
118
107
114
113
122
119
117
97
120
115
96
109
112
90
98
101
120
129
106
121
70
84
27
99
70
71
37
136
6
5
3
7
7
8
47
61
76
83
87
96
96
100
119
117
141
152
150
154
148
159
145
90
126
107
161
133
108
113
111
122
118
130
130
130
146
140
141
162
135
149
148
153
151
124
134
137
120
112
134
137
145
129
145
141
144
141
134
121
115
99
81
68
55
45
13
15
4
18
15
16
12
40
51
39
52
24
26
36
30
9
19
8
20
50
60
59
74
66
85
86
88
113
118
112
104
101
118
106
114
112
117
109
122
113
131
120
117
110
116
109
115
107
115
107
113
109
107
115
102
110
112
108
113
101
116
107
96
109
114
105
121
123
110
101
117
113
115
99
125
82
107
97
117
105
112
109
129
114
112
111
123
107
121
116
118
94
108
115
104
118
108
106
100
123
116
126
128
128
125
125
119
117
129
122
110
122
124
124
126
116
129
116
128
134
133
135
123
140
130
144
130
140
131
147
135
143
131
126
108
110
97
80
100
79
65
77
73
77
85
106
105
112
107
122
120
121
111
130
127
129
117
121
130
130
138
139
132
131
110
122
109
638
641
631
637
646
646
639
649
79
86
639
631
103
115
104
113
107
128
122
114
122
124
113
120
80
105
90
65
121
112
54
90
110
88
56
65
100
101
117
109
77
81
80
100
109
98
81
106
89
89
87
86
84
103
100
106
116
100
99
112
124
108
131
127
146
152
151
165
149
146
139
151
120
116
130
113
115
129
124
112
130
124
135
128
131
117
114
127
124
121
112
123
105
117
117
96
104
104
115
97
112
87
106
96
112
87
49
50
39
84
95
111
69
44
6
15
33
33
39
45
48
47
79
77
89
80
95
92
102
90
109
115
108
107
128
116
103
117
101
91
111
106
118
99
116
106
119
106
126
106
119
112
95
98
117
111
97
106
93
103
90
76
95
77
82
94
93
111
99
111
107
109
68
78
96
99
97
88
80
48
71
22
63
64
8
23
21
29
27
35
28
52
63
63
52
53
75
62
63
94
93
109
92
96
96
94
106
96
92
97
101
94
95
95
103
102
106
87
96
99
97
87
92
97
85
98
98
91
91
76
71
67
83
90
83
101
85
121
120
123
128
111
113
128
115
129
116
110
117
122
114
126
116
122
106
112
123
109
116
105
119
106
122
118
115
125
122
108
122
130
126
111
120
113
124
121
122
106
112
108
113
92
99
114
101
115
96
99
110
107
93
112
112
105
118
108
117
108
117
119
122
111
121
115
119
112
118
116
116
103
109
98
108
106
95
107
110
95
108
98
107
95
107
94
97
98
114
108
98
105
83
109
100
109
109
111
109
107
119
126
110
111
131
123
120
110
118
117
107
116
106
95
103
106
115
108
118
119
107
109
122
116
123
124
103
112
101
105
103
99
103
103
86
99
108
98
101
97
101
96
87
106
98
96
91
92
75
88
85
92
87
97
103
98
109
105
112
111
108
121
122
113
111
119
121
111
123
114
109
120
92
117
104
115
98
112
83
93
65
77
94
98
104
90
101
100
86
95
95
109
114
111
114
112
119
115
107
94
107
110
98
171
168
160
429
421
433
428
438
429
379
383
381
366
113
97
110
98
109
98
106
83
106
93
89
102
80
91
98
96
96
100
83
99
94
92
102
118
100
113
104
114
118
95
73
26
91
54
65
47
107
37
14
8
11
9
8
22
30
37
37
50
47
49
59
57
79
79
98
78
92
96
104
96
106
105
120
113
118
106
118
112
118
111
105
112
101
111
108
89
71
112
81
97
81
91
101
98
94
72
87
87
101
94
108
92
104
98
110
98
112
102
114
107
114
92
82
107
105
94
104
94
101
99
17255
17259
17254
17236
17230
17262
17222
17243
17256
17262
50
3
5
9
18
27
24
17
9
8
12
14
5
32
13
31
11
28
14
19
45
16
16
30
69
71
67
92
66
88
95
117
117
131
136
146
76
122
144
35
96
101
51
110
100
105
56
72
71
88
88
106
107
109
116
118
106
93
115
106
123
108
112
102
91
40
91
89
40
111
66
64
56
81
48
58
51
68
68
87
87
111
121
114
119
131
117
120
133
125
123
105
117
114
94
99
108
93
101
109
113
105
119
104
113
106
113
110
114
98
96
108
101
109
109
100
108
96
109
107
111
101
114
104
109
116
116
108
116
107
119
112
119
107
118
109
119
113
117
102
114
101
118
106
109
121
119
104
117
115
116
105
103
111
110
101
109
111
94
104
116
101
108
111
99
107
100
126
110
124
112
124
122
115
72
84
123
103
90
104
99
89
89
102
100
102
100
106
98
100
115
102
106
114
114
105
110
107
122
107
120
113
119
111
107
122
109
104
117
106
109
107
111
106
113
105
107
114
120
110
104
117
109
121
118
112
121
109
121
120
123
120
118
107
118
111
115
106
111
99
112
100
111
108
111
98
112
110
109
89
107
118
102
118
109
112
125
135
144
135
145
136
122
108
138
158
131
113
130
138
133
114
104
77
118
82
59
82
116
122
111
113
95
97
59
64
65
68
5
15
17
12
22
23
42
38
12
34
28
14
30
4
141
26
12
25
27
45
62
29
52
16
23
54
48
4
9
12
42
29
19
39
16
38
37
21
5
6
10
22
60
57
65
72
71
96
95
113
112
127
115
136
136
122
135
117
120
114
124
108
101
91
101
47
115
60
91
17
17
84
64
106
71
5
2
28
6
5
32
52
54
68
67
91
92
111
123
114
110
124
121
107
112
110
93
115
111
104
86
108
100
105
95
101
80
103
105
62
103
95
100
91
100
84
104
79
100
99
100
112
99
110
113
96
111
112
100
102
113
112
94
106
116
107
116
108
105
52
74
93
52
92
93
98
95
78
91
90
106
76
94
51
56
38
92
67
85
75
81
80
53
94
67
67
88
88
105
97
104
121
134
126
120
111
98
70
102
110
86
54
48
117
87
80
97
99
98
94
75
76
76
120
119
123
113
120
100
117
106
112
124
125
118
103
89
88
111
123
112
104
101
121
84
116
115
117
121
112
123
108
137
133
161
136
158
121
79
111
127
48
72
144
37
65
64
34
47
123
28
32
130
131
131
177
162
197
152
130
179
155
151
177
139
143
169
164
124
147
129
132
129
142
150
161
153
112
127
125
111
122
117
119
116
101
122
115
122
112
120
113
115
99
94
130
91
126
102
116
102
117
110
109
91
105
97
82
104
90
113
88
99
50
82
59
61
22
76
58
2
3
7
20
9
15
18
6
3
3
22
12
5
14
3
16
14
26
35
46
52
61
64
76
59
65
74
52
50
61
67
109
100
115
84
96
66
50
79
79
98
94
106
98
106
96
100
99
110
101
113
106
114
112
115
109
105
118
118
102
114
106
107
107
105
86
114
106
98
111
97
91
85
104
83
104
100
93
127
113
127
118
119
125
117
130
122
95
121
104
75
89
88
100
76
92
95
83
88
80
77
83
87
68
70
85
80
84
87
85
94
95
87
103
88
86
97
87
82
86
95
77
77
89
78
92
90
92
93
102
89
98
99
93
80
107
94
88
94
84
91
85
94
86
85
90
99
93
104
102
105
94
106
94
107
96
106
96
110
101
110
99
105
111
109
101
89
110
96
102
95
100
93
110
96
109
104
107
101
86
109
99
115
97
95
99
102
86
68
93
99
99
92
95
102
109
100
100
110
99
105
84
102
89
92
105
104
91
106
91
107
102
105
97
92
97
103
93
103
104
103
97
100
107
98
113
92
107
91
95
99
83
88
98
99
93
99
93
100
96
95
103
98
106
102
92
99
80
93
99
99
73
89
81
81
91
91
66
81
90
79
92
86
98
91
102
81
85
78
83
99
70
92
87
90
91
81
99
104
107
85
95
88
95
91
101
110
96
100
94
97
102
101
94
95
88
97
85
79
94
87
86
95
75
83
98
94
92
98
100
94
108
89
102
102
88
73
86
94
110
79
110
97
108
94
111
80
100
92
91
100
112
104
111
103
109
101
113
98
113
102
115
114
111
113
122
119
120
122
120
113
116
123
105
123
116
94
111
120
102
116
101
123
108
123
107
112
111
117
109
118
108
115
108
110
117
121
114
115
109
110
112
111
109
111
112
105
98
112
104
112
122
110
121
110
115
108
112
108
95
108
102
96
99
97
79
102
97
100
94
113
100
119
123
124
131
116
125
128
120
106
126
113
104
114
107
121
100
111
95
113
122
105
117
100
104
102
101
88
109
105
98
89
112
103
103
114
108
121
118
130
110
126
118
124
123
121
101
101
120
107
100
99
99
97
92
124
121
130
108
114
120
123
125
96
129
131
117
101
98
108
116
101
102
108
80
99
96
86
100
112
94
110
101
108
106
87
104
127
105
112
115
101
108
110
96
119
112
102
112
102
107
92
101
77
105
91
80
106
96
86
106
103
111
99
108
100
113
104
107
86
91
98
110
96
103
90
86
105
93
79
72
80
81
64
87
80
90
79
79
95
100
83
107
107
106
120
113
121
131
116
122
114
135
111
110
103
111
96
90
110
87
112
106
114
114
107
115
108
114
92
102
103
109
97
78
89
109
101
108
97
112
110
113
116
116
93
105
107
105
118
117
113
115
117
103
117
113
108
100
101
93
102
90
102
101
99
118
106
117
110
124
113
125
116
123
95
61
56
75
110
34
41
83
35
4
25
24
18
14
11
24
15
4
9
9
27
24
7
17
4
5
3
5
13
7
13
19
31
29
20
43
51
67
69
73
70
85
88
95
93
108
108
117
119
106
119
118
107
119
109
114
106
121
110
119
118
126
118
125
117
127
114
115
127
126
116
108
120
117
112
122
109
106
115
107
113
115
102
114
106
113
100
113
103
107
118
106
114
116
103
105
107
86
119
113
104
114
122
103
112
120
116
113
101
113
94
107
106
103
108
105
105
98
101
107
111
100
112
100
112
101
109
101
114
102
118
109
119
118
121
116
110
127
118
111
114
101
88
114
91
106
86
104
92
105
97
107
96
99
112
102
110
116
114
128
116
129
122
130
120
126
125
124
101
110
109
103
112
105
100
107
106
107
108
116
118
99
84
74
90
113
60
108
113
109
96
60
84
105
73
62
70
79
88
86
91
77
88
90
86
72
96
84
87
88
104
99
111
104
119
119
116
112
95
106
101
105
92
88
103
101
90
91
110
102
107
86
95
82
102
99
105
109
90
87
105
76
102
83
102
85
94
99
90
96
88
80
99
101
95
109
108
114
113
118
99
114
112
102
97
114
100
111
99
112
111
102
105
112
110
107
111
103
113
105
117
108
119
111
118
112
111
119
120
113
107
112
113
107
110
107
103
106
108
105
112
104
109
102
116
109
121
117
117
110
121
88
112
104
112
102
108
98
107
101
102
100
106
81
80
112
99
96
95
96
86
105
91
114
100
83
101
92
107
95
98
109
112
96
80
95
89
102
86
92
86
106
99
103
94
99
90
101
92
102
94
100
98
86
86
74
82
71
83
83
93
94
90
106
96
107
89
108
110
91
110
118
81
75
67
96
82
94
91
85
85
82
85
78
94
87
80
94
70
92
60
98
54
56
87
78
116
125
129
95
95
77
95
95
96
117
100
85
63
28
32
46
100
74
55
3
14
11
16
5
15
13
17
40
33
72
43
35
38
60
71
71
91
82
80
83
91
123
123
124
111
93
60
65
59
60
49
47
61
117
102
8
9
31
43
43
45
62
75
70
37
37
77
50
36
69
47
67
9
9
22
34
41
57
50
44
48
78
79
77
101
100
120
123
119
141
137
127
152
142
126
132
134
134
125
132
110
118
103
117
107
109
91
104
110
95
93
105
108
84
93
95
82
83
94
85
99
101
103
112
101
103
109
101
109
106
101
100
92
86
96
104
93
91
109
101
101
96
106
106
99
102
105
104
95
92
100
94
100
102
104
106
97
104
101
87
105
97
113
95
94
90
104
103
95
106
112
110
96
104
103
105
83
97
107
97
90
93
107
95
107
110
97
96
96
105
99
104
96
89
77
95
104
89
90
105
105
92
105
97
110
98
109
90
106
107
95
95
109
106
96
93
107
420
397
410
431
423
430
435
443
432
128
134
112
121
131
110
103
117
132
126
122
117
124
92
147
115
120
106
112
127
104
123
118
95
93
112
117
122
107
104
112
119
129
119
197
197
215
202
213
199
210
200
198
198
114
119
113
127
144
151
138
139
146
145
136
125
139
102
89
110
85
102
41
77
70
60
47
27
95
80
72
37
28
22
61
21
74
80
81
97
95
89
80
80
88
98
95
68
100
79
40
51
35
81
61
70
84
38
37
57
68
69
82
82
101
95
104
111
109
158
142
157
151
167
151
139
149
162
107
161
104
113
121
96
105
105
91
86
100
98
96
106
93
96
112
102
116
116
113
116
119
100
95
95
95
105
104
98
84
100
89
115
118
123
129
128
121
122
122
128
87
96
85
92
88
86
84
58
82
72
104
89
83
91
91
85
85
89
63
83
82
94
84
96
86
83
68
47
33
72
43
64
88
55
22
4
3
19
7
7
22
20
5
17
18
38
32
30
9
33
8
31
42
23
18
31
22
29
26
28
40
10
37
36
52
53
65
66
83
82
94
105
99
100
107
98
111
98
81
96
96
88
108
80
109
93
100
90
108
101
109
110
120
106
108
112
91
99
112
107
102
92
109
96
104
101
96
90
91
89
99
105
47
47
76
45
79
69
60
102
67
46
41
59
59
77
78
96
96
99
109
110
99
112
103
96
109
91
98
112
82
107
100
97
108
108
91
101
73
99
97
82
96
83
93
87
92
80
81
100
90
103
77
92
58
72
95
81
87
86
60
90
87
79
66
83
83
97
90
91
94
90
90
82
100
88
92
90
97
85
99
85
83
90
68
95
94
107
94
106
96
107
97
98
113
108
105
95
102
104
101
102
104
101
94
102
95
105
107
105
103
100
106
104
107
99
83
103
97
86
105
90
91
100
109
97
116
108
112
111
108
97
108
100
99
95
80
103
92
96
90
87
96
89
110
94
100
104
83
117
109
118
107
106
100
113
111
85
101
103
106
78
60
77
90
75
95
96
70
95
107
109
99
107
75
100
89
63
90
103
94
94
92
91
95
103
75
81
89
85
72
90
86
84
70
77
70
95
100
98
91
99
109
112
66
85
85
85
76
95
86
95
93
79
99
98
101
99
109
92
99
104
106
100
98
108
89
115
101
95
109
94
108
105
96
111
96
106
100
95
79
102
102
90
83
99
102
97
100
106
91
103
95
124
114
120
117
112
121
120
115
127
125
110
102
98
106
105
94
95
87
98
88
88
98
87
76
96
101
93
107
87
83
79
86
101
86
95
100
98
107
82
110
99
100
94
111
96
103
93
108
96
95
93
104
96
101
90
90
100
93
99
85
97
91
81
92
81
82
89
79
98
86
98
90
101
89
102
102
101
71
54
91
60
109
88
101
92
90
96
93
91
72
83
104
42
30
14
60
85
51
29
26
5
3
15
11
5
10
31
21
22
33
33
53
46
59
53
47
67
62
74
78
78
86
81
76
86
86
86
94
86
82
85
81
87
81
94
83
94
83
93
89
85
83
63
77
92
89
77
92
78
86
77
70
86
82
82
82
93
82
78
91
83
93
83
93
82
95
66
86
68
79
84
90
90
83
89
91
78
82
78
85
81
92
75
72
86
84
87
80
85
78
73
93
73
91
90
97
95
101
107
22633
22631
22669
22668
22711
22715
22730
22732
22719
170
77
22719
131
149
135
4
2
6
3
26
39
31
32
40
29
52
50
37
8
5
5
9
23
2
7
4
4
16
6
6
8
6
21
30
20
17
31
21
46
39
12
21
5
9
9
28
31
32
49
10
46
13
36
52
13
11
14
77
67
24
54
65
65
86
99
100
115
119
125
104
117
121
107
70
22
52
29
89
51
5
85
45
112
103
50
65
92
70
77
72
91
81
96
85
102
100
127
121
80
33
124
99
51
64
115
83
101
4
5
6
8
33
28
37
43
64
64
76
43
30
45
30
32
34
67
99
81
61
38
92
74
72
73
103
104
107
96
98
86
102
103
95
114
93
111
85
100
121
124
131
123
126
124
120
100
109
108
130
116
128
104
119
128
113
120
112
114
122
120
114
124
116
121
114
128
112
130
118
119
127
132
122
135
118
123
134
130
117
134
120
127
117
118
127
113
126
125
112
120
104
123
114
104
114
111
96
114
106
122
109
122
114
131
127
131
95
123
107
115
94
62
89
67
108
74
77
75
75
77
79
80
44
97
100
4
17
14
31
32
6
7
4
2
19
9
11
6
12
26
7
2
17
4
22
22
41
29
38
5
33
80
118
114
125
114
128
144
146
142
146
146
126
147
116
106
132
131
110
117
138
139
149
125
147
150
151
107
126
91
116
101
127
103
131
128
113
153
143
149
163
131
140
140
157
147
115
121
87
112
33
60
27
62
62
51
114
5
10
17
15
4
11
24
20
25
39
40
40
39
51
50
65
53
70
60
68
74
81
91
91
109
90
95
92
104
102
105
103
108
105
109
104
102
109
90
105
109
103
108
100
94
105
103
105
105
102
100
104
110
97
105
86
98
108
96
114
97
107
95
102
97
97
98
111
104
110
102
110
107
111
105
113
110
105
111
113
99
103
110
109
106
109
106
86
99
97
88
99
78
91
97
97
95
104
101
112
87
86
85
88
91
84
91
84
86
93
84
80
98
92
98
101
92
96
90
105
93
101
92
100
105
77
83
90
89
100
94
99
78
97
94
101
111
103
98
88
94
89
92
91
103
100
84
96
92
91
97
91
105
94
102
106
104
110
107
113
111
112
102
111
101
108
107
101
113
100
108
88
97
80
95
100
88
86
91
91
89
86
95
72
92
85
91
97
84
92
94
103
98
111
98
112
101
103
88
107
106
111
99
115
104
107
117
124
124
119
111
120
110
118
116
118
113
122
116
124
116
107
115
116
108
118
111
125
110
133
133
126
131
123
116
128
106
96
100
95
106
96
106
103
114
112
108
101
109
102
109
112
109
112
110
100
109
117
104
119
105
107
116
124
108
122
112
116
120
106
104
118
115
120
110
122
113
125
112
125
114
131
113
110
117
120
112
119
106
117
108
118
109
121
119
115
108
112
110
105
114
112
104
109
101
111
108
114
107
112
107
112
89
108
102
118
95
102
105
106
85
92
109
101
88
90
104
112
102
107
100
111
96
111
101
110
117
95
107
108
95
107
93
85
99
93
100
108
77
84
97
107
97
91
97
87
97
89
90
99
86
92
93
102
101
91
95
103
100
103
108
86
107
102
95
88
96
109
103
104
95
89
98
100
110
90
103
97
108
102
105
109
96
92
104
110
102
99
116
107
114
111
114
121
117
113
122
98
112
104
113
106
114
104
117
110
111
117
120
117
117
103
18
72
50
90
107
92
39
31
71
115
9
6
11
15
15
32
44
45
64
57
58
69
50
71
93
90
95
102
113
98
91
91
112
111
122
114
120
110
105
119
116
106
115
112
113
116
116
110
114
115
108
107
120
101
123
105
105
114
125
112
122
110
120
112
100
108
110
83
103
99
106
94
104
93
105
107
101
101
112
103
112
104
109
97
109
99
109
100
124
117
123
116
100
106
126
119
127
102
114
103
115
108
108
93
100
99
114
107
112
97
114
107
112
94
103
109
103
105
115
114
99
86
81
102
100
93
86
93
104
90
101
94
102
105
99
85
92
98
92
98
92
110
79
49
59
35
41
25
96
96
60
