34
26
97
96
97
146
168
169
180
82
97
97
144
95
91
141
187
89
130
142
149
135
152
134
100
122
141
110
90
107
132
130
141
152
151
89
160
151
135
122
140
129
100
162
131
134
122
117
83
101
103
120
141
122
129
115
113
142
137
121
20
79
129
18
97
113
36
139
8
14
4
11
89
56
26
9
40
28
7
9
7
16
26
38
22
32
12
35
24
6
26
36
39
60
52
71
69
67
66
93
89
92
97
101
99
106
101
70
77
78
39
43
30
56
63
84
16
13
28
9
47
58
57
46
40
57
53
57
55
71
77
59
48
80
77
65
78
91
84
86
94
102
95
93
93
95
78
104
111
93
80
109
72
70
91
63
107
91
102
68
90
42
36
42
49
42
42
25
23
24
52
53
54
76
86
82
93
94
95
91
103
111
46
68
32
107
83
97
73
50
21
2
3
9
17
2
19
8
18
37
45
65
61
75
77
73
101
106
119
110
121
125
114
95
118
111
99
99
115
100
112
104
97
117
119
115
123
111
94
101
100
112
112
80
68
21
103
99
41
120
77
64
32
4
18
10
17
3
8
4
26
30
32
18
31
28
45
43
20
40
8
7
32
28
8
13
7
19
34
36
50
42
49
70
71
77
78
92
86
105
101
100
95
95
102
123
116
105
116
102
111
109
127
124
97
100
122
92
65
71
99
85
107
111
101
121
114
101
124
88
83
99
99
112
102
108
96
88
106
96
100
109
94
99
92
76
99
86
90
87
99
104
89
109
96
90
105
105
111
92
84
93
97
81
70
87
76
85
81
66
90
91
75
93
75
93
97
80
98
94
100
94
110
110
98
108
100
91
97
79
64
66
95
79
86
94
92
102
86
88
101
68
80
80
96
93
102
92
102
97
102
91
102
83
100
90
103
82
93
107
94
101
104
96
108
108
100
101
104
101
92
83
93
95
85
94
88
92
102
90
93
93
105
96
92
101
82
76
101
89
95
82
92
82
81
93
94
90
86
87
89
98
82
99
87
70
89
82
82
90
91
89
86
89
82
54
63
85
69
103
43
84
80
7634
7684
7684
7673
7687
7677
7708
7707
7724
7725
60
66
30
109
178
17
94
53
41
88
12
9
11
33
33
24
48
48
35
28
31
63
73
66
48
82
85
67
70
71
89
77
95
95
94
105
99
89
103
96
98
85
107
99
111
109
101
112
106
124
103
77
87
112
94
120
118
127
123
93
90
78
77
98
97
109
103
109
117
90
112
109
109
96
105
91
108
89
98
97
78
99
92
103
100
98
89
97
83
99
93
77
67
93
80
97
89
88
82
105
90
100
101
75
93
93
87
92
84
95
87
24
63
84
52
89
69
55
41
30
16
10
9
23
23
38
34
43
28
17
31
15
14
44
31
3
14
13
12
45
53
51
67
65
74
68
87
86
102
108
137
120
113
116
125
118
102
118
126
108
22
14
41
47
4
4
47
29
43
51
63
50
62
60
56
16
57
27
66
27
3
4
4
20
9
11
20
9
32
33
40
39
61
59
69
71
85
78
89
91
101
107
94
105
112
104
117
105
115
110
34
98
90
74
24
44
25
57
72
8
23
17
21
20
9
8
16
7
20
23
9
21
21
40
47
18
35
30
55
39
34
20
51
11
25
27
40
53
53
70
52
22
50
12
70
66
70
72
70
32
5
19
13
6
17
13
11
8
12
3
4
4
26
31
9
14
28
32
36
26
34
7
3
11
12
12
16
33
41
37
6
7
23
25
32
39
38
41
63
73
73
82
82
65
94
85
103
109
95
99
95
119
81
116
92
113
91
112
94
107
99
108
104
116
92
115
115
126
124
134
119
134
124
131
122
130
125
131
130
117
103
34
40
55
82
47
90
69
113
124
3
4
8
6
9
28
25
41
53
56
61
55
72
59
27
33
74
31
44
17
54
41
15
6
4
7
21
8
20
29
36
48
54
43
52
63
83
80
85
81
101
105
118
107
106
105
118
94
113
95
94
139
104
129
97
117
120
113
128
123
83
104
81
81
99
94
71
93
94
25
38
64
43
54
4
5
8
4
17
25
39
26
12
22
28
25
10
5
3
4
19
3
3
6
3
3
7
13
16
7
4
2
20
14
28
27
20
29
7
37
19
5
4
7
20
23
14
30
20
6
5
8
6
17
14
9
11
26
15
47
47
34
55
20
18
38
20
36
12
42
35
9
21
42
9
22
8
11
19
27
22
19
40
47
18
14
43
37
19
8
29
40
55
58
57
68
69
90
82
95
68
52
26
81
92
15
58
47
83
32
30
24
27
36
38
25
40
28
14
24
17
19
20
22
5
28
23
20
14
31
11
18
26
16
24
32
51
39
52
53
65
69
64
83
81
87
96
103
106
123
109
111
100
109
104
108
111
112
110
109
104
115
102
119
106
119
108
121
115
123
116
120
123
111
112
118
126
113
113
87
126
102
110
118
108
78
68
65
87
111
92
94
94
86
85
88
63
86
86
99
104
108
98
116
107
112
104
114
93
107
115
94
105
84
100
104
72
102
81
91
96
88
100
92
80
68
86
97
97
103
108
114
124
115
93
130
135
150
153
144
177
132
161
161
154
155
155
162
59
102
88
126
161
41
110
139
102
102
68
42
5
16
29
31
31
31
31
29
29
28
28
26
5
19
20
11
17
3
10
18
5
17
29
4
11
32
41
27
23
7
10
41
59
5
24
318
8
28
319
9
6
10
28
25
9
9
32
26
30
13
4
7
34
35
59
55
71
61
69
75
96
94
107
118
100
118
107
114
95
77
59
19
108
75
116
44
31
3
16
12
20
44
35
43
38
45
34
27
43
27
36
12
27
20
22
4
44
49
59
58
67
63
17
26
61
54
70
55
57
44
3
4
3
13
17
9
17
14
29
33
33
26
40
22
35
34
25
14
31
13
16
10
57
55
33
60
22
54
22
24
40
32
40
25
11
10
11
33
27
6
5
4
4
4
4
12
12
3
18
5
5
14
14
17
15
6
5
3
8
9
17
5
19
16
13
2
4
2
16
4
5
7
20
18
15
27
16
20
9
17
16
39
40
42
39
36
22
33
30
20
53
48
55
58
43
61
60
73
67
88
79
91
92
4616
4618
4611
4600
4593
4596
4582
4570
4595
103
60
56
73
72
74
66
60
41
24
75
66
32
11
5380
5386
5411
5422
5423
80
53
50
27
26
24
63
71
52
61
21
29
46
55
54
73
71
69
101
102
102
100
98
119
123
125
109
104
76
96
104
93
80
83
90
84
89
102
101
94
133
116
141
133
138
137
161
138
153
151
134
114
125
112
121
108
109
35
30
96
50
82
28
62
64
44
97
74
4
16
12
4
6
14
29
32
47
54
54
47
74
67
64
81
66
32
72
72
83
45
71
5
5
26
24
30
34
32
54
52
65
60
63
85
66
77
90
89
99
106
98
104
98
109
96
97
111
96
97
81
97
83
95
94
91
87
78
109
102
86
107
108
109
115
113
115
102
108
106
100
92
98
112
106
121
111
107
112
106
91
96
108
101
125
117
133
123
130
99
120
129
137
108
110
117
104
92
84
113
99
100
113
111
115
98
97
79
76
55
74
37
47
26
91
98
4
21
33
38
54
71
61
65
81
78
81
85
95
92
106
108
101
111
114
112
109
99
84
100
98
90
91
87
97
101
102
81
98
96
104
102
113
94
110
108
120
116
125
118
128
120
131
108
125
135
878
895
894
888
1064
1063
1069
1084
1115
1093
347
367
355
340
362
353
341
326
279
264
248
236
223
204
5
10
12
3
6
7
3
2
5
4
3
3
4
4
12
10
23
22
34
11
26
24
22
6
5
3
13
10
4
14
7
7
18
19
21
17
2
3
5
15
12
6
18
20
30
19
18
18
12
25
2
7
5
4
3
4
8
8
7
20
26
23
16
29
21
38
46
32
42
50
36
36
46
51
49
51
47
45
42
38
23
48
55
60
57
71
52
52
53
63
55
62
56
37
27
48
38
51
29
7
20
13
6
17
11
8
5
4
18
17
7
21
23
8
7
5
16
11
7
18
15
20
24
23
7
6
24
41
14
47
32
27
57
11
31
57
23
7
7
5
5
42
11
40
5
60
45
47
89
79
66
61
85
71
85
68
3
6
6
36
13
34
11
30
46
8
5
5
8
22
25
39
50
61
73
72
72
96
98
93
114
127
123
113
53
98
91
67
119
82
71
136
67
73
63
91
82
92
87
85
99
88
109
98
103
112
112
113
120
106
131
85
74
99
131
104
130
106
88
92
133
58
108
33
88
94
76
90
7
20
26
26
46
46
57
73
56
52
70
74
55
87
92
91
97
100
81
99
96
109
98
113
106
117
104
116
116
109
102
112
103
62
74
99
68
93
105
103
92
31
22
23
24
22
70
94
5
16
20
4
4
4
19
12
27
32
30
35
50
38
56
42
11
59
44
47
9
7
6
12
10
6
4
3
4
3
11
10
12
9
3
9
5
4
6
26
21
13
18
34
31
20
37
46
27
16
14
38
19
29
40
41
5
3
10
5
18
8
48
47
39
58
70
64
12
74
62
51
71
79
76
43
25
66
5
7
19
22
9
23
29
16
9
26
13
8
19
25
39
41
28
39
17
14
31
20
4
5
4
3
7
21
33
33
23
47
47
61
60
68
89
69
82
63
81
29
24
65
59
81
42
50
3
2
15
3
25
12
26
25
46
43
17
11
27
30
4
14
28
20
22
39
50
51
62
62
61
72
82
73
91
93
101
99
83
98
100
91
107
95
95
104
98
77
95
98
83
99
94
106
100
109
115
113
114
110
108
123
103
118
110
113
102
108
110
105
118
112
125
103
107
84
78
64
113
99
99
124
107
118
84
106
109
86
87
91
105
97
103
96
111
101
97
104
108
94
99
105
107
94
92
104
81
98
101
103
87
59
94
104
83
40
41
76
81
69
68
74
78
76
90
78
76
105
103
101
125
124
95
110
102
101
104
103
116
111
105
122
106
117
110
116
105
120
110
117
112
107
120
109
125
107
118
101
111
105
94
113
101
107
102
107
101
101
112
106
99
106
117
105
117
115
100
92
110
101
88
88
98
101
98
104
97
111
96
116
115
120
111
119
108
119
117
117
113
108
95
110
102
101
91
103
92
101
102
112
105
109
104
101
113
94
114
109
95
112
102
103
110
110
97
104
109
92
97
101
109
109
105
95
98
109
100
118
116
118
110
114
106
120
107
103
119
107
121
121
116
127
119
131
133
132
131
132
125
116
130
132
112
112
120
124
111
114
122
108
116
101
112
103
110
103
104
100
96
111
103
116
106
118
132
135
126
143
142
136
128
138
119
110
124
101
109
89
94
113
125
113
106
96
116
113
128
117
139
127
126
82
114
85
50
112
43
135
99
102
34
6
9
11
36
40
41
30
45
47
57
54
62
58
87
84
86
66
73
76
87
101
120
103
118
109
120
113
128
97
98
110
102
115
122
121
92
25
88
114
77
67
44
110
55
13
9
33
44
44
54
54
21
47
33
36
44
45
49
11
10
6
9
9
45
53
51
48
69
71
24
55
65
20
53
63
22
17
49
4
14
13
25
39
38
40
41
49
48
71
73
61
73
82
83
88
89
80
99
99
115
95
121
112
109
104
108
96
111
99
115
103
109
103
111
102
106
110
85
112
94
110
94
90
104
103
94
104
89
101
101
94
112
107
97
104
103
69
78
103
104
103
88
96
86
101
74
74
83
91
115
106
109
101
114
128
124
137
135
119
144
107
110
130
119
115
110
97
113
99
98
82
103
100
100
102
101
116
106
104
117
119
103
93
109
122
120
122
108
116
100
104
115
94
101
86
99
103
102
107
101
97
109
89
105
99
97
107
92
104
104
103
104
97
111
101
107
118
103
101
111
120
107
117
110
104
94
116
117
108
117
101
113
105
99
110
77
108
102
106
99
106
94
103
112
124
114
109
118
123
119
130
117
118
130
130
116
125
119
125
116
121
108
117
115
107
105
100
97
87
96
89
105
96
86
97
86
107
98
112
101
111
113
105
121
124
127
123
132
113
125
119
124
103
96
105
122
102
115
92
101
124
108
119
112
110
101
103
111
103
105
108
95
109
107
102
109
112
116
106
113
86
119
99
116
117
100
108
105
109
102
103
98
93
114
108
104
100
84
88
105
95
102
88
92
97
98
99
96
99
96
89
82
105
98
120
105
111
96
115
108
118
104
107
109
94
95
95
87
106
96
103
104
103
111
101
110
95
100
95
101
119
98
101
120
109
127
135
145
128
144
135
140
147
155
138
151
141
17
85
78
67
34
96
15
138
99
108
160
6
12
8
5
4
12
17
15
41
12
32
9
35
72
38
96
46
64
45
44
66
61
36
41
196
6
10
10
198
5
7
19
36
38
38
54
60
56
75
62
72
57
34
71
59
50
70
43
5
11
19
38
40
49
41
66
52
50
41
14
4
11
32
55
53
50
74
73
91
79
77
71
74
57
48
76
88
78
3
15
18
15
33
6
3
19
22
6
4
8
16
25
29
26
43
70
74
67
52
45
66
19
37
66
16
49
57
48
40
5
2
31
26
24
29
39
59
69
64
67
74
76
91
96
117
83
93
152
122
150
76
136
105
139
134
136
155
109
84
83
69
69
129
113
123
111
43
103
85
118
71
13
52
73
14
37
62
68
72
81
92
51
46
68
67
89
89
89
123
116
121
114
115
107
98
104
97
124
86
73
92
81
99
102
109
118
124
123
125
101
119
114
106
118
103
125
113
98
113
110
122
96
110
103
114
129
116
148
141
157
139
136
153
149
141
131
137
118
122
117
132
118
120
136
117
133
100
108
127
105
23
56
77
120
23
66
88
30
8
4
4
5
17
26
17
38
33
50
53
53
60
80
78
85
84
98
100
98
112
90
102
80
70
42
83
57
87
34
110
104
24
51
7
3
18
4
11
34
32
16
32
57
72
69
83
40
27
56
36
59
53
15
42
24
32
44
58
57
66
71
69
85
83
103
100
65
76
63
67
101
97
100
102
108
96
104
82
106
100
96
103
114
110
122
123
114
129
120
118
125
101
111
110
118
112
129
114
130
115
105
120
115
144
122
127
141
134
137
136
147
131
148
122
120
36
76
85
33
53
62
114
96
21
5
18
43
51
49
60
63
47
69
81
80
90
97
95
102
92
95
88
89
104
93
103
94
116
102
105
111
117
105
109
116
119
105
101
109
108
106
107
97
108
95
102
90
99
97
102
100
92
85
71
92
93
84
77
113
104
117
116
124
107
113
119
93
99
95
103
93
74
75
84
90
93
87
97
89
97
93
95
98
81
70
88
89
87
98
68
80
98
87
79
90
83
85
93
67
75
98
93
103
101
112
104
115
107
109
109
113
115
112
99
111
110
112
112
109
107
108
100
97
111
108
96
108
106
111
97
125
117
126
122
116
129
132
119
129
114
105
120
107
99
113
90
103
89
97
92
75
90
84
86
79
73
91
93
108
106
101
123
100
111
113
112
102
90
115
101
87
98
100
92
104
87
104
98
107
98
102
105
95
106
99
104
99
105
99
99
104
98
106
98
88
88
100
103
92
107
101
105
106
107
97
105
101
101
99
104
87
94
106
97
87
97
100
86
111
93
96
91
104
97
108
105
122
97
94
106
103
89
94
100
98
95
79
103
90
92
96
90
94
85
95
80
80
86
99
99
76
94
105
88
107
109
116
102
97
108
101
111
106
99
92
105
96
97
103
104
95
101
94
96
94
104
102
85
95
79
92
75
87
83
96
97
85
101
71
84
90
90
100
68
51
45
87
73
39
92
46
38
61
55
7
3
6
4
7
23
24
9
18
31
42
47
47
57
71
69
80
78
94
94
107
104
102
60
28
114
55
77
57
100
41
85
7
8
3
32
9
8
16
6
18
19
39
39
50
60
68
57
74
73
88
77
84
93
102
111
105
114
105
89
104
79
35
23
82
44
55
53
95
66
105
5
16
11
5
6
45
55
41
58
69
70
87
82
98
84
114
89
99
100
98
124
116
109
130
134
40
20
105
87
88
120
101
12
13
22
15
19
20
4
13
25
31
37
41
44
55
51
66
63
71
60
72
72
17
58
68
56
87
30
60
83
53
33
80
42
15
35
33
17
18
18
25
26
32
4
5
3
27
35
45
42
48
45
74
78
92
90
100
97
115
111
107
101
101
97
103
84
90
68
77
88
99
93
97
95
94
92
116
96
111
95
97
104
96
93
112
110
108
101
105
99
115
95
105
96
107
98
93
104
98
102
96
107
110
94
95
17029
17039
17052
17028
17013
17004
17035
107
17046
16998
5
3
8
3
17
9
17
15
19
7
17
18
5
18
13
20
36
121
96
28
123
23
20
100
122
26
5
13
17
5
11
11
29
30
44
48
47
27
22
41
44
32
26
3
15
11
8
17
31
30
44
35
50
48
53
71
73
77
69
79
82
65
20
70
79
68
38
67
45
39
48
8
25
36
48
47
60
62
19
38
77
46
60
55
69
32
58
71
6
14
38
31
50
55
61
65
61
57
74
72
72
89
101
88
75
104
97
104
88
104
99
102
113
91
94
90
97
101
114
70
101
103
71
82
89
104
102
83
97
97
108
92
90
117
110
120
109
118
93
111
108
96
111
108
103
99
108
109
107
121
101
113
103
104
110
80
87
44
104
25
60
106
69
38
51
44
41
60
68
69
87
95
94
91
117
101
98
108
116
105
118
103
112
115
106
111
90
88
84
98
102
113
92
99
90
86
62
102
58
79
86
96
13
72
85
79
11
10
53
12
4
4
10
31
33
44
61
59
52
55
73
100
98
108
50
55
110
39
27
101
80
18
52
111
3
3
10
14
7
18
16
21
6
18
18
8
4
10
2
13
34
22
17
36
14
12
3
4
12
23
22
32
31
43
43
38
43
38
48
66
61
64
44
34
29
40
41
4
13
2
5
10
7
6
30
25
30
46
53
54
71
63
73
71
74
81
71
85
83
101
56
82
68
29
14
6
74
18
38
98
3
2
4
26
22
11
21
42
68
49
94
74
105
76
93
78
68
67
45
88
104
86
98
92
102
164
104
102
113
135
121
39
23
5
33
49
51
47
45
50
77
78
109
106
75
36
39
108
35
18
41
9
25
23
52
58
54
66
68
64
56
19
56
48
55
90
20
67
7
6
24
14
12
36
5
17
12
32
42
41
48
61
72
70
79
76
84
74
75
89
97
97
101
91
93
88
105
78
95
77
87
121
103
112
116
108
114
133
125
133
149
107
99
111
100
95
84
76
99
92
61
66
96
44
48
79
73
62
86
100
49
61
60
78
77
95
96
96
94
95
89
100
113
112
95
116
110
102
110
103
123
101
121
104
117
108
118
109
120
119
105
115
102
112
104
102
96
107
111
87
95
107
95
111
114
112
106
110
91
110
102
110
97
107
95
104
90
98
107
96
94
104
95
108
101
112
100
103
105
116
105
91
86
68
79
92
118
97
98
83
110
74
103
101
108
116
112
104
111
109
106
116
100
110
108
113
106
112
102
96
69
115
34
48
75
111
84
29
56
4
19
37
28
47
46
10
42
30
35
27
12
9
32
44
44
54
52
68
68
85
96
93
102
104
122
111
25
51
85
45
48
97
63
117
79
9
5
3
7
5
2
7
17
23
18
21
25
18
23
5
23
14
11
10
22
9
4
5
5
23
10
7
28
24
37
41
29
36
33
27
31
4
9
25
59
63
75
89
87
99
98
100
130
151
148
151
151
140
133
99
97
80
114
75
93
84
87
60
53
68
72
71
92
11
51
54
50
44
4
4
13
18
29
47
51
65
55
55
70
68
27
72
37
16
62
51
55
67
3
16
14
20
27
18
22
18
4
3
3
15
17
16
26
33
30
33
35
6
22
30
18
6
4
18
32
38
37
52
57
56
71
84
82
40
55
31
34
85
60
84
86
15
7
21
30
31
47
63
61
14
48
42
58
7
68
51
44
33
63
25
4
23
22
31
33
19
26
30
9
4
3
14
26
21
15
34
34
48
32
44
33
24
20
13
11
40
8
5
5
4
3
9
13
42
23
25
39
63
62
79
77
104
96
100
120
100
115
101
105
90
88
69
80
107
88
36
45
71
47
67
83
32
28
38
4
10
11
8
4
29
45
39
47
66
64
63
61
79
101
104
85
61
89
102
55
80
81
95
90
93
97
79
90
93
79
82
104
77
91
100
89
89
94
94
102
94
105
74
99
95
82
76
97
87
98
90
91
78
68
17
49
90
64
39
29
65
4
13
6
17
4
12
17
21
14
27
7
25
23
6
6
27
27
28
26
24
5
9
11
9
16
13
7
19
21
27
33
28
54
48
62
63
73
62
82
84
82
45
51
10
61
36
65
12
78
4
2
5
5
3
9
13
30
8
6
10
17
26
9
24
3
7
9
5
11
4
5
6
3
26
24
34
42
45
46
77
76
89
89
97
95
88
109
87
91
100
97
101
115
91
86
69
70
57
50
43
75
93
99
4
28
28
50
57
43
49
54
24
53
24
48
30
28
8
11
11
22
41
39
48
56
53
52
40
32
29
28
6
40
23
37
12
2
15
17
5
12
7
8
16
32
22
19
29
37
38
63
55
46
49
59
55
70
83
77
80
103
95
103
97
101
100
105
104
95
104
74
91
94
100
65
91
107
41
70
55
81
47
84
73
73
76
56
56
72
72
73
72
90
101
93
80
98
103
92
85
107
102
94
87
94
99
75
92
77
93
89
92
78
70
82
95
89
74
39
87
81
86
63
30
45
22
36
7
6
28
39
42
36
33
21
19
21
31
32
25
3
22
39
33
32
36
53
67
61
73
72
89
83
94
87
81
89
72
89
98
99
92
96
94
75
102
93
87
98
91
103
96
94
102
98
79
77
102
88
97
103
95
87
112
102
97
100
100
88
87
95
83
89
92
77
93
74
92
85
91
93
91
76
80
80
84
97
100
85
87
98
96
105
96
114
104
83
94
104
92
102
92
96
79
84
91
92
91
102
108
102
113
107
121
109
124
110
121
100
90
108
97
111
108
116
99
113
104
108
102
117
110
108
105
112
109
96
117
100
97
114
114
92
22
89
43
108
31
70
52
65
102
85
87
47
48
49
66
55
67
92
91
103
96
108
96
87
120
114
119
100
117
106
107
118
106
90
104
114
106
99
113
105
99
138
125
134
132
143
140
135
152
134
109
141
115
100
99
116
109
98
112
109
117
111
114
111
117
102
114
109
113
99
98
92
110
115
105
108
101
116
105
115
106
122
115
94
111
104
118
104
112
106
107
113
106
105
109
117
114
91
77
104
109
99
109
99
106
98
110
89
102
102
113
104
115
112
117
119
114
104
115
107
86
101
104
104
122
115
105
118
105
126
115
106
106
119
109
112
119
116
108
115
102
114
105
110
115
108
118
121
123
115
122
120
123
111
121
109
120
118
112
118
104
115
112
103
116
115
94
106
107
113
103
114
107
112
103
112
109
118
100
110
103
109
100
114
107
116
105
117
105
105
118
119
112
117
107
115
103
114
112
113
104
115
103
110
75
84
108
95
102
86
88
84
85
82
93
78
75
76
99
87
106
102
112
95
109
101
83
65
89
117
105
98
103
73
84
91
98
99
112
96
92
107
116
111
93
117
110
109
108
109
101
112
105
110
108
123
101
107
114
109
84
83
91
92
94
99
110
96
94
116
109
127
117
113
105
113
114
122
121
98
104
92
95
80
87
95
93
93
87
99
95
106
102
109
109
111
110
88
106
109
76
34
57
98
48
87
68
47
16
9
19
29
8
18
27
16
4
3
5
19
14
32
29
35
4
18
25
10
21
4
5
8
9
8
31
27
5
6
13
5
30
30
40
48
45
39
58
35
51
22
27
39
10
7
10
19
14
10
10
23
17
11
19
7
19
10
2
4
13
15
27
23
31
19
8
27
9
6
6
5
6
4
21
4
13
8
10
4
20
25
35
34
38
38
24
2
4
8
11
7
6
7
7
7
11
11
26
28
31
45
25
27
35
45
53
41
53
65
72
66
70
77
40
76
78
70
60
74
79
73
92
63
7
33
37
33
77
72
94
73
82
93
113
111
132
129
100
129
117
117
91
101
116
81
133
72
110
80
31
26
15
29
65
92
27
24
100
9
5
13
25
9
11
36
12
7
5
4
12
14
17
24
31
32
48
43
70
67
61
82
95
87
106
115
117
126
113
113
123
118
110
97
128
112
119
104
104
112
118
107
99
123
93
110
100
117
101
107
113
114
113
116
109
107
122
101
111
120
113
122
109
124
111
120
128
154
146
118
137
129
130
136
137
130
145
140
140
127
124
137
141
126
135
138
150
120
128
125
131
124
103
116
119
118
111
121
102
112
111
117
139
122
126
140
142
135
126
134
110
128
133
113
131
121
114
132
117
102
32
130
68
105
52
81
83
63
5
4
5
16
6
16
35
34
34
20
28
43
18
40
4
16
11
18
6
19
3
2
15
4
6
54
65
53
68
57
64
80
49
62
87
84
60
78
4
16
28
20
23
6
16
16
34
14
11
31
38
22
5
9
18
33
37
20
45
35
21
33
29
4
28
38
29
52
58
53
26
51
24
24
43
44
27
54
4
7
27
36
36
40
42
47
71
71
79
93
95
106
80
17
29
34
90
82
59
102
97
54
7
32
31
52
41
16
34
51
42
19
39
37
17
58
69
24
9
71
40
6
2
3
5
7
5
17
4
4
21
8
7
19
20
15
3
9
8
35
49
13
32
26
19
46
36
25
29
23
11
20
18
35
30
10
25
34
8
20
29
35
49
58
57
65
64
77
75
87
86
101
101
104
87
86
93
104
98
110
103
106
99
117
89
89
91
85
86
99
78
85
95
101
104
104
97
107
100
116
102
126
123
127
117
131
123
133
120
136
124
133
126
127
119
114
122
94
118
103
117
99
115
102
116
112
113
108
113
97
86
102
109
106
93
104
95
103
90
108
98
113
96
111
103
109
104
112
108
110
101
106
113
100
90
111
116
99
101
117
117
99
116
100
106
104
98
82
97
99
109
112
100
115
101
118
108
100
107
114
107
111
103
110
90
108
82
106
97
95
97
96
104
100
92
69
91
86
94
90
95
85
93
88
89
88
100
80
98
95
91
97
78
90
100
88
95
87
96
92
88
72
99
97
90
102
96
93
111
100
84
91
106
95
89
106
96
100
90
70
84
92
48
28
100
54
31
30
109
133
54
53
68
63
75
75
94
93
106
97
122
125
129
123
133
136
130
116
78
108
126
81
83
97
75
85
93
99
97
79
102
93
80
62
88
90
89
97
91
101
100
102
101
110
103
91
103
115
118
94
103
108
112
108
100
107
113
103
113
108
107
97
89
111
110
107
106
97
106
95
111
96
112
103
102
95
99
89
90
97
86
97
96
84
95
83
82
94
93
84
91
89
96
99
75
87
94
86
65
79
85
92
101
92
94
105
101
111
89
101
90
91
98
97
104
90
100
91
86
105
98
112
97
108
95
106
99
92
102
91
108
105
103
107
99
99
102
93
107
99
97
93
92
97
78
104
90
92
65
81
84
97
92
109
99
107
106
99
101
19927
19920
19930
19911
19925
19940
19926
19944
96
68
125
43
24
24
19943
51
73
90
10
25
6
4
2
7
5
43
23
20
4
3
5
9
16
12
22
39
43
47
52
15
64
38
30
59
55
7
24
19
38
7
10
21
5
5
6
6
13
4
3
4
13
20
20
4
14
14
12
18
21
15
24
3
10
6
3
3
16
20
6
10
10
21
22
38
30
42
36
55
67
65
75
63
76
77
87
91
110
109
117
108
97
105
101
105
116
117
94
96
94
105
103
92
103
100
99
98
87
105
93
106
93
106
96
112
106
111
103
105
96
88
102
90
105
93
101
96
108
101
113
104
112
98
110
100
116
106
106
115
120
112
121
110
120
105
115
94
105
107
104
110
96
108
108
94
103
102
113
113
106
97
85
93
104
97
92
115
112
94
118
102
92
77
105
119
93
93
98
86
100
83
95
89
93
102
103
92
105
94
102
90
82
93
86
84
91
83
92
85
91
89
83
74
76
76
95
89
101
90
105
87
76
34
80
42
57
35
91
98
11
27
36
41
47
53
59
64
86
95
93
110
114
107
122
118
123
123
118
136
132
119
133
109
119
132
106
154
140
157
142
163
155
2576
2571
3854
3846
3836
3822
3832
3824
3793
3815
1382
1406
130
118
97
107
98
91
62
44
50
55
103
70
81
22
21
38
16
11
34
37
30
4
11
11
24
30
28
41
53
53
62
67
50
38
65
34
55
30
18
62
21
5
16
15
27
40
46
59
58
68
70
67
76
63
71
71
68
120
90
142
95
103
19
109
25
147
5
5
5
43
42
22
15
12
31
28
13
33
48
25
25
13
16
7
13
26
35
24
12
21
9
22
28
25
38
7
4
23
33
23
14
6
20
17
6
23
32
28
33
50
60
61
73
70
73
74
84
84
81
96
93
104
65
34
89
66
53
26
84
13
55
3
3
5
4
9
7
24
22
9
3
19
10
4
5
230
234
16
8
5
4
5
16
33
24
16
14
20
35
30
44
22
17
10
4
10
9
24
23
44
44
56
39
70
54
83
78
86
99
101
102
114
84
84
92
103
95
89
89
78
109
68
62
55
82
76
92
59
88
105
104
90
73
107
80
82
81
101
102
101
99
84
95
92
94
92
92
70
80
92
99
88
79
85
66
98
88
90
94
79
87
70
76
77
78
97
92
107
95
100
109
95
102
106
94
102
88
101
88
100
91
101
103
105
104
108
101
108
104
102
110
95
107
105
94
105
102
106
99
106
101
109
99
109
83
105
102
95
94
106
96
108
96
107
95
86
94
116
102
107
99
106
99
107
102
95
96
107
94
104
101
103
100
101
103
94
85
90
100
104
93
106
99
101
112
106
102
114
106
66
83
58
46
103
89
110
91
97
99
89
99
82
86
93
100
100
110
99
94
110
103
98
99
95
90
102
101
89
102
94
91
101
102
96
92
100
98
86
85
97
97
89
86
98
93
102
90
101
100
81
96
95
99
90
85
93
87
95
98
85
101
96
99
103
108
97
101
111
95
91
90
88
92
86
86
96
103
90
98
97
108
94
105
90
92
89
102
83
37
72
48
65
29
90
36
96
56
3
10
22
21
42
43
44
40
67
66
84
75
90
31
65
64
51
40
23
69
94
57
80
4
3
10
11
19
7
3
4
6
5
8
3
14
15
28
41
35
34
25
23
54
52
27
4
21
26
19
18
34
51
65
63
60
49
49
46
72
70
87
78
92
93
109
106
110
109
122
113
152
156
154
157
181
165
156
143
163
124
166
127
119
112
111
115
102
82
114
39
43
61
56
89
72
90
86
85
62
60
79
75
76
95
95
110
115
106
115
107
117
124
137
113
120
115
105
122
112
120
91
114
100
114
102
111
104
106
124
117
112
91
95
105
98
102
102
90
104
104
99
115
118
121
119
125
132
119
119
104
93
109
98
86
104
93
75
76
105
87
107
103
97
108
115
102
111
104
99
113
90
93
100
109
106
95
89
41
70
67
50
39
107
87
23
56
50
38
50
50
67
85
84
106
100
118
118
128
114
119
126
107
118
94
106
115
105
121
111
106
119
110
127
119
111
136
120
121
108
103
117
97
94
117
101
93
100
89
97
87
103
72
88
101
93
100
79
41
45
26
73
88
65
55
17
19
32
40
28
33
39
32
38
39
39
5
5
22
4
11
4
19
18
16
30
29
30
24
45
56
73
46
60
52
60
64
80
74
86
83
83
94
90
100
74
85
92
84
75
93
88
92
89
87
94
87
94
89
102
99
114
118
105
105
117
101
107
98
111
106
108
103
115
117
116
120
118
103
113
108
110
105
108
97
117
102
93
79
106
115
85
118
105
102
111
113
104
111
100
110
111
110
123
121
110
103
113
112
98
113
105
98
110
112
108
115
91
112
82
106
97
100
110
110
103
112
99
105
104
114
111
118
109
117
103
101
112
112
105
97
110
107
100
85
100
94
98
93
107
92
92
101
91
91
91
103
111
110
108
111
100
110
101
109
103
113
93
101
115
103
100
117
114
97
109
121
113
125
112
126
119
103
117
119
130
108
120
112
126
107
116
126
106
118
112
121
117
91
98
76
106
92
111
108
17
103
57
45
80
30
101
55
37
58
5
3
3
5
5
11
49
47
49
64
60
57
55
49
49
61
28
53
54
4
18
30
24
33
48
52
57
59
65
75
62
63
77
85
59
24
37
34
49
64
98
93
61
15
3
3
8
6
23
15
17
3
11
34
3
3
20
12
22
19
28
33
33
45
19
37
40
45
18
32
24
10
4
5
36
39
39
58
70
70
80
102
95
13
101
126
111
52
41
81
98
70
123
4
5
8
6
14
28
61
64
62
60
84
80
62
67
57
81
88
76
72
85
25
47
25
42
23
4
23
13
33
7
5
15
10
4
12
4
13
9
32
39
5
4
20
26
32
31
12
34
14
27
3
10
13
4
13
16
22
35
35
40
51
64
58
41
60
86
87
78
107
107
100
107
107
104
113
101
92
72
48
48
87
82
76
28
51
7
8
26
25
25
57
58
74
61
69
76
75
72
47
61
89
72
91
83
30
43
4
4
19
23
54
65
62
79
76
73
55
45
25
23
69
43
8
53
4
15
26
21
28
22
8
32
25
11
25
25
43
51
64
64
80
63
84
65
87
102
92
101
101
94
103
78
99
93
107
112
106
97
103
111
102
116
101
108
101
115
99
97
109
113
105
89
97
63
33
22
73
78
93
41
44
81
16
14
28
37
32
19
15
19
35
3
2
11
2
17
17
6
21
29
32
42
41
57
66
76
65
74
76
83
86
94
90
94
92
90
102
98
93
18
40
89
60
68
79
29
55
19
14
12
10
17
18
5
27
10
12
22
25
3
5
12
24
22
40
47
57
69
63
58
49
72
37
22
28
4
4
12
4
8
20
22
23
16
6
17
30
23
33
35
43
70
84
75
91
89
81
97
96
112
109
128
112
117
118
124
115
105
84
92
126
127
135
141
133
119
102
148
144
114
162
125
132
125
141
128
113
122
111
118
121
108
129
112
111
129
128
126
128
118
128
126
122
125
98
113
124
163
157
156
164
158
172
154
173
108
110
121
106
114
115
104
114
105
117
106
115
109
122
131
119
141
134
141
129
106
110
144
73
86
106
98
123
90
75
77
110
102
98
95
109
118
103
113
98
85
103
101
100
108
89
99
93
102
102
113
111
109
98
112
101
104
112
109
96
108
105
102
107
100
104
102
85
89
100
95
105
93
88
90
102
103
119
111
116
115
108
81
113
121
90
95
102
101
99
104
90
100
98
105
92
97
108
92
80
95
88
94
83
95
90
98
74
85
95
77
76
97
85
79
100
96
107
100
108
104
119
107
117
116
114
107
112
108
116
103
116
106
117
115
90
104
112
109
102
107
101
117
101
120
107
113
29
80
37
69
112
52
60
18
104
95
7
3
6
14
25
23
44
14
31
34
41
39
24
4
4
16
13
27
7
30
19
28
10
7
6
10
12
5
15
15
21
19
23
24
27
8
19
31
35
37
13
36
21
33
20
26
34
34
51
31
51
49
22
40
44
48
39
46
10
13
10
7
6
24
39
38
50
57
67
65
73
76
77
71
78
34
85
68
55
47
27
80
11
11
11
37
10
31
35
30
13
4
17
16
32
32
42
41
43
44
60
63
47
43
66
59
69
68
78
74
58
85
92
66
92
82
91
89
87
99
95
104
81
98
80
92
104
99
112
97
116
101
110
99
109
97
100
92
104
86
101
95
102
90
98
89
108
94
102
110
102
90
102
100
84
96
100
97
96
85
92
89
91
92
82
97
91
79
81
82
97
99
86
91
98
83
98
81
91
90
91
81
95
84
93
83
74
65
17
44
72
34
77
28
74
54
20
18
33
51
51
60
75
72
74
74
91
84
94
101
91
98
88
89
91
85
75
87
91
80
83
81
87
86
75
89
64
98
79
74
65
91
92
80
76
93
86
86
98
90
93
93
103
101
101
92
86
90
95
98
94
88
95
83
89
95
97
99
74
91
98
80
95
103
108
91
109
100
78
92
70
76
69
85
93
75
82
91
96
95
104
102
97
91
93
105
87
88
81
101
87
99
89
93
89
99
97
106
91
93
83
74
78
90
81
86
87
84
83
86
94
86
91
101
96
88
76
96
85
90
86
88
71
79
87
82
89
84
91
88
85
93
91
52
58
35
83
81
68
82
41
80
71
42
70
56
55
63
66
64
87
86
82
71
89
19540
19548
19554
19522
32
19550
19543
56
19560
19533
67
19539
4
7
4
20
28
23
20
16
22
28
39
26
6
14
11
8
6
21
19
11
31
36
35
51
46
42
37
26
54
58
4
4
7
3
5
6
31
8
4
4
23
9
15
38
37
34
48
60
73
91
78
82
82
104
111
109
108
131
125
112
122
133
118
132
117
134
122
131
115
120
118
109
117
106
114
113
101
102
105
98
110
96
104
96
110
95
113
102
111
114
116
106
105
116
119
103
117
107
116
105
108
98
107
95
103
94
101
93
95
97
101
90
99
105
115
103
117
105
124
111
124
108
121
109
113
109
117
110
118
103
120
111
111
123
109
123
114
88
96
30
26
116
49
70
39
58
8
18
32
25
44
28
34
26
43
27
9
13
10
41
9
39
37
12
3
29
29
47
65
68
69
48
62
333
325
351
332
19
17
24
348
352
5
6
7
36
33
10
9
8
24
27
7
3
19
7
28
28
20
11
15
19
13
19
5
4
11
2
10
25
24
43
32
41
31
34
5
3
21
27
31
55
59
58
74
75
79
85
99
98
108
126
106
89
112
107
114
130
115
116
132
116
105
101
123
119
106
126
116
123
143
128
134
115
96
98
95
82
73
64
139
24
25
31
26
57
56
76
84
84
96
83
96
69
65
53
28
76
90
93
32
58
5
11
7
5
3
4
6
5
37
42
51
67
65
85
87
97
114
110
123
128
121
125
129
114
105
116
127
120
95
105
113
86
56
100
48
20
97
88
27
75
11
7
26
35
33
44
59
55
42
14
12
35
48
39
26
37
44
50
57
62
30
41
72
29
48
27
21
6
20
29
29
35
35
47
22
23
40
37
20
3
23
13
8
4
14
5
17
14
10
5
19
3
17
33
30
50
50
58
72
65
73
74
84
84
107
106
116
125
117
109
95
120
121
159
132
144
140
147
129
131
122
132
121
112
111
103
108
102
109
102
112
104
120
102
106
106
94
99
74
109
82
66
100
86
108
115
72
88
105
44
70
23
32
70
74
70
13
7
6
10
12
9
14
16
10
12
14
34
33
49
59
58
73
66
78
86
87
101
96
102
118
110
117
132
119
115
61
95
46
31
116
68
44
110
24
10
12
10
7
4
13
27
7
22
19
10
11
26
28
27
24
41
50
41
27
21
12
50
15
25
4
12
18
20
45
51
50
66
69
66
78
87
89
98
64
43
101
55
74
85
32
31
35
7
6
3
21
11
32
9
50
70
69
56
55
52
78
76
91
82
88
100
87
95
69
74
27
48
30
72
26
57
4
29
32
40
41
58
57
70
70
82
84
90
64
49
48
88
57
80
84
76
69
61
33
23
79
23
23
34
49
37
24
5
14
6
12
4
26
5
33
11
5
3
9
21
19
18
28
23
20
19
28
14
25
25
37
54
64
61
71
64
61
78
76
82
91
86
107
94
105
88
93
96
103
98
86
107
97
85
94
77
55
86
62
92
76
78
94
84
78
92
74
79
63
76
63
72
74
49
74
76
70
104
102
55
100
109
104
121
112
105
113
101
85
98
104
71
98
97
101
87
87
93
92
68
90
87
82
90
85
85
90
99
83
86
92
95
99
83
95
97
95
101
96
101
84
91
71
98
88
86
104
92
99
94
104
98
106
96
97
103
105
110
110
90
81
98
104
98
102
92
78
87
98
82
77
92
74
86
95
83
81
95
90
96
87
99
98
105
90
96
100
97
97
95
103
89
91
102
92
95
90
98
99
90
101
90
96
98
80
85
95
90
85
89
93
103
73
88
98
90
89
91
105
101
100
104
103
114
102
98
92
88
96
100
98
91
98
92
102
111
103
102
105
103
106
107
107
99
107
98
106
94
99
107
137
129
141
135
143
135
143
137
143
136
103
117
89
96
100
102
84
90
100
92
100
97
106
103
98
119
108
87
100
98
106
104
98
103
96
114
90
82
98
104
106
96
105
108
106
87
107
96
95
109
108
110
95
77
108
84
41
54
40
66
74
2
3
4
4
2
25
49
47
51
53
38
73
81
21
53
75
29
74
71
80
18
46
4
5
28
32
33
50
70
59
68
67
91
78
83
78
92
95
104
100
114
111
106
101
108
98
111
91
67
100
53
46
108
91
78
73
92
88
88
51
72
71
90
89
106
103
122
114
123
109
124
115
125
112
125
122
112
112
106
96
105
102
106
99
110
103
94
108
83
93
88
116
99
93
107
111
99
110
90
109
100
107
80
98
51
42
66
17
91
30
61
4
3
6
23
31
30
56
57
50
64
69
57
61
61
69
74
85
85
79
95
101
105
96
97
99
92
103
95
98
108
108
92
90
89
53
38
97
66
34
30
81
72
52
6
13
29
59
56
56
69
62
58
64
40
36
55
60
56
73
12
12
30
44
43
41
60
58
77
71
89
89
106
101
115
119
114
106
111
91
82
104
109
96
114
91
105
107
107
99
123
64
87
66
103
94
83
105
111
103
113
106
123
120
126
105
99
112
101
99
106
95
108
96
105
101
107
113
117
109
108
89
17
30
85
49
94
66
77
40
3
5
26
41
49
60
58
71
83
73
89
30
69
75
50
46
87
59
35
79
4
4
2
15
15
6
13
4
16
5
20
3
15
32
25
39
44
53
46
65
73
47
57
58
55
23
16
24
71
43
4
5
3
10
4
4
21
21
34
42
55
52
60
64
65
77
71
68
88
83
86
89
89
75
92
96
83
66
92
85
92
75
91
89
105
91
101
92
98
92
92
102
94
104
102
94
100
94
78
98
91
102
93
105
95
109
99
92
97
103
96
99
92
96
88
85
83
94
81
88
74
65
55
29
13
57
47
86
24
5
4
28
35
39
55
62
58
72
71
69
89
98
88
96
79
90
87
100
98
101
100
88
98
88
94
86
93
98
84
95
90
102
95
101
103
105
93
103
105
103
93
99
77
91
100
81
89
96
87
94
92
105
97
92
97
99
94
92
102
98
111
97
104
98
102
100
97
99
93
109
94
99
93
99
96
99
89
81
92
92
83
87
101
97
104
111
114
108
117
102
112
110
96
100
90
91
101
98
92
97
91
95
95
85
101
83
91
78
89
85
74
79
69
80
72
82
101
84
84
97
98
105
118
103
104
106
121
119
111
119
112
124
112
112
114
106
126
106
111
102
121
106
124
107
116
109
114
98
106
118
102
100
115
117
101
116
98
113
104
107
96
105
96
101
87
75
104
96
91
100
96
100
90
103
110
103
103
118
104
123
115
122
120
116
106
115
104
73
30
30
112
45
66
85
50
62
98
4
22
39
41
42
47
14
12
61
16
58
5
22
15
38
35
21
32
40
37
7
17
29
14
20
41
33
19
32
31
21
44
6
7
8
22
19
27
33
34
8
5
17
18
22
20
40
38
53
22
41
72
51
20
49
47
38
69
8
6
18
6
8
21
6
16
13
4
13
11
5
14
4
14
5
12
8
25
36
36
58
64
71
73
69
96
92
100
114
113
123
125
131
104
67
83
33
83
2
50
24
141
112
6
7
19
20
25
24
20
22
22
41
40
21
31
4
8
6
31
26
4
6
23
11
3
5
27
22
20
175
183
188
53
207
62
70
79
83
88
87
85
65
33
69
91
74
45
30
3
11
4
4
6
15
12
4
17
16
30
27
23
9
19
7
6
18
35
46
47
40
58
60
69
70
71
87
90
97
89
81
36
53
93
32
41
55
89
29
74
49
3
4
15
1
26
41
40
60
59
77
75
92
91
89
105
98
102
95
77
96
111
89
97
103
88
87
94
108
90
122
109
124
123
131
121
120
121
140
111
121
114
118
119
113
116
109
118
107
115
98
83
90
99
78
85
102
97
107
101
106
103
95
118
108
91
91
103
100
96
104
102
116
98
98
113
112
84
88
103
94
92
98
99
94
109
100
108
108
113
117
99
89
112
105
107
100
81
44
61
95
57
29
16
50
104
56
77
47
57
57
65
64
77
78
96
94
102
101
88
100
86
101
91
100
90
92
105
103
92
94
101
85
92
93
101
96
107
95
96
105
95
101
112
109
104
83
97
109
90
93
98
100
96
95
101
94
104
95
95
83
92
88
103
92
106
95
100
106
114
107
99
120
113
111
133
122
131
137
123
140
121
117
128
95
102
102
109
104
79
95
84
57
67
45
55
87
80
82
80
77
100
89
90
108
88
89
101
102
94
100
113
109
96
109
105
114
107
115
107
111
105
111
103
109
105
89
100
99
88
90
97
83
95
79
93
87
82
87
82
72
86
86
88
70
71
87
91
89
90
88
89
81
106
99
82
98
93
106
99
109
100
113
107
110
106
113
99
108
93
96
76
89
67
33
17
45
51
64
28
3
14
21
20
19
