33
8
11
57
46
55
40
45
84
82
81
61
64
73
75
72
109
98
100
97
76
99
102
110
113
87
95
91
69
69
92
74
91
85
111
89
77
103
87
78
52
1138
98
1141
1130
1221
1238
1215
1229
1236
208
195
118
172
180
73
74
89
207
81
10
22
47
64
61
80
69
48
80
68
37
77
64
54
52
68
3
8
8
33
46
22
21
35
33
24
16
29
49
50
65
64
79
74
77
77
117
116
115
158
168
165
151
159
174
171
154
151
132
170
119
110
130
130
118
124
117
120
132
140
113
117
117
139
132
141
127
148
136
129
157
148
135
141
145
131
142
123
135
126
144
125
119
130
116
126
113
105
121
107
118
116
102
88
81
118
107
103
111
110
128
127
117
128
122
135
127
120
128
143
122
130
148
133
128
132
130
271
243
249
242
223
339
333
360
354
387
248
280
279
311
300
217
203
207
197
201
175
178
183
171
164
163
157
147
140
138
133
131
130
122
127
110
113
134
126
129
139
127
139
141
142
134
144
130
133
120
132
132
134
116
116
127
123
130
115
118
83
95
57
64
29
110
28
91
43
29
82
82
103
29
7
18
18
44
55
54
56
60
73
75
78
77
76
50
58
46
94
38
67
84
8
39
6
6
14
27
37
51
50
68
66
77
76
82
89
73
91
82
78
96
101
87
83
99
90
91
77
90
89
106
84
93
66
94
94
88
97
86
89
93
95
102
80
93
87
83
96
90
91
89
99
104
110
98
85
77
95
94
90
85
95
79
87
55
83
78
79
79
79
91
86
97
95
86
99
86
94
86
96
95
86
93
81
91
78
89
73
84
79
88
78
88
82
95
90
90
87
86
84
81
91
91
86
92
83
79
89
89
85
79
88
80
83
78
81
76
64
85
68
77
73
82
84
69
74
82
82
81
83
66
72
79
80
68
76
76
88
73
83
89
83
90
80
81
90
69
80
91
88
78
71
83
79
64
5595
5597
5583
5588
5671
5661
5701
192
5699
192
209
205
171
176
132
100
130
109
104
103
105
103
97
117
115
118
124
123
116
125
124
123
111
104
119
105
109
93
111
92
102
91
99
94
98
111
90
112
44
37
82
76
98
35
74
56
19
16
15
43
8
12
41
38
17
44
26
4
3
24
14
4
22
40
35
34
47
62
64
73
66
79
73
89
87
80
102
105
105
95
104
105
121
107
122
108
119
110
125
107
109
121
113
120
122
118
111
120
113
126
112
110
128
112
126
121
114
118
119
115
119
119
97
107
115
88
102
108
99
110
101
101
109
87
106
97
106
90
97
103
107
79
96
87
78
106
99
114
87
93
108
105
115
103
109
103
90
88
57
39
102
43
72
33
36
27
86
114
139
139
112
132
127
128
132
125
125
169
175
145
148
143
130
304
671
633
641
657
647
650
658
669
517
629
157
166
179
172
124
163
170
97
94
135
97
74
82
102
112
178
109
807
818
771
775
762
743
680
52
43
825
825
819
4
14
13
32
37
32
45
52
49
55
63
73
85
79
74
80
88
80
115
114
130
130
112
127
124
138
136
148
119
154
116
86
99
61
24
147
126
133
71
3
3
6
18
22
32
28
36
38
26
41
56
55
47
45
41
49
71
77
66
30
27
65
25
44
68
5
4
31
13
7
12
9
2
4
7
6
10
3
1
13
15
12
9
6
11
10
3
3
6
18
26
25
57
24
35
49
46
35
106
101
33
35
104
7
73
20
18
21
37
46
58
31
8
56
54
20
13
7
6
5
80
13
15
48
53
23
22
49
28
56
26
14
8
9
12
6
39
34
62
65
77
83
51
95
52
20
52
26
54
10
7
22
19
21
38
23
49
53
53
79
83
75
89
100
97
112
110
129
104
111
125
126
142
127
134
133
140
137
118
136
120
144
100
93
121
134
115
139
131
140
126
127
111
129
128
96
111
102
114
109
153
149
161
150
156
157
163
161
151
95
101
99
93
99
95
97
68
78
107
85
100
114
98
88
92
81
79
60
60
70
64
62
73
60
72
71
67
60
71
84
72
60
22
51
29
71
64
76
81
28
18
20
4
3
19
6
10
10
29
27
31
29
30
55
46
52
72
68
71
84
88
80
98
92
93
94
104
86
102
102
101
108
103
87
81
97
89
93
91
98
95
77
88
96
80
84
93
88
92
84
90
92
91
94
78
113
107
113
109
121
116
121
110
121
99
93
84
99
89
94
82
98
89
106
87
102
93
101
90
103
93
107
105
104
110
111
99
107
100
107
112
98
119
103
114
105
109
108
117
105
117
110
113
106
117
105
121
116
123
111
111
119
117
101
113
104
106
95
88
113
98
117
100
106
99
103
103
113
100
112
104
109
107
110
108
114
112
100
109
109
103
104
112
107
100
103
90
95
90
111
97
79
84
92
82
94
89
100
90
101
95
70
84
102
95
90
96
96
89
94
84
95
71
89
88
90
99
109
97
109
97
100
107
106
89
99
79
94
76
81
85
89
87
96
92
90
91
100
94
91
101
97
94
96
102
90
101
103
86
107
97
107
98
101
96
97
79
92
103
77
90
97
84
95
78
84
82
82
100
95
103
97
102
98
105
104
111
113
110
103
102
100
103
95
96
95
89
93
84
95
89
91
87
93
93
80
95
85
91
100
95
90
98
91
100
70
91
104
99
112
103
102
107
107
112
96
113
97
99
111
91
101
105
116
105
109
115
120
107
119
103
98
99
108
99
109
107
109
97
112
107
115
104
115
100
110
103
113
102
111
100
81
114
98
97
112
111
95
60
98
85
101
105
104
109
120
99
118
107
95
89
107
101
91
95
102
92
112
73
78
118
105
88
105
117
112
105
117
89
112
116
104
96
116
113
89
95
78
106
86
105
92
83
97
59
59
30
15
42
42
33
30
16
15
33
41
4
2
2
2
3
2
2
3
6
2
9
9
8
17
11
13
23
25
18
5
15
14
35
13
33
31
21
50
65
65
41
25
44
60
58
77
85
60
83
74
75
85
83
68
55
73
55
61
88
89
121
107
122
116
122
103
79
99
98
107
114
116
113
106
144
136
156
130
141
122
148
75
80
113
136
61
60
73
97
90
89
88
105
102
119
118
137
101
100
98
96
105
110
107
98
93
95
104
100
92
105
99
76
68
89
99
67
79
90
89
86
84
80
78
69
86
86
83
86
87
101
93
89
101
91
100
100
88
100
85
100
96
99
96
104
89
103
97
105
99
106
99
107
105
96
102
88
101
82
106
109
96
112
109
103
112
106
126
110
115
101
7639
7643
7648
7656
7660
7673
7657
7675
7670
7692
103
74
123
118
98
88
133
138
105
65
56
64
62
112
5
5
17
20
32
11
11
33
11
29
35
58
73
61
51
67
79
77
80
98
111
126
126
123
97
33
106
58
46
93
69
51
58
60
75
48
49
45
36
30
66
67
75
69
66
117
96
100
105
104
126
123
149
148
153
148
163
162
173
143
155
131
106
104
110
100
90
45
74
68
34
17
26
83
28
14
51
16
37
36
55
67
65
76
65
65
61
68
67
52
63
45
100
91
98
97
117
114
122
93
98
4
7
5
32
21
26
40
43
54
54
65
56
82
82
80
86
83
92
93
85
82
71
71
62
61
66
63
63
58
64
59
70
60
73
70
76
76
85
82
77
82
93
80
73
92
73
69
45
37
39
46
3
15
24
21
64
31
71
21
34
69
42
52
41
16
10
8
13
3
11
3
20
13
11
19
26
35
28
39
41
56
58
59
59
76
74
93
86
104
87
101
83
102
96
99
95
102
93
104
100
88
80
101
83
77
97
96
88
76
86
79
92
107
95
102
110
95
108
116
106
90
118
92
86
108
88
94
96
101
97
86
100
99
112
94
98
84
93
89
99
72
100
93
99
98
92
104
97
105
82
91
92
95
104
105
89
96
85
90
93
88
101
87
85
96
89
89
82
96
91
75
88
91
86
93
101
96
106
109
94
74
73
98
92
86
95
77
85
95
95
91
90
91
80
91
80
92
76
90
91
90
103
90
84
101
86
92
96
89
110
92
101
95
104
97
86
101
88
97
104
100
103
92
87
104
102
118
103
89
98
89
103
99
93
106
100
51
21
61
15
87
74
95
78
36
8
8
20
5
36
36
33
43
56
68
61
47
73
71
55
74
58
71
83
71
74
70
41
15
27
29
15
67
7
5
23
24
31
40
42
63
55
68
64
67
83
81
79
93
98
100
92
98
91
90
103
95
108
85
96
98
111
98
106
107
101
101
106
110
106
107
126
111
122
111
125
107
108
116
116
111
94
107
115
105
121
118
110
108
120
114
109
118
121
112
118
111
115
126
136
114
128
95
105
114
108
119
104
110
84
54
22
64
63
52
102
100
38
27
24
37
39
36
49
59
39
69
52
72
28
90
30
77
30
86
22
21
83
69
46
4
9
6
14
28
29
10
19
15
3
2
23
22
23
52
48
71
69
88
85
94
91
80
83
84
83
90
94
94
56
34
67
82
79
75
82
93
86
98
85
80
79
96
97
99
101
99
91
98
91
99
87
101
97
89
101
97
88
75
82
96
89
93
92
101
109
92
101
91
106
102
102
104
113
104
114
106
119
105
116
108
92
74
105
115
88
102
89
92
86
80
93
98
84
87
93
76
94
96
107
87
108
98
65
47
29
90
43
80
54
57
98
97
99
84
68
67
67
66
103
96
76
96
89
64
93
78
84
41
87
41
41
19
35
27
91
70
61
4
5
16
13
6
6
26
39
37
35
45
62
37
19
40
16
47
24
37
4
11
21
24
9
20
12
26
15
7
11
14
13
39
33
36
37
58
56
44
25
53
58
21
59
59
22
8
4
18
16
25
18
19
28
32
21
5
18
19
16
27
32
29
35
44
43
47
52
69
64
77
75
90
88
95
105
97
94
115
113
113
113
112
120
109
119
113
108
115
119
103
108
93
106
93
99
103
86
105
59
69
93
77
51
101
92
100
81
55
78
42
75
75
75
84
84
85
93
72
87
60
68
54
33
27
80
54
55
85
8
12
12
36
47
7
23
21
47
31
17
5
4
3
8
19
18
32
24
40
41
28
43
43
60
61
58
21
60
24
36
53
40
46
59
44
6
8
10
4
21
17
9
31
53
25
13
28
13
48
46
31
59
43
46
41
51
46
62
49
68
45
40
48
34
70
71
88
88
82
64
64
74
76
76
64
103
109
111
101
98
104
85
100
112
97
105
97
103
104
86
84
69
69
103
103
115
106
113
111
128
127
152
151
128
120
127
119
109
122
121
104
109
107
124
116
108
120
112
100
103
116
111
112
110
114
86
97
96
72
48
30
73
108
64
9
7
22
23
23
18
46
49
33
20
16
27
27
24
42
10
18
17
33
43
34
37
46
57
66
63
54
43
72
36
69
46
81
98
98
97
97
92
87
95
85
104
103
109
110
129
114
109
125
122
116
124
111
122
114
124
119
125
98
111
127
109
111
128
124
110
126
108
124
115
118
105
117
113
113
109
112
114
101
113
113
99
100
112
108
101
105
103
105
94
105
93
104
103
102
96
100
91
101
95
98
88
93
98
106
78
99
96
94
101
92
95
89
83
94
91
83
80
80
89
80
84
80
69
74
76
106
81
72
89
96
97
98
81
84
82
85
64
66
64
96
85
90
101
99
100
115
113
133
132
128
126
127
119
126
124
117
111
94
109
74
90
98
94
88
84
106
97
97
906
921
890
922
918
923
924
917
102
98
88
93
90
76
67
66
290
314
332
345
346
111
89
72
64
365
378
352
928
362
361
5
11
8
24
25
10
18
10
5
4
11
17
36
39
35
37
36
27
23
40
51
30
5
15
15
42
27
21
26
30
21
24
48
15
19
41
25
38
35
28
39
39
50
37
48
53
31
22
43
53
14
26
32
12
28
4
4
5
3
4
6
5
10
8
41
14
3
27
24
18
25
21
22
5
30
19
7
22
39
30
41
59
61
74
73
46
48
52
52
42
72
75
16
28
29
48
17
41
17
46
33
13
11
4
4
9
17
28
14
15
11
32
21
31
14
4
21
22
16
45
45
47
48
54
64
52
62
72
68
67
79
78
82
93
79
80
94
92
87
101
102
93
100
92
95
104
107
96
109
104
107
83
101
64
58
26
28
37
41
81
102
105
7
5
13
22
19
23
40
56
64
75
57
73
63
72
83
99
98
38
63
73
105
27
82
44
55
95
5
20
19
27
31
48
57
38
23
26
29
42
19
22
4
4
3
22
11
25
23
23
9
9
13
22
20
20
38
52
47
58
45
60
52
66
60
75
74
90
76
31
70
22
29
38
39
55
55
5
15
14
28
23
45
42
45
37
24
22
26
22
10
19
4
4
18
4
3
13
11
19
48
45
34
42
63
64
76
75
78
72
105
41
64
72
32
91
61
82
9
4
13
28
33
31
49
52
56
57
69
57
72
56
83
97
89
105
97
106
102
87
87
102
94
105
89
87
98
99
79
93
104
106
95
111
96
105
90
97
24
42
67
97
88
48
100
65
31
71
93
61
60
52
52
62
63
64
80
85
79
72
89
87
93
92
94
88
89
108
94
111
98
104
101
106
99
97
110
106
64
84
74
99
72
76
61
65
83
93
96
95
86
113
112
123
99
108
94
90
101
103
89
79
99
87
78
84
84
87
90
85
95
86
96
105
87
87
95
81
107
94
99
93
112
111
90
112
110
129
87
101
93
98
106
121
111
117
106
91
101
114
106
103
107
99
90
62
85
90
86
104
98
99
100
110
93
105
113
112
104
109
120
124
112
126
111
124
111
118
116
115
110
118
110
112
115
114
106
121
115
126
118
124
122
123
125
123
114
120
110
112
105
77
110
105
91
91
86
118
98
107
85
73
99
94
113
111
106
110
98
99
99
99
128
116
137
122
142
125
127
141
144
148
134
137
120
127
116
121
113
117
110
115
120
125
117
122
113
124
130
105
107
123
115
102
103
109
96
102
113
99
101
103
110
106
110
99
108
102
96
82
84
92
93
91
98
89
101
100
111
109
113
120
102
110
103
103
109
113
115
110
122
110
126
110
111
106
115
104
116
102
108
119
108
116
111
101
113
111
112
96
109
105
101
94
123
108
118
101
122
122
115
118
95
113
105
121
111
91
96
90
104
104
107
99
84
107
95
101
109
107
106
115
100
32
66
109
103
28
62
80
51
44
5
4
14
5
2
9
32
11
29
29
50
46
37
43
56
46
40
17
21
22
7
4
4
30
6
8
13
9
17
15
18
16
26
3
3
20
21
27
38
30
51
48
45
63
47
61
68
59
70
38
40
64
44
35
21
14
4
3
19
7
32
29
12
20
8
5
3
8
18
29
27
16
34
34
37
53
30
34
31
30
52
7
4
5
4
14
2
9
9
28
29
46
38
40
23
21
44
13
5
3
13
4
14
28
16
34
33
29
21
32
14
17
9
11
7
4
16
15
30
48
39
31
50
70
65
77
75
97
97
69
101
98
71
92
90
88
82
89
97
95
83
104
79
92
95
98
88
88
101
94
85
87
92
87
99
113
106
99
113
100
119
113
120
107
102
109
105
112
99
113
112
114
93
83
111
58
44
100
68
68
95
67
49
51
21
95
26
21
8
6
27
36
31
39
47
40
48
57
60
66
68
78
74
75
72
83
75
75
59
65
21
83
71
85
34
64
15
19
17
53
55
71
79
76
85
82
80
76
104
116
103
108
120
117
102
76
103
101
113
105
107
99
95
102
97
91
96
103
90
100
95
109
101
107
116
115
121
116
89
92
99
63
70
106
97
102
78
99
102
90
81
94
92
95
106
110
95
108
104
84
91
96
108
107
94
107
99
105
101
97
105
83
100
96
101
102
88
65
106
87
105
72
113
104
101
106
97
101
65
79
81
80
101
89
92
104
85
93
98
106
104
89
99
105
107
99
104
105
98
108
100
102
100
101
96
98
98
99
80
96
82
66
53
45
31
62
77
95
100
81
91
55
67
77
77
98
96
106
112
113
124
104
114
113
104
99
88
108
98
115
103
108
99
83
68
102
106
87
75
93
84
102
87
94
102
110
88
87
111
75
1737
1721
1722
473
472
1726
1726
1701
527
528
107
108
130
107
138
98
123
124
139
111
144
144
164
149
125
131
122
135
117
99
136
102
114
109
127
119
138
117
91
109
117
92
120
114
129
117
111
137
98
94
82
86
83
71
73
140
4
4
9
6
6
4
21
37
26
65
52
54
53
90
77
29
33
91
78
57
73
38
21
81
10
6
6
10
4
13
14
37
34
52
40
42
40
54
13
6
8
7
24
5
9
15
8
11
17
35
8
3
3
12
4
6
3
4
4
22
11
32
34
51
65
47
80
60
82
65
33
31
63
19
110
90
108
60
7
3
6
6
30
56
49
72
70
61
49
69
68
47
73
76
106
93
133
132
90
88
35
42
49
42
44
25
32
4
20
55
65
36
57
38
25
16
31
48
62
34
5
27
20
16
21
20
71
74
14
71
16
67
5
7
23
35
33
32
38
56
47
67
65
71
73
71
97
93
93
107
117
115
121
137
97
112
76
96
64
36
19
39
30
122
76
74
55
52
61
60
84
83
103
101
116
126
106
112
83
76
67
31
122
31
54
114
94
61
34
33
44
64
64
78
79
105
118
95
94
116
106
128
96
122
41
112
71
26
56
82
87
12
8
7
6
12
9
9
10
6
9
28
22
23
22
21
33
61
59
74
44
46
60
78
34
17
47
80
49
9
6
3
16
9
25
7
13
48
8
27
38
35
50
50
65
54
57
46
60
43
67
74
12
35
14
76
45
64
5
16
12
8
8
38
40
45
46
63
55
61
58
76
91
102
113
102
142
121
102
120
124
123
137
119
110
139
107
96
116
114
119
106
123
118
139
127
109
126
118
111
121
110
122
124
125
131
117
135
121
122
110
133
127
100
116
99
105
100
104
101
106
101
116
110
114
105
91
98
104
119
102
111
101
118
109
116
125
96
100
116
106
118
106
114
101
115
92
107
110
106
97
119
95
105
102
119
80
88
78
129
101
105
89
132
102
90
89
107
107
95
93
92
109
102
103
96
81
87
103
99
91
103
90
102
91
87
86
91
98
80
88
97
91
96
93
98
97
102
107
99
108
96
88
104
97
98
109
95
67
43
31
84
60
22
104
78
53
95
93
58
85
84
83
76
92
91
113
104
118
111
124
119
125
121
114
122
113
117
110
129
105
119
116
108
121
108
116
109
114
105
90
92
103
76
90
84
77
90
76
96
78
93
93
94
96
107
92
115
101
113
106
106
100
107
100
93
106
93
94
109
97
109
105
111
106
101
107
78
56
39
29
66
17
75
41
97
5
4
15
12
29
45
56
61
47
39
15
60
62
32
58
45
61
43
3
2
4
26
27
39
29
13
15
42
33
35
17
12
13
14
18
20
16
4
13
21
11
13
4
17
7
16
35
47
21
24
23
12
3
5
3
4
5
7
27
27
15
25
19
24
21
7
17
23
33
37
44
51
21
11
49
32
36
38
11
9
34
32
25
43
34
58
56
55
66
46
54
70
71
87
86
86
67
27
72
75
64
47
47
83
7
5
23
22
8
10
26
30
30
15
19
37
35
20
36
30
36
31
20
35
41
33
8
18
17
37
42
51
62
58
48
40
49
25
56
60
37
28
30
3
15
18
17
25
15
19
23
93
17
96
15
32
14
5
21
43
33
20
40
18
34
32
29
20
3
4
25
28
31
33
32
38
47
55
33
61
51
30
31
34
12
9
8
6
15
14
26
42
23
41
38
21
35
11
26
54
20
6
20
18
34
7
22
24
3
19
16
21
28
19
4
16
11
16
22
22
32
31
41
25
60
30
12
12
56
53
32
49
17
27
25
12
23
27
29
20
7
10
31
22
29
22
42
33
39
29
44
53
61
33
33
21
18
50
5
19
26
28
16
23
23
24
20
19
23
21
71
27
62
64
69
44
65
82
79
95
97
101
78
96
98
96
88
103
88
61
65
76
102
92
71
78
110
99
102
111
82
83
90
91
70
103
68
97
87
70
101
84
94
91
89
101
87
95
94
89
111
96
97
107
93
94
107
108
96
90
100
109
100
109
97
107
96
107
100
110
87
100
95
97
13
32
55
73
62
52
80
95
6
4
8
30
7
13
29
29
13
6
5
13
5
5
40
19
42
19
21
15
21
15
3
8
4
11
13
10
33
12
31
8
26
36
48
55
53
73
71
75
84
80
85
100
108
118
67
72
31
61
95
85
106
41
73
89
37
30
48
49
60
50
55
69
81
79
56
103
102
95
119
101
107
69
94
114
104
75
103
93
94
108
99
100
109
84
92
80
94
111
86
99
109
115
101
110
98
113
115
109
101
92
108
95
109
101
110
98
104
97
104
99
46
67
80
63
92
26
32
53
106
5
27
27
26
35
51
48
19
43
17
51
32
54
9
8
32
34
45
26
20
12
43
22
14
14
39
38
35
38
38
3
9
7
24
8
23
35
35
48
65
71
78
92
112
117
123
129
133
127
192
172
188
188
183
152
26
143
171
143
117
39
75
6
61
12
45
7
8
65
3
4
5
7
28
23
25
13
32
21
10
7
8
30
26
8
10
30
55
62
60
57
67
75
79
78
58
110
100
114
29
46
111
5
33
21
58
111
78
4
3
4
12
2
26
20
27
26
25
53
61
63
63
71
64
68
72
78
80
97
91
97
98
107
109
105
108
99
119
115
107
106
120
109
101
108
104
119
126
101
118
106
118
113
119
114
122
121
109
100
118
107
97
107
99
91
68
79
107
103
14
89
94
76
30
48
63
21
50
16
10
6
8
9
20
30
29
49
54
55
57
73
14
26
36
11
55
57
49
39
53
12
12
28
46
45
33
48
18
16
67
38
33
37
6
4
5
3
20
23
28
29
35
50
44
61
63
73
48
64
46
80
90
62
81
64
47
82
72
20
32
96
82
82
84
67
72
63
84
85
104
104
120
112
126
118
119
106
118
112
110
117
102
118
91
110
105
140
128
121
118
140
139
143
133
151
133
63
113
89
84
89
113
102
107
98
97
110
88
87
105
104
113
102
93
103
104
95
116
100
95
111
103
105
99
121
111
120
107
109
116
110
102
92
82
116
111
110
96
111
102
112
110
77
102
125
60
42
70
87
53
79
35
70
47
92
71
68
67
70
110
110
126
113
123
111
120
116
116
72
67
99
122
37
80
135
88
45
24
9
18
20
31
12
35
16
25
4
3
49
34
56
54
77
75
68
73
22
36
74
63
66
71
3
5
18
6
8
42
52
37
38
41
57
61
20
48
22
47
39
41
40
4
3
3
10
12
20
21
13
35
53
55
27
30
24
46
14
60
30
39
57
17
17
22
29
40
26
16
44
37
3
9
4
35
16
30
29
34
30
28
60
59
62
98
134
88
119
86
101
88
4
1
3
1
9
7
18
21
24
22
10
12
38
38
53
52
60
50
64
67
63
84
87
85
93
54
55
40
81
64
38
79
90
4
16
17
28
14
27
14
28
5
39
37
10
31
42
12
33
37
19
22
20
34
8
3
5
23
26
35
31
29
43
45
46
56
56
57
55
58
60
78
71
80
87
77
99
96
92
89
79
90
85
94
81
88
83
89
99
101
101
105
90
93
99
107
103
115
113
105
98
99
106
95
103
99
87
97
90
97
83
124
138
129
137
133
140
133
148
135
143
95
97
83
98
92
95
89
96
93
98
87
100
90
95
94
88
93
101
102
112
105
105
103
104
110
114
106
109
99
110
106
110
103
90
106
96
96
80
91
96
84
95
88
82
92
92
68
88
94
80
86
97
93
107
94
98
94
102
103
90
98
101
79
94
99
100
103
96
100
95
98
108
106
99
101
71
96
85
73
93
107
104
93
107
98
116
113
108
102
115
106
112
104
110
103
110
103
110
98
113
103
105
117
115
108
106
105
113
98
102
109
107
96
109
96
106
116
107
101
116
104
113
103
115
117
106
113
105
105
114
114
105
115
107
112
105
111
104
109
100
101
108
105
103
108
102
111
104
111
104
109
99
110
103
109
101
104
107
85
103
97
98
91
104
89
100
94
97
112
113
99
112
105
110
97
103
110
109
105
95
107
108
98
110
101
107
99
98
106
103
105
94
105
106
104
105
103
108
102
109
80
101
107
93
94
104
103
91
78
93
95
91
62
93
74
106
92
106
105
104
101
92
106
88
81
96
105
86
91
92
83
24
46
45
88
68
34
24
71
73
87
90
54
53
40
37
39
52
39
104
104
122
116
124
108
129
111
121
122
136
125
131
122
127
103
117
120
106
101
113
115
94
76
97
99
92
94
94
88
103
86
92
85
101
95
100
96
84
89
95
94
105
88
94
80
97
87
88
96
82
54
90
70
73
65
80
89
89
96
90
89
90
90
105
80
106
109
93
108
111
117
100
119
108
120
127
133
115
130
123
111
136
138
111
101
110
101
111
22
50
44
31
86
71
54
78
111
18
31
31
18
15
25
5
14
7
31
26
31
54
52
50
56
71
53
62
74
72
79
85
78
84
73
75
88
83
104
93
93
79
77
73
56
52
77
100
4
8
5
23
34
38
49
60
49
63
71
71
63
61
77
63
67
76
66
39
44
47
78
59
6
2
28
30
37
31
54
52
27
55
25
40
30
53
24
16
19
13
36
46
43
18
15
6
14
33
16
39
67
34
44
46
48
26
36
32
57
35
100
84
62
51
73
72
91
90
108
108
118
115
116
110
109
103
110
101
111
104
108
116
117
110
124
120
108
111
111
114
101
112
100
97
111
104
99
109
29
81
89
96
30
103
54
44
68
62
4
17
27
36
43
33
54
52
63
76
71
75
96
89
79
87
106
105
37
56
67
102
100
76
73
38
105
92
91
77
92
93
73
86
74
102
97
108
101
118
105
97
110
97
96
107
103
94
118
102
115
101
110
88
107
113
106
123
104
110
115
104
101
121
107
117
99
113
112
48
68
91
101
74
58
98
92
85
88
89
94
55
72
70
71
100
94
102
96
106
102
96
103
96
104
99
88
100
87
93
104
88
104
78
89
94
93
87
89
94
75
83
91
99
93
94
105
97
110
99
97
105
82
107
95
83
104
70
91
93
101
82
107
94
108
100
103
96
106
96
113
99
117
113
98
99
104
108
101
115
99
100
68
75
88
98
84
61
70
82
71
61
91
79
86
96
53
25
86
61
77
93
60
32
40
10
9
36
49
60
40
42
44
91
92
108
107
81
22
123
58
51
33
18
58
123
61
109
7
8
11
10
33
29
8
18
49
46
37
11
17
42
57
31
17
29
37
51
54
65
66
82
76
86
91
104
102
105
103
108
116
80
96
108
98
109
95
97
47
98
62
96
34
20
62
32
84
56
3
31
30
54
53
61
59
45
54
21
56
33
51
37
19
31
45
47
67
66
86
84
87
87
95
75
93
102
79
91
100
89
75
89
102
96
76
87
26
92
50
80
40
45
83
26
50
73
63
26
7
9
7
3
4
17
12
6
3
24
15
10
13
4
7
19
19
16
42
8
39
34
14
15
36
36
37
56
76
56
51
71
58
99
83
84
101
84
86
66
65
145
145
124
149
42
67
57
64
59
54
44
96
89
102
90
55
98
57
82
82
95
88
84
83
100
89
91
80
90
103
99
102
111
107
102
120
108
109
115
119
104
110
19727
19734
19764
19771
19759
19773
19736
48
104
52
112
19756
19760
19751
34
4
3
5
7
9
7
19
24
17
26
43
43
53
56
66
73
72
90
87
94
93
107
101
117
116
108
124
115
106
116
113
114
110
119
115
104
122
107
104
110
103
101
112
109
96
90
108
92
55
34
75
23
66
32
47
80
44
99
14
30
37
42
30
29
39
42
44
75
85
87
83
82
69
61
75
82
58
84
80
67
62
85
91
92
85
89
94
101
86
75
86
91
93
65
74
67
84
87
92
91
96
88
87
71
90
83
78
82
65
98
81
94
86
87
99
100
92
91
90
102
90
93
103
103
84
93
97
92
98
95
94
104
84
102
90
91
96
95
72
37
90
49
40
29
55
78
60
8
5
4
11
25
27
28
37
42
53
53
69
64
69
63
77
74
85
83
100
96
98
97
110
107
77
102
97
95
87
100
92
98
96
96
109
96
97
108
95
94
104
107
97
99
109
107
97
106
103
109
101
111
108
112
106
107
113
111
113
107
106
99
115
99
110
98
104
96
104
100
95
106
108
101
104
97
102
96
104
106
106
83
92
95
96
82
98
93
86
100
88
83
99
106
100
92
106
98
114
99
87
108
99
74
102
94
92
73
85
96
102
99
104
106
103
106
111
92
119
89
110
96
105
103
106
110
105
96
98
106
118
116
93
108
95
116
106
120
106
114
68
84
101
69
51
104
98
71
83
73
89
64
65
65
87
81
87
113
107
112
104
111
93
80
60
94
52
19
89
49
31
7
20
18
42
19
35
34
32
10
28
9
9
18
39
37
63
59
66
78
77
90
80
92
102
111
94
93
104
89
76
91
91
95
94
97
87
100
89
99
87
86
104
99
87
91
105
106
92
92
92
96
105
103
90
100
92
99
88
96
90
96
88
96
92
85
94
87
99
80
86
98
66
78
81
88
89
99
90
100
99
118
111
119
111
106
120
99
112
91
96
108
106
99
109
94
111
97
113
111
111
113
96
112
100
84
99
110
97
110
96
105
94
108
111
116
114
95
103
102
90
78
83
96
73
84
100
104
103
99
103
107
100
114
123
126
118
109
79
110
121
99
91
91
102
111
110
106
103
88
107
103
102
106
102
106
105
99
104
114
102
114
101
111
99
114
110
123
118
101
112
114
105
103
113
96
110
113
106
112
114
108
96
107
94
84
102
104
97
112
105
105
116
123
113
122
113
115
105
113
104
113
103
107
114
118
112
116
111
111
77
107
99
83
100
86
96
83
76
92
102
106
88
107
98
115
114
111
99
107
101
113
100
113
101
112
102
119
116
110
107
115
128
109
120
112
107
107
117
120
123
113
94
117
117
111
115
101
86
105
98
97
104
95
95
103
109
98
100
107
94
103
108
107
102
107
100
100
110
97
105
105
90
94
100
89
86
93
102
89
100
91
106
96
101
90
101
99
98
100
102
100
103
97
91
106
95
103
97
77
96
89
102
97
83
34
84
95
48
77
51
37
61
83
51
108
79
78
78
94
64
73
73
40
73
23
35
49
65
54
73
3
26
17
21
48
62
75
74
86
96
81
92
110
105
107
112
52
107
40
98
35
73
61
93
26
6
14
4
40
23
30
49
46
34
62
29
25
50
55
59
29
4
15
13
24
32
29
6
18
14
4
3
13
16
23
32
27
46
55
49
60
54
81
76
76
74
91
107
100
101
112
88
96
100
67
80
47
68
19
61
50
32
4
18
20
6
8
4
3
18
25
18
18
21
42
40
17
35
25
15
37
39
58
19
64
32
68
46
32
30
32
63
50
64
73
73
77
85
66
69
88
91
88
93
59
78
92
82
85
84
97
86
88
95
95
101
92
90
107
100
90
94
92
97
99
88
99
99
96
96
97
98
92
102
93
100
91
93
100
100
100
108
106
93
104
111
101
113
105
116
106
113
108
111
97
99
104
94
107
105
97
101
106
101
108
107
116
101
113
106
110
116
110
98
113
100
108
112
94
107
71
80
93
62
85
95
85
81
97
106
89
109
83
114
28
45
73
108
100
107
67
14
15
10
5
19
29
19
9
28
13
15
19
11
16
10
14
11
12
13
8
12
27
16
13
26
71
15
53
50
5
5
4
3
5
4
7
6
5
30
13
24
27
34
35
26
32
19
2
6
6
115
5
6
2
13
12
12
13
6
10
20
22
10
12
9
37
46
53
65
15
26
23
50
46
51
34
74
83
55
37
47
60
66
76
80
73
66
68
67
67
52
86
70
88
40
52
78
41
82
83
101
103
102
103
108
132
116
100
123
109
88
108
101
78
109
92
39
109
28
74
72
60
64
14
12
15
54
49
52
36
11
7
4
4
12
13
10
7
35
65
61
59
78
79
72
76
67
112
90
78
100
109
108
86
102
25
66
40
110
20
138
123
22
6
17
16
22
17
5
4
20
19
16
18
9
5
24
18
24
37
20
56
55
58
71
53
69
64
81
80
99
93
81
97
83
92
67
49
91
15
98
71
67
11
25
38
28
40
38
55
51
28
51
49
46
17
52
3
3
18
13
14
15
11
15
10
15
13
25
17
14
26
86
93
98
109
39
51
62
62
65
82
85
93
86
82
103
75
43
94
97
22
21
103
66
57
5
10
12
26
16
23
14
58
65
66
46
46
48
50
52
54
56
47
44
3
14
5
11
5
3
16
3
21
17
11
25
29
27
19
16
4
3
3
14
12
18
31
18
43
37
55
50
53
71
63
66
79
88
83
95
87
68
82
86
96
98
101
87
103
88
89
89
103
81
93
99
92
88
98
89
83
89
81
84
77
84
98
93
94
101
110
96
92
96
95
80
87
94
88
99
90
107
93
102
94
99
99
102
109
89
97
101
110
97
97
109
100
96
102
95
89
111
93
102
90
93
89
102
92
89
95
82
94
100
92
102
94
91
98
95
76
98
94
84
78
96
77
87
93
89
88
87
96
77
81
93
85
75
70
76
84
90
83
74
89
75
76
112
106
40
87
63
66
105
15
94
78
27
76
6
9
7
19
33
42
43
59
58
55
82
78
92
102
100
86
80
35
21
91
57
49
64
34
2
5
34
38
31
41
42
40
29
41
28
30
14
44
46
7
14
32
30
40
32
50
49
68
70
83
73
69
85
82
80
89
92
107
101
103
97
103
94
105
97
107
98
104
101
96
102
84
104
87
95
87
105
92
94
108
109
95
107
101
109
101
104
97
96
101
107
104
108
105
105
102
100
107
110
112
85
98
106
108
94
106
90
98
86
104
90
95
94
98
90
100
97
97
105
102
94
103
101
109
100
114
113
100
92
110
116
103
114
104
85
97
105
93
111
108
107
115
98
109
108
125
104
115
110
115
115
119
107
112
78
91
110
95
97
109
103
98
113
101
103
100
127
100
112
108
100
100
105
110
103
97
106
85
105
98
100
94
89
88
78
87
95
100
94
93
104
96
60
75
92
99
94
100
93
90
101
103
98
101
94
95
92
109
112
118
106
103
117
116
106
125
111
123
112
120
112
120
110
117
109
115
109
114
111
109
100
88
84
104
101
83
97
91
106
92
104
80
77
97
76
75
75
92
86
87
82
91
91
95
83
77
97
91
102
97
108
116
109
115
119
116
128
123
135
124
127
118
123
121
82
116
107
91
97
102
90
85
88
99
105
107
101
25
81
49
22
64
83
36
103
53
92
12
7
5
10
4
10
7
24
44
36
53
52
62
61
70
78
80
98
96
105
89
91
95
118
94
27
106
63
21
71
83
52
120
67
4
3
19
22
34
36
42
40
53
63
74
73
79
93
96
83
98
92
107
99
121
121
119
109
116
108
117
103
107
116
108
100
105
96
108
94
110
97
95
104
80
99
87
80
72
81
88
75
94
96
92
102
98
95
74
78
87
91
88
96
74
85
97
70
70
88
88
96
103
92
101
89
74
94
90
104
91
109
100
114
105
120
111
110
110
93
105
75
88
42
67
96
53
84
80
68
71
74
77
68
52
53
102
64
93
5
4
20
18
23
38
27
41
60
45
28
18
26
49
16
12
46
39
10
18
26
20
8
18
21
24
15
31
28
20
13
24
44
43
42
68
55
58
77
82
75
95
98
112
103
115
116
110
119
122
113
118
115
129
115
127
126
112
116
118
115
122
117
84
77
99
104
94
106
96
106
105
110
103
110
107
112
110
101
111
103
110
110
105
126
103
119
120
104
117
110
117
103
120
110
110
111
106
76
83
92
90
68
55
89
87
79
69
62
87
68
86
73
86
73
79
82
94
64
82
81
99
97
104
92
109
81
82
84
98
107
94
100
110
82
98
103
93
100
99
104
101
109
108
112
98
106
96
104
111
104
126
118
116
117
101
111
127
108
117
112
101
105
111
111
107
114
104
106
114
84
100
105
96
96
88
104
97
88
102
93
68
74
74
89
87
85
89
76
68
76
42
41
87
86
98
89
88
65
59
88
87
107
100
109
93
101
96
104
104
112
101
100
102
104
102
109
104
95
98
100
96
92
105
99
85
97
92
80
52
87
67
29
66
79
58
37
27
41
3
4
3
38
12
11
9
14
4
14
8
32
52
42
57
73
72
71
93
53
17
92
99
44
32
90
62
70
94
20
2
3
18
20
26
50
39
31
63
50
48
53
49
75
80
70
83
88
93
69
90
59
87
71
90
90
82
106
87
91
102
80
104
112
100
103
98
106
103
105
90
103
91
89
102
101
104
109
94
108
105
109
97
112
126
105
107
114
110
96
114
101
111
112
99
113
107
105
97
106
86
104
103
104
101
115
100
111
105
107
105
100
108
94
108
97
101
95
107
127
113
115
99
89
107
104
106
93
80
77
61
64
56
69
75
78
85
78
77
87
82
82
80
83
70
84
66
67
58
70
82
69
92
92
80
86
78
125
127
125
112
113
100
114
113
73
113
90
80
102
89
106
101
109
108
104
119
120
110
108
97
93
99
96
96
84
106
622
607
576
599
618
609
586
572
565
618
9
26
28
43
59
81
67
78
93
85
66
98
100
103
111
118
124
122
115
121
96
112
114
131
102
128
114
94
130
148
123
138
144
133
136
111
118
126
135
130
87
113
60
120
58
102
35
89
50
49
49
68
121
133
5
28
29
29
55
51
67
67
77
70
81
74
88
101
99
96
104
100
87
112
102
87
85
70
89
102
106
89
104
102
88
94
86
99
93
94
98
86
104
90
102
96
103
93
97
93
79
88
71
89
81
84
88
83
76
82
78
98
93
77
82
82
97
92
93
99
39
81
61
18
49
70
74
38
35
54
53
61
58
81
80
99
100
100
99
93
55
81
86
16
46
21
76
33
4
14
13
36
34
30
31
43
75
82
74
92
61
83
58
74
81
90
93
83
73
66
49
88
79
88
87
100
95
98
91
97
96
98
96
97
104
104
96
107
98
101
91
103
93
107
96
21386
21428
21417
21416
21446
21438
21443
21436
172
21448
166
118
130
99
82
77
62
57
51
43
90
105
3
5
5
22
4
4
17
26
19
6
26
25
30
27
45
34
28
34
41
12
33
41
41
44
50
48
34
12
46
57
62
71
42
46
64
63
72
62
70
90
89
94
74
76
88
64
99
63
101
57
100
92
83
90
83
53
67
69
162
161
176
167
171
182
168
169
166
175
102
88
102
98
93
114
95
99
112
97
90
78
57
59
40
75
109
104
101
89
45
71
71
98
97
112
124
118
128
121
138
111
120
106
93
112
98
105
78
85
52
98
49
26
68
33
68
3
4
4
24
9
7
12
7
12
10
5
4
11
14
15
33
23
4
29
13
26
21
24
31
47
16
14
11
11
27
29
10
18
19
34
42
49
25
30
23
37
34
54
26
51
37
8
16
16
20
17
34
32
32
42
41
50
66
38
51
30
42
15
16
44
51
3
4
14
13
4
4
2
16
15
20
31
40
41
51
52
11
53
17
37
43
41
22
4
4
21
4
5
4
15
18
26
21
38
52
67
65
72
86
78
88
87
97
86
95
105
117
91
104
100
101
84
84
100
97
95
91
102
95
91
109
91
97
107
108
99
112
102
112
110
118
111
118
116
102
109
115
107
90
106
115
115
97
104
115
118
97
116
104
104
116
118
109
116
113
118
116
108
115
118
108
116
104
117
104
119
112
115
76
93
82
88
100
112
109
77
84
80
89
87
78
61
43
87
53
24
86
50
48
2
4
24
14
21
32
30
41
36
55
47
45
26
61
26
16
49
60
59
11
6
30
29
12
17
16
3
13
24
16
13
21
3
16
20
21
39
32
31
31
34
59
67
71
69
61
69
52
54
81
80
96
93
92
92
71
105
87
87
107
100
109
112
99
115
93
112
102
98
108
101
107
97
102
112
98
111
113
96
125
88
80
96
99
78
86
84
83
76
76
70
96
79
101
100
111
74
52
58
28
106
87
38
108
76
65
10
11
12
41
7
7
5
22
32
30
23
32
8
24
24
34
44
41
38
34
30
52
36
41
4
9
6
4
4
13
18
25
20
38
35
53
31
47
30
45
74
60
72
71
84
76
91
83
87
74
68
91
79
67
79
101
87
87
90
73
78
74
73
92
93
111
93
108
115
103
117
108
107
120
112
103
104
104
115
107
93
112
109
106
99
114
102
114
100
94
103
112
103
116
106
116
109
115
111
105
101
121
113
121
113
106
110
115
122
120
106
133
103
108
113
106
120
108
105
102
66
98
105
80
96
102
96
104
100
97
88
67
88
87
104
98
90
91
80
84
93
91
106
92
91
109
38
67
33
86
57
45
18
76
5
20
21
13
40
40
51
58
54
61
18
60
50
47
34
21
15
35
43
18
13
16
19
21
16
3
15
15
27
21
24
19
20
22
40
37
53
54
68
63
59
72
72
75
80
77
95
72
53
91
71
41
6
17
25
35
24
46
62
60
97
99
114
80
95
50
79
64
92
46
83
76
12
42
2
7
6
13
6
16
18
10
7
11
4
4
9
8
11
3
9
13
13
11
18
3
3
5
3
2
16
13
9
2
55
22
24
27
17
20
18
19
15
62
7
24
24
24
26
23
52
12
35
36
37
24
27
34
12
8
14
15
24
26
14
17
11
9
15
17
14
6
34
32
30
18
26
22
7
20
27
22
41
46
46
46
56
70
75
70
86
87
83
56
82
82
70
59
94
93
86
91
71
83
79
70
72
62
85
56
107
93
103
83
105
84
84
105
104
124
115
95
107
121
102
114
104
108
104
92
103
82
96
92
838
826
837
838
839
828
822
838
96
846
115
103
121
108
128
108
61
119
108
67
86
18
105
51
128
36
3
15
17
27
32
37
56
53
60
76
76
95
82
96
47
41
39
88
78
108
88
106
58
70
5
3
8
25
6
12
14
30
8
33
19
37
10
5
35
48
50
52
60
57
61
43
46
63
75
86
44
39
71
57
117
116
114
130
134
128
90
104
102
118
116
109
123
109
95
121
102
116
122
108
125
108
119
111
126
120
131
119
127
118
122
117
133
141
132
132
148
134
139
138
134
126
112
124
109
120
109
115
104
114
101
107
92
103
89
98
84
86
62
97
54
69
80
98
89
104
91
100
101
102
102
120
101
113
105
110
106
106
108
97
99
92
93
100
99
82
93
111
98
102
97
104
97
113
97
105
107
96
98
110
108
96
76
96
90
105
95
104
98
86
105
100
104
112
78
108
96
102
88
94
100
95
91
90
97
77
102
118
84
111
123
123
123
139
127
120
104
103
102
94
94
97
88
91
95
85
94
87
81
92
89
100
93
93
99
106
92
105
102
98
107
100
103
100
85
96
79
93
88
91
99
101
91
111
102
120
103
110
81
102
103
90
91
105
104
89
85
96
110
101
117
115
110
101
109
110
80
86
115
106
105
100
103
98
104
96
104
78
76
97
92
82
106
89
68
97
86
84
86
105
105
96
102
103
96
106
94
107
100
101
104
89
111
95
92
80
97
72
99
86
88
103
86
98
84
77
98
96
91
102
97
102
98
82
91
102
97
89
97
86
88
96
96
104
102
82
89
94
90
72
83
95
83
78
75
86
85
78
71
72
95
90
98
94
98
93
104
109
114
111
101
106
100
114
99
100
108
99
93
99
104
94
84
102
97
91
94
94
104
99
112
99
96
97
113
101
117
101
111
99
119
118
124
116
113
122
113
122
105
107
119
98
99
97
87
101
73
56
46
88
87
63
70
103
90
99
115
64
64
81
82
94
79
93
93
84
102
94
102
93
104
97
95
109
109
103
103
113
118
94
107
108
91
103
116
109
114
103
104
103
114
92
121
97
101
110
92
96
106
104
95
89
94
80
79
72
54
80
83
93
89
85
106
96
104
87
89
89
94
71
77
40
98
56
51
22
108
87
82
70
85
101
99
80
82
97
106
102
114
94
116
113
96
58
62
45
29
98
42
78
86
3
14
8
7
11
35
26
37
36
40
48
38
53
46
61
54
76
62
75
98
99
100
99
113
105
107
100
114
109
96
92
98
93
94
96
85
77
88
102
93
89
102
92
80
53
58
97
66
89
77
94
85
111
112
97
92
115
115
114
128
102
127
116
104
119
109
118
119
93
113
118
100
111
83
107
95
102
93
110
119
101
104
114
114
100
99
112
109
102
91
78
93
102
100
112
123
100
111
124
122
120
107
116
117
104
90
103
78
83
91
88
91
85
93
85
72
55
105
98
107
96
94
86
112
99
100
103
100
85
101
95
104
113
103
95
114
108
98
100
109
106
97
105
92
88
105
91
95
106
105
93
97
90
102
100
96
67
55
87
79
92
105
93
108
93
102
111
92
123
106
106
119
118
111
124
113
124
93
117
107
79
100
95
101
92
98
90
98
83
92
92
102
106
99
95
90
98
93
97
101
88
98
108
114
102
97
96
90
105
78
99
101
100
96
104
97
111
93
70
102
81
99
101
89
104
98
105
71
82
83
84
107
104
114
100
96
108
100
97
115
116
104
85
71
75
92
105
96
78
72
57
57
58
90
38
