17
20
37
48
50
51
51
64
66
80
104
64
93
78
76
100
98
92
54
74
65
94
95
87
72
98
57
70
62
78
82
77
94
101
121
95
96
88
113
107
111
115
90
113
122
85
104
111
109
102
105
92
89
87
99
56
56
51
90
99
81
51
95
66
69
72
7
4
19
21
31
51
9
54
59
57
48
52
62
17
44
30
23
50
16
60
51
224
243
94
92
109
129
128
123
133
139
133
139
113
198
228
128
191
107
198
125
136
136
108
158
139
127
137
122
120
123
119
125
102
116
119
109
125
128
139
102
118
90
131
150
122
150
172
14
133
143
15
190
180
8
6
12
10
4
3
4
25
39
54
52
70
80
78
91
92
95
97
95
99
91
80
108
101
83
97
90
102
91
85
85
106
92
62
57
92
64
15
56
50
85
22
28
7
16
15
12
4
6
28
30
29
43
40
37
29
32
28
5
22
39
47
57
57
77
76
82
92
89
110
100
113
113
106
109
103
99
108
106
106
98
104
80
94
115
105
112
108
109
89
96
103
93
100
96
106
96
109
100
103
99
94
96
108
101
94
109
94
97
96
102
90
101
92
81
100
87
90
82
95
84
95
96
96
69
71
27
42
88
51
59
34
70
6
10
8
12
4
14
15
30
34
16
11
22
25
5
16
31
33
31
13
22
34
24
35
23
13
13
11
17
42
55
49
58
65
71
63
71
84
81
72
78
58
75
82
29
15
48
81
43
5
18
39
37
41
39
55
50
69
68
85
84
102
91
87
90
89
99
95
79
99
103
95
78
59
61
93
61
91
99
82
94
83
77
91
65
79
67
78
66
78
86
82
92
80
75
84
77
84
84
91
82
76
91
79
81
96
94
86
94
82
79
85
91
76
79
85
75
69
86
80
83
78
85
73
92
90
91
94
71
87
99
68
72
85
92
81
90
81
70
68
68
83
87
89
76
83
87
93
85
75
85
86
84
77
78
84
85
77
60
86
75
82
76
75
89
78
82
86
86
69
67
83
73
66
73
84
82
76
82
76
83
81
85
82
80
95
90
93
93
100
98
88
101
72
101
99
76
84
78
4046
4047
0
4067
4063
4072
4087
4081
4094
127
115
127
110
137
127
108
110
99
123
122
121
111
130
121
108
122
111
100
83
107
97
86
104
114
107
101
99
108
117
101
113
122
97
89
95
92
82
3042
3028
3033
3027
3073
3066
3060
59
46
43
93
3031
43
108
3052
58
44
35
60
44
38
156
155
186
135
102
108
110
141
143
33
80
99
131
123
59
84
142
5
21
24
26
32
20
41
18
33
44
23
32
45
46
51
68
71
54
58
85
85
96
85
97
111
99
81
89
86
87
68
54
50
42
45
85
90
5
25
43
50
47
68
66
82
84
79
95
105
109
110
70
55
28
17
12
75
42
45
89
97
5
20
35
45
37
33
28
17
43
19
47
31
24
3
3
3
10
31
36
27
16
41
18
15
25
38
24
47
5
17
16
39
31
21
12
10
36
37
34
13
8
26
28
47
47
46
64
63
81
78
82
83
58
22
89
90
50
31
17
77
93
68
38
3
2
12
19
6
7
47
45
49
59
58
70
68
79
67
28
76
53
39
54
24
78
3
4
5
23
23
28
37
29
29
48
56
28
62
26
59
22
20
45
49
4
17
26
32
31
40
42
41
43
60
65
56
49
66
65
74
63
93
82
91
93
72
91
88
91
73
73
90
85
61
51
69
79
73
93
89
106
72
79
74
73
84
86
95
95
104
94
101
90
97
102
97
106
106
95
107
96
103
85
48
96
19
76
56
34
65
29
4
17
25
33
36
48
49
63
56
66
80
79
85
82
99
88
92
94
94
80
94
76
88
84
74
95
65
54
72
69
88
86
87
96
91
103
82
80
98
99
112
90
94
81
103
79
86
90
89
99
99
94
97
122
101
116
109
120
112
124
108
119
111
95
111
107
114
72
80
92
77
92
86
95
88
99
106
110
87
95
112
95
92
106
103
82
92
93
88
87
98
95
88
88
96
85
81
84
92
79
88
91
79
84
92
96
88
98
94
74
102
98
99
93
101
91
99
89
84
90
98
92
102
102
105
97
104
107
110
102
110
103
104
83
96
78
70
89
101
84
102
73
84
91
87
96
77
87
76
88
73
75
89
68
85
72
80
81
80
89
74
91
86
93
94
104
101
104
94
96
108
109
101
98
109
109
100
110
106
109
103
107
110
111
105
109
106
110
103
112
105
110
101
109
106
114
107
112
104
102
106
107
97
110
102
108
106
107
105
111
109
111
102
103
110
86
98
105
109
96
111
97
106
93
108
99
115
114
110
103
110
108
109
102
105
101
104
100
91
102
107
104
112
109
112
105
112
106
116
108
108
101
104
94
106
103
106
104
105
98
104
102
104
106
85
101
106
94
109
89
104
92
100
98
99
83
104
96
113
98
117
100
113
109
113
106
111
105
111
104
104
107
107
104
98
90
107
113
98
97
112
101
117
99
111
115
106
106
103
106
98
104
101
101
100
102
105
102
84
95
110
94
101
95
109
92
104
57
79
76
53
98
69
93
88
90
93
61
91
78
74
90
90
101
90
101
82
98
95
106
106
96
112
96
90
107
98
69
81
100
91
95
89
102
87
76
77
91
90
98
92
99
86
87
95
91
83
95
84
102
90
103
92
88
92
102
92
103
97
84
80
91
82
80
94
85
100
97
98
100
99
100
86
80
97
89
93
82
79
91
80
89
96
106
98
106
87
98
99
104
94
86
93
94
84
96
87
98
89
100
99
95
109
98
108
108
93
117
111
114
107
113
108
110
109
115
113
101
91
98
87
101
90
103
91
90
102
87
95
97
113
96
96
103
104
98
107
98
95
70
87
74
93
92
88
90
76
77
86
84
83
88
75
95
86
94
86
86
100
104
84
102
93
87
89
95
79
88
30
15
30
51
28
61
70
4
5
13
8
15
16
27
26
29
13
27
30
9
17
31
9
19
18
7
21
11
14
22
22
22
46
29
9
36
8
32
12
45
4
37
36
40
42
38
48
44
45
66
73
73
78
72
50
48
51
67
67
79
66
83
71
81
92
78
48
36
65
62
17
90
41
27
85
9
12
9
29
30
12
5
2
4
10
12
14
14
82
47
9
29
15
8
28
11
4
6
23
20
30
23
40
30
35
19
16
21
4
5
7
38
29
39
40
53
67
58
68
67
74
72
77
85
44
34
63
66
78
91
65
95
17
3
18
16
25
26
41
40
49
46
60
58
78
71
88
77
85
86
81
89
97
106
74
94
106
94
98
88
106
101
93
89
81
89
97
97
98
103
95
100
97
93
101
92
56
89
68
100
80
94
84
88
92
81
89
84
86
81
105
93
81
78
91
74
81
86
93
84
98
93
82
92
88
90
89
84
80
91
95
104
105
101
90
96
95
103
111
98
103
93
86
93
82
76
86
99
76
77
89
93
82
93
94
98
82
78
54
35
26
83
48
60
61
5
3
13
15
31
24
41
40
41
51
62
52
64
60
73
78
77
83
79
75
81
89
84
98
96
106
97
94
110
104
88
113
86
102
80
101
68
52
23
77
94
27
91
73
81
37
24
63
36
50
92
62
77
78
73
72
80
74
91
91
101
90
100
91
8241
8358
8388
8396
8386
8390
8376
8388
8409
8406
247
145
116
97
115
115
123
109
77
88
78
70
97
88
97
85
87
103
101
94
97
109
118
101
100
98
101
99
75
59
71
76
96
52
39
114
75
82
80
60
56
61
58
67
61
86
87
103
91
97
101
75
103
95
93
99
97
92
101
89
95
88
90
95
89
100
90
92
81
78
91
74
91
92
85
69
79
85
73
76
97
82
69
54
30
95
78
36
78
36
19
59
3
4
4
3
31
18
30
31
42
46
45
63
71
70
76
78
75
76
78
90
94
89
109
107
104
107
98
103
99
101
94
91
94
96
101
96
104
113
103
107
102
114
104
118
102
109
107
110
113
106
113
106
112
105
113
107
114
110
112
114
101
88
99
108
105
95
105
95
110
91
100
94
97
112
105
98
104
102
94
105
82
94
102
93
102
107
93
110
94
112
98
99
114
110
100
110
96
108
103
110
102
109
107
112
105
112
106
105
113
112
109
111
107
111
104
111
105
110
101
110
99
112
104
112
99
108
88
97
106
94
106
94
106
94
99
95
98
99
107
105
86
96
108
104
98
110
98
114
100
105
112
111
100
116
104
117
106
120
114
119
111
121
111
116
107
114
105
110
113
99
111
109
101
108
96
108
101
105
109
108
98
104
111
111
103
110
103
111
101
113
107
113
109
113
110
107
115
112
106
111
103
111
105
102
109
108
96
109
102
102
110
104
102
102
98
104
97
105
99
107
95
110
104
113
105
111
104
111
98
111
99
112
100
112
105
113
106
115
107
114
107
114
108
115
107
111
104
111
103
109
103
110
102
109
107
113
106
113
106
113
107
114
107
103
111
110
106
111
99
111
103
107
109
109
100
108
102
100
105
97
97
105
80
95
107
94
94
105
99
93
108
99
110
98
106
103
106
96
106
99
104
97
98
104
104
93
103
97
105
98
105
107
84
95
102
96
97
95
100
88
104
94
98
97
103
92
104
92
69
82
89
102
100
88
80
41
97
58
56
67
87
60
89
78
83
45
57
57
76
76
92
100
89
92
92
103
94
104
91
89
53
68
44
31
43
80
27
100
82
28
64
4
4
19
3
32
30
30
28
40
35
27
51
63
63
42
34
25
25
17
27
60
57
23
4
12
3
20
28
23
27
14
44
43
49
32
29
12
25
6
16
20
21
11
30
30
3
22
34
38
50
62
62
57
55
53
71
67
80
83
94
84
88
98
96
97
111
103
109
71
92
48
60
28
74
101
18
54
34
3
17
18
23
41
28
42
47
52
69
77
66
58
64
78
74
52
77
60
67
81
92
84
94
73
78
70
77
79
52
31
77
103
77
69
11
36
10
38
37
10
8
11
32
35
9
15
12
24
41
26
26
37
49
39
18
43
56
13
52
14
24
7
6
4
25
19
25
8
27
11
4
14
11
4
7
5
6
16
11
36
34
37
48
41
42
65
45
52
41
60
65
63
19
2
3
3
12
21
15
39
42
40
53
51
64
43
19
68
70
57
42
59
15
73
34
18
51
50
70
69
86
82
87
99
96
108
116
119
106
103
107
104
113
97
110
106
111
111
102
112
106
113
100
108
115
97
110
96
104
102
113
100
106
104
99
107
107
94
104
106
103
107
105
93
107
103
101
108
105
96
95
106
111
99
112
104
114
104
116
102
115
112
107
113
115
102
115
113
117
104
116
114
112
114
110
103
109
100
108
97
106
106
98
110
103
117
102
102
115
110
107
115
106
112
99
112
100
113
102
114
106
113
101
114
112
112
105
109
102
88
97
104
90
94
107
104
101
106
92
106
100
93
108
89
100
107
98
107
110
96
101
81
100
111
88
106
100
106
96
99
106
117
107
121
123
112
108
121
108
120
109
117
108
97
124
106
92
107
98
93
95
89
78
94
95
93
90
104
98
88
99
86
103
98
75
76
79
63
55
49
85
49
81
96
12
23
33
24
29
31
54
64
69
83
38
42
46
71
69
61
65
56
16
50
4
3
12
9
24
38
59
45
44
57
64
66
76
73
88
92
91
117
112
101
95
120
95
117
107
118
101
106
119
103
102
97
87
111
104
100
63
14
59
23
20
80
88
79
32
70
4
15
15
24
13
31
20
10
13
56
20
63
17
47
27
16
9
8
5
7
8
24
12
9
5
4
12
19
16
22
22
6
25
23
20
4
14
12
49
34
47
62
61
74
69
71
101
102
105
78
102
41
26
15
93
50
64
61
4
20
20
45
42
40
68
45
55
82
85
86
105
63
81
97
75
96
86
66
86
91
83
94
78
60
53
86
85
90
90
101
113
115
114
127
117
115
100
111
119
124
108
108
117
111
112
124
115
120
118
115
122
108
116
105
113
103
87
101
109
105
97
101
94
96
104
110
98
118
103
120
103
111
91
100
115
109
100
123
121
119
121
123
113
125
138
106
103
81
91
45
69
51
76
83
70
90
57
97
105
107
108
59
105
65
89
89
97
84
105
101
100
104
106
100
90
78
96
86
100
91
96
91
97
102
119
111
127
111
122
114
122
108
120
109
111
98
111
109
84
108
95
99
93
88
101
77
97
85
69
67
85
92
88
91
83
89
82
69
71
59
87
94
62
75
89
86
96
91
105
103
110
94
103
97
110
103
102
86
105
104
91
91
103
95
101
99
106
100
118
120
101
61
68
137
88
23
125
81
32
109
10
17
27
24
7
9
36
28
26
8
9
31
28
43
48
52
63
63
73
72
73
88
23
56
67
41
79
20
71
82
88
43
16
6
13
15
12
10
12
3
2
23
22
22
22
39
36
47
38
47
52
52
66
76
65
67
64
75
73
51
47
79
62
65
40
76
77
9
6
29
39
22
33
24
47
47
50
62
62
74
65
66
89
87
102
88
104
99
106
99
110
103
107
104
95
74
97
94
91
102
96
45
34
28
82
15
64
94
71
59
104
12
13
26
30
43
39
47
26
45
10
40
23
5
21
21
26
38
10
25
32
12
35
17
4
12
24
29
45
42
50
57
63
62
79
18
76
67
49
55
55
46
66
32
6
20
43
40
52
51
70
61
64
78
19
73
42
31
83
53
64
80
9
8
25
32
43
39
44
43
55
53
47
58
50
55
83
85
79
79
48
71
64
48
51
53
44
24
75
73
63
33
5
5
23
25
24
28
26
7
21
4
3
7
20
32
29
35
33
37
58
58
56
71
65
52
55
74
28
18
51
39
39
18
26
4
6
6
4
28
21
32
43
36
47
49
26
24
44
33
43
12
37
33
34
41
31
37
39
29
31
72
92
78
48
61
50
57
59
63
99
104
95
72
81
62
52
64
26
45
63
60
58
32
52
25
3
5
3
9
4
5
18
30
29
20
48
45
52
36
53
31
56
62
56
69
63
82
91
25
80
35
38
66
90
75
27
84
91
104
105
50
71
74
73
88
90
106
100
90
40
12
71
97
80
53
38
56
17
4
6
7
14
9
13
15
32
46
44
52
54
50
39
67
39
20
57
47
51
64
65
4
4
4
13
17
3
20
17
27
38
29
30
44
21
57
58
39
29
21
53
57
57
62
70
69
77
76
72
68
76
29
89
44
92
14
62
11
50
60
52
6
17
23
14
25
5
10
19
21
31
31
47
59
58
69
59
57
73
65
74
85
88
88
97
89
96
89
100
104
92
107
92
102
110
107
105
113
90
122
103
52
103
91
39
112
82
11
71
15
14
26
25
37
37
36
38
61
60
64
62
52
66
75
72
78
89
88
89
93
87
79
95
83
96
96
100
88
86
104
91
103
89
93
91
109
98
84
89
109
107
89
91
102
102
89
101
100
98
97
87
99
107
97
103
89
92
93
83
89
97
107
93
109
97
91
95
102
91
100
108
94
115
107
107
113
99
92
99
94
95
109
101
93
84
95
82
71
88
100
91
99
80
79
79
99
93
86
79
91
98
102
110
122
121
129
119
121
130
134
106
109
106
86
103
97
97
103
107
95
107
99
95
101
103
98
101
83
94
100
84
98
85
85
89
78
85
76
76
76
79
30
95
51
50
28
32
67
49
62
4
5
5
17
10
10
8
7
27
5
12
24
27
36
36
30
15
40
27
5
23
13
4
16
19
10
30
39
43
13
32
13
16
24
41
28
6
4
7
27
38
47
23
38
55
27
46
17
35
25
38
50
6
5
6
19
12
19
30
46
38
45
46
33
31
30
27
34
43
41
4
4
12
8
9
22
31
29
34
47
59
88
73
88
79
87
59
89
84
98
87
100
108
99
98
88
81
67
78
82
78
88
99
96
94
105
114
103
116
114
107
94
52
32
57
63
37
21
56
116
9
17
40
50
45
63
59
70
66
83
82
99
99
104
100
92
103
108
113
105
114
92
59
42
107
90
72
54
93
34
4
19
18
25
35
47
46
49
55
62
73
67
44
46
72
57
57
74
54
75
65
61
28
44
50
47
61
71
64
70
74
84
75
92
84
100
98
85
99
98
90
104
89
94
104
85
87
82
56
68
88
62
89
82
86
97
107
92
108
93
101
102
109
102
107
104
103
96
101
100
102
103
100
103
84
78
96
90
102
99
100
92
100
97
114
93
94
93
103
96
105
102
106
93
85
103
91
93
100
84
107
92
102
101
111
98
114
98
111
104
115
114
116
105
111
90
105
118
96
93
107
92
103
107
97
85
105
97
90
96
78
63
67
100
89
82
67
85
79
93
67
78
74
76
77
96
89
86
96
97
94
94
84
95
76
98
89
91
87
97
93
61
90
101
81
84
83
97
81
83
78
87
100
86
93
102
97
109
88
109
53
65
46
94
82
88
79
76
94
77
80
82
97
95
84
94
86
90
93
84
93
94
99
108
98
98
106
105
95
100
87
90
103
90
89
112
97
112
107
114
127
131
110
114
109
89
95
103
102
74
88
94
83
97
88
95
105
114
100
112
107
111
109
113
100
109
101
106
99
97
109
110
104
119
106
99
104
121
122
113
108
89
96
101
70
101
89
103
97
120
112
118
102
114
124
128
106
97
114
107
108
100
109
101
102
83
101
102
96
102
107
91
83
101
107
89
100
84
93
98
85
100
98
98
104
110
98
41
53
84
81
94
21
40
93
27
66
94
58
39
48
32
43
37
9
49
39
40
45
22
4
7
13
13
15
30
14
25
23
18
22
5
4
8
9
3
5
5
4
9
3
7
18
28
19
21
16
16
24
19
5
17
18
23
26
63
59
68
58
54
67
81
79
68
103
81
96
99
109
123
106
110
120
101
102
71
71
98
73
77
104
112
100
92
42
63
67
25
34
49
97
7
18
33
40
20
11
9
39
22
26
34
28
6
8
7
16
30
22
24
23
32
36
32
51
35
49
59
49
44
21
33
17
33
47
23
55
6
10
18
21
21
32
43
52
41
43
39
54
59
62
71
75
65
71
57
75
86
94
62
75
93
89
103
77
88
88
82
100
80
87
90
93
82
83
73
86
86
82
89
83
67
79
83
67
93
82
92
82
76
71
55
73
87
52
74
85
86
76
79
69
73
89
77
87
92
97
85
107
115
99
99
75
92
82
103
108
100
86
79
91
80
79
77
76
62
56
68
84
73
68
68
73
77
56
74
55
76
77
77
82
74
80
77
73
91
19061
73
19101
19090
19101
19097
19135
19127
19125
19125
19135
126
157
130
122
129
107
121
114
104
114
111
103
112
104
105
109
111
101
104
53
73
60
85
116
21
92
29
40
5
17
30
26
27
47
51
42
54
45
11
16
24
19
24
20
13
30
16
23
20
8
32
52
52
63
59
71
72
56
58
32
95
82
13
42
78
96
21
12
59
8
18
30
35
43
37
58
71
70
70
58
68
92
77
94
109
97
107
92
92
81
38
63
103
80
99
93
45
27
25
5
19
31
17
8
18
7
28
10
7
5
14
26
29
32
56
55
69
67
78
74
73
93
92
99
98
99
109
98
86
83
96
62
84
19
33
40
44
67
39
75
18
29
43
45
50
67
69
67
70
70
86
84
84
80
94
86
96
94
96
81
103
86
75
88
44
89
13
55
68
80
3
4
15
14
26
40
13
22
42
16
27
39
26
39
4
12
12
26
23
37
44
21
34
19
9
37
22
4
5
5
17
14
19
19
17
27
7
5
11
6
8
25
22
32
36
53
50
61
67
65
71
82
72
70
34
54
17
68
44
74
21
8
15
26
32
44
44
61
56
75
67
87
81
96
93
111
101
95
108
93
107
88
74
47
28
90
66
54
43
38
48
102
57
46
35
46
45
62
59
69
68
79
77
93
87
95
83
80
88
97
95
100
93
101
92
110
102
117
110
85
106
103
92
104
109
94
101
92
109
98
92
85
74
88
77
93
97
84
86
90
82
95
91
108
99
90
102
99
94
92
75
93
88
94
91
85
96
86
97
78
65
87
113
105
114
100
99
114
111
111
138
120
119
110
122
120
131
122
133
123
121
116
105
108
123
96
114
123
108
110
117
103
113
123
110
112
128
99
109
100
119
102
121
106
119
112
119
110
91
99
114
111
96
97
110
95
108
91
96
90
108
103
122
109
124
110
124
135
126
141
114
126
105
111
117
103
115
103
109
103
93
109
90
118
104
103
112
94
91
38
59
79
103
53
120
29
90
55
54
44
58
42
82
83
46
36
48
107
7
6
11
24
22
10
21
25
15
45
42
59
35
40
68
67
66
68
82
81
94
89
102
98
91
95
85
105
98
106
90
96
103
101
105
103
104
116
108
112
89
83
66
103
104
92
103
90
89
101
97
113
111
125
62
108
87
49
43
35
75
78
100
11
12
9
27
51
70
56
58
69
60
54
97
94
107
105
124
115
119
125
99
101
115
108
123
95
98
107
87
67
68
38
109
56
23
90
66
66
48
25
20
79
19
21
75
28
34
27
7
11
10
31
38
21
27
53
62
67
69
72
48
62
60
71
24
62
65
48
39
61
26
3
13
26
34
42
34
20
38
35
22
12
30
21
9
7
31
32
32
57
55
56
61
87
96
93
96
96
94
69
25
97
67
48
53
64
30
111
4
5
15
37
38
53
51
71
68
43
32
51
38
65
54
64
45
70
4
3
11
26
25
52
50
62
62
80
72
91
84
106
104
120
117
109
117
99
121
33
63
65
68
37
102
84
13
106
3
16
13
25
43
42
58
61
64
74
76
86
74
90
90
102
110
109
98
100
122
118
111
118
115
106
100
115
98
100
113
116
94
120
98
108
94
103
93
87
96
94
92
91
85
65
81
73
91
92
89
89
105
92
107
113
97
61
87
49
109
107
77
63
94
82
76
85
87
89
88
95
110
105
102
82
100
106
110
101
94
101
103
92
84
107
92
106
92
101
109
103
89
111
112
110
95
116
110
114
93
116
120
108
123
125
119
93
110
114
103
104
114
110
108
99
113
99
109
103
100
111
109
108
109
99
95
105
100
107
82
86
95
86
104
101
113
111
104
113
116
113
120
139
118
114
106
94
115
95
107
103
110
100
111
105
97
112
97
102
93
90
98
95
95
87
93
92
92
105
83
105
97
112
106
119
106
119
105
118
75
100
91
54
33
54
48
79
66
127
4
3
5
8
20
8
26
24
45
32
34
59
56
66
64
77
75
81
82
73
81
89
99
96
106
85
109
89
100
105
98
116
115
114
106
103
100
107
129
90
107
123
110
111
98
96
98
100
107
98
94
102
81
100
88
95
96
106
96
91
97
109
103
92
31
52
76
17
109
103
86
62
80
41
15
14
33
34
62
45
46
45
62
42
64
93
91
110
121
91
116
72
68
67
98
78
85
81
103
84
95
96
106
75
85
96
95
27
47
53
19
87
19
50
73
5
5
4
13
18
23
28
36
39
49
55
53
45
48
28
14
21
41
24
5
29
38
16
19
27
11
26
42
32
28
50
54
52
56
75
74
71
82
90
88
87
47
12
10
95
26
73
39
68
65
59
9
12
28
9
31
28
13
22
33
46
45
48
38
70
64
77
77
76
90
101
107
104
110
96
97
99
96
113
111
105
103
110
114
117
112
114
105
114
117
102
112
109
102
111
106
110
103
110
97
101
79
55
52
71
26
69
106
40
21
93
2
3
2
6
4
4
6
7
8
18
24
10
22
4
3
11
20
36
44
46
48
63
64
78
75
78
87
95
78
90
106
69
89
77
94
78
92
82
91
87
82
94
79
36
86
24
59
70
39
41
3
3
10
18
27
45
45
61
56
74
72
81
80
97
106
91
103
109
106
102
109
103
111
76
89
110
97
92
88
99
89
85
38
49
10
18
85
35
74
23
46
21
4
13
11
37
46
35
54
51
53
78
78
95
95
102
113
105
86
91
101
109
103
76
93
62
36
77
49
24
44
4
19
29
37
49
51
58
64
75
77
82
86
96
87
19
45
39
84
55
90
66
50
4
15
16
15
47
51
26
48
27
22
24
20
4
17
39
33
41
41
32
49
67
81
81
95
85
91
76
52
65
73
81
51
83
85
39
74
79
58
24
21
33
51
57
55
60
58
90
80
94
85
101
87
58
59
98
90
85
94
95
88
96
71
83
82
99
84
85
103
104
95
97
85
100
87
98
80
96
92
98
95
94
101
102
117
96
99
112
87
104
98
92
90
98
97
85
97
90
98
81
97
90
107
92
74
99
92
79
62
100
94
101
95
103
97
109
84
101
94
106
99
92
104
101
89
50
87
43
60
100
81
74
94
83
91
81
56
55
70
70
84
81
88
76
79
71
73
73
65
66
85
58
96
88
100
90
89
91
94
65
65
40
60
48
64
38
47
28
14
10
13
7
3
3
13
2
4
3
19
6
18
37
8
25
19
9
11
22
5
3
15
11
13
11
26
15
22
30
4
24
33
27
8
16
21
39
48
31
29
26
15
17
28
50
39
44
4
21
31
26
48
48
62
65
72
62
64
79
91
89
97
83
97
98
86
93
97
87
99
91
105
18
95
69
34
31
49
103
82
84
91
64
8
7
21
6
8
34
18
16
3
17
19
26
18
19
38
52
49
47
63
63
82
79
86
84
82
93
108
110
109
96
93
89
99
91
23
86
85
57
61
65
22
77
35
62
5
17
32
35
17
13
32
20
20
33
5
6
8
6
9
30
7
28
12
10
17
49
48
64
49
51
29
25
33
23
40
48
51
33
4
15
12
32
39
38
43
44
40
67
72
71
76
77
87
86
79
86
100
98
101
104
103
112
102
109
116
105
120
104
88
107
75
95
48
76
93
58
67
19
40
23
9
21
19
19
21
29
16
19
6
16
17
23
22
19
4
5
16
7
16
6
5
15
9
6
15
20
22
24
28
20
34
27
31
33
3
3
2
3
10
14
14
23
24
23
39
40
48
53
49
50
55
71
77
76
89
82
98
90
102
90
93
38
86
81
111
59
20
84
49
19
98
8
22
21
37
43
38
40
40
42
52
35
42
28
44
11
7
8
6
11
11
8
5
4
4
12
3
21
7
5
10
19
29
29
43
42
42
47
66
72
79
74
75
75
86
79
75
88
83
94
99
100
99
107
103
96
86
105
84
74
83
100
85
94
102
92
75
86
88
95
103
106
82
93
58
75
89
89
110
103
111
103
120
114
124
102
229
214
231
220
209
228
217
220
209
23
57
82
72
54
24
216
38
31
10
8
5
10
3
4
6
15
22
28
18
25
34
13
34
18
29
5
3
4
3
19
3
15
26
10
7
22
7
18
27
25
24
34
22
33
30
10
6
5
33
28
9
18
30
8
9
12
17
4
12
10
41
43
62
58
57
72
74
77
86
77
95
94
77
105
90
88
94
44
91
73
85
71
67
84
67
72
41
68
50
18
54
47
63
52
56
3
4
12
5
16
14
4
4
3
12
15
16
6
13
14
43
44
36
56
52
52
69
79
65
33
71
58
71
19
35
70
53
11
50
7
6
21
20
32
39
49
33
33
30
32
30
30
4
18
12
16
39
50
48
57
46
65
44
73
87
87
104
102
115
104
119
98
99
112
107
108
100
102
95
99
112
89
99
91
93
84
98
98
91
81
82
78
80
89
86
102
93
103
101
95
105
98
105
71
76
49
42
61
95
19
87
31
8
33
30
31
22
27
15
10
4
11
13
15
21
12
24
24
21
34
13
31
19
7
19
36
37
44
51
54
48
44
45
17
41
58
18
32
4
3
15
3
26
26
37
52
49
46
22
18
37
25
35
50
3
3
4
18
18
29
29
52
45
56
49
67
50
59
46
24
42
52
38
14
3
15
15
15
14
42
43
59
57
47
59
61
68
69
74
83
68
83
83
95
96
102
91
71
95
94
68
69
81
86
100
97
77
102
93
89
84
104
103
97
95
103
86
67
96
93
98
100
103
95
104
95
115
113
106
98
113
105
115
110
114
106
89
98
100
75
104
105
88
103
87
101
94
112
105
111
114
111
104
115
102
130
122
130
118
123
131
134
124
89
127
97
97
84
103
106
80
105
85
96
94
103
90
94
87
79
86
90
78
102
95
106
98
106
100
109
111
117
116
91
105
101
98
100
88
95
98
85
94
88
89
81
69
98
91
95
84
100
87
101
86
101
92
103
98
87
102
87
93
87
97
93
84
67
85
73
96
91
85
92
91
96
88
101
93
88
94
94
100
95
92
98
99
93
92
86
91
90
98
88
94
80
94
90
99
85
100
89
111
102
93
105
100
107
101
108
94
104
86
82
92
93
90
82
72
91
78
90
114
97
92
107
99
105
75
86
87
98
93
85
78
87
86
100
93
102
95
112
93
96
93
105
100
98
90
99
97
97
103
97
113
95
85
94
105
80
102
94
96
103
93
91
85
83
85
85
70
77
81
85
77
75
75
88
89
72
83
87
81
73
83
86
85
83
75
87
79
81
87
78
97
83
97
85
83
98
85
78
88
83
67
79
75
85
67
76
85
78
79
85
83
79
73
68
90
76
84
76
90
95
98
97
79
85
105
90
86
102
86
89
99
98
87
84
83
88
102
86
89
80
93
85
94
94
100
99
74
96
90
105
89
95
95
89
84
97
72
95
88
94
88
80
90
86
81
19008
19037
19023
19068
19010
19095
19094
19099
19101
167
198
129
130
158
130
139
146
137
124
130
129
136
117
120
118
124
114
107
90
102
104
90
98
94
90
86
103
94
114
106
108
88
106
102
99
101
101
86
155
144
156
149
151
161
152
152
164
160
93
109
97
105
100
101
90
99
98
101
96
81
89
107
101
120
106
114
101
112
111
122
105
107
102
96
100
112
96
48
25
87
32
59
114
74
48
62
5
17
17
22
20
31
41
41
62
50
51
52
58
37
55
68
69
54
50
58
64
89
77
95
86
94
91
88
84
84
97
92
106
96
101
103
93
110
96
98
100
97
106
103
95
95
101
91
102
106
96
105
96
96
106
109
100
109
100
105
101
107
95
99
106
101
94
82
103
93
95
91
94
87
84
97
82
90
93
86
76
75
93
74
41
83
59
87
81
89
89
81
79
85
90
100
97
85
100
89
117
109
118
117
117
127
112
125
95
96
110
101
103
91
100
91
94
101
96
105
104
92
95
107
108
102
109
102
107
104
108
105
108
96
108
107
100
106
108
101
106
99
102
104
96
101
104
88
85
97
90
97
93
85
85
93
89
95
78
97
84
96
91
95
109
93
103
89
96
111
94
102
100
87
85
94
91
102
94
99
88
97
105
80
108
103
113
98
107
99
95
97
108
108
100
115
101
111
96
113
96
106
98
106
99
107
100
109
100
104
98
103
96
83
86
99
101
84
94
70
87
85
89
90
86
99
90
98
89
95
102
97
108
84
101
106
99
94
101
91
101
96
88
97
80
98
93
61
72
32
51
94
15
94
46
81
26
9
6
25
34
38
36
52
45
48
65
67
80
82
25
43
49
47
72
32
76
56
77
14
11
28
27
38
42
25
51
50
10
44
53
49
32
17
4
19
31
45
42
42
63
62
67
78
73
90
93
94
98
95
98
99
97
105
89
96
94
12
72
55
24
57
67
75
94
31
7
5
23
24
15
8
4
10
10
25
24
9
35
16
46
13
26
43
8
17
28
28
31
43
55
64
59
69
72
72
73
76
78
99
91
106
91
77
41
37
56
84
72
48
54
70
63
51
39
45
44
41
40
36
35
54
7
9
6
12
5
19
17
44
40
45
59
63
65
62
88
80
104
102
108
119
126
109
114
121
108
98
105
109
103
118
105
102
115
95
85
82
91
94
92
85
80
95
89
92
97
88
89
93
96
106
89
101
94
107
96
88
101
98
102
111
99
114
99
114
89
102
114
99
114
114
96
97
109
89
99
92
75
89
98
84
68
77
97
92
77
94
94
106
66
73
23
53
94
50
89
61
36
8
5
4
4
3
4
24
34
43
41
61
63
65
64
61
75
50
87
90
85
101
83
92
73
72
80
81
87
89
91
100
87
100
92
101
72
61
88
33
10
50
22
41
69
4
4
14
16
23
37
37
39
56
58
67
66
80
80
70
95
93
104
79
87
63
60
97
102
94
100
112
92
96
99
90
106
104
56
87
73
104
117
70
105
88
101
94
100
96
113
78
72
44
25
74
83
28
66
36
52
87
3
21
17
26
26
25
40
25
22
14
11
10
6
26
26
13
16
18
10
18
18
34
39
50
42
28
24
14
15
24
10
8
7
12
16
4
13
11
18
18
25
38
36
47
56
57
54
63
66
47
45
43
31
47
49
18
15
32
40
42
48
61
60
71
69
85
96
87
105
98
117
109
110
129
115
112
111
112
111
107
105
101
101
100
114
106
115
106
103
97
104
107
88
94
91
79
78
89
85
95
102
89
93
100
96
103
104
96
96
100
99
82
101
93
101
83
100
91
105
101
101
85
101
95
65
87
73
96
96
91
81
100
90
92
98
123
122
145
115
135
116
135
125
138
122
124
117
120
120
107
130
123
129
106
124
104
48
38
40
33
121
44
67
95
104
58
8
11
4
11
3
2
4
15
17
35
48
61
66
58
74
77
87
83
96
95
115
79
85
49
70
41
25
108
99
61
11
9
13
12
5
9
10
30
42
26
32
34
73
72
85
86
84
83
107
107
108
107
112
104
120
120
71
46
98
34
124
84
23
119
55
70
4
7
21
24
5
14
9
17
15
30
41
62
24
25
17
57
51
19
28
37
8
9
19
30
33
33
32
32
45
35
41
72
70
30
80
23
27
40
75
12
62
4
10
13
17
14
7
19
31
41
42
34
65
57
59
83
96
90
62
46
94
25
21
78
6
96
41
101
72
83
18
23
7
100
9
13
10
32
16
29
25
24
64
76
76
102
91
81
73
79
71
46
63
35
63
77
27
22
19
21
42
47
45
44
56
49
73
60
61
86
89
70
86
97
98
104
104
94
112
103
100
97
85
63
95
72
109
67
86
91
83
93
86
84
79
78
86
82
96
89
90
83
90
88
62
96
84
95
90
101
101
109
111
92
101
103
97
116
114
81
94
101
99
103
96
96
104
110
76
94
101
94
111
94
110
94
96
112
97
87
96
96
108
113
99
111
94
96
111
93
84
92
112
94
109
96
112
96
107
102
112
104
108
104
112
104
112
109
110
101
113
104
100
112
102
86
109
121
104
118
106
124
110
110
115
118
109
101
101
116
115
102
113
98
111
99
110
102
110
97
106
111
115
108
109
102
110
103
103
94
100
92
101
95
108
100
107
103
112
113
112
106
110
103
107
110
108
88
0
102
82
96
88
96
99
96
105
102
93
96
83
93
90
90
103
96
100
98
100
112
109
101
96
104
98
78
90
89
98
78
84
97
89
103
95
99
100
108
106
95
96
107
108
96
95
106
97
110
101
95
98
107
105
98
95
103
104
94
103
96
103
96
103
99
84
106
98
115
103
99
86
107
102
94
85
98
98
85
86
86
79
89
73
83
83
90
86
92
92
97
108
106
96
85
90
99
92
99
80
92
98
91
95
102
115
98
105
100
114
107
114
109
103
107
103
81
92
88
106
89
83
103
99
82
95
102
110
80
64
72
89
110
91
92
89
82
68
87
69
70
89
87
109
96
114
105
105
105
117
104
112
101
118
110
97
103
91
92
108
94
103
86
98
80
95
77
84
91
81
97
88
97
96
102
95
95
95
106
84
98
101
94
97
91
100
92
89
75
74
101
75
92
87
80
96
92
89
91
76
103
85
83
83
99
91
104
92
104
97
97
97
87
36
78
93
49
56
24
68
4
7
8
25
31
28
30
32
18
33
21
22
23
22
48
47
63
60
62
83
86
85
86
95
95
104
107
98
113
106
105
118
104
92
47
33
18
87
57
70
39
29
106
21
20
18
43
56
66
66
82
83
80
75
76
102
100
95
105
94
86
97
64
87
22
73
79
55
102
26
47
26
7
6
26
42
39
25
37
22
32
39
38
26
8
4
9
24
37
53
45
66
65
85
83
85
100
98
78
109
102
87
68
63
103
90
100
93
86
99
107
81
92
91
101
78
29
98
62
41
47
99
60
67
72
81
69
12
12
25
65
19
4
3
12
11
3
5
4
22
28
39
40
20
49
44
27
56
13
36
32
34
3
21
30
24
35
42
38
45
53
48
62
72
66
60
54
71
72
16
40
8
65
62
70
68
23
50
3
15
13
22
18
6
8
18
3
15
33
44
45
62
60
78
71
88
86
98
109
104
95
87
34
49
22
66
59
79
31
4
5
21
10
7
14
3
18
19
35
45
57
46
55
60
60
69
75
80
89
99
87
99
83
86
102
95
101
90
105
101
90
82
89
101
102
89
93
91
105
77
78
95
103
99
78
90
83
96
98
75
86
84
89
94
96
86
95
89
97
89
110
95
110
112
93
113
105
107
101
104
94
103
96
95
103
96
84
95
101
94
73
93
96
90
89
99
105
90
86
87
107
106
108
106
95
104
81
95
102
103
84
80
77
95
90
88
90
75
85
82
91
83
96
93
74
88
96
85
96
88
93
90
96
98
96
89
96
90
100
94
80
94
88
96
111
93
103
97
109
102
320
320
462
443
453
448
462
462
458
455
237
192
115
101
114
105
95
105
105
103
89
101
113
97
91
88
96
107
87
81
64
78
93
91
92
74
106
88
76
85
104
120
106
105
91
96
86
94
76
86
85
97
94
99
91
103
90
100
102
98
55
93
61
81
68
94
88
89
83
94
82
84
76
91
95
95
93
80
84
69
92
84
90
92
95
89
97
105
88
104
97
91
101
106
99
83
74
89
96
95
97
94
85
91
88
74
97
93
87
86
92
85
93
89
103
78
88
89
97
107
98
100
94
101
94
104
106
102
94
98
100
90
86
76
99
81
74
82
70
97
90
86
104
103
96
103
112
112
126
100
109
97
108
102
114
106
110
103
83
29
90
96
69
105
67
34
45
16
82
55
42
42
40
22
70
71
90
90
95
107
96
105
112
121
94
105
93
95
105
86
92
94
105
95
101
99
88
81
88
98
102
85
101
89
95
105
106
105
96
108
101
99
86
89
94
97
86
96
84
96
96
105
103
103
84
95
92
78
103
91
93
95
83
94
99
97
106
113
106
108
100
109
96
98
101
79
97
88
82
82
88
82
94
87
94
94
90
98
96
98
106
100
91
98
86
96
93
91
99
79
98
106
88
93
102
92
88
84
110
96
98
99
113
102
94
103
106
117
90
91
85
72
89
83
71
70
89
92
84
91
76
94
88
91
101
94
101
65
39
58
77
95
16
26
46
85
44
9
20
34
30
35
56
55
64
66
77
77
67
87
69
89
93
82
78
89
82
102
88
11
59
18
27
85
61
73
39
88
55
88
5
12
22
18
21
12
26
23
22
25
27
38
39
46
45
47
43
66
64
73
75
76
84
86
89
83
98
32
61
57
73
85
17
94
31
43
16
15
11
8
12
4
15
9
16
14
17
20
28
25
35
39
40
56
55
71
62
80
88
78
80
96
76
90
105
97
101
103
104
96
89
91
104
86
88
94
99
111
95
97
113
110
108
101
113
108
101
108
107
106
83
75
100
101
91
100
89
100
93
83
94
89
92
99
98
91
100
90
97
100
92
92
100
96
84
91
89
82
82
89
92
82
73
80
92
91
97
87
90
74
105
100
77
85
94
91
90
91
89
88
87
81
98
82
95
81
94
94
99
86
85
93
86
93
91
85
85
86
78
98
71
90
88
89
92
86
94
77
95
90
96
97
81
94
101
75
86
93
91
97
89
92
96
88
98
83
102
93
104
84
87
65
56
23
83
33
76
37
37
50
18
15
47
46
59
40
62
65
36
37
48
57
85
87
82
63
78
67
72
80
86
85
91
95
94
86
106
110
99
98
83
100
90
90
77
79
87
94
99
91
111
89
69
87
97
77
94
85
102
92
99
100
103
101
102
97
106
100
104
85
101
100
90
87
94
88
92
87
88
88
83
84
80
102
93
86
87
87
96
82
96
98
93
68
77
82
88
85
74
77
75
76
93
79
93
88
103
90
92
86
83
87
105
74
102
85
84
94
89
95
89
97
95
93
96
88
96
92
93
90
104
87
93
93
95
90
94
93
101
73
92
84
93
97
89
89
97
107
89
92
98
92
102
100
95
104
95
96
100
104
84
90
102
94
95
90
99
92
107
95
94
90
90
101
97
101
83
60
64
71
96
84
98
97
109
89
110
111
124
124
91
113
107
92
105
100
87
95
87
91
99
85
94
95
91
85
94
84
62
90
79
68
73
74
89
78
90
81
92
72
88
89
89
101
83
93
98
86
98
86
94
84
99
88
97
97
87
98
100
87
95
101
79
96
85
75
89
85
78
88
73
91
87
88
90
81
68
91
85
89
83
86
76
73
75
59
74
79
78
81
70
76
82
92
76
88
72
82
89
79
69
85
71
60
87
74
67
81
66
75
83
84
73
84
83
90
93
75
91
96
95
92
99
80
90
68
92
84
93
83
72
85
77
83
81
74
85
85
97
101
102
96
102
93
107
99
102
95
84
74
96
96
93
90
94
79
93
77
91
90
71
20871
20866
20885
20877
20892
160
66
47
20880
87
35
20874
49
20881
4
15
14
25
38
48
57
49
65
58
62
68
64
66
95
94
96
103
69
58
39
49
72
26
84
13
6
5
3
17
6
21
6
29
33
9
20
22
14
31
22
25
18
19
58
68
57
63
61
45
41
61
48
68
70
61
73
54
76
67
76
62
53
73
98
113
98
113
107
111
121
107
126
118
164
158
170
157
163
158
158
169
149
86
150
87
95
71
100
87
77
55
85
56
52
19
69
35
43
8
27
42
38
53
51
38
32
24
51
47
53
39
36
5
17
13
15
5
14
13
17
18
21
32
6
15
20
4
15
26
54
46
63
52
54
56
81
85
86
92
102
91
93
92
100
73
83
115
124
117
117
102
109
122
94
120
110
102
106
100
102
81
97
104
97
108
97
106
106
107
99
91
107
86
99
375
371
393
369
371
367
357
76
377
402
385
45
4
6
21
27
15
41
52
64
50
62
63
57
60
78
88
81
85
88
93
86
77
74
81
70
65
84
63
62
89
77
77
88
82
77
46
28
44
21
45
79
49
76
24
5
4
20
4
6
29
37
37
53
48
50
46
33
56
55
58
32
51
24
7
5
34
32
18
13
19
58
60
54
69
52
57
63
75
75
65
73
72
84
99
99
106
93
116
44
78
55
62
110
77
121
91
96
86
76
98
73
77
58
76
78
81
82
68
92
102
80
108
105
103
120
60
111
59
57
39
121
69
120
34
4
13
16
27
24
31
47
33
48
32
38
41
17
45
36
43
21
15
7
18
44
46
38
62
60
72
83
82
95
93
82
72
92
100
91
85
74
74
32
77
14
55
89
30
18
26
43
45
62
60
78
71
81
78
87
97
101
90
100
47
97
49
85
67
78
83
89
16
36
25
24
80
73
16
101
46
34
12
10
22
35
45
40
42
34
30
52
41
59
47
64
71
18
47
58
71
20
29
5
22
48
44
39
26
21
16
42
23
36
20
6
3
17
3
7
11
25
16
27
5
28
8
26
13
17
18
34
20
31
4
13
18
24
22
30
42
52
25
39
14
9
27
54
49
3
5
17
28
29
35
39
41
42
73
75
71
87
84
86
85
83
89
84
107
97
84
110
104
94
101
68
105
107
120
91
95
85
95
55
87
94
76
71
91
84
104
114
103
92
84
110
61
93
75
105
91
104
96
91
94
108
91
100
99
107
107
108
111
104
101
109
109
99
119
120
107
108
94
117
82
56
72
106
99
86
93
93
98
67
80
87
87
104
97
109
100
114
120
110
112
106
116
104
103
103
113
102
91
99
85
104
81
92
100
78
102
93
102
90
102
100
88
109
109
100
108
108
108
118
104
108
125
116
111
104
104
101
116
104
116
101
111
106
117
111
101
114
107
114
117
105
112
96
78
58
103
74
85
100
89
100
98
104
72
93
93
114
123
116
122
125
118
115
125
94
102
118
101
112
117
107
99
104
105
105
102
92
98
104
98
81
99
72
84
90
87
101
99
91
98
96
93
100
101
93
100
94
104
91
105
91
91
102
100
94
111
99
102
102
115
113
107
101
115
114
101
97
110
112
113
110
104
111
99
109
98
103
114
115
105
117
105
109
119
94
108
117
113
106
125
110
123
112
110
126
127
125
115
106
89
111
99
104
96
109
100
115
102
101
100
113
110
113
99
103
111
109
99
107
98
89
109
100
120
102
122
106
118
110
127
108
119
110
117
110
121
117
117
115
116
95
108
99
109
99
106
101
107
109
105
120
119
125
109
131
114
128
118
126
118
120
114
121
112
97
113
122
102
121
92
102
115
105
89
101
98
97
97
91
86
103
100
93
84
77
99
88
101
92
95
103
99
105
112
111
111
105
97
110
111
100
118
122
111
125
109
116
125
135
124
125
114
125
106
122
107
108
118
107
97
94
108
102
96
99
93
99
91
97
85
88
96
79
94
96
84
85
95
96
89
93
94
95
80
95
95
97
88
99
95
97
88
80
98
86
89
94
94
89
92
87
102
92
89
88
83
74
93
99
85
100
94
82
76
62
32
49
90
46
78
30
89
58
