34
51
48
46
51
69
69
48
13
48
52
23
47
135
133
166
297
297
192
156
180
172
202
156
304
302
180
5
8
21
31
8
17
9
18
17
14
8
31
56
58
42
7
77
86
93
75
71
86
47
87
88
57
90
26
16
12
28
31
56
51
60
75
59
27
57
61
27
77
61
44
54
27
24
47
45
66
66
67
103
97
103
130
128
146
136
139
126
140
119
128
136
107
119
108
94
81
112
98
119
109
120
106
109
111
100
74
97
94
96
114
104
121
114
124
120
134
127
130
139
146
131
133
140
137
119
128
123
117
128
111
129
115
98
111
126
125
113
126
120
129
127
121
114
121
113
132
100
136
106
99
121
107
121
126
108
139
119
102
77
77
132
69
76
75
100
106
122
115
86
98
90
109
110
127
124
120
124
116
132
115
137
126
127
109
113
134
116
157
133
139
120
132
120
134
133
98
153
112
108
102
123
89
138
120
130
140
137
137
127
151
135
116
136
132
124
113
120
99
111
103
107
106
131
114
126
120
128
124
135
55
77
41
26
38
92
11
14
106
22
66
77
4
4
8
18
21
23
20
41
37
44
49
30
51
68
89
90
256
258
264
255
267
249
213
276
125
232
123
264
146
150
168
160
136
141
138
148
144
162
133
131
126
127
115
126
102
114
104
110
116
115
102
118
103
116
101
113
106
116
105
118
111
111
118
115
108
122
112
123
110
118
103
116
105
114
106
108
117
116
105
119
108
113
121
121
120
109
98
105
95
107
92
96
103
96
103
85
105
103
115
95
113
117
80
103
95
102
107
98
82
103
107
113
121
121
99
113
107
111
105
96
66
93
79
82
89
90
73
72
103
85
62
34
81
77
80
89
72
74
68
62
76
76
84
89
82
66
83
77
80
67
82
79
79
87
84
95
83
96
85
88
84
90
80
92
86
78
88
72
72
75
82
89
88
81
89
98
100
100
103
85
101
75
93
83
84
76
79
74
74
85
83
84
86
89
80
87
87
91
82
97
92
80
80
86
89
69
78
89
79
88
80
90
80
80
92
95
82
92
78
88
82
87
79
71
81
76
81
77
81
77
83
80
77
77
71
78
82
76
88
81
76
78
87
79
79
85
84
79
89
75
87
86
79
2776
2780
2791
2796
2800
2793
2806
2800
2811
112
90
106
103
111
102
110
104
121
106
105
109
119
112
119
106
121
89
107
113
114
118
100
106
98
87
104
92
79
104
91
96
104
82
87
3117
3208
3222
3215
3194
3184
3205
3209
16
3201
42
40
17
3170
72
179
16
6
11
7
21
27
26
25
31
30
65
57
94
91
91
89
111
110
128
122
127
130
102
123
110
118
105
114
102
110
97
120
79
96
89
90
97
102
95
93
96
91
104
98
103
97
105
93
105
95
95
90
88
89
102
90
100
89
102
102
97
106
113
115
97
94
107
102
98
107
113
102
107
114
127
107
127
127
128
126
117
126
123
114
125
122
134
125
146
132
144
133
155
162
146
138
126
161
115
115
108
105
123
114
99
108
103
133
131
131
122
94
104
129
82
117
111
118
92
106
78
106
96
104
106
99
113
98
113
102
108
107
117
98
101
107
114
105
114
119
100
114
97
93
92
110
108
110
101
116
115
1339
1350
1337
1361
1460
1464
1452
1473
1468
223
259
237
232
214
122
112
118
98
116
100
101
100
91
101
55
110
74
32
88
56
40
88
66
32
9
6
12
7
5
16
15
15
17
5
34
45
9
20
19
27
41
33
22
30
46
54
47
38
36
45
56
61
50
70
68
75
70
91
91
114
113
112
123
121
103
102
115
145
103
99
81
115
86
109
127
73
130
8
7
44
52
29
32
44
22
15
24
29
26
5
13
15
25
19
14
13
50
64
65
84
63
85
82
85
85
114
131
133
123
45
56
42
87
118
59
63
103
15
26
28
45
45
54
67
62
90
80
96
91
61
87
64
101
114
114
138
130
144
136
129
120
117
121
154
86
103
155
136
131
170
150
834
824
819
828
824
837
817
813
808
773
116
133
137
121
120
130
136
145
57
79
68
86
118
131
105
151
148
141
80
84
77
99
79
96
95
109
107
109
107
110
96
102
113
101
95
107
97
103
104
104
113
103
109
96
99
109
85
95
105
81
87
105
110
100
116
113
114
117
110
124
132
100
111
95
99
111
95
107
97
97
108
104
107
106
83
114
94
108
110
99
98
105
102
92
95
93
101
90
96
77
102
90
97
85
98
105
103
106
96
102
104
90
106
93
33
77
91
43
74
107
16
56
61
29
5
14
30
7
18
20
21
4
16
34
36
31
47
59
57
56
55
86
80
75
91
90
105
87
83
92
74
70
109
107
89
134
125
137
136
154
145
124
135
133
132
117
102
114
107
112
104
122
107
116
105
82
113
104
100
108
102
71
85
66
63
38
35
93
108
79
48
4
2
11
10
4
4
18
24
29
30
37
39
46
51
50
57
54
49
67
67
73
74
73
92
87
73
93
93
94
93
108
117
109
120
110
60
78
49
99
93
108
82
34
23
28
3
4
10
26
35
35
53
59
68
65
71
84
86
91
86
83
99
88
99
92
93
86
92
85
85
89
97
85
93
99
79
98
86
94
87
90
102
87
104
96
88
104
89
91
100
85
81
77
98
90
93
49
70
58
99
32
85
78
15
61
56
6
5
12
30
25
25
35
47
57
44
40
58
58
64
71
78
77
74
92
74
85
91
94
90
92
99
92
76
85
92
86
65
96
98
92
109
93
105
104
109
118
100
111
83
85
76
72
96
107
54
64
101
45
102
63
87
67
86
82
100
100
113
115
103
111
100
108
86
95
101
110
112
110
128
110
128
114
119
105
117
108
121
112
116
113
101
113
111
109
103
114
99
110
104
111
105
114
110
113
102
113
111
109
103
111
104
113
107
111
100
99
112
109
88
106
81
100
93
110
97
114
111
118
112
127
125
98
105
112
112
90
98
100
85
84
77
76
103
95
106
95
92
101
117
118
124
90
103
105
98
107
116
97
110
111
97
106
99
101
87
107
112
96
98
108
113
99
110
110
103
99
107
97
115
102
82
95
72
85
94
97
89
95
88
76
92
91
90
104
91
103
93
97
92
90
62
52
98
81
73
70
59
78
52
72
89
78
122
121
140
115
121
107
118
118
129
97
101
88
90
98
83
78
95
91
72
88
96
100
96
105
75
68
94
97
104
103
102
95
105
93
75
74
75
107
101
112
105
117
105
115
103
97
13
43
57
89
27
64
46
71
96
16
21
20
24
18
19
13
26
25
27
17
24
42
31
38
40
45
27
60
8257
8304
8286
8289
1076
1081
1084
1087
90
64
8283
8282
4
4
12
3
10
4
19
12
10
4
15
11
8
22
21
40
43
46
46
57
49
40
47
48
87
102
75
61
83
81
83
84
108
105
116
111
113
109
106
121
113
102
115
117
108
121
115
121
114
117
112
128
112
119
124
97
113
101
112
101
117
102
107
95
116
105
88
40
38
28
105
73
55
61
93
80
3
7
17
16
31
20
9
29
7
23
4
6
5
7
16
14
25
35
41
23
39
44
62
66
76
70
88
87
99
92
107
105
126
109
121
117
115
123
126
109
124
114
124
116
108
113
104
73
62
83
98
108
100
114
123
117
85
86
87
89
79
70
58
104
21
22
22
22
74
74
72
73
73
24
79
80
68
119
80
81
87
110
109
136
122
134
146
144
136
130
131
140
119
129
131
117
123
114
119
110
121
105
108
68
46
49
47
95
57
109
74
80
6
4
26
25
59
67
65
81
63
82
80
82
65
63
116
106
107
75
91
69
75
75
242
244
275
273
276
263
263
275
276
262
123
94
106
101
91
106
92
103
103
93
101
91
102
97
96
103
105
96
103
93
108
100
105
91
93
102
102
89
84
98
101
90
93
105
99
107
108
105
97
89
112
103
81
97
112
104
95
102
97
107
100
94
93
97
105
104
96
97
61
75
79
87
83
95
92
94
97
104
101
110
119
94
94
110
98
111
101
111
98
111
102
101
109
104
93
102
88
98
78
85
86
92
80
97
90
85
84
73
93
93
97
93
87
85
92
85
65
85
98
93
86
87
94
84
92
99
72
102
89
84
88
83
88
95
87
85
81
86
78
89
93
99
89
89
97
96
96
104
87
90
98
95
85
79
98
89
92
88
96
90
91
98
95
106
96
98
88
102
99
90
100
91
99
91
100
98
97
95
99
88
101
90
107
98
109
99
112
99
96
108
109
101
104
97
99
98
100
92
103
94
100
88
98
92
105
88
106
85
104
103
107
112
106
102
109
100
110
94
101
73
84
100
89
102
106
98
107
79
81
99
89
106
95
94
105
102
95
113
107
96
109
97
98
103
78
105
93
98
90
50
34
17
53
88
70
58
3
7
8
16
24
26
28
37
30
36
44
53
35
45
46
57
58
57
56
12
44
49
5
13
23
28
23
35
12
27
16
4
14
27
29
20
9
16
30
23
4
1
20
5
26
35
37
33
33
55
46
64
69
77
78
92
73
84
95
88
98
92
103
96
95
106
83
97
105
88
75
59
63
103
96
79
88
92
88
76
69
69
122
122
140
121
136
156
146
104
85
139
88
156
127
112
104
97
105
91
78
85
100
100
113
102
111
118
125
124
113
102
104
83
117
108
100
98
107
96
102
97
105
104
98
92
109
97
109
102
111
120
106
109
117
108
82
102
112
104
105
116
116
110
110
93
79
104
120
96
104
80
25
88
102
38
63
64
33
61
37
13
24
37
45
33
31
21
24
23
43
42
8
18
17
42
46
48
54
65
65
68
78
79
51
36
70
68
75
47
21
22
5
4
12
21
11
22
19
31
15
18
3
2
3
4
25
19
37
37
48
51
50
57
61
57
77
57
36
38
60
61
74
35
38
9
25
37
36
49
50
36
30
29
33
44
46
22
14
3
2
26
21
23
31
22
34
29
11
8
60
56
51
57
68
67
89
89
102
101
120
114
110
118
110
126
94
123
109
116
129
118
134
126
131
122
134
118
127
127
137
131
140
133
140
99
121
84
67
113
73
106
119
39
92
115
97
76
75
76
77
114
106
118
105
105
109
120
121
93
102
110
104
108
102
98
106
121
105
124
107
126
113
123
132
130
115
120
125
107
119
108
115
108
116
118
111
100
100
115
119
110
104
116
106
116
98
116
122
120
105
94
114
120
106
116
107
100
99
110
115
96
97
108
82
106
112
100
102
102
109
99
112
88
109
106
115
97
105
121
108
112
106
117
105
100
105
108
102
109
95
109
97
106
101
118
116
124
118
112
125
124
113
125
102
128
137
124
123
140
133
123
120
139
105
100
114
100
114
101
116
104
118
107
119
108
118
115
120
117
118
105
108
114
110
98
109
102
106
94
101
90
109
107
111
100
101
115
113
107
102
99
109
99
109
112
92
102
108
117
87
87
70
103
31
32
61
51
109
4
5
5
4
2
3
5
22
22
26
37
38
47
38
42
40
58
59
58
60
69
76
71
34
63
70
25
21
55
72
47
74
3
5
29
25
32
17
13
14
16
47
43
12
35
47
26
39
30
45
11
42
29
21
17
8
12
7
13
24
30
36
57
49
70
68
81
87
87
77
90
103
90
89
86
72
94
108
83
100
100
107
105
100
120
112
87
86
95
111
102
104
117
103
107
98
111
103
116
118
130
107
113
118
114
123
122
114
118
107
115
95
110
87
113
106
106
99
111
108
110
106
110
113
103
126
99
105
76
83
96
61
80
95
69
86
88
88
106
96
88
105
85
87
86
104
97
87
105
103
96
98
112
96
93
95
98
104
106
96
107
92
99
112
105
111
121
111
118
112
119
109
111
117
118
109
102
114
110
88
102
110
104
102
115
103
98
107
99
113
84
93
104
92
74
93
66
56
49
101
84
114
115
109
86
108
88
95
84
105
105
119
106
117
112
110
107
99
85
109
117
112
103
116
103
117
115
124
114
121
117
120
107
94
115
102
114
101
100
112
111
103
115
107
110
108
112
98
112
103
113
100
110
1232
1228
1237
1266
1259
1303
1318
1308
1330
1327
208
202
220
171
167
146
121
118
98
97
79
54
204
4
5
7
3
13
18
30
22
45
32
45
40
37
52
36
30
33
38
52
14
6
21
19
48
59
40
32
19
34
58
62
29
54
98
88
98
106
67
87
95
94
93
80
110
109
102
86
70
57
70
80
69
110
97
119
102
124
123
139
130
139
119
123
121
108
69
85
83
46
120
25
64
97
42
43
59
95
60
25
35
28
26
28
26
3
3
4
6
3
30
28
33
17
34
25
37
34
13
20
17
2
7
3
14
15
18
39
53
52
86
74
65
82
84
92
87
103
101
100
97
108
109
101
114
115
93
101
113
124
123
134
146
118
135
143
135
128
120
126
126
113
127
107
128
115
128
119
106
127
98
110
117
99
133
118
125
123
138
284
295
274
293
253
279
236
82
254
230
231
125
148
145
115
101
74
113
129
320
320
279
260
252
323
258
265
38
260
266
4
3
7
7
21
18
4
5
2
17
24
31
22
26
11
24
35
27
37
5
3
10
9
13
52
63
62
86
81
72
68
98
98
122
122
106
127
125
112
126
116
121
109
111
108
112
101
90
118
154
131
134
133
142
139
132
118
117
102
89
101
115
95
109
96
96
102
103
98
108
110
98
101
107
94
98
83
92
99
99
97
104
98
108
96
101
100
105
97
87
83
87
91
87
93
99
100
90
98
98
100
98
109
80
107
91
98
97
67
73
84
94
84
90
95
92
90
101
99
101
97
104
103
93
97
112
109
96
106
91
98
88
97
106
95
104
94
81
87
99
109
101
113
102
116
107
107
90
106
112
106
93
101
93
101
94
101
93
107
92
102
91
100
108
106
104
116
114
116
115
109
119
105
118
101
92
83
100
105
91
96
100
92
99
97
83
102
92
101
98
103
92
97
84
92
100
86
94
89
76
81
94
80
96
90
84
98
99
86
97
104
93
99
92
100
92
93
72
85
89
98
99
89
70
64
89
91
70
84
79
91
83
92
97
95
112
104
110
98
109
103
97
109
96
111
97
96
100
101
101
93
105
88
94
103
93
97
96
105
106
107
100
105
108
103
122
108
99
98
107
101
90
82
91
99
97
77
88
78
84
86
88
88
100
93
105
103
116
109
114
91
82
86
110
113
99
116
102
101
105
110
102
111
121
90
100
87
97
95
88
99
88
92
105
77
97
90
93
103
77
106
85
76
117
89
106
119
115
122
113
116
78
115
108
86
100
86
99
103
88
112
111
94
122
102
100
88
85
109
89
92
92
97
98
89
93
84
106
104
96
91
113
107
88
99
95
103
96
87
96
82
96
23
14
69
61
44
67
44
87
58
32
79
62
23
24
27
43
15
27
26
35
27
4
19
23
17
7
21
10
31
4
11
4
8
26
26
30
18
14
24
27
15
29
47
56
55
61
72
70
71
71
74
96
92
105
82
102
91
85
95
98
97
101
91
107
111
110
97
112
114
104
113
106
104
109
81
97
115
102
115
112
100
108
110
82
100
105
98
107
100
114
105
113
106
119
119
118
103
115
110
106
112
103
109
109
117
110
111
121
116
110
120
123
112
112
106
121
105
109
100
120
109
98
85
92
98
109
116
104
112
98
112
103
108
112
98
106
100
92
82
77
93
95
94
77
80
103
96
100
96
96
94
109
107
112
94
89
108
108
81
107
99
83
93
110
102
79
93
95
87
97
100
108
114
112
109
122
109
103
78
39
35
66
113
94
53
54
64
11
15
17
20
10
7
5
22
22
32
28
31
46
40
62
69
69
71
65
83
68
84
82
91
89
90
101
95
103
90
90
97
103
99
109
108
115
105
121
109
123
105
112
100
110
98
114
104
107
101
109
111
108
106
107
88
95
80
98
109
108
109
19
17
46
33
94
101
27
104
64
76
6
34
38
48
46
35
48
71
66
68
29
55
19
59
19
59
70
4
2
8
7
15
6
21
5
11
29
39
5
3
5
6
19
21
12
10
24
35
8
32
27
49
25
48
11
20
4
21
10
21
11
14
5
6
20
18
3
27
26
15
41
43
28
49
47
68
69
78
86
96
78
88
97
106
106
117
116
117
114
112
118
117
112
106
94
115
107
114
116
107
116
114
107
102
99
119
118
105
112
100
102
109
106
100
98
90
116
106
110
121
119
122
119
134
131
122
118
112
115
118
114
89
100
110
77
96
90
100
87
102
89
104
94
85
85
96
84
77
92
87
75
94
85
92
99
102
95
105
94
93
82
89
105
98
115
104
110
115
120
129
124
68
107
66
91
77
113
44
110
107
108
110
101
106
104
82
90
101
101
110
104
110
101
112
108
102
111
109
100
109
97
112
99
98
112
111
99
109
97
89
111
100
104
99
106
97
106
98
115
98
112
100
111
109
113
108
113
106
116
112
115
105
117
108
115
107
117
113
113
106
108
109
111
108
107
99
106
98
99
105
98
110
108
110
112
105
111
100
104
113
112
101
113
111
111
110
113
112
113
104
113
105
107
109
94
108
95
109
96
110
96
108
100
103
118
117
109
118
111
120
118
120
112
118
115
115
108
108
101
105
100
106
99
108
102
108
100
111
105
102
110
110
97
109
103
112
109
117
110
119
109
114
93
102
87
98
112
98
90
94
86
92
78
96
86
89
90
98
95
99
108
95
101
94
108
94
103
97
102
115
108
102
108
105
111
103
18438
18421
18418
18392
18410
18432
18401
54
18406
18401
3
6
1596
3
37
36
12
5
7
5
4
3
10
4
15
6
12
5
17
27
27
39
33
31
49
25
29
28
19
7
4
15
10
3
49
33
53
68
69
71
68
67
90
84
88
103
80
97
79
53
61
98
72
76
47
78
37
84
6
6
64
66
15
23
41
40
77
72
67
141
99
108
19
127
125
96
93
91
130
3
5
7
15
40
40
60
74
80
82
70
82
105
108
73
123
123
134
117
124
106
91
95
91
56
71
92
28
50
91
78
4
11
4
13
39
28
42
42
34
35
31
38
44
31
12
11
9
31
27
18
5
26
17
11
29
22
17
17
16
20
9
7
5
27
42
45
46
44
26
15
33
48
23
29
48
32
4
18
19
20
57
55
61
59
67
67
86
100
81
50
108
100
100
66
58
106
88
101
97
51
58
47
55
58
89
89
110
102
100
108
75
113
103
97
102
107
95
95
101
98
105
97
98
106
108
66
56
108
98
76
87
93
86
77
66
88
93
67
68
82
87
93
94
97
82
94
88
100
93
93
101
106
100
108
97
104
91
101
87
87
95
96
84
86
85
96
91
99
96
75
44
65
52
83
88
22
62
25
30
82
4
9
8
4
17
9
15
12
9
31
29
40
38
49
35
54
48
47
14
52
19
29
46
6
5
8
5
7
9
17
16
17
18
8
10
3
2
4
5
10
9
13
52
50
59
31
33
31
29
32
32
42
42
49
49
52
53
72
62
84
84
104
98
110
97
104
119
107
111
95
85
98
91
101
94
104
91
100
94
96
101
90
90
103
100
102
96
89
82
84
96
89
85
79
97
90
81
95
99
97
99
101
94
82
97
92
99
99
104
93
105
96
106
93
103
90
97
100
100
89
106
104
105
93
112
102
111
92
103
108
97
102
97
77
87
99
99
84
38
36
30
56
38
60
90
71
5
24
32
32
38
40
40
66
69
66
70
81
86
98
89
90
89
90
104
109
96
103
101
97
73
93
65
83
87
92
85
94
72
86
90
71
88
82
97
89
99
79
95
101
109
110
98
95
108
99
94
79
93
98
98
91
93
89
99
113
105
101
112
100
113
109
106
97
112
92
108
108
107
87
95
107
102
120
110
122
121
105
118
106
120
110
120
101
108
102
113
109
120
110
120
109
122
108
119
106
111
118
114
106
112
99
112
105
105
99
109
99
108
96
108
95
104
99
108
97
108
99
108
100
107
104
98
81
68
105
89
89
101
86
79
97
68
102
84
95
94
106
95
108
91
101
100
93
98
104
104
121
114
102
99
109
101
120
107
102
94
108
114
104
119
110
105
128
104
92
108
95
106
99
93
85
106
110
103
110
116
106
98
109
98
104
103
112
101
114
111
97
103
118
90
111
106
109
111
113
102
115
112
110
114
105
105
121
112
113
99
105
115
108
98
102
110
108
98
110
103
116
105
102
111
98
108
84
105
94
80
100
90
93
84
110
109
124
105
106
113
101
116
92
107
108
113
101
110
110
117
98
109
107
117
120
101
110
127
114
108
134
128
84
110
129
105
91
100
98
106
98
100
98
92
115
106
100
106
99
86
74
79
79
73
69
90
83
96
95
103
110
115
120
112
112
106
119
121
131
126
140
128
134
126
142
123
132
101
124
71
137
121
129
121
117
125
126
116
112
99
110
101
109
97
112
110
117
115
109
122
106
120
105
120
96
117
104
111
100
106
97
114
99
115
96
111
103
114
108
113
120
120
98
119
123
110
114
102
118
112
101
101
110
110
94
90
103
84
92
96
82
94
86
88
96
83
86
97
99
92
99
95
103
98
111
104
104
104
113
101
116
110
112
96
109
91
104
109
100
112
98
104
104
111
105
72
79
116
102
92
98
104
104
89
99
103
94
99
98
88
95
106
113
103
116
102
113
99
105
114
125
103
115
102
110
112
116
108
120
117
118
111
117
122
109
128
110
111
125
115
106
103
115
90
105
91
95
89
103
94
104
94
101
102
115
100
115
104
117
103
120
107
116
113
119
108
124
111
104
91
112
114
102
111
99
85
113
102
92
82
99
94
105
108
97
108
89
79
95
105
84
106
106
96
97
103
88
88
105
100
101
97
91
100
110
106
96
107
123
108
103
96
114
113
108
115
92
103
105
98
113
113
104
117
106
111
110
124
108
121
119
120
113
119
111
117
114
104
116
117
110
114
106
116
108
116
106
116
105
93
106
112
105
97
94
112
96
106
101
94
105
98
111
109
114
104
116
107
105
115
115
108
115
108
117
102
113
106
115
110
115
108
116
107
115
104
113
90
104
108
101
113
100
96
111
111
116
110
111
103
118
111
96
98
97
114
104
119
100
113
118
108
89
122
119
112
94
101
109
110
99
110
83
102
101
113
103
108
100
110
108
111
107
115
121
107
116
109
122
107
121
89
113
109
106
124
108
128
115
111
119
121
120
130
127
112
131
108
107
125
87
97
117
107
116
109
115
107
119
92
108
90
107
98
77
94
110
102
95
96
88
68
100
100
120
115
125
118
126
116
105
114
109
103
97
110
110
99
112
102
103
101
111
121
115
106
96
109
131
133
131
119
112
89
91
125
108
126
122
127
97
80
81
73
74
61
49
115
116
17
35
33
49
59
61
48
86
85
93
87
82
69
93
35
56
69
55
24
6
16
7
14
23
36
34
38
32
3
7
26
24
2
5
12
15
11
12
31
26
30
45
21
54
14
39
60
28
57
16
18
14
3
13
9
3
5
5
24
7
5
35
25
25
48
44
23
26
22
34
42
54
58
11
4
3
9
29
20
38
55
54
52
66
72
71
89
88
103
96
99
106
109
94
100
94
189
178
170
177
189
190
176
183
182
202
93
111
92
84
108
91
103
114
102
119
104
98
106
84
97
96
98
87
111
90
113
105
89
111
99
92
105
96
111
92
107
99
103
101
115
92
79
82
105
29
49
43
73
64
52
71
70
87
90
106
105
99
99
116
109
122
107
117
109
111
103
107
100
102
104
99
97
96
94
111
99
100
92
99
110
105
111
99
111
109
112
111
117
110
115
109
116
113
121
108
123
115
120
112
119
108
104
118
118
103
40
70
101
94
85
58
114
50
108
94
100
98
75
67
90
89
88
110
102
114
102
100
110
106
113
102
100
113
102
106
112
94
76
86
123
113
104
119
111
104
103
90
84
89
96
97
104
110
99
99
87
78
83
100
89
77
106
97
105
104
117
114
120
122
106
123
104
110
101
112
99
105
105
115
99
110
66
73
55
97
92
86
85
92
91
78
81
59
77
75
94
94
105
96
103
93
102
98
102
96
99
97
103
91
102
91
99
90
99
91
106
101
106
96
108
103
105
109
103
111
98
110
97
110
98
101
103
93
100
99
90
100
94
102
90
108
100
112
113
114
112
116
100
113
96
90
80
100
71
89
107
112
104
113
104
114
107
108
105
92
91
100
89
95
104
120
118
132
132
147
118
106
136
66
92
58
60
69
105
5
34
32
48
55
56
72
30
75
37
77
54
72
15
12
46
67
4
5
5
11
13
13
11
9
9
19
11
8
10
8
21
39
44
51
66
62
80
79
101
87
90
92
101
102
112
105
116
102
95
109
104
104
101
110
111
103
111
99
115
112
103
112
101
122
105
114
102
120
102
116
102
119
108
111
114
116
110
82
66
108
90
98
144
159
160
142
159
56
143
57
133
105
100
112
101
56
96
104
57
81
56
148
143
152
145
130
161
142
93
159
112
105
114
102
102
101
87
100
97
89
99
96
90
90
98
106
93
99
102
99
106
106
105
95
103
90
104
92
101
79
90
77
75
87
95
95
85
96
94
108
96
96
90
87
88
88
101
78
92
97
94
90
92
88
93
88
99
90
108
96
107
104
108
106
108
85
88
102
96
104
100
98
100
93
103
101
95
99
93
104
85
99
103
106
91
104
94
103
93
108
93
108
107
97
101
92
96
102
99
100
98
102
99
101
104
100
90
98
0
101
80
97
90
89
101
84
95
91
96
87
97
90
93
96
103
95
98
89
99
94
99
84
98
92
89
80
75
95
75
88
74
91
99
85
103
104
116
77
60
52
36
108
87
60
87
78
78
65
69
61
83
83
102
102
116
105
117
108
115
106
112
108
111
103
112
109
106
113
113
111
113
102
113
105
111
103
111
102
110
104
88
99
107
103
96
106
94
111
94
111
96
114
99
111
108
113
104
113
110
114
112
112
104
111
102
109
106
109
96
110
119
109
121
110
96
115
83
103
95
83
94
82
96
103
94
102
107
87
99
107
109
83
76
102
50
91
99
58
50
88
66
103
20
21
64
20
30
81
4
4
17
14
22
21
32
28
46
42
54
64
59
67
68
65
92
90
82
109
102
95
112
103
102
102
86
99
103
99
93
111
100
107
101
103
114
105
113
109
103
98
111
101
81
89
108
70
97
89
94
95
83
98
78
90
79
96
93
96
96
80
103
91
110
93
110
103
116
115
108
112
106
125
115
128
120
129
128
129
122
117
114
104
124
97
106
85
112
99
100
91
96
87
104
96
111
96
94
111
107
97
113
102
114
102
114
119
105
94
105
102
96
105
94
106
95
105
95
113
114
110
114
125
117
123
109
111
119
101
34
50
45
28
78
87
110
61
4
24
32
29
40
22
44
35
13
25
37
5
6
17
14
19
8
6
8
4
2
13
8
9
22
23
31
34
34
40
42
17
27
19
27
4
11
9
3
3
6
4
14
6
14
22
9
24
40
34
25
48
42
57
53
35
34
36
21
56
56
34
37
3
14
13
26
20
23
25
47
74
75
87
71
74
73
84
82
100
99
114
106
109
98
115
102
103
118
117
103
104
110
110
114
110
95
109
100
105
100
116
124
110
98
115
100
113
99
99
101
104
94
96
95
82
94
88
95
90
106
99
113
109
121
115
120
100
58
88
62
108
105
67
80
85
91
87
55
73
74
86
70
78
79
104
96
97
81
75
34
68
42
76
95
42
19
4
17
31
25
45
43
67
60
82
81
91
90
102
103
123
108
119
111
105
112
105
109
112
100
108
100
110
102
114
109
112
105
97
108
110
109
102
99
115
106
84
100
95
98
105
72
82
111
93
69
98
114
122
117
132
95
112
91
85
98
97
109
100
112
103
116
93
104
115
113
114
108
112
104
115
99
103
91
113
81
101
92
107
102
89
94
64
99
83
89
83
88
91
98
96
93
73
86
71
83
89
91
85
95
89
104
101
97
117
98
97
105
93
107
104
112
108
111
91
106
111
103
114
129
93
120
106
101
115
99
86
115
101
92
107
104
119
98
108
96
82
102
93
47
42
76
58
90
85
89
90
74
68
76
70
83
82
100
101
90
100
77
95
85
91
76
86
75
83
97
78
93
90
115
107
124
121
96
99
127
129
125
97
105
116
101
98
111
101
99
93
107
94
106
83
102
91
85
92
95
94
91
77
69
86
95
96
95
99
97
95
98
88
90
101
93
100
88
98
81
95
100
93
104
73
80
92
99
90
79
92
99
77
61
72
54
92
65
66
99
94
110
111
99
84
89
81
99
100
114
104
106
114
105
112
107
111
97
19889
19884
19881
19911
19907
19910
19901
19917
19913
113
19920
497
509
499
489
501
474
505
490
486
488
110
118
107
101
101
107
93
99
113
111
104
112
101
107
109
105
112
71
91
56
78
95
99
127
116
128
126
162
149
215
197
183
146
174
117
194
45
62
195
50
67
159
95
113
108
129
123
143
143
116
102
123
124
127
119
121
105
110
97
119
126
112
126
122
117
128
123
118
137
126
114
126
110
133
125
127
108
122
91
99
103
113
114
100
120
106
117
103
102
99
106
127
83
101
84
87
107
113
84
99
83
109
81
64
71
82
83
97
88
108
116
106
100
106
113
120
107
122
120
118
130
114
120
128
145
121
128
120
110
103
124
62
88
77
105
120
81
43
27
31
30
103
100
8
31
26
12
29
10
44
130
35
35
30
26
33
5
3
14
12
5
4
19
18
14
31
15
26
3
16
15
29
28
55
49
50
65
59
58
76
77
91
90
116
129
138
136
140
127
136
124
95
127
104
91
103
93
85
102
24
51
77
32
93
70
61
51
7
8
5
32
41
27
43
54
51
65
64
62
55
69
68
65
85
74
81
100
81
71
88
101
87
97
92
100
78
92
82
77
97
93
97
101
85
109
93
101
90
76
99
87
97
89
98
82
94
75
90
96
70
83
87
83
79
75
89
93
74
87
95
83
87
67
82
92
95
86
88
87
104
95
113
101
111
100
90
118
95
104
112
113
100
102
113
110
101
89
85
106
92
96
84
93
51
91
49
70
31
74
72
32
20
19
26
41
49
50
62
60
67
66
55
56
61
53
98
96
97
104
105
114
105
105
93
98
55
38
29
77
66
47
85
5
3
23
36
33
37
58
50
66
61
74
83
83
90
93
99
83
80
81
92
95
77
98
83
102
104
96
102
111
117
116
107
101
101
110
109
118
95
96
103
99
98
83
100
91
93
89
92
84
87
95
98
87
94
46
52
50
69
74
62
89
91
51
44
42
76
68
70
69
84
81
82
85
70
71
71
91
85
98
104
102
101
100
129
110
116
111
96
109
108
124
110
88
114
100
115
112
99
86
107
129
101
115
87
94
113
101
95
82
87
92
100
100
89
83
97
97
83
87
94
95
108
76
106
99
100
90
100
88
93
92
116
99
107
101
106
104
106
104
88
109
101
121
104
117
104
113
98
110
112
104
111
102
109
103
116
106
94
90
110
86
117
134
129
145
132
112
137
112
99
114
110
123
114
99
91
117
114
113
112
113
105
103
104
80
93
93
99
102
105
96
107
111
109
113
107
56
112
83
23
35
68
78
39
12
23
27
26
54
48
53
82
80
68
88
96
95
88
92
90
91
116
90
88
96
95
81
95
98
101
100
110
88
96
96
100
114
118
104
107
97
99
102
112
121
84
96
104
96
108
91
110
103
118
109
113
106
118
100
106
118
118
116
117
114
122
120
99
124
122
111
104
123
104
94
91
105
105
86
103
62
88
77
56
27
20
50
98
39
4
22
39
34
57
56
73
66
88
86
104
89
108
110
124
101
110
123
108
118
106
111
104
102
85
111
112
101
96
94
80
113
91
104
85
67
61
66
37
68
101
46
15
80
13
20
12
38
56
43
64
54
67
67
83
74
93
92
107
101
116
117
121
127
118
120
112
126
124
135
128
114
139
117
125
110
136
109
127
116
128
133
95
126
98
142
126
104
134
147
117
131
118
138
136
107
107
122
100
86
113
63
115
31
19
43
81
58
8
22
8
25
21
11
12
18
22
20
38
15
45
51
60
28
47
35
23
25
60
80
77
85
60
63
70
74
74
89
88
95
99
90
81
86
79
97
89
97
86
95
94
105
117
98
106
105
122
114
117
99
122
122
120
114
112
117
111
119
118
117
113
122
122
120
120
112
119
108
122
112
125
136
133
94
109
69
85
38
35
115
42
126
8
8
43
17
45
25
19
25
64
73
68
92
58
76
74
85
83
93
112
97
117
108
117
118
95
102
111
102
110
101
115
110
104
106
108
112
108
114
107
87
111
96
105
97
95
107
84
106
102
109
97
112
107
101
84
112
104
118
100
110
108
86
92
77
82
105
103
94
101
113
119
95
103
109
93
95
110
109
113
89
101
93
98
96
98
99
94
95
101
106
93
100
106
108
101
118
107
116
115
113
121
103
114
118
104
113
104
121
106
117
107
119
105
119
111
119
103
96
114
118
110
116
95
98
105
107
100
100
113
112
99
106
110
93
111
115
109
116
118
114
106
98
112
98
110
71
99
89
103
78
116
89
123
108
104
104
97
110
119
111
107
112
92
97
122
114
123
103
95
108
117
116
72
20
20
110
87
56
79
44
36
3
9
8
6
4
14
18
16
25
38
38
40
38
50
46
65
71
69
74
75
87
70
86
86
101
99
103
90
103
94
107
100
105
94
102
101
95
99
93
97
92
102
91
79
103
92
97
94
92
102
94
95
85
100
90
97
93
96
88
98
107
110
97
109
103
99
83
113
90
107
106
112
105
102
113
109
107
105
101
107
113
108
100
106
104
103
87
97
96
90
45
80
49
75
30
60
62
34
6
20
15
5
4
4
11
9
4
4
5
14
23
26
56
18
17
54
15
19
46
28
75
24
56
44
43
20
41
51
41
8
5
8
7
30
47
28
40
37
48
57
73
76
74
113
90
110
120
178
176
166
152
138
113
90
90
83
70
120
5
2
8
8
22
16
27
14
9
5
4
19
21
37
34
33
61
56
64
72
62
80
58
60
65
84
83
58
86
88
113
93
88
102
108
110
109
110
103
117
95
126
75
105
105
90
116
104
107
95
116
97
108
95
188
176
154
174
166
175
169
174
170
94
94
109
93
82
70
97
87
47
65
60
40
55
84
56
37
37
80
39
41
97
107
100
115
56
113
45
52
55
99
58
94
79
86
53
88
73
72
87
89
89
103
97
92
76
97
84
85
102
91
90
114
112
110
109
122
124
120
119
90
110
101
104
97
106
106
94
99
97
108
106
89
107
88
59
19
34
78
51
93
65
4
6
4
4
8
15
24
25
37
44
37
45
52
55
65
65
71
68
70
75
81
94
21
63
32
16
71
86
84
53
88
42
12
13
10
25
35
37
45
27
36
58
49
62
63
75
64
72
77
88
88
98
90
104
74
91
103
79
110
92
106
99
108
99
96
103
101
102
107
89
86
99
100
75
94
88
105
104
104
103
89
110
105
116
107
125
109
118
103
116
124
112
104
109
104
110
106
94
84
108
100
109
99
108
100
97
90
100
100
107
95
84
101
100
89
98
86
102
54
67
43
38
83
69
97
71
104
78
74
54
56
55
87
101
101
101
114
100
129
131
120
114
158
140
139
163
156
178
185
171
177
196
169
180
183
169
159
171
148
125
80
122
101
79
124
126
138
117
120
114
121
126
115
128
122
118
107
109
93
138
81
113
150
142
158
143
117
134
91
43
91
96
64
89
71
24
50
93
3
4
16
10
18
5
13
3
1
4
13
6
15
11
15
7
23
21
38
24
44
42
20
39
8
4
11
41
21
69
31
38
37
51
50
58
57
62
76
82
91
87
101
75
87
102
101
86
93
80
102
89
99
81
79
98
100
105
103
80
95
89
86
80
74
59
41
45
42
83
66
35
79
94
96
94
87
86
99
82
83
100
101
113
94
96
103
97
98
105
96
102
104
77
91
99
92
84
69
34
65
52
21
20
43
86
4
4
4
7
21
21
34
35
43
56
54
68
62
61
76
86
78
90
88
93
93
101
102
113
100
105
107
111
97
100
107
105
94
99
103
101
80
93
93
106
106
90
92
81
91
74
81
81
97
90
91
90
101
86
74
94
82
89
85
84
89
91
94
97
97
108
94
108
98
114
105
108
96
88
95
103
103
90
100
86
83
100
86
98
89
90
95
98
82
87
107
88
90
99
76
86
92
78
88
89
81
84
79
81
71
85
86
87
90
76
81
91
92
86
99
90
95
88
82
77
97
104
90
96
89
98
91
109
91
102
83
95
104
78
91
98
77
85
85
90
93
88
102
94
106
98
102
97
103
103
97
103
97
76
33
60
48
75
27
50
89
8
9
14
33
29
35
34
43
39
44
54
59
56
64
61
74
60
77
77
89
89
100
98
99
81
97
97
92
93
97
75
94
87
95
88
73
98
84
102
101
104
108
97
108
107
107
91
89
95
94
94
86
98
95
105
100
105
94
97
100
101
103
89
83
83
95
78
101
95
104
106
106
104
112
110
120
104
104
85
92
97
90
102
90
84
93
84
99
92
95
99
104
90
102
87
88
111
88
88
83
91
83
92
86
73
72
74
91
83
107
90
96
105
97
113
92
105
94
114
102
108
101
90
97
104
94
84
88
100
77
90
99
88
105
96
92
94
96
104
122
97
109
103
109
108
118
107
116
95
107
94
92
103
95
91
83
80
94
101
75
108
102
105
105
118
111
117
107
119
97
103
91
103
96
102
99
83
102
109
116
100
106
111
129
119
139
112
129
119
130
125
122
100
129
129
116
113
130
130
111
120
113
109
102
96
115
107
104
56
81
86
70
98
108
83
103
97
97
99
118
83
82
100
99
103
96
103
108
102
85
59
97
65
50
76
107
76
91
100
57
96
70
81
81
97
91
91
91
107
99
93
105
108
112
100
107
110
106
113
102
103
86
85
98
106
102
91
96
92
107
98
102
96
108
98
110
89
100
87
100
88
95
102
96
106
106
94
113
114
117
105
102
118
102
88
81
111
68
59
105
92
108
106
107
85
105
115
116
123
114
126
119
112
114
82
66
90
105
99
81
111
99
106
97
111
110
124
134
123
104
113
116
106
100
95
71
84
96
97
94
96
86
93
87
93
87
83
79
89
94
100
90
98
96
87
98
89
98
92
100
97
87
95
86
79
95
58
68
86
75
42
52
84
69
82
78
80
73
76
85
89
89
102
91
105
93
103
94
101
94
88
98
99
88
102
91
100
99
97
93
97
104
93
96
110
92
91
99
92
111
120
118
119
113
121
76
122
119
68
111
76
92
105
97
93
95
79
99
94
101
113
105
95
76
87
109
98
87
90
105
82
53
18
77
35
65
46
63
24
10
29
42
40
51
59
63
61
79
92
91
85
110
96
107
94
96
94
121
104
111
115
109
112
85
95
111
95
103
103
112
100
109
71
93
93
112
98
103
93
101
103
100
100
109
95
87
38
78
100
77
50
22
91
60
62
22
3
13
12
5
4
3
8
6
18
22
32
41
40
49
51
36
53
49
14
39
32
15
7
34
28
23
21
26
18
30
17
16
32
39
54
55
44
71
68
74
80
88
89
78
101
97
101
94
103
97
108
97
105
100
100
100
99
112
96
88
98
86
88
93
75
89
99
107
97
97
106
106
113
96
105
111
113
116
118
115
125
115
96
121
112
61
101
122
85
72
92
107
112
91
95
87
84
93
93
102
110
118
98
118
107
124
109
106
104
89
105
94
67
101
82
87
64
100
86
99
92
106
92
87
81
98
95
104
97
122
112
121
110
113
105
124
130
122
121
109
93
106
82
114
115
108
110
107
116
114
117
119
131
119
116
119
124
98
113
118
106
122
112
103
105
121
109
100
110
102
114
98
115
102
115
100
115
108
115
102
112
109
111
104
114
112
97
107
100
113
97
107
97
108
100
106
114
111
100
114
113
106
114
89
116
114
108
98
102
94
102
81
74
90
85
81
94
89
87
94
77
86
88
72
97
98
114
100
96
108
113
105
114
89
103
94
90
104
94
102
87
95
102
95
86
105
104
97
121
111
115
111
101
103
116
96
49
69
63
58
113
87
86
84
92
77
87
74
55
85
88
88
79
91
82
119
120
124
121
133
141
142
126
135
104
83
79
105
69
62
79
87
65
78
68
47
78
49
69
49
69
37
17
4
8
11
24
12
19930
19942
19933
6
22
43
18
5
10
42
38
7
36
5
3
6
15
12
3
28
11
5
13
19
8
41
10
4
11
47
37
34
34
59
52
56
55
89
87
87
103
117
96
110
119
101
110
122
121
139
139
151
104
97
112
89
114
76
55
70
84
171
159
172
135
169
167
166
211
213
229
150
151
139
136
137
147
106
100
107
111
106
113
117
119
108
115
107
118
114
110
122
118
121
115
105
103
111
96
103
95
105
94
94
104
108
98
112
104
110
113
112
104
109
107
110
103
102
110
107
97
103
93
93
107
107
104
97
107
108
98
111
104
110
94
107
100
108
105
108
110
108
105
110
107
109
101
101
109
89
99
105
103
106
98
105
98
102
100
94
110
104
98
103
105
96
106
109
102
110
107
113
104
111
108
108
112
103
110
108
95
107
100
107
95
108
96
108
105
111
99
110
107
110
99
110
102
110
99
108
101
109
103
110
99
113
106
112
105
112
108
111
108
104
108
106
93
105
102
105
93
105
103
109
98
110
103
105
113
110
103
110
102
111
105
111
103
108
112
111
104
104
112
107
99
106
93
107
96
111
103
111
101
101
112
112
104
104
111
86
97
106
102
95
118
110
116
103
120
108
121
110
123
111
106
101
111
102
85
101
107
94
105
99
91
92
108
101
91
106
91
102
105
106
109
109
99
112
106
112
105
110
112
110
100
109
103
109
106
109
102
102
106
105
92
105
94
109
103
108
111
110
100
112
106
112
97
118
111
119
109
122
94
113
111
116
98
125
110
92
99
105
104
118
102
115
109
103
122
111
110
119
102
116
101
105
112
113
91
100
107
99
106
100
98
76
105
95
103
96
108
101
98
104
104
97
97
98
104
111
113
105
113
115
113
99
115
107
116
107
114
105
117
108
118
123
108
118
107
99
95
107
103
90
107
93
103
99
91
108
105
115
109
101
116
123
110
122
132
122
108
94
50
67
88
113
19
18
75
102
42
33
13
11
11
13
33
32
25
31
23
41
39
29
35
63
38
57
49
64
63
85
84
103
100
115
101
118
110
125
109
121
116
110
113
105
112
88
80
67
52
54
68
26
98
39
12
9
9
36
34
44
36
31
35
39
31
47
57
72
77
61
77
69
85
85
109
109
110
118
117
105
106
118
117
113
115
106
108
100
104
99
97
108
102
108
107
95
103
103
108
99
97
105
110
101
98
109
109
104
110
97
106
113
108
97
90
102
92
98
91
86
95
92
86
88
90
94
106
105
90
79
109
106
103
91
89
99
97
104
104
77
77
106
111
111
104
121
98
108
100
115
114
116
106
118
107
118
106
116
108
114
98
110
102
108
95
94
108
73
104
83
96
104
92
107
101
107
98
117
114
99
92
108
110
83
97
109
92
99
97
92
91
128
111
102
118
131
120
132
126
133
104
91
115
89
99
117
99
103
93
80
118
90
120
45
18
19
96
16
69
8
4
9
22
29
35
30
47
68
66
52
16
44
54
60
22
71
68
45
31
38
4
3
2
27
21
30
14
21
53
54
67
66
66
59
76
75
95
93
103
95
109
95
110
97
107
105
108
98
97
112
96
64
75
74
71
82
95
83
69
87
107
98
95
105
124
134
125
118
111
107
114
106
105
114
110
98
110
94
97
90
80
94
86
79
88
99
93
99
93
73
102
101
109
103
114
101
106
115
104
102
103
102
41
80
115
56
33
75
60
88
89
72
86
52
65
62
65
91
92
107
99
82
99
105
91
109
111
103
117
105
104
114
110
107
107
95
105
94
107
96
111
107
108
108
118
111
98
121
105
111
104
105
112
113
102
103
120
116
104
116
109
111
120
124
110
122
112
107
119
119
110
111
115
112
101
110
113
114
111
104
117
116
105
116
103
111
115
94
110
108
98
87
100
107
95
100
104
95
109
93
103
101
84
96
100
107
99
106
100
111
96
106
106
101
109
108
94
116
102
107
94
104
120
103
117
107
99
93
100
95
103
96
103
102
105
96
102
94
109
108
96
109
96
107
99
104
103
102
90
102
95
94
102
100
71
89
84
71
93
87
74
99
91
92
91
105
89
106
103
102
74
98
94
90
97
97
90
87
101
75
69
93
77
109
57
83
70
88
79
80
59
77
58
71
71
72
71
104
88
94
116
101
109
88
99
98
116
107
99
104
111
110
108
97
105
98
106
107
96
108
103
111
104
121
113
124
133
121
132
120
127
120
109
118
89
116
103
106
95
110
94
107
96
104
95
114
111
105
111
104
93
106
93
86
97
83
105
94
107
104
108
108
126
128
131
129
113
115
114
110
113
110
113
101
111
108
115
103
113
109
120
112
119
112
107
123
119
111
118
109
118
105
121
119
125
120
125
117
117
124
124
131
126
118
111
119
123
110
119
102
111
102
108
105
101
110
108
99
82
95
92
64
72
87
92
103
85
102
101
80
94
94
114
108
110
118
100
91
118
108
116
109
127
108
116
120
103
38
78
102
58
91
45
6
4
67
