84
70
70
164
159
44
176
215
214
177
238
235
144
144
131
114
90
80
99
130
82
123
197
191
174
182
185
139
165
135
146
153
90
39
95
88
70
85
77
92
92
113
136
136
102
136
126
117
86
70
103
158
101
111
101
98
89
105
104
120
104
88
69
103
113
96
111
113
27
99
68
72
71
91
88
68
84
91
98
98
98
105
110
120
102
91
116
98
135
111
136
141
151
143
155
137
140
133
152
136
139
108
123
117
132
123
111
108
122
122
110
116
104
95
144
147
125
143
112
135
108
107
99
122
122
103
116
107
96
107
113
98
99
84
93
82
98
103
91
105
100
105
104
102
131
114
84
127
37
117
58
66
97
28
5
3
11
22
26
38
49
40
34
26
27
23
27
37
4
5
14
25
37
34
54
57
46
55
68
65
54
62
69
32
64
30
57
12
75
14
4
13
11
26
38
46
54
55
49
55
66
83
79
95
89
101
89
75
102
83
87
63
57
55
66
97
77
88
39
35
4
6
6
8
10
37
49
48
39
44
67
67
63
58
29
33
85
76
59
54
75
65
9
11
7
7
7
20
33
43
50
33
48
36
13
21
27
24
51
12
3
5
3
24
17
11
13
12
42
44
47
41
26
17
20
12
68
33
20
39
7
17
15
17
34
37
34
51
40
43
69
41
29
30
33
64
44
39
8
27
18
28
6
15
21
11
8
21
21
23
43
56
60
58
61
64
84
96
98
100
114
115
83
84
100
108
16
95
13
108
78
60
63
15
56
35
6
3
20
22
40
45
53
43
64
70
68
85
83
72
92
101
76
85
106
87
84
103
81
91
87
100
90
82
98
86
108
98
72
100
131
121
137
127
139
127
118
114
76
60
128
66
88
48
97
76
72
82
64
47
57
72
73
94
94
137
129
120
141
121
135
133
111
125
97
90
97
86
82
79
82
99
90
97
90
105
92
95
81
90
93
104
93
75
100
80
96
91
96
90
90
99
94
90
84
92
91
85
72
103
100
90
100
91
97
62
106
82
77
76
85
84
88
95
95
94
109
103
122
42
60
102
105
30
36
67
53
101
9
9027
9059
9064
6
10
10
10
8
5
2
4
6
5
6
19
19
4
14
18
15
34
26
6
6
23
25
7
22
12
8
9
15
41
22
15
30
28
16
27
4
6
4
3
5
3
6
3
23
9
23
24
15
31
25
15
34
30
44
38
66
64
42
48
39
12
46
18
66
68
7
4
5
19
8
11
21
4
24
35
46
47
65
66
81
75
71
82
80
80
101
88
91
118
95
100
123
115
127
116
115
121
105
55
83
35
91
40
38
72
5
15
32
37
46
45
62
61
83
69
74
90
69
78
88
37
24
61
66
17
54
9
41
36
38
40
7
29
41
41
19
24
28
26
11
39
9
8
16
26
26
37
44
51
43
71
64
60
85
82
94
92
94
122
121
98
93
119
99
109
98
106
113
101
109
102
103
99
106
92
81
96
105
90
87
92
101
91
81
79
76
86
109
89
81
103
96
106
96
96
96
99
111
64
73
29
24
73
45
92
106
58
38
8
6
21
35
40
38
48
45
59
69
68
82
82
90
99
94
93
87
91
86
101
93
108
87
109
82
107
110
93
107
85
96
96
93
91
81
30
24
65
22
58
49
43
78
6
18
37
51
48
37
45
61
63
67
61
52
19
32
67
44
59
76
55
5
14
29
37
44
34
45
40
26
24
49
41
30
10
48
8
10
23
11
22
25
12
24
3
3
4
6
5
23
9
19
33
19
21
24
28
36
26
20
31
40
30
34
49
54
50
58
61
69
59
84
80
79
93
93
108
79
106
94
96
98
100
90
84
99
48
53
20
55
85
43
23
76
5
3
3
5
12
46
50
47
64
66
78
61
97
97
119
121
121
108
110
81
63
59
52
39
109
84
108
121
4
3
3
12
6
7
30
20
24
22
10
46
32
35
26
40
26
37
42
43
63
49
54
69
62
61
67
50
62
24
59
39
32
52
36
7
6
3
1
9
11
31
34
15
13
19
24
30
17
8
9
6
20
9
17
28
22
22
48
36
27
39
35
56
68
38
75
21
37
45
59
33
25
11
34
43
39
28
24
45
22
41
30
14
26
13
30
28
34
48
45
44
61
59
57
81
74
85
86
71
48
22
18
16
85
39
78
27
76
54
9
7
23
42
26
37
24
46
45
64
55
50
65
47
76
70
86
89
67
98
90
90
92
105
96
96
103
115
106
62
109
93
63
96
105
99
30
73
5
4
11
26
37
49
47
68
66
54
57
85
99
98
82
89
70
94
97
91
101
104
99
110
110
111
123
113
109
122
109
109
120
126
124
118
97
98
67
80
82
45
57
100
98
112
89
93
92
119
131
131
118
149
113
125
118
128
118
113
119
119
97
106
117
102
98
111
104
99
107
110
98
112
95
107
99
102
108
107
108
104
111
107
126
110
124
108
119
116
111
116
118
114
105
110
109
80
88
69
63
103
121
108
117
118
104
104
106
109
115
131
110
107
128
99
113
108
104
103
106
71
83
20
36
31
90
39
57
70
3
22
18
18
39
38
54
49
47
72
65
61
63
95
89
101
80
89
92
99
150
131
150
152
152
145
132
131
121
117
138
130
130
125
120
114
118
107
113
109
109
101
111
107
107
104
84
106
117
95
91
97
95
85
85
72
66
51
53
50
9
16
19
17
34
31
21
20
29
32
31
28
27
51
34
34
51
53
68
61
79
76
58
21
66
65
81
39
72
57
44
84
4
19
19
16
18
11
21
22
16
31
13
18
48
26
26
18
20
30
27
37
46
45
24
52
61
65
64
59
88
73
94
93
104
111
114
120
117
138
4682
4671
4702
4681
4695
4712
4681
90
4701
4688
46
4675
84
64
4
17
22
19
28
44
52
49
73
72
47
69
60
35
23
78
62
76
25
58
74
63
49
55
92
90
78
19
44
51
16
42
25
19
37
58
10
14
12
7
8
16
5
3
13
4
3
16
16
26
27
38
40
55
56
46
64
53
55
83
72
80
82
73
72
85
76
78
86
73
79
76
84
89
86
85
102
92
77
84
99
93
96
63
77
91
56
36
42
6
27
41
32
30
29
38
20
22
30
27
30
8
19
18
24
27
27
27
37
39
23
28
8
31
6
20
32
34
25
47
33
39
52
58
33
61
30
50
22
53
17
4
4
9
5
14
8
4
8
12
13
14
18
19
20
27
38
37
39
38
48
53
63
61
72
68
83
75
89
86
94
92
105
114
98
100
102
112
96
109
100
99
104
106
49
71
87
97
63
31
101
34
18
41
4
4
17
5
11
9
8
17
27
42
38
39
56
49
47
45
74
78
89
79
98
93
96
96
88
100
100
105
97
84
95
68
30
40
83
58
49
109
15
7
15
13
29
48
47
55
54
60
70
77
80
68
59
75
78
95
100
87
39
83
37
98
79
29
50
39
23
4
22
32
36
32
48
49
60
59
14
50
35
29
23
72
46
76
54
32
11
12
40
41
32
56
41
52
65
63
25
34
37
15
32
60
70
51
48
44
8
7
33
29
28
27
51
17
32
21
49
34
18
36
19
48
4
4
11
5
10
18
22
37
48
55
54
77
75
70
94
94
110
105
42
33
20
62
87
106
60
17
78
9
11
11
9
11
19
21
3
59
24
16
26
19
21
23
7
5
5
13
32
24
38
32
61
56
64
79
71
87
81
95
94
108
80
113
111
86
112
67
77
53
108
98
50
57
50
69
81
95
66
71
79
82
84
78
81
96
94
95
107
62
88
47
22
30
40
79
71
8
28
27
31
40
16
23
28
25
41
8
16
16
39
12
18
28
15
31
35
5
22
9
21
17
10
5
20
40
51
56
59
78
70
49
58
62
71
75
21
47
44
77
4
12
15
26
33
36
49
38
49
53
57
66
72
69
68
74
78
65
78
83
82
97
82
58
64
88
68
15
64
39
31
87
82
43
32
74
88
3
3
4
5
20
23
10
17
19
55
66
63
53
55
81
78
72
76
99
101
105
112
109
95
102
82
108
108
101
128
118
111
36
57
23
92
11
88
70
49
104
8
26
40
51
48
57
41
31
55
32
56
51
43
44
9
19
18
25
27
43
24
32
11
48
40
22
18
7
4
35
29
45
38
44
43
42
47
40
49
39
24
43
48
11
29
11
10
38
47
47
59
61
70
80
82
76
94
79
91
101
98
111
115
105
56
107
43
39
66
17
98
71
27
92
7
4
4
2
3
6
15
13
39
45
42
10
12
6
7
10
10
37
34
28
27
35
32
9
13
10
29
42
50
68
57
67
62
53
51
63
12
12
27
38
38
22
19
8
33
41
37
6
6
19
25
15
12
11
10
5
8
6
15
15
23
22
47
34
55
61
55
60
58
74
97
95
86
105
96
92
102
106
93
114
98
117
110
116
91
99
93
104
102
120
105
112
97
112
94
111
114
103
75
79
106
76
92
63
109
99
106
93
110
121
112
132
124
130
106
120
107
122
111
119
111
120
107
118
111
107
103
86
106
93
120
108
117
109
125
116
121
118
125
101
113
101
114
108
104
116
115
103
117
131
39
27
88
73
65
54
93
116
107
13
12
27
25
42
39
54
61
52
57
76
20
63
38
65
46
73
48
53
29
4
4
6
8
15
13
4
11
26
6
16
8
46
39
55
61
66
59
75
78
83
89
88
107
101
110
114
97
92
113
102
66
45
65
53
79
37
32
103
91
4
15
19
28
32
54
66
49
47
40
73
50
74
60
68
23
42
70
9
9
20
18
38
34
44
43
42
50
66
65
78
79
88
88
90
99
65
92
76
91
14
87
39
68
35
5
8
6
21
21
22
23
17
22
29
37
32
37
16
9
34
21
12
5
16
34
29
48
37
30
32
33
46
44
88
88
92
95
86
73
72
72
16
54
42
45
30
58
56
74
46
75
9
8
13
16
12
3
2
4
11
9
43
38
34
22
19
45
46
45
25
11
15
39
4
4
20
6
10
12
10
5
6
25
23
29
34
18
17
31
18
57
56
60
66
23
20
18
8
7
24
20
30
26
15
24
30
6
4
7
5
27
23
44
24
31
17
28
21
19
3
7
5
20
19
29
44
53
42
57
27
14
29
47
36
34
36
40
5
12
32
35
33
40
38
24
34
36
43
24
6
9
12
2
23
26
17
18
34
57
60
60
83
66
72
72
78
76
94
93
125
102
54
80
99
90
72
100
75
42
5
16
16
26
26
42
31
43
44
61
49
67
33
7
51
25
29
52
35
16
3
6
5
11
27
13
31
28
28
30
4
18
21
31
31
27
24
42
45
8
40
11
36
8
8
28
28
40
31
39
33
48
37
33
35
67
63
58
33
61
34
64
85
82
76
91
85
82
90
88
100
89
92
53
43
41
69
93
75
19
80
7
5
10
13
16
24
33
50
54
53
48
83
74
79
94
93
95
92
89
76
98
80
80
73
62
73
84
95
82
73
83
92
74
72
43
91
61
30
64
54
92
40
9
10
7
31
36
10
13
22
17
27
14
25
48
7
41
41
58
56
68
66
78
79
69
82
95
93
85
86
98
95
77
99
81
85
80
78
95
67
82
93
65
65
86
89
89
58
91
89
88
78
81
67
86
78
80
89
76
89
89
98
106
102
95
101
110
116
85
83
106
91
74
93
84
101
99
98
102
102
109
89
94
115
115
94
95
103
90
77
94
90
98
98
116
92
110
95
104
96
103
103
85
104
92
98
86
92
87
98
90
88
88
89
99
105
91
99
72
84
55
65
18
29
49
39
89
6
8
10
7
8
45
42
38
56
55
66
67
67
83
54
77
31
32
82
67
47
3
11
21
22
38
31
46
55
55
58
27
42
56
32
43
39
57
18
7
8
28
41
41
51
49
51
54
63
60
64
80
92
102
113
106
118
110
83
97
81
103
93
97
99
89
56
39
61
34
60
25
98
80
3
3
17
5
9
20
25
13
11
9
9
19
12
38
55
44
53
59
49
70
67
64
66
61
56
28
63
39
58
52
6
7
24
22
24
23
45
43
54
22
32
23
31
48
19
46
43
42
10
8
9
4
3
20
25
41
38
59
57
58
52
77
71
88
97
83
96
73
47
56
107
77
63
75
45
54
96
76
59
50
56
61
61
59
57
94
81
106
96
57
22
80
74
29
19
15
36
2
4
11
9
3
2
8
8
5
2
17
26
26
39
44
49
61
73
63
72
79
76
60
45
75
65
65
50
71
64
8
9
16
8
5
19
12
30
8
40
37
42
33
35
39
27
53
60
66
71
66
54
77
71
80
75
99
97
107
65
87
78
38
40
103
37
43
15
14
18
16
12
5
20
18
11
38
40
18
11
41
37
18
20
35
33
53
58
58
74
58
73
65
67
69
80
81
92
90
91
103
101
91
112
90
79
100
102
84
95
28
18
11
38
68
86
16
25
59
3
8
8
20
5
37
33
28
38
33
19
38
55
42
10
46
43
5
44
13
11
3
13
12
29
39
30
41
57
26
19
39
52
50
22
3
20
8
4
19
3
16
5
6
6
27
7
4
23
13
3
16
7
5
10
6
11
8
4
3
5
5
5
13
16
33
15
13
35
37
45
47
66
63
68
66
61
65
72
65
63
92
100
83
35
96
49
31
19
58
89
71
74
4
6
16
11
11
10
11
37
37
48
57
55
52
49
61
65
62
46
19
20
51
59
4
40
47
68
4
10
17
8
12
17
34
34
56
69
59
57
61
32
29
61
54
33
59
10
10
19
29
31
39
38
53
50
38
14
62
58
41
57
60
38
39
4
8
18
35
23
34
37
19
10
35
33
16
32
28
37
57
66
73
68
61
56
56
48
44
43
45
73
9
23
20
37
27
49
36
47
69
26
77
70
68
71
18
12
47
30
71
32
5
17
43
28
35
49
31
49
34
55
60
57
51
9
6
4
8
16
15
36
42
41
55
61
73
70
65
91
92
96
95
116
119
119
125
110
122
73
83
100
62
113
125
46
38
72
66
6
53
8
11
6
9
10
6
4
9
13
12
25
34
35
55
31
39
37
33
50
52
61
85
63
53
24
58
8
13
23
23
17
16
12
39
4
20
8
44
28
16
41
41
7
12
89
48
19
49
30
43
37
43
46
8
19
48
40
4
11
25
40
48
48
65
66
75
71
62
69
72
74
93
82
103
44
19
69
54
40
79
25
15
104
22
4
2
27
20
24
23
22
15
13
28
42
44
39
61
31
22
29
41
32
8
20
18
18
40
48
63
63
68
65
49
45
59
42
62
24
43
62
90
37
75
46
46
66
82
76
82
98
99
84
90
108
83
42
31
50
28
74
98
96
25
27
4
3
2
2
16
15
24
10
13
7
7
34
13
10
20
31
9
7
15
14
29
39
41
54
48
51
72
66
82
84
94
93
93
92
109
101
103
84
92
100
104
102
72
37
93
32
64
82
50
88
92
44
75
63
62
75
78
80
96
95
78
96
89
91
80
96
89
91
79
96
87
82
88
94
93
83
85
79
75
89
96
104
83
91
92
88
104
74
96
94
87
82
81
85
90
85
83
90
80
79
78
89
70
90
78
81
89
79
86
86
82
95
83
81
82
85
93
85
60
85
71
89
79
76
87
77
95
82
95
78
83
92
81
88
65
87
20409
20421
20419
20407
20405
20413
20414
20418
20417
20407
7
4
4
6
16
14
7
5
2
23
20
8
10
20
24
19
6
3
9
23
4
4
6
4
12
10
33
46
23
46
11
31
12
25
11
19
20
20
37
42
56
60
75
78
71
73
89
64
76
85
55
34
59
25
62
8
18
15
13
5
4
19
30
15
19
14
37
40
16
41
49
59
52
53
53
52
85
96
97
104
101
104
110
93
123
98
103
114
114
112
115
110
108
113
112
119
108
119
113
95
104
120
113
109
108
98
120
112
109
111
101
113
120
115
113
121
113
103
87
102
78
76
69
100
86
79
99
87
109
100
108
107
115
112
121
113
121
130
127
138
137
125
134
132
107
118
122
103
93
108
108
97
109
86
106
103
102
114
107
113
97
110
105
91
111
105
94
106
95
106
98
113
109
122
110
128
115
105
105
118
112
107
116
115
112
109
101
116
75
74
98
111
109
99
107
108
100
111
95
109
108
121
111
125
115
122
126
111
55
46
40
83
112
105
93
68
124
68
6
13
14
27
60
79
66
69
103
101
99
101
122
106
109
117
337
305
288
312
316
309
296
109
105
93
105
108
105
113
85
106
123
78
42
18
15
45
81
28
6
27
45
38
36
37
34
47
30
54
50
5
15
15
42
42
51
57
67
77
75
98
95
104
100
117
105
125
124
125
130
120
129
119
107
126
117
103
129
110
109
95
116
114
127
128
119
130
91
71
68
103
84
43
116
81
126
6
8
30
52
21
32
15
19
28
20
38
4
5
4
3
13
14
13
6
14
4
17
10
10
32
36
28
6
3
34
13
15
10
18
20
30
5
12
21
14
28
23
38
31
30
24
51
47
24
33
29
26
20
53
29
46
33
3
22
12
19
16
24
22
18
42
50
54
52
71
67
14
69
29
62
59
56
39
63
57
15
8
29
8
13
24
9
24
23
22
21
19
34
7
4
3
3
4
6
12
25
8
11
25
4
15
34
36
34
38
53
75
74
47
66
82
72
56
58
74
17
8
61
80
45
10
88
23
19
25
23
25
63
53
49
13
61
45
15
26
57
5
21
15
19
12
33
18
29
35
6
6
5
10
7
16
12
12
56
22
11
51
16
24
19
14
8
9
29
30
31
41
43
57
81
75
54
66
57
72
45
19
22
51
65
71
4
3
16
22
24
33
38
35
53
50
51
50
68
61
80
74
76
66
91
116
96
100
114
39
84
56
11
27
37
65
108
5
5
5
7
9
41
41
49
54
49
30
28
41
54
50
45
51
17
11
4
4
19
11
6
19
8
4
5
3
6
5
4
4
4
8
30
42
56
61
45
54
59
33
49
11
60
58
36
51
15
11
15
14
18
8
8
7
31
18
5
26
4
5
14
13
8
18
10
7
25
22
22
43
40
55
62
64
81
87
86
91
54
34
64
78
101
78
45
100
32
5
9
8
8
5
4
27
28
41
61
61
82
57
49
55
43
78
82
67
93
88
98
94
72
86
77
96
86
94
95
110
121
109
108
78
114
71
42
80
94
60
108
83
90
88
104
102
68
73
87
85
102
102
112
118
109
126
115
130
108
125
116
119
108
119
106
120
107
106
117
117
117
110
114
108
115
107
116
110
108
128
109
121
117
110
112
102
120
101
112
102
114
114
104
127
115
123
113
122
107
120
102
52
26
122
45
33
71
65
81
5
18
28
14
17
19
4
12
23
26
34
31
45
40
55
67
66
88
85
94
101
106
109
106
121
119
111
113
104
107
109
102
104
102
103
101
102
101
107
114
98
84
108
101
107
99
85
88
101
103
93
106
93
111
93
18
64
99
37
116
69
70
52
8
18
20
37
37
39
52
54
60
56
68
63
66
59
68
65
59
57
77
66
100
98
101
84
91
57
45
20
96
99
28
87
4
4
4
5
34
26
45
42
40
64
44
44
46
39
20
54
41
61
36
3
17
32
25
38
54
24
49
27
43
43
45
17
27
16
5
14
15
26
26
38
47
47
64
54
72
73
67
28
45
71
73
69
34
66
74
3
13
10
4
14
13
23
35
35
40
51
46
54
68
74
56
51
26
49
41
25
60
60
50
4
3
12
5
9
32
30
8
4
5
6
10
22
25
33
32
46
42
48
51
26
46
31
30
61
48
25
28
11
14
20
15
18
5
6
21
21
23
34
30
45
28
50
59
67
73
75
74
66
84
84
80
68
88
27
70
97
49
67
36
2
3
3
3
12
10
22
21
20
40
16
31
10
18
38
11
19
5
13
12
29
26
35
22
19
14
24
37
11
12
11
9
32
31
49
43
57
57
76
73
73
82
75
83
105
98
106
96
107
93
108
90
94
112
100
101
114
116
104
101
112
114
106
73
21
58
44
86
101
39
61
88
8
7
30
27
30
50
62
70
75
69
90
88
97
97
93
119
124
99
75
54
37
111
28
83
65
46
3
5
16
20
5
35
26
33
34
33
54
64
58
33
21
62
5
4
4
14
5
14
14
22
34
35
44
41
49
48
54
58
70
60
65
75
77
70
86
65
43
78
27
77
37
42
72
8
19
17
7
14
47
55
14
16
12
50
38
31
40
34
48
72
69
65
63
79
82
100
99
100
102
114
104
98
104
111
108
121
105
111
91
106
100
89
110
107
99
111
106
110
114
93
83
105
69
86
113
104
92
85
102
84
84
110
110
114
113
121
119
114
126
107
127
105
113
94
108
109
114
97
110
99
112
100
116
91
107
93
91
72
111
103
108
102
111
109
122
103
72
89
90
110
102
126
114
99
96
76
120
98
66
105
94
79
100
88
72
83
83
105
101
70
113
87
53
48
78
105
68
97
69
55
79
59
59
77
76
93
91
99
88
72
80
79
84
95
85
72
81
91
89
105
105
122
100
103
118
111
112
122
120
114
109
112
91
98
106
91
73
78
97
65
91
97
99
123
102
98
115
111
113
126
124
115
112
88
106
100
116
100
115
103
116
96
101
90
97
114
102
111
101
114
108
115
93
103
101
113
112
107
118
103
119
100
113
103
90
114
95
106
109
107
109
102
120
108
117
106
115
107
112
101
112
98
111
98
107
113
109
125
118
131
137
141
135
139
132
144
200
194
196
180
189
177
376
377
368
313
364
323
340
348
343
330
151
134
72
139
129
125
92
92
105
99
111
108
139
137
125
136
131
142
123
140
121
133
116
111
109
126
129
119
136
116
122
110
122
114
107
102
115
117
106
112
101
92
88
112
102
106
105
94
106
98
77
84
70
105
99
94
91
102
20
63
78
30
75
49
97
37
59
57
4
14
31
42
54
63
64
76
66
45
53
68
62
36
68
34
53
9
24
25
24
60
75
75
77
75
42
58
66
40
39
55
33
54
49
7
13
11
7
15
28
8
13
31
15
12
10
15
18
20
5
12
25
34
28
44
62
64
81
78
98
99
98
96
115
97
118
126
64
54
93
76
102
92
94
103
103
70
72
81
89
87
85
95
98
90
102
90
81
97
66
101
98
82
95
102
81
68
75
68
65
98
98
107
100
39
62
78
37
39
39
37
86
4
3
9
8
13
29
36
34
46
57
52
70
68
86
72
80
86
89
103
72
49
38
55
77
99
102
4
15
13
9
20
22
7
45
33
29
41
9
34
12
33
7
29
32
12
11
16
6
17
13
15
4
3
15
17
21
26
25
4
21
19
33
44
47
47
66
64
84
82
86
89
90
97
116
112
126
135
115
118
127
108
105
117
119
125
106
83
64
45
66
92
62
90
14
75
12
56
57
58
14
59
30
12
5
4
14
26
18
18
19
56
72
73
80
52
50
71
73
87
80
93
103
92
66
69
47
71
39
100
65
87
83
99
54
32
57
27
19
54
44
30
39
95
4
3
8
4
35
28
38
20
17
20
3
13
13
19
38
54
47
57
67
66
73
83
94
93
99
106
121
120
116
99
102
41
19
71
75
32
92
56
7
9
26
34
32
43
39
30
26
46
42
11
12
8
35
46
31
12
21
18
20
5
12
14
32
28
41
49
64
75
73
19
42
76
38
28
60
76
55
45
31
8
5
4
2
6
10
8
3
5
10
9
26
24
27
21
30
20
22
4
3
3
3
5
3
5
3
25
10
9
7
17
16
31
32
32
55
53
53
50
65
59
70
79
72
84
82
89
103
103
86
87
101
88
98
93
69
35
37
31
63
50
86
16
3
5
21
20
32
17
14
3
3
5
15
24
15
13
8
22
29
38
51
61
62
63
75
64
58
80
68
102
102
107
98
109
107
85
21
81
88
39
31
59
95
90
85
46
10
8
11
32
41
31
12
40
9
20
24
5
18
21
16
28
24
23
34
48
37
9
21
45
46
71
46
45
56
55
50
57
75
75
89
87
91
53
30
64
45
34
68
4
6
7
35
14
95
106
43
35
48
47
71
75
74
64
21
54
74
38
52
53
54
71
88
4
5
19
22
31
24
42
35
42
52
54
66
16
39
62
23
58
16
14
24
36
3
20
27
31
31
29
56
51
66
48
39
57
54
25
28
12
30
5
14
5
2
33
19
38
19
41
40
43
44
48
66
69
68
84
79
73
84
85
96
95
114
102
109
106
86
94
111
97
95
107
95
102
96
60
101
48
46
21
68
92
63
28
55
5
14
39
29
53
41
43
70
69
86
85
88
94
85
100
70
22
93
78
28
20
102
51
40
59
13
25
38
49
57
59
45
65
63
54
67
55
44
85
86
77
85
65
45
67
46
57
42
17
43
34
15
69
60
19
36
43
45
52
60
53
16
16
26
51
63
54
36
63
48
4
2
15
3
2
16
6
15
17
23
22
9
20
2
3
25
24
37
45
57
55
63
64
71
71
71
95
92
77
103
90
101
97
74
100
83
99
96
86
95
91
77
30
69
39
90
75
62
17
60
4
25
26
40
51
51
54
73
85
84
92
102
105
103
104
119
105
96
18399
18408
18424
18414
18428
18441
18438
124
120
96
118
164
58
81
18422
72
5
7
9
16
14
11
10
6
22
13
7
20
22
18
20
37
14
9
12
27
35
18
4
4
14
22
20
15
16
4
5
21
10
20
36
9
33
17
23
39
4
14
11
3
3
16
16
19
19
37
58
60
67
66
59
74
73
83
101
98
106
37
109
52
27
74
21
84
61
4
4
18
5
4
2
27
22
27
33
24
32
38
53
63
76
78
50
89
78
70
69
91
98
100
114
103
97
96
114
122
104
95
104
92
100
85
98
86
103
77
63
54
75
92
92
97
87
33
20
36
86
29
18
75
5
33
33
30
33
23
21
27
30
26
35
7
27
27
42
47
36
39
25
43
32
22
12
12
22
40
18
25
29
40
56
58
11
47
66
25
15
48
8
4
9
4
21
17
509
507
492
498
166
157
1553
36
1531
1518
1551
1524
1528
35
1520
1430
1520
4
4
31
44
39
57
46
21
17
59
14
17
41
8
13
6
10
4
6
4
5
6
3
29
16
7
23
12
9
29
31
51
37
48
56
50
56
49
22
42
28
29
18
65
62
53
66
7
18
14
37
54
68
71
85
71
85
80
101
99
110
129
114
118
116
128
129
144
116
114
90
127
105
119
18
96
74
25
28
65
66
93
99
50
7
7
3
5
10
9
33
33
55
56
65
76
73
71
70
87
72
89
75
86
96
116
102
122
111
107
63
85
55
123
39
31
81
115
17
71
4
13
15
23
37
44
55
44
53
66
64
80
88
85
96
108
97
121
116
108
108
92
97
97
119
63
53
78
95
25
57
47
34
8
8
9
20
26
12
29
3
28
51
50
51
55
67
76
46
67
52
68
16
57
27
71
68
4
8
6
7
4
22
32
56
56
72
70
79
79
83
89
91
99
108
91
101
93
98
96
81
98
95
78
91
96
107
102
95
111
106
96
100
120
67
56
85
106
50
77
116
83
5
10
78
57
9
19
20
22
39
26
38
42
11
9
3
4
5
17
30
42
45
46
43
65
70
75
77
93
95
63
73
62
74
36
24
103
71
47
5
17
23
19
39
36
47
43
26
16
24
22
40
43
44
7
7
5
17
15
18
14
11
30
21
4
14
19
51
62
53
24
48
45
40
50
37
42
61
52
9
6
24
20
23
17
7
5
16
33
49
52
48
74
74
95
93
102
106
107
118
115
113
103
104
98
106
96
103
78
31
45
21
95
46
62
85
4
9
7
36
31
36
39
37
19
40
34
34
31
22
3
11
9
6
3
6
18
24
26
54
46
56
58
47
66
56
68
69
71
57
61
52
55
75
42
49
64
34
52
17
12
27
19
25
23
21
11
3
13
15
12
6
21
4
14
12
23
14
4
13
12
19
34
41
58
56
70
68
86
88
86
106
98
67
100
79
90
84
93
94
91
110
51
27
49
48
34
81
93
68
49
3
18
17
40
57
56
59
81
80
95
95
96
118
102
92
120
96
78
216
213
196
37
185
179
34
32
57
65
77
84
86
62
74
79
74
76
75
82
66
64
102
92
90
101
99
91
97
84
93
90
102
91
110
101
111
103
110
107
111
106
101
109
104
102
93
100
77
97
84
99
87
93
85
94
86
90
73
89
89
95
97
90
108
94
101
100
94
107
100
99
79
92
85
101
95
98
106
110
102
98
107
94
93
99
91
79
92
94
89
99
101
101
94
99
91
104
90
88
84
84
78
95
94
87
88
99
100
96
103
98
96
89
100
91
79
99
91
89
85
89
95
88
97
96
96
100
100
108
96
94
102
101
103
107
103
93
103
107
101
101
90
91
101
102
100
100
95
89
95
91
103
77
106
89
96
96
100
90
108
97
97
112
87
98
88
78
97
86
86
90
88
94
95
95
103
105
104
98
84
106
91
74
101
88
99
97
91
97
98
76
88
88
97
92
96
91
69
77
75
82
91
89
100
99
89
96
95
97
109
84
91
93
101
91
103
92
93
98
94
102
93
68
92
74
88
85
95
75
87
77
88
84
85
92
94
92
98
93
98
105
99
93
111
99
116
109
104
99
104
94
102
105
93
97
103
121
120
116
110
121
122
105
110
95
113
94
95
100
89
106
82
91
82
77
90
97
98
79
92
97
103
110
108
109
91
101
114
105
106
84
107
98
97
91
111
70
68
58
38
92
81
39
33
70
97
56
53
69
49
63
56
65
94
91
101
102
102
99
101
100
114
102
103
91
104
94
107
104
121
103
116
119
118
119
119
108
112
109
102
90
102
90
100
98
77
86
98
79
12
88
86
72
24
53
36
59
40
5
26
12
29
10
9
28
16
42
30
49
6
7
43
14
12
18
21
42
8
8
9
9
5
4
5
7
24
37
30
35
27
17
15
33
37
30
9
25
28
30
12
18
5
5
21
9
12
20
32
28
37
24
19
22
8
9
49
7
4
37
41
40
58
59
79
77
81
84
93
98
97
93
113
115
115
121
95
115
116
122
132
134
124
132
124
83
103
81
105
85
44
60
101
108
69
31
23
52
7
4
16
10
22
4
11
3
4
8
24
34
45
57
50
67
75
69
90
89
102
102
62
110
84
87
48
30
29
97
70
9
8
32
40
47
42
52
71
69
78
86
78
75
91
84
100
105
109
90
94
92
115
98
119
100
114
121
107
121
118
129
114
101
102
113
104
93
109
98
104
110
115
106
123
108
106
113
98
119
114
83
96
103
103
114
99
115
101
117
96
112
103
130
92
89
118
103
120
115
120
125
110
98
117
115
105
113
107
100
85
101
96
102
107
97
113
105
115
112
130
107
113
113
100
104
101
106
102
90
83
101
100
105
91
103
94
103
96
103
103
102
95
120
109
120
119
123
108
122
117
124
122
114
104
101
123
112
114
101
110
114
98
118
108
112
109
101
111
96
121
107
110
87
104
97
109
101
87
97
85
69
86
66
81
97
94
93
98
98
107
86
95
103
103
115
101
113
102
115
100
110
99
107
106
104
94
104
102
126
114
327
323
315
312
310
295
290
278
248
215
4
16
9
11
29
11
20
30
4
15
14
46
44
45
42
63
75
17
33
19
21
16
31
65
56
36
11
7
8
7
29
5
21
15
24
21
18
10
7
6
24
22
37
43
39
40
37
55
47
62
77
74
73
36
75
45
58
74
54
35
16
44
22
5
5
32
46
47
39
48
48
59
63
77
36
60
60
45
42
50
54
98
101
110
109
122
118
139
138
102
89
90
75
29
86
40
101
56
13
9
11
33
54
64
18
41
25
27
37
27
29
30
4
3
18
17
18
18
9
5
5
4
8
6
8
18
39
11
7
7
6
10
9
5
8
33
24
25
32
64
88
87
97
104
84
84
80
89
82
103
92
105
93
115
103
89
84
59
101
106
77
92
64
52
59
57
74
85
90
86
108
105
110
116
120
107
99
88
80
87
82
99
107
115
101
110
110
109
96
99
87
97
106
96
108
93
111
104
119
93
84
50
91
43
64
29
70
108
4
8
6
4
19
4
19
3
10
20
17
33
44
27
47
61
63
75
87
86
94
101
102
101
118
98
106
118
82
43
48
45
95
61
118
77
54
4
4
4
3
4
6
21
11
13
8
10
18
32
7
25
24
23
10
9
6
22
20
19
5
3
5
6
15
13
21
31
26
36
43
27
22
30
41
38
13
11
7
9
3
3
5
3
3
9
4
4
23
28
22
38
37
55
52
48
65
81
60
72
82
79
77
89
58
72
83
90
92
95
81
81
93
103
95
81
93
90
93
84
103
116
119
101
87
102
62
17
53
33
102
65
52
15
50
9
8
44
47
49
19
27
26
23
17
21
17
5
13
22
9
11
5
21
26
34
35
47
36
49
46
53
49
76
87
92
84
102
100
119
118
125
115
127
109
114
104
115
105
111
82
72
97
30
20
91
38
57
55
6
17
7
18
19
36
47
26
24
36
47
24
11
19
14
41
24
49
6
7
31
29
58
51
47
46
67
67
77
81
67
95
77
99
89
84
58
65
72
79
77
86
77
82
80
101
98
105
106
72
32
21
63
75
12
51
69
88
5
6
21
21
31
13
6
27
9
16
16
21
28
31
16
25
5
12
15
5
13
5
17
18
16
9
22
22
19
5
21
18
3
14
5
9
19
22
38
41
40
54
51
63
62
69
52
54
30
35
36
68
36
33
55
13
23
31
46
57
54
47
72
68
84
89
88
108
118
107
67
90
58
86
40
48
88
89
93
108
111
120
117
91
79
83
97
96
104
112
113
106
94
52
91
70
13
13
64
80
15
3
18
18
11
12
11
4
12
14
26
43
43
56
54
67
60
81
79
97
93
112
111
113
108
109
112
115
102
98
101
75
91
98
88
99
90
102
97
64
30
87
51
93
16
67
65
42
8
19
28
27
33
35
39
24
23
11
4
19
21
28
39
52
62
52
67
68
75
75
84
89
90
100
95
103
104
106
103
93
112
97
110
98
90
104
103
95
106
98
102
88
96
71
61
85
97
80
87
90
85
91
61
89
82
77
80
81
89
81
70
90
82
97
82
86
97
101
90
100
93
97
92
85
98
85
63
81
70
87
80
79
73
84
86
88
73
72
81
82
94
94
85
88
85
96
82
96
85
93
82
94
79
87
59
77
58
74
71
78
70
81
80
86
74
57
78
65
22
49
54
72
40
71
17
35
13
10
42
41
57
49
62
60
56
78
77
86
92
83
85
92
91
82
94
78
88
96
81
87
88
96
93
83
74
92
74
86
92
87
93
89
89
84
93
84
84
83
93
81
18113
18113
18111
18119
18103
18131
18132
18149
122
18156
139
134
133
141
142
166
143
169
146
152
112
122
111
130
112
98
107
89
107
102
104
97
116
106
119
130
105
118
130
130
203
153
109
138
119
170
102
172
197
119
4
14
16
18
30
36
45
50
55
59
58
62
66
73
62
75
102
108
102
114
92
67
67
68
86
84
90
84
98
104
97
110
107
122
110
115
125
59
22
41
29
87
61
76
99
6
3
26
30
49
58
60
61
73
76
88
84
89
111
105
107
97
108
114
111
115
86
94
110
97
56
97
44
37
79
112
62
95
32
2
4
3
5
19
26
19
48
44
45
47
70
75
75
68
70
90
91
97
86
78
89
84
39
70
51
16
92
71
103
67
18
4
10
4
4
12
2
16
5
18
23
14
11
17
28
27
46
58
69
63
79
81
88
83
90
85
86
101
107
63
114
67
92
104
70
51
81
90
86
85
19
31
54
12
31
21
27
8
13
18
15
5
6
24
42
24
27
61
69
68
83
83
99
68
64
66
44
74
36
67
73
27
53
18
10
9
29
25
12
23
7
4
5
9
5
6
8
16
19
39
46
54
53
42
33
57
27
22
44
20
5
47
22
55
17
33
31
27
4
6
4
8
12
10
8
16
22
4
16
16
5
11
20
21
35
51
44
55
43
48
53
65
72
73
83
48
33
68
38
23
43
53
65
27
3
12
14
30
25
17
37
43
41
17
4
5
49
40
55
47
49
60
48
63
62
48
74
69
96
89
68
61
73
55
92
66
86
15
11
77
71
91
64
15
5
3
22
24
31
16
18
32
42
49
18
15
40
42
5
3
11
4
12
3
9
25
11
38
36
57
33
35
17
15
14
14
3
5
12
4
7
12
7
16
22
20
26
27
3
18
18
23
22
17
35
31
24
35
35
51
60
64
29
61
13
30
31
65
27
6
25
49
13
26
44
45
70
68
72
69
80
73
84
92
73
107
55
108
100
85
88
59
112
104
76
87
83
102
94
104
120
115
93
102
102
106
109
105
96
79
106
93
106
104
120
119
102
102
117
112
104
88
91
108
97
107
99
102
115
111
98
101
91
104
69
28
73
86
47
39
27
5
9
18
19
31
26
32
40
40
44
38
39
43
51
50
62
73
78
69
60
38
37
48
62
26
73
52
37
3
7
5
13
29
25
15
23
6
18
24
30
36
52
65
57
36
65
57
27
25
39
40
69
23
68
5
13
34
45
44
52
54
59
56
74
70
78
79
97
105
38
74
71
40
25
103
67
39
37
45
3
5
26
33
34
32
57
50
48
67
61
76
92
69
78
29
94
18
61
41
18
25
3
5
8
22
32
17
8
14
39
59
48
60
50
69
70
61
78
80
70
77
86
80
98
49
32
69
79
58
52
26
4
16
15
43
43
52
54
57
59
57
56
83
83
76
88
92
88
94
78
90
86
100
92
103
111
79
87
94
104
78
89
110
96
101
68
81
37
52
45
89
6
8
8
18
33
33
30
39
47
42
56
52
60
58
77
72
79
84
89
97
87
95
108
105
127
119
122
110
109
123
46
59
110
65
91
112
80
96
95
79
96
100
76
72
94
91
109
99
111
110
125
115
122
105
114
100
116
102
115
101
100
109
110
101
115
106
111
105
109
101
91
110
97
92
107
80
111
102
102
117
118
112
122
95
126
104
110
106
114
104
112
105
113
104
120
108
114
113
108
117
95
106
107
85
98
36
52
67
24
71
48
33
101
4
4
5
16
23
31
29
31
23
35
25
33
32
96
93
92
64
57
110
81
96
97
105
112
104
119
109
100
121
96
104
92
97
96
81
89
49
33
86
11
67
53
31
4
5
23
51
46
67
66
71
83
82
83
110
108
109
54
104
72
85
73
92
57
46
71
62
2
4
19
19
20
3
19
20
19
4
3
10
23
17
27
29
29
33
30
41
41
30
32
37
33
36
31
35
31
23
39
35
22
52
47
60
51
58
62
58
73
59
62
76
77
86
91
91
90
90
79
78
96
85
95
101
92
96
78
90
70
57
80
91
89
83
75
88
57
73
70
71
100
94
101
100
112
110
110
123
123
114
110
100
121
102
109
124
107
123
105
114
99
107
73
93
93
104
90
103
96
101
94
93
93
98
97
87
91
96
96
90
98
92
100
101
110
89
109
96
112
111
93
90
97
97
78
69
85
76
94
92
91
88
87
95
102
104
98
94
92
91
102
92
100
91
68
80
91
99
92
83
89
20
53
79
52
29
74
55
58
68
4
4
7
12
11
28
38
47
50
58
65
60
69
26
59
38
49
37
62
29
45
4
3
16
3
17
4
13
31
29
51
50
65
62
59
63
78
71
87
85
94
82
100
88
67
83
86
103
100
102
107
94
109
94
105
99
94
104
102
101
85
95
99
87
90
94
81
91
90
97
100
78
91
103
95
93
89
82
71
86
92
94
78
88
93
86
71
95
97
90
89
98
103
94
111
98
114
105
102
94
103
89
101
94
99
88
101
90
100
89
90
101
92
102
103
82
90
108
95
99
104
96
105
106
98
99
99
93
108
92
85
98
106
96
102
95
104
100
117
107
152
136
143
135
154
152
150
157
154
107
93
101
98
128
113
113
106
107
109
120
128
126
100
122
117
122
126
115
128
107
120
109
127
106
125
124
117
103
117
101
113
97
107
92
107
115
100
101
107
98
85
76
67
96
107
92
95
102
98
105
105
120
101
122
121
128
107
125
112
121
119
112
124
97
75
104
83
93
104
111
106
95
86
99
67
89
90
106
98
89
104
93
101
106
85
113
107
111
104
108
99
113
106
121
75
105
92
103
92
104
98
92
104
99
82
90
100
103
110
97
98
108
97
106
81
101
97
123
131
108
131
122
125
134
139
128
103
97
108
99
119
104
117
113
102
88
75
111
119
109
95
114
97
110
95
87
87
116
116
135
127
131
121
133
115
127
106
113
94
87
93
106
77
105
98
97
96
100
100
77
88
77
100
94
99
105
102
102
114
121
109
105
96
108
88
117
110
124
110
124
111
133
122
111
111
124
121
119
112
120
111
116
112
115
107
111
102
97
111
97
92
98
102
91
92
107
91
109
101
93
105
93
104
98
103
96
90
52
68
81
62
98
89
79
86
82
85
83
99
72
92
91
102
107
91
109
74
97
58
79
98
88
96
70
86
87
78
79
100
99
79
99
55
92
56
110
94
88
95
75
103
92
85
110
109
119
116
121
106
120
91
102
100
107
96
100
93
86
105
91
92
93
100
92
109
104
100
121
97
96
107
119
116
114
96
93
102
116
108
123
98
108
100
97
97
112
112
122
101
113
98
112
101
114
105
113
109
113
104
109
103
109
116
100
109
103
114
102
99
85
112
63
80
70
95
34
100
88
51
65
77
82
82
97
76
94
90
90
105
116
100
93
90
115
108
120
118
105
120
105
119
110
84
115
100
94
107
102
111
104
55
112
67
82
90
47
109
73
106
91
97
52
74
72
93
92
109
93
98
108
106
112
99
107
108
101
111
105
121
110
110
112
115
106
114
99
115
104
117
115
118
105
108
115
108
80
100
117
110
126
129
143
144
129
122
148
148
266
431
421
446
433
434
418
404
419
300
415
34
111
69
50
44
60
79
84
5
1
4
4
16
5
12
24
37
8
18
18
16
35
76
73
32
44
39
39
35
38
41
34
38
4
14
7
16
4
19
18
10
15
19
21
22
42
36
36
37
52
53
76
91
89
87
96
90
45
48
23
56
41
93
59
13
36
37
53
51
47
68
66
77
59
72
54
75
77
76
109
107
119
109
108
113
128
112
101
96
102
105
103
115
93
98
72
26
38
59
50
96
4
17
17
25
28
39
29
40
60
20
24
63
52
48
22
18
35
7
18
27
19
23
48
55
70
68
57
75
84
81
90
114
112
107
117
105
96
108
123
98
115
103
103
103
101
109
62
26
92
56
37
71
81
58
23
111
11
9
23
38
49
45
56
64
63
72
83
86
88
105
99
120
120
123
126
123
45
62
109
52
72
28
121
86
106
11
10
23
41
39
26
41
44
51
47
35
50
53
68
58
18
59
60
14
43
5
14
15
31
31
48
61
34
50
48
33
28
36
53
59
34
7
18
17
27
35
54
56
43
64
68
69
79
89
88
105
107
108
103
118
96
108
67
94
47
90
59
80
105
97
113
106
109
117
117
84
84
104
95
98
72
91
104
96
115
87
60
51
49
50
114
69
112
73
3
25
37
36
57
68
71
67
87
88
88
104
92
40
94
59
75
102
72
52
35
23
4
6
10
18
35
23
38
41
35
35
48
45
48
83
53
82
57
20
18
15
75
30
23
18
42
4
9
11
9
30
26
20
19
21
3
2
2
12
18
16
25
39
38
28
31
33
59
81
77
86
66
43
60
41
56
53
63
92
14
74
20
56
5
12
15
23
7
24
10
13
8
18
29
34
32
44
52
61
64
69
53
56
74
74
95
98
106
101
106
113
103
112
113
110
113
101
112
99
96
105
94
80
72
106
111
99
90
66
104
96
86
92
94
98
90
106
97
107
105
92
100
100
113
102
110
103
111
111
115
104
111
104
93
112
107
107
100
118
102
111
103
112
123
113
106
119
109
117
113
95
105
99
109
114
102
112
97
112
104
119
111
118
111
123
121
124
118
109
81
107
94
99
84
105
78
88
72
73
88
90
88
84
81
90
95
107
91
109
106
108
101
88
100
129
118
110
112
119
113
123
102
114
100
100
107
102
110
98
106
100
110
108
95
98
97
104
101
82
95
99
89
98
92
87
102
76
95
88
96
77
85
88
76
72
93
80
78
88
90
86
96
89
89
85
89
89
96
84
98
86
79
96
90
101
87
72
91
86
79
85
31
50
14
73
36
62
47
3
19
21
39
43
42
63
72
62
73
70
77
72
101
84
98
82
96
85
93
83
89
97
86
89
66
91
68
78
66
102
82
76
73
91
87
94
90
72
80
86
97
83
76
89
84
97
87
93
86
89
97
98
86
94
92
91
98
96
86
96
94
85
94
89
96
91
99
90
92
94
102
92
101
96
91
95
89
93
89
95
86
92
83
81
90
92
81
77
96
85
78
96
85
96
88
98
86
19328
19347
19357
19388
19377
19392
19390
19406
19397
19416
172
166
173
157
114
106
89
65
60
58
141
97
132
3
5
14
11
11
28
4
24
4
4
3
6
13
19
20
26
35
16
12
31
28
4
8
18
10
20
13
27
33
14
23
17
27
43
37
40
22
12
15
3
11
32
36
43
48
50
28
23
56
54
45
9
37
10
26
45
45
48
17
16
36
31
18
33
7
0
