19
75
75
55
104
102
107
135
158
158
151
148
130
116
92
63
42
138
132
98
53
31
75
110
4
3
3
12
5
4
4
5
6
12
34
50
28
43
35
29
29
34
39
32
76
60
83
59
83
86
89
88
96
107
68
105
86
85
105
107
100
104
84
88
91
36
55
60
94
18
61
70
83
4
3
9
8
16
17
20
3
6
5
22
10
4
27
38
42
48
17
34
38
33
25
27
3
27
21
33
13
16
10
4
3
5
3
5
16
35
52
43
50
69
67
78
79
76
82
92
98
90
108
103
109
105
96
93
94
109
93
94
96
97
108
97
103
97
103
90
87
15
102
41
86
88
23
34
77
63
37
55
66
4
24
26
25
40
34
24
23
43
31
20
37
53
32
45
16
40
7
16
19
8
9
23
27
4
3
5
20
28
18
20
20
31
5
17
18
24
24
21
30
39
13
8
15
23
23
21
29
30
45
28
53
45
56
41
54
55
56
51
56
87
95
75
72
79
79
97
63
65
13
15
50
28
73
88
3
4
14
13
23
20
6
6
7
9
3
16
16
14
26
18
3
28
15
10
40
19
13
11
17
4
9
31
45
39
30
43
66
66
63
63
39
78
39
50
39
85
35
72
5
16
16
28
38
25
39
34
39
30
34
46
36
3
2
3
24
34
46
46
59
54
59
50
79
75
79
103
105
97
97
94
93
63
70
76
101
100
86
86
91
59
79
75
83
79
81
88
74
86
88
57
77
84
85
78
77
64
84
71
77
78
76
87
80
87
83
90
90
73
97
79
85
80
88
99
88
81
94
91
86
90
89
98
79
74
73
77
76
78
89
78
86
81
88
79
88
87
71
94
87
83
84
76
86
84
81
94
84
83
88
79
89
87
89
80
90
84
75
89
80
84
88
72
87
86
90
85
93
80
72
85
74
90
98
87
91
73
72
79
97
81
89
83
76
84
83
69
95
88
85
73
85
85
87
69
77
85
85
72
75
76
64
78
73
80
73
72
74
87
82
76
93
79
90
88
74
93
79
93
89
59
95
76
64
77
80
88
3763
3759
3770
3769
3748
3772
3772
3786
3779
103
96
114
98
120
111
120
112
123
112
106
119
105
90
115
109
96
104
97
98
111
112
95
94
116
93
95
95
75
94
82
95
73
88
96
3948
3946
3939
3953
3943
3948
3935
3943
3919
63
5
12
14
30
21
6
12
28
25
20
22
22
15
17
24
30
27
19
6
19
19
41
39
52
36
50
62
63
75
84
80
78
70
82
79
89
67
74
88
90
102
106
100
103
100
97
87
96
41
86
61
119
12
24
79
55
103
105
6
4
5
6
2
4
3
5
4
19
24
21
7
15
4
11
9
26
22
38
40
55
24
37
29
52
54
28
40
3
10
13
13
14
29
40
43
60
56
56
46
78
80
83
81
84
112
23
105
109
47
69
51
79
68
18
7
11
9
8
5
47
11
6
3
17
28
43
38
35
38
31
26
39
35
25
34
4
5
21
19
38
47
49
62
54
58
69
57
86
98
85
106
105
101
111
103
107
102
119
108
118
61
88
47
89
72
116
102
39
99
20
23
36
49
51
47
42
47
47
60
60
57
16
51
67
59
80
64
42
39
36
43
3
21
20
28
20
39
35
38
9
19
32
8
6
4
6
6
17
21
34
26
24
11
31
7
4
3
20
6
12
34
25
41
34
12
34
8
48
23
55
51
3
6
16
13
33
30
45
46
59
68
64
47
70
67
87
84
74
99
111
100
96
81
79
82
107
89
103
116
99
100
101
87
99
113
106
104
114
103
105
115
107
114
117
109
117
125
106
122
128
114
122
112
118
110
103
128
111
119
123
101
107
99
79
113
86
98
111
110
106
108
109
111
137
127
128
140
118
130
119
112
127
138
120
107
124
121
108
113
128
135
127
113
123
118
104
118
120
111
127
111
121
106
97
105
116
121
110
103
115
112
108
117
110
102
115
103
82
93
115
88
101
98
85
70
85
102
85
103
104
116
94
106
110
78
103
109
111
99
112
99
109
108
102
120
95
83
72
105
103
95
84
93
88
97
86
104
104
85
107
93
110
96
99
89
79
89
59
83
90
65
71
92
81
81
89
96
95
71
75
75
93
93
101
107
93
86
96
91
80
100
92
97
90
97
83
82
78
86
97
86
103
83
77
96
94
95
93
74
79
87
94
100
93
101
95
112
100
112
98
110
111
101
95
102
100
91
103
100
98
106
93
108
97
107
98
104
95
104
94
101
90
101
88
98
85
84
95
97
85
98
87
97
90
94
100
103
82
90
96
85
91
87
82
88
48
79
64
90
86
91
85
92
85
106
85
99
97
105
92
116
105
129
122
126
117
127
124
119
107
132
106
96
104
97
103
110
107
96
107
98
103
92
85
105
93
101
83
72
92
96
87
97
96
95
92
85
91
88
88
83
90
72
91
80
92
90
92
103
87
89
81
66
75
98
97
105
103
111
104
110
123
114
107
97
104
105
97
95
97
102
92
101
98
102
101
56
47
30
70
81
41
19
81
4
9
19
27
13
19
23
15
3
5
12
12
13
12
27
23
38
31
53
58
57
77
71
70
82
86
88
103
98
93
97
101
89
106
96
110
108
97
108
108
111
90
42
93
60
70
20
34
77
51
101
5
14
12
10
13
40
40
61
59
75
69
82
81
89
97
105
54
76
58
108
73
12
17
92
28
47
79
8
7
22
23
27
30
35
24
23
11
28
6
15
5
13
18
3
3
11
23
38
49
51
54
64
73
68
64
67
70
43
86
55
52
65
74
90
63
40
4
7
8
5
8
4
11
22
22
20
44
64
62
54
82
70
85
82
91
78
91
74
64
88
55
106
80
73
9
87
76
45
84
5
4
22
19
5
8
4
25
24
25
42
47
41
50
43
50
48
48
55
72
45
56
59
32
15
65
62
18
62
23
9
23
26
6
27
13
10
9
4
8
7
9
3
11
18
14
29
39
35
27
56
22
53
54
49
70
79
46
63
61
77
75
86
63
17
85
64
56
67
53
55
31
4
3
4
5
16
16
25
35
30
23
20
14
35
38
4
3
4
17
20
14
23
29
26
36
30
17
33
13
36
8
9
4
5
7
31
32
8
21
33
29
23
11
19
7
3
2
4
6
8
11
20
13
8
17
12
16
25
7
16
32
43
47
48
57
56
76
53
14
50
73
65
67
40
56
31
4
4
9
8
21
24
33
30
39
47
62
55
75
61
61
75
92
90
114
107
118
104
118
104
91
113
103
114
99
114
99
111
63
63
64
87
66
78
77
92
82
74
98
98
84
77
89
60
87
63
91
80
92
84
84
7805
94
7865
7881
7875
7862
7854
7879
89
42
7850
7871
7852
5
18
17
30
19
28
7
4
7
6
41
40
70
61
59
75
93
113
112
122
48
94
73
53
91
127
39
73
82
81
87
104
36
28
52
15
57
34
18
11
23
22
35
32
51
29
20
19
24
45
46
4
7
23
24
11
54
57
8
49
16
22
28
10
51
60
25
7
6
20
21
15
33
35
47
39
39
48
49
56
57
65
78
75
70
37
56
58
57
46
27
4
2
12
20
20
37
48
57
44
64
64
79
88
88
101
95
73
95
110
80
90
104
101
88
100
93
111
93
93
89
104
96
99
99
97
110
104
109
113
101
137
95
130
84
64
74
42
104
129
118
4
15
27
28
30
45
36
28
31
11
38
43
3
12
12
24
21
23
40
10
20
12
24
24
10
4
6
6
20
21
29
26
34
44
44
39
12
29
19
7
15
6
7
30
36
41
42
52
39
50
46
62
62
65
64
8
23
19
46
56
53
8
8
30
29
30
44
49
36
54
36
48
53
26
21
24
10
23
33
46
25
35
32
42
28
59
63
65
74
16
30
38
27
69
4
5
4
4
35
35
27
17
15
30
44
58
67
64
84
82
95
84
93
86
102
99
89
110
107
82
49
78
15
95
57
36
85
15
14
11
8
16
11
33
28
21
23
23
31
17
26
6
17
2
33
21
34
29
47
45
60
60
62
70
74
75
83
50
72
50
60
26
55
63
70
34
6
10
8
13
3
5
11
11
14
18
31
30
39
39
41
58
88
69
88
84
18
61
68
51
53
60
42
37
71
7
36
39
34
52
49
69
68
81
82
83
104
112
81
100
90
73
107
108
101
114
99
92
94
91
89
88
121
112
118
100
54
57
82
87
119
108
108
93
114
86
88
64
86
86
102
102
95
116
105
110
84
120
102
116
108
99
99
93
108
76
85
75
63
99
81
101
94
102
104
108
108
122
113
107
105
91
107
105
114
104
109
105
96
111
98
111
93
107
101
119
123
117
123
114
53
89
82
131
34
119
54
98
93
72
12
16
14
8
10
10
9
25
31
20
16
28
33
49
45
60
43
50
41
48
48
63
77
83
75
81
94
83
86
88
100
82
97
92
89
106
105
127
103
109
83
96
44
34
75
88
76
4
16
6
16
4
7
18
37
37
57
67
64
79
86
80
85
71
36
85
76
53
44
73
25
5
29
27
18
13
16
14
25
4
12
10
28
44
63
62
63
69
79
76
81
95
95
109
121
93
104
104
55
92
23
43
90
59
58
85
32
8
11
5
10
13
13
10
47
46
43
53
58
62
79
77
91
69
86
72
77
89
104
92
108
90
71
64
87
88
92
30
27
83
57
76
33
73
67
78
77
48
58
47
51
38
66
9
49
37
65
68
34
26
41
42
52
62
61
41
59
62
28
18
47
55
45
8
18
24
18
32
50
38
27
24
21
35
55
20
48
3
3
3
15
23
19
34
18
19
23
10
37
47
41
8
12
12
11
12
42
12
21
42
11
45
8
9
33
39
44
56
64
62
73
71
88
79
76
98
98
113
101
112
115
101
97
88
114
85
100
101
103
97
92
83
93
16
45
36
50
15
78
28
44
54
17
15
49
49
78
78
102
87
101
110
1675
1645
1669
1673
1680
1678
1695
1701
1703
1726
174
85
147
45
142
121
50
106
51
178
150
7
4
13
6
3
6
6
36
35
39
44
52
41
58
25
18
18
61
30
45
23
47
5
3
3
12
17
28
21
47
45
63
63
63
66
63
94
102
105
94
120
96
104
26
43
27
71
113
58
87
10
31
26
28
47
35
50
55
58
55
70
84
85
58
68
88
22
80
59
56
69
65
11
9
9
29
5
28
26
6
5
44
40
43
41
55
58
29
39
51
58
11
32
68
67
46
33
46
21
32
47
19
38
20
4
10
18
10
27
23
7
6
3
5
4
4
5
3
16
30
30
39
48
62
64
65
71
59
78
58
39
62
43
37
50
70
16
69
41
72
17
7
8
25
17
30
31
19
19
56
56
76
62
41
61
62
63
75
73
49
46
73
52
76
35
31
6
6
24
34
35
36
44
47
23
22
56
48
48
50
14
44
32
7
4
20
32
16
29
14
18
26
11
4
5
25
21
9
7
7
6
18
18
16
19
14
28
34
33
51
12
30
28
29
4
2
21
15
5
3
47
52
27
24
56
64
64
65
76
76
78
71
91
88
88
96
75
54
72
49
88
29
14
52
54
29
71
3
5
4
11
27
28
12
14
25
19
26
40
37
55
61
62
71
58
56
64
68
68
68
88
101
99
99
68
28
19
42
77
66
63
51
73
4
14
18
25
20
33
46
52
31
30
36
25
46
28
39
2
11
21
14
11
17
18
14
4
16
7
16
18
32
38
54
43
28
26
45
27
62
25
36
35
4
3
19
7
23
39
23
52
65
56
73
76
77
90
92
91
107
110
89
111
98
92
98
107
94
98
96
98
87
83
105
100
118
104
112
95
128
106
121
116
118
104
105
114
105
114
91
103
106
95
105
92
112
102
91
78
110
97
128
115
132
121
127
129
89
114
115
114
115
100
134
127
137
128
143
137
147
124
128
111
105
67
97
98
87
80
90
102
91
103
102
99
103
77
70
99
94
95
109
99
85
91
106
103
112
99
104
99
110
103
103
103
112
106
110
97
106
96
107
105
109
98
107
105
100
107
105
94
104
90
97
67
52
44
94
62
81
84
67
78
80
79
68
79
84
83
73
93
88
93
91
72
76
90
81
88
71
83
92
91
97
79
100
94
108
93
85
103
97
97
94
103
91
100
94
71
94
88
99
94
104
97
94
111
103
71
93
101
95
110
95
108
97
108
102
108
103
108
114
101
102
109
97
110
97
95
105
96
111
110
101
98
91
96
94
102
97
96
105
104
95
104
83
76
91
87
94
72
92
79
73
93
91
90
89
101
95
106
107
92
95
87
93
107
102
94
98
84
91
109
100
105
87
106
99
107
95
106
96
95
86
92
82
94
82
87
84
87
87
88
79
99
94
82
75
92
85
85
93
82
83
90
93
76
82
80
86
83
92
94
94
90
79
107
100
112
110
114
105
112
115
108
102
118
105
98
96
105
82
91
104
105
91
96
75
89
92
92
87
92
101
84
100
90
89
89
103
75
89
93
86
75
92
95
89
98
91
73
95
100
79
95
103
90
97
95
73
75
90
89
96
81
99
92
87
94
103
108
93
101
90
95
73
84
102
94
97
90
102
88
92
97
77
94
88
97
87
95
95
103
104
94
105
104
93
109
97
108
97
103
111
111
101
111
104
110
102
108
102
106
103
108
102
108
101
105
93
100
78
81
88
90
91
86
94
88
91
96
91
75
84
108
101
106
95
102
104
110
104
98
108
88
95
95
92
102
76
90
84
73
61
89
74
86
101
100
99
116
91
104
103
114
123
118
116
132
122
127
116
127
111
123
109
107
97
90
98
116
89
103
96
95
100
47
29
91
30
74
81
58
87
29
8
6
7
26
4
4
2
3
10
4
12
4
4
14
5
7
17
10
20
31
12
23
23
63
43
70
57
40
51
39
67
53
75
49
72
90
91
71
74
78
70
82
77
74
87
91
101
102
95
112
99
110
93
99
46
89
67
34
102
108
91
19
58
16
29
40
50
64
75
73
79
93
85
105
94
109
106
119
109
114
114
117
108
111
114
98
115
126
124
126
114
128
115
133
130
121
137
120
132
130
122
115
117
104
120
124
104
111
108
115
107
122
121
124
113
128
121
126
119
123
109
125
111
119
105
118
117
104
99
118
70
74
96
54
99
107
93
107
89
91
75
86
85
100
91
94
82
98
93
73
88
87
94
51
79
89
97
93
80
58
99
89
101
82
81
80
80
79
96
97
101
108
90
103
74
84
101
90
97
77
88
103
90
109
107
103
97
114
105
127
119
110
80
90
83
124
102
114
102
98
106
90
106
86
86
102
89
86
73
108
86
96
82
102
100
117
102
116
118
133
133
127
114
92
109
119
109
104
116
107
115
104
68
88
108
63
85
97
95
91
90
83
87
57
77
77
95
95
105
103
111
113
111
100
94
104
105
94
95
107
93
102
95
83
84
104
93
98
102
96
96
117
131
85
123
64
104
81
44
80
93
34
4
3
2
3
1
4
3
8
10
7
8
2
27
19
21
28
33
32
27
34
34
27
31
21
20
28
18
4
3
21
19
17
17
30
7
20
13
24
26
15
5
18
4
9
17
19
16
12
26
33
34
27
11
14
34
19
5
5
11
15
11
10
13
23
27
34
23
32
35
44
40
40
51
42
59
61
58
62
57
70
61
69
50
61
53
50
39
35
54
48
15
17
4
13
13
4
10
3
3
5
6
3
3
4
17
16
17
21
64
63
16
66
48
63
14
48
47
44
42
73
82
66
70
98
105
63
76
85
49
19
66
52
37
40
83
13
13
71
22
66
3
5
29
27
43
10
34
19
30
27
32
6
3
4
4
3
2
3
17
15
34
32
40
53
50
62
36
16
17
11
35
51
55
64
66
3
12
11
24
32
26
41
12
35
33
19
9
14
9
10
15
9
10
22
36
58
54
56
56
72
71
86
78
97
96
108
103
123
99
136
112
122
111
102
104
117
124
104
104
78
98
108
91
93
103
26
68
42
74
24
101
95
82
54
8
23
32
28
18
34
20
4
3
3
5
5
26
46
59
56
66
64
73
73
63
43
52
74
76
17
39
26
73
5
21
38
51
43
64
62
69
80
77
81
87
96
87
108
106
90
85
75
99
91
99
77
85
101
90
92
42
64
104
53
71
74
71
83
78
81
85
68
72
71
70
89
86
84
86
107
104
106
97
112
95
110
102
101
102
106
99
108
100
92
107
82
102
93
98
94
101
96
94
105
97
91
96
103
88
81
103
88
92
96
90
95
86
73
86
73
96
93
80
100
98
98
88
94
89
91
87
108
101
105
91
103
105
95
104
106
98
110
17610
17594
17618
17626
17613
17611
17596
17587
17582
17571
64
57
3
7
5
6
23
16
15
7
8
26
47
50
61
25
33
22
44
86
100
31
98
93
28
24
40
8
5
23
51
57
54
67
39
51
59
56
25
50
65
36
35
26
52
23
4
20
19
11
22
23
49
61
61
50
56
57
45
77
75
95
92
107
102
86
105
98
98
100
80
29
13
49
62
95
40
42
23
25
22
20
13
16
20
5
9
11
3
3
10
21
18
36
51
48
69
47
81
83
78
105
96
107
103
119
101
111
100
93
17
63
94
93
31
102
53
44
74
7
5
40
30
34
52
61
62
72
74
77
76
97
87
100
99
103
95
94
83
83
72
90
89
98
98
90
88
92
110
74
76
82
65
81
88
90
80
83
59
36
43
71
62
45
42
35
43
3
22
20
14
36
46
44
32
23
21
54
51
35
26
36
35
50
68
67
79
80
82
87
89
21
84
99
62
43
53
83
28
8
7
22
33
32
40
40
46
47
63
65
63
67
66
79
71
16
48
27
75
32
76
62
46
15
78
77
6
4
6
20
26
44
47
45
40
44
43
52
62
30
46
40
15
54
8
32
33
47
54
57
63
67
65
81
85
91
95
103
91
96
97
78
87
97
86
101
91
94
101
94
83
104
113
101
107
93
95
94
106
103
94
105
93
97
97
112
94
85
102
90
107
93
91
97
95
105
81
72
70
90
93
78
86
101
76
66
65
82
82
99
99
119
118
112
106
116
103
114
115
108
119
107
120
107
128
114
111
113
102
125
108
127
115
124
108
114
122
121
117
111
103
97
96
92
110
121
103
112
119
126
130
130
93
107
121
74
81
136
109
102
60
50
76
106
94
61
94
93
110
97
60
100
61
93
93
113
118
102
105
111
120
105
110
83
95
71
103
104
89
90
93
83
106
84
97
110
72
83
95
96
104
110
122
112
115
109
113
96
49
69
115
78
119
58
97
91
86
70
51
69
68
84
85
96
89
87
99
99
102
90
92
111
99
119
112
114
127
105
106
113
104
123
113
101
117
101
109
110
97
101
103
94
107
95
100
110
114
103
117
110
106
121
121
113
114
123
107
114
106
114
102
118
105
114
113
99
106
110
112
107
115
101
109
102
103
104
110
87
100
106
93
98
98
116
97
115
100
117
116
110
122
111
107
118
109
115
74
88
67
101
101
100
103
96
117
80
93
83
91
102
102
113
100
92
105
87
101
95
93
103
105
97
100
108
100
114
100
98
111
106
113
104
122
107
107
116
120
107
94
103
84
97
76
80
75
89
91
71
78
84
93
100
99
107
110
94
105
89
113
105
105
120
105
103
88
83
115
99
79
60
43
70
93
13
4
17
15
26
20
23
51
49
38
39
30
28
30
36
40
58
47
6
17
33
35
43
32
23
29
13
27
40
11
9
9
50
47
59
39
33
37
30
37
42
34
36
7
7
22
46
43
48
53
39
53
26
29
16
43
44
41
40
5
9
5
5
8
7
20
3
8
20
11
41
19
20
36
15
40
15
19
7
8
23
25
43
61
51
64
63
57
67
73
70
17
61
24
85
91
93
37
65
45
60
4
5
2
27
19
38
50
49
57
73
83
69
83
84
79
92
104
95
95
95
97
84
85
33
47
81
44
25
67
96
59
4
3
6
5
24
43
37
26
34
36
20
17
11
30
47
45
58
68
64
63
64
94
49
69
16
18
65
82
97
100
16
6
8
4
4
6
13
5
13
13
3
12
29
86
85
74
7
3
14
2
15
4
24
22
13
18
31
29
8
8
27
2
2
2
3
9
1
1
3
15
2
5
2
2
2
4
4
3
4
12
4
3
18
6
4
17
7
14
21
21
5
9
4
12
12
4
7
6
16
10
7
9
22
20
25
11
6
16
15
4
1
13
9
8
2
8
3
2
16
17
14
21
13
18
14
22
24
23
8
18
2
3
10
2
4
5
17
21
20
26
21
25
24
20
24
32
21
10
3
10
9
10
1157
1173
14
24
1170
26
16
3
6
4
13
15
30
34
57
53
51
51
62
47
21
7
12
10
21
26
11
27
25
26
39
39
39
36
49
58
69
69
60
63
20
34
67
21
65
6
8
18
16
5
6
24
20
33
47
46
43
62
63
57
81
81
94
85
64
40
38
62
89
38
43
78
28
34
36
47
61
64
63
62
50
58
82
97
94
95
84
57
65
105
39
30
71
90
60
4
33
30
38
35
54
66
68
64
67
83
80
74
91
87
88
70
97
77
100
63
95
49
76
48
86
87
88
87
59
19
69
16
27
74
7
20
21
25
20
18
17
22
3
5
7
15
24
48
59
45
46
62
61
56
59
74
88
48
60
83
86
22
69
26
4
38
54
44
45
65
75
90
95
89
116
106
108
80
72
84
45
104
17
84
12
71
58
92
52
49
6
5
25
31
40
45
34
43
36
63
61
71
63
79
75
20
66
56
53
36
39
74
53
40
70
5
28
31
9
25
6
18
21
29
47
40
26
16
21
41
45
23
7
6
4
29
5
13
23
29
29
32
48
37
31
70
82
82
79
81
120
111
96
113
111
126
111
46
43
40
36
41
55
141
64
4
4
11
18
15
9
20
5
12
6
12
4
6
12
17
14
15
19
6
8
11
17
34
32
55
52
63
55
63
79
65
74
67
33
86
60
62
18
90
43
76
70
4
2
21
34
44
42
46
48
70
69
83
96
89
109
98
107
89
91
106
119
129
106
92
89
102
113
96
96
80
81
91
100
84
95
108
94
112
97
117
102
114
103
103
96
103
96
118
87
95
106
86
98
107
109
109
112
114
105
112
110
109
115
106
112
109
95
82
70
100
92
101
91
105
98
113
105
107
106
108
110
97
84
71
98
76
72
67
64
52
57
24
65
32
51
62
39
27
33
51
51
3
4
16
16
30
31
34
11
15
12
14
4
4
8
15
12
16
9
3
12
12
33
40
35
32
28
31
35
39
22
19
37
8
17
34
34
50
50
45
57
72
70
86
91
85
98
102
91
89
82
99
97
101
91
93
88
94
92
82
91
99
100
98
102
79
80
65
55
36
76
46
64
94
4
2
4
13
16
13
25
8
3
24
24
39
49
50
50
49
48
36
45
37
34
67
64
45
9
7
6
7
8
10
29
14
28
34
38
47
42
51
51
52
68
57
68
70
80
74
90
45
79
36
30
7
59
11
48
67
27
5
11
22
21
30
31
28
54
58
53
63
65
35
62
21
42
65
31
66
54
53
60
7
9
24
37
7
35
18
22
15
5
19
31
46
38
46
69
67
79
68
77
88
96
104
88
96
98
100
89
86
75
84
105
92
75
94
101
57
88
96
80
90
95
90
92
85
90
99
83
96
88
81
71
83
78
85
85
100
87
105
95
108
107
108
105
114
106
100
110
109
100
101
87
99
91
85
81
87
96
95
92
100
87
104
88
91
83
88
94
103
97
93
91
97
98
88
97
90
86
97
80
98
87
97
91
97
89
81
91
95
87
87
88
81
99
87
98
93
97
110
83
92
101
98
83
88
95
97
87
76
93
85
86
87
98
99
92
101
97
99
114
106
106
111
112
101
88
101
111
95
101
101
96
99
106
106
100
121
110
115
122
117
124
125
128
113
124
108
93
100
114
97
108
84
93
98
90
85
74
96
73
96
79
87
106
97
113
101
113
104
111
104
114
108
108
116
105
111
90
110
105
99
105
103
110
104
114
88
111
109
92
112
118
104
120
122
106
120
111
129
109
122
120
111
100
127
113
111
113
119
117
108
111
117
100
116
95
34
67
114
79
100
27
61
50
17
11
15
14
10
5
3
3
15
8
11
14
23
31
36
48
38
45
38
24
35
35
16
33
5
4
5
23
24
41
40
54
66
67
90
76
92
91
95
109
109
117
83
74
28
100
85
36
82
51
127
127
37
3
20
22
28
33
30
39
43
32
40
53
58
50
60
51
52
70
68
77
72
76
76
93
90
97
90
109
95
115
107
79
99
83
50
24
58
115
33
85
73
11
9
6
44
35
13
10
12
40
3
15
14
12
26
11
8
52
52
33
40
53
66
65
79
83
81
88
91
100
87
96
100
85
77
102
92
89
107
71
95
101
84
93
104
103
108
101
108
112
102
108
95
111
85
99
108
94
112
104
103
91
99
74
58
30
82
19
36
72
4
12
11
3
18
5
11
13
37
48
60
17
44
43
47
20
35
22
50
11
59
32
81
37
73
58
63
67
65
23
25
44
42
32
45
27
10
8
24
21
28
18
14
29
44
46
56
69
64
82
83
91
98
90
81
75
82
94
59
84
62
70
80
93
83
92
80
85
95
77
100
75
79
99
98
104
99
102
89
105
110
90
83
107
106
116
108
98
103
96
82
103
92
94
102
90
89
82
80
94
62
102
76
65
89
60
80
82
64
266
284
262
285
286
287
292
288
333
209
227
209
210
227
226
233
225
155
169
90
102
99
87
204
193
204
204
200
210
194
180
182
203
106
101
110
99
102
102
99
97
90
97
103
93
94
99
104
107
95
98
111
120
119
121
121
126
92
76
73
99
108
105
104
111
103
103
99
99
91
101
100
73
31
58
50
37
17
67
87
109
94
282
9
12
26
26
12
24
18
16
30
39
50
39
70
69
67
76
59
40
42
69
19
69
45
23
21
5
3
5
3
24
23
32
34
40
40
44
73
75
62
72
76
94
90
80
98
98
110
112
94
98
97
114
104
112
115
110
114
117
110
118
100
108
113
110
112
104
117
113
114
102
104
111
100
112
115
100
105
116
114
113
105
114
103
69
70
55
103
80
95
89
82
63
93
77
43
64
63
82
82
72
82
97
97
113
95
109
93
96
107
119
118
114
103
108
111
76
31
93
25
53
107
84
42
13
66
4
3
11
22
29
31
30
36
56
17518
17536
17523
17536
17520
146
88
17521
17553
17554
90
76
78
74
17548
6
4
3
7
17
5
3
3
2
15
13
17
7
4
16
13
24
22
21
21
25
42
7
56
54
22
34
20
5
11
8
8
7
14
3
17
13
15
22
29
15
27
24
5
17
13
7
16
14
15
27
46
56
39
50
49
75
73
80
85
79
76
85
89
87
95
89
93
94
90
98
94
56
58
70
82
38
68
36
92
55
16
19
26
14
34
13
32
30
23
10
24
3
4
5
3
3
19
10
5
5
21
5
20
4
3
22
24
26
24
43
32
28
30
36
44
53
53
57
41
48
27
44
20
16
47
29
34
17
12
35
41
35
33
54
38
47
30
52
59
21
51
40
6
5
17
14
5
3
11
10
30
38
34
20
29
27
31
9
16
5
3
4
26
26
26
29
19
25
25
18
22
49
61
40
74
37
42
50
39
23
21
25
31
5
5
3
22
19
14
17
20
19
17
39
40
62
62
82
80
80
90
89
91
90
106
102
58
73
57
108
65
55
27
80
44
87
4
18
18
35
27
6
26
14
8
7
8
7
32
36
45
33
58
57
59
60
15
20
28
44
48
47
18
5
3
14
6
17
27
26
35
35
50
51
57
59
57
80
80
78
94
102
104
87
100
93
100
79
37
17
45
85
95
99
65
56
32
16
7
6
16
36
20
14
25
47
49
48
67
49
60
68
67
72
88
75
77
89
97
86
100
101
93
99
84
93
73
108
100
31
40
70
50
22
58
88
4
5
4
18
26
20
16
36
14
35
15
24
34
50
57
61
59
51
69
63
76
79
80
88
86
104
58
61
42
25
39
20
89
74
77
56
7
7
13
27
5
26
24
5
15
25
17
30
38
40
39
27
25
29
22
10
37
6
5
5
17
29
43
20
35
21
50
13
39
47
37
18
16
16
36
42
33
16
29
38
14
11
40
68
50
8
10
20
4
13
22
33
46
42
29
42
41
52
26
50
10
38
46
19
4
3
12
3
20
31
43
53
61
70
61
59
42
37
65
68
11
50
24
54
14
27
36
52
51
62
59
68
19
48
48
34
56
51
42
4
17
3
28
39
39
50
55
88
84
67
67
61
87
85
75
75
119
66
82
81
66
67
77
84
99
101
120
110
26
108
41
29
71
51
93
67
81
120
5
3
22
15
16
29
28
46
44
25
28
30
29
25
26
42
4
19
22
32
45
36
47
71
63
81
72
82
63
59
61
62
69
93
89
80
77
85
98
110
87
88
103
96
112
109
91
126
99
108
95
111
107
101
106
118
111
119
100
110
124
123
111
117
123
116
109
123
113
121
118
128
112
119
121
129
120
128
120
115
129
130
124
139
119
132
124
117
125
121
111
110
112
105
97
81
109
94
108
83
91
101
99
86
96
102
101
90
105
97
105
100
100
106
99
99
111
97
107
99
96
90
113
104
116
102
130
129
124
110
110
142
128
125
128
112
121
107
110
108
117
112
113
89
111
114
97
116
101
111
96
94
118
109
119
106
115
102
102
110
118
96
82
102
88
96
91
92
97
90
94
91
99
79
106
70
83
92
93
83
101
89
97
92
111
109
122
94
107
104
88
106
104
108
95
111
96
83
106
99
107
98
100
106
113
97
88
118
99
111
96
107
101
106
89
98
112
91
90
106
103
88
104
94
104
96
106
93
87
105
100
95
88
100
95
99
93
99
94
104
103
115
98
97
101
93
102
91
94
88
104
88
102
94
103
107
108
98
103
110
114
101
102
96
113
113
101
103
98
104
90
94
103
100
94
96
99
101
116
112
126
109
115
115
122
120
122
132
115
107
118
111
117
110
123
114
118
106
120
112
117
104
113
104
112
97
96
109
97
104
81
100
89
85
91
93
90
102
97
99
112
119
105
118
104
101
115
91
108
101
115
103
129
122
128
141
112
137
136
134
122
143
127
116
141
135
171
157
139
143
156
156
147
138
151
146
102
112
112
129
103
126
509
495
506
493
478
105
104
75
495
88
511
513
127
105
87
86
58
60
60
33
106
103
102
17
17
34
36
32
34
28
9
41
8
4
7
5
11
13
9
18
22
34
41
33
29
20
34
45
42
41
13
28
8
22
41
11
10
33
29
30
23
11
30
52
53
36
31
38
36
60
57
43
19
53
57
26
58
39
12
35
24
22
19
4
17
27
40
36
25
71
50
32
35
41
59
35
62
35
34
2
8
5
9
6
11
24
22
27
35
50
36
54
50
70
72
78
43
56
74
45
55
58
79
86
88
78
74
78
58
67
48
28
24
16
69
60
19
37
4
3
5
9
30
26
4
6
8
25
17
13
21
3
8
9
43
3
11
8
25
47
67
55
77
76
75
86
106
105
121
120
134
126
129
121
129
123
121
127
113
120
99
106
96
87
97
83
81
72
75
64
43
90
48
86
102
99
50
69
83
67
66
65
86
85
89
93
92
104
96
96
106
89
105
93
105
85
101
102
101
94
81
98
88
94
100
104
98
106
103
86
115
111
111
117
101
115
108
98
115
109
111
109
104
101
102
105
92
109
100
92
104
115
115
124
121
131
116
131
129
130
123
122
119
115
122
118
109
103
116
119
122
104
119
106
115
108
100
114
112
105
112
109
96
106
91
82
89
96
100
88
108
97
117
101
101
112
121
132
115
133
112
110
124
113
107
101
105
112
114
102
117
106
120
104
123
109
119
114
111
105
99
106
89
106
91
104
108
96
113
101
112
109
110
121
112
98
121
110
104
109
101
94
104
92
82
104
99
113
99
107
113
119
117
131
121
105
101
114
100
107
100
107
66
14
58
43
89
84
24
40
59
73
54
81
70
68
54
56
71
72
90
89
101
100
93
99
98
118
112
105
97
109
104
114
106
115
106
117
106
122
106
116
103
106
116
117
92
112
71
77
102
97
103
103
94
101
70
85
94
85
98
111
111
115
106
108
107
99
120
108
116
115
108
111
110
100
95
112
118
111
116
102
108
109
130
116
126
119
112
103
108
106
85
98
103
89
103
97
106
97
116
102
100
101
106
99
111
100
115
102
116
104
118
112
126
114
117
109
118
109
118
107
112
121
100
129
118
138
126
124
114
122
102
131
119
98
112
109
95
111
98
113
96
104
89
92
100
80
97
87
93
103
102
96
101
94
99
82
108
100
108
111
103
108
119
121
106
107
126
100
110
104
121
103
98
108
96
115
105
108
98
110
111
109
114
98
110
103
117
104
118
107
109
114
100
113
74
14
48
104
92
23
59
41
83
34
5
14
16
21
16
49
62
70
48
45
50
62
68
86
85
83
77
74
107
78
118
85
111
118
122
116
85
93
118
71
77
78
88
92
84
76
89
93
93
86
91
87
90
102
95
106
91
81
83
95
71
89
86
92
84
85
86
104
105
108
122
120
108
106
115
107
119
88
91
101
98
86
86
98
82
87
98
95
89
91
98
96
103
109
94
103
91
88
100
98
89
94
84
97
86
97
105
101
108
102
102
108
104
98
100
100
97
79
86
101
90
91
85
103
95
99
95
79
94
99
108
101
106
95
92
87
89
90
83
98
92
100
96
93
106
98
102
103
95
105
103
102
109
103
99
106
106
61
46
24
52
36
81
91
86
68
21
94
27
3
2
3
18
15
3
4
15
30
34
35
37
60
59
69
74
74
82
83
38
34
59
41
60
53
15
65
12
21
21
49
48
58
60
59
58
55
74
76
92
90
87
105
86
102
83
72
100
104
85
73
91
89
87
103
82
67
97
70
82
100
86
93
98
91
103
90
97
83
89
89
93
100
100
86
97
94
96
85
103
102
89
98
79
69
112
101
110
123
126
119
104
128
110
109
121
112
112
104
115
118
107
123
109
115
108
116
111
101
112
102
109
110
94
104
91
101
99
99
96
91
95
90
83
107
94
111
98
100
108
101
90
109
110
103
119
82
99
90
90
115
113
128
108
106
88
91
107
104
105
106
98
105
100
89
110
100
114
104
111
103
110
100
114
99
110
90
97
102
105
94
97
98
83
102
105
96
115
119
112
126
124
114
120
118
126
124
122
103
113
111
85
95
68
97
39
77
33
56
49
105
111
88
109
59
72
71
102
103
118
127
117
113
128
130
121
134
108
115
114
103
122
119
106
121
116
120
107
107
119
121
109
113
119
113
84
69
70
54
50
46
47
49
101
93
90
75
15
14
12
16
14
43
53
63
41
40
54
64
63
61
79
68
33
34
81
53
66
67
84
50
21
89
5
5
5
22
19
26
25
29
40
20
38
9
18
34
5
3
2
16
11
9
10
14
11
7
5
4
3
12
20
29
43
42
16
41
18
31
28
14
38
21
11
10
26
29
32
16
27
55
54
66
80
48
13
37
24
20
18
51
34
54
24
46
16
32
44
58
56
63
67
70
54
64
79
90
88
48
76
38
47
102
41
92
89
92
99
98
96
64
57
55
71
77
75
90
83
99
105
88
92
89
77
98
96
98
100
87
80
97
97
91
83
87
94
79
96
97
91
95
105
94
119
116
103
123
110
116
121
119
123
114
114
110
119
105
117
73
37
73
51
58
96
37
108
82
4
13
5
13
40
38
50
10
41
35
37
5
10
17
15
12
5
11
16
23
33
36
38
36
34
52
46
62
61
64
63
75
70
85
83
93
72
55
70
27
84
84
56
13
54
14
12
5
9
17
12
20
13
9
32
37
19
34
27
9
25
24
4
14
13
23
46
45
45
63
53
70
55
94
94
113
102
97
110
109
104
109
110
96
105
89
104
92
96
84
67
71
43
55
80
28
78
4
3
3
4
3
4
7
13
22
11
23
26
14
13
9
20
37
50
43
115
118
110
131
125
157
157
110
101
105
41
106
102
93
35
90
72
51
35
85
16
21
40
52
52
8
51
24
14
20
11
47
3
20
10
5
18
9
4
34
30
20
55
29
46
16
21
50
53
48
72
6
15
41
60
15
44
62
62
80
88
75
71
75
49
72
27
89
37
71
5
2
17
3
20
25
12
22
25
33
22
14
26
51
11
49
5
12
25
24
9
11
5
4
13
16
27
24
18
28
20
15
27
3
22
17
33
39
16
11
33
13
25
26
36
89
10
11
56
84
9
5
7
34
48
27
41
51
51
74
50
61
52
86
76
58
84
74
67
54
43
22
4
5
5
3
7
9
13
6
24
22
7
19
19
36
47
47
60
60
74
79
72
91
84
100
96
99
93
107
100
100
79
96
90
112
56
34
61
59
40
37
9
17
9
22
35
46
12
30
44
19
10
37
43
37
45
56
54
17655
17654
17652
17718
17717
32
118
17724
37
19
34
17714
17722
65
104
17715
31
8
12
15
4
3
5
3
11
12
19
23
37
79
16
70
85
18
6
17
20
38
35
34
48
33
31
48
55
55
75
72
82
47
46
50
84
86
26
100
80
42
27
41
51
88
4
4
13
4
17
3
3
4
8
20
18
34
43
45
54
63
59
53
63
73
93
94
114
113
117
103
54
46
66
31
130
65
111
3
14
10
8
7
3
4
6
10
6
23
3
23
4
5
5
23
9
17
32
31
46
32
33
43
56
54
54
80
82
94
91
104
60
53
95
71
114
25
73
70
29
30
5
17
18
33
43
62
59
66
64
79
88
48
77
65
37
22
87
76
66
79
3
12
23
22
41
50
41
59
44
57
68
85
79
75
90
96
92
94
89
100
80
113
68
100
107
95
86
107
94
48
30
99
73
52
96
56
37
36
51
42
39
35
41
32
20
26
41
4
3
6
22
20
30
28
42
44
60
50
65
63
62
73
63
60
69
57
83
82
97
84
89
90
99
88
92
91
105
115
97
107
105
101
93
105
104
91
75
90
91
98
100
105
95
102
93
89
83
74
99
54
48
92
64
84
88
84
71
81
93
60
82
80
98
100
107
89
106
107
86
108
96
94
92
86
80
90
67
93
78
61
85
85
91
93
97
90
88
98
94
95
87
99
82
103
93
102
92
94
96
80
87
92
104
90
90
95
79
80
57
31
21
66
43
73
2
4
23
24
26
17
6
24
20
38
4
2
4
3
35
32
40
52
47
69
71
51
83
93
87
85
103
93
102
107
99
110
98
74
84
94
102
94
106
102
89
87
97
80
89
97
98
90
102
92
91
88
107
106
105
90
91
90
105
98
104
94
105
98
106
115
121
101
96
96
87
99
90
95
92
86
89
77
82
90
103
90
76
104
96
88
103
95
89
99
96
88
101
92
108
102
107
101
103
93
101
103
92
84
106
103
109
97
105
101
113
103
95
94
72
100
68
88
79
105
98
91
99
91
108
80
98
97
119
118
131
110
123
103
118
114
114
117
103
115
104
109
109
119
121
121
108
107
114
116
109
100
115
103
113
104
119
106
106
125
131
116
97
111
124
132
116
122
123
107
110
102
85
96
94
96
106
114
95
96
112
95
94
85
104
98
45
98
71
87
55
67
86
94
91
79
95
71
72
64
93
94
105
89
110
96
106
113
96
117
111
104
113
103
112
114
82
99
102
76
100
89
109
102
105
113
112
109
87
117
109
122
106
116
99
103
111
92
99
115
101
112
100
96
113
119
81
112
66
61
46
94
103
60
62
76
77
84
53
64
64
78
79
92
93
82
104
93
98
92
106
95
114
100
118
103
113
100
117
103
113
122
105
106
118
108
122
118
118
100
120
104
110
58
26
29
109
51
29
119
106
77
70
5
16
32
36
42
39
52
43
68
55
67
44
43
22
42
40
33
44
57
51
67
4
2
20
9
5
6
7
6
26
39
34
44
54
52
61
80
71
70
90
90
99
107
100
96
112
109
92
95
115
114
115
86
62
108
17
34
76
58
67
100
7
15
15
15
25
19
7
4
21
4
9
9
12
10
22
19
17
3
19
30
20
23
21
11
41
62
61
70
69
78
72
74
67
100
89
93
99
95
87
70
95
84
65
76
39
43
57
22
59
98
29
8
16
19
22
20
16
31
9
31
5
3
34
30
38
51
65
65
74
104
91
105
103
90
107
97
104
87
85
65
38
80
30
83
43
49
45
3
17
15
8
6
17
17
25
31
27
31
36
39
52
39
54
48
44
56
69
62
71
73
80
94
87
90
99
93
97
95
104
93
97
104
98
107
100
121
103
107
86
113
107
121
107
127
119
116
124
118
104
118
123
111
125
118
98
110
112
102
101
114
105
114
105
112
110
116
106
51
115
63
43
100
33
96
95
70
31
8
35
36
36
37
35
21
4
10
9
15
23
20
20
17
29
18
34
36
41
41
51
45
49
49
60
55
43
47
44
51
62
35
62
58
53
39
32
34
40
48
40
47
37
41
38
37
39
76
75
96
90
104
102
120
130
116
107
117
109
92
110
123
131
115
117
119
109
228
202
218
211
210
216
212
211
209
97
101
78
84
107
99
102
93
105
103
85
100
103
102
111
101
107
109
87
65
62
46
26
76
96
48
18
102
4
6
16
32
46
54
51
53
44
57
40
28
44
61
60
25
58
55
3
6
4
5
4
18
27
36
38
29
38
64
33
61
37
49
49
46
53
13
10
10
50
48
53
28
10
43
44
61
39
29
23
3
2
9
21
20
30
25
22
35
43
43
40
39
54
45
20
38
60
16
59
60
57
47
68
25
52
11
10
8
35
35
37
61
59
80
73
76
90
87
74
84
107
250
243
237
245
227
39
205
197
45
194
199
238
22
8
28
18
32
30
18
5
6
8
6
30
31
23
8
33
12
7
15
8
9
18
28
20
8
18
17
17
8
10
23
38
26
28
29
32
34
14
17
10
16
17
1
3
5
4
13
10
7
6
5
2
1
3
7
6
10
31
33
18
21
25
25
32
47
25
34
43
18
16
41
12
10
5
28
26
7
31
12
18
19
42
59
33
50
33
57
60
40
37
55
56
33
64
53
3
4
14
2
4
8
19
28
50
60
54
53
51
71
74
78
93
83
84
29
95
65
36
61
25
11
12
10
11
13
8
7
21
22
23
38
30
24
40
45
58
58
76
72
72
81
88
61
80
67
83
63
90
98
103
92
26
76
82
16
25
15
38
72
41
49
6
8
24
20
25
36
22
45
35
12
24
47
39
33
5
8
15
16
9
9
21
34
52
42
63
53
50
73
72
83
80
94
90
71
47
76
19
38
62
26
86
4
16
16
10
7
12
19
9
14
27
36
33
54
21
54
52
52
83
79
48
37
83
18
51
29
84
47
20
4
4
21
9
7
26
22
13
23
25
46
56
48
49
68
56
30
66
44
32
18
55
71
70
58
74
5
10
10
32
40
39
60
44
60
53
71
58
55
91
101
99
97
116
103
114
112
131
98
116
102
105
94
114
104
102
108
100
92
107
110
99
104
113
114
107
108
92
128
85
95
44
65
113
29
63
34
6
25
31
18
34
19
21
21
7
15
13
30
36
33
43
69
66
82
71
79
88
81
85
96
72
101
92
68
83
60
78
77
77
69
72
76
79
89
94
57
47
81
52
71
28
18
82
36
88
23
31
14
10
11
13
6
8
8
24
6
28
11
42
36
34
23
20
35
9
32
7
6
11
15
2
9
8
36
10
37
45
47
60
57
73
68
65
63
58
74
70
53
32
31
16
58
72
44
52
53
26
36
4
15
31
24
31
50
51
37
41
29
48
57
63
55
55
86
95
79
93
93
89
85
96
87
39
42
45
67
75
64
22
80
25
7
20
31
33
49
42
28
30
48
26
11
11
56
59
45
30
30
48
47
66
65
78
76
73
83
99
94
90
76
96
75
83
47
82
72
86
83
64
62
97
89
88
77
91
94
68
66
94
68
86
86
104
93
97
103
101
104
107
92
89
103
103
90
102
90
104
98
94
102
107
95
99
105
105
104
116
112
112
97
110
98
97
107
93
100
87
96
73
78
65
91
70
80
85
88
80
78
93
74
90
76
84
77
81
81
95
91
95
93
104
94
73
107
67
73
91
97
90
103
92
90
98
97
106
88
103
96
109
98
89
100
88
89
104
83
87
99
103
91
94
97
91
96
85
92
86
96
88
118
112
117
109
104
112
115
122
119
121
102
94
88
99
101
97
103
96
96
108
105
97
102
105
95
84
98
93
97
88
94
86
85
100
95
90
91
96
102
112
94
112
101
115
105
113
106
106
100
109
100
98
115
97
117
104
118
102
103
120
95
95
59
41
112
68
69
37
86
50
111
88
64
76
72
70
81
71
73
96
114
104
104
93
72
63
107
90
108
95
93
85
103
93
99
96
88
93
87
119
105
106
110
102
98
122
116
113
103
82
96
101
91
100
77
83
98
86
102
98
97
93
110
96
105
97
84
83
96
107
95
98
107
87
100
96
101
111
114
76
69
87
96
95
88
90
90
98
96
86
100
100
120
106
110
116
113
108
101
109
79
102
91
89
99
89
97
93
90
91
90
102
98
103
102
110
113
103
117
116
130
110
103
113
102
120
102
116
102
97
77
34
92
88
114
47
56
72
