47
45
106
117
119
49
155
155
175
144
176
154
138
119
107
71
109
99
141
97
97
130
100
98
103
108
141
183
132
203
155
183
151
19
127
54
85
166
100
98
98
51
48
50
61
51
20
847
17
848
60
61
59
62
839
871
864
145
140
133
100
96
117
124
122
105
96
112
109
124
107
126
117
129
117
127
131
120
136
122
144
97
105
127
106
112
118
132
105
93
95
98
101
104
70
62
117
3
14
17
14
22
17
20
23
21
7
22
33
33
6
18
11
40
34
56
49
68
62
74
81
114
85
78
88
54
82
58
81
12
15
10
10
30
36
33
51
32
29
14
15
49
15
24
43
45
11
14
34
31
46
55
46
46
65
65
84
75
69
66
87
100
97
125
119
148
140
101
115
53
79
42
15
118
24
71
100
20
98
97
5
4
4
8
7
3
3
30
44
41
41
70
68
66
68
105
120
112
126
127
135
118
121
128
123
116
115
101
113
85
70
121
121
67
93
36
25
75
48
28
4
4
5
8
20
17
24
25
45
40
45
58
73
74
91
90
109
107
113
112
25
92
18
80
57
46
67
37
4
5
18
11
24
22
31
18
9
7
6
8
3
17
46
35
38
52
58
61
61
72
39
12
14
53
63
78
80
79
34
4
3
39
32
50
50
57
75
84
83
98
111
110
123
109
103
106
105
110
103
113
78
55
75
40
89
105
28
102
36
3
2
25
9
9
39
10
35
11
21
12
37
3
5
7
7
5
5
26
42
34
33
83
93
102
102
110
118
68
121
66
53
50
62
63
40
75
67
47
14
51
63
59
8
7
5
7
33
33
49
48
50
59
55
57
80
79
90
70
80
90
76
89
87
92
71
82
92
86
68
95
85
86
91
78
86
82
70
94
66
85
68
80
77
72
84
74
75
70
75
77
80
79
95
93
76
92
82
87
81
91
74
89
82
70
70
81
96
88
99
87
76
80
78
86
90
74
80
77
77
68
74
73
81
81
86
73
79
88
74
88
88
5521
5514
5553
5540
5605
5591
5616
5624
211
227
213
224
193
194
147
141
129
147
118
119
108
117
108
111
99
109
101
108
102
107
93
106
102
93
77
119
90
98
89
92
93
84
100
88
98
76
94
93
111
96
103
107
117
107
118
125
125
115
118
121
101
124
118
102
115
106
116
104
121
112
129
124
117
119
107
93
115
107
113
106
97
111
101
114
100
100
107
98
113
84
107
94
94
92
82
95
82
99
84
74
75
73
40
40
64
40
53
91
57
5
5
5
30
35
53
49
29
27
49
44
44
40
32
34
25
21
8
5
19
17
6
4
3
13
13
22
7
12
21
35
26
24
37
37
30
32
26
55
56
61
68
67
70
77
69
81
88
87
83
27
100
74
35
71
57
76
63
53
55
6
6
33
33
51
44
49
47
21
17
51
18
53
45
31
4
5
64
63
16
42
30
53
51
45
73
73
87
87
87
83
72
25
44
74
48
78
84
79
85
17
12
17
34
36
17
62
50
12
37
15
18
42
8
7
34
16
21
23
24
34
19
4
3
6
4
7
9
10
25
25
33
30
25
12
6
28
35
41
43
45
67
67
81
75
90
80
83
67
37
29
75
32
78
46
7
11
14
12
8
29
26
26
25
22
30
29
16
20
48
44
28
33
100
41
29
96
53
65
54
79
57
71
76
80
82
86
84
89
114
103
124
116
127
130
117
128
117
121
114
142
129
136
137
125
142
131
145
134
139
116
116
116
114
91
99
96
103
103
93
98
105
90
102
92
107
102
111
101
114
134
116
131
123
128
122
127
121
133
124
123
119
120
110
118
108
107
114
113
106
110
103
112
99
109
93
87
103
98
105
101
92
102
95
101
88
103
103
110
113
123
116
110
115
108
100
97
88
108
103
101
112
102
88
96
111
85
96
112
121
100
105
98
90
111
81
99
115
103
91
104
79
76
88
89
90
103
75
103
89
71
83
82
99
89
87
95
74
74
55
92
85
80
86
77
90
83
74
94
88
90
100
105
97
108
103
113
98
111
98
108
111
91
104
98
99
95
103
91
102
91
89
71
81
96
84
102
104
99
93
86
104
99
97
105
111
104
92
113
109
108
115
102
104
114
114
119
112
126
106
108
101
109
96
83
96
107
98
103
99
104
111
87
102
107
104
94
97
109
111
99
119
108
98
94
99
120
66
99
88
81
93
91
111
102
113
104
97
109
111
104
122
108
117
114
120
114
126
116
119
95
123
110
122
107
119
105
113
110
105
111
131
118
105
144
131
140
132
139
127
128
113
126
90
82
94
80
89
99
91
99
99
93
102
104
116
109
103
95
68
86
80
108
80
94
95
88
86
100
90
101
100
107
98
112
106
102
109
108
106
105
112
109
107
86
91
105
98
91
87
95
85
78
93
95
92
95
102
106
100
112
105
118
92
50
89
85
107
59
122
71
112
20
25
27
30
72
35
101
4
15
21
21
36
18
56
64
70
65
61
59
70
63
63
61
57
96
83
17
54
93
15
20
79
27
66
8
5
7
5
6
25
5
28
7
6
4
24
22
36
47
48
56
72
58
69
72
71
79
77
87
71
73
73
88
69
90
34
14
70
75
54
67
91
47
74
3
3
3
14
25
21
44
43
49
47
60
59
66
66
84
76
43
40
39
49
57
52
27
6
7
2
6
79
39
22
15
11
25
26
11
23
6
9
22
45
29
43
30
38
44
26
25
43
29
18
3
30
35
38
51
51
72
72
90
89
102
106
103
115
105
110
101
98
109
103
83
105
90
98
85
75
98
94
79
90
78
72
82
79
80
73
84
80
95
87
83
94
94
102
109
107
111
105
101
112
105
91
110
106
96
110
97
97
109
98
107
115
103
109
101
106
100
105
96
104
91
102
92
103
101
105
93
95
106
108
98
107
101
102
109
102
109
109
101
107
97
109
102
108
96
110
99
110
99
112
100
113
105
106
113
111
105
109
103
102
109
103
110
107
111
127
117
101
108
87
113
130
104
131
101
94
82
81
99
98
102
111
108
97
102
108
110
108
111
106
111
100
109
112
108
85
105
104
97
96
109
94
107
104
101
93
99
79
90
104
90
101
105
89
106
98
94
93
104
102
95
106
84
105
98
99
92
92
98
92
104
92
101
88
98
91
104
93
103
92
94
103
89
103
106
102
103
101
100
105
104
102
114
104
97
107
108
104
106
96
105
98
104
102
106
102
107
105
99
106
102
105
90
103
81
89
104
90
96
98
89
100
85
81
96
83
102
86
88
94
102
94
100
97
108
100
105
94
103
99
102
101
102
90
101
95
101
95
104
92
95
105
107
95
97
107
101
107
106
99
106
98
104
97
104
102
99
90
81
93
86
95
88
98
86
87
94
90
98
90
103
91
99
92
107
98
110
117
9636
9635
9660
9655
9670
9654
87
9637
9622
37
9664
74
9633
54
6
4
6
6
14
9
20
2
5
4
11
8
33
53
60
53
59
29
19
43
21
39
26
6
4
5
8
4
20
31
29
19
33
23
20
25
5
19
5
7
2
5
20
46
36
38
64
66
69
83
95
92
103
105
98
74
78
114
109
102
99
108
79
57
17
28
25
23
93
64
8
8
25
22
26
28
27
41
21
8
35
18
56
52
7
6
24
38
48
47
68
59
77
67
76
100
98
118
110
131
112
123
94
105
122
124
96
86
71
111
64
25
90
102
62
123
57
62
50
16
20
10
19
13
54
15
25
12
31
45
4
3
5
24
15
17
14
16
11
13
15
9
10
3
6
4
13
11
21
30
24
30
42
41
61
58
71
70
77
75
89
93
93
111
95
110
95
116
98
102
113
107
106
118
117
128
113
117
107
114
112
122
106
115
102
96
117
114
122
107
108
102
98
114
108
99
94
94
101
104
85
78
98
103
96
103
110
102
108
110
107
132
137
128
145
129
147
135
149
150
105
119
110
122
85
107
44
29
39
62
93
75
121
4
17
14
19
27
17
7
31
5
17
16
14
25
12
3
18
16
22
32
50
30
47
28
39
14
31
17
48
37
28
25
4
26
36
37
32
46
42
41
57
73
65
79
77
78
95
95
94
106
105
116
110
121
120
103
113
110
96
110
115
109
115
106
116
109
103
121
87
104
97
99
114
104
97
97
90
75
84
100
104
94
104
94
109
99
114
114
117
96
86
115
94
105
104
96
89
93
106
97
103
104
93
108
95
88
95
86
101
100
91
103
95
92
97
100
93
106
90
103
98
101
87
95
97
111
77
104
92
89
98
98
79
91
96
98
90
94
89
93
101
86
96
55
74
19
69
54
84
30
45
37
9
27
21
12
11
25
23
13
6
3
5
24
8
22
10
22
9
24
19
6
4
10
9
35
49
48
56
64
62
78
77
94
87
102
111
103
101
93
99
96
95
101
87
99
97
102
110
118
111
109
110
105
109
95
106
92
107
84
98
100
97
91
87
105
94
100
85
101
95
77
102
88
92
92
102
93
80
91
81
51
74
79
66
44
61
70
101
96
104
105
112
79
85
85
102
103
95
110
103
122
102
114
102
123
103
114
106
119
113
122
113
122
113
126
119
133
131
120
143
128
127
142
136
121
109
122
104
99
117
113
100
117
98
92
110
108
120
104
92
111
99
110
108
117
76
56
101
80
94
104
92
94
72
77
100
81
80
103
103
104
113
121
118
95
78
103
115
120
109
116
106
116
106
123
112
96
88
109
101
107
108
109
85
98
100
103
94
87
83
102
100
90
103
101
117
95
111
103
100
115
92
109
101
104
90
109
97
110
107
104
105
99
73
107
94
98
100
110
110
98
101
113
95
92
78
107
106
100
106
100
103
88
93
95
95
100
86
95
84
97
78
32
46
65
74
83
90
48
44
86
85
86
73
80
72
81
64
106
105
110
108
112
100
117
106
116
121
83
91
86
91
86
87
93
74
76
95
97
95
85
96
87
92
87
95
90
96
99
88
93
90
98
101
84
73
105
88
93
101
88
108
106
87
70
72
73
61
62
55
48
110
81
17
38
33
46
44
63
56
72
72
89
90
98
99
104
106
93
91
101
76
94
78
86
70
78
74
85
86
97
94
99
96
106
99
116
108
104
105
98
94
78
83
92
68
97
103
107
105
113
108
111
115
98
97
105
89
111
113
116
108
117
115
133
131
132
120
127
118
118
104
125
110
91
28
122
51
33
69
83
65
42
6
18
16
25
23
10
24
42
43
57
47
20
35
16
39
40
4
3
3
12
16
10
23
21
35
33
41
61
63
65
51
52
61
65
50
83
85
91
95
79
80
86
74
90
80
83
90
102
94
96
125
113
119
82
95
83
118
112
122
123
108
113
112
129
128
136
101
95
104
67
82
88
101
96
76
88
94
88
95
109
86
91
96
66
39
48
25
96
69
32
71
5
19
38
37
46
30
45
51
48
47
18
38
37
17
16
30
30
35
27
62
50
61
84
84
92
18
28
66
82
63
40
38
73
41
11
7
8
7
9
11
5
26
8
3
2
13
5
21
2
24
24
15
5
10
8
9
13
4
9
8
5
25
27
35
47
50
47
64
62
72
55
80
69
77
103
95
110
116
114
100
107
71
57
79
87
90
116
92
81
97
80
76
70
98
99
120
120
132
120
120
105
115
96
113
103
97
106
97
106
102
105
70
42
26
56
91
64
104
38
93
5
7
32
30
17
43
47
43
42
41
17
45
45
6
16
18
12
6
19
17
4
23
16
19
7
4
5
18
5
6
4
14
13
5
8
8
23
14
25
8
11
12
5
15
43
55
47
69
61
81
83
112
110
127
127
128
101
83
56
42
44
91
86
109
15
22
23
14
29
23
12
5
3
2
4
19
5
10
6
21
27
19
20
28
25
43
23
59
54
36
55
65
66
75
83
66
70
83
82
75
79
98
91
101
108
70
14
98
50
84
59
82
19
37
12
25
32
51
51
70
57
40
49
48
30
62
65
15
60
69
3
15
22
29
30
21
52
58
66
66
72
60
68
64
62
69
79
60
59
39
29
48
77
67
4
5
18
16
20
25
23
5
3
25
21
31
34
17
41
21
31
21
43
13
19
19
17
45
47
11
36
8
39
9
7
26
23
11
32
31
8
27
37
48
21
30
37
39
31
35
55
53
36
6
14
3
11
43
37
45
54
53
16
50
38
58
67
17
61
67
47
46
30
4
4
3
4
3
14
9
3
10
14
6
22
32
25
34
44
55
23
34
35
40
18
39
24
31
6
20
25
23
9
8
13
10
33
31
45
35
52
39
55
59
62
76
65
82
80
92
94
91
93
88
55
106
85
42
64
29
90
6
4
23
37
30
30
26
36
10
23
15
13
18
23
20
21
35
5
4
13
6
27
20
32
13
29
9
12
34
20
30
31
48
66
74
74
80
71
83
64
94
79
96
107
104
105
63
36
89
114
97
81
27
60
50
46
3
4
4
4
22
36
20
48
33
15
10
9
18
12
44
36
7
7
28
34
37
28
41
51
63
56
58
67
69
78
86
88
94
102
104
117
67
95
99
79
59
97
102
103
93
103
78
74
71
73
113
104
108
44
47
89
110
89
85
78
91
89
106
79
61
81
102
103
103
102
116
104
113
90
95
93
104
99
104
102
110
107
104
87
100
114
107
121
99
119
102
113
104
25
78
35
13
64
52
70
76
3
7
7
4
3
15
21
30
30
42
56
60
71
71
81
71
93
89
88
97
75
85
86
72
93
77
18
36
24
58
83
98
64
3
5
3
12
15
29
23
28
26
25
4
7
18
18
21
21
24
32
47
45
41
54
51
61
64
56
65
52
40
57
104
103
94
122
102
113
73
75
91
90
81
101
93
99
98
98
106
108
96
106
95
104
102
94
96
94
88
101
93
96
104
97
111
98
98
99
99
0
91
95
94
77
94
84
99
104
97
87
75
90
94
83
96
83
91
94
85
95
89
86
88
100
92
105
100
98
109
107
98
111
99
107
100
105
91
101
93
105
93
106
95
104
104
94
83
75
99
61
49
81
49
38
68
22
18
4
12
13
21
31
23
35
47
55
53
67
52
66
59
61
85
85
78
81
76
91
28
43
37
10
87
90
15
75
84
53
4
19
26
41
45
38
40
44
62
69
72
74
80
81
63
17
45
97
70
56
94
30
4
13
16
24
33
24
11
43
46
18
21
20
34
29
3
11
22
29
44
38
55
53
45
72
62
31
27
71
51
39
55
62
70
69
9
11
23
19
24
8
5
21
21
35
30
14
27
15
12
7
7
4
6
40
24
14
16
12
6
8
5
3
11
12
14
10
6
5
9
5
4
8
4
5
29
27
22
17
35
37
56
54
48
25
27
44
25
12
9
9
30
47
25
9
38
43
18
7
5
14
14
16
38
33
41
37
49
54
67
81
68
59
52
42
40
56
44
67
44
12
73
63
85
11
15
13
6
4
24
20
22
42
34
36
41
35
13
29
39
20
4
16
16
26
34
29
26
37
51
32
25
45
50
11
15
17
4
3
16
5
15
29
28
46
31
30
28
48
50
41
33
37
34
37
15
43
13
19
15
19
24
22
24
43
61
17
72
85
29
60
38
38
40
42
27
43
32
26
23
38
17
36
15
5
2
19
20
37
57
51
62
61
48
45
57
52
45
37
64
36
54
6
3
17
34
21
32
32
43
38
48
27
24
48
22
32
44
20
79
90
27
33
30
60
34
87
20
32
19
3
20
17
21
27
35
35
49
37
55
52
72
65
68
57
55
45
27
64
70
38
36
9
11
32
50
45
55
67
70
88
81
49
60
63
82
46
51
79
81
5
4
14
15
32
44
45
70
50
66
72
62
64
58
14
82
66
68
35
74
39
37
82
85
54
38
17
28
20
40
19
29
49
48
9
7
3
3
4
16
20
13
15
29
12
19
8
24
3
13
14
29
31
35
31
47
71
73
78
93
76
82
90
89
106
103
102
100
99
101
88
117
96
80
89
95
102
102
89
103
107
98
94
107
102
92
102
102
110
107
100
103
105
97
115
104
100
116
104
119
111
119
123
114
115
108
110
102
96
110
95
110
94
104
92
91
92
98
111
106
94
89
111
98
104
99
110
107
114
94
99
96
117
75
92
98
99
98
99
85
102
94
109
98
103
106
94
101
107
95
112
101
117
105
132
105
112
117
126
123
116
125
107
125
116
110
110
99
115
102
107
106
114
103
128
90
110
115
98
109
116
119
102
117
94
80
72
73
90
100
98
103
94
106
97
106
104
99
100
96
113
85
107
98
95
90
102
91
90
103
99
86
87
103
302
286
257
258
242
49
270
301
297
306
276
2
3
6
8
21
26
19
2032
2025
2035
7
8
23
7
20
6
14
8
15
24
28
39
40
40
38
50
54
62
75
48
38
39
42
59
51
36
56
74
63
64
59
56
24
3
2
5
4
18
14
13
20
34
21
3
18
17
12
14
18
17
18
41
16
47
51
13
16
15
18
12
23
26
41
40
55
57
60
42
40
26
24
49
44
60
62
12
9
30
28
23
26
40
41
38
64
51
60
55
60
69
81
81
94
93
95
110
109
76
90
88
104
94
105
98
96
78
83
90
85
61
100
108
106
102
107
97
97
115
112
85
113
91
99
87
98
86
95
79
93
89
84
85
96
94
89
17701
17700
17726
17710
17748
17747
17743
17744
17734
110
99
144
82
51
4
3
19
12
5
3
9
26
28
46
48
69
69
68
110
94
104
105
113
121
102
123
125
126
98
98
105
100
119
116
123
91
114
103
117
108
120
123
117
107
110
120
125
104
105
118
105
116
109
113
123
102
102
116
103
114
107
114
115
103
78
106
68
95
88
103
92
97
108
109
65
65
96
98
97
111
107
105
95
107
105
121
118
111
101
116
103
113
99
109
98
112
114
116
104
109
107
103
126
113
132
116
121
115
124
119
126
110
121
106
123
115
103
116
95
114
96
87
94
85
89
91
88
91
89
97
95
96
106
101
94
109
96
111
100
106
93
84
91
96
96
90
94
88
94
89
90
89
90
98
95
106
102
85
101
90
96
105
98
92
115
82
106
93
105
97
110
94
96
109
106
98
108
98
97
101
102
96
102
100
84
102
100
97
49
72
65
93
104
92
81
76
74
86
75
77
79
80
96
89
83
92
101
92
68
81
88
83
77
80
87
81
80
86
93
89
88
100
88
99
89
78
98
90
89
94
94
95
88
97
86
89
95
101
91
91
100
81
96
73
91
94
86
86
75
74
99
84
100
78
92
87
78
93
101
92
88
96
86
91
87
92
86
78
97
88
87
97
85
95
85
94
76
86
83
83
98
93
84
83
78
70
95
102
91
105
97
107
96
70
100
76
74
100
92
83
84
96
97
106
103
99
123
116
114
121
86
118
91
102
87
88
96
98
87
99
86
94
98
93
98
100
79
91
88
83
81
42
64
49
56
87
72
88
81
85
74
62
57
70
71
68
95
89
97
92
92
99
98
110
111
105
112
110
113
102
114
112
114
105
115
106
113
110
109
106
99
108
105
86
94
107
94
109
93
112
97
113
98
103
111
109
90
98
105
92
93
104
86
91
104
109
96
116
109
118
107
122
105
99
98
110
102
106
103
106
103
109
102
109
102
109
107
110
107
111
104
109
100
82
107
90
94
106
112
96
113
98
102
112
116
106
106
98
98
106
102
92
104
101
108
105
110
102
108
101
111
109
111
104
110
103
107
110
108
101
104
98
98
100
76
97
89
92
86
73
87
92
91
83
88
90
83
89
95
82
77
90
90
90
74
84
87
81
85
74
85
78
68
72
69
93
84
86
98
99
92
97
109
103
103
95
91
106
100
106
114
120
109
115
110
116
117
121
97
111
122
104
117
104
109
121
97
114
107
105
115
113
101
111
106
103
112
110
102
95
98
86
93
83
90
79
90
79
82
92
101
101
104
111
112
100
114
102
103
113
116
122
109
109
124
123
110
122
110
106
117
93
87
105
106
109
103
108
104
109
106
92
104
112
102
109
95
110
102
111
103
115
103
96
108
90
104
105
93
103
101
108
114
105
108
116
121
108
114
69
106
83
97
112
98
103
96
98
114
109
86
105
106
119
111
107
119
120
110
122
113
110
121
120
108
118
102
107
116
112
101
123
111
119
115
120
109
122
114
105
122
90
97
110
106
95
79
73
92
86
94
87
86
86
90
103
82
101
95
104
96
116
107
118
118
104
110
103
112
98
107
73
102
100
85
105
95
105
98
103
98
102
91
78
91
99
84
95
90
105
92
99
103
92
102
102
109
116
126
117
124
114
120
105
113
100
91
113
107
93
102
91
103
92
95
103
101
106
97
108
98
105
92
103
108
99
109
83
96
98
94
97
81
95
86
93
99
83
98
97
106
104
106
101
110
94
92
104
120
113
124
119
119
95
107
119
108
91
85
99
93
94
94
102
85
97
94
70
54
51
96
29
76
66
39
4
7
26
43
26
42
40
60
51
62
69
71
80
80
72
73
80
92
88
95
105
97
94
79
90
11
92
69
26
56
43
41
17
30
23
14
26
22
27
33
11
21
12
18
9
20
19
12
32
26
23
41
35
31
36
44
52
73
66
18
60
31
21
71
33
68
68
6
6
2
8
28
12
5
34
29
33
48
58
58
59
85
85
73
85
82
76
98
111
107
116
117
106
122
130
126
137
111
117
115
89
100
110
108
115
102
120
114
125
115
93
85
67
62
54
48
51
93
77
3
8
5
10
4
15
43
22
40
38
54
49
46
56
52
66
62
75
71
77
76
69
88
86
90
86
97
100
78
81
84
79
93
97
95
102
101
106
107
117
99
102
106
121
108
117
109
92
120
96
86
99
72
113
100
109
101
99
101
56
48
47
103
69
98
117
5
4
3
17
1
7
9
9
6
8
24
22
58
14
19
15
41
45
20
28
9
20
24
22
34
57
49
65
35
52
55
58
71
69
82
27
53
44
14
49
28
49
61
15
3
3
4
14
6
4
21
27
6
5
4
11
7
33
34
22
24
27
31
5
10
52
21
39
61
37
4
17
16
7
25
9
14
20
23
17
76
37
82
85
80
38
4
3
27
21
40
38
49
47
27
38
56
43
43
11
6
45
34
46
10
21
30
11
28
31
18
21
8
31
41
53
52
61
60
68
91
89
100
97
118
117
131
116
125
110
99
79
119
116
103
106
28
66
79
95
103
85
34
43
33
18
8
7
24
22
24
44
64
51
60
72
62
82
62
52
75
74
38
71
17
83
16
5
17
14
17
31
10
11
24
20
22
41
44
25
24
48
47
59
70
71
77
81
63
77
88
73
60
65
82
52
60
30
12
9
26
51
5
18
21
47
52
70
84
69
86
97
96
108
53
26
63
111
54
104
25
115
82
37
5
12
13
4
3
14
13
16
44
44
39
39
38
42
60
75
85
83
84
98
99
112
103
104
104
102
94
99
98
96
108
85
91
101
91
94
101
103
106
93
104
97
108
97
108
103
108
103
108
104
104
111
111
105
110
94
102
103
108
101
102
107
104
93
101
99
77
75
84
40
101
29
60
55
50
35
7
26
36
34
54
47
58
57
66
74
82
72
68
95
87
79
88
96
99
100
96
96
83
90
113
88
94
97
107
96
102
95
103
99
104
101
103
102
101
95
96
102
80
87
99
90
95
96
91
94
88
102
93
93
94
105
93
85
97
103
107
95
73
97
91
81
47
27
18
54
60
37
5
6
19
20
19
41
30
40
39
43
37
44
40
19
46
35
21
4
3
4
4
3
11
7
12
13
30
44
46
50
54
47
52
68
50
96
95
105
97
83
110
89
103
82
105
98
110
105
92
83
51
39
74
80
28
93
41
54
11
8
5
6
6
22
20
21
24
35
43
36
39
28
9
29
9
27
24
37
24
26
33
22
37
34
30
25
24
28
3
2
23
9
26
26
15
11
22
11
37
28
4
3
22
7
26
20
42
45
57
64
76
67
78
71
61
31
37
80
60
70
68
71
28
46
3
25
37
33
49
61
59
60
77
51
68
76
68
63
94
83
76
84
81
68
61
77
60
30
63
15
72
53
50
69
49
6
19
17
36
44
42
53
66
64
78
66
42
71
46
58
69
44
29
78
77
79
45
98
76
63
67
67
91
81
93
91
112
94
104
110
129
109
121
112
115
77
104
84
41
15
74
32
54
92
8
7
10
14
4
4
24
24
42
30
43
44
32
46
58
57
47
41
65
67
37
40
43
46
81
96
79
99
80
75
75
92
96
83
113
99
70
110
34
90
59
47
83
3
19
33
26
27
44
60
56
69
69
84
90
98
102
115
105
124
86
88
60
104
35
26
122
55
71
5
22
34
34
43
42
55
62
55
33
36
53
54
21
3
3
6
15
24
22
26
42
44
50
58
59
52
62
60
70
60
70
77
78
83
77
94
108
106
109
121
124
114
110
99
125
85
97
47
95
59
43
86
76
29
65
8
6
31
42
37
37
35
58
36
30
56
44
45
48
30
53
12
12
34
31
43
59
64
57
73
58
73
55
58
81
91
54
12
88
45
19
60
70
3
5
11
5
10
30
24
24
24
11
19
4
6
23
20
30
29
47
59
49
24
29
59
15
31
45
26
3
8
17
8
6
25
23
22
19
7
6
39
52
50
38
51
70
69
84
85
105
98
114
112
112
94
109
96
111
109
105
109
99
101
109
125
108
117
103
91
110
97
95
107
93
101
89
87
96
94
89
93
90
90
97
92
102
88
19
61
101
39
32
38
84
67
97
75
5
6
6
8
13
18
17
12
25
44
24
41
47
51
39
42
61
57
60
92
90
107
180
116
168
140
120
163
170
181
177
160
5
8
7
8
6
12
13
18
23
17
23
37
33
16
12
44
12
5
6
6
26
2
5
20
17
29
20
40
49
42
51
39
40
50
59
44
21
12
20
32
55
10
43
7
9
55
51
61
63
62
61
59
59
91
100
107
99
68
64
83
46
42
95
53
25
56
15
3
7
3
25
39
23
25
17
32
23
4
12
10
20
29
39
24
29
50
44
45
43
46
45
4
18
28
40
41
47
58
20
16
47
43
27
34
35
5
18
33
43
51
60
50
71
85
83
102
96
96
95
87
28
70
52
32
43
98
76
7
17
21
12838
12863
12861
42
53
50
25
12859
49
49
4
16
14
23
23
19
19
5
14
13
20
4
17
6
10
16
93
96
10
2
15
26
18
18
34
54
48
18
10
24
50
15
24
22
24
19
12
23
6
6
25
24
22
31
47
47
34
39
33
36
42
45
63
13
53
51
55
44
34
29
31
26
69
71
4
12
15
12
30
34
35
38
49
10
14
48
69
59
9
10
35
32
10
16
34
22
21
12
14
43
44
58
35
35
37
35
59
50
55
73
73
74
86
86
85
98
102
98
106
103
90
78
102
90
103
90
84
102
106
97
103
98
113
110
118
107
102
106
108
120
126
114
100
119
116
103
114
104
111
99
107
106
115
96
112
110
104
114
111
98
108
97
114
101
115
104
106
113
98
114
109
110
102
93
101
112
80
45
37
69
64
29
54
6
19
28
23
32
40
29
37
13
37
65
72
52
36
31
38
39
41
43
75
75
72
41
86
39
90
20
16
23
43
5
4
3
16
16
25
21
24
35
34
52
27
46
30
48
61
69
68
48
79
71
87
81
94
98
105
111
111
89
87
66
80
90
88
93
96
86
100
86
86
88
88
44
75
32
87
84
83
30
63
3
4
6
17
25
22
20
32
20
55
35
25
51
18
32
42
22
25
57
11
26
37
27
52
65
73
72
82
86
72
66
37
68
71
81
37
64
50
22
3
16
14
17
14
3
2
13
6
5
18
81
81
5
9
8
9
24
33
25
35
33
35
68
83
81
93
91
91
77
86
102
102
115
112
88
99
91
96
105
103
101
20
95
44
55
67
33
93
81
23
52
16
31
43
39
42
67
62
66
77
75
91
103
92
101
93
80
99
90
87
87
98
88
75
102
101
97
106
116
114
105
115
102
117
98
99
89
109
109
98
97
107
94
101
100
89
104
89
99
87
95
81
88
97
97
102
92
86
70
100
93
102
103
92
89
108
86
94
95
108
96
111
109
104
118
111
97
63
23
102
45
40
55
107
78
85
23
33
44
39
41
62
59
69
68
80
87
100
84
95
96
107
92
109
99
97
99
99
91
107
85
99
93
75
86
98
85
95
88
93
93
99
87
83
77
53
83
64
88
91
79
83
93
97
88
83
86
82
99
93
98
91
104
98
95
94
106
103
105
99
92
105
101
100
98
104
103
93
103
90
106
97
104
91
107
84
91
102
98
105
98
103
95
104
90
96
105
93
103
100
102
105
105
96
107
88
105
100
102
76
89
99
87
99
93
76
106
101
96
101
104
92
108
92
98
80
98
92
98
99
104
98
103
95
90
102
97
98
101
90
94
82
100
95
82
91
99
79
95
87
87
73
100
97
81
92
86
91
85
97
52
30
47
38
90
33
85
78
65
5
4
23
30
34
26
40
49
43
57
63
58
55
57
77
83
77
70
89
87
79
88
71
88
83
100
77
95
84
96
94
78
76
88
95
92
77
79
95
96
92
94
95
111
103
119
107
97
88
97
97
103
91
96
84
104
98
106
92
95
119
110
128
121
138
115
129
116
126
112
119
112
110
112
105
99
109
106
108
97
106
88
101
106
101
106
111
99
105
109
92
98
118
113
120
110
114
128
114
116
108
98
89
86
85
94
93
100
83
103
101
119
119
137
118
127
101
113
110
104
111
88
109
93
78
98
97
101
90
90
99
99
84
95
134
127
116
127
132
118
136
121
85
94
120
114
97
107
101
109
97
113
117
102
108
116
121
80
98
104
106
99
110
101
100
104
91
103
90
84
87
74
102
101
98
103
102
107
93
112
103
104
104
109
104
116
91
109
99
92
105
48
97
94
54
48
70
35
98
53
28
4
3
26
39
50
49
69
57
65
53
79
90
103
99
112
97
117
101
115
115
116
67
96
110
52
99
41
113
102
52
95
101
101
94
75
109
93
87
71
57
95
27
59
94
38
95
5
18
16
13
27
30
31
10
23
8
18
26
25
31
29
17
36
9
24
36
22
5
3
19
9
34
43
52
37
36
61
53
60
54
77
85
95
83
100
102
112
122
97
114
105
79
84
101
111
104
101
90
94
90
83
105
91
91
105
104
109
116
106
107
90
82
77
70
63
62
64
48
92
113
97
5
17
26
26
22
18
26
36
29
15
16
18
37
37
39
56
59
42
49
38
87
16
52
59
83
33
62
80
55
44
24
26
19
23
16
18
33
30
7
8
16
16
42
31
30
38
44
45
59
59
66
72
78
71
24
79
77
48
74
45
69
40
62
3
3
6
17
16
23
32
25
28
25
53
50
56
67
62
65
75
93
92
96
105
105
104
114
99
109
98
79
77
77
49
110
45
45
67
37
3
4
25
31
17
16
10
35
9
14
29
21
6
4
21
5
17
14
31
54
55
108
75
90
81
77
79
78
87
91
80
29
1134
1134
1152
1146
1147
52
1149
1147
1147
1144
46
5
4
14
10
24
8
25
35
50
36
25
40
47
39
27
50
38
31
30
5
3
4
11
27
25
41
53
50
54
56
52
67
47
42
25
49
63
52
6
18
4
6
7
20
16
4
43
18
25
32
34
32
36
45
30
33
46
12
17
16
45
58
27
56
54
54
27
25
11
10
33
32
45
49
64
56
50
66
43
23
31
66
33
47
45
5
25
38
26
36
48
46
58
68
67
98
73
80
76
80
82
75
57
37
19
99
72
76
49
67
33
5
16
5
16
37
41
21
16
19
34
19
30
21
32
29
3
3
12
9
23
11
28
25
26
43
43
39
43
66
56
60
81
63
72
61
64
95
66
95
92
96
89
97
96
105
87
93
97
88
107
75
86
98
109
101
131
133
121
149
138
118
131
130
138
136
123
113
125
113
125
118
111
128
101
117
119
95
88
105
108
121
104
110
107
110
115
130
119
129
108
123
114
124
115
105
103
118
119
115
94
104
84
109
112
112
105
122
108
106
116
101
102
116
107
106
114
117
103
117
105
122
111
117
109
118
102
113
107
85
50
72
93
76
30
43
58
4
5
8
23
11
41
35
23
29
14
28
31
56
32
3
14
16
10
28
22
38
33
38
36
41
57
52
59
73
65
72
73
87
79
109
81
96
93
112
127
106
107
117
114
99
105
84
92
100
102
97
101
92
99
107
101
106
110
100
92
110
105
110
106
86
86
101
96
96
81
89
97
92
98
92
100
98
113
95
85
100
93
95
98
87
97
79
90
87
92
86
86
100
89
76
93
76
92
85
85
99
89
81
89
83
92
76
82
75
71
66
71
69
80
90
88
86
84
100
85
94
91
84
97
87
99
86
102
93
100
93
98
92
83
86
80
86
99
94
90
97
90
107
101
109
95
102
96
102
112
108
107
87
94
102
111
97
87
107
92
96
100
104
95
93
105
85
68
52
70
79
90
106
101
86
96
81
87
69
71
92
91
89
100
92
99
90
86
90
98
89
97
82
105
84
92
98
100
105
91
101
101
105
92
94
94
111
102
111
100
114
101
98
109
101
94
98
105
100
99
97
108
102
107
107
118
89
108
107
98
118
104
91
104
86
92
99
108
105
91
112
94
97
103
154
149
155
148
158
151
158
146
152
151
97
87
78
98
110
102
85
98
117
85
106
67
109
76
79
60
53
116
88
85
88
63
70
79
79
94
91
98
97
66
60
92
77
94
90
85
83
66
87
94
101
85
93
93
80
91
97
87
82
93
88
99
104
90
103
96
103
95
99
105
94
95
106
92
105
89
77
64
75
81
42
51
75
87
85
92
100
70
71
92
73
87
76
85
89
93
96
96
35
49
56
98
20
69
24
65
73
4
4
13
14
27
47
31
33
26
47
19
68
67
71
86
69
75
81
46
61
73
75
36
53
68
24
43
5
10
8
7
8
19
6
14
17
42
12
16
56
53
47
54
61
56
31
29
49
41
59
58
59
55
8
17
26
28
49
60
57
58
56
73
70
60
93
99
102
103
89
84
91
83
95
95
114
91
103
101
109
113
101
100
104
97
103
91
94
100
106
97
100
109
105
110
102
119
111
105
126
117
108
120
118
113
108
123
102
92
111
54
37
26
79
67
52
116
70
71
45
49
51
64
64
83
67
87
88
86
114
103
112
104
111
102
102
97
100
104
99
105
105
98
107
90
96
76
103
116
108
108
118
116
117
92
112
106
107
119
115
108
113
106
114
100
109
106
105
114
116
108
124
118
119
120
110
95
119
119
99
110
95
108
110
87
97
101
102
116
114
118
111
121
115
124
116
119
106
111
105
103
93
87
101
95
89
101
92
102
106
101
121
111
115
108
106
100
105
104
104
97
89
89
101
78
91
97
101
91
103
98
103
99
104
105
85
85
106
94
113
106
117
107
123
113
107
127
100
102
88
113
94
97
87
107
111
109
116
123
136
97
95
107
108
108
111
103
110
108
107
97
113
105
117
114
113
106
111
100
113
100
115
107
115
103
117
104
116
104
107
116
114
107
115
108
113
112
100
113
101
89
82
110
67
110
94
98
114
106
98
114
115
133
115
113
121
119
106
121
114
121
111
116
114
101
112
101
100
113
109
100
107
106
112
102
90
115
102
98
107
91
110
86
103
87
98
77
89
92
93
79
93
59
53
34
79
73
50
51
34
4
14
26
29
27
16
38
28
24
35
41
8
24
29
17
8
11
28
21
6
5
18
20
22
28
36
36
49
59
56
72
76
67
90
76
93
73
85
84
76
86
108
101
111
112
102
103
105
93
86
99
102
104
101
112
101
109
100
101
112
112
109
112
101
106
114
110
118
114
94
105
109
94
102
117
114
98
110
111
97
110
105
106
87
96
112
110
103
105
97
104
92
77
108
97
108
102
109
114
108
100
116
119
108
121
108
101
93
109
101
105
97
110
111
94
108
97
111
111
112
114
117
107
118
115
118
108
118
112
113
99
95
109
107
95
104
98
93
99
97
100
90
97
90
105
91
103
96
112
98
102
95
102
83
103
91
78
96
86
92
92
94
91
92
93
91
86
81
89
83
74
86
81
93
91
77
93
91
87
95
76
88
89
73
80
97
82
92
86
88
103
90
83
83
95
101
107
95
97
106
91
97
89
100
90
89
90
96
73
79
88
94
95
90
104
98
111
112
110
86
106
106
114
99
89
97
107
111
97
103
87
94
105
108
96
102
101
103
102
107
98
120
89
103
90
100
94
101
91
109
92
84
104
89
92
96
101
88
79
96
90
99
81
100
92
106
92
111
90
104
109
103
101
117
119
111
104
116
116
110
108
94
69
91
103
106
94
95
105
109
95
106
92
103
115
113
102
113
104
110
104
114
122
102
111
101
97
103
102
110
66
89
97
78
94
93
61
105
87
80
63
69
54
44
4
4
17
19
17
7
19
5
4
15
29
29
41
67
60
53
64
58
61
57
31
60
41
55
44
67
36
5
1
20
16
15
7
19
21
33
38
55
62
58
62
39
59
21
39
30
32
43
40
25
23
44
36
42
26
43
21
35
40
38
11
9
5
14
14
15
10
28
18
41
10
31
12
3
4
3
27
25
42
56
45
55
62
67
75
74
59
27
29
16
68
37
53
71
5
3
16
30
16
14
28
6
6
17
28
17
19
65
55
23
45
25
32
25
22
28
17
6
4
7
16
7
5
9
12
4
19
25
27
9
5
26
3
4
3
29
72
66
82
89
70
82
72
80
79
80
74
91
104
99
98
83
101
95
100
106
86
99
93
80
96
22
52
54
58
50
33
89
67
5
23
16
7
23
19
4
13
11
4
3
8
22
24
25
11
16
29
11
22
14
20
16
49
62
75
67
59
74
73
78
76
87
66
55
71
53
30
84
81
39
5
15
29
41
38
50
48
39
60
72
71
58
81
52
68
59
43
79
74
87
74
72
54
82
69
39
71
87
84
95
79
97
67
82
75
94
104
97
113
103
103
112
86
116
103
94
90
87
102
97
99
107
110
103
101
112
116
123
128
110
119
126
127
118
127
109
108
88
92
103
101
132
122
131
111
104
96
123
84
91
131
91
112
85
69
94
91
91
98
97
108
85
100
70
78
93
86
97
107
100
99
112
113
105
100
109
95
109
88
98
107
97
111
103
107
111
105
111
118
109
121
110
75
29
102
20
94
44
61
84
115
52
50
32
53
35
53
54
73
66
80
80
98
96
87
109
97
99
112
108
102
113
103
147
126
118
110
105
93
92
39
142
126
5
15
11
5
3
14
10
9
29
41
43
56
55
72
68
85
87
84
101
82
89
102
108
90
108
82
71
76
68
95
60
78
78
80
84
38
71
53
49
44
17
8
16
35
22
34
25
54
55
63
21
41
27
39
43
74
42
77
70
68
7
21
40
54
47
34
18
20
32
50
49
37
29
14
5
25
25
48
55
53
68
71
68
81
82
95
105
103
91
96
101
96
94
100
96
98
90
86
82
108
88
98
93
102
99
112
101
110
106
102
100
85
111
99
98
111
106
92
96
106
107
98
104
97
104
102
106
104
106
106
100
114
102
101
96
119
114
107
107
119
118
104
117
107
106
101
115
108
114
105
113
106
105
103
103
112
98
82
96
92
73
102
110
81
97
100
98
96
104
97
105
112
95
92
75
90
94
103
92
96
107
98
98
103
106
104
110
102
96
103
104
104
102
104
107
107
111
97
100
98
108
92
108
81
108
94
86
98
100
90
99
97
107
105
87
96
121
130
67
105
84
78
59
61
129
59
62
98
91
107
106
127
106
122
121
110
104
94
108
99
106
93
84
82
82
93
121
119
123
125
118
126
117
138
131
106
93
103
103
107
112
114
106
113
104
115
103
99
108
85
109
91
95
87
88
94
75
96
93
98
91
83
79
68
97
82
98
101
75
98
78
94
95
109
103
112
105
103
114
90
106
105
115
101
105
96
86
103
109
102
115
104
94
88
107
89
78
101
93
104
78
101
104
90
102
84
73
121
113
126
104
105
105
103
100
130
86
79
47
62
114
100
36
55
27
80
4
4
7
8
20
7
5
23
23
38
27
31
27
3
48
60
59
56
56
72
85
77
87
99
96
69
12
105
43
88
41
54
71
25
97
4
4
17
6
16
47
43
42
54
55
69
81
83
99
88
82
94
97
61
49
41
29
64
99
32
3
2
29
43
49
62
61
71
40
65
68
56
23
51
44
55
13
8
6
10
7
19
27
40
45
46
37
60
53
69
71
86
79
87
100
91
57
23
99
49
80
70
82
35
98
14
4
3
12
6
15
7
7
12
15
11
9
9
18
41
40
60
42
40
53
50
67
59
57
38
46
42
43
71
26
72
74
55
17
68
6
65
4
3
19
6
12
14
10
11
12
32
31
31
42
42
60
89
75
73
71
79
68
93
92
109
107
100
88
104
122
90
101
105
92
106
89
59
81
71
81
96
94
101
87
78
85
73
58
66
58
73
70
100
93
110
96
112
91
93
99
110
108
123
124
123
121
114
114
108
112
116
104
99
116
116
104
109
105
112
112
117
97
110
108
111
99
118
115
110
117
127
127
117
129
118
131
114
116
112
95
104
75
40
81
61
41
55
45
95
45
21
14
12
25
23
10
4
20
31
39
39
42
28
35
29
41
60
61
72
49
72
58
58
65
71
64
87
96
90
92
106
92
93
116
114
127
119
121
106
96
122
117
107
97
113
89
97
114
92
103
96
107
109
95
110
90
73
88
96
104
93
86
97
73
97
85
90
75
82
88
63
90
92
95
70
90
92
104
99
107
100
105
101
103
95
116
112
101
111
106
96
101
111
86
77
83
74
63
81
70
94
85
93
96
107
108
127
121
110
123
119
141
73
73
54
40
79
112
139
88
115
120
6
6
7
8
2
3
5
10
10
7
4
5
2
4
5
8
8
8
9
4
5
16
17
35
35
33
54
54
33
56
52
48
53
52
65
46
20
18
38
4
29
33
29
5
3
5
4
5
11
18
18
29
16
67
64
80
81
82
92
83
86
74
104
113
111
109
103
114
111
98
108
103
121
99
82
115
110
84
61
47
110
76
99
58
8
4
3
7
12
10
5
36
45
19
18
5
18
21
7
9
31
26
24
45
46
38
49
45
42
39
45
62
53
17
16
26
4
4
35
23
42
42
51
44
58
60
61
62
118
118
139
140
148
93
138
146
45
69
46
114
30
151
12
10
8
14
11
26
30
61
51
69
60
50
50
66
48
50
30
6
18
14
14
17
27
42
48
13
29
29
47
43
30
33
46
34
11
5
9
7
12
18
14
21
15
14
61
69
64
23
13
9
8
8
21
23
6
5
5
6
10
16
16
11
19
28
42
31
38
55
67
70
55
51
58
61
44
71
60
53
48
49
67
48
8
9
10
30
33
51
32
32
29
58
56
56
74
74
37
61
64
50
47
84
75
81
85
97
89
98
71
84
93
91
99
97
94
94
107
105
98
108
95
96
101
82
101
96
101
82
90
97
77
74
85
72
96
90
105
97
106
69
77
101
95
95
92
101
94
101
103
94
108
91
100
104
96
111
92
107
93
101
95
112
101
106
94
106
103
105
111
110
120
107
120
101
107
90
118
105
117
125
86
107
93
63
65
118
109
122
112
115
125
106
122
113
133
118
120
111
133
118
127
92
110
106
118
122
113
94
81
84
102
87
97
88
81
98
106
124
123
99
90
119
53
77
100
100
117
85
97
83
101
100
111
111
123
122
121
126
121
106
113
112
90
63
43
48
106
32
17
72
49
73
102
62
60
60
82
83
102
102
122
123
125
97
96
101
90
119
108
123
96
82
127
95
112
68
110
86
101
100
126
135
109
113
113
84
128
83
100
100
108
98
106
98
89
106
95
108
102
110
103
123
104
107
120
112
101
127
114
121
91
109
120
93
93
110
104
82
91
86
96
98
107
105
89
96
98
91
106
92
97
104
111
103
114
103
117
103
111
106
106
111
102
114
105
115
113
119
114
109
117
111
87
114
95
109
118
108
106
114
112
99
107
100
117
99
98
107
103
82
66
73
93
55
94
94
94
83
91
65
82
99
99
118
109
113
107
111
123
109
124
109
119
114
123
128
117
134
113
116
104
110
102
113
105
110
102
105
111
97
99
111
101
115
117
109
125
108
118
119
100
105
95
103
106
82
108
103
110
109
100
113
115
123
120
111
122
118
107
91
114
101
113
95
99
99
71
90
77
89
75
100
91
85
92
70
86
85
104
103
97
114
106
85
100
96
102
105
94
102
98
106
99
99
98
109
99
77
62
101
35
26
63
99
82
45
59
35
59
47
52
47
46
76
71
85
86
81
95
84
94
89
89
74
95
81
97
91
94
82
88
101
95
88
81
100
92
94
100
92
98
96
94
97
80
61
93
77
64
37
92
52
58
28
41
14
3
15
20
13
13
4
3
5
19
17
26
19
45
43
63
47
57
68
77
78
94
84
90
102
96
106
99
110
98
106
95
106
78
102
113
85
95
97
110
102
115
92
107
104
91
100
101
103
94
83
100
93
102
93
93
98
96
109
97
91
57
33
82
41
97
68
50
25
7
5
20
25
26
45
44
47
57
47
50
65
73
102
92
109
108
90
121
110
116
112
90
129
98
101
100
70
51
98
77
29
59
80
30
