93
101
99
123
136
118
72
95
252
260
192
209
34
226
26
40
170
96
49
239
150
150
78
80
81
45
39
79
150
113
139
138
130
114
148
155
141
146
147
162
152
149
134
150
150
148
176
128
132
109
145
117
126
118
131
139
118
114
105
111
119
101
115
107
121
127
129
117
141
115
135
123
128
111
128
112
121
103
111
133
77
76
103
105
107
109
137
50
65
102
107
91
50
42
96
28
97
67
122
107
7
6
134
48
60
11
21
25
66
53
6
23
22
39
38
45
51
56
37
54
15
53
26
12
51
7
7
18
26
27
31
36
47
51
52
67
47
31
31
29
21
49
56
59
37
6
17
13
5
19
8
9
9
5
28
25
6
7
3
35
30
13
26
29
12
38
17
35
32
32
16
9
9
9
31
33
14
35
56
12
35
31
14
20
5
5
21
19
14
21
17
32
47
55
37
32
49
34
56
31
16
42
25
46
44
5
23
22
30
30
47
59
43
61
27
12
25
45
21
4
4
12
3
24
24
36
52
51
65
65
62
78
68
83
77
77
86
89
99
87
106
93
87
104
101
106
112
105
105
96
54
37
22
68
89
76
48
7
6
25
24
24
23
30
33
44
43
54
63
74
73
91
64
80
90
90
106
99
117
102
91
105
91
107
95
106
95
86
98
99
90
86
75
93
87
82
100
90
104
91
62
107
90
73
76
65
87
94
70
59
84
86
76
68
70
91
89
99
92
110
101
115
99
100
91
107
109
94
96
83
88
85
92
96
93
92
82
87
95
90
92
98
133
145
141
135
149
147
134
156
145
96
104
95
91
102
91
85
103
101
22
79
54
37
70
91
33
61
43
3
3
5
3
23
19
8
27
39
38
41
42
35
67
69
66
86
85
78
106
104
109
100
109
105
122
116
105
108
105
106
103
109
108
100
108
94
95
104
106
106
106
103
119
90
111
103
123
96
99
117
109
104
79
95
107
71
87
92
84
88
81
76
57
37
26
44
56
84
55
14
64
4
5
25
23
26
28
52
54
59
45
51
40
34
50
3406
3446
3445
9
3438
11
3421
3428
10
8
26
47
45
53
60
60
54
75
51
36
71
68
77
73
47
87
95
83
103
102
50
58
65
76
75
84
79
95
95
112
113
112
106
111
91
104
111
102
108
103
100
106
107
99
84
5284
5310
5301
5311
5311
5288
5287
80
51
5300
5300
54
5288
3
8
14
41
65
61
67
48
70
52
64
81
54
68
78
65
46
78
96
83
95
32
50
24
42
44
10
65
13
26
12
5
13
9
15
6
4
16
20
27
45
47
59
60
69
75
72
82
79
84
91
87
99
108
105
125
96
112
87
104
109
97
115
90
166
149
146
142
156
162
165
174
170
126
108
109
121
126
110
116
114
116
101
118
108
117
108
114
108
116
110
115
95
107
126
107
124
112
133
116
125
114
123
114
120
113
120
112
110
117
115
109
94
108
105
103
107
91
94
103
103
83
100
93
99
105
97
108
90
102
82
95
106
98
102
91
104
90
112
104
111
105
112
110
114
111
109
91
84
109
97
106
99
100
105
109
103
121
124
116
114
98
106
117
106
115
105
97
109
101
116
102
112
110
108
88
98
102
98
105
99
97
104
114
104
98
100
107
93
99
86
96
83
86
90
99
104
100
93
99
71
89
81
89
99
96
88
92
89
87
67
82
81
88
78
77
84
93
90
104
95
105
85
93
105
98
110
94
83
93
101
96
96
91
68
63
51
53
86
40
80
101
34
67
3
3
3
3
19
6
13
7
6
4
26
25
31
41
28
24
22
11
43
39
14
30
11
9
32
33
54
63
55
52
69
68
87
85
81
93
90
103
103
92
105
95
99
103
91
109
98
103
106
104
92
102
106
91
74
86
93
92
88
68
60
34
95
85
52
80
87
84
76
93
52
76
54
78
77
93
74
88
78
95
86
100
77
93
86
70
83
85
80
90
91
86
101
95
106
102
112
85
93
87
94
88
87
81
87
90
102
99
91
98
92
97
98
88
107
93
81
101
88
96
85
105
91
96
88
98
89
85
90
74
95
86
77
91
90
82
92
102
91
90
91
81
96
84
105
112
113
94
109
100
103
103
115
101
103
94
100
58
77
49
38
34
20
89
85
65
5
20
11
8
19
10
3
9
5
19
18
7
20
34
37
36
26
13
10
30
28
23
32
15
35
12
21
22
33
32
34
44
34
35
29
32
32
34
48
24
39
36
9
32
7
15
23
10
15
22
12
18
4
3
16
8
17
17
25
35
36
37
52
61
53
21
23
50
55
40
18
5
3
14
1
5
17
37
37
54
50
55
66
68
51
44
48
64
42
66
3
15
16
9
8
48
23
21
10
32
43
4
4
12
27
45
46
66
63
77
75
91
90
95
103
83
97
102
88
102
100
99
90
102
85
88
109
113
100
117
101
122
120
128
116
114
106
107
112
71
36
64
93
21
31
52
84
52
25
71
52
52
73
73
92
91
110
110
121
112
93
90
110
110
110
104
108
94
105
111
117
120
109
94
110
110
101
108
102
93
103
101
101
89
103
91
94
102
103
92
102
96
100
102
91
85
103
93
102
97
91
99
97
92
95
84
93
88
89
96
93
101
98
87
80
95
77
89
100
90
86
95
94
75
92
99
90
97
106
100
110
113
121
104
115
122
110
125
117
111
114
103
106
95
107
107
113
105
115
104
120
109
121
112
117
107
98
110
103
122
102
108
108
78
90
93
115
105
93
105
96
105
102
111
98
98
105
102
108
96
99
101
90
105
98
98
107
90
106
108
115
92
97
94
95
100
99
82
63
89
76
88
75
84
103
93
95
95
96
91
71
71
89
88
102
96
102
62
57
54
45
34
93
88
82
70
4
4
16
28
49
49
57
67
76
57
68
68
63
73
65
83
86
86
82
79
95
70
69
87
84
98
71
82
78
107
86
97
105
106
101
84
110
96
95
98
88
93
80
71
83
89
92
96
84
90
83
101
111
98
115
96
111
100
103
114
92
113
106
99
110
99
107
94
109
104
94
115
101
107
116
116
106
123
121
116
110
109
100
102
104
102
96
103
92
97
87
103
83
108
106
100
111
109
107
105
92
93
102
99
107
105
106
93
97
90
78
94
77
77
67
94
86
99
88
91
88
102
82
98
96
100
102
96
100
95
106
85
97
98
107
106
87
93
80
87
100
89
94
84
84
97
76
86
86
84
84
91
105
91
99
7793
7803
7802
7779
7799
7768
7789
7778
62
7762
45
7804
11
26
13
31
27
8
23
24
51
63
62
42
62
60
50
86
99
99
52
95
69
80
77
25
71
23
60
36
72
70
112
121
120
125
44
64
123
74
68
81
76
66
75
16
42
48
52
111
75
28
8
15
15
16
8
7
23
20
32
46
31
41
55
67
67
58
85
93
67
69
51
69
28
85
76
41
21
3
5
8
4
4
8
26
12
16
29
28
21
43
41
19
5
2
4
12
22
26
36
30
49
59
57
68
52
65
69
85
80
84
105
89
97
104
68
25
58
47
21
88
97
35
75
16
23
22
20
17
19
14
4
18
33
31
48
44
57
47
66
71
76
81
89
96
90
90
80
98
72
75
93
98
97
82
95
92
94
104
82
91
96
88
99
82
93
89
81
90
77
96
88
107
101
120
105
126
124
110
122
121
114
119
106
98
86
106
97
101
92
105
113
97
93
104
95
85
90
84
90
71
80
98
91
84
92
82
116
109
121
118
108
102
102
115
111
110
102
114
60
106
87
109
53
85
30
38
77
19
8
6
7
5
12
23
13
20
5
17
10
20
32
52
43
51
55
51
50
67
40
45
61
71
95
74
90
36
55
53
49
59
61
65
71
59
50
65
82
89
92
91
90
108
106
125
116
54
40
83
41
90
79
65
124
3
12
9
30
40
27
30
38
40
51
54
40
25
30
11
55
27
16
14
42
51
4
5
6
13
33
27
25
41
43
57
69
63
78
70
71
81
80
86
83
70
58
51
76
32
39
5
3
12
19
29
40
37
26
16
18
30
10
14
10
52
45
49
47
55
30
39
37
40
42
40
41
45
4
15
5
12
27
24
21
20
28
34
33
43
56
51
73
76
75
81
76
79
92
88
96
86
32
94
75
57
69
29
19
34
5
20
27
15
14
24
25
14
36
4
7
7
30
12
9
31
31
26
27
19
19
31
4
13
30
23
37
32
50
52
69
35
51
34
35
54
44
27
4
20
12
22
48
46
54
64
50
55
57
52
65
87
73
97
90
81
95
96
84
87
82
107
100
101
93
108
99
117
105
105
115
112
106
70
28
40
92
59
88
47
74
5
3
17
3
10
21
30
31
47
54
67
71
69
76
88
87
99
101
102
108
119
114
102
104
122
110
96
108
116
102
105
116
100
110
118
113
116
116
120
112
122
62
81
108
91
79
112
111
98
106
92
76
68
87
86
107
105
122
118
131
119
124
114
121
113
124
116
96
115
104
103
86
100
102
107
99
114
113
103
106
118
115
104
116
115
107
97
102
93
104
101
93
106
97
90
108
113
108
116
111
130
119
134
114
122
118
111
124
129
123
121
109
114
121
108
125
120
119
118
104
115
113
118
114
116
104
113
89
115
110
106
120
116
104
101
112
108
99
128
104
85
95
85
86
105
109
101
103
101
83
109
110
85
83
97
90
101
102
80
96
95
100
105
102
106
86
102
92
97
107
98
83
104
94
98
86
98
90
97
83
83
89
95
97
98
92
92
102
108
94
99
106
113
116
112
105
100
87
110
107
97
109
102
119
127
114
111
111
124
127
85
95
112
106
91
97
97
100
76
98
82
104
85
98
99
108
101
98
121
101
120
111
97
117
123
110
128
88
102
116
111
108
114
112
87
93
105
108
111
109
78
112
98
93
102
97
71
104
84
94
80
101
98
70
91
83
91
82
83
83
100
101
105
103
114
44
24
70
105
39
32
22
90
55
77
67
3
4
5
4
4
42
39
53
69
82
82
137
138
139
183
170
167
186
183
247
202
215
214
214
180
214
203
224
139
220
148
155
167
156
162
300
238
236
223
263
271
238
277
280
107
95
99
91
126
45
51
51
30
53
59
4
31
21
27
43
63
39
65
67
67
65
79
53
67
7
4
11
5
6
4
14
41
10
7
25
5
6
26
12
4
21
8
11
9
9
64
61
38
33
62
71
80
43
42
87
33
40
11
31
45
58
55
41
39
38
63
71
90
91
109
80
51
80
27
58
121
39
32
33
5
22
22
20
37
66
62
72
64
52
69
58
81
95
88
88
104
37
39
47
84
41
67
22
6
3
5
4
6
24
23
40
32
32
35
14
34
9
30
42
55
47
60
59
75
56
25
40
79
82
70
84
25
39
68
4
4
15
4
4
21
13
12
29
18
37
20
15
33
42
36
11
9
24
10
21
16
11
3
3
19
19
20
27
23
8
31
29
33
15
16
13
31
46
59
63
70
68
65
72
79
76
98
103
106
104
120
117
108
90
117
113
115
99
112
84
111
97
98
100
78
75
92
89
95
94
88
100
75
50
69
79
51
105
94
78
40
63
72
3
5
11
21
20
14
17
5
11
9
5
13
30
24
31
40
28
54
70
60
79
75
66
81
75
77
34
82
46
15
74
18
70
68
4
4
13
12
8
20
5
10
9
30
24
27
7
4
20
32
23
26
10
20
24
12
5
15
24
24
25
16
22
23
8
4
16
30
38
43
45
62
77
37
89
71
104
91
89
89
83
85
85
68
55
101
112
4
8
4
11
14
5
7
12
10
6
33
20
37
36
38
9
26
26
24
19
28
9
14
7
28
19
17
36
36
44
53
58
64
63
80
67
80
90
94
95
97
107
100
100
87
95
95
84
60
65
59
74
68
72
79
82
92
90
79
87
75
68
67
53
67
32
65
76
41
95
43
20
20
18
19
18
78
18
20
4
5
23
13
14
13
4
18
48
5
3
14
18
22
21
31
34
16
20
23
21
8
9
12
11
4
10
4
15
20
17
18
33
37
51
48
48
62
63
72
76
71
89
89
100
94
101
105
95
109
100
101
103
101
96
111
108
120
118
125
120
131
123
128
121
124
109
119
112
116
103
110
86
96
92
98
93
74
89
85
92
81
86
93
92
99
82
102
83
111
100
102
113
101
109
106
99
99
98
109
102
108
99
101
108
110
97
105
96
100
106
105
98
96
87
107
102
97
102
91
90
102
95
88
101
102
88
94
110
109
119
99
114
101
111
109
101
112
99
106
98
112
95
103
103
97
109
97
108
106
124
113
127
113
118
110
117
109
124
93
96
95
93
106
90
83
92
89
84
104
93
91
101
88
118
111
106
94
76
114
103
98
83
99
97
89
94
78
85
91
98
99
95
84
90
90
102
92
97
88
99
89
102
91
87
96
92
73
86
55
27
18
94
34
41
97
60
13
9
11
13
15
7
19
22
34
51
47
49
75
74
79
79
98
90
82
80
105
99
105
87
94
77
77
94
89
93
103
108
88
99
90
82
101
94
97
106
90
105
99
110
95
106
104
103
119
104
91
94
105
90
101
101
94
99
89
91
69
83
84
91
74
53
54
62
98
84
62
90
81
81
64
66
65
52
22
61
64
35
53
6
4
13
25
25
33
34
31
50
41
51
68
48
55
67
71
77
93
86
82
99
104
94
95
94
75
71
97
86
90
79
77
73
89
97
91
105
96
91
98
107
107
116
105
103
96
103
104
88
94
104
77
92
90
95
94
87
92
85
98
90
89
88
94
103
88
103
96
109
83
70
63
82
96
90
96
94
99
94
105
115
104
93
118
104
97
108
96
105
95
101
90
100
91
94
105
99
110
111
100
91
103
112
98
85
108
97
112
96
93
90
104
99
107
102
97
97
114
106
117
108
119
111
115
116
111
124
107
109
127
98
100
115
110
97
100
104
109
95
92
106
96
95
92
103
110
107
94
114
105
98
110
84
102
110
80
62
88
70
93
84
110
109
126
96
97
122
122
114
133
119
100
104
110
104
114
100
99
75
107
67
47
91
34
100
62
83
89
93
85
58
87
80
82
79
79
96
90
95
87
102
105
88
100
95
108
118
112
122
94
106
87
78
93
115
93
103
89
101
80
99
94
108
89
66
115
79
84
61
38
45
91
81
94
92
115
115
133
78
75
91
88
90
104
96
90
72
83
82
76
90
83
97
89
93
98
107
89
80
101
88
102
89
93
100
90
100
93
100
98
96
101
89
106
95
90
97
91
100
98
103
91
88
95
85
85
94
97
83
96
72
85
68
56
99
91
107
93
103
89
74
90
73
74
100
89
103
101
98
103
108
105
103
105
101
106
98
95
100
86
103
83
89
96
89
96
103
93
92
93
101
95
107
112
106
114
117
102
120
107
117
120
127
104
108
124
108
108
122
112
116
91
25
107
83
58
99
67
32
45
4
4
6
7
31
16
24
23
40
27
23
43
48
49
16
30
28
38
9
30
16
19
35
26
31
43
41
21
52
61
68
70
70
86
74
79
77
91
88
80
97
95
91
92
84
85
85
95
92
69
76
90
90
97
87
98
96
100
88
95
96
112
114
104
107
101
107
100
100
107
102
99
102
90
101
82
96
89
80
104
78
85
96
94
90
95
94
85
99
100
100
98
106
90
95
88
96
88
88
101
96
86
86
97
80
84
90
97
92
103
94
99
94
98
97
59
26
61
21
106
68
82
103
43
32
82
80
95
63
68
61
77
78
95
92
103
91
105
79
97
91
100
101
90
103
92
88
101
85
98
88
76
83
86
98
92
88
96
87
104
33
64
45
83
76
51
93
100
93
81
94
75
74
90
78
93
93
105
92
92
90
100
99
79
86
82
89
80
89
87
68
66
71
83
88
92
98
97
102
85
79
100
110
106
99
102
107
107
111
117
96
100
110
106
100
109
95
99
117
104
114
108
124
106
124
120
111
120
109
116
109
109
114
87
98
109
110
105
112
105
120
107
113
120
119
129
115
125
111
125
90
110
102
122
393
397
345
385
335
93
40
371
359
94
379
4
8
11
10
29
25
31
9
12
12
25
33
22
26
24
25
10
8
24
20
7
3
16
8
13
5
3
17
21
20
35
8
14
11
11
32
31
29
3
15
22
25
28
31
69
69
64
91
93
107
104
101
109
72
99
36
23
59
50
102
89
3
14
29
20
22
52
60
62
75
63
72
72
74
88
89
104
98
89
67
62
40
101
27
17
93
59
84
77
4
29
28
43
44
58
56
68
68
82
78
88
86
101
105
89
97
83
98
94
106
106
106
105
113
115
102
100
97
99
114
85
103
91
126
109
99
98
105
109
103
103
95
100
101
102
104
99
135
125
126
81
37
109
133
21
94
101
42
114
4
13
15
26
26
45
15
37
20
23
41
24
19
52
3
1
7
16
21
26
25
32
30
20
19
7
5
13
17
20
24
26
24
64
57
71
75
86
78
75
94
104
70
35
90
103
38
56
80
38
24
112
5
13
11
9
18
17
33
28
17
27
15
17
14
23
31
27
7
53
3
3
3
4
2
3
22
22
20
27
8
30
36
20
31
16
13
4
5
4
23
24
22
17
26
24
23
19
25
15
8
18
21
8
19
5
18
24
33
22
9
28
18
32
9
19
35
36
44
33
59
57
58
71
75
80
90
77
88
91
89
102
98
24
59
95
45
21
90
86
24
65
5
20
40
38
51
53
62
69
72
81
93
91
93
95
66
84
15
55
32
13
72
50
35
51
10
24
33
40
52
50
58
67
66
77
86
78
80
101
88
97
83
102
100
89
103
97
102
101
101
101
112
110
89
102
81
93
115
108
116
102
96
116
88
91
119
86
115
93
105
126
119
134
122
138
130
116
107
51
47
43
50
95
66
51
74
120
83
6
10
6
26
28
14
31
52
50
45
46
19
37
47
11
35
40
46
43
22
60
23
26
24
31
39
36
45
51
50
65
57
70
70
73
75
80
80
87
99
89
99
101
90
101
88
97
105
93
103
93
96
111
84
99
109
97
90
102
101
97
90
113
81
97
94
107
80
66
96
46
55
8
9
19
10
19
29
29
39
47
49
38
45
39
64
16
18
43
28
67
43
7
18
25
27
29
34
45
41
56
51
66
57
70
71
81
80
94
45
57
54
32
89
60
78
92
3
4
4
17
12
10
21
12
22
34
32
9
32
37
7
15
18
8
24
27
9
12
4
5
16
27
38
45
43
48
56
68
55
45
59
63
52
49
48
48
41
70
29
34
51
44
15
12
12
9
15
15
14
33
43
51
60
59
58
66
82
80
91
46
86
53
70
20
62
83
89
33
17
4
28
38
34
46
54
67
65
76
73
78
88
83
86
92
106
105
97
64
62
47
57
73
75
22
88
22
23
18
19
13
12
17
16
3
14
20
24
28
24
16
32
8
18
7
8
21
12
21
14
22
9
28
30
49
47
69
68
86
83
85
92
88
74
104
111
97
43
80
102
87
62
79
79
78
86
87
103
100
86
83
83
86
96
86
106
104
110
109
113
110
115
127
92
117
109
124
127
109
123
107
104
121
105
100
109
111
114
109
111
105
110
99
101
92
99
95
88
95
100
98
94
107
105
115
109
108
114
110
74
48
41
36
57
71
81
96
107
12
10
28
39
34
39
40
69
60
66
58
68
60
72
37
40
39
74
90
63
46
38
43
53
92
42
44
46
45
46
3
3
5
7
16
11
21
8
12
10
7
5
29
28
43
45
41
67
66
81
86
89
98
91
105
100
90
98
114
102
98
99
97
99
92
98
87
91
79
78
102
108
106
101
98
102
97
118
106
117
115
107
121
107
103
115
99
111
99
113
99
112
97
100
106
115
105
113
101
117
108
127
121
117
125
122
129
131
124
129
107
120
102
79
67
59
112
89
112
88
84
90
97
74
76
73
73
85
91
100
94
99
90
86
97
70
83
97
90
94
90
99
93
112
119
96
110
122
117
116
112
131
100
97
104
90
102
93
101
90
94
103
69
87
100
83
96
99
84
97
97
98
79
92
85
97
78
70
90
88
99
86
86
61
44
34
52
28
19
57
80
90
94
15
13
30
35
33
36
26
28
40
38
23
32
21
38
20
4
33
41
31
29
46
54
52
68
69
84
81
89
102
95
106
115
112
104
114
97
107
127
107
105
119
102
112
114
104
104
102
112
105
110
101
114
112
116
102
117
103
115
104
110
105
96
109
90
102
105
93
106
96
104
114
94
103
113
101
113
118
85
100
112
121
107
119
110
118
116
109
119
114
122
112
472
457
458
445
435
439
424
422
466
14
492
5
5
5
17
6
8
12
4
18
19
5
37
8
30
33
3
4
4
5
20
6
7
6
19
21
24
34
33
36
43
54
55
58
83
79
49
74
74
95
81
94
71
97
96
47
92
43
33
21
60
4
3
16
19
8
18
16
22
13
6
7
18
7
21
5
3
2
5
17
25
30
20
37
36
77
78
88
57
55
25
41
38
85
80
51
46
72
3
22
18
7
8
4
23
23
21
23
7
5
21
22
40
50
53
25
34
14
8
15
32
10
9
36
51
48
63
58
52
78
78
97
98
95
110
110
79
71
47
110
109
109
59
63
71
79
37
82
55
41
37
1874
1880
1891
1886
1864
1891
46
1852
1822
1854
1862
39
6
4
36
42
37
34
66
63
80
89
82
104
102
98
108
109
98
93
83
104
104
66
53
70
113
68
80
22
31
98
7
3
17
3
15
13
28
27
43
45
60
50
59
68
74
56
70
36
28
49
69
20
73
49
5
4
36
40
38
47
48
55
64
66
67
80
94
79
94
96
76
89
76
76
92
78
93
97
90
79
93
88
71
92
80
35
96
71
90
58
33
57
38
3
15
28
40
62
60
56
97
91
105
116
98
118
49
68
47
30
117
81
121
43
6
3
9
3
4
19
10
22
11
37
43
46
40
54
65
64
56
51
71
54
19
47
48
36
57
9
24
26
40
55
49
60
75
55
72
73
49
41
61
33
63
56
59
18
19
39
40
58
71
69
83
75
91
88
99
107
94
96
78
113
86
104
104
93
103
111
109
102
80
88
88
104
93
96
90
89
101
100
63
87
69
81
78
88
80
90
88
90
71
87
87
96
103
94
104
103
97
71
98
92
79
98
97
59
70
98
45
32
15
58
77
25
85
4
26
23
17
23
14
21
17
25
4
10
5
14
28
24
33
30
13
31
4
14
13
16
30
26
20
9
42
30
19
4
16
14
35
49
48
46
57
68
71
67
79
80
86
96
102
86
104
92
107
89
92
117
97
102
99
107
103
96
103
77
98
90
99
94
104
101
116
98
102
102
114
101
112
100
102
109
102
87
95
100
94
100
95
99
93
94
102
110
92
99
92
87
92
97
80
75
86
94
93
93
102
98
102
92
111
90
107
104
113
102
114
102
115
101
110
102
84
104
98
99
92
90
73
76
59
98
81
95
86
91
94
86
81
75
89
94
100
96
101
100
60
76
86
39
26
98
45
84
28
57
4
15
11
21
22
27
36
33
55
46
57
60
58
70
63
79
78
95
104
102
93
110
106
95
101
96
69
92
78
89
85
79
73
83
91
88
80
90
110
101
104
102
96
107
97
95
111
108
80
92
101
94
87
100
86
79
95
98
94
100
101
88
93
105
109
98
102
101
105
106
96
100
90
106
92
99
93
98
94
101
91
101
98
96
80
84
100
95
100
94
112
105
85
100
93
88
111
100
83
35
63
89
45
37
71
70
43
3
5
2
4
6
16
26
37
35
45
38
42
47
51
90
89
104
103
102
111
114
55
41
100
27
62
77
40
8
9
6
3
17
18
16
14
18
6
7
19
24
37
51
58
56
66
86
84
98
92
100
116
113
108
80
95
109
85
90
86
98
92
85
87
71
78
80
64
83
100
95
110
110
108
94
108
85
96
97
96
109
112
112
105
119
106
121
106
126
113
100
100
120
105
113
117
78
99
76
89
113
111
102
99
100
98
100
73
86
86
84
109
96
102
108
108
96
113
104
120
108
118
111
116
107
119
92
117
89
70
67
53
83
99
91
80
94
92
71
89
89
87
106
109
84
77
107
115
67
97
93
100
90
95
95
103
98
89
83
100
100
111
101
110
125
110
117
112
117
112
120
106
116
112
111
98
107
104
86
99
94
99
97
80
74
35
38
84
44
65
55
26
4
3
26
15
25
25
24
34
32
56
34
48
8
43
24
30
27
25
30
37
19
26
21
33
34
22
77
84
79
88
63
72
71
86
94
94
109
101
92
94
117
111
91
104
99
84
105
88
98
93
98
85
105
106
115
90
97
84
97
88
74
107
92
82
103
96
111
101
111
112
131
113
117
113
104
116
112
112
109
112
105
98
101
98
92
93
83
83
90
97
107
103
112
120
105
120
109
119
100
116
111
123
123
112
112
105
109
124
113
123
108
92
112
103
116
98
131
111
100
81
113
123
122
114
125
95
92
115
99
112
105
111
111
105
120
111
118
97
114
106
104
104
92
91
91
84
93
97
96
49
77
56
39
39
66
56
82
5
21
39
47
58
72
63
81
85
78
69
115
102
106
111
112
116
75
109
83
99
90
102
91
96
90
109
103
117
88
63
107
69
92
42
28
49
65
8
6
18
11
6
9
4
6
4
16
9
19
11
16
2
3
1
9
3
11
2
7
2
5
7
13
16
7
7
10
9
15
11
17
0
9
2
13
21
22
14
3
5
4
10
16
13
14
20
12
4
5
7
13
15
11
15
14
7
20
27
14
18
20
15
9
13
3
8
4
9
3
22
25
28
12
5
14
5
14
5
12
11
5
15
7
6
9
2
8
10
5
10
7
1
3
3
11
5
3
13
12
10
13
17
139
160
164
33
8
6
9
14
12
15
23
19
30
18
7
10
12
12
16
35
42
38
24
27
40
34
36
59
57
55
89
74
50
39
40
15
81
17
15
45
6
7
15
6
3
3
9
8
2
19
6
6
4
8
5
13
6
4
15
11
1
3
19
5
12
11
17
21
4
7
4
1
6
2
30
11
27
5
2
4
9
5
23
3
38
2
8
6
9
9
10
33
22
22
22
40
2
12
4
6
4
2
3
3
3
4
8
17
14
17
3
5
19
25
18
19
10
18
23
19
21
29
29
41
32
33
42
35
38
43
31
54
29
31
43
11
15
41
23
4
2
10
4
23
17
13
11
13
7
19
20
9
15
9
46
43
33
13
26
49
20
7
25
14
35
33
39
25
32
8
14
19
12
38
32
35
19
18
21
21
33
30
4
14
9
9
10
26
28
38
37
48
57
45
59
58
56
59
67
38
56
47
47
65
29
7
17
12
16
41
39
46
63
61
78
88
95
68
86
58
47
45
98
90
37
54
43
66
25
81
48
3
14
9
12
37
46
44
52
24
8
33
43
35
22
3
10
12
5
16
30
32
33
36
44
64
65
68
81
77
74
80
78
77
96
93
102
107
84
82
93
16577
16556
16572
16553
16577
16558
16571
69
72
4
4
11
15
43
58
49
67
66
87
77
98
107
91
95
121
118
113
112
75
77
59
57
47
128
112
5
13
27
19
38
31
28
46
26
42
27
11
9
34
36
57
48
59
55
57
52
25
32
28
10
8
24
9
11
22
17
21
144
10
23
24
24
8
9
10
8
20
21
11
6
20
22
36
5
15
9
12
4
3
28
12
18
8
10
3
18
27
39
35
55
44
52
73
64
61
82
73
86
70
100
78
85
92
76
73
28
63
35
70
46
55
5
4
12
12
26
39
46
55
56
74
67
74
85
87
103
99
82
105
93
93
96
99
109
106
103
63
29
87
50
40
65
20
67
93
3
5
12
26
8
15
8
7
10
28
11
46
60
62
68
60
68
78
80
97
92
108
115
105
100
110
99
109
102
114
106
111
109
104
118
98
114
98
100
110
109
104
120
121
127
121
128
121
127
120
129
122
119
104
118
111
118
106
116
108
114
107
111
103
102
104
101
86
104
115
98
112
100
102
117
105
121
105
114
110
108
107
101
109
106
98
105
114
105
116
114
117
115
105
113
110
101
84
93
96
90
86
67
74
92
59
83
83
99
86
96
71
89
82
89
98
92
88
74
96
95
92
103
92
101
90
103
95
103
105
105
98
103
83
73
85
91
91
84
98
84
89
86
76
73
89
74
93
98
88
93
93
93
101
101
83
94
94
89
100
83
95
89
80
94
87
93
92
93
91
88
94
84
87
81
63
45
51
37
31
94
87
71
91
81
82
56
57
72
70
70
71
80
86
92
101
88
98
89
109
94
114
110
130
121
123
116
128
121
127
121
109
124
121
119
113
121
105
112
113
106
114
106
96
111
99
109
119
109
95
107
100
117
108
112
94
106
105
108
111
104
107
101
105
100
99
104
106
102
95
98
103
116
103
113
105
114
104
123
107
119
108
116
109
113
101
115
102
104
117
116
103
116
104
116
122
107
96
58
65
86
43
77
96
85
95
46
51
31
48
70
42
91
47
95
52
3
2
6
9
12
4
7
4
23
14
14
23
32
26
37
31
26
34
26
49
47
50
78
54
67
70
76
73
83
95
97
100
114
90
99
82
103
80
82
86
90
73
87
78
90
88
92
100
98
97
97
103
100
110
99
111
117
99
119
109
119
107
110
103
114
82
75
107
61
95
38
31
44
56
2
5
29
45
38
51
46
56
27
58
18
44
45
41
4
5
15
6
7
16
9
7
6
36
51
38
51
51
52
41
54
81
96
86
88
37
36
31
75
94
63
80
76
70
33
37
48
41
63
61
67
79
74
91
84
83
108
101
114
100
116
108
106
89
115
103
109
101
110
111
106
120
101
113
118
131
116
130
111
121
119
119
116
120
112
106
119
105
117
94
123
114
106
99
104
95
102
99
97
106
92
103
97
101
94
104
92
101
101
93
106
94
106
106
95
107
95
94
117
105
114
111
116
106
112
85
69
72
73
67
58
50
54
108
103
9
17
19
13
16
18
51
21
19
47
15
45
22
7
24
11
21
25
40
58
56
57
37
35
34
35
20
20
29
8
33
17
39
42
38
13
42
40
40
38
71
69
79
89
90
71
66
104
64
95
19
44
67
31
91
10
41
36
43
45
61
72
70
72
74
95
108
81
93
90
107
101
116
93
103
99
96
99
96
101
101
116
97
101
116
114
113
107
105
110
107
109
107
111
101
96
100
101
105
96
114
99
113
112
112
120
113
123
97
117
115
111
108
97
97
100
92
76
54
90
90
89
80
91
80
33
38
60
39
60
40
21
6
9
3
23
28
32
23
23
13
34
12
20
55
56
40
42
74
78
44
74
96
85
98
96
106
76
94
93
101
92
106
102
92
101
110
102
108
97
96
108
104
100
91
89
83
107
73
97
95
101
103
92
108
76
80
118
54
101
96
57
82
88
87
88
79
89
145
118
123
125
132
113
94
96
77
147
139
134
286
288
309
300
341
339
513
472
477
471
320
331
285
325
259
86
288
95
107
103
99
105
98
108
101
98
98
109
100
110
97
108
95
111
103
113
102
95
105
112
116
106
115
108
101
94
107
103
90
98
100
105
99
104
104
110
108
113
106
111
87
94
107
95
110
91
108
95
110
101
113
95
77
47
87
106
80
36
57
24
5
3
8
17
5
15
15
8
6
3
32
19
14
29
21
18
41
50
42
33
40
45
56
60
54
52
70
82
80
89
98
91
88
94
99
102
37
13
104
83
56
70
20
72
24
4
6
21
20
27
21
7
27
24
39
21
12
12
43
61
70
70
72
42
57
45
61
56
54
29
43
8
4
7
8
9
20
14
4
3
19
10
3
17
28
21
38
53
65
59
65
69
67
85
94
87
102
101
81
102
94
103
100
110
96
98
96
119
64
42
37
77
104
93
58
92
4
36
27
33
41
46
62
16
13
55
51
16
58
4
7
18
13
27
35
20
32
26
30
17
7
12
13
9
5
8
5
27
23
23
26
60
58
76
74
78
63
76
79
60
47
68
80
67
75
82
75
72
60
54
73
68
64
80
67
75
96
95
92
106
94
106
109
109
102
114
118
103
114
103
97
104
101
90
105
96
98
105
104
118
122
107
118
104
107
114
94
99
83
104
110
117
103
117
111
120
129
114
132
107
109
119
117
108
114
99
106
113
116
100
106
108
97
76
90
110
45
82
52
65
115
105
51
107
67
67
66
91
90
90
102
83
108
99
108
106
98
121
117
106
125
125
113
116
118
114
125
117
135
112
130
116
109
123
105
106
112
115
111
105
113
73
95
61
87
46
16
49
34
114
102
7
4
6
17
28
26
36
29
36
31
38
66
75
73
80
74
47
79
16
81
29
46
15
43
54
5
4
9
22
15
25
10
20
11
30
4
6
3
4
3
3
18
25
27
35
44
41
36
47
50
54
23
18
60
38
21
8
7
8
9
26
21
24
32
14
26
3
7
7
15
12
7
8
19
5
9
19
4
2
1
3
9
13
16
18
5
16
6
9
21
15
13
18
6
17
30
30
42
42
61
60
79
77
84
86
89
99
95
110
118
109
75
94
54
78
92
121
106
78
82
76
38
65
64
93
84
36
77
98
99
105
103
106
119
99
114
90
93
90
83
88
83
86
91
96
85
95
94
81
53
103
63
17
91
88
37
20
72
46
19
5
15
7
24
15
15
34
5
32
46
32
46
42
70
43
68
18
77
54
35
74
72
13
26
19
19
27
26
17
30
20
29
3
17
22
43
42
58
58
76
61
66
78
84
17
84
10
39
60
83
72
46
15
4
3
2
10
16
17
35
52
49
26
30
39
42
37
17
27
43
26
3
4
4
4
9
7
17
13
13
21
25
22
25
16
23
25
31
3
3
3
20
30
35
28
53
61
59
74
54
49
77
23
14
56
52
75
37
12
80
9
23
30
30
43
46
64
63
72
85
70
80
89
82
99
72
69
55
36
17
14
95
46
88
3
29
26
29
15
26
22
34
28
32
30
5
6
4
4
31
24
20
29
23
24
23
34
15
27
50
48
9
12
20
25
21
34
36
25
37
33
35
50
46
29
19
21
52
44
36
40
19
50
56
49
70
82
80
91
88
89
113
106
118
108
101
115
64
92
81
50
78
60
46
48
61
17
7
4
44
10
36
53
17
17
14
13
11
17
11
44
34
26
25
21
32
20
12
26
41
39
76
43
86
44
35
43
40
20
52
46
38
41
3
13
22
33
31
40
50
50
71
70
89
73
92
102
101
60
108
54
76
88
99
98
82
90
97
87
79
72
88
87
104
106
114
105
104
112
89
105
99
105
81
91
102
91
101
91
95
101
94
104
115
103
103
118
109
122
110
121
118
112
107
109
87
101
89
104
79
90
79
73
22
59
70
66
29
60
42
7
6
5
4
8
17
14
6
7
15
15
13
31
33
48
47
56
61
45
61
62
77
77
96
87
95
117
116
127
124
133
118
123
117
108
105
103
29
65
43
74
89
26
49
49
8
5
3
9
35
11
13
10
15
28
35
37
50
61
50
59
67
91
85
89
85
60
70
100
99
83
106
115
104
101
75
99
69
85
90
102
102
100
95
111
103
119
115
106
103
117
112
96
114
96
109
109
108
116
118
101
81
104
104
101
115
107
110
104
102
113
115
93
109
102
93
102
110
116
108
108
115
114
106
109
120
111
118
104
91
115
103
109
129
109
120
128
121
107
116
87
106
106
94
71
115
109
80
107
96
107
94
107
94
99
98
104
98
109
108
98
89
96
94
101
93
94
85
101
109
107
114
97
106
112
101
110
112
100
124
113
101
105
113
92
101
113
118
104
121
102
116
99
116
112
110
114
107
107
118
96
118
106
113
101
113
98
116
99
112
102
109
105
120
114
120
118
119
111
110
119
118
118
58
69
41
63
19
32
99
83
103
4
13
9
5
3
5
7
10
9
33
32
42
37
41
38
57
63
60
59
73
57
72
62
16
33
35
57
70
53
29
4
4
5
14
20
25
26
39
41
36
34
20
35
44
51
36
31
12
13
28
26
26
34
41
32
44
41
52
68
66
71
51
41
69
42
53
40
97
98
128
103
111
104
110
112
138
138
162
150
155
146
152
83
69
96
106
128
94
99
86
97
80
153
112
106
118
116
140
136
141
127
119
117
134
120
71
107
125
87
53
104
62
132
38
248
222
196
179
180
206
216
217
233
233
82
105
117
103
116
115
125
115
110
123
117
135
129
139
115
103
105
89
85
85
68
66
53
114
17
11
4
13
8
9
38
15
21
41
53
48
33
31
35
40
45
39
58
46
49
35
3
5
13
15
21
23
45
40
35
35
32
39
30
34
45
59
47
64
104
27
37
77
47
81
29
93
34
32
24
29
3
3
20
31
26
46
38
35
64
72
39
31
73
57
21
56
56
31
30
58
6
14
28
21
40
31
55
43
59
54
60
77
56
58
54
41
61
51
58
32
3
3
10
28
36
46
54
63
64
76
81
82
85
88
97
106
96
99
102
28
63
23
81
66
92
55
32
72
37
61
59
52
50
70
67
79
77
95
92
103
104
111
107
101
113
100
110
103
110
103
108
108
108
110
114
109
110
107
108
97
90
113
101
103
106
95
101
93
71
105
69
83
93
101
85
95
73
87
102
101
110
100
111
100
115
99
108
109
106
97
91
105
103
91
104
91
109
114
96
83
104
95
105
90
48
36
29
87
61
70
78
41
3
7
4
6
27
38
29
37
28
33
26
47
50
48
22
28
37
52
30
52
35
41
70
65
61
34
28
46
65
49
54
56
54
67
71
70
90
89
90
102
100
110
94
114
105
105
116
113
113
75
89
98
64
69
108
19115
19077
19096
19102
19127
19152
19154
145
152
168
159
130
138
144
154
115
124
113
138
125
179
189
181
169
183
165
198
198
219
218
152
147
150
138
168
143
149
163
155
142
154
144
158
162
130
157
140
148
135
154
136
143
132
119
136
94
103
112
105
117
111
105
115
117
116
124
114
106
114
104
94
105
95
103
90
104
92
101
100
101
82
89
100
93
92
107
102
97
105
101
113
105
109
106
107
105
104
93
101
89
98
91
98
89
82
95
73
90
95
90
94
77
96
92
89
91
107
77
89
86
91
95
96
99
85
94
100
84
90
101
94
97
89
96
103
92
95
108
93
93
99
110
80
100
96
96
91
99
91
90
102
91
105
105
103
84
95
94
76
71
82
70
67
80
62
83
92
84
93
86
88
97
89
95
95
113
71
101
83
93
73
88
67
56
76
59
79
82
79
96
95
95
105
95
90
90
97
104
105
97
103
95
101
89
102
81
94
86
78
96
88
99
91
89
97
103
105
97
115
109
103
102
99
97
106
88
103
88
98
92
93
94
85
96
97
83
76
81
88
87
96
95
97
88
97
90
101
89
87
87
101
100
99
91
98
93
107
105
101
82
107
53
27
21
101
71
62
91
42
10
8
17
24
14
5
4
15
16
18
16
11
26
17
35
34
59
75
74
72
88
68
67
74
72
82
90
88
85
90
90
103
96
113
101
115
112
113
99
116
119
122
110
113
119
115
109
119
103
116
120
109
98
110
100
112
101
99
95
112
102
94
88
110
98
107
109
86
117
100
111
100
105
83
91
93
99
90
100
93
100
104
96
103
85
93
101
103
96
102
107
95
110
99
107
102
114
106
108
105
114
101
119
116
114
95
117
97
108
119
101
103
92
87
96
85
79
100
99
67
75
102
87
93
68
66
32
104
78
99
90
27
68
5
25
23
12
26
33
29
36
4
5
14
24
23
41
43
38
48
36
48
50
66
66
16
69
25
72
57
38
22
19
80
7
35
44
44
56
57
65
62
51
63
52
54
78
23
69
77
48
58
65
77
86
82
97
95
95
81
86
83
98
98
103
95
101
104
93
90
96
105
87
100
111
97
118
103
121
108
115
118
115
117
107
110
96
89
125
102
91
87
116
77
84
73
84
108
86
95
94
109
100
108
100
114
87
93
102
86
96
80
105
101
95
111
108
104
104
113
119
63
86
116
77
99
104
97
93
101
106
107
45
101
82
114
66
105
22
33
50
68
3
5
13
5
20
17
37
36
36
43
38
25
21
51
57
54
27
29
21
39
24
28
26
33
19
34
32
22
8
5
6
8
5
21
23
21
41
38
57
71
27
58
41
52
24
24
16
36
57
33
8
5
9
9
21
20
21
21
14
30
35
46
37
38
49
42
53
38
43
34
5
13
3
13
14
23
21
37
38
51
49
48
30
41
67
32
56
12
13
62
51
60
7
6
27
35
36
51
57
51
67
62
69
60
51
68
73
43
76
80
97
95
56
73
66
97
88
101
113
111
134
127
144
123
114
108
106
119
122
113
110
104
110
96
104
102
109
99
109
100
110
104
99
87
96
104
99
89
99
92
106
96
113
102
119
117
114
112
120
110
103
90
101
127
116
129
116
128
114
118
128
130
85
93
93
100
93
100
98
102
101
104
97
107
101
101
81
97
89
95
88
94
87
73
93
91
89
82
74
84
75
77
84
79
78
76
69
91
87
93
78
90
92
98
96
110
109
102
99
70
107
38
87
33
24
79
59
52
21
94
8
3
6
5
17
14
20
20
35
18
23
20
15
31
14
50
17
5
3
5
2
2
4
5
4
16
5
5
19
16
24
25
9
20
42
38
5
14
5
5
9
13
20
28
39
38
48
46
43
40
51
42
28
3
2
5
5
2
4
11
3
5
5
18
22
31
48
29
35
51
66
78
68
85
93
24
92
61
34
45
63
42
73
74
45
5
7
17
20
32
40
54
67
36
18
46
57
12
19
16
25
21
56
29
16
45
10
13
57
50
4
5
4
24
24
15
10
38
20
27
29
5
31
46
53
68
62
64
81
94
104
82
104
69
50
108
94
91
94
80
31
63
34
43
111
27
96
89
8
21
38
39
58
48
78
66
79
77
49
27
57
52
63
26
74
40
29
66
4
24
29
8
27
11
50
8
5
6
8
21
24
17
10
50
46
47
60
55
72
82
77
92
78
90
100
103
94
107
72
55
87
104
128
105
126
102
44
4
5
13
15
3
4
9
14
15
34
33
45
54
55
53
26
54
47
24
36
16
33
34
52
19
18
34
23
31
20
28
31
7
4
7
7
4
5
19
10
8
3
13
10
11
15
5
31
7
4
19
35
29
48
53
60
72
74
74
86
87
78
88
97
100
111
98
102
110
111
123
119
111
98
79
64
54
114
124
88
89
98
95
95
81
59
59
53
92
78
28
47
71
83
81
65
21
22
22
23
22
294
60
293
81
52
68
68
90
89
99
113
108
103
115
114
114
107
118
105
111
122
96
119
115
107
106
104
79
94
100
85
103
96
97
97
107
110
102
91
104
84
108
97
104
104
93
106
105
113
94
103
94
99
112
103
117
92
105
108
85
92
73
96
242
251
249
257
238
255
248
245
247
247
99
75
88
84
91
96
89
90
99
103
89
86
99
92
99
94
76
83
83
90
99
93
70
81
84
93
100
101
101
98
95
98
77
98
88
85
86
94
77
83
94
91
84
99
86
93
89
89
84
94
97
88
94
88
96
90
96
88
97
91
102
93
95
77
83
95
101
97
92
95
76
88
98
92
101
93
99
90
98
99
92
94
90
101
98
88
79
89
88
83
74
94
82
94
85
66
57
65
66
86
85
90
98
71
92
75
74
104
104
123
121
129
120
135
125
124
99
106
98
118
117
91
104
95
101
99
88
112
86
84
97
91
125
110
125
117
116
114
110
116
84
99
91
105
93
100
100
100
96
102
100
106
98
111
91
109
102
115
102
122
104
103
116
115
91
106
59
54
102
87
71
94
91
83
86
100
83
93
83
83
104
104
105
93
113
108
96
92
96
103
94
102
100
103
115
96
107
100
96
103
95
105
97
108
103
101
112
93
113
100
106
98
85
97
84
88
70
69
82
77
86
83
137
149
124
111
124
143
138
71
25
59
38
46
144
81
52
148
75
88
53
71
60
61
73
72
70
87
75
85
82
68
88
80
86
91
94
87
107
97
112
96
103
84
101
108
96
95
89
82
94
82
77
91
84
94
82
80
97
99
94
98
98
104
93
108
100
108
98
102
105
95
109
96
96
109
98
104
106
104
103
93
104
98
104
95
79
99
88
93
86
99
98
87
96
86
97
80
79
76
93
83
93
81
75
93
82
83
94
95
88
97
86
90
96
72
71
48
56
64
90
79
88
86
85
64
64
79
79
87
91
67
90
85
97
73
82
97
89
99
91
105
78
98
92
101
94
97
92
99
88
100
87
95
79
64
29
46
35
53
93
16
69
2
4
4
3
17
4
19
4
7
6
20
50
43
55
55
67
66
83
82
98
77
98
89
91
85
90
77
85
86
85
99
44
93
37
12
60
58
33
26
80
3
12
27
37
30
18
29
38
21
29
31
23
23
4
3
22
9
8
19
11
7
4
5
4
5
11
30
16
32
29
5
25
32
21
15
32
39
58
60
66
59
77
77
91
89
62
92
50
89
97
31
80
70
35
19
4
4
4
24
34
33
33
32
52
54
54
68
15
64
37
33
38
61
35
66
8
14
15
22
26
15
18
36
43
24
43
35
84
49
34
47
48
47
47
61
52
49
47
59
43
61
49
4
34
34
31
28
56
62
53
10
44
65
14
59
16
7
4
4
2
3
22
32
19
17
8
16
24
0
