18
21
40
36
33
137
152
152
166
177
173
101
135
138
65
49
107
93
106
91
68
82
81
101
81
54
74
84
102
95
64
59
74
162
67
92
133
142
129
108
99
123
99
126
107
127
131
128
127
124
100
45
63
26
81
67
85
102
130
123
138
117
8
16
39
58
48
52
62
73
74
86
88
87
101
69
98
103
102
103
100
111
101
113
105
110
122
113
106
114
116
110
86
36
63
54
91
28
49
103
71
15
12
34
12
31
33
32
3
17
20
16
26
16
36
21
29
50
43
61
53
48
57
54
68
73
72
106
112
121
120
105
123
130
129
138
125
101
109
110
106
122
116
114
90
107
114
105
121
108
106
120
101
79
108
104
117
40
104
55
78
54
97
61
69
92
7
7
26
30
9
12
41
38
12
12
34
5
5
13
10
13
28
47
39
56
48
75
70
82
81
100
100
116
118
106
123
110
118
116
109
101
110
97
100
105
106
80
89
100
88
90
99
107
103
103
114
112
94
120
110
109
95
102
91
90
97
104
79
94
138
131
147
89
105
114
142
120
117
30
97
30
75
31
104
27
27
30
12
12
37
33
17
35
14
8
5
9
35
30
30
62
71
69
60
70
126
126
130
129
130
154
148
128
96
97
91
86
69
62
41
22
23
26
24
23
23
22
21
22
24
92
32
54
53
69
116
566
585
584
625
620
632
628
589
620
608
137
170
146
151
120
101
128
102
142
130
104
112
121
119
93
123
122
146
141
163
157
181
166
176
154
159
146
154
132
134
100
81
75
121
54
62
56
157
150
111
147
130
130
149
149
173
173
117
107
111
92
108
81
59
95
73
54
45
75
109
105
122
92
121
33
50
30
27
39
27
2
5
3
5
13
21
28
28
18
15
2
2
10
18
35
12
27
30
19
15
13
32
6
25
51
43
56
67
67
85
84
76
102
101
112
97
112
104
117
86
77
96
100
87
86
97
62
80
67
93
99
87
96
86
101
99
92
110
94
100
106
71
101
78
98
119
87
100
109
116
124
117
102
93
86
111
103
104
121
121
126
118
127
117
125
122
113
117
105
114
63
79
106
64
93
77
83
72
77
91
8302
8314
8311
8312
8343
8346
8352
8351
8385
8393
147
121
138
150
89
136
93
72
66
79
89
80
88
10
10
9
41
55
61
51
49
61
59
72
74
76
68
79
79
105
106
113
116
115
113
112
100
98
98
114
93
98
109
105
104
109
96
106
92
109
86
107
107
117
118
116
107
124
106
117
109
118
120
111
117
113
96
112
105
109
113
87
100
72
108
99
106
100
109
99
111
87
107
108
110
117
110
95
108
85
100
69
108
97
111
102
106
113
82
83
109
106
106
95
73
96
103
84
95
83
84
80
94
91
94
77
90
89
94
105
102
89
96
106
100
101
107
111
103
105
56
106
63
77
48
90
98
96
95
107
87
59
83
57
84
82
83
92
98
97
80
68
85
99
88
96
90
95
103
94
92
101
99
94
105
100
107
110
102
111
109
119
104
107
96
92
102
103
97
66
93
78
84
100
90
102
100
98
94
105
93
92
110
104
99
93
103
103
96
86
91
101
92
103
99
91
102
88
96
98
89
102
103
98
108
102
120
105
123
131
128
136
126
126
118
115
108
123
113
102
109
101
94
109
95
84
89
109
103
114
107
101
112
105
126
117
114
102
116
101
104
120
116
102
114
108
115
104
118
110
114
103
117
109
119
108
124
114
126
117
127
119
126
119
128
126
127
109
120
110
124
112
123
108
118
116
114
101
114
96
96
102
103
94
106
100
105
108
96
108
98
107
98
105
92
96
97
61
59
62
49
40
86
73
73
10
7
8
8
9
22
20
6
11
3
3
16
21
20
28
32
33
48
66
47
39
21
60
37
42
41
57
31
44
5
5
4
13
24
32
31
43
49
54
66
79
78
62
64
70
91
86
90
100
92
110
96
96
99
115
109
83
95
104
99
104
102
113
100
114
99
98
97
111
108
117
104
113
110
127
117
124
130
128
98
119
124
106
72
114
80
103
100
88
106
107
96
74
96
101
70
101
93
77
94
61
52
30
33
8
27
34
29
27
29
5
5
3
5
5
5
5
8
29
109
9
19
11
6
5
6
13
11
23
19
14
17
10
21
19
43
40
45
56
53
40
46
53
22
50
53
45
55
48
9
6
10
29
6
48
49
67
61
70
69
80
74
89
80
91
90
108
109
122
91
79
80
75
105
76
95
362
388
339
64
68
66
67
92
93
97
105
88
93
91
104
86
111
95
87
99
111
91
91
106
96
90
87
92
99
100
87
96
74
69
86
70
69
68
67
76
66
75
74
83
77
83
82
89
77
86
89
89
92
75
76
86
90
87
75
83
85
75
83
71
83
86
87
67
63
57
65
64
60
51
67
67
61
62
63
81
80
84
87
74
79
71
83
80
93
71
68
71
65
58
72
71
68
54
64
56
64
60
54
62
47
54
43
56
39
65
63
63
62
71
70
73
71
83
65
179
176
186
191
186
194
193
213
202
103
93
106
100
112
106
135
134
144
82
127
27
129
107
55
42
143
99
5
7
12
15
3
11
10
6
12
15
15
34
45
59
27
39
36
21
51
56
57
59
59
52
63
72
70
78
81
48
62
82
72
28
84
19
37
84
15
28
37
48
56
55
60
63
63
76
76
73
90
89
91
84
94
78
96
85
94
101
88
93
104
100
80
87
89
88
98
92
137
126
144
148
142
131
144
30
150
54
67
40
75
16
120
5
7
35
33
44
43
54
64
34
19
62
56
60
47
40
22
59
6
21
17
33
50
48
60
54
56
52
55
85
79
94
87
90
91
88
90
95
84
64
53
69
49
18
80
47
19
33
3
4
22
8
20
18
23
33
33
21
22
54
45
43
52
60
51
60
53
74
74
81
82
80
88
79
88
77
78
82
76
94
79
72
83
94
91
92
91
98
100
101
86
100
84
83
5948
5955
90
5998
5993
6001
6001
5989
6008
140
25
6002
51
121
51
83
42
68
4
14
5
20
30
48
40
50
76
65
67
19
65
67
52
21
78
69
5
33
35
32
39
37
26
38
30
40
44
43
22
52
36
10
18
17
26
32
47
36
52
56
56
59
87
53
190
177
206
214
211
204
237
216
245
229
133
146
121
135
110
119
87
100
99
96
90
95
94
94
83
92
85
93
98
100
92
83
103
109
98
113
100
113
108
112
101
119
104
119
114
102
116
99
118
103
108
119
119
106
119
112
119
125
110
118
101
98
105
94
108
84
101
93
94
111
100
103
113
116
107
114
109
89
105
86
103
109
106
86
106
96
99
99
109
91
101
94
107
107
100
105
118
122
106
108
115
113
104
110
116
90
111
97
103
98
112
103
85
103
96
103
97
101
108
110
102
89
106
93
99
104
111
104
110
112
117
115
117
110
120
110
117
110
115
113
120
106
117
101
98
104
117
118
106
103
116
105
101
109
99
106
90
105
111
96
107
99
101
70
77
51
91
23
79
86
38
33
3
15
33
36
49
52
64
66
84
75
87
85
102
98
112
109
123
118
124
120
126
120
134
140
144
121
146
131
153
142
155
112
140
167
192
169
144
168
144
187
143
146
165
170
142
146
157
137
158
121
174
167
182
177
107
116
148
134
159
135
119
134
455
437
512
575
98
609
617
617
619
615
603
265
173
63
45
111
248
82
82
83
77
70
74
73
75
77
81
81
76
80
83
85
63
86
73
75
72
86
84
74
65
72
69
102
90
107
82
83
77
103
149
101
141
113
99
74
59
58
89
87
108
101
110
115
138
121
143
141
133
145
134
234
225
237
229
239
225
232
223
227
132
105
124
123
122
126
91
124
108
104
99
88
133
119
94
106
84
84
124
112
110
92
113
112
127
98
119
106
130
96
120
127
104
109
94
109
123
117
91
73
107
93
72
124
124
137
126
138
119
116
129
87
115
116
113
109
53
106
32
31
31
70
89
22
48
7
3
42
30
38
41
40
57
49
65
36
17
55
65
20
58
33
12
18
15
51
62
67
17
54
50
32
36
45
33
43
23
12
10
14
20
18
6
5
21
26
46
16
27
38
18
35
31
37
33
5
16
24
24
40
40
27
31
35
46
39
257
254
258
278
269
273
275
273
301
98
303
98
111
86
96
117
124
113
107
125
124
104
97
129
120
106
99
119
124
133
109
113
108
128
80
111
95
76
98
110
75
114
105
119
117
110
92
110
122
117
129
110
104
98
93
94
86
64
119
119
13
27
42
61
61
82
70
66
63
46
41
63
75
72
64
4
7
20
20
29
38
46
36
42
39
49
45
40
44
49
71
69
86
92
83
78
80
97
95
104
98
136
132
138
135
129
123
125
141
138
102
110
112
98
106
111
109
103
96
107
108
98
102
108
96
107
99
91
84
102
93
98
92
97
82
92
105
92
104
98
97
108
92
87
99
92
93
101
81
89
104
102
93
96
92
79
93
83
96
90
102
90
93
96
83
102
83
91
85
92
81
83
91
71
74
103
85
85
96
85
98
74
99
89
88
98
87
93
91
89
75
81
92
80
94
82
88
86
96
102
81
95
101
100
81
95
109
96
105
98
90
96
104
82
90
72
81
87
64
81
93
90
94
81
99
91
91
111
102
112
102
108
102
99
105
111
108
112
100
113
100
115
108
114
111
96
109
85
106
99
108
90
95
102
101
93
109
94
95
94
99
106
96
105
107
95
94
107
109
101
99
109
95
86
105
104
97
101
79
92
99
90
103
97
90
102
104
81
100
95
101
89
103
93
100
97
96
106
96
102
99
109
100
106
97
106
86
100
97
92
99
97
85
98
78
88
93
88
99
95
94
105
103
94
103
108
108
97
107
95
107
99
108
100
102
95
97
105
95
94
89
103
106
94
111
111
97
113
113
104
105
110
106
98
97
105
109
100
89
105
107
104
89
93
98
90
77
95
63
86
94
90
102
102
100
79
94
105
112
71
41
70
60
117
21
51
25
81
93
7
11
7
9
22
13
11
24
8
21
3
3
15
31
43
43
60
58
72
68
71
83
80
93
85
100
97
93
101
86
92
100
114
98
105
99
108
97
110
100
97
106
109
111
110
104
94
70
76
48
87
61
39
108
89
100
94
43
62
60
77
78
92
95
85
101
106
93
112
100
109
96
97
115
106
97
90
105
116
110
116
107
117
104
112
91
84
85
87
116
104
108
104
112
103
106
117
113
111
112
101
112
118
104
116
103
122
105
117
86
90
103
73
112
105
119
107
106
113
121
90
96
104
74
42
37
103
55
34
77
90
9
37
46
44
57
54
56
77
92
91
110
101
123
119
111
107
105
110
116
132
117
132
118
117
126
130
60
15
53
29
85
38
75
126
115
103
7
16
16
34
12
24
21
9
11
9
12
27
23
25
46
49
62
63
68
65
57
77
72
76
92
88
86
61
98
67
71
82
88
96
98
94
100
96
107
99
84
105
97
90
88
99
91
96
93
109
106
101
113
113
128
115
119
129
123
113
126
119
127
119
125
112
124
93
22
112
52
36
30
108
21
85
114
58
73
91
46
39
55
55
73
72
88
103
103
118
107
121
107
126
111
126
114
119
107
112
120
118
111
111
119
109
115
117
107
116
108
116
110
111
104
118
109
114
120
106
116
117
110
122
124
114
107
112
102
114
103
113
104
112
102
117
105
117
110
122
118
111
115
113
101
108
115
106
113
111
111
101
112
106
106
113
106
108
117
104
117
120
109
113
109
123
117
122
113
104
115
104
119
106
121
112
118
108
113
105
104
111
105
85
95
95
90
76
93
89
87
95
95
93
88
99
89
100
91
91
101
92
100
85
99
74
92
102
91
98
89
91
103
95
67
77
83
70
94
98
93
102
101
94
108
102
94
107
122
113
101
113
106
106
105
119
97
95
95
79
98
91
111
100
93
112
115
91
77
102
113
104
114
108
105
93
120
63
79
91
84
96
100
91
92
64
83
84
103
102
123
117
119
118
120
115
118
105
114
90
103
97
113
107
93
98
92
100
100
94
100
90
100
85
92
101
99
99
104
93
98
106
86
78
95
104
100
91
104
92
103
106
118
86
118
113
99
98
92
99
96
103
102
81
102
97
107
107
120
88
100
96
104
103
89
94
88
87
97
96
90
101
93
101
102
89
101
88
80
100
82
92
91
98
90
100
99
86
89
77
103
93
105
90
99
90
81
97
91
92
104
92
98
92
103
97
82
89
87
78
96
88
87
74
98
83
70
93
89
97
92
99
95
88
100
84
93
87
105
92
99
92
96
90
85
100
100
92
74
84
73
61
91
84
47
44
64
81
58
46
115
84
50
48
69
68
84
83
103
95
87
101
104
112
94
99
111
111
75
84
85
98
78
101
89
68
70
98
105
106
112
99
101
85
90
91
97
109
99
92
70
54
80
45
15
62
107
99
14
29
7
5
10
5
7
3
6
19
23
34
48
45
58
70
76
72
90
88
109
107
109
122
120
117
126
109
121
112
102
118
110
100
119
117
112
109
103
112
104
111
82
54
36
97
49
103
69
29
70
13
11
33
34
18
19
57
15
43
40
35
37
42
59
10
6
8
41
43
48
34
32
29
29
23
35
33
41
12
14
31
18
34
26
36
5
9
9
6
9
8
9
12
16
5
4
10
16
24
24
35
41
51
52
55
51
69
64
77
84
40
76
88
43
63
58
27
80
61
14
7
8
12
6
11
6
24
22
33
44
61
51
69
62
70
92
88
111
115
115
79
61
53
29
42
88
113
115
4
5
4
4
8
9
5
7
22
22
47
59
60
79
73
58
56
56
61
55
70
70
98
71
49
45
57
57
54
58
94
93
112
121
116
106
107
93
112
111
120
114
123
127
112
130
112
122
116
122
116
123
109
122
119
110
120
109
121
83
89
65
100
108
77
110
108
121
101
87
86
107
107
136
132
128
144
130
151
63
119
43
102
144
55
132
78
98
129
111
92
98
84
87
85
98
84
184
178
158
194
185
132
150
127
145
145
147
136
138
136
120
136
127
119
133
97
129
126
143
149
133
146
127
110
110
141
133
118
128
119
105
116
121
75
80
99
131
91
114
92
110
126
112
126
93
110
111
130
120
122
135
113
125
118
109
109
120
133
114
107
108
100
140
150
145
150
124
122
114
139
125
160
141
150
118
147
126
387
344
310
34
36
330
345
346
301
336
35
7
4
11
13
30
31
43
45
40
42
29
33
25
31
44
46
3
6
6
9
19
12
38
30
47
41
58
57
68
69
70
89
90
94
88
87
86
98
85
80
105
94
92
98
100
94
109
102
110
99
101
95
102
102
93
92
103
97
97
101
91
96
85
96
94
88
98
93
101
98
101
99
87
105
92
104
94
101
92
91
89
76
86
101
93
88
95
90
98
99
80
97
89
92
86
88
93
97
97
107
94
108
96
112
101
96
109
97
105
97
108
97
109
96
111
102
107
101
106
104
104
97
101
104
104
101
103
105
96
105
84
105
91
94
105
105
94
106
95
97
110
113
100
110
102
110
106
110
99
111
103
110
103
103
105
102
81
94
88
100
81
84
91
83
95
86
85
103
84
102
99
118
96
97
110
114
108
109
107
109
101
106
104
106
97
102
100
104
96
101
98
97
95
99
96
96
103
86
101
104
104
96
109
97
88
108
91
99
93
98
91
100
93
110
98
106
96
107
104
107
100
106
98
106
108
110
90
102
109
99
103
96
93
107
111
95
110
100
105
103
106
102
105
107
95
83
104
108
95
98
113
116
104
117
103
102
107
101
105
98
93
90
100
108
96
110
96
100
106
103
108
101
113
109
99
111
103
96
110
100
105
95
102
80
48
45
59
101
34
29
73
90
87
3
15
33
28
15
10
20
26
3
15
28
25
38
42
55
60
68
86
89
89
92
105
98
100
107
123
115
112
98
103
84
103
100
108
99
102
105
94
104
70
99
90
92
97
99
78
88
97
96
89
85
86
100
90
83
56
62
63
89
102
107
93
97
114
103
105
121
127
111
117
111
120
103
93
117
118
78
99
80
52
40
20
66
86
27
60
4
9
5
12
23
6
3
6
5
3
17
4
5
14
11
29
39
22
39
20
27
46
37
33
27
4
13
32
13
31
7
6
46
56
51
49
59
56
33
18
58
52
54
61
15
49
5
31
44
26
30
20
12
28
32
33
23
3
12
10
4
13
10
8
6
9
9
11
20
20
32
11
8
31
28
26
38
36
33
54
53
72
75
69
85
83
87
106
102
89
75
86
97
98
83
94
76
86
67
99
100
73
73
88
104
101
86
99
98
95
87
91
77
91
97
91
103
90
101
96
99
109
114
101
92
78
96
85
96
84
97
89
93
77
90
90
110
98
114
110
92
113
79
104
110
98
109
99
103
82
96
81
80
98
95
100
96
18367
18354
18362
18352
72
18359
18349
18344
18332
18363
18343
57
3
19
9
23
9
46
45
51
51
52
34
55
27
52
10
9
8
25
33
29
4
22
25
49
55
63
75
65
58
70
65
51
64
63
36
61
48
11
46
18
52
64
5
11
5
20
9
26
39
36
54
53
73
78
74
90
88
96
96
82
80
70
97
78
87
86
93
93
113
108
88
117
107
66
93
111
96
108
104
105
116
114
127
96
114
104
111
93
114
108
101
111
110
101
105
84
100
100
121
112
119
98
114
114
102
118
102
110
86
95
107
96
95
110
103
110
120
104
114
106
114
104
120
103
121
108
109
99
113
106
114
105
113
104
111
103
112
104
95
115
109
99
88
85
111
118
113
103
101
102
109
113
109
90
102
91
90
102
111
107
106
118
114
102
106
103
115
103
114
94
101
113
104
113
106
121
106
113
103
122
120
125
106
121
114
111
122
122
110
120
107
112
120
110
119
118
109
114
122
123
114
120
111
118
108
116
92
108
115
101
113
105
112
102
117
98
109
111
84
69
96
65
80
116
118
36
57
35
67
69
84
35
34
60
60
77
77
69
41
45
88
22
78
56
79
24
53
9
6
22
32
16
22
28
15
26
7
19
26
28
39
50
16
20
14
35
42
28
7
14
20
28
29
30
18
23
16
29
29
16
23
4
7
15
11
17
26
25
26
30
25
36
33
36
45
58
32
46
45
33
46
58
69
67
69
61
71
72
85
88
86
68
77
54
79
61
52
20
39
45
42
39
18
11
76
9
12
16
24
18
139
418
302
285
287
286
285
307
433
289
416
21
17
22
26
28
22
19
30
5
4
4
10
7
9
4
12
7
19
15
5
10
9
11
7
16
17
21
9
5
9
5
4
8
7
11
30
7
29
5
25
25
49
60
72
65
69
79
81
75
96
119
111
128
109
116
105
113
86
97
82
89
96
99
89
99
86
102
95
103
97
102
102
111
99
117
104
107
110
102
116
101
116
105
115
103
96
113
112
91
99
113
106
100
92
105
103
98
116
100
97
96
111
108
111
103
116
107
103
120
110
105
117
114
100
110
100
94
102
123
113
106
122
108
121
100
108
106
110
106
95
109
117
110
124
125
154
140
158
151
161
162
151
150
138
130
116
118
111
111
116
121
126
112
100
92
85
126
110
71
108
98
135
119
121
107
105
141
221
239
239
218
171
209
200
181
187
189
83
303
300
329
326
336
340
333
352
349
384
131
131
140
146
149
59
122
46
111
30
78
115
69
138
4
5
10
14
16
10
42
65
56
47
58
58
77
70
89
79
55
47
58
75
23
44
90
34
56
4
6
9
6
5
9
5
18
36
8
33
10
4
15
3
6
11
11
9
29
26
13
13
29
29
4
14
13
5
5
6
31
40
51
54
53
74
72
77
88
64
75
85
74
62
102
120
86
101
99
93
77
78
94
94
117
110
116
102
109
107
111
79
94
87
79
98
101
97
92
95
90
86
107
97
117
109
114
95
90
105
93
102
82
91
93
94
101
101
98
100
98
107
105
116
107
98
108
105
103
105
99
112
104
86
60
31
19
79
52
99
106
44
70
4
22
20
20
31
30
40
20
21
40
7
3
2
24
36
35
37
45
36
52
56
55
63
59
78
75
52
55
45
72
64
84
76
95
89
102
87
79
78
95
96
110
103
100
108
112
98
85
105
98
90
100
98
92
97
89
99
103
86
98
104
109
100
114
81
64
102
104
94
53
70
102
89
99
80
97
75
95
94
93
107
100
108
37
88
82
67
56
97
47
37
25
5
15
6
20
7
10
5
3
12
11
21
42
50
42
53
56
50
71
77
72
73
61
85
77
76
107
82
57
99
75
88
86
99
75
77
93
94
105
103
93
103
87
107
92
109
98
96
107
110
95
103
111
90
97
84
104
100
81
100
92
86
86
106
81
71
92
85
95
83
89
84
71
81
92
72
91
99
100
98
81
93
92
103
95
89
100
89
102
75
91
86
97
86
95
90
98
92
110
95
97
108
112
106
110
100
89
99
86
76
101
105
95
82
78
93
100
101
99
75
94
94
110
105
105
110
101
101
103
95
89
93
97
86
96
88
117
104
103
112
104
106
115
117
91
78
86
113
112
104
107
113
125
104
117
106
102
103
118
110
117
109
111
117
103
98
84
35
46
118
65
48
86
96
57
27
37
4
19
9
19
32
33
37
45
46
62
67
77
75
88
87
107
91
111
105
115
122
119
111
110
118
109
113
110
103
110
103
114
106
112
110
117
115
115
123
123
116
122
113
120
112
118
111
116
94
108
107
113
105
115
107
112
104
110
108
114
111
104
111
89
107
101
94
98
100
89
74
94
97
89
107
98
94
93
103
104
111
113
105
96
102
114
119
110
116
104
116
94
108
80
102
91
70
96
115
108
99
115
103
118
104
116
115
103
94
91
103
100
104
71
60
43
33
26
79
94
88
47
6
6
8
8
3
5
23
18
28
36
44
39
50
51
48
67
86
77
97
84
98
79
103
82
93
84
93
75
105
97
92
111
109
120
107
87
94
94
124
120
114
117
108
119
109
105
95
94
112
121
113
116
101
115
113
104
114
111
105
120
110
106
117
107
112
105
92
111
118
116
122
128
120
140
127
126
138
127
118
126
117
120
121
109
120
107
124
106
113
103
111
111
112
111
68
53
110
46
112
90
85
88
98
82
95
73
96
66
53
50
68
26
66
66
63
44
35
31
31
29
52
50
65
68
92
92
111
107
86
114
86
82
100
108
92
79
94
84
84
87
83
92
89
108
113
106
112
104
117
119
83
96
114
109
109
111
113
112
104
120
118
124
112
97
63
117
87
110
78
97
89
96
93
90
88
88
80
97
98
96
110
108
105
105
99
103
98
87
102
103
107
97
98
108
98
104
107
99
93
106
98
92
97
78
83
74
25
65
37
88
27
89
43
52
71
12
18
18
51
49
63
71
68
71
76
70
68
78
83
81
51
31
59
41
85
4
3
25
37
40
57
56
74
67
71
90
91
90
100
106
78
106
111
113
111
106
101
99
96
113
111
93
113
99
71
80
88
82
109
86
83
87
93
81
75
71
87
89
83
92
100
92
60
26
73
21
59
85
40
49
98
4
14
3
12
4
12
24
35
28
33
72
72
88
91
12
37
43
87
24
50
84
41
89
4
20
18
37
48
62
62
82
82
73
83
105
99
94
113
112
130
104
112
105
109
92
94
95
107
86
100
104
99
113
103
112
105
109
104
98
99
110
100
93
102
109
103
99
87
99
109
96
109
109
117
100
113
101
112
94
109
100
113
94
83
101
93
116
111
124
121
113
133
119
133
133
113
96
111
110
111
124
109
121
107
112
103
113
92
106
111
90
94
83
97
118
105
38
114
87
106
68
27
108
76
48
94
81
70
70
84
83
78
89
92
93
100
89
87
74
93
72
68
64
95
83
104
104
108
106
121
121
133
94
129
107
114
118
106
124
109
106
115
120
123
107
118
98
106
111
109
91
88
94
106
109
92
88
100
89
88
88
94
99
97
102
84
114
103
112
106
118
108
119
118
126
106
99
114
90
114
111
109
105
114
110
104
118
115
109
100
96
110
94
112
112
101
103
116
116
104
116
107
115
106
107
102
108
111
99
100
111
84
71
97
77
104
104
91
109
93
100
88
87
101
89
91
98
81
83
97
55
82
55
89
73
87
80
89
87
103
82
73
73
86
86
78
1366
1367
1362
1357
1347
1342
1335
1331
1320
1318
10
13
24
25
11
43
49
50
34
35
52
16
31
21
26
57
67
21
14
18
74
33
20
34
31
55
71
36
70
6
3
9
4
3
3
15
4
24
6
4
16
12
8
20
11
16
18
21
23
8
4
5
27
8
8
9
15
12
25
3
18
10
15
27
30
24
31
26
25
29
31
11
23
23
38
17
37
33
57
52
54
82
80
64
74
79
59
77
75
74
87
106
114
117
79
61
114
69
94
65
84
90
65
89
60
82
82
98
98
83
113
101
113
121
113
370
375
360
355
325
366
321
387
393
377
124
151
148
111
111
117
106
114
96
80
62
49
75
109
5
5
33
37
53
31
35
35
32
5
2
13
26
54
52
84
58
78
55
81
73
85
70
69
88
70
61
75
73
92
83
115
114
114
154
139
151
144
141
138
131
122
136
136
114
106
112
98
56
99
69
73
86
109
98
86
68
28
20
18
20
57
82
21
5
13
12
16
15
20
29
27
28
30
38
52
48
50
50
64
63
75
77
68
87
93
92
85
97
87
88
96
108
107
105
95
110
103
109
104
98
108
112
105
104
111
109
101
110
107
99
90
114
102
92
95
86
99
89
93
104
102
81
94
101
91
75
91
84
91
81
86
88
63
70
92
85
89
98
106
115
118
99
111
111
120
117
122
114
88
99
90
103
93
101
106
96
106
99
107
105
103
101
102
85
97
87
98
87
102
92
103
94
104
99
108
97
111
104
96
107
107
96
105
91
83
76
99
87
93
84
93
89
85
95
94
97
80
98
95
102
93
101
90
102
82
90
99
92
101
95
109
98
101
94
99
101
105
93
103
97
99
92
98
92
82
71
102
92
87
90
101
89
96
87
92
85
97
92
99
99
103
93
93
102
101
107
90
94
100
95
93
99
96
83
98
79
97
101
96
104
99
104
111
107
115
115
112
111
107
108
96
97
108
111
101
109
99
107
100
112
105
112
109
112
104
113
101
112
104
95
110
97
104
96
109
96
109
97
114
100
112
104
113
110
113
104
114
106
114
112
115
107
113
101
110
115
103
114
100
103
109
112
92
99
107
94
109
93
106
93
110
96
101
100
116
106
120
113
118
105
109
104
95
85
97
74
90
74
66
72
71
75
83
74
78
88
86
78
87
78
96
87
96
90
103
99
112
104
113
121
106
82
90
61
72
92
97
96
82
108
105
84
67
94
103
80
116
74
74
74
71
91
80
92
80
93
102
118
105
82
112
107
102
109
116
116
98
65
92
79
108
74
90
108
97
89
92
76
85
81
81
89
97
97
84
75
90
87
93
96
85
78
90
104
106
104
89
96
106
93
96
104
100
66
94
63
88
79
93
86
91
86
94
105
58
43
37
56
61
49
89
58
71
7
8
19
21
37
12
20
25
37
46
41
13
8
34
24
21
27
28
4
19
20
33
45
55
43
61
56
74
61
89
92
100
97
109
107
116
108
116
108
94
98
100
88
135
166
150
155
167
130
168
150
142
161
82
92
91
92
65
65
94
64
98
94
94
88
90
75
89
76
88
84
73
93
91
97
97
105
103
97
110
97
18196
18291
18287
18266
18272
18280
36
156
18253
18290
18284
5
25
25
45
37
102
99
125
96
123
108
15
118
6
24
26
21
16
23
33
18
7
26
3
15
5
13
7
8
22
22
41
48
53
46
48
42
43
39
14
37
50
42
5
20
23
17
11
9
4
5
4
15
25
30
32
51
61
61
60
66
81
72
81
93
95
114
96
110
103
129
127
142
132
136
131
132
129
134
104
110
96
115
106
121
122
97
106
115
108
117
101
117
107
109
125
96
104
111
115
105
113
107
87
105
108
87
105
93
95
110
115
101
105
113
108
118
105
104
116
113
102
105
105
102
108
110
100
109
99
106
91
111
110
114
105
114
107
110
95
112
112
109
98
103
112
93
98
103
110
99
113
90
101
97
97
90
86
111
99
119
106
115
121
126
133
136
139
125
118
122
110
124
112
109
120
117
106
110
118
113
98
111
104
110
100
111
105
106
104
102
108
108
104
107
98
96
106
109
97
96
107
103
107
101
96
107
99
107
98
111
99
104
110
120
111
115
112
106
119
111
108
114
112
116
114
110
113
119
106
117
109
115
107
111
101
105
115
117
97
97
108
108
109
121
107
120
113
105
122
114
107
121
107
96
108
99
109
103
109
97
108
103
90
101
103
112
99
113
106
122
108
115
114
122
119
97
111
104
98
86
90
106
95
98
109
108
103
106
112
118
104
116
110
115
106
117
113
98
102
107
99
107
97
111
99
111
106
115
113
117
101
109
101
108
106
108
88
98
114
102
114
101
66
47
21
85
105
31
56
72
92
93
84
82
69
70
90
94
82
122
130
120
144
132
131
141
150
146
142
140
118
108
138
84
107
90
59
61
53
42
28
28
100
6
15
4
7
15
9
26
34
24
34
38
43
20
16
24
34
4
5
14
17
18
42
14
38
40
14
9
12
7
25
31
5
4
17
4
7
9
3
3
5
11
13
6
14
11
8
8
5
30
16
21
15
12
4
8
31
49
35
56
54
75
71
85
92
91
89
109
110
106
121
119
117
123
171
178
167
178
171
170
161
141
173
153
111
106
99
86
101
86
90
89
112
79
39
111
55
75
42
84
51
62
2
3
4
35
22
16
32
41
49
51
54
16
20
57
66
60
62
75
97
70
82
78
81
83
98
94
114
113
124
115
123
110
122
115
116
89
82
104
113
366
349
377
363
373
361
336
338
341
59
382
43
54
81
4
15
18
4
17
20
7
5
16
39
38
55
51
77
75
77
91
84
60
72
84
68
69
82
77
51
24
20
67
7
16
42
41
44
50
51
49
39
47
47
78
88
84
112
109
106
94
95
111
124
112
135
109
111
97
112
95
114
107
120
113
117
99
121
69
94
77
112
104
99
109
73
72
86
87
71
62
53
83
94
53
94
22
42
101
6
14
21
19
29
36
52
32
22
12
30
24
13
6
14
12
6
5
13
24
34
25
40
43
64
64
82
84
78
86
77
92
93
110
105
89
111
100
110
95
88
101
108
90
100
90
71
95
90
95
103
92
98
66
75
97
62
92
74
90
98
99
90
83
96
71
72
95
95
107
96
97
106
107
109
118
114
112
103
102
98
108
99
104
95
103
95
103
92
101
92
105
101
102
108
107
100
106
103
107
100
104
99
96
100
87
99
82
90
100
92
88
63
44
14
15
15
54
82
36
70
4
4
14
12
15
12
34
12
14
10
33
36
3
2
23
36
36
44
52
35
54
49
56
41
28
53
39
3
19
21
32
44
43
67
64
69
68
83
76
81
91
83
92
93
99
86
98
86
96
83
85
98
96
100
96
75
100
93
81
101
101
102
90
101
95
101
93
100
92
102
101
93
91
105
93
105
94
105
97
98
101
84
76
85
75
96
88
94
80
90
85
84
87
94
104
93
87
51
102
75
61
68
91
83
71
86
54
35
66
66
72
89
67
83
108
98
116
117
105
114
108
75
122
52
23
13
43
70
34
102
99
3
3
3
15
17
28
27
36
33
36
32
22
41
32
35
13
45
25
6
14
9
10
4
3
18
22
18
14
15
12
7
10
22
39
31
41
43
39
50
40
48
41
22
44
32
35
62
81
77
74
55
75
69
90
89
105
106
114
110
100
109
102
94
100
88
98
90
97
88
48
59
77
94
91
66
92
103
86
99
84
68
68
82
85
98
93
119
117
134
132
127
118
136
129
141
113
121
99
121
114
125
107
119
106
115
116
107
130
109
114
107
106
119
109
118
114
123
120
110
116
119
121
110
102
121
106
115
102
113
104
104
111
121
110
107
116
120
108
118
106
114
107
102
117
116
113
112
114
108
117
110
106
113
113
104
109
102
109
104
103
98
81
100
106
106
99
112
100
107
101
106
119
111
104
98
111
110
97
108
92
95
104
95
102
94
94
101
101
96
114
100
114
107
117
117
114
110
124
119
123
115
118
110
110
102
85
99
109
109
95
103
95
105
102
108
108
109
114
93
108
95
74
87
108
95
111
95
108
96
108
111
98
95
122
96
77
107
92
105
88
111
107
104
101
105
97
115
107
114
121
97
86
97
85
91
99
90
108
105
88
105
98
101
117
120
121
99
109
105
113
99
93
104
89
105
77
100
89
96
98
96
92
94
102
103
97
108
96
110
96
102
89
101
91
97
84
98
87
103
93
86
92
86
91
87
92
92
99
98
92
103
109
97
111
99
109
114
96
106
115
103
112
106
110
96
103
111
111
108
121
99
109
112
113
112
99
111
110
108
106
104
102
109
114
106
114
108
111
118
119
117
121
112
119
108
107
122
119
109
111
118
118
111
120
112
118
106
107
87
95
114
108
102
95
106
83
94
108
108
114
107
101
120
112
99
101
111
104
120
70
38
110
90
80
104
62
26
51
7
23
13
34
8
21
31
10
18
18
21
5
29
23
31
7
4
26
34
54
52
62
57
64
78
35
76
55
39
65
79
74
41
92
95
107
37
40
60
59
70
77
87
86
104
100
96
96
108
101
105
101
83
102
93
105
90
88
72
89
86
86
80
113
113
128
88
35
123
48
27
87
109
114
83
4
9
3
5
5
3
1
7
7
23
24
13
24
16
19
17
15
14
14
13
11
32
20
38
47
45
61
56
73
74
74
93
93
105
112
105
94
107
110
94
111
104
121
96
113
107
122
106
117
117
98
88
102
88
105
96
111
97
91
105
95
105
106
108
109
96
109
120
122
120
118
108
97
114
118
107
91
109
98
108
104
115
116
105
119
122
111
87
71
95
84
95
78
98
87
97
91
108
97
105
103
103
109
98
111
109
112
91
99
112
99
106
101
86
109
92
101
97
97
98
113
112
109
122
114
124
122
109
123
90
85
102
98
100
86
89
102
96
83
93
96
102
102
101
101
119
94
101
97
76
110
40
53
83
62
90
98
72
81
79
97
83
62
62
81
82
107
108
109
115
97
90
110
111
97
86
103
90
90
91
77
102
99
87
93
90
76
95
90
98
87
98
96
84
89
90
93
80
63
86
77
72
62
93
89
71
79
101
99
108
106
111
89
100
101
114
98
99
105
90
91
103
90
95
99
92
94
89
105
91
102
104
87
106
101
76
101
103
100
80
87
103
92
88
112
104
98
107
98
116
96
105
111
114
111
115
113
116
109
116
108
113
71
51
62
57
37
103
83
32
89
3
3
3
15
8
6
21
33
31
38
50
54
21
26
23
36
57
41
44
12
55
48
34
7
23
25
44
48
49
17
48
42
45
18
17
12
21
5
38
41
50
46
71
62
58
86
84
73
88
107
89
39
50
39
36
25
57
98
84
39
39
38
45
83
108
124
114
137
140
137
158
156
114
113
94
87
67
47
149
173
132
181
5
15
25
30
28
31
18
5
17
27
18
64
4
75
60
37
38
69
73
69
78
21
65
44
62
13
11
3
4
4
6
23
32
26
54
52
55
70
66
79
88
87
89
101
82
68
82
50
105
82
66
89
40
69
101
65
65
87
104
104
127
127
143
145
137
191
153
119
113
99
45
129
188
138
173
8
19
30
57
62
65
74
68
70
90
82
86
88
118
111
97
113
112
111
127
123
95
106
124
96
122
111
127
124
102
94
114
82
71
57
69
45
34
15
7
9
9
8
19
24
29
31
36
23
28
16
13
5
6
3
16
6
10
27
26
31
44
60
50
47
61
70
70
81
79
78
89
83
96
83
130
117
147
144
162
158
172
181
211
204
179
136
167
119
151
143
114
130
84
92
101
90
96
96
81
90
87
83
91
90
96
97
90
99
87
106
105
104
96
106
104
104
93
108
101
107
98
107
109
111
104
109
101
96
97
104
87
101
93
98
90
93
102
104
101
112
103
103
101
110
103
105
107
108
100
105
100
103
93
105
93
96
105
104
91
105
93
102
91
92
102
96
83
68
94
89
78
71
86
82
75
85
84
97
81
67
35
52
73
28
79
17
92
62
34
3
4
43
50
42
59
57
72
74
76
95
96
111
96
95
108
96
91
102
92
88
97
88
97
88
96
102
91
108
96
99
100
88
91
70
85
81
86
81
94
87
97
94
102
104
103
81
99
90
91
85
92
84
87
81
91
82
81
92
98
83
96
82
93
68
84
67
76
68
81
87
69
96
94
94
94
104
89
104
95
99
97
107
100
109
96
97
109
107
93
97
102
106
99
104
98
93
101
89
82
101
97
87
84
98
91
103
91
104
90
103
96
88
112
91
102
90
82
87
99
100
86
98
94
79
103
90
106
95
87
103
96
84
97
93
95
84
93
83
81
92
94
87
74
98
89
91
95
85
91
71
78
78
87
89
96
86
88
97
97
84
116
102
107
87
103
105
99
88
110
101
108
106
114
92
96
108
72
105
93
98
91
95
86
102
106
104
106
97
101
109
109
52
32
97
93
39
71
66
101
97
96
101
103
121
122
141
107
113
110
123
122
135
117
128
124
117
129
129
127
126
106
113
109
101
87
94
98
97
84
85
96
90
70
71
92
100
82
89
84
99
93
102
106
92
105
101
103
108
91
97
79
96
87
93
94
104
102
89
109
91
69
94
52
94
83
93
86
89
86
76
77
90
90
104
92
101
94
93
100
101
88
104
95
89
103
91
89
88
104
101
110
102
90
94
106
84
92
101
83
103
96
110
103
116
101
105
98
102
99
71
80
100
91
96
91
100
97
103
102
100
98
96
104
95
85
103
110
99
102
107
100
106
110
101
108
99
110
109
106
114
113
103
111
100
87
94
104
86
98
99
91
103
93
107
99
117
99
116
57
84
38
30
51
64
77
19
17
30
54
54
70
71
37
47
21
64
78
19
52
62
49
18503
32
18504
18507
18506
34
3
5
21
19
18
19
45
58
61
65
64
73
50
68
68
150
143
157
164
177
176
239
230
236
159
173
165
171
162
183
110
114
128
123
116
127
130
194
173
167
180
183
165
142
176
171
118
105
116
103
120
105
137
134
121
112
124
117
124
111
123
117
110
99
106
113
111
104
103
109
107
94
106
99
107
105
93
99
110
102
113
106
105
113
95
107
112
127
110
113
106
117
101
119
109
119
106
110
93
104
122
110
107
97
115
88
109
106
109
100
101
94
82
99
100
97
90
90
101
94
92
101
99
92
79
101
90
98
102
108
98
111
76
99
104
99
106
91
106
95
98
102
102
90
83
101
109
109
95
103
98
98
112
106
116
114
113
98
110
87
105
93
92
101
85
73
91
86
69
102
93
104
98
115
98
97
111
112
124
98
115
108
120
107
124
103
114
112
108
96
108
97
96
108
99
106
84
98
93
92
103
96
90
70
85
98
97
92
102
97
110
97
105
94
91
91
91
100
77
55
33
81
51
95
69
65
38
51
80
37
38
56
57
75
76
85
94
93
93
102
91
102
99
110
106
108
99
120
100
109
110
106
120
112
104
108
109
98
109
100
108
106
105
100
108
107
98
100
110
91
96
75
74
20
86
90
45
59
70
96
51
0
33
13
22
10
12
16
19
12
9
6
5
13
4
13
16
24
9
6
37
47
41
42
56
70
68
77
86
81
90
78
95
93
107
93
80
82
94
100
85
98
89
97
111
120
118
100
118
116
116
123
107
119
107
113
91
106
97
88
105
101
94
99
93
99
86
99
95
89
95
90
95
96
119
102
104
112
107
107
115
122
125
115
98
101
112
106
97
637
619
684
677
664
661
664
653
621
627
20
34
44
44
46
46
37
39
42
10
17
31
44
27
59
63
75
77
78
77
89
80
113
118
124
128
128
115
135
124
128
125
138
136
131
130
115
135
139
135
120
120
112
128
125
111
133
136
128
151
133
125
136
129
137
108
130
133
115
128
122
106
128
127
126
156
155
144
152
392
390
406
385
319
347
64
349
378
38
391
74
43
327
5
4
6
11
8
6
18
25
32
20
18
11
22
30
33
35
12
9
60
44
65
67
68
59
79
79
95
92
113
106
103
102
95
87
108
117
103
100
113
99
105
86
85
96
87
126
130
110
130
121
122
59
36
45
101
119
132
67
111
109
96
62
53
75
75
90
90
104
100
110
100
116
126
109
111
125
100
113
106
126
113
103
117
102
1403
1403
1463
1440
1437
1448
1454
1425
1436
1410
156
143
106
99
152
151
123
99
80
146
118
94
113
131
85
77
47
66
78
69
71
71
73
89
74
95
96
101
87
100
93
97
88
88
99
98
97
96
84
97
96
85
94
85
100
87
91
91
81
92
105
95
106
94
105
100
103
90
98
114
93
101
95
93
99
110
100
82
94
89
100
88
80
99
86
97
85
78
96
76
96
77
92
97
94
101
101
97
96
96
103
87
101
92
88
98
90
94
101
90
101
93
88
99
98
96
100
92
101
108
95
98
91
98
88
89
95
89
95
100
90
102
86
92
95
106
102
92
84
74
96
77
64
84
92
95
82
92
86
91
84
82
96
96
85
96
94
74
87
82
89
88
72
67
86
91
95
85
72
87
72
84
80
73
91
90
98
96
94
89
95
90
100
90
102
92
98
88
102
90
101
99
93
99
94
83
96
76
101
94
89
93
73
80
91
80
86
95
96
90
103
117
96
55
82
46
100
77
66
117
5
7
36
37
42
39
52
53
66
66
65
88
88
106
83
99
91
107
93
101
91
96
104
102
97
101
94
105
94
106
95
97
105
104
104
108
102
105
94
96
91
102
109
97
105
94
97
93
96
99
74
92
96
83
89
105
92
100
92
102
110
105
106
117
99
111
104
112
104
113
103
116
114
118
112
113
101
111
106
108
103
107
105
97
95
92
102
108
106
110
98
110
113
100
100
118
95
113
108
100
113
90
99
13
54
27
83
82
62
98
13
30
42
5
14
24
15
15
39
48
20
17
45
21
41
11
5
17
21
19
30
27
25
35
27
44
51
69
59
68
67
76
83
93
86
102
102
115
106
113
102
115
104
113
102
115
103
116
103
110
117
119
116
116
110
121
114
124
117
121
111
119
96
108
125
110
117
117
113
121
108
255
247
253
226
250
240
251
244
239
244
106
125
107
118
109
115
125
96
118
106
114
102
112
110
117
105
121
113
122
119
114
78
92
71
50
99
57
99
90
60
91
61
61
78
77
94
93
89
103
100
92
99
89
78
98
70
87
98
53
76
52
66
92
103
90
112
100
76
96
76
106
105
103
121
113
100
115
101
100
100
109
115
114
102
115
102
112
100
76
85
111
93
108
95
107
104
107
87
105
96
86
85
90
97
109
101
96
105
99
120
117
124
107
99
126
127
113
123
102
112
110
114
105
103
111
111
99
94
106
109
83
94
102
104
82
100
92
87
91
93
88
102
88
99
84
93
100
83
92
87
106
110
108
112
102
102
119
103
109
108
113
107
120
107
99
72
113
88
59
93
91
101
74
108
79
82
104
89
98
98
116
107
110
122
121
104
114
112
116
107
106
114
106
114
107
114
106
111
100
106
106
111
103
102
115
116
108
114
113
118
103
111
129
87
107
119
96
113
96
68
105
94
92
100
95
98
111
109
115
101
58
114
71
32
35
74
73
62
6
7
9
24
25
36
35
29
34
30
41
7
51
27
36
4
5
5
27
31
27
27
26
54
51
62
58
66
55
59
24
41
40
27
50
57
62
3
5
21
16
14
24
7
16
12
10
6
8
18
14
32
14
14
23
33
33
46
48
53
53
62
62
73
79
89
88
101
110
93
108
93
116
98
115
102
100
105
106
111
109
107
127
119
115
124
122
113
117
108
116
101
111
104
98
111
89
108
95
78
102
109
115
101
107
106
112
105
113
111
111
109
107
102
110
108
85
77
56
91
14
105
48
28
67
35
4
5
23
24
38
50
60
66
73
59
72
79
91
85
103
99
113
113
114
118
117
107
118
111
122
114
118
109
121
109
96
113
98
111
97
109
97
104
99
116
114
120
104
119
112
120
117
100
121
113
116
110
109
116
117
111
125
111
127
102
130
97
120
104
116
91
102
116
104
90
98
95
103
95
93
103
95
94
108
100
105
93
107
95
105
95
103
90
103
93
102
96
101
90
102
89
96
93
88
88
91
93
88
92
87
97
97
93
105
101
92
55
62
95
83
85
29
101
33
43
90
111
110
107
97
111
116
127
118
119
101
144
105
97
97
110
115
99
104
99
111
109
105
113
105
108
111
105
113
104
116
109
113
111
119
117
114
112
108
116
112
113
112
118
118
112
122
119
121
118
110
121
103
118
115
108
114
107
115
106
105
116
92
107
113
111
100
104
98
110
97
79
93
97
115
109
107
109
101
106
87
99
80
96
100
98
109
95
101
88
93
61
60
61
98
49
101
89
43
126
116
136
83
71
83
85
104
93
101
103
122
101
92
90
87
69
64
51
107
56
88
96
60
70
63
86
86
85
87
117
112
100
103
118
115
103
104
108
109
106
97
86
84
78
51
3
2
8
19
18
22
19
35
9
9
8
3
7
14
20
14
17
28
10
5
8
18
8
13
16
15
6
21
20
22
14
32
32
9
6
12
34
49
40
3
