200.887000
183.824000
176.129000
180.756000
174.926000
216.858000
398.640000
229.743000
169.959000
181.971000
169.660000
159.627000
151.856000
403.059000
170.877000
178.438000
137.556000
169.615000
215.759000
160.730000
165.533000
172.216000
157.717000
167.745000
152.979000
162.522000
199.436000
209.326000
179.615000
110.797000
161.650000
158.266000
165.219000
158.004000
158.111000
152.421000
176.691000
147.436000
156.892000
146.931000
144.670000
143.485000
150.620000
158.959000
165.081000
152.777000
131.199000
166.909000
122.187000
151.505000
136.550000
126.224000
145.826000
158.570000
138.176000
313.787000
145.873000
92.566000
148.430000
129.600000
138.323000
105.938000
74.792000
135.922000
