10
54
50
46
45
13
138
129
122
117
125
118
150
168
168
125
171
140
111
82
105
152
94
100
102
95
58
94
136
88
93
86
101
109
97
100
114
128
128
112
124
118
112
122
117
110
105
104
96
124
113
119
120
124
115
128
121
126
118
105
115
108
106
113
119
109
128
110
116
108
115
103
110
90
99
95
90
103
100
88
101
97
104
87
107
107
115
115
108
101
100
98
98
94
99
87
96
104
103
102
107
104
88
96
108
91
99
97
92
92
102
99
80
88
95
87
86
101
87
91
87
102
73
90
86
74
86
90
92
73
85
82
80
82
73
80
101
92
94
87
92
84
89
91
92
93
98
88
94
94
104
96
81
97
89
83
90
99
73
83
92
88
76
79
85
93
85
89
83
100
97
102
103
104
116
101
114
102
114
122
109
119
120
124
103
92
69
74
116
90
87
87
85
95
79
101
102
111
87
105
97
93
106
79
94
96
84
96
108
75
109
102
103
110
110
127
103
105
113
106
121
117
92
99
100
114
111
97
114
100
114
104
112
96
107
100
94
106
103
91
101
88
81
87
104
87
87
104
106
101
98
104
98
113
111
89
114
82
103
90
108
105
85
78
90
86
94
86
80
79
85
95
77
77
72
89
99
82
86
92
82
90
81
96
96
81
95
94
95
91
74
91
90
81
93
84
78
21
51
70
51
21
79
46
32
67
12
41
3
22
31
30
24
54
53
60
66
74
74
73
84
65
85
79
71
83
72
81
78
78
72
72
76
67
74
84
75
81
90
88
84
96
95
88
93
93
86
81
90
70
71
88
80
89
83
96
85
89
85
92
79
82
79
81
67
81
83
73
57
77
66
94
91
100
92
79
58
57
82
80
82
83
88
72
93
87
95
90
103
99
83
92
97
93
102
91
102
76
90
83
83
82
92
82
95
85
97
88
5754
5765
5755
5765
5748
5758
5752
5764
5753
91
97
87
76
91
90
98
96
85
75
87
81
78
58
71
58
83
88
89
100
93
81
87
85
85
90
100
84
92
89
85
87
92
2075
2097
2094
2100
2086
2093
2106
2097
2110
143
117
115
124
119
127
109
204
194
194
207
183
189
183
176
194
192
106
94
107
98
102
92
81
88
67
101
63
89
82
69
20
19
77
62
49
38
4
13
25
19
17
8
42
33
19
29
9
16
8
35
29
30
43
42
68
62
79
76
87
89
91
102
107
105
116
114
117
110
111
113
114
117
116
109
118
110
116
109
117
116
116
105
118
110
113
106
106
109
99
107
105
98
108
96
114
117
104
120
105
108
122
112
116
96
118
116
115
108
120
109
116
108
123
103
113
105
97
76
103
94
102
105
101
118
108
120
109
129
116
111
95
104
99
88
83
114
95
105
95
66
88
89
67
75
76
87
92
80
84
96
80
96
88
91
102
91
87
102
93
101
96
105
95
108
101
109
102
109
105
113
111
113
106
111
108
95
113
101
110
96
84
89
106
101
102
95
87
76
95
92
79
99
86
94
83
83
99
99
91
93
106
108
90
92
108
96
115
101
115
99
113
98
117
105
110
108
104
106
106
100
107
100
108
102
100
112
111
103
92
110
103
116
102
115
101
119
115
104
102
105
104
91
90
107
100
87
102
94
99
98
104
98
104
99
94
102
79
96
90
96
88
98
89
92
102
95
102
109
107
87
100
63
55
94
86
73
46
89
88
89
83
85
81
82
85
85
92
92
100
90
103
95
102
94
100
94
85
113
87
96
96
92
48
67
91
70
39
93
77
84
83
67
86
53
53
52
78
79
93
96
86
92
100
112
93
91
111
104
98
81
108
75
85
95
86
79
81
90
74
92
76
86
69
84
95
84
93
98
96
80
58
49
85
27
85
39
83
79
2
3
21
22
27
27
50
52
50
59
65
63
74
84
86
89
72
79
89
89
102
95
106
90
98
90
94
81
36
44
66
19
55
88
32
61
8
15
40
51
43
32
40
59
66
68
84
85
66
87
98
85
85
101
92
77
95
87
82
97
98
90
96
80
90
99
60
87
30
51
70
43
82
13
3
1
3
9
18
5
11
12
10
33
58
72
52
56
55
60
69
39
30
56
48
60
54
4
16
15
23
36
30
53
44
49
76
74
83
81
97
98
113
113
126
115
103
116
101
114
104
115
106
121
117
111
109
121
123
111
115
106
96
67
54
109
22
16
43
29
85
92
7
5
12
14
45
43
51
57
61
60
81
72
85
84
102
102
112
117
115
99
112
100
112
109
101
109
108
98
113
92
106
108
112
80
80
70
66
91
84
95
