43
26
76
96
99
33
163
164
163
227
261
248
218
162
193
225
228
223
209
232
213
196
209
207
229
216
219
179
226
251
216
205
190
170
180
198
200
174
155
152
180
178
170
159
154
191
187
175
167
184
150
142
41
92
39
150
110
78
35
170
189
185
119
169
13
31
59
57
54
61
39
455
453
459
20
53
30
43
46
48
37
25
6
8
33
31
22
101
84
78
6
7
37
44
52
76
107
99
115
124
127
125
148
149
154
183
162
154
155
151
161
181
157
152
191
175
172
200
189
187
144
171
144
159
188
137
46
167
76
100
98
125
62
5
11
46
83
83
102
104
128
131
150
159
172
191
166
178
177
185
167
176
161
178
156
185
171
156
145
188
184
179
27
75
185
108
129
155
45
96
54
5
16
17
25
29
12
52
59
25
27
25
51
82
75
98
86
116
136
137
132
153
162
180
146
47
82
125
140
29
100
53
177
66
14
14
35
23
21
17
18
24
55
73
53
72
75
88
45
35
90
81
18
18
31
40
62
16
19
44
59
52
76
73
99
96
104
99
84
105
102
148
123
138
150
135
167
181
167
197
155
130
33
184
168
135
55
103
73
17
15
41
29
65
95
80
84
103
106
122
126
123
145
158
160
120
132
159
172
156
180
151
163
116
174
130
148
121
153
140
153
134
159
113
138
141
165
147
118
155
167
135
149
158
160
153
157
144
141
157
140
112
153
138
127
147
141
131
138
141
132
117
140
140
143
157
144
162
139
140
151
147
144
157
145
127
148
138
145
135
131
112
157
149
139
140
162
120
140
147
141
110
131
140
141
133
144
124
133
134
141
160
151
159
152
155
136
164
152
164
138
160
134
149
145
127
117
119
114
117
110
138
117
121
99
116
115
111
106
74
58
64
63
83
81
79
100
85
83
92
73
99
97
89
73
82
80
96
81
91
88
92
86
92
90
102
75
99
84
91
83
91
100
92
87
1133
1135
1145
1137
1155
1139
1138
1143
1147
1147
107
104
105
84
100
101
94
103
96
109
94
95
109
95
97
103
101
102
99
103
100
104
102
108
96
92
105
99
96
2472
2477
2488
2475
2468
2460
2460
2454
73
55
2482
71
10
10
17
36
36
41
46
59
58
61
60
70
70
60
88
87
99
93
109
106
69
38
79
47
26
104
98
90
73
7
16
20
15
34
34
50
52
53
53
62
67
29
77
40
24
79
62
42
55
82
2
3
17
6
16
33
27
41
28
48
27
18
32
19
28
4
12
25
31
24
34
34
50
47
49
24
49
58
60
10
17
20
20
45
41
29
38
18
32
32
34
4
5
10
12
32
48
48
54
61
60
73
73
82
116
114
100
113
108
127
100
111
75
100
115
106
105
107
99
114
88
32
105
77
74
42
96
104
84
14
53
5
18
34
27
43
54
53
46
52
58
43
60
37
16
19
56
73
76
49
8
38
32
34
35
56
57
74
73
93
92
106
100
101
100
102
111
104
107
86
99
101
104
91
83
102
97
109
95
92
90
98
93
72
85
106
101
93
80
95
95
108
93
109
68
64
85
88
83
89
96
99
91
100
91
92
92
101
95
86
92
108
102
96
103
95
99
105
113
113
98
112
92
107
95
94
106
104
87
93
102
99
98
103
109
108
97
104
102
118
96
102
113
106
108
87
103
107
103
92
99
93
103
94
108
94
89
89
84
84
89
67
81
76
98
89
98
92
108
99
117
107
96
120
84
100
93
107
96
107
100
95
92
95
106
96
104
98
77
86
56
83
68
75
93
86
100
93
94
94
89
90
106
108
113
111
113
110
96
106
112
114
124
127
115
129
117
132
110
100
92
109
114
107
114
111
109
113
105
110
110
100
113
112
103
105
113
108
109
117
126
111
127
113
133
124
107
121
109
119
118
96
110
126
107
98
119
108
122
109
95
117
115
108
119
125
106
114
109
111
115
101
114
107
87
107
106
127
111
127
109
111
110
96
96
108
124
104
73
56
82
89
18
39
28
112
66
18
15
31
32
41
56
67
64
62
84
81
97
87
84
94
105
103
115
100
99
107
95
89
98
84
97
79
98
100
90
105
92
96
102
63
94
46
57
77
98
94
36
3
4
25
39
56
55
74
77
69
89
88
107
101
104
114
111
116
108
100
111
99
117
99
111
112
101
114
102
114
127
117
126
102
98
102
112
118
97
89
63
54
20
24
101
49
84
30
4
15
32
43
52
52
58
58
77
75
82
90
94
102
114
112
104
105
55
29
104
91
35
81
66
90
18
43
8
17
17
30
35
25
12
19
39
20
