26
45
26
45
27
124
113
112
133
158
132
150
147
160
161
95
100
117
105
130
116
99
141
113
129
151
144
135
159
170
158
156
154
172
152
135
171
146
167
155
152
125
156
167
153
145
170
140
160
153
167
144
152
148
143
129
114
159
152
126
127
139
127
148
134
125
146
130
136
148
121
110
129
118
109
127
115
128
103
123
126
145
122
125
131
137
142
135
137
157
133
155
115
136
141
146
128
136
127
149
129
149
146
146
131
140
114
124
122
105
130
123
104
130
123
134
125
138
126
138
137
114
142
137
137
114
142
127
148
132
146
100
50
80
110
43
123
66
13
26
72
97
121
72
91
89
119
119
143
154
157
160
174
153
131
162
144
151
146
122
118
133
131
171
157
168
167
192
180
186
211
203
188
180
185
201
176
177
157
140
171
172
158
167
171
170
184
183
173
179
173
177
165
176
157
179
175
178
174
184
172
193
180
194
179
190
194
197
184
196
192
192
181
189
177
179
161
173
170
149
168
171
160
168
159
166
165
165
151
179
169
192
178
179
185
170
181
179
80
150
62
33
111
154
55
96
16
49
46
32
87
88
123
69
146
68
137
148
127
202
208
204
225
221
213
182
137
132
133
164
150
170
150
149
131
137
162
162
162
151
164
143
166
147
141
170
155
160
138
138
136
116
107
119
120
141
152
157
130
147
143
182
124
168
154
153
168
157
183
169
162
148
157
145
136
165
148
140
157
139
147
126
126
145
132
151
122
127
137
146
125
148
134
126
145
148
133
157
119
145
142
134
136
134
117
155
133
121
150
138
117
146
145
140
170
140
156
146
172
150
168
164
178
159
173
161
166
155
153
164
153
143
117
163
125
157
141
162
145
163
140
170
157
156
146
157
138
148
154
143
140
129
137
156
148
147
161
152
134
170
144
148
168
153
144
130
146
144
145
145
135
146
2804
2804
2822
2835
2836
2810
2816
2800
2787
2802
119
91
91
100
79
94
88
99
88
96
86
78
91
93
109
91
102
91
91
100
96
103
105
103
97
98
81
89
92
2674
2679
2670
2686
2680
2692
2674
2691
2726
2724
149
146
130
147
144
137
116
115
134
127
136
124
134
119
114
121
119
115
106
90
48
83
99
53
80
66
34
23
41
97
49
52
49
45
67
66
84
83
103
105
114
95
103
78
86
114
99
107
93
109
95
104
96
90
106
104
90
98
113
92
100
108
116
84
102
94
46
67
65
55
57
61
8
40
38
54
48
65
66
84
84
101
100
110
112
99
112
107
110
100
106
108
104
107
95
106
113
98
110
102
123
106
114
108
112
120
118
111
118
110
108
77
100
78
93
93
82
87
81
89
88
99
103
115
114
102
113
105
110
111
109
106
78
97
93
96
98
88
96
85
88
79
97
89
103
92
100
103
102
112
103
95
101
114
107
113
96
106
111
107
97
84
95
71
80
82
90
65
89
63
103
96
102
92
106
105
116
98
105
113
88
97
101
102
95
102
96
92
99
105
103
109
98
99
112
106
94
102
108
108
105
103
101
94
101
96
109
98
98
108
102
94
85
100
89
99
77
86
88
81
93
85
94
92
95
91
89
96
96
93
97
86
94
104
96
101
87
88
88
92
102
103
85
102
102
96
107
107
100
86
104
94
99
92
101
94
96
104
106
104
92
103
105
95
102
90
102
98
104
95
101
110
109
111
115
110
112
101
113
105
112
109
111
100
108
105
108
101
104
95
75
82
86
96
95
76
83
86
90
77
81
92
98
103
96
105
103
103
47
67
106
56
38
91
73
87
100
98
94
115
113
105
118
101
114
120
109
113
119
92
98
111
100
87
94
109
85
88
102
91
110
101
92
108
96
94
102
97
96
117
97
114
103
112
107
114
103
101
107
106
100
108
104
99
111
104
117
113
124
108
121
114
114
122
109
123
114
101
90
119
111
102
97
110
105
103
82
105
107
106
120
117
122
114
123
117
124
120
119
111
118
112
128
120
125
123
116
126
128
115
130
114
105
118
114
105
119
113
105
106
118
113
94
107
120
105
99
97
101
106
92
105
84
102
97
105
110
61
83
68
106
96
90
91
86
88
88
102
81
92
91
109
109
111
128
119
131
120
113
122
110
122
115
119
104
116
112
114
106
106
113
97
122
105
114
111
114
101
106
95
107
91
85
99
100
77
88
90
89
89
107
86
82
98
95
88
78
89
96
90
89
74
82
93
81
89
84
83
84
92
100
91
89
100
94
101
95
101
92
101
98
104
97
102
96
102
90
99
88
93
95
89
60
71
41
41
85
33
54
