44
59
166
165
182
183
185
228
182
216
46
229
181
142
158
147
136
97
79
52
38
65
37
128
145
132
40
134
24
118
17
5
19
21
16
37
52
33
9
52
39
85
92
83
86
95
109
129
121
113
113
119
120
109
105
109
103
105
143
103
77
89
70
62
108
127
119
145
87
56
111
49
75
75
79
100
96
89
97
64
76
102
117
108
120
112
112
116
116
114
89
111
101
119
108
90
97
97
105
106
115
110
115
141
121
120
132
122
116
119
126
105
124
110
105
98
107
88
103
117
113
20
84
42
94
51
38
69
116
111
84
9
11
13
37
33
53
39
36
32
36
54
25
40
52
29
38
12
3
2
3
11
12
25
50
45
46
42
48
63
62
42
13
67
55
62
66
33
20
31
32
47
47
70
70
85
87
98
96
107
110
109
88
103
43
57
94
59
25
84
29
73
125
31
19
19
36
51
51
74
15
41
51
54
68
34
55
48
71
16
19
18
18
24
27
30
34
49
42
53
16
35
49
27
3
14
24
3
21
35
52
56
84
82
76
46
17
56
72
34
95
67
44
50
47
6
23
23
18
14
20
31
23
3
6
16
33
40
44
30
61
59
78
77
95
95
94
110
87
105
98
110
97
102
96
88
107
98
112
99
100
94
66
72
46
82
107
25
18
52
37
99
12
27
26
44
49
31
37
16
14
36
48
24
33
13
12
31
26
36
35
17
18
34
15
18
3
27
36
36
53
51
69
68
83
93
93
109
97
104
98
99
104
104
100
106
95
102
101
95
103
97
107
97
103
106
93
77
71
105
57
93
49
36
33
11
21
6
37
39
53
47
65
63
81
83
98
98
108
100
108
95
109
97
4450
4442
4451
4437
4431
4440
4453
4441
4451
4441
97
110
109
87
99
87
84
107
104
106
83
90
95
94
60
80
60
102
84
78
76
94
95
93
65
88
66
2407
2408
2432
2423
2450
2445
2476
2469
2494
187
163
116
139
152
168
218
191
206
186
193
179
186
182
103
113
115
107
108
114
112
98
112
99
114
105
112
100
112
103
112
99
105
112
113
100
111
99
113
100
108
94
107
96
103
92
103
96
105
93
110
111
95
89
106
111
99
103
97
102
96
106
97
98
98
98
109
111
99
112
99
108
94
106
97
105
103
104
92
103
92
101
89
109
98
111
100
112
101
112
106
116
104
107
100
106
104
105
99
105
93
41
57
71
87
51
77
22
36
7
20
21
31
25
43
11
17
29
26
43
9
7
16
12
11
11
20
24
25
3
6
14
26
30
29
29
26
38
39
43
43
60
55
28
22
23
22
20
43
40
23
17
16
26
40
51
52
68
58
57
75
74
92
86
91
111
90
82
98
110
103
99
105
100
67
58
60
102
25
12
51
90
30
46
16
41
40
49
56
77
74
82
80
76
83
84
139
131
114
137
130
138
136
134
91
109
103
63
95
71
43
49
28
103
51
87
6
12
7
9
9
31
32
52
49
15
54
31
48
59
31
58
56
52
31
8
22
44
53
47
43
42
46
47
60
50
20
62
28
51
5
6
19
20
15
22
25
24
29
39
41
40
37
30
47
59
74
83
79
68
77
79
84
103
100
112
111
113
105
124
108
115
104
122
115
84
24
52
54
104
107
70
60
35
4
5
21
2
4
29
16
18
37
21
48
13
17
4
4
13
25
42
36
59
59
79
76
96
85
104
88
106
111
116
107
110
112
105
96
83
70
93
79
105
101
98
111
105
104
93
91
91
79
98
107
94
109
111
120
128
117
101
107
118
96
105
112
118
88
50
103
77
97
50
36
72
50
28
107
9
10
27
27
41
49
55
74
63
82
91
82
103
100
109
104
75
14
86
50
101
110
120
33
58
30
7
4
12
26
28
34
17
38
38
6
41
38
13
32
39
4
4
9
25
17
7
18
15
12
11
18
9
28
36
41
40
29
25
14
45
41
42
39
60
55
50
34
17
21
33
22
32
3
4
8
21
5
14
43
43
12
4
4
20
33
46
43
64
61
60
62
57
63
42
76
23
77
72
96
65
80
6
10
8
5
21
18
29
30
51
49
53
71
70
76
72
74
93
97
96
113
109
103
105
103
106
107
120
104
107
121
134
129
136
132
136
89
15
97
45
33
63
111
53
64
4
18
9
15
10
22
24
43
40
57
57
52
68
80
63
83
81
103
100
111
108
119
117
124
112
110
99
123
97
104
103
95
110
92
86
104
101
120
106
117
107
85
108
119
115
109
147
135
145
138
146
137
162
142
159
149
133
101
124
37
40
62
89
110
83
