48
67
52
45
278
294
308
241
139
157
98
294
145
287
291
41
220
266
245
287
314
303
303
298
280
167
160
138
116
92
106
128
122
104
113
54
123
30
116
95
292
32
88
27
116
76
90
63
79
45
4
3
4
5
6
30
49
57
61
77
75
9
17
95
23
94
105
129
140
131
121
104
124
84
110
98
114
99
106
116
83
89
89
87
102
131
127
93
108
137
117
134
91
139
113
27
29
61
138
50
51
123
133
113
93
4
3
10
21
12
43
59
56
60
60
80
79
91
95
93
105
112
118
110
124
93
107
98
117
106
98
115
108
99
106
99
115
102
108
106
100
89
100
99
111
102
88
94
105
78
74
105
111
116
98
106
101
116
101
118
108
111
103
103
109
108
85
108
98
100
109
114
100
108
92
83
112
105
93
105
101
96
94
85
80
84
100
93
98
92
94
91
88
101
99
86
84
98
84
98
90
101
108
94
105
94
105
102
108
111
115
109
95
114
116
117
103
99
94
111
102
94
105
102
120
101
117
102
107
100
113
108
111
104
111
90
103
106
98
112
99
112
99
109
96
105
100
89
103
111
108
95
108
93
84
78
66
103
86
78
102
96
90
106
94
91
90
107
96
107
75
95
91
92
63
88
69
76
79
79
92
81
78
80
80
87
75
74
81
89
72
89
82
87
90
83
98
84
82
83
83
91
94
87
97
93
90
82
89
81
84
77
69
95
80
87
81
78
84
92
72
93
70
86
86
73
88
87
82
82
96
81
71
92
90
88
92
83
86
82
90
94
91
89
56
18
68
52
28
74
41
41
85
15
22
39
49
49
64
64
55
69
63
77
88
88
91
109
80
105
88
90
104
119
112
123
92
111
80
103
96
87
88
107
95
95
97
82
95
86
90
69
67
85
91
99
82
87
89
79
91
81
99
86
102
89
90
89
81
105
92
7292
7298
7325
7320
7337
7333
7337
7341
161
7367
167
169
145
141
141
150
117
137
116
128
127
117
127
134
137
117
119
124
123
132
128
113
96
100
110
107
99
89
102
107
93
111
96
105
103
87
105
102
88
106
76
104
92
94
106
105
103
83
105
87
98
96
96
89
93
82
85
64
77
81
88
68
61
88
83
91
74
95
86
99
91
85
91
103
92
109
96
106
95
109
106
118
104
116
108
114
109
112
98
109
101
106
105
94
101
80
98
89
90
98
87
98
82
98
99
116
97
102
112
106
111
90
117
82
109
107
100
82
102
98
120
118
116
113
125
124
144
121
146
130
118
124
124
116
122
105
121
105
119
106
125
113
109
127
117
111
129
121
113
123
115
118
105
101
116
99
103
103
108
98
92
89
103
95
113
97
93
102
87
99
84
100
107
95
91
92
88
89
111
108
128
107
119
103
119
119
124
95
94
107
105
97
112
106
113
106
112
99
97
108
110
107
110
107
108
99
101
99
104
114
110
102
89
108
95
89
110
97
101
91
102
92
98
100
87
77
102
95
69
89
84
62
58
99
92
90
90
95
93
80
108
93
93
99
105
102
100
89
100
101
99
80
99
90
95
99
93
104
90
103
85
80
88
94
114
99
96
111
104
99
110
100
111
104
95
105
102
88
81
99
87
79
93
102
83
107
94
105
94
98
94
86
90
99
98
81
99
96
104
108
102
114
102
120
116
105
98
113
105
111
103
88
107
101
102
89
100
88
95
100
93
107
94
110
98
118
101
103
111
115
105
107
97
109
103
108
96
99
108
112
109
119
110
124
120
125
118
114
126
124
116
89
115
104
85
49
45
46
37
74
93
106
62
50
23
24
31
38
47
49
69
69
89
87
100
101
116
136
127
144
120
123
131
138
141
99
137
99
111
104
79
118
50
34
50
22
105
68
88
48
16
30
40
59
69
48
47
43
29
69
35
58
72
16
62
6
8
25
13
17
28
15
19
28
8
11
26
27
53
50
50
43
40
31
32
46
37
40
27
63
24
49
25
48
63
76
63
41
66
74
62
64
70
107
97
100
115
97
106
103
124
100
118
110
108
130
123
117
127
133
121
108
119
115
116
107
100
112
108
101
109
92
99
119
102
112
107
123
112
114
61
83
93
103
79
111
114
95
104
100
117
102
99
100
93
29
86
99
77
30
36
48
13
61
69
4
7
9
15
17
21
22
29
28
36
47
38
52
45
61
68
79
80
79
97
91
104
99
109
119
119
128
125
146
117
33
30
87
83
60
100
56
94
9
30
41
38
52
72
71
69
66
97
89
74
58
54
62
94
76
64
86
21
4
5
4
27
12
13
