50
68
94
77
74
91
92
70
207
207
206
194
196
93
84
53
195
69
139
83
117
116
123
81
95
93
116
111
115
142
132
153
133
152
133
154
135
134
146
144
152
152
140
159
155
151
160
166
162
165
167
146
163
150
117
100
147
131
104
116
132
132
125
120
129
142
141
166
133
132
131
149
132
161
160
157
144
152
140
144
134
145
133
137
127
134
118
130
110
121
123
114
134
116
129
120
129
135
136
132
122
166
166
149
116
323
306
379
368
454
446
467
524
496
461
473
485
464
450
478
451
492
326
288
392
356
378
351
428
451
393
283
438
344
357
354
343
411
312
288
225
143
332
185
316
317
187
263
333
331
396
411
406
521
516
452
486
466
444
443
414
312
318
469
434
477
468
425
450
484
430
433
511
462
489
450
478
429
492
395
518
445
382
436
487
471
433
478
412
414
466
427
458
465
505
457
438
457
424
479
482
421
463
393
405
453
455
444
477
467
428
385
431
520
509
549
476
475
499
532
530
551
560
518
499
565
522
574
509
563
375
505
428
379
297
253
232
417
222
219
246
194
222
207
221
239
253
211
202
230
232
203
212
224
230
211
179
211
135
224
162
204
181
169
190
192
167
148
144
174
174
191
191
175
189
176
196
174
144
194
169
189
173
140
150
173
151
170
171
138
134
149
158
159
172
146
171
160
185
129
187
168
163
176
188
163
173
150
134
166
164
158
170
156
181
149
164
144
189
180
150
164
180
167
195
189
201
166
180
176
184
157
131
156
132
152
135
133
149
120
132
139
153
133
139
130
137
127
143
132
130
130
135
152
126
136
149
134
160
138
127
150
144
126
111
130
113
102
122
142
135
146
125
143
131
157
145
171
160
157
136
142
137
139
140
126
121
135
127
135
119
138
121
132
136
125
131
140
149
131
134
140
125
116
145
132
145
133
115
142
117
142
134
136
107
135
142
145
113
124
151
139
120
135
123
123
133
131
120
118
118
106
134
108
132
116
143
131
154
134
151
135
139
138
149
130
139
152
133
148
3059
3036
3021
3055
3018
3021
3124
3116
3145
3123
134
204
172
171
209
210
195
184
210
187
172
166
199
157
143
157
137
164
148
155
143
128
145
180
154
168
156
150
158
162
164
180
167
157
147
159
150
169
166
174
152
167
163
170
165
173
169
169
165
168
173
153
184
159
180
153
166
139
160
158
177
174
169
163
174
159
184
171
187
176
185
180
188
176
188
174
182
169
182
164
184
167
185
171
170
187
185
171
170
180
170
180
186
171
174
173
155
148
136
168
159
144
135
154
159
157
161
159
170
173
161
149
156
154
158
139
127
157
137
122
137
142
115
131
143
123
141
138
158
145
139
133
145
142
130
140
123
158
125
143
152
136
164
147
167
155
177
135
132
151
142
140
156
157
139
138
129
121
153
124
130
119
135
128
130
141
149
119
113
131
130
147
133
132
128
147
125
145
141
122
145
130
113
138
138
132
152
136
145
138
156
146
157
155
139
156
168
158
169
160
167
161
169
153
139
170
152
123
131
150
139
152
133
129
144
132
146
120
136
141
126
132
142
162
139
137
129
148
146
162
153
162
157
128
174
162
173
150
159
152
160
158
177
160
185
176
194
188
177
186
166
185
167
185
163
175
156
151
175
169
190
162
172
161
161
183
188
150
184
159
179
170
181
177
156
176
171
149
175
172
147
159
162
144
157
137
155
140
126
114
150
149
138
147
148
159
134
143
136
138
152
165
131
123
143
119
162
139
160
145
152
151
170
152
168
170
169
139
161
137
153
133
155
137
137
138
152
132
142
148
148
137
128
132
109
136
150
147
131
118
146
142
153
149
132
141
117
130
151
152
118
136
143
139
141
122
110
142
144
132
127
151
142
150
162
150
166
155
164
155
161
163
152
109
90
139
127
168
135
130
109
69
62
129
116
106
133
134
159
154
184
151
128
137
154
155
172
176
157
160
138
130
176
114
163
169
155
157
136
103
162
105
83
81
86
156
138
160
185
170
197
195
149
178
192
155
157
212
170
162
175
185
184
177
176
185
154
177
150
175
168
156
168
167
178
150
153
157
181
176
146
122
145
147
140
127
147
157
159
145
142
162
161
168
159
129
126
154
157
141
105
126
159
137
141
159
167
144
157
153
162
150
178
159
150
167
164
152
159
170
166
163
165
159
173
163
172
167
169
160
177
172
184
180
176
157
180
170
182
171
178
165
170
156
173
168
177
165
169
173
172
160
177
166
182
171
175
163
173
157
186
156
148
128
74
100
124
75
182
95
