7
43
5
3
11
5
5
11
4
71
4
5
6
10
5
46
15
27
23
24
40
63
77
88
83
87
99
88
94
96
99
104
89
76
73
98
83
130
118
95
101
96
133
116
100
139
104
108
130
129
93
114
100
122
104
111
99
101
113
147
96
145
140
147
128
139
136
145
128
102
120
68
89
94
86
77
99
87
102
77
97
89
78
87
67
60
53
47
48
90
74
6
3
33
19
30
31
34
26
44
29
28
33
66
82
21
11
55
24
9
17
27
40
54
47
70
66
81
72
79
74
89
100
93
84
71
89
73
85
89
98
79
82
106
104
105
99
100
99
103
115
107
111
105
119
105
108
101
119
104
104
115
119
110
113
107
114
105
101
109
104
94
93
101
92
73
82
101
96
85
97
91
94
97
94
74
88
82
64
73
88
97
88
105
92
98
85
98
92
95
114
86
91
85
77
93
83
96
85
99
95
98
101
102
108
112
99
92
103
90
97
104
108
86
84
98
91
95
93
90
105
98
91
92
106
83
91
96
90
86
102
90
77
85
94
92
80
89
96
107
96
110
95
110
101
112
103
88
80
106
109
88
100
95
97
98
85
98
78
92
92
98
106
107
100
108
102
103
107
96
109
93
97
91
86
94
83
100
87
91
85
84
62
54
77
41
27
19
56
32
84
7
6
19
21
34
42
40
41
43
50
45
65
74
74
88
76
74
93
69
67
76
70
82
83
82
85
79
68
63
83
93
94
76
77
82
75
81
30
15
65
36
45
68
6
7
26
34
42
44
45
46
70
71
80
69
77
93
85
77
79
87
80
85
80
89
82
71
70
79
86
76
86
95
94
90
95
94
90
98
91
84
83
68
86
78
76
80
83
82
91
81
98
90
83
91
68
87
80
89
82
72
70
75
76
76
72
83
85
78
86
81
86
86
91
81
93
88
7539
7546
7547
7536
7600
92
7579
7601
33
7598
31
158
84
33
7590
4
6
18
15
21
28
16
20
23
12
23
32
29
36
61
55
70
67
70
66
68
73
77
88
95
45
68
86
56
51
93
72
91
84
18
17
69
16
17
81
41
25
58
19
44
43
60
57
77
74
90
87
110
108
117
108
121
114
126
118
125
121
100
122
92
117
89
74
91
107
108
95
107
106
109
88
95
82
94
86
100
82
71
90
318
305
327
319
332
332
336
338
87
327
93
105
91
103
93
100
93
103
96
77
107
111
121
115
104
124
104
114
101
121
111
110
113
110
114
103
122
115
134
110
120
119
115
105
115
107
111
112
99
99
98
104
93
108
96
105
100
103
114
103
121
111
125
112
115
110
106
116
93
102
81
99
93
90
96
97
95
110
95
109
97
108
99
111
104
113
106
111
109
106
102
109
106
110
103
107
105
103
106
105
110
110
107
105
108
105
100
106
97
104
95
97
87
97
89
78
94
89
101
92
81
101
98
94
99
106
111
109
98
85
98
100
103
104
104
105
98
96
102
103
91
101
91
61
88
72
93
87
48
84
28
18
69
20
59
20
9
20
20
41
50
51
63
61
58
58
41
50
67
23
56
48
31
65
6
13
6
20
15
30
39
11
13
12
24
23
42
44
28
50
42
30
44
51
48
46
20
5
3
5
12
14
3
3
10
23
32
26
24
25
62
68
60
74
81
75
84
76
93
83
90
109
99
111
98
107
95
94
105
94
102
91
78
97
87
84
92
96
97
88
97
85
103
92
106
100
86
105
96
100
85
94
91
103
106
103
112
97
107
120
119
117
125
124
112
110
128
107
112
99
104
96
109
104
109
96
102
102
119
111
117
110
108
95
97
80
95
104
98
92
94
91
94
75
93
92
104
96
111
99
112
97
86
18
109
60
53
45
94
67
104
123
8
20
14
17
4
4
3
14
2
3
2
8
26
38
39
57
46
69
58
66
66
96
88
105
104
108
120
112
113
87
87
102
122
82
87
93
94
78
89
81
66
63
89
101
89
95
106
43
30
78
98
78
84
37
69
4
12
27
18
32
25
29
29
46
54
21
19
58
16
42
5
5
3
5
14
5
16
6
25
19
11
26
23
12
5
4
8
5
13
23
9
14
16
42
38
44
17
34
44
46
58
65
67
58
86
85
84
99
85
87
93
97
98
103
106
84
95
109
102
111
99
112
99
114
103
113
107
109
94
113
111
86
114
92
95
102
61
68
96
104
74
83
40
102
107
90
114
101
99
104
88
101
107
101
91
96
105
84
60
105
87
79
44
77
61
36
36
72
50
36
40
56
55
40
56
55
25
52
56
34
38
