103
29
27
105
106
162
154
116
110
158
125
154
149
29
168
266
154
345
118
126
110
306
389
379
402
406
413
425
452
330
273
201
217
268
175
236
102
183
220
138
129
189
192
184
200
167
158
137
144
165
141
109
121
166
165
68
67
57
180
136
66
163
102
101
140
139
180
178
204
175
100
117
78
30
56
141
170
190
59
6
7
11
15
18
68
74
33
55
29
73
21
93
17
79
28
13
10
16
19
24
11
11
30
26
30
65
63
47
45
27
12
38
42
6
24
38
56
48
52
50
25
74
68
41
31
85
8
5
13
32
35
72
81
77
77
88
98
102
73
70
64
76
62
27
48
45
47
98
99
99
54
58
111
52
39
93
98
89
10
6
31
38
47
49
43
32
35
34
33
40
11
7
26
9
10
33
30
23
52
53
83
81
92
98
99
113
113
131
138
151
165
153
134
169
29
78
62
117
163
143
39
94
116
17
13
11
59
59
70
58
66
110
127
121
134
145
143
130
159
116
122
166
181
158
164
160
189
160
114
157
156
176
161
169
184
174
162
176
142
168
185
162
175
177
165
173
171
184
150
156
167
176
182
175
172
175
197
200
187
206
162
180
151
91
141
71
160
143
107
190
144
129
143
127
83
126
115
114
141
142
164
145
166
123
144
71
99
158
158
113
121
141
80
165
138
157
163
165
226
186
173
169
152
198
211
150
198
152
155
148
142
156
148
165
134
134
126
146
153
135
118
144
157
165
138
156
140
140
159
151
125
140
152
137
154
142
150
119
146
134
139
131
146
134
137
152
125
145
148
138
124
145
150
117
133
134
133
118
128
149
135
129
121
128
128
139
142
114
124
140
131
152
136
148
145
144
158
147
151
169
136
149
157
138
131
104
153
128
121
124
141
138
166
141
167
168
126
169
124
140
160
155
143
121
147
141
155
157
5663
5626
5639
5618
5605
5620
5612
5654
5604
5638
90
124
124
151
152
179
194
174
185
143
126
104
109
99
130
111
90
93
89
95
110
99
92
102
85
96
101
94
75
76
94
69
86
74
91
87
88
87
82
91
73
88
86
91
97
97
103
103
90
100
89
98
92
99
91
91
102
107
114
99
107
92
114
104
96
109
99
87
92
89
91
91
100
81
88
102
90
93
107
102
90
87
95
92
92
95
99
85
93
88
96
100
99
107
103
114
95
87
108
104
93
105
94
101
96
113
102
117
105
115
112
104
122
108
118
100
97
92
85
81
77
84
54
58
74
54
59
47
59
68
63
61
67
69
60
66
62
71
67
55
56
52
62
53
53
54
67
56
64
69
67
86
85
100
89
93
109
107
99
107
109
100
112
100
97
116
87
115
103
101
115
109
101
116
105
125
109
129
112
125
113
124
125
121
114
125
117
124
115
125
118
110
100
113
96
131
74
82
106
102
107
102
112
94
103
93
83
98
98
110
116
104
119
104
110
104
124
97
110
89
58
130
128
137
130
128
136
119
133
128
125
115
123
109
118
114
103
92
110
98
110
97
107
95
99
99
113
115
103
117
100
114
96
109
91
110
107
99
90
104
100
107
103
110
100
109
105
111
89
99
96
92
107
83
107
99
97
100
90
84
94
91
89
89
78
87
79
91
80
113
100
107
116
123
111
128
119
127
122
108
101
107
101
109
101
111
109
112
107
115
111
116
109
114
106
110
108
108
101
106
99
105
103
110
106
94
108
85
106
98
104
97
89
74
82
89
97
98
111
108
111
101
108
107
115
113
90
98
82
115
98
102
83
108
92
108
92
109
97
95
111
103
106
80
89
94
81
84
96
90
86
86
86
111
104
108
101
94
99
104
103
110
90
94
102
89
96
99
100
80
91
101
95
99
91
98
95
101
88
95
90
99
89
92
94
87
95
100
103
78
92
87
96
88
98
87
91
84
91
90
80
81
83
79
90
86
97
78
42
26
86
85
87
65
58
34
4
3
6
86
27
39
23
19
29
38
23
10
8
7
8
17
15
18
29
41
51
44
44
60
59
74
69
84
81
78
105
91
105
88
105
112
90
112
113
112
86
97
99
91
94
96
97
86
98
89
88
19
86
73
63
80
61
34
27
49
19
20
37
49
63
58
60
70
57
61
59
73
30
34
60
72
44
8
25
9
25
10
21
23
5
11
14
12
13
11
20
18
31
33
33
29
35
28
55
55
63
73
78
60
75
67
73
62
64
78
102
94
98
79
76
106
86
93
83
83
95
90
95
94
112
104
118
90
102
91
97
100
100
88
95
87
93
66
81
74
27
63
42
100
49
34
