55
105
101
212
213
44
271
272
268
310
339
213
170
226
168
178
149
316
205
215
219
216
244
183
162
276
271
196
278
238
270
261
284
269
216
224
251
228
253
214
214
194
188
128
177
168
304
301
366
373
415
419
421
475
386
330
350
422
296
371
403
307
400
366
411
253
372
400
402
415
451
442
363
416
445
345
434
407
389
408
400
427
433
393
369
474
391
475
450
483
395
354
424
437
399
389
445
334
419
511
502
565
570
549
429
488
449
367
411
375
351
405
364
332
443
404
430
397
456
454
461
525
499
493
433
383
424
380
405
455
390
340
340
431
461
348
441
406
438
430
377
435
443
338
379
315
358
367
354
415
362
399
373
337
359
450
427
409
387
396
336
322
324
264
271
246
225
455
412
323
16
21
65
14
88
146
119
150
259
210
267
261
300
343
335
417
410
494
454
435
418
470
410
372
429
490
390
448
419
458
486
421
380
447
495
416
467
468
412
410
205
100
259
481
368
292
219
415
131
24
68
73
164
158
170
126
138
135
171
163
167
198
198
198
184
196
187
202
164
195
186
188
206
190
202
179
160
161
150
181
211
205
173
178
184
202
198
217
175
209
189
211
222
222
178
203
221
196
188
190
176
154
170
188
196
162
146
189
180
179
202
194
190
188
48
84
148
70
160
196
112
100
137
10
78
77
101
100
131
134
127
121
184
204
192
204
190
190
189
183
182
177
212
193
199
165
188
220
203
215
189
173
164
197
175
178
192
157
182
187
173
197
162
180
195
196
199
206
201
180
200
193
204
199
182
161
185
166
169
191
188
150
170
1132
1181
1202
1195
1210
1176
1121
1192
1228
377
369
379
349
382
332
286
307
324
327
249
200
210
225
224
209
214
211
186
194
184
174
216
196
206
199
168
222
201
223
222
184
234
200
178
208
210
205
183
214
197
165
206
193
202
168
189
178
199
208
214
202
176
203
182
55
153
194
93
155
165
118
56
7
19
23
22
110
107
101
130
78
91
83
90
197
223
221
209
226
243
211
181
162
190
179
188
173
210
199
192
200
174
193
197
203
167
224
218
172
202
192
176
181
183
206
177
197
58
132
110
71
181
42
224
150
188
88
7
6
47
65
62
86
101
97
97
95
166
168
157
195
190
145
172
192
216
203
226
211
230
226
217
225
194
184
202
176
201
179
200
184
203
194
187
194
196
196
184
208
205
182
207
190
200
200
194
217
207
190
208
183
215
191
210
185
211
194
216
192
214
216
189
219
211
231
220
243
233
228
227
247
222
231
207
218
220
173
192
152
210
203
223
202
216
190
216
181
215
199
196
216
185
186
196
183
170
185
163
207
188
189
201
194
177
159
194
106
119
37
165
85
32
186
59
31
116
74
11
9
15
9
26
9
25
96
75
101
99
84
89
144
159
162
157
180
179
190
167
205
206
204
228
222
216
187
205
199
236
221
200
193
205
227
198
200
198
212
232
223
217
220
202
204
212
156
190
205
145
115
126
183
93
162
115
162
146
164
150
168
155
133
153
144
145
157
163
155
175
175
176
171
160
174
178
192
177
191
163
180
170
181
165
199
157
171
176
163
174
173
162
174
169
160
131
159
158
173
170
169
159
156
151
172
168
173
160
179
157
179
184
173
166
176
146
178
165
188
164
191
164
187
182
185
168
181
178
165
185
157
154
130
161
156
153
107
137
147
139
157
138
90
125
159
137
137
156
126
113
152
147
162
171
169
160
197
156
153
144
152
134
163
147
142
147
134
152
143
156
157
148
168
169
167
163
174
170
176
152
167
158
171
151
142
103
162
101
115
53
77
135
141
149
108
155
150
159
159
131
129
158
166
149
132
142
158
154
162
179
177
185
198
178
193
172
174
201
150
194
151
105
174
68
53
36
136
119
90
8
40
38
65
69
88
92
116
100
129
127
147
148
177
159
127
160
175
139
172
159
187
166
187
114
76
54
157
107
68
96
169
140
10
66
63
89
75
78
94
96
111
97
169
158
156
145
148
142
161
143
158
147
159
147
175
161
179
153
169
150
138
176
156
169
149
163
145
147
168
163
144
161
156
156
132
168
154
123
148
166
144
186
175
200
185
184
205
192
209
178
182
172
184
175
173
189
146
151
129
162
159
118
158
141
134
158
151
165
159
149
160
175
129
139
152
107
151
166
131
149
154
141
148
125
137
140
110
131
140
55
72
98
139
40
81
5
8
8
77
33
49
45
38
59
57
40
30
28
14
11
7
14
33
69
91
87
111
110
107
131
127
94
134
129
58
104
68
39
133
