19
3
2
94
98
101
115
95
19
45
47
33
100
49
118
70
62
63
88
77
60
76
86
109
128
115
121
110
122
133
97
103
103
101
110
66
85
111
76
94
101
110
107
79
99
98
83
89
125
116
114
139
128
139
109
107
140
136
111
96
106
86
103
113
108
125
120
132
111
122
130
130
120
113
120
98
105
111
101
93
114
58
95
116
105
67
90
86
103
84
100
129
134
131
148
115
147
97
63
123
88
97
79
96
96
97
120
103
107
79
105
123
111
101
93
87
106
108
93
108
107
93
106
120
105
99
105
149
128
105
31
138
135
36
106
31
96
44
136
124
5
4
25
36
35
50
57
60
59
78
77
93
91
86
105
107
105
98
93
96
91
99
119
76
105
88
95
100
93
93
107
99
101
96
107
100
94
92
52
61
45
27
109
85
45
28
68
92
50
51
61
74
75
90
88
99
84
100
94
106
106
102
92
100
92
97
85
96
87
88
79
79
76
71
80
69
81
88
64
73
71
83
78
74
89
82
88
79
76
77
72
74
91
73
84
90
75
86
70
74
87
80
84
78
81
85
74
94
89
97
96
84
88
89
84
69
79
74
69
82
86
88
76
82
89
95
82
99
83
90
90
81
104
92
101
94
76
92
89
84
80
80
89
80
86
92
98
99
87
84
81
85
86
80
69
83
86
89
78
88
76
82
69
77
73
89
84
88
84
92
82
72
85
78
87
92
71
80
81
82
89
83
86
81
84
93
93
96
80
101
85
78
73
93
82
74
67
83
89
87
78
85
84
91
83
84
84
92
84
87
85
5812
5797
5815
5796
5814
5806
5805
5823
5808
80
90
5823
98
91
98
101
103
98
90
97
61
78
46
46
61
89
71
60
80
87
62
65
60
75
77
87
85
77
74
82
83
89
89
86
101
91
79
82
2176
2174
2180
2206
2190
2201
2192
2209
127
2203
97
135
104
95
112
110
119
103
108
111
112
109
116
125
136
105
107
113
121
109
108
114
114
103
106
101
110
101
108
105
103
105
104
98
105
98
103
91
101
92
85
109
97
101
106
97
86
109
104
90
109
93
96
112
106
98
101
98
107
94
107
101
106
99
97
109
90
109
95
97
90
19
71
59
79
52
33
21
49
14
32
44
40
41
64
71
82
81
95
95
100
111
90
113
98
118
102
111
109
89
97
32
117
65
80
56
111
39
61
67
19
53
40
4
22
33
29
38
37
61
72
80
88
96
71
60
65
44
93
34
32
64
52
6
6
20
7
29
31
33
21
9
17
12
15
11
15
14
4
5
32
27
37
40
27
47
18
25
34
45
4
8
16
19
11
13
23
18
22
30
18
27
4
12
15
22
32
25
49
36
46
48
55
65
58
61
82
70
66
136
140
134
117
136
126
126
118
87
87
82
102
99
94
88
94
95
113
111
119
101
110
103
109
96
96
106
95
106
102
100
104
93
93
109
98
101
87
95
101
90
99
109
83
86
93
107
71
93
88
100
90
77
86
104
110
101
82
115
102
106
87
90
89
77
65
96
89
91
103
86
90
96
100
90
91
91
85
101
92
103
94
112
95
107
98
101
116
101
119
113
105
91
101
115
108
96
107
96
111
78
104
96
90
103
97
109
96
97
94
111
107
109
103
123
113
96
106
95
109
104
105
106
104
95
81
82
98
104
80
52
45
74
53
90
59
70
22
4
17
37
32
48
48
49
52
52
75
75
71
99
57
83
79
58
50
90
77
39
38
22
7
3
6
28
21
29
41
50
58
65
51
64
51
59
49
65
89
97
90
34
58
78
32
82
22
22
3
14
12
6
7
23
38
52
43
71
69
78
78
77
79
101
94
100
96
63
56
14
46
71
105
18
33
86
15
13
27
28
25
41
39
39
32
45
55
65
71
79
67
58
44
59
74
81
79
80
89
80
78
80
98
97
113
100
111
105
107
90
100
111
96
103
96
108
97
115
101
100
98
108
102
110
103
108
101
109
108
110
108
109
102
107
83
98
104
90
107
92
107
58
50
31
43
77
25
93
88
56
62
51
37
44
54
51
68
68
85
80
96
89
99
89
87
93
87
93
99
87
99
94
98
85
101
94
97
97
87
98
95
104
104
95
81
95
100
81
97
85
86
92
83
84
97
94
90
90
102
90
101
99
112
94
105
106
93
105
101
107
105
96
83
94
108
97
102
112
95
109
95
99
94
109
101
110
90
107
93
78
100
75
89
99
95
81
92
93
83
75
91
108
110
123
101
108
102
118
110
106
99
104
95
104
74
59
88
67
33
103
57
45
52
