59
62
158
149
125
136
114
148
123
140
140
60
132
84
91
82
99
66
98
98
96
81
73
80
72
153
51
123
120
134
125
131
73
110
92
99
95
93
87
101
89
82
92
102
104
103
55
83
66
27
115
99
16
74
14
7
113
52
7
27
27
42
43
35
21
33
4
41
30
51
11
2
10
20
30
30
59
54
68
63
65
45
50
55
97
86
97
101
58
44
68
107
5
14
8
14
23
104
78
14
4
13
14
4
5
23
46
36
64
60
22
10
21
93
92
119
117
123
113
111
87
105
99
111
88
115
96
99
107
96
70
55
83
67
95
78
73
82
80
96
85
70
71
87
86
99
74
93
104
90
94
107
95
105
108
99
107
99
95
88
88
77
102
115
114
111
117
120
117
127
127
113
104
110
99
113
93
109
107
94
171
168
148
145
144
155
164
167
124
85
100
96
108
91
89
109
94
102
106
95
99
107
110
90
102
107
53
53
42
72
62
29
77
93
6
18
7
5
10
25
22
4
5
3
8
8
29
28
7
31
17
8
16
6
41
42
55
45
70
67
64
51
74
65
61
79
76
31
63
9
25
36
51
47
38
63
58
62
80
81
83
100
95
81
96
101
109
102
105
108
106
85
99
105
105
100
91
91
86
89
72
67
81
68
84
77
85
83
96
83
89
94
82
78
79
81
92
80
77
94
90
93
86
85
92
61
79
79
66
76
76
83
68
80
93
92
99
74
72
88
76
89
76
83
89
83
88
81
79
88
88
93
89
80
66
83
80
89
91
81
91
89
95
99
91
79
93
73
95
88
91
98
82
102
85
96
95
78
89
92
80
77
80
92
87
87
93
86
90
72
64
43
48
27
16
48
38
80
13
25
43
13
30
21
42
39
27
37
19
39
7255
74
72
68
62
26
69
29
6
12
6
19
5
28
19
29
46
4
16
32
36
50
51
61
62
66
70
67
88
98
95
93
95
100
97
61
65
67
84
94
97
95
113
107
86
95
80
98
105
97
83
68
101
87
91
89
88
79
86
92
102
94
96
106
105
123
111
120
102
117
87
99
107
94
107
95
105
104
105
106
98
110
102
113
96
113
97
105
101
106
94
105
99
108
102
107
95
105
94
108
96
104
91
100
92
103
94
105
96
112
107
101
102
77
88
102
112
100
115
102
114
111
122
98
111
111
124
127
110
121
107
118
105
121
116
115
109
120
120
110
118
110
113
91
104
112
50
50
60
68
82
89
62
32
103
17
19
55
29
54
29
56
55
58
29
56
40
29
12
10
26
27
43
48
45
55
50
38
74
76
93
90
101
110
102
75
33
58
60
58
80
54
77
20
5
4
24
19
25
43
55
54
62
64
80
73
91
91
104
108
100
62
70
38
36
79
24
51
79
87
14
32
33
51
51
48
64
81
83
40
43
85
18
73
67
62
28
80
9
10
22
10
22
20
24
4
15
18
15
6
11
12
10
12
27
12
31
35
49
59
65
68
48
52
31
42
62
28
66
37
18
29
4
6
8
9
8
28
21
31
48
46
48
41
47
29
22
9
34
45
43
32
16
11
15
17
12
38
73
65
62
56
69
68
84
95
95
108
114
101
110
88
102
111
103
97
108
86
68
79
84
85
91
84
79
72
95
68
81
86
73
83
98
94
56
55
87
42
49
31
71
86
96
4
17
11
9
21
25
27
16
20
61
13
17
13
11
14
21
27
8
18
33
35
33
60
67
68
65
88
86
91
102
100
122
120
129
106
124
125
106
112
101
120
109
113
108
92
100
35
31
47
107
73
94
60
77
13
96
9
6
31
43
33
50
72
69
69
85
78
93
92
106
111
110
122
135
126
102
125
13
39
93
94
77
35
50
110
4
9
6
13
12
7
11
10
9
15
19
28
38
47
47
59
52
72
87
85
101
107
29
69
106
109
71
91
50
114
28
76
28
27
17
89
30
20
21
36
6
7
4
4
24
46
40
60
65
62
75
64
67
91
92
103
94
63
51
70
87
95
80
84
89
81
78
86
71
69
75
59
27
67
84
28
81
43
56
64
58
4
6
4
13
5
21
17
19
18
24
16
16
4
47
46
45
50
69
70
74
93
92
113
105
106
115
107
111
127
103
103
112
113
108
80
26
32
57
31
105
102
50
31
99
3
4
4
20
16
12
4
37
31
38
44
36
25
52
32
26
11
25
23
25
48
21
14
10
43
30
57
46
11
23
21
39
39
61
63
75
51
28
55
35
73
53
18
35
72
3
12
5
11
3
3
9
7
19
20
8
23
