37
65
36
75
67
38
39
107
73
22
87
71
68
50
51
114
117
116
148
139
65
50
82
152
106
41
58
154
35
112
30
148
109
54
104
101
67
85
81
81
91
94
89
89
93
99
88
95
88
89
92
88
104
91
82
99
87
99
87
104
97
84
93
73
107
65
96
101
96
100
101
109
84
100
99
99
115
113
108
106
115
69
73
87
91
80
95
95
84
94
89
85
110
99
89
83
81
73
89
100
87
101
95
88
99
95
117
109
90
101
86
98
104
90
89
97
91
99
92
95
81
44
45
63
18
53
91
71
28
3
38
56
42
58
57
71
69
83
81
101
97
105
92
103
91
105
100
111
109
108
96
100
106
88
99
107
92
87
99
99
95
91
100
90
93
104
100
118
107
111
107
114
107
105
92
79
119
81
102
94
88
96
103
85
93
83
92
97
89
89
79
98
91
97
79
84
90
82
89
87
88
73
89
69
85
83
73
87
83
64
98
87
98
105
97
102
100
85
112
87
100
87
102
91
104
92
89
98
90
90
105
93
107
99
97
87
103
103
101
91
105
94
89
92
93
100
108
91
97
109
106
98
109
96
113
111
90
102
93
100
102
95
89
77
80
92
89
89
81
100
98
96
91
93
101
75
97
89
76
70
76
86
84
79
82
89
83
77
82
91
83
83
90
77
85
97
84
70
86
76
91
84
90
85
75
85
92
77
93
94
82
74
93
84
77
84
84
68
73
57
87
63
74
75
87
80
85
87
86
85
94
98
76
68
80
71
81
88
63
88
79
75
86
85
90
92
70
87
80
75
91
90
87
87
89
73
71
81
86
73
72
91
89
94
85
95
94
99
81
92
88
88
95
76
69
85
79
85
83
78
76
83
76
70
71
86
80
89
87
71
98
90
101
88
100
87
91
90
66
58
90
88
71
95
78
76
81
76
50
88
71
70
51
68
70
42
57
68
5773
5762
5751
5765
75
74
90
91
107
106
117
95
105
96
103
101
93
103
105
102
106
104
95
107
96
108
106
98
106
101
96
106
2396
2395
2404
2415
2420
2410
2425
2414
2427
2429
141
124
97
104
117
112
105
101
89
76
81
80
74
79
79
77
78
102
102
110
104
118
117
125
123
114
108
103
98
107
98
111
103
98
109
105
111
107
109
110
97
101
109
108
103
109
108
101
110
96
109
88
98
88
89
105
97
90
92
107
105
89
104
95
109
102
79
93
90
101
83
101
81
87
89
71
90
82
91
88
93
90
102
93
105
95
106
94
108
101
108
99
113
104
114
106
113
98
96
109
111
102
108
102
90
103
88
100
104
98
98
78
87
92
94
86
95
105
87
97
96
106
87
105
106
116
109
94
112
104
105
116
114
107
107
91
108
103
99
111
100
116
105
107
107
117
115
121
123
118
111
103
109
110
103
118
111
111
108
89
95
107
100
107
102
88
103
93
97
91
107
98
108
98
101
89
108
104
98
103
95
108
95
110
99
104
100
108
99
110
107
109
100
109
102
96
107
100
108
89
101
89
107
94
107
92
106
92
103
106
97
76
98
81
87
96
101
95
84
86
101
101
86
96
106
102
95
102
104
119
109
84
96
103
103
92
94
99
88
97
97
90
101
92
101
103
93
101
105
97
106
92
87
100
97
88
90
82
98
85
98
88
103
94
106
99
91
115
101
111
100
89
109
97
105
92
85
102
91
57
77
19
54
36
95
19
48
58
86
4
3
21
42
31
35
54
45
45
43
43
45
26
38
33
43
5
11
16
24
12
21
17
45
56
56
59
65
58
54
80
77
88
87
83
74
97
98
106
105
90
104
89
106
82
93
94
101
92
93
99
82
103
90
87
91
102
89
100
98
74
83
86
101
89
98
91
93
91
104
89
87
105
103
104
112
107
118
118
105
83
78
73
71
67
48
125
109
46
44
61
54
77
75
94
96
111
111
121
112
115
113
115
107
108
99
111
102
108
97
112
94
104
98
104
102
91
103
112
99
117
104
123
111
125
113
121
117
113
107
103
108
106
96
107
96
108
95
103
96
106
97
107
95
111
103
105
96
106
111
107
95
94
108
108
107
102
99
88
111
78
103
85
77
93
70
63
100
84
102
103
103
113
123
124
136
84
103
123
96
106
101
114
102
107
100
113
105
108
90
100
94
114
111
96
103
95
67
89
74
93
85
94
92
80
101
99
104
84
107
107
109
111
76
109
116
88
99
68
104
94
105
108
117
103
106
94
108
108
117
105
119
116
116
109
103
116
97
117
106
116
105
116
104
109
88
46
83
65
47
45
