50
53
35
48
34
65
64
34
119
121
166
164
152
177
175
195
186
198
206
110
116
119
109
118
115
113
116
116
106
112
110
89
112
104
112
98
110
98
116
102
122
107
112
104
116
108
112
118
116
114
110
102
101
104
98
106
103
93
102
92
104
99
110
108
96
104
94
82
76
102
96
93
95
89
95
98
74
92
72
79
92
87
89
76
79
71
77
82
76
83
95
95
86
94
108
106
96
106
89
105
96
105
88
96
98
106
114
99
107
93
98
93
99
98
106
96
100
96
92
98
98
112
73
85
80
92
71
97
86
92
100
100
103
106
117
104
99
113
106
104
102
92
105
95
88
99
106
90
89
99
98
94
104
98
107
92
77
110
96
94
106
85
84
76
93
95
75
92
96
85
96
88
99
76
99
83
95
89
99
88
106
93
94
69
89
103
98
108
95
98
91
103
101
113
104
101
90
100
93
70
102
94
89
90
103
92
98
94
92
97
96
95
85
97
91
90
103
95
102
98
111
103
110
98
109
97
88
107
93
103
100
78
87
92
81
99
96
93
103
95
103
103
103
107
111
92
80
101
90
91
74
81
88
87
71
88
83
79
80
76
91
85
92
95
87
89
103
88
79
97
100
73
85
82
72
62
68
87
65
79
86
85
79
86
92
94
78
101
88
70
81
92
83
72
76
76
87
69
72
65
68
72
86
80
81
85
88
95
92
85
101
81
86
91
92
94
76
95
82
88
82
81
89
97
82
97
85
73
79
93
87
80
73
76
83
81
76
67
89
71
76
82
82
80
78
86
70
76
58
90
81
81
86
85
87
71
80
76
71
91
96
93
99
89
96
98
79
102
80
101
80
82
78
86
77
86
82
84
84
88
98
7777
7788
7780
7769
7751
7760
7785
7795
7782
7818
127
117
89
107
110
127
128
97
129
138
110
103
98
84
93
84
82
85
114
105
94
86
111
106
117
126
133
126
124
108
117
119
119
104
115
104
114
106
109
106
107
105
100
107
87
106
99
104
89
93
97
74
88
64
91
74
95
90
90
90
100
107
104
103
108
116
94
106
112
109
98
98
108
91
91
88
94
105
71
102
89
99
90
94
99
90
111
95
98
113
75
98
89
86
106
103
101
94
107
83
90
99
100
100
111
101
89
87
87
82
92
85
100
101
110
109
114
100
106
114
112
91
97
116
99
116
104
120
107
130
114
116
116
129
127
131
127
129
120
127
125
125
119
123
120
121
113
119
117
109
112
88
106
108
117
100
99
106
117
101
114
104
108
120
100
111
112
102
109
106
109
111
113
103
112
106
112
105
112
104
109
101
105
102
103
107
106
103
103
105
106
103
104
96
100
92
101
97
102
99
102
94
106
103
107
104
106
104
106
103
107
104
106
104
105
102
107
105
107
105
102
99
104
102
104
102
107
103
110
108
110
107
107
105
107
100
102
95
100
98
104
102
104
102
104
102
105
103
102
100
103
100
105
102
105
108
112
109
114
112
115
112
112
114
107
109
100
102
98
100
94
96
91
98
84
100
94
102
95
102
95
93
105
108
92
97
87
98
90
104
87
102
85
104
89
110
96
115
97
109
99
97
114
96
88
112
105
92
111
96
114
99
101
116
102
102
112
104
106
99
91
84
99
90
84
91
84
94
84
97
89
100
91
99
89
99
93
94
99
97
92
98
91
98
92
102
97
103
105
109
100
114
107
114
101
105
118
119
108
119
121
130
122
97
115
112
118
124
125
118
101
123
99
90
102
106
99
79
71
66
55
83
94
105
99
103
100
121
121
114
140
116
104
104
127
114
102
116
98
95
115
102
99
75
82
99
86
84
91
88
89
88
84
89
89
69
84
80
95
64
75
84
48
77
49
66
75
75
80
91
80
95
91
93
88
69
89
82
106
96
106
103
85
99
105
91
109
107
96
83
90
106
121
107
115
96
113
110
115
87
96
106
115
119
103
105
121
93
114
100
110
87
109
95
106
85
96
87
94
100
111
105
108
105
94
105
103
94
112
101
94
99
81
91
92
99
81
89
96
91
92
93
98
94
94
86
97
95
91
72
110
89
85
85
81
49
60
72
78
62
73
72
60
71
64
82
82
105
99
106
115
127
114
124
136
117
117
131
116
129
129
116
120
120
121
112
117
108
105
116
95
110
110
99
109
102
107
101
104
94
102
96
91
102
100
90
99
85
94
101
96
107
94
93
107
94
100
95
91
89
90
98
104
95
111
94
103
96
94
109
106
98
106
99
109
104
113
110
119
109
122
80
102
64
49
122
95
62
74
