30
25
28
203
215
26
218
280
226
273
271
226
186
145
217
144
272
121
175
175
315
319
330
144
174
435
406
480
471
314
314
496
523
309
411
331
340
263
281
305
210
306
309
360
381
390
386
363
402
534
534
544
536
573
504
529
521
533
501
518
431
515
406
432
364
458
408
482
425
510
477
547
377
482
454
478
431
454
448
414
433
481
453
487
546
507
533
590
590
258
382
557
446
410
491
185
113
162
33
33
15
97
67
57
101
95
88
82
143
95
112
116
145
114
128
120
108
109
15
186
180
225
229
285
268
277
368
361
354
429
338
376
458
399
415
417
485
455
552
487
502
503
565
553
563
500
520
561
522
555
494
436
347
539
374
497
441
446
493
572
510
492
561
520
622
583
618
572
524
498
494
535
497
533
365
447
466
404
315
344
261
276
227
267
225
228
229
270
241
238
268
265
237
215
196
236
249
201
187
234
250
234
257
261
236
255
246
184
273
184
257
244
238
264
256
234
236
218
224
216
197
185
228
183
156
199
197
180
163
165
194
197
181
195
183
201
181
194
196
174
203
196
170
191
168
154
190
143
175
144
163
150
103
170
138
122
152
174
162
162
149
188
176
143
152
180
178
199
191
209
190
223
186
212
208
210
186
194
205
177
203
164
188
175
192
179
201
184
195
185
215
199
209
183
165
202
189
189
177
177
187
195
182
195
186
151
192
196
183
198
207
186
178
167
159
210
184
213
202
184
197
200
197
177
158
150
167
134
154
162
159
184
173
174
180
164
184
164
190
173
177
190
155
188
173
179
168
753
776
767
746
772
738
736
768
736
724
216
189
236
205
226
239
159
96
260
130
239
215
63
113
247
68
16
24
14
36
53
53
111
124
133
123
126
145
148
178
180
198
184
211
195
194
202
218
208
202
215
190
218
216
201
215
206
191
213
217
204
189
213
203
216
223
212
227
209
225
220
231
200
221
192
216
189
216
190
197
218
229
205
228
204
232
205
229
203
234
214
225
200
209
225
222
197
202
219
190
212
216
202
217
198
219
196
225
209
218
200
217
206
212
208
211
196
205
200
210
197
211
186
213
199
257
245
262
240
263
240
263
249
263
196
218
194
217
194
216
202
207
193
181
203
180
205
207
202
212
203
218
196
217
198
215
196
211
194
184
205
204
182
183
207
204
190
183
204
206
191
186
208
206
209
191
213
210
196
190
214
214
209
212
202
215
224
205
223
211
232
212
232
220
244
217
232
216
225
221
170
164
217
201
154
187
192
204
173
205
192
224
223
246
241
235
203
215
199
190
208
193
209
195
212
205
185
186
158
207
175
176
153
202
204
188
186
205
205
191
225
201
218
205
233
226
236
227
200
236
208
219
206
233
203
229
203
210
234
228
209
233
218
236
219
229
216
217
231
198
226
217
193
202
197
202
199
198
178
194
190
202
190
210
155
197
192
178
200
180
194
167
189
185
181
188
180
163
184
171
175
189
177
158
163
168
169
151
164
184
179
163
195
174
186
190
162
143
191
163
186
173
164
170
175
180
191
179
155
173
194
175
156
36
123
156
78
41
109
92
63
6
27
44
51
64
60
87
87
120
119
136
139
160
161
176
176
200
183
195
182
178
192
183
143
168
123
162
141
149
158
165
162
167
144
163
162
185
166
189
172
182
163
177
166
179
167
179
165
157
175
174
146
160
181
161
157
178
153
164
162
175
171
183
182
163
184
168
192
172
154
182
164
180
164
176
164
185
161
175
177
176
165
174
155
175
163
171
162
175
161
177
167
176
167
162
179
182
170
169
180
156
163
133
112
145
129
116
145
126
153
151
154
168
165
176
173
174
177
168
200
180
147
177
164
149
157
138
155
140
160
149
161
149
169
153
142
69
61
109
143
31
129
155
78
89
10
5
5
28
35
34
52
74
77
89
87
75
124
124
150
151
170
150
160
147
129
128
144
141
133
141
130
145
136
150
156
160
160
158
172
182
163
185
162
179
166
182
184
182
179
213
202
208
204
212
201
212
199
212
176
182
171
185
179
162
182
181
171
162
163
160
180
162
176
167
156
176
165
145
175
162
160
129
131
145
149
159
152
165
156
164
157
172
178
171
170
148
155
146
158
149
156
148
170
158
133
168
163
121
139
147
126
125
149
112
91
94
90
127
117
124
136
137
107
118
128
143
141
159
139
162
143
162
159
132
143
136
160
160
146
151
119
140
103
151
148
138
131
148
133
152
140
137
137
157
134
150
161
146
155
126
144
161
108
43
53
132
54
140
83
52
121
