28
22
194
199
199
225
207
244
13
256
335
241
265
218
210
131
167
159
253
332
163
234
213
196
117
164
114
106
129
116
209
263
234
188
88
181
119
116
133
115
178
176
169
200
159
158
142
145
147
174
136
156
179
166
161
117
91
90
74
81
192
136
173
194
189
189
181
74
90
6
5
7
8
25
36
46
33
74
76
120
144
128
156
150
185
166
179
195
213
206
198
216
191
208
212
188
187
162
181
168
191
149
129
166
155
181
153
181
187
183
177
208
189
216
202
205
191
194
190
201
186
194
188
194
189
177
154
185
177
156
189
160
176
156
183
162
180
172
195
182
176
190
198
194
240
230
248
235
255
251
261
246
231
260
194
214
171
189
197
181
184
179
196
172
195
177
191
180
204
201
216
203
173
212
198
207
181
180
203
195
171
172
191
200
158
149
175
168
184
168
194
172
189
137
202
181
121
33
108
52
28
158
51
164
185
115
6
4
6
9
17
10
41
40
56
39
44
54
15
21
50
6
6
17
13
51
42
55
76
77
82
94
93
117
110
105
156
159
141
180
144
186
159
157
185
168
179
196
175
175
174
177
196
197
178
176
193
150
184
175
167
137
156
174
163
157
172
172
154
114
165
128
125
180
159
165
162
164
152
102
154
104
140
141
124
168
145
152
153
158
129
146
157
169
144
141
167
164
147
168
156
175
162
147
167
136
149
167
165
145
132
144
145
123
149
154
138
137
156
134
162
159
113
171
144
141
151
152
147
158
130
157
146
170
169
172
151
146
166
164
151
142
161
131
150
140
148
139
149
141
164
146
186
170
188
170
161
186
193
180
192
150
164
152
135
160
120
148
118
133
163
159
152
172
157
137
156
136
156
148
168
174
171
169
172
183
159
186
173
139
183
184
173
147
165
144
167
165
154
1695
1674
1693
1692
1685
1701
1706
1694
1706
168
1707
177
178
195
145
164
167
159
139
162
128
144
152
167
162
154
179
156
171
179
180
147
167
170
147
153
167
150
172
135
155
154
169
2644
2630
2615
2635
2596
2602
2584
2607
2592
115
2602
94
126
120
120
107
101
100
194
175
185
178
193
177
184
190
192
198
102
115
99
105
98
93
102
99
90
76
96
88
94
84
96
85
85
79
77
77
91
92
86
92
88
100
93
111
110
115
114
106
100
105
104
98
106
94
86
101
96
89
94
89
98
92
97
103
100
97
108
95
107
109
95
81
106
91
88
99
102
90
94
106
106
95
98
91
95
104
100
98
93
100
96
83
103
95
109
104
95
106
95
104
96
99
95
106
104
108
103
116
110
124
119
108
94
115
128
113
128
120
120
102
101
108
111
97
100
106
106
103
99
97
109
100
110
105
90
107
105
112
105
82
97
91
96
94
91
104
97
94
89
97
84
98
99
103
87
90
83
99
109
84
98
107
109
93
103
101
90
111
88
96
86
85
94
82
81
92
96
86
93
100
103
99
107
96
107
98
107
93
91
80
82
101
63
86
93
94
82
81
61
84
73
67
82
96
77
87
90
106
99
111
104
107
102
97
92
99
91
88
98
105
92
91
101
107
94
93
103
107
77
92
108
95
104
86
88
100
87
82
95
98
91
93
71
53
88
61
76
99
93
97
84
99
106
113
82
82
88
88
96
105
103
96
100
106
114
105
120
120
98
107
102
100
103
92
101
98
101
90
97
87
79
96
84
89
102
98
88
91
87
80
57
98
96
43
52
72
83
79
86
79
76
70
71
70
82
89
79
90
94
88
62
64
95
85
47
33
24
50
70
93
4
15
12
18
3
16
5
16
14
22
20
44
51
62
55
66
62
61
58
64
61
103
101
97
107
95
87
116
97
100
114
107
118
104
105
84
118
108
104
103
110
98
109
89
108
96
90
98
101
105
108
91
93
97
103
118
111
99
110
121
117
115
125
119
121
119
119
122
112
122
112
129
112
116
98
119
116
101
92
111
100
97
110
107
97
99
111
103
110
90
107
101
99
113
98
107
113
105
107
111
103
101
107
101
116
100
113
91
106
106
107
100
113
113
101
105
104
84
85
85
104
100
94
89
113
99
95
114
105
95
102
100
106
111
92
107
92
101
95
91
100
99
91
98
79
86
90
103
90
86
103
92
106
92
95
96
94
98
85
98
69
82
94
76
84
106
93
88
112
103
101
117
79
100
113
103
113
104
108
106
111
107
87
98
100
97
99
100
95
99
100
100
102
108
113
98
121
109
109
114
108
108
110
92
113
96
91
90
87
91
75
80
59
72
89
89
101
36
46
76
37
23
32
89
37
70
