76
37
31
29
31
53
150
77
147
172
213
202
213
107
121
193
201
103
119
121
108
142
132
145
140
122
104
200
146
132
137
144
108
152
130
146
187
130
116
106
114
122
196
200
189
177
219
144
113
114
130
120
124
96
144
126
125
170
117
134
154
155
147
150
130
145
152
112
133
149
131
114
143
132
140
149
158
152
145
131
118
140
137
131
126
146
123
125
125
130
142
116
142
138
168
143
144
139
156
177
168
160
126
164
122
129
143
122
130
128
112
135
127
135
124
140
126
129
118
111
115
132
130
129
125
122
132
119
131
122
122
112
111
117
114
125
108
120
90
94
119
112
119
109
124
111
110
123
109
95
123
122
115
122
102
109
127
127
110
105
105
118
114
118
130
170
172
176
165
186
179
192
182
191
131
141
127
148
101
138
119
128
110
123
43
91
68
106
79
108
112
104
113
100
99
75
91
105
102
120
106
117
127
114
126
125
117
133
114
129
123
139
117
136
119
130
122
143
122
123
120
111
95
123
132
130
132
136
127
135
111
127
127
137
129
124
108
110
131
124
119
105
126
130
120
137
129
125
111
111
109
110
117
96
123
97
117
110
47
29
86
77
74
94
4
5
3
15
20
52
45
68
66
78
84
82
99
105
97
103
118
109
118
121
119
128
123
115
115
126
124
115
127
116
122
120
126
130
111
114
99
109
123
111
125
116
130
119
100
110
118
114
117
108
102
116
120
103
82
110
103
106
99
107
115
107
114
122
104
96
121
113
111
114
93
105
112
106
121
112
117
117
124
119
129
112
123
108
114
121
92
106
121
115
100
115
98
104
81
92
102
92
103
96
103
103
112
110
115
112
120
111
121
108
117
120
111
91
114
114
81
97
105
92
105
102
113
120
110
100
96
114
107
121
109
107
122
104
92
6842
6876
6886
6888
6905
6897
6903
6904
6950
6956
213
144
151
163
165
175
119
166
144
130
133
125
127
123
99
132
118
110
105
97
102
89
99
101
113
106
107
104
87
98
104
102
103
121
96
104
99
88
101
95
99
108
101
95
106
95
97
78
93
79
89
95
92
84
82
72
87
88
87
84
95
99
102
100
99
105
108
94
95
100
103
97
103
90
93
101
80
99
85
88
103
98
85
99
85
98
92
105
99
102
109
107
103
108
95
104
96
94
84
87
94
76
83
94
88
83
92
88
96
91
99
103
88
106
100
102
110
112
106
110
110
105
116
117
109
115
113
112
105
111
106
104
103
100
114
93
117
111
115
103
109
128
118
123
106
115
107
120
114
123
103
110
98
115
102
97
111
95
95
92
106
102
95
108
92
96
92
100
101
126
119
108
101
118
122
118
122
115
116
101
99
107
96
107
94
102
96
83
98
94
91
95
92
107
81
86
94
78
93
88
93
92
72
82
94
79
101
94
104
95
105
99
97
104
102
110
107
96
75
92
105
88
93
102
103
94
103
96
91
101
94
107
80
89
102
86
98
92
86
94
86
92
68
69
84
92
85
90
92
74
91
80
97
79
87
91
76
86
100
87
92
76
91
80
90
57
73
58
57
81
49
76
87
64
74
56
67
61
78
78
95
91
91
97
100
95
103
93
85
90
103
94
103
95
100
79
92
94
87
105
89
101
96
96
77
90
103
92
99
92
108
93
110
101
109
95
87
110
101
101
107
111
100
105
87
20
48
67
79
95
60
39
29
15
33
42
27
35
39
29
44
16
24
27
23
22
80
79
84
96
39
95
36
73
60
74
72
83
89
84
95
92
100
108
109
112
103
95
106
92
104
109
97
106
105
98
103
98
101
100
107
97
105
107
113
100
111
108
109
104
104
107
99
105
114
117
112
117
104
122
111
128
114
108
117
99
98
114
105
105
112
121
108
120
100
112
127
98
106
118
93
103
85
102
88
96
85
97
94
103
97
76
83
87
99
95
78
97
85
97
83
84
82
93
94
93
94
93
103
96
89
75
96
93
104
97
93
111
99
93
92
96
100
96
85
111
105
111
115
106
95
107
94
122
114
107
109
88
100
82
110
98
93
101
103
73
97
91
80
89
109
101
92
106
110
98
88
86
51
27
94
59
71
77
103
20
41
5
4
4
22
5
4
26
21
48
40
34
32
46
23
47
28
47
35
19
20
40
39
22
47
21
26
39
43
50
4
2
3
4
15
3
5
5
26
26
32
17
32
28
12
6
34
10
7
29
36
28
33
38
53
48
30
22
10
51
39
7
5
6
19
27
34
37
51
46
34
22
41
45
53
15
42
33
6
8
15
12
10
4
3
