45
23
25
27
126
24
170
173
160
139
137
153
161
154
122
143
136
117
135
142
112
127
126
111
105
110
117
120
127
80
110
127
136
90
113
113
105
117
105
103
88
101
109
73
118
107
129
131
130
136
146
144
133
114
149
95
102
95
85
101
86
98
99
88
83
132
110
94
166
175
157
187
160
172
168
185
91
127
134
117
100
110
100
98
110
102
110
94
93
81
115
87
68
102
84
101
102
102
104
117
107
114
86
106
97
91
96
91
92
99
102
91
86
97
91
98
100
87
98
94
90
81
98
97
82
95
87
101
90
98
105
101
91
97
92
101
89
83
104
91
98
97
88
98
92
99
82
78
95
93
93
103
103
98
102
107
108
102
109
102
113
98
102
95
103
93
100
89
101
91
103
107
96
94
100
102
93
97
100
101
96
83
108
94
104
97
93
102
93
101
99
99
99
81
94
82
87
97
84
97
87
106
91
91
103
96
94
85
87
99
98
86
96
75
88
92
101
107
94
103
98
101
97
101
99
112
102
108
100
97
106
109
102
108
101
102
108
94
98
92
99
84
88
80
89
90
133
129
134
131
132
125
123
115
110
87
94
100
78
96
90
77
84
94
84
91
96
69
87
97
98
96
107
108
93
109
82
91
65
74
53
71
91
89
85
87
101
85
98
79
94
95
86
90
97
90
83
77
89
95
96
87
98
87
95
85
97
68
88
92
85
84
95
88
71
81
79
90
85
80
70
81
88
81
88
90
81
92
80
88
80
91
84
95
85
94
89
89
97
97
91
95
92
94
89
78
97
89
87
88
83
77
86
66
81
75
89
82
79
83
84
92
80
80
88
87
86
76
71
76
84
65
77
84
70
85
75
77
65
86
80
84
76
79
63
79
74
63
75
68
68
67
59
83
76
79
92
82
81
86
94
96
95
85
95
84
93
80
88
81
94
86
88
82
87
77
81
82
86
92
83
85
83
85
82
90
79
8597
8594
8601
8593
8604
8593
8651
98
96
8670
78
73
33
8654
80
78
149
3
3
24
9
24
25
24
6
44
15
28
4
5
5
4
19
9
19
19
24
49
46
46
63
56
73
73
92
92
0
95
93
89
101
90
102
92
99
94
103
85
93
99
106
106
93
94
106
105
91
109
99
98
97
110
103
112
103
112
105
113
105
102
114
114
101
114
111
113
111
112
110
106
115
92
105
113
111
98
119
102
120
103
105
112
120
121
122
114
120
113
118
116
119
107
119
111
119
106
120
109
116
125
121
123
125
116
123
118
108
129
126
116
117
126
116
127
81
80
115
103
113
100
100
102
112
103
111
108
106
104
120
99
48
113
32
34
98
92
66
63
35
5
3
8
6
22
5
3
20
28
25
40
46
44
28
32
18
16
30
7
22
14
9
19
6
8
3
6
19
14
12
11
44
15
8
8
10
34
55
37
54
59
52
66
74
83
84
57
21
91
46
38
80
65
36
85
4
4
3
17
22
18
29
30
35
12
19
14
29
8
10
18
22
33
32
7
53
48
29
16
4
13
3
11
3
4
19
19
21
28
30
21
19
33
5
14
15
13
29
28
21
18
32
63
55
58
49
56
66
66
63
89
89
91
81
95
87
93
94
94
82
88
96
81
88
94
93
87
100
88
84
85
95
75
89
78
77
74
98
87
95
87
96
91
105
97
95
87
84
100
80
93
75
86
82
70
75
92
87
89
96
83
99
99
91
85
94
95
89
108
86
99
82
94
99
98
80
91
99
92
91
72
103
85
89
102
82
88
105
102
90
86
85
105
100
116
102
115
107
100
113
109
88
102
108
95
110
95
103
81
89
97
104
98
100
88
96
85
93
93
88
79
93
101
107
116
101
110
111
118
102
117
109
119
109
115
109
94
99
94
90
91
89
74
83
75
111
90
55
65
78
109
88
86
15
14
15
15
22
48
48
66
58
55
70
75
80
81
89
74
82
36
22
42
39
68
41
5
21
20
33
32
51
62
71
64
79
89
78
93
91
119
81
115
129
89
46
31
102
115
24
115
86
7
6
2
4
13
10
12
30
27
33
41
36
40
54
35
54
38
68
72
89
90
56
59
61
56
58
72
65
63
107
105
99
61
34
51
42
51
41
80
26
98
50
6
22
37
27
37
25
28
51
58
54
65
60
38
67
71
69
64
83
86
93
96
95
107
100
110
98
91
105
97
106
100
106
113
100
119
106
105
117
113
103
58
64
80
93
45
35
55
62
3
3
6
39
26
20
33
27
23
25
37
82
95
83
90
58
43
87
56
45
56
60
