17
46
204
49
205
236
258
257
276
113
101
83
67
28
30
33
77
258
83
94
236
60
258
97
106
80
63
59
95
73
62
51
58
86
55
62
151
115
72
121
116
127
123
136
74
84
81
80
85
109
114
103
111
87
98
109
113
104
115
101
101
110
108
118
113
103
99
113
100
102
116
110
101
109
102
106
96
102
96
94
101
102
91
101
91
90
84
102
91
67
85
50
33
81
45
17
56
4
3
20
5
5
17
15
38
35
48
43
62
58
64
78
76
83
82
98
85
104
98
108
111
116
104
112
97
112
85
100
92
103
93
92
99
102
91
68
99
89
83
94
100
104
105
94
107
102
115
103
88
112
94
106
97
103
96
94
100
77
98
92
90
75
95
94
84
94
96
77
96
93
93
106
89
100
88
102
93
85
102
100
102
108
104
108
106
108
102
111
105
116
106
102
112
113
106
115
108
109
115
115
105
108
120
122
114
118
106
86
110
109
115
102
102
109
121
106
120
123
106
113
101
113
101
106
103
96
110
95
103
98
102
97
84
106
108
115
109
98
97
110
93
94
106
106
91
98
89
101
88
95
91
94
87
109
95
88
100
89
95
95
106
94
107
100
108
102
110
97
89
95
97
90
96
103
104
95
88
92
94
101
104
100
107
85
96
87
100
92
85
87
91
85
95
88
88
88
107
109
110
97
109
90
98
102
109
102
106
88
106
105
92
104
96
92
85
84
88
84
90
94
83
92
81
95
85
90
82
91
76
84
122
109
114
105
117
110
114
106
113
112
97
87
96
95
90
95
91
98
86
90
85
92
89
75
91
80
86
83
88
84
91
88
77
93
93
89
82
70
74
84
73
67
74
84
83
79
81
80
88
70
71
90
82
89
82
92
85
81
92
85
91
85
79
84
73
88
83
79
81
87
77
91
79
89
95
88
102
90
107
103
91
86
80
75
89
90
88
79
86
86
83
74
82
88
93
84
84
90
81
75
86
66
84
81
72
73
84
81
79
74
67
80
70
86
76
88
87
66
72
96
87
84
94
4742
4742
4749
4747
4766
4764
4761
4747
4740
4757
94
89
104
100
103
83
90
106
105
91
103
105
91
93
86
94
94
82
86
81
93
82
91
77
84
98
91
97
94
91
77
96
3135
3135
3126
3124
3143
3137
3146
3154
107
122
114
123
123
108
110
112
83
110
99
94
106
99
84
93
102
103
95
101
100
108
107
111
113
120
103
90
100
106
93
95
108
107
105
107
93
104
104
107
95
104
96
102
91
103
91
102
90
88
101
102
105
103
90
103
91
101
90
105
87
95
109
100
105
98
98
110
109
98
101
107
104
93
100
82
88
100
85
93
82
97
87
92
99
90
90
89
111
95
96
80
86
95
88
60
72
102
97
117
109
131
105
122
98
118
117
109
124
107
92
113
120
119
110
118
104
93
113
102
115
108
120
86
94
97
106
93
93
111
110
65
104
87
32
17
35
67
58
53
5
6
21
17
26
19
38
42
35
49
51
65
57
71
64
65
80
80
80
101
92
100
104
106
97
86
96
95
91
102
89
80
96
80
97
96
97
91
97
79
78
96
93
89
90
87
100
104
103
103
97
102
98
99
94
93
89
97
87
94
97
99
87
101
92
83
94
98
108
93
94
78
87
97
82
104
97
113
100
105
113
101
69
77
92
110
50
54
97
58
76
21
86
21
72
72
88
88
96
80
85
77
118
118
133
130
134
125
117
131
124
109
102
115
101
118
103
118
109
116
109
116
108
114
107
117
114
119
111
117
109
106
114
114
90
105
109
82
94
105
102
102
99
100
81
81
91
95
100
86
94
76
89
97
79
98
89
79
98
93
83
101
99
83
93
83
98
94
75
73
91
83
83
76
102
74
99
82
92
78
104
103
113
84
87
97
94
112
109
108
91
105
100
101
111
122
114
105
116
104
118
107
88
109
105
97
92
104
103
90
104
92
95
104
104
97
90
79
91
98
91
97
91
86
96
95
105
104
101
96
104
105
100
84
86
107
109
67
108
92
97
90
103
89
77
76
92
92
104
91
85
96
100
93
91
100
95
103
105
91
105
106
108
101
87
93
85
83
101
88
81
99
92
107
105
102
120
90
75
96
95
93
90
112
94
90
99
92
105
99
113
100
114
106
117
111
121
114
130
121
100
108
118
111
118
113
104
114
104
98
107
83
99
77
105
102
108
102
107
105
84
107
95
96
107
97
88
99
85
114
100
105
92
99
88
97
110
114
84
123
94
101
101
103
102
74
59
91
72
94
123
97
60
72
57
86
97
