43
40
94
106
108
120
137
150
143
154
120
76
149
101
99
135
146
142
148
147
132
131
113
105
104
97
129
109
88
109
150
118
100
125
127
116
128
110
100
99
121
113
132
115
144
120
128
118
104
128
127
114
116
111
121
85
103
118
123
117
104
98
83
86
64
70
62
112
95
104
104
111
122
130
106
41
32
38
107
32
12
31
29
23
22
13
35
32
20
5
17
7
13
37
51
22
42
13
46
9
18
11
41
49
4
16
28
24
22
43
19
11
37
42
51
60
12
14
62
11
58
8
9
15
31
41
40
20
18
24
52
51
53
71
44
69
77
74
86
82
100
100
106
108
104
105
96
87
114
107
113
99
111
108
72
91
83
99
110
98
113
117
110
120
113
128
112
114
97
108
118
107
120
106
103
118
112
106
109
107
105
113
86
94
106
97
91
109
95
97
104
114
100
115
98
106
100
116
110
82
70
74
92
102
111
113
110
82
104
91
102
82
82
115
116
116
136
127
133
120
129
118
135
122
121
128
128
122
130
105
139
123
140
134
123
124
123
137
132
112
146
122
107
95
101
93
115
113
87
66
66
73
50
99
32
94
25
9
12
6
10
4
15
13
6
4
10
24
21
10
12
14
24
19
8
24
28
23
38
43
50
47
49
59
53
50
75
56
84
78
62
73
72
87
90
76
76
94
90
100
101
80
103
107
79
97
86
91
81
94
95
99
97
98
103
98
97
99
107
104
100
102
101
93
102
100
98
90
98
86
97
94
85
78
88
76
94
84
92
83
91
82
75
91
103
97
92
98
103
91
87
100
94
107
105
80
93
100
89
100
84
93
85
94
80
64
85
66
79
90
80
96
84
97
79
84
83
91
101
96
84
91
68
78
86
79
76
86
92
74
67
78
80
68
86
71
79
79
77
95
88
106
86
4630
4630
4624
4625
4629
4637
4626
4643
4627
98
102
103
96
101
101
92
104
92
96
101
91
92
52
66
38
25
82
50
15
71
98
8
6
2281
29
32
28
29
19
28
2284
2299
15
29
8
22
20
56
143
142
159
158
165
162
169
171
161
184
81
89
97
85
97
88
101
88
99
94
105
97
101
78
90
98
71
92
86
90
83
59
75
85
75
92
91
88
98
102
95
104
112
104
94
82
102
97
98
108
105
101
94
104
90
107
104
119
100
79
81
92
88
90
86
78
95
90
93
87
86
103
85
95
78
97
90
98
95
102
107
96
107
96
104
93
81
103
81
92
99
88
98
80
86
89
93
81
89
86
74
83
66
67
25
85
56
67
45
17
36
31
4
34
47
43
60
62
62
70
94
86
116
114
141
140
170
166
185
165
191
176
188
196
186
179
195
184
158
180
191
199
169
194
166
704
682
659
618
640
616
658
585
676
591
12
310
304
16
39
41
68
5
19
30
22
23
9
19
6
6
32
24
9
20
18
9
23
25
65
63
12
19
69
4
15
8
16
6
33
6
34
9
10
3
3
36
53
52
78
65
76
69
104
95
115
114
134
118
107
124
114
126
110
93
104
136
125
112
124
123
152
130
103
105
99
86
80
56
59
108
120
13
8
28
23
24
19
15
8
6
44
42
62
81
36
23
56
33
47
20
38
31
22
66
25
14
8
12
17
7
7
7
6
19
29
34
20
31
33
30
20
7
7
17
41
34
43
27
17
32
35
6
11
7
5
10
19
18
44
46
22
28
39
25
44
15
15
2
4
18
24
31
35
28
58
58
45
45
82
67
79
81
74
120
102
121
108
75
70
100
100
121
127
123
107
120
119
123
109
102
110
106
99
89
112
106
101
105
99
109
99
106
104
110
90
109
115
103
118
90
104
117
115
111
103
97
111
79
76
76
60
97
69
93
99
84
101
104
96
61
102
83
77
49
38
75
69
66
77
97
47
60
51
51
48
72
73
88
90
70
80
95
106
97
109
104
108
116
107
101
104
120
109
110
122
118
108
107
101
108
118
115
102
114
103
111
100
87
68
104
89
111
98
105
111
98
95
103
89
85
102
102
121
112
121
114
124
112
112
100
110
94
109
103
108
110
105
113
107
122
111
124
110
148
140
154
146
136
149
128
140
136
102
109
109
112
88
102
107
101
103
118
106
72
83
103
55
96
90
100
94
112
98
115
114
118
97
74
66
90
109
97
15
15
93
15
67
77
55
4
5
20
22
28
41
38
24
51
53
62
62
44
46
52
64
53
57
56
47
39
61
63
54
47
61
46
63
73
77
98
68
66
64
78
68
84
84
102
102
105
117
112
99
89
112
102
110
96
81
105
95
103
110
108
110
111
107
112
115
107
90
110
107
111
111
99
106
111
102
99
99
102
109
101
110
115
103
107
96
110
120
121
113
118
112
107
116
112
105
110
114
109
116
108
93
110
107
100
105
100
94
99
66
71
87
81
105
93
63
90
76
82
83
74
66
64
88
87
104
110
103
114
102
104
111
119
114
103
107
117
122
111
121
107
116
105
101
107
104
110
104
104
99
110
99
105
99
111
103
102
100
109
110
104
113
107
107
113
113
106
107
101
101
95
92
103
105
96
96
105
113
102
113
100
103
112
112
102
107
112
107
101
104
110
110
90
101
94
99
101
80
91
96
95
73
86
96
91
6748
6727
6731
6738
6754
6793
6797
6791
6896
6895
206
206
243
313
288
276
263
170
265
178
208
194
220
148
151
159
286
270
299
275
264
270
248
274
254
135
149
98
131
122
121
116
99
92
105
97
105
82
85
87
87
95
110
98
88
87
112
104
123
129
131
122
114
98
113
99
106
103
115
107
115
105
111
113
112
117
99
117
106
117
109
104
115
107
92
100
81
107
101
107
96
108
106
107
92
106
105
114
108
106
114
101
112
118
105
117
109
120
100
112
114
107
122
102
101
104
99
114
105
101
81
94
114
78
135
130
133
112
118
74
121
104
113
111
127
127
112
70
97
126
73
66
123
122
94
78
111
71
272
271
289
279
264
270
27
40
25
287
236
247
5
5
16
12
32
38
56
57
73
59
70
89
87
88
76
55
63
57
72
89
67
3
3
19
10
17
15
41
44
44
46
45
58
17
49
57
31
61
13
34
60
53
65
54
22
26
32
22
12
31
8
9
12
27
25
16
13
23
20
16
14
17
17
24
17
7
8
5
9
9
26
41
48
35
19
34
38
12
34
26
23
25
17
7
18
19
20
30
31
5
26
15
13
14
43
41
55
53
52
70
73
14
42
30
20
62
38
70
77
59
28
6
7
9
27
37
21
27
27
39
8
27
30
41
14
11
29
40
10
19
16
37
23
24
40
3
6
5
7
19
26
37
53
47
65
60
79
78
92
102
101
105
108
99
101
78
92
94
92
104
101
100
97
95
106
98
97
82
97
99
88
99
81
91
76
100
97
79
98
92
99
101
92
94
74
81
100
94
94
87
98
97
101
107
119
96
103
102
100
111
96
108
107
97
84
96
77
95
99
86
75
56
66
67
98
87
95
97
88
93
69
75
74
91
90
96
94
100
94
103
96
104
86
99
106
96
104
92
93
86
83
85
68
94
88
90
100
97
98
97
105
97
91
116
95
89
91
96
99
84
100
86
97
79
90
87
102
96
75
85
92
78
98
80
93
99
112
100
113
105
118
116
105
112
80
101
111
88
73
94
81
102
90
81
90
82
99
88
95
97
88
102
105
102
93
104
89
103
104
93
80
105
94
100
93
100
91
80
99
91
104
93
110
97
104
99
101
94
101
93
98
90
76
92
81
84
87
93
93
86
91
83
87
98
97
102
101
101
103
87
93
83
94
91
102
90
99
92
98
99
94
102
93
109
110
93
111
105
58
111
50
91
88
68
77
87
81
80
52
84
63
67
65
50
32
22
66
54
37
66
11
17
17
13
26
25
22
8
3
25
6
21
4
29
18
13
3
2
5
3
17
13
18
34
32
37
55
49
62
35
60
46
37
28
35
57
61
9
5
7
23
35
26
35
34
39
55
56
61
51
81
60
65
75
69
54
72
76
79
79
91
93
86
94
92
78
100
94
93
94
97
124
129
128
118
131
123
129
119
131
122
101
93
89
101
101
90
100
89
100
89
89
100
107
97
112
101
112
121
110
115
110
101
115
97
104
98
103
95
98
94
101
94
93
103
102
94
107
99
102
90
103
98
103
94
91
104
103
77
90
96
92
100
95
102
96
104
94
112
105
118
117
109
111
111
108
114
107
106
113
109
104
109
100
108
102
102
109
110
107
109
102
105
98
106
103
104
101
96
94
97
90
94
103
91
80
99
96
86
93
95
78
81
87
72
72
90
90
98
102
92
100
108
99
118
105
89
96
93
84
73
104
93
85
92
88
99
92
78
96
86
102
95
108
91
106
94
100
104
113
104
111
107
113
105
94
97
110
92
100
109
96
101
93
109
91
102
94
107
92
106
95
104
97
99
110
99
107
103
91
101
90
101
93
88
96
97
91
50
62
98
45
34
67
80
95
77
68
85
40
54
54
67
60
62
78
60
72
63
69
90
80
91
83
99
99
64
91
101
95
80
91
90
83
92
87
81
68
72
71
52
86
86
101
104
83
84
112
111
37
34
51
67
100
103
32
90
78
94
52
62
61
79
78
95
95
109
106
108
106
101
110
104
108
110
101
106
99
104
101
104
96
80
100
91
99
89
100
87
98
84
102
88
107
92
82
98
89
100
93
99
91
104
91
108
96
98
97
87
106
103
89
69
102
85
58
89
70
81
75
75
101
98
87
106
107
124
111
126
133
134
113
116
126
121
109
126
122
110
120
140
140
147
122
127
134
167
124
149
124
123
158
145
103
147
576
570
599
562
565
572
572
590
603
152
594
130
100
103
119
120
130
70
132
95
115
87
78
85
72
95
83
108
93
102
102
125
101
132
132
149
125
141
141
122
146
117
115
89
87
33
36
30
21
65
65
105
19
8
6
4
7
4
13
5
32
29
46
46
65
63
66
40
34
38
8
8
23
5
9
30
19
3
3
11
6
21
18
12
20
16
5
22
33
16
13
15
25
28
7
8
24
46
38
37
53
55
71
59
77
74
103
101
119
123
129
115
117
112
77
73
75
58
119
3
4
20
12
16
39
35
48
46
47
80
69
69
70
72
72
75
77
42
42
10
7
24
22
30
26
30
45
68
64
64
47
62
38
18
23
61
43
45
25
57
14
10
58
48
37
31
55
91
84
111
106
127
127
109
126
132
125
119
113
75
56
142
69
112
85
38
98
30
7
8
3
29
18
30
47
61
59
23
19
38
40
6
8
14
11
6
5
25
24
30
31
46
51
21
47
24
13
42
17
19
5
4
16
6
4
4
5
13
7
10
22
33
14
36
40
4
12
5
9
19
3
4
12
10
11
15
41
34
48
43
13
38
36
28
58
32
62
41
11
9
29
39
39
23
22
4
5
6
29
8
25
11
26
9
2
5
14
25
24
30
6
27
5
3
3
2
3
5
7
9
3
16
15
30
31
35
50
46
23
60
58
34
47
40
39
42
13
6
8
26
42
37
40
65
67
66
77
67
81
84
93
91
113
111
74
99
112
45
18
54
81
97
59
30
85
83
77
46
21
50
52
39
50
34
59
69
49
3
9
4
8
20
14
4
35
39
34
38
27
38
26
23
34
8
8
5
5
7
21
20
17
17
28
39
35
39
41
55
51
41
54
61
65
78
84
68
72
73
83
88
100
93
100
108
100
97
112
100
81
71
108
88
111
101
108
100
105
118
82
99
97
89
103
108
101
105
98
104
110
110
104
120
120
122
109
120
124
120
103
100
102
108
110
104
104
108
108
108
103
100
115
114
96
83
84
98
105
107
99
102
107
111
90
110
107
114
106
92
95
107
97
101
94
87
101
107
105
108
87
121
132
126
140
128
139
128
134
128
128
128
106
115
110
116
102
114
117
110
117
103
116
109
103
112
115
107
112
98
114
101
114
100
101
114
115
109
121
105
112
100
113
101
116
101
115
103
97
104
106
101
97
96
92
99
93
98
98
108
106
103
113
99
112
101
108
120
112
126
115
111
106
116
120
112
102
124
113
106
122
114
122
118
119
114
113
123
119
111
122
108
111
111
104
110
97
97
109
112
95
98
116
100
84
63
107
53
98
41
112
26
34
81
3
3
21
22
49
48
58
57
71
70
88
88
107
106
114
111
116
107
79
94
59
62
33
102
81
34
45
6
10
30
31
28
33
52
53
63
23
30
34
45
9
27
48
15
14
12
34
32
43
34
39
36
47
54
68
18
31
14
49
33
60
25
29
90
90
98
47
56
55
72
72
92
92
106
96
111
99
109
100
112
102
112
100
98
102
90
99
99
115
102
74
76
81
91
97
95
66
72
83
83
98
70
92
92
107
99
91
101
101
102
62
112
40
87
24
48
69
75
95
32
5
3
17
7
33
10
46
62
47
48
43
58
76
73
85
86
103
104
106
97
100
104
115
112
107
115
123
119
121
124
125
116
121
113
122
103
113
118
122
131
114
124
105
117
118
110
94
117
102
110
97
113
110
121
120
128
122
105
116
112
100
107
100
103
102
97
107
102
118
103
103
115
109
120
68
80
88
104
99
88
88
99
99
84
94
74
88
96
105
103
105
94
100
93
93
86
105
84
93
126
116
122
122
127
139
115
131
117
140
94
101
106
93
106
98
107
105
107
102
100
106
107
97
117
106
118
105
119
108
118
117
96
118
99
107
112
104
108
100
85
104
103
101
62
79
105
87
68
87
86
90
95
88
99
73
88
89
101
104
95
98
110
112
100
108
102
112
104
107
94
108
86
105
94
87
98
85
97
100
94
85
80
78
72
78
82
75
94
83
97
100
99
112
110
112
121
129
105
119
106
108
108
116
105
121
113
116
86
72
103
95
110
100
119
99
107
99
93
87
103
103
117
110
115
119
105
102
113
89
93
77
107
74
74
94
82
106
90
103
104
98
105
110
81
85
110
91
82
105
97
115
103
98
112
109
111
113
95
101
100
94
96
90
109
98
108
102
108
106
76
90
97
110
104
99
100
108
77
85
104
104
96
89
94
108
97
107
101
94
94
86
100
50
86
57
95
66
72
65
84
91
70
100
87
105
106
97
92
105
109
88
100
114
102
109
99
108
96
100
109
93
112
110
89
102
96
107
113
108
99
111
102
108
97
112
65
79
109
113
92
97
82
80
96
88
92
67
82
81
102
97
88
98
102
90
106
102
108
98
108
98
110
102
110
96
113
101
112
109
103
101
108
109
105
112
105
107
106
113
100
106
115
115
108
115
102
123
121
121
118
112
114
124
123
109
121
106
118
104
115
109
120
111
121
109
125
112
118
125
118
106
111
98
111
102
110
103
110
99
113
106
115
107
113
107
108
116
109
118
116
104
105
117
119
110
114
109
116
111
120
114
110
120
120
118
125
118
100
111
123
117
110
107
119
122
107
145
132
135
130
134
141
148
145
147
109
122
115
122
118
121
104
117
109
150
157
1508
1518
1498
1505
1506
1494
1499
1486
1440
1443
84
67
94
83
89
84
87
87
97
90
79
73
90
83
79
84
92
85
85
82
75
85
94
85
87
79
90
80
82
87
74
88
75
82
74
73
81
65
80
84
82
78
72
86
65
81
79
81
98
95
86
105
96
114
112
115
103
115
104
113
100
17422
17459
17486
17479
17499
121
17485
106
17454
17457
17469
17461
7
11
6
8
18
6
17
4
3
2
10
7
10
34
50
60
46
53
34
23
34
39
37
50
78
31
64
48
39
23
77
74
41
86
8
5
3
6
12
4
20
26
34
44
28
60
31
40
36
58
51
47
25
16
12
14
30
28
26
35
45
39
52
27
23
45
25
30
3
4
12
9
11
16
9
9
23
26
24
20
26
24
49
47
37
39
42
44
46
46
41
41
36
4
7
25
26
41
39
51
35
53
73
27
67
17
72
19
13
29
15
21
3
4
6
2
5
12
5
16
48
49
23
422
4
3
4
8
5
19
11
8
14
6
13
9
7
6
8
2
3
31
4
15
27
33
31
32
43
54
72
66
79
74
43
30
84
58
45
39
40
74
36
13
64
82
10
8
7
24
19
38
31
44
33
37
55
52
48
67
67
77
70
78
77
92
78
91
91
101
108
105
92
103
101
107
95
103
110
114
105
109
103
99
103
110
89
103
76
98
90
96
85
103
98
98
96
80
103
95
70
101
93
80
104
97
88
110
93
122
108
119
115
86
114
69
86
90
91
110
100
370
374
372
373
343
367
24
46
329
24
324
350
49
33
8
6
11
28
5
20
25
7
23
47
45
57
56
69
79
76
90
83
64
90
91
71
92
103
89
95
54
57
67
79
53
98
97
98
99
72
83
92
93
65
87
73
79
91
90
92
91
78
86
91
67
79
79
78
100
97
98
102
96
115
105
98
88
105
98
60
91
74
63
85
80
77
78
86
88
91
59
64
85
84
91
101
97
93
107
94
100
114
103
110
104
76
56
53
37
94
38
114
79
56
3
3
3
17
27
32
30
45
42
59
52
65
29
32
51
14
22
47
62
66
35
4
26
9
11
27
22
14
11
7
10
5
13
24
17
20
11
23
8
23
7
7
20
31
24
30
23
9
26
10
9
9
15
13
5
3
13
4
15
14
7
4
5
3
11
24
18
24
12
42
39
54
44
51
45
21
32
23
16
42
31
62
57
7
7
25
20
19
38
26
40
39
50
54
49
48
51
56
62
74
71
76
86
70
82
84
96
93
93
86
102
86
96
96
112
103
113
110
118
124
120
128
117
136
128
138
131
150
124
131
138
138
147
121
137
123
133
117
118
113
118
97
104
100
95
101
88
101
107
73
66
102
104
117
95
49
101
82
82
81
109
103
96
112
90
84
89
109
105
118
99
108
103
107
108
100
85
149
134
149
142
146
140
142
83
86
77
131
106
99
94
99
106
93
105
104
98
104
100
98
118
130
106
128
114
126
116
133
124
139
115
115
101
113
104
109
101
89
109
83
116
121
107
109
120
120
111
112
104
58
70
106
95
40
81
53
26
8
11
10
30
31
25
26
31
38
39
56
49
54
53
69
73
77
74
82
83
101
94
113
104
110
104
112
106
98
104
97
111
96
92
87
100
100
118
103
113
94
110
110
99
117
108
98
97
109
91
104
82
97
93
104
101
94
100
98
100
100
107
114
102
108
109
102
92
119
99
90
89
87
86
91
83
87
86
75
94
92
92
99
96
100
90
104
103
111
98
109
103
105
114
95
98
108
117
123
110
119
123
73
126
113
97
108
104
103
111
114
107
116
113
136
121
119
127
127
115
119
121
119
114
86
102
112
104
93
112
92
97
106
93
100
80
100
107
99
114
119
134
114
130
122
135
123
131
122
118
115
116
111
114
91
105
101
114
113
99
108
94
109
96
98
105
104
95
107
100
105
102
106
108
100
109
104
96
99
97
94
101
96
89
95
89
101
98
77
95
94
99
91
101
90
92
105
108
99
118
104
110
108
111
106
95
106
104
81
95
102
91
102
92
107
93
109
95
97
96
105
103
106
100
110
104
111
113
109
111
113
111
110
104
109
101
107
98
101
108
110
101
113
110
111
104
106
104
79
100
97
107
90
105
90
100
93
111
101
118
99
109
102
104
110
102
109
107
101
105
101
103
101
104
93
106
99
107
106
106
108
112
104
111
103
126
120
126
118
126
119
117
124
124
117
106
94
108
101
107
102
94
107
103
96
103
95
101
91
99
97
100
92
105
95
109
102
111
108
111
108
113
106
105
112
106
98
104
102
103
107
103
94
102
92
96
103
100
96
104
95
107
105
107
104
108
103
110
103
109
101
105
103
103
83
95
100
88
97
84
90
104
103
90
93
92
105
98
102
79
94
70
94
89
94
83
85
96
76
96
88
88
107
105
98
88
93
100
91
90
104
95
89
99
99
98
110
113
107
113
106
101
115
114
104
111
113
89
108
104
111
98
113
101
97
104
101
106
98
111
99
112
98
116
100
104
111
100
89
110
115
98
111
99
95
109
114
99
112
104
104
97
102
98
108
105
100
104
107
100
112
111
114
107
111
92
104
103
110
90
115
94
89
106
102
109
103
112
104
115
109
98
109
93
110
95
91
98
93
103
100
95
110
99
107
105
108
105
104
96
106
102
105
96
112
101
112
109
97
111
79
86
107
102
90
100
102
90
102
99
100
92
79
99
94
104
95
104
98
111
101
80
72
94
101
106
108
97
103
106
100
105
107
91
92
91
84
96
104
98
83
96
86
98
84
106
105
126
118
118
113
118
116
105
114
84
95
107
71
103
101
95
97
102
107
97
82
81
97
95
102
94
111
102
107
101
112
101
115
103
106
114
105
91
105
88
98
122
101
110
105
120
110
122
119
123
113
120
103
70
59
76
113
120
88
89
100
90
93
58
73
73
86
93
103
103
109
102
107
83
101
57
43
76
26
68
55
18
86
37
4
7
33
32
38
54
54
73
46
54
54
56
72
32
20
51
70
40
4
2
3
2
17
30
20
18
23
29
52
31
36
39
59
70
70
74
85
77
94
86
103
101
114
111
124
109
121
115
118
111
117
104
114
106
107
114
116
103
118
111
118
123
111
116
108
116
105
122
101
110
101
110
105
115
97
113
87
81
105
115
122
105
116
90
100
89
102
76
32
113
65
58
91
34
83
68
48
99
9
19
39
36
30
38
28
20
20
24
4
3
26
32
32
33
40
37
48
46
62
77
59
25
25
64
17
35
15
61
26
3
17
17
14
18
23
34
34
10
14
16
5
25
46
48
46
70
69
66
55
60
68
96
109
63
21
96
25
53
92
28
9
17
19
15
4
3
2
20
6
8
11
26
9
18
11
48
47
60
56
54
71
67
84
84
94
89
106
98
108
99
93
88
82
99
105
103
93
100
95
100
102
101
104
102
116
108
108
102
100
94
87
83
71
60
119
2
12
15
4
5
21
3
6
7
12
4
7
3
5
12
2
6
3
1
14
24
13
26
8
32
34
8
2
5
7
9
2
4
12
4
10
4
7836
7817
36
16
12
40
16
32
37
34
25
48
68
41
56
22
21
26
43
35
44
72
8
6
30
47
42
45
38
63
64
71
62
45
44
76
55
76
31
55
76
65
37
37
50
64
76
75
90
100
110
108
100
115
66
80
114
88
48
95
104
105
99
139
142
143
119
171
166
144
126
155
179
110
124
113
122
113
89
98
91
93
90
118
106
111
101
111
104
122
97
102
114
96
98
101
103
96
91
87
100
101
111
117
95
102
119
111
115
109
115
109
115
106
109
117
117
112
124
98
113
98
114
106
70
87
79
58
107
94
76
92
87
106
83
106
89
90
106
98
120
59
51
58
109
96
45
66
91
76
