54
194
210
64
246
242
223
222
244
245
269
135
136
110
133
126
143
129
134
99
144
133
146
122
125
98
154
129
111
101
132
111
137
148
161
145
171
160
176
125
68
106
134
55
137
291
149
88
106
114
64
69
66
64
69
61
41
78
68
95
70
3
6
19
17
9
6
5
8
3
11
16
13
33
45
57
63
66
62
80
45
23
50
40
58
79
67
59
70
51
8
6
17
19
31
35
8
35
27
26
10
46
15
4
2
18
4
3
24
4
8
9
25
39
48
46
42
45
59
59
70
30
61
57
53
75
34
69
79
96
90
54
57
57
74
81
91
92
102
94
100
93
93
88
99
105
97
108
101
117
109
113
103
103
107
89
80
69
66
58
92
6
3
17
41
47
53
32
24
34
24
53
3
38
33
47
68
72
47
62
64
101
93
113
117
139
114
130
105
131
132
156
128
166
156
141
153
162
137
155
158
151
118
135
131
133
112
126
104
114
98
112
114
100
111
103
104
116
90
120
113
125
115
121
115
116
128
123
109
113
98
112
101
113
108
95
95
90
97
97
105
87
103
99
104
94
116
116
114
107
111
58
64
104
39
81
20
99
45
30
87
3
13
13
32
34
49
48
53
56
55
47
38
36
50
53
25
53
66
8
5
7
27
12
37
34
32
14
11
36
21
13
5
3
18
13
39
25
28
46
52
32
11
39
26
21
30
3
4
21
23
25
26
30
30
35
37
5
49
21
34
8
14
15
39
52
54
62
63
62
77
79
87
88
103
89
96
103
95
97
89
96
74
94
85
83
82
70
98
88
79
93
99
81
88
94
85
95
91
92
94
86
83
85
76
77
80
88
89
88
93
82
98
91
102
95
108
106
96
86
91
97
95
101
91
101
105
93
95
106
107
97
102
96
84
3445
3455
3457
3436
3446
3456
3454
3456
3444
81
97
95
97
87
81
93
91
84
79
73
78
94
83
83
87
89
80
70
87
77
73
67
81
2869
2874
2880
2934
2946
2933
2958
2951
2957
143
242
199
205
193
198
170
184
84
85
87
93
105
84
104
98
103
100
101
89
89
88
102
90
96
88
74
99
91
99
83
105
88
87
98
81
76
77
96
93
85
89
90
91
82
75
91
72
88
84
84
94
81
91
84
104
87
86
79
92
93
77
84
102
85
100
89
99
101
101
94
103
108
95
105
93
78
97
88
100
89
107
93
98
78
93
101
92
89
79
95
86
93
78
92
88
95
98
105
119
110
114
101
111
109
115
112
110
99
107
101
102
108
99
111
113
112
116
109
90
109
62
78
19
29
73
51
101
43
9
20
18
36
37
29
48
33
16
33
12
24
14
39
50
4
7
2
13
4
10
12
9
16
12
6
16
17
15
31
41
48
33
16
21
23
49
32
30
50
3
4
16
15
17
8
31
48
60
48
60
59
75
69
87
87
104
102
106
110
111
104
115
108
104
117
115
109
119
111
114
107
115
108
116
105
119
112
119
111
115
122
98
112
121
104
124
102
115
107
114
117
121
106
126
118
128
130
97
121
108
85
88
113
121
113
32
34
36
24
103
65
105
68
11
36
37
62
65
59
85
93
95
108
114
118
115
125
133
133
53
117
129
40
15
86
32
100
51
62
5
21
42
44
51
33
41
18
38
22
35
15
43
17
17
42
38
41
68
53
64
56
53
46
20
54
67
3
19
18
53
53
76
76
87
98
86
94
89
110
103
101
92
90
99
106
92
92
92
111
112
114
107
119
109
119
106
107
120
103
54
71
92
31
30
63
40
79
116
6
5
7
20
31
24
22
23
16
18
45
42
22
57
56
74
73
71
76
83
83
100
100
102
89
68
109
106
94
88
80
75
77
52
48
68
92
119
5
17
4
13
4
2
11
27
5
16
30
26
9
20
5
7
37
50
29
48
35
32
16
39
38
50
48
16
42
47
45
77
64
74
105
104
131
134
134
107
118
119
146
135
125
116
129
121
180
178
166
180
185
171
176
169
148
160
117
108
114
93
102
110
96
111
109
101
90
101
114
105
104
110
71
36
29
43
81
94
91
71
53
4
3
3
5
10
9
15
5
27
3
17
26
29
31
41
42
45
23
33
30
45
20
44
7
4
4
3
5
4
16
15
5
16
8
9
21
30
40
24
27
17
37
30
48
14
46
52
42
59
4
3
6
10
11
8
21
31
33
43
46
55
55
69
48
53
41
39
56
25
49
36
70
4
3
18
25
21
38
52
69
51
67
67
84
72
90
84
99
100
118
117
113
103
101
107
104
102
101
91
98
86
93
97
91
102
93
104
92
101
95
110
101
93
106
91
101
102
94
100
104
93
100
105
108
119
121
115
121
115
124
111
124
118
112
123
122
120
123
110
125
106
113
99
110
98
109
108
96
86
97
94
97
84
94
106
95
108
97
104
98
115
105
123
108
118
102
103
114
104
105
116
108
109
118
119
112
113
115
109
99
112
98
110
99
85
94
86
87
71
94
93
83
86
97
106
112
96
108
99
97
96
107
106
101
119
114
108
87
94
106
120
103
96
110
98
108
105
111
109
111
95
111
107
97
105
103
105
93
106
105
96
101
98
105
101
136
129
142
141
145
138
147
140
146
140
112
105
109
101
97
106
102
97
98
105
104
98
104
101
103
101
106
103
107
97
108
101
110
105
111
101
113
109
110
98
110
103
109
102
110
102
110
103
110
107
104
111
111
105
110
104
109
96
105
110
107
86
102
104
97
105
94
108
93
112
97
112
96
100
110
103
111
99
107
104
98
105
97
103
93
107
105
113
110
107
114
103
114
113
104
100
107
103
98
102
90
95
102
81
100
88
99
89
98
92
107
90
108
95
111
96
107
100
106
104
107
100
103
106
104
93
104
97
103
92
102
90
103
98
102
97
103
91
102
92
103
97
97
99
94
97
98
92
87
97
97
90
100
98
92
103
104
102
106
96
95
108
107
103
110
101
108
101
106
102
96
104
102
95
101
98
101
100
103
100
105
96
100
106
83
103
101
90
103
88
100
104
89
93
106
93
92
101
91
101
93
102
95
101
96
102
100
102
104
104
106
96
107
105
98
104
99
106
97
102
104
103
92
105
99
107
105
108
106
103
109
109
98
110
101
8112
8107
8168
8150
8131
8142
108
8133
68
8145
8153
8163
4
5
10
3
2
6
4
4
5
9
18
9
24
18
14
11
19
44
54
55
67
75
69
88
71
61
48
42
74
86
83
88
86
1
3
8
36
27
19
21
24
29
35
28
20
5
5
4
19
9
19
19
28
27
28
32
48
42
53
47
44
62
58
54
62
80
71
87
79
97
95
107
84
97
106
99
85
109
108
109
140
114
129
140
130
132
83
132
97
127
118
99
107
105
93
101
99
109
107
121
72
65
101
82
94
90
97
92
99
94
109
99
96
96
106
102
102
96
102
88
94
100
99
83
100
103
93
103
93
97
91
73
88
104
97
105
96
110
97
110
106
122
113
116
103
103
116
139
137
121
127
132
169
170
149
162
173
130
136
139
104
148
115
102
108
103
115
108
113
115
110
116
118
107
178
170
179
171
176
164
166
158
145
171
95
95
81
89
89
79
90
77
86
70
80
84
90
104
92
99
80
100
86
71
66
100
89
85
97
99
86
88
87
95
95
104
92
106
103
97
109
107
108
98
113
111
98
105
112
89
100
109
104
93
96
73
88
85
70
88
158
150
159
149
165
161
171
163
102
102
101
116
114
94
82
47
75
60
20
107
54
34
4
6
10
7
4
4
7
5
33
53
67
70
64
69
81
73
89
92
99
102
100
108
99
102
108
84
89
99
106
72
111
98
109
101
119
100
95
98
105
105
115
104
102
89
104
93
103
92
85
97
106
114
107
110
105
119
113
108
99
93
94
87
83
101
102
82
89
93
94
90
101
94
109
99
82
96
96
93
106
104
99
92
97
98
97
97
108
114
107
115
102
108
118
118
110
121
117
113
100
103
111
91
106
97
99
76
93
82
89
93
95
86
98
94
93
105
101
116
99
92
81
98
92
90
102
100
86
103
87
94
110
97
111
100
99
105
86
108
114
106
119
111
102
99
115
113
109
130
121
106
113
106
141
140
140
132
133
124
125
136
103
140
115
107
114
112
118
111
110
122
124
122
100
124
121
120
109
122
109
105
124
123
118
98
97
69
56
116
110
86
85
101
90
81
64
58
58
77
77
50
83
78
59
92
90
71
65
97
87
95
97
111
110
121
85
91
90
101
95
101
95
105
93
106
95
103
94
105
97
101
88
88
95
93
83
97
90
98
93
100
102
92
105
98
106
100
97
84
94
104
96
105
95
90
96
99
110
97
102
85
89
83
90
90
99
100
96
95
105
96
98
109
109
102
100
110
84
89
107
101
94
94
101
104
93
101
92
90
102
90
94
99
90
99
98
93
103
104
94
108
106
97
108
106
110
98
109
101
106
94
109
103
110
107
107
102
105
103
102
109
103
96
105
98
108
105
110
103
112
109
116
108
115
108
100
113
111
103
110
101
108
99
105
103
105
94
106
97
105
94
105
96
97
104
103
95
103
96
104
93
106
98
106
104
106
98
105
98
93
105
103
97
102
104
109
103
108
105
100
110
110
103
105
102
107
97
108
100
107
97
101
108
108
93
100
105
106
99
100
106
103
87
95
104
78
90
89
94
88
94
95
79
95
89
95
94
105
102
105
94
99
95
95
108
108
102
85
97
105
103
92
106
90
88
98
103
92
97
96
106
100
110
102
111
108
110
104
102
108
110
102
108
101
108
97
110
108
111
107
109
103
112
104
109
103
108
101
111
104
111
103
110
99
112
105
111
102
112
104
111
98
110
103
104
108
109
102
101
107
85
104
100
105
93
92
109
108
92
109
94
111
95
107
104
108
96
107
100
109
101
103
95
81
105
94
104
93
105
102
90
116
111
80
116
112
118
114
104
94
81
79
98
100
113
106
113
105
111
109
111
103
109
105
107
100
108
102
108
98
110
105
110
102
107
105
104
101
100
92
92
53
63
79
95
69
87
84
90
91
74
45
71
71
86
78
86
67
90
99
87
79
85
83
89
100
86
93
88
81
95
88
105
96
112
94
100
94
95
86
102
98
91
96
89
90
96
96
96
58
99
49
80
90
68
96
86
94
87
96
92
90
72
91
91
102
91
106
100
103
98
103
86
94
106
76
93
100
107
97
107
99
104
96
103
97
107
98
102
92
104
98
89
102
100
93
95
89
94
88
99
85
92
94
85
89
89
96
87
89
96
69
79
81
96
85
90
80
93
60
82
80
74
85
77
78
79
83
100
88
94
96
82
96
101
102
101
111
102
40
91
49
57
100
19
110
76
26
69
3
12
6
14
6
12
6
30
47
40
60
59
72
75
78
74
95
94
108
104
101
89
106
94
106
97
86
104
98
98
91
87
97
88
103
91
100
87
95
92
97
91
94
102
90
96
97
96
80
107
89
94
89
106
93
111
96
98
98
107
105
107
101
107
100
109
100
107
105
109
97
110
103
109
101
110
98
112
104
84
78
96
108
94
101
98
90
95
98
97
85
91
91
103
95
104
89
96
102
87
99
81
76
97
88
77
94
69
87
96
88
100
90
93
87
103
102
113
112
110
99
109
101
99
107
83
67
78
86
99
88
77
86
39
92
51
74
81
66
86
76
84
94
76
58
81
74
73
90
84
85
82
100
98
100
92
98
80
96
103
91
98
91
100
89
94
88
70
74
96
87
101
95
102
91
102
104
107
93
111
98
110
98
108
96
110
102
127
120
110
122
126
115
130
116
129
109
113
100
114
103
113
105
113
106
106
109
82
103
94
103
89
98
86
93
89
79
56
90
89
84
99
89
97
95
102
96
64
96
79
71
84
52
94
87
58
106
92
101
102
102
122
111
130
110
114
100
108
97
101
101
116
102
109
102
95
82
108
106
108
93
108
96
96
99
106
58
71
77
51
1470
1440
1428
1429
1464
1416
1417
1414
1421
1416
10
16
16
29
41
35
44
24
12
30
33
28
41
5
13
14
31
29
43
50
49
54
39
54
64
67
74
72
88
81
96
79
98
96
108
96
107
96
106
98
104
97
102
95
94
104
105
93
107
101
106
108
102
109
106
95
108
101
108
105
109
105
99
109
107
101
109
102
108
100
105
99
99
101
108
99
134
127
136
130
139
127
130
139
140
133
110
103
107
101
104
92
103
94
91
101
103
93
102
93
102
91
103
93
95
104
99
94
91
101
100
104
99
81
92
91
98
107
95
94
108
99
112
117
107
152
139
156
145
164
51
156
137
124
146
76
68
9
147
133
101
4
16
13
9
13
30
35
35
52
60
28
54
52
52
19
30
19
28
13
23
17
30
43
48
42
49
54
71
74
73
96
93
75
89
110
106
105
127
115
127
114
123
112
130
116
109
122
107
116
102
98
112
88
110
95
63
79
72
93
98
58
96
88
67
90
96
94
108
97
97
109
119
112
111
123
113
117
102
113
107
110
101
103
106
96
106
72
98
38
47
85
65
106
18
28
52
6
25
37
51
55
49
53
51
73
86
82
104
102
119
109
118
106
117
115
124
108
108
111
116
103
115
99
104
100
115
113
115
91
111
113
101
110
103
117
103
108
117
90
113
106
108
125
126
105
113
103
107
103
105
118
109
117
89
111
104
91
100
93
86
96
107
99
99
108
96
103
113
106
117
121
93
108
94
99
99
78
95
99
98
97
64
89
64
77
93
74
65
87
89
81
92
90
104
92
129
111
132
132
144
129
142
133
154
115
103
124
126
114
131
125
133
120
121
104
111
106
127
120
106
120
106
112
101
107
115
107
116
104
116
103
112
102
115
100
113
95
94
96
90
96
91
99
93
106
100
115
107
115
112
108
95
121
109
114
122
121
110
122
110
126
97
120
104
113
116
104
105
111
111
102
100
97
102
89
101
99
100
91
93
110
107
86
116
101
104
107
120
102
113
91
109
97
93
109
93
101
104
96
112
105
103
99
97
108
101
93
97
90
96
82
76
98
87
99
85
76
99
87
102
88
102
98
108
104
118
116
117
105
107
115
90
105
112
111
97
108
95
100
93
109
93
109
92
103
98
100
103
105
99
106
95
105
108
110
105
111
99
112
105
111
104
111
108
110
105
107
110
109
102
108
101
111
103
108
96
106
104
97
108
101
109
106
95
106
104
106
98
105
102
93
104
103
99
101
103
98
106
102
104
105
103
107
100
108
96
98
109
111
107
111
100
110
103
109
102
106
103
104
92
98
106
105
99
105
103
108
101
108
101
104
100
105
99
105
98
104
98
96
105
109
102
107
98
107
105
109
101
108
106
102
108
103
110
110
103
99
104
93
101
89
104
88
105
88
101
103
104
96
108
97
110
103
103
110
99
110
104
110
109
105
103
110
109
96
108
103
110
99
103
110
108
105
111
104
110
103
109
107
109
99
109
102
101
85
105
97
86
96
88
107
91
105
90
105
107
107
100
102
108
108
107
112
105
111
102
109
97
109
99
108
101
107
104
82
100
91
100
94
101
94
107
93
108
98
111
96
105
108
108
101
105
107
128
121
128
125
126
123
126
119
130
99
102
109
107
98
107
98
86
91
107
94
100
94
101
100
96
89
96
100
90
98
88
89
93
97
93
100
96
100
89
101
90
101
108
102
97
86
95
87
84
91
100
93
112
96
109
101
104
111
115
97
103
96
81
97
91
93
99
88
82
90
87
84
91
97
87
102
89
85
101
88
74
98
87
100
87
94
90
90
101
78
85
87
94
99
90
109
95
102
96
104
43
57
97
43
90
72
64
82
72
80
93
44
72
48
50
38
49
14
48
45
35
3
1
9
22
31
39
35
33
39
36
51
45
63
47
70
66
71
67
84
72
73
83
89
84
92
83
101
101
112
104
102
111
110
103
110
103
106
108
110
101
109
100
107
100
108
101
110
101
109
102
110
99
110
104
111
103
101
105
96
104
102
99
102
94
101
98
106
104
110
105
105
107
100
107
105
98
104
96
95
105
104
108
108
104
110
102
107
100
107
103
107
99
105
107
100
107
107
96
107
101
104
92
103
92
105
94
105
98
104
95
107
103
109
102
96
108
109
104
111
100
111
99
108
112
109
113
105
112
111
102
114
106
109
107
108
99
106
105
104
96
105
102
107
103
102
108
108
106
110
102
110
103
111
102
109
112
112
105
112
105
111
103
111
104
113
109
98
111
111
105
112
104
113
106
112
105
96
110
99
112
99
110
98
111
98
111
96
108
102
107
95
107
101
103
111
99
99
111
112
99
113
101
113
104
109
103
106
109
110
102
108
98
110
108
112
101
99
113
112
105
112
105
110
104
110
108
111
107
110
102
108
109
109
103
98
92
88
87
92
103
115
122
121
111
114
127
120
125
124
86
100
102
103
84
64
63
72
89
81
89
96
99
89
90
103
72
86
90
87
93
91
101
99
94
99
101
15
94
56
104
27
44
89
47
104
63
21
93
18
23
7
57
82
54
80
74
72
75
42
74
55
75
22
68
67
29
5
3
4
6
9
10
4
3
9
13
7
6
21
23
32
17
14
27
18
30
14
15
4
3
3
3
75
5
14
26
21
29
40
21
23
32
12
10
4
5
15
15
37
26
45
24
22
20
14
27
31
20
41
4
2
15
3
13
11
5
2
17
21
18
22
9
16
20
16
6
27
37
29
33
51
49
53
48
83
74
73
96
79
97
92
86
78
77
92
80
90
97
85
96
74
94
86
96
108
107
93
101
94
98
104
86
108
97
91
100
91
104
104
91
107
95
17206
17225
17217
17203
17196
17210
17226
17200
17206
17184
6
8
10
3
7
4
9
10
18
17
22
22
17
5
10
14
20
49
9
4
22
4
4
3
8
6
15
18
30
34
37
26
55
80
89
88
100
99
89
74
85
81
74
70
82
36
73
31
88
48
93
28
115
138
99
106
138
131
123
143
142
137
160
113
153
120
76
88
97
75
67
94
87
153
154
161
170
161
161
168
89
78
72
90
94
92
101
111
95
122
104
92
90
94
91
58
94
84
78
62
40
48
85
71
72
75
92
91
97
39
83
94
89
106
106
106
78
96
86
115
114
94
96
89
113
100
74
89
89
109
103
111
102
108
106
113
110
102
110
103
111
98
90
108
86
91
101
94
78
89
109
99
117
114
107
125
121
101
111
111
125
118
125
126
119
132
119
130
138
88
68
77
53
106
99
117
99
83
88
71
50
51
66
78
80
125
122
129
132
135
129
124
132
135
96
62
104
95
38
71
82
47
28
22
52
58
53
36
35
54
52
64
63
64
87
87
103
91
96
89
94
89
96
86
102
95
84
95
101
94
100
102
97
101
96
100
94
106
104
106
104
91
97
99
97
102
100
104
102
104
94
108
101
99
107
102
96
98
103
101
98
83
105
91
104
96
105
95
95
103
103
104
107
98
97
104
103
102
95
92
101
99
90
75
92
84
92
82
90
92
86
85
81
97
95
94
98
105
92
101
94
94
95
100
93
84
96
93
90
95
97
92
103
95
96
96
107
91
99
91
75
95
88
88
76
84
91
81
93
81
77
93
93
87
88
89
92
102
107
94
126
124
123
130
132
122
112
121
102
101
94
106
94
106
94
99
107
91
84
96
109
97
85
78
98
89
92
53
85
68
30
17
77
39
84
34
5
4
5
19
4
3
4
10
14
18
23
16
19
29
38
38
37
47
56
55
74
73
89
83
85
87
94
92
108
98
109
102
107
103
103
95
86
105
93
102
89
95
89
92
100
91
90
99
97
87
97
96
99
100
89
99
97
102
99
102
92
104
101
105
98
106
96
110
103
114
102
116
106
117
111
106
108
115
108
114
111
98
111
110
106
114
96
99
106
104
107
107
99
102
110
111
101
113
111
111
99
109
103
96
106
106
98
107
104
107
102
101
108
88
102
106
106
93
101
94
107
91
107
92
107
92
98
106
100
87
104
102
94
103
96
96
108
96
111
96
96
102
110
101
108
95
106
93
104
83
102
90
105
88
89
96
106
93
96
111
100
106
106
95
108
100
106
98
105
94
107
97
109
112
110
100
111
103
113
105
113
105
111
102
111
104
111
105
112
105
111
108
111
104
104
111
109
102
95
108
108
101
101
104
93
103
104
102
93
103
98
104
91
106
86
103
92
90
104
93
80
83
90
89
96
81
69
79
93
85
84
84
79
88
91
80
65
83
85
92
92
82
83
94
90
97
86
101
96
77
88
95
88
71
80
96
90
82
76
89
82
86
84
91
93
96
82
85
95
86
85
84
94
96
85
94
87
89
83
86
93
84
95
94
86
93
88
89
95
94
87
92
99
101
96
108
106
109
96
110
102
78
86
106
97
96
92
100
93
105
104
92
94
96
97
106
90
104
90
83
98
94
91
88
97
96
86
96
94
110
97
108
100
108
100
95
101
89
107
113
99
105
111
98
75
109
95
91
85
67
73
89
88
95
86
92
96
95
91
101
99
89
95
100
90
92
89
74
102
83
90
98
103
92
104
57
87
103
75
81
62
91
88
93
85
98
66
72
77
79
80
99
89
95
86
93
94
86
99
87
94
98
95
82
89
90
101
87
99
84
90
75
98
90
99
88
94
90
82
94
86
96
85
97
86
91
83
91
82
90
76
85
91
83
82
78
98
88
96
94
98
78
87
91
89
90
87
85
85
73
75
75
86
89
81
81
87
74
87
82
92
85
100
88
87
91
96
88
104
90
104
102
93
106
87
93
104
91
75
90
102
96
91
89
88
100
98
113
85
92
97
87
94
87
93
94
87
86
68
77
53
76
83
90
83
77
95
81
96
95
94
86
92
99
70
57
79
49
89
77
86
70
56
55
63
68
71
53
70
94
99
96
105
106
104
107
79
92
93
101
71
90
77
97
81
96
90
73
95
83
98
89
105
94
103
95
106
99
117
112
100
100
95
108
108
108
102
112
100
87
100
98
112
108
100
108
97
104
104
110
96
102
103
92
90
99
89
90
78
88
95
96
105
108
108
105
118
119
87
126
118
116
113
108
95
107
99
99
98
105
88
103
101
96
100
109
100
83
95
108
90
110
107
116
109
115
108
109
110
122
112
108
120
117
106
121
116
111
103
94
92
84
77
66
62
126
4
7
19
16
5
19
11
29
32
32
8
26
24
50
49
65
60
66
69
62
48
51
73
74
73
70
8
4
10
34
5
3
4
22
29
29
20
19
20
3
5
5
17
22
8
5
11
28
27
34
35
32
19
38
45
49
13
16
28
33
56
24
3
12
22
9
27
17
11
9
10
4
13
24
17
20
7
5
3
5
12
15
17
25
19
7
5
3
4
4
21
27
27
27
32
51
18
19
20
47
39
16
32
