24
29
157
158
172
36
209
72
37
39
210
210
189
57
202
191
50
79
83
74
42
52
49
88
101
90
96
99
74
112
74
111
87
116
137
144
133
132
106
80
114
68
102
23
122
36
8
19
66
32
36
33
58
69
76
66
56
73
71
85
86
81
97
107
113
96
99
92
101
100
88
102
92
109
93
76
100
94
96
105
100
84
96
89
103
95
87
100
104
103
111
112
103
111
109
111
91
111
105
108
100
107
74
87
108
95
102
84
56
75
68
99
85
94
92
88
100
88
82
122
123
129
119
123
131
129
119
110
129
95
107
92
95
98
83
114
112
130
114
118
82
74
109
99
111
100
106
94
106
96
83
106
89
88
112
111
66
93
80
41
29
60
100
50
5
4
15
4
4
21
7
28
6
28
30
32
45
53
42
58
57
79
78
92
91
116
114
105
97
93
80
74
68
57
45
30
28
26
29
28
100
120
146
148
180
177
162
166
151
174
160
134
114
99
87
71
40
43
188
5
13
37
43
98
27
75
30
28
77
81
79
29
80
84
36
39
65
55
42
33
51
32
45
33
42
83
47
48
111
65
68
65
68
114
115
152
163
144
159
152
153
171
171
160
164
171
159
147
178
152
141
154
137
137
156
138
212
224
216
225
220
213
224
216
108
200
141
95
111
128
97
62
100
86
97
97
92
108
116
115
154
141
163
137
148
128
141
141
141
107
119
111
114
104
88
108
118
101
115
118
115
100
106
100
101
91
82
74
98
84
98
94
94
101
95
103
104
94
86
95
110
100
115
101
96
93
88
98
70
73
95
90
92
106
98
100
105
91
107
102
95
104
100
109
111
103
116
110
105
111
85
98
108
98
87
94
83
97
82
95
82
84
85
97
101
99
91
82
106
93
106
73
101
92
113
107
111
114
115
109
127
124
123
109
132
127
109
119
109
118
117
131
109
119
106
118
117
126
112
76
112
85
93
102
141
126
136
102
112
99
111
109
133
127
132
114
131
119
132
107
88
88
114
117
109
101
119
112
135
127
111
129
109
119
128
126
82
119
87
90
88
93
85
78
77
50
20
89
40
55
55
73
36
21
7
17
11
4
8
6
8
11
3
9
27
16
21
43
24
49
20
44
53
45
53
59
57
69
66
80
73
96
97
118
110
119
109
123
108
108
117
115
99
112
100
119
113
101
113
105
112
105
108
87
100
98
99
99
90
101
96
99
105
100
90
98
91
93
101
107
102
98
108
108
102
115
108
121
113
103
117
105
105
95
115
111
103
91
94
95
108
94
100
93
108
98
118
106
108
115
105
111
125
124
119
124
123
118
116
123
131
134
115
103
116
99
123
110
111
101
96
107
101
84
95
92
113
111
98
93
107
95
96
111
112
105
120
108
126
114
125
110
111
120
117
92
105
103
114
116
115
105
118
116
117
116
108
111
110
110
100
104
94
106
100
110
106
106
101
111
91
107
103
101
111
109
100
108
60
74
103
33
94
82
36
43
53
8
9
36
35
47
51
43
63
71
70
75
77
74
103
103
107
108
126
113
126
114
89
133
117
100
126
117
128
113
124
125
112
105
121
109
117
119
107
125
114
119
109
119
110
120
113
121
114
123
117
126
118
126
118
103
113
124
111
103
106
95
101
89
97
95
83
82
87
96
108
94
110
94
101
101
110
108
112
116
100
113
111
104
93
101
87
108
92
86
96
98
86
105
96
109
99
105
101
92
101
109
109
100
108
105
84
103
94
103
90
91
87
53
23
69
28
107
57
100
45
106
47
78
47
27
87
51
50
67
68
86
86
101
72
92
105
99
96
109
110
98
96
99
111
94
78
112
102
115
109
118
111
125
114
104
81
102
91
111
81
74
72
99
92
100
98
108
100
115
94
113
112
112
120
118
106
115
101
114
86
113
101
109
103
101
91
115
101
114
97
111
103
89
101
100
89
117
98
94
97
98
107
92
109
96
105
105
97
98
103
112
103
114
101
110
110
107
119
117
118
106
105
118
103
114
111
103
121
108
109
116
119
111
122
111
119
104
116
107
117
127
110
114
107
118
107
115
108
118
106
108
116
116
104
107
93
115
109
103
99
113
98
108
106
96
92
117
105
113
105
102
116
111
72
103
99
92
103
82
93
97
89
81
88
97
96
83
84
101
100
97
90
94
90
83
76
81
87
97
93
90
89
97
94
104
91
90
94
82
67
55
45
49
19
13
24
87
32
73
4
15
15
13
15
39
47
44
42
52
62
61
81
83
91
90
86
87
98
100
95
112
95
116
103
102
114
122
113
99
121
85
121
114
110
115
103
95
109
109
102
105
105
114
100
113
110
110
100
107
93
108
98
110
103
109
100
111
100
95
110
108
100
111
104
113
90
109
93
117
108
111
104
107
99
107
88
100
99
74
81
102
110
91
105
88
85
95
86
64
86
85
85
99
104
97
108
97
107
100
117
96
109
97
98
98
91
102
86
100
79
79
87
55
79
62
83
91
92
104
102
123
137
120
143
145
136
150
109
89
58
58
20
72
31
136
100
50
42
136
84
85
104
103
134
134
158
157
133
132
122
135
123
126
116
90
102
132
35
85
56
115
26
69
108
114
64
36
42
45
61
61
79
79
96
106
109
124
117
121
130
119
122
122
128
114
130
289
278
299
299
307
287
398
391
188
411
207
206
204
217
220
211
197
116
107
102
105
90
77
88
110
87
94
102
96
102
100
93
99
73
95
91
99
88
80
85
73
62
86
86
97
95
98
96
92
97
95
88
92
99
90
98
87
86
89
95
91
86
88
80
77
74
86
71
80
87
82
92
82
93
92
79
96
88
88
87
91
102
98
99
101
90
87
98
99
90
103
95
98
90
96
80
86
101
91
110
115
117
111
117
112
123
116
132
107
115
110
118
97
91
111
124
105
86
74
93
96
97
99
81
98
104
114
100
122
100
110
99
118
107
98
107
104
109
107
91
96
104
85
96
106
96
107
95
108
104
120
101
99
98
109
107
106
98
108
100
104
93
87
94
102
110
95
112
92
106
101
108
108
118
110
118
100
49
47
33
39
71
108
78
83
8
8
5
16
32
31
37
38
54
66
63
65
63
64
65
78
72
71
80
97
91
95
83
89
98
85
83
93
48
69
69
61
98
81
94
81
77
61
74
77
95
95
108
91
77
101
95
94
107
108
101
105
104
92
112
102
112
101
114
93
83
104
98
116
101
94
101
102
96
106
105
83
111
95
98
100
107
108
110
117
114
126
121
137
129
113
115
136
114
122
107
122
110
91
88
88
106
140
121
150
155
142
170
155
155
156
185
173
175
162
152
139
125
109
78
93
176
102
112
81
93
91
65
91
64
137
131
124
100
87
81
48
41
113
65
89
98
13
27
29
49
49
63
57
74
73
85
89
101
106
104
101
120
105
98
112
122
111
126
116
105
127
115
129
125
119
120
98
112
122
101
107
109
94
122
100
94
95
93
98
81
75
70
61
53
49
40
87
104
8
8
20
36
33
36
22
26
24
32
3
3
6
6
41
17
15
13
44
20
27
48
69
37
47
8
21
18
38
10
36
47
10
12
3
5
11
9
14
23
23
34
31
46
48
48
65
64
77
76
90
92
99
108
110
86
127
116
99
105
81
126
129
120
130
95
92
91
90
90
107
103
90
105
98
82
104
96
67
83
77
96
93
81
89
104
91
147
138
149
148
157
148
164
155
161
111
117
102
114
108
114
102
111
100
102
72
91
106
79
111
98
110
99
91
106
73
72
75
94
87
95
69
83
88
81
90
76
89
83
90
85
8554
8554
8651
8642
8662
8652
8680
8669
8702
238
245
171
153
158
94
20
64
33
110
74
128
50
142
4
5
22
34
35
32
43
17
29
21
23
45
32
16
17
32
20
41
43
33
35
36
57
59
63
57
64
63
72
84
95
57
12
24
58
51
34
44
57
48
32
48
113
84
105
80
67
117
61
82
57
54
80
53
74
53
53
84
112
153
80
69
90
97
96
99
126
210
149
141
264
250
228
254
243
221
230
151
232
200
233
133
153
143
142
167
151
131
137
136
104
129
107
118
111
108
120
125
114
126
116
128
112
121
108
110
112
129
119
118
123
109
101
124
129
104
134
128
134
148
134
147
120
138
123
131
100
115
121
104
101
114
106
99
106
107
113
97
112
108
113
110
100
117
122
113
131
124
131
126
120
123
123
112
107
102
95
87
61
130
146
6
27
26
17
47
51
51
47
59
66
65
77
109
109
104
105
112
129
126
133
94
143
90
100
115
115
127
108
125
116
109
136
124
109
128
116
96
89
106
124
110
126
116
129
111
126
108
91
97
95
119
103
115
37
56
65
96
64
102
21
77
29
88
83
36
69
69
91
92
111
103
112
89
115
108
122
115
106
93
85
72
59
61
56
50
7
2
5
33
27
26
14
27
28
4
21
21
46
60
56
73
74
72
95
93
108
101
128
126
132
121
133
124
120
111
114
95
129
76
109
86
107
108
103
117
99
81
106
93
106
94
94
141
121
132
120
132
116
140
131
139
144
124
337
319
283
329
304
313
274
307
305
21
66
86
14
22
20
30
4
2
7
7
6
27
36
30
49
47
61
59
64
68
69
86
79
93
103
91
108
100
118
109
109
104
115
110
108
106
31
114
45
63
37
90
75
81
56
2
2
3
14
15
23
27
36
36
32
53
29
35
13
43
31
16
44
5
14
16
35
45
62
63
62
79
76
86
90
89
105
112
114
103
123
115
99
106
103
94
115
118
102
115
101
102
111
114
98
113
102
101
108
106
93
96
95
94
109
82
89
84
101
91
99
97
95
111
86
90
100
90
107
66
47
77
62
97
39
90
104
84
98
54
91
89
110
102
121
120
125
133
138
131
111
115
102
108
115
112
96
106
113
100
118
105
101
117
121
103
114
100
109
105
115
107
115
106
109
114
115
109
123
106
121
112
113
120
119
121
111
129
109
119
105
121
100
111
103
110
89
103
111
98
103
96
115
98
121
105
124
112
118
110
104
119
119
116
109
118
103
107
116
120
111
130
112
106
36
122
63
58
53
34
83
81
96
6
24
24
31
39
59
57
75
58
74
77
77
79
82
83
71
91
83
76
80
88
72
72
86
81
89
85
91
94
93
80
104
81
105
91
106
92
106
71
91
82
63
71
88
100
98
97
98
103
89
102
81
81
97
96
90
98
100
87
94
88
98
84
79
86
93
101
86
86
96
85
92
99
90
88
98
92
105
95
85
95
103
96
88
99
86
95
82
96
83
83
83
100
98
92
80
90
96
104
112
97
109
98
114
102
120
110
118
106
116
102
108
115
109
108
104
97
84
100
88
105
99
95
98
97
102
88
104
95
98
101
92
106
84
98
92
109
96
78
53
22
17
36
103
89
44
62
69
77
27
40
42
52
52
65
67
65
89
89
98
96
91
97
108
94
112
106
105
97
105
97
108
96
109
102
107
100
112
102
106
113
102
92
110
113
101
112
99
114
96
98
107
112
116
95
108
94
93
105
89
100
92
101
90
93
87
99
89
101
92
77
92
81
90
90
77
77
86
82
72
96
86
74
99
89
92
95
78
86
97
93
86
93
89
78
89
85
92
101
91
112
102
102
110
102
108
101
106
99
110
97
114
99
108
108
99
99
111
97
108
64
94
86
105
78
102
90
92
106
91
58
99
61
93
93
107
95
133
123
129
118
126
125
139
131
137
101
119
113
103
92
111
96
103
84
75
112
104
102
113
106
118
105
82
113
101
87
88
114
101
97
114
99
87
85
96
95
99
98
110
100
109
113
106
110
103
90
75
73
34
46
81
53
102
112
93
79
45
64
63
89
87
106
103
123
118
121
106
113
103
107
95
108
95
68
85
100
77
94
93
109
107
95
78
101
91
99
97
110
110
97
88
61
58
61
81
111
108
96
101
84
61
57
74
73
89
89
98
101
100
91
104
96
100
83
95
103
92
86
99
98
87
96
89
79
73
92
103
98
21
63
81
22
93
57
20
45
75
3
2
14
29
30
43
21
19
25
40
38
11
9
6
7
8
8
24
21
12
5
10
12
16
27
33
39
50
59
52
65
64
77
70
71
58
72
42
52
80
79
95
84
90
58
93
56
48
73
82
82
81
88
95
88
67
87
86
103
97
99
111
93
93
106
100
96
90
83
100
105
104
108
117
107
98
105
95
120
112
108
100
104
92
116
107
118
99
93
107
100
103
108
80
92
98
100
109
116
98
102
97
104
108
106
101
126
118
102
119
107
112
111
113
104
90
108
95
97
82
112
83
87
101
102
100
101
86
101
88
105
75
44
80
26
64
98
38
80
59
19
34
42
35
51
72
74
80
77
73
96
86
96
89
103
103
94
100
91
91
108
108
103
118
117
123
130
138
126
132
57
37
106
120
45
21
74
99
82
6
35
45
52
52
78
91
89
104
111
117
128
147
135
156
130
136
124
141
144
139
125
144
119
139
116
125
55
52
75
109
92
27
67
6
12
8
11
13
9
11
35
32
33
4
4
2
12
17
9
28
23
26
37
32
44
47
66
63
78
81
86
88
91
105
98
113
106
103
118
113
109
108
89
97
80
110
102
104
106
103
97
96
73
73
107
100
87
81
105
95
103
93
88
102
101
116
112
112
92
99
106
93
107
94
80
100
98
90
107
109
104
104
98
111
99
96
110
111
104
92
118
102
97
105
94
101
45
56
65
87
39
101
29
89
4
5
9
11
11
49
47
48
73
63
65
89
86
103
101
95
93
110
101
95
94
101
113
116
109
117
104
117
111
117
107
116
105
110
102
103
111
110
92
85
101
87
106
81
95
101
103
90
101
103
112
93
115
94
94
93
103
80
85
98
110
86
102
81
59
109
67
95
89
98
49
80
91
100
89
102
103
113
109
85
62
90
90
84
80
94
102
102
111
110
109
89
82
102
104
98
96
107
116
99
114
105
117
109
110
107
91
94
79
85
113
102
75
91
89
93
91
102
105
122
105
113
108
119
127
109
115
90
101
101
93
112
107
105
116
98
98
93
105
44
52
110
69
64
43
8
8
6
5
15
28
22
7
17
8
4
4
13
32
40
35
47
43
57
69
401
417
491
493
510
511
537
185
186
143
118
187
173
119
106
105
90
96
97
79
81
70
71
95
133
110
4
10
14
14
42
49
52
54
50
38
46
33
37
56
31
50
3
9
50
73
89
88
88
86
92
72
36
85
39
70
99
33
88
48
5
15
15
5
15
21
22
13
9
19
6
4
4
19
15
26
18
17
35
35
35
31
21
42
42
64
45
46
65
72
76
77
91
113
113
121
108
96
76
99
105
35
59
77
58
39
47
46
65
66
85
86
106
106
121
119
103
115
122
132
117
45
103
73
124
56
32
94
31
80
8
5
5
10
7
9
10
34
31
34
34
31
51
49
50
67
83
77
79
89
84
82
472
469
491
485
486
474
515
503
509
505
139
127
143
143
118
113
99
96
91
81
74
62
48
153
9
16
13
29
27
19
29
27
37
42
53
36
43
33
70
61
80
77
73
85
74
85
84
83
82
201
196
187
169
195
186
191
192
208
208
102
130
98
122
111
83
66
87
72
97
57
42
35
43
3
15
15
7
27
6
25
21
5
3
6
22
26
35
28
21
24
27
38
21
3
9
15
30
42
20
31
17
24
11
35
14
11
73
87
103
117
72
79
71
63
70
82
95
100
75
93
78
89
83
115
113
132
100
110
89
109
104
107
91
106
82
84
94
103
102
96
118
108
113
98
113
108
89
65
110
101
87
102
95
94
96
108
109
71
76
69
106
113
109
120
128
121
103
119
111
101
112
109
108
98
103
92
100
91
92
98
80
86
87
81
106
97
100
118
126
106
109
134
132
124
111
103
117
96
98
95
82
88
75
95
113
103
114
108
124
111
132
107
121
134
109
114
106
121
105
111
101
91
96
89
90
106
91
97
80
79
87
89
77
108
86
92
103
102
80
97
130
121
99
134
112
100
117
106
103
95
105
104
98
90
138
137
103
131
128
110
137
125
93
93
107
95
111
99
101
129
107
111
104
121
107
121
108
96
104
106
83
76
115
102
114
97
95
102
92
80
71
84
78
94
87
80
99
88
77
102
101
95
115
114
114
113
107
133
104
100
114
99
111
108
120
118
111
112
109
106
116
109
113
106
112
106
111
109
109
102
106
97
101
107
87
96
108
102
95
87
101
83
99
96
103
96
112
97
100
106
112
84
93
109
112
115
99
110
97
102
85
97
98
87
88
101
94
90
102
76
96
106
102
95
98
100
94
99
92
100
84
101
92
100
101
104
99
100
103
101
94
100
94
102
91
104
98
105
103
95
96
106
85
108
98
101
83
90
92
89
91
106
85
100
83
93
82
82
75
92
86
92
81
93
82
90
100
96
96
94
105
104
96
104
97
105
98
103
100
106
100
105
93
104
93
104
98
107
105
101
103
110
103
109
106
110
102
88
109
100
118
125
124
128
120
128
117
129
122
135
117
107
115
113
105
99
110
107
100
98
108
83
94
102
98
91
88
95
97
86
100
85
86
86
89
96
83
81
100
94
101
99
102
100
96
104
107
105
95
108
85
112
98
111
99
95
113
102
111
118
117
104
111
100
96
110
107
98
105
96
89
96
107
91
88
99
93
86
97
86
88
65
83
99
91
108
88
99
97
108
100
117
119
94
101
82
100
88
105
98
97
104
99
106
113
106
109
103
101
109
109
102
110
104
93
114
99
101
116
89
96
116
102
99
103
96
110
94
77
108
93
107
100
80
73
66
92
109
89
97
85
100
80
87
94
83
99
94
101
93
98
87
100
98
101
114
86
101
103
100
114
91
94
108
103
100
107
108
122
99
114
101
117
115
109
106
93
80
101
87
100
90
93
99
98
87
102
92
101
94
94
89
72
119
67
41
55
51
85
74
88
31
79
93
105
93
40
58
58
72
70
73
90
92
113
98
111
100
117
88
103
110
108
125
101
99
79
95
99
83
96
86
84
91
69
79
103
96
97
106
113
108
111
89
103
103
109
114
116
107
114
102
114
102
116
103
118
109
121
114
119
107
119
122
112
126
111
116
108
114
114
119
104
90
101
110
106
81
104
76
43
90
41
85
89
56
60
12
69
43
65
38
4
19
6
14
5
22
16
21
10
17
13
24
5
9
8
20
17
4
4
5
3
25
12
7
9
7
17
19
33
36
36
57
62
21
51
28
21
29
61
29
31
52
10
11
31
31
47
56
58
59
58
74
55
72
93
86
105
104
97
105
114
111
100
85
95
89
106
122
101
121
166
160
166
169
180
130
148
424
407
425
376
363
380
375
358
380
385
95
77
100
87
93
97
97
99
84
87
66
67
91
79
90
88
88
87
93
97
94
101
90
103
87
89
100
104
96
92
71
71
80
58
86
91
89
97
100
97
99
69
83
93
92
104
102
108
98
98
108
111
102
101
108
103
99
87
103
75
88
93
98
98
96
22546
22573
22619
22611
22646
22646
22635
22626
22617
22671
212
226
186
125
84
164
84
238
239
244
202
81
83
85
86
72
59
216
251
5
18
30
22
30
14
17
33
20
4
13
17
24
19
6
18
23
2
23
6
5
25
9
26
24
28
33
41
41
52
51
60
60
60
53
86
88
91
92
97
84
95
102
82
92
98
94
86
94
94
99
107
88
102
87
92
82
79
70
82
93
60
83
96
84
102
94
109
101
99
98
116
95
97
91
96
91
89
94
77
98
92
90
86
86
96
97
89
96
84
86
86
89
100
91
99
99
87
99
89
93
82
84
99
91
101
89
91
96
97
96
97
106
99
88
99
88
81
99
92
101
92
90
96
79
77
92
86
92
82
97
86
80
98
89
101
93
90
102
89
103
100
86
102
109
104
92
103
117
112
99
90
110
107
100
86
93
109
102
106
89
101
97
102
99
107
94
99
85
98
103
95
100
87
20
33
75
41
64
47
60
95
4
14
11
22
7
20
36
60
51
62
55
70
68
79
84
84
103
96
108
96
98
104
87
105
99
104
99
104
99
100
96
106
97
101
95
99
79
97
89
102
92
88
100
94
107
94
112
110
128
104
116
102
100
90
100
97
96
89
140
140
130
147
142
164
148
166
152
165
117
109
91
112
114
107
113
105
115
103
121
112
121
108
104
110
86
108
96
70
86
103
90
103
94
101
93
95
111
79
108
93
105
98
114
99
100
93
110
101
102
110
108
104
108
102
114
95
107
102
108
100
89
96
110
101
94
81
107
107
95
112
104
108
96
108
100
94
94
104
92
102
95
99
105
95
119
106
114
108
111
118
118
115
123
97
102
115
113
106
90
99
100
93
99
85
97
88
100
97
112
102
108
115
112
105
111
105
106
85
98
97
110
103
96
112
96
113
97
102
94
100
109
112
102
112
100
92
115
103
114
101
105
98
100
82
101
98
90
101
90
94
84
94
100
92
94
99
102
77
90
95
16
85
94
18
53
66
18
37
50
73
8
8
23
32
30
35
57
50
68
64
75
73
84
85
101
102
112
110
109
102
103
96
100
92
103
96
100
104
105
88
101
100
114
98
111
95
110
104
86
94
106
93
94
108
99
93
111
96
109
100
101
109
113
104
114
112
117
110
115
104
117
102
114
83
93
109
106
111
101
114
100
114
97
115
106
115
117
111
104
110
92
106
110
98
96
110
95
106
86
100
92
101
94
84
94
87
101
98
118
99
116
100
118
108
109
102
114
106
105
112
123
115
118
127
129
117
130
118
108
128
123
114
119
109
113
101
102
110
82
108
75
105
96
92
84
99
93
107
96
107
89
103
104
86
109
113
98
90
99
108
118
112
104
100
116
118
106
118
116
94
104
105
97
112
98
112
103
105
109
101
119
111
115
103
113
102
113
113
100
112
97
98
105
103
65
95
107
79
90
94
88
60
84
73
99
98
79
119
118
94
105
104
98
120
113
86
100
100
89
102
83
97
91
98
112
115
110
96
99
118
113
122
112
119
111
110
117
122
103
120
98
89
81
112
85
117
77
82
104
88
103
93
111
120
97
121
119
136
111
122
103
117
107
104
102
118
96
105
88
101
118
94
97
96
106
106
102
87
110
95
98
96
125
117
143
127
130
130
144
137
147
122
125
116
115
93
108
107
99
105
98
104
99
110
100
104
106
115
104
102
108
99
105
92
75
104
87
81
98
84
75
89
84
98
79
92
91
100
92
107
97
95
100
93
61
57
72
26
25
81
46
90
26
5
19
9
19
47
67
66
66
59
78
76
96
94
103
104
116
109
110
102
107
110
112
103
120
111
91
75
62
56
40
37
37
100
109
106
72
19
19
30
44
39
36
42
25
