50
91
76
102
89
159
176
86
161
175
161
97
137
91
121
111
94
112
91
98
116
137
114
132
151
142
128
151
161
155
147
153
106
113
128
126
170
147
118
114
148
120
124
133
126
119
136
86
92
112
75
86
86
38
40
39
40
79
39
78
25
59
39
128
87
5
7
6
5
6
7
8
6
22
4
19
20
29
40
21
35
15
25
24
10
4
24
21
9
32
7
9
6
14
7
8
9
10
31
33
56
59
58
69
70
73
89
88
87
83
110
107
93
111
105
52
87
95
39
79
17
61
32
50
4
16
14
29
26
39
32
21
13
24
16
14
12
31
32
57
59
62
61
81
84
80
100
99
111
127
125
119
117
116
105
116
89
31
44
55
91
70
13
103
53
8
8
5
4
4
8
13
11
5
4
2
10
8
32
31
17
29
38
40
65
62
65
59
57
64
64
73
89
86
96
90
77
94
83
96
133
141
149
141
139
131
141
138
148
92
78
66
140
90
96
95
109
85
58
100
97
99
57
94
103
58
81
25
77
67
71
72
71
52
84
69
69
83
92
92
83
88
89
88
97
101
100
93
103
111
84
92
103
97
113
94
94
99
74
90
93
93
107
102
100
96
110
91
102
102
109
111
102
116
109
98
115
100
102
101
90
100
85
77
92
95
83
97
79
94
96
94
76
93
78
96
94
102
94
108
97
107
103
102
101
106
113
95
95
89
111
100
90
99
88
100
91
94
67
43
56
30
26
86
94
18
60
4
11
9
16
8
9
15
11
6
4
13
11
29
10
9
23
27
25
6
19
35
47
40
57
65
55
58
77
79
78
91
94
74
86
91
84
91
93
76
93
92
101
92
99
93
83
100
86
90
75
84
81
83
82
74
98
82
83
75
89
83
79
82
85
78
87
89
79
93
96
87
92
92
85
81
52
76
40
81
30
23
56
72
38
53
57
5
14
15
16
30
29
30
38
44
41
53
47
59
59
75
68
73
85
86
85
90
101
88
97
88
94
90
71
72
79
76
88
80
82
89
87
95
90
106
97
89
81
97
4613
4630
4637
4638
4625
4636
4631
4634
4631
93
90
47
28
69
73
29
74
51
56
37
83
63
66
43
55
56
64
64
78
73
78
85
84
84
95
92
84
93
85
86
95
88
99
91
98
101
90
102
98
104
92
100
90
91
99
99
94
100
90
2773
2765
2780
2889
2881
176
134
2856
2873
2863
136
151
2848
31
4
8
7
21
5
22
16
18
15
13
4
17
29
39
38
48
59
59
58
59
82
85
97
93
92
109
74
62
107
74
53
28
98
47
113
7
23
22
19
45
43
61
60
74
67
67
87
30
69
71
85
66
44
46
62
19
16
29
29
34
32
47
48
44
54
17
63
53
50
13
14
4
3
31
13
15
8
16
4
20
20
29
43
52
54
57
63
72
73
83
69
73
74
70
56
68
32
19
9
20
52
8
48
26
62
4
19
19
28
16
39
54
66
62
64
70
74
71
89
88
86
92
105
73
92
97
79
90
87
103
100
98
89
99
89
100
95
77
43
68
97
52
104
20
86
29
62
7
4
11
21
19
7
10
5
7
16
34
41
48
41
62
55
72
68
63
70
95
101
91
98
102
93
100
71
78
98
109
98
84
96
100
101
73
94
99
99
95
97
125
123
121
133
114
120
114
121
121
112
91
87
92
82
72
96
88
90
77
87
86
94
67
87
66
94
79
98
91
101
89
90
101
94
77
81
103
96
112
97
104
98
97
106
103
112
101
102
115
113
101
115
104
111
104
108
100
90
107
97
115
99
111
101
118
104
121
108
110
112
109
102
109
97
110
101
113
115
102
108
32
18
40
69
20
82
110
103
91
55
57
4
3
2
34
36
18
22
16
46
48
69
77
59
68
71
69
81
81
100
98
96
113
106
116
105
112
103
96
110
106
104
103
104
99
105
107
106
101
108
117
103
109
109
113
107
93
96
105
106
111
97
108
96
109
114
121
114
112
129
118
109
120
91
108
98
85
106
105
82
101
90
95
90
102
105
110
98
106
93
88
95
89
99
93
106
98
102
99
104
91
95
57
102
71
100
88
41
41
103
41
75
63
94
94
77
96
107
89
72
81
78
92
98
106
96
95
95
109
105
92
105
97
97
113
101
90
103
112
111
111
121
109
119
102
89
102
102
113
85
100
90
110
115
132
112
104
126
91
69
76
116
109
109
94
74
94
105
104
122
120
109
103
111
89
107
102
88
109
102
108
104
110
106
108
20
92
33
38
106
59
75
55
83
8
8
23
5
20
9
19
20
17
33
41
35
51
40
50
39
54
54
60
62
77
65
75
67
85
48
35
64
61
77
51
75
30
5
4
18
16
3
3
22
14
22
40
19
29
14
10
11
34
3
5
3
15
6
18
17
31
41
23
25
49
47
56
58
78
83
77
94
86
97
104
84
101
95
27
58
44
80
15
66
35
92
86
15
16
18
13
9
14
4
18
17
18
12
18
14
10
11
12
12
40
37
8
33
23
6
5
6
18
14
9
5
45
58
24
35
41
20
23
25
14
37
12
41
4
3
23
4
18
26
31
34
36
41
56
51
49
58
38
11
53
54
22
19
35
51
41
9
5
8
5
13
12
5
18
19
11
14
15
27
20
22
33
41
53
61
58
41
81
73
96
106
97
116
60
30
94
11
84
110
77
17
69
45
4
3
4
29
30
43
56
56
63
71
60
28
58
61
40
20
69
72
65
42
5
14
13
24
36
39
40
52
59
59
66
64
66
74
81
73
91
85
95
107
68
103
80
93
101
101
99
90
104
86
94
77
95
103
89
83
96
100
112
98
111
98
103
95
102
107
107
132
121
131
141
123
108
106
110
97
91
122
114
123
110
124
110
105
74
26
22
108
60
33
116
116
47
85
66
22
10
8
7
3
4
9
22
24
31
35
31
71
70
91
80
77
77
94
95
102
100
106
100
109
109
93
98
96
101
83
100
88
97
99
82
78
91
100
80
88
100
104
96
112
92
112
106
108
114
102
99
97
105
104
109
96
101
88
92
103
96
100
115
103
108
108
119
107
126
114
127
114
119
129
117
126
116
106
115
121
105
113
105
103
114
104
111
117
97
94
107
101
83
89
109
102
115
107
118
105
122
110
122
114
120
107
120
112
118
106
115
109
115
110
97
111
91
86
87
82
107
73
84
96
95
86
101
97
99
89
114
100
96
105
103
100
90
97
96
106
96
114
101
117
100
120
110
116
112
120
117
116
97
108
104
102
101
94
93
105
86
104
101
101
107
114
104
117
98
89
116
97
99
111
97
107
102
110
108
99
29
81
79
69
37
71
55
54
4
26
24
28
41
39
49
58
54
60
52
71
82
73
78
75
63
83
82
81
84
84
100
84
97
92
79
72
57
85
88
87
93
87
68
89
81
82
101
102
94
108
88
104
97
113
98
99
93
95
95
98
89
87
97
86
98
104
96
96
93
101
99
90
85
94
82
85
90
88
92
79
92
83
88
94
102
76
97
94
90
77
85
79
97
88
93
96
99
89
88
97
93
105
103
108
99
119
102
107
103
112
99
113
106
110
103
109
98
100
108
107
96
105
99
107
94
93
89
85
92
86
77
67
104
97
74
92
93
91
111
109
113
112
108
107
119
111
8612
8607
8619
8635
8665
8670
8675
153
8675
142
8653
172
79
42
127
45
160
18
52
77
6
5
5
16
15
28
35
33
31
50
36
28
23
20
50
56
45
64
48
35
56
56
48
67
85
84
96
77
84
51
64
75
79
87
77
89
83
90
72
85
80
75
84
84
95
77
87
82
92
88
69
87
79
83
97
78
80
102
101
96
135
128
142
133
132
126
135
127
133
137
71
55
38
90
61
24
43
84
4
4
6
13
3
26
18
7
12
10
25
28
34
47
46
42
46
36
28
52
55
27
56
42
58
52
66
77
74
57
58
65
68
18
23
21
38
64
55
53
5
3
16
10
32
12
7
18
15
48
40
36
35
54
66
45
68
47
75
62
59
38
75
79
45
15
38
69
63
34
13
25
21
16
23
20
24
5
13
12
7
3
3
10
5
3
20
29
40
38
49
58
58
78
77
94
89
88
102
105
83
39
59
71
109
95
49
32
3
10
3
3
14
15
5
24
17
26
20
12
3
5
17
17
36
45
43
56
46
41
66
60
76
76
96
83
100
93
92
108
106
106
103
125
117
111
103
112
107
121
92
125
104
86
99
102
98
113
111
101
106
107
102
108
87
102
106
91
103
95
86
101
89
102
93
97
96
105
108
116
104
111
100
113
105
113
102
111
102
112
98
111
103
105
111
106
108
91
106
88
96
93
101
97
94
98
95
111
94
96
106
109
104
109
102
108
97
108
96
105
96
107
101
103
108
104
110
108
101
128
114
125
113
126
117
126
123
129
106
114
112
110
115
115
108
110
108
104
112
115
92
106
113
102
106
111
118
105
115
106
101
105
108
112
77
70
94
99
104
93
108
94
115
102
97
118
104
97
88
114
105
114
101
105
98
100
104
96
94
85
110
103
101
102
95
101
105
103
97
91
104
78
89
66
96
98
92
100
79
95
87
97
101
101
123
118
123
119
129
121
122
107
114
97
109
97
108
95
98
104
97
105
91
103
85
104
95
82
89
97
89
98
97
78
78
101
83
101
100
115
98
103
89
103
97
102
93
82
96
91
78
96
90
91
79
90
83
83
95
88
70
95
99
99
119
103
107
106
106
103
106
104
106
98
102
92
96
103
112
102
104
120
112
106
120
118
123
106
123
110
118
123
104
94
107
120
105
118
105
108
108
113
106
110
121
106
104
106
94
107
98
112
122
106
110
94
100
78
76
104
110
89
102
72
77
76
61
102
98
41
50
78
79
42
67
61
94
69
84
83
77
82
80
125
115
110
100
106
113
100
99
90
100
124
115
128
117
129
116
125
123
120
130
110
118
100
113
105
113
92
110
102
117
104
110
111
101
111
100
112
97
101
96
98
107
87
96
106
97
88
87
78
99
93
86
100
92
75
73
89
87
106
104
103
118
119
105
111
121
118
105
110
118
119
108
118
117
110
118
107
108
121
116
106
112
106
110
104
97
103
112
93
102
111
109
96
115
107
101
113
95
105
108
107
103
96
95
96
95
86
103
100
103
99
108
96
112
111
119
117
104
108
101
115
103
107
100
104
100
100
82
101
38
69
50
31
44
90
57
32
5
18
17
21
25
33
54
53
32
45
63
23
65
30
9
26
2
4
4
20
10
19
7
16
15
13
8
7
17
7
20
5
19
29
42
41
43
60
63
72
74
67
83
92
81
49
29
54
82
71
85
83
93
94
78
90
90
42
46
37
33
9
22
37
29
54
11
6
8
7
34
38
10
20
22
5
48
6
3
10
29
28
60
57
48
55
73
88
85
82
91
92
94
60
72
32
46
23
69
104
69
46
9
26
19
24
10
24
17
10
23
21
14
36
44
17
27
22
18
26
30
34
9
21
33
41
38
47
47
62
69
43
40
24
60
16
67
32
58
21
22
13
46
5
74
3
3
4
4
3
6
4
19
23
23
16
20
34
28
51
34
32
41
31
30
78
76
76
89
73
53
84
97
97
108
100
113
101
76
109
101
95
90
93
107
109
101
112
96
108
103
115
105
118
109
108
96
107
98
112
111
107
107
93
100
105
103
96
104
83
97
97
98
109
91
116
103
121
112
123
116
127
118
116
111
104
117
103
84
106
98
110
113
85
119
102
109
107
116
95
111
102
112
127
106
106
97
109
97
119
91
101
109
114
103
111
118
106
118
115
107
98
119
104
111
113
102
122
114
111
124
114
125
125
116
118
111
93
114
99
116
109
98
104
96
83
103
100
93
108
97
101
104
96
90
108
106
98
106
96
98
101
97
105
95
94
107
98
105
106
100
110
101
110
118
98
114
114
123
112
116
119
111
89
111
73
99
93
85
113
116
106
113
109
106
108
120
118
122
121
111
99
113
102
121
104
104
113
101
118
111
102
111
114
101
111
104
111
102
116
116
103
116
103
117
103
118
109
115
111
100
90
87
76
70
58
53
38
6
19
19
26
51
64
60
57
65
79
77
98
97
115
108
120
110
121
117
113
106
92
120
102
80
114
65
102
73
86
109
93
113
98
111
101
86
78
91
85
100
99
106
92
96
86
94
96
96
86
98
92
104
107
98
96
99
108
105
98
96
100
72
68
66
88
114
105
116
108
116
126
111
116
112
131
97
99
99
106
103
104
92
98
75
95
98
94
88
81
99
90
78
88
86
104
85
90
98
107
102
105
88
102
80
100
87
99
95
86
97
86
88
99
85
85
79
98
85
80
65
74
89
56
89
80
91
93
84
104
105
79
97
82
81
95
87
103
91
76
96
92
92
102
83
89
93
99
99
93
101
92
86
102
102
94
98
93
99
88
98
103
107
104
101
95
107
97
101
110
86
104
101
109
96
93
80
83
87
95
98
100
93
105
92
101
87
113
92
100
101
100
102
97
94
59
79
42
66
78
90
56
67
96
88
100
85
103
84
83
84
97
96
103
105
106
97
104
91
105
97
103
94
110
99
106
99
94
68
88
90
89
104
88
101
91
98
108
98
111
77
109
75
102
98
79
74
86
80
76
93
79
16
40
39
56
18
60
31
52
6
7
24
30
28
40
51
48
62
56
53
63
66
64
84
86
100
80
96
69
39
25
59
86
73
32
52
91
80
76
68
75
71
85
73
63
90
90
94
82
100
98
85
75
95
76
97
89
100
99
106
95
82
97
84
104
99
94
102
90
104
98
102
86
86
77
84
106
92
99
113
99
103
94
107
102
102
107
88
92
91
82
91
84
64
74
97
106
100
106
111
118
118
69
109
95
89
87
103
97
100
90
100
98
97
69
82
91
87
91
96
90
97
85
108
92
104
112
115
94
101
92
109
94
88
92
104
100
91
107
93
106
90
83
80
91
91
96
84
91
80
91
94
98
78
91
92
89
98
104
102
104
87
95
102
97
98
114
107
96
104
95
102
93
100
102
95
97
86
114
104
109
107
84
94
104
112
90
100
98
86
83
93
93
78
96
91
95
88
101
80
96
85
81
101
87
91
93
83
85
100
100
109
90
90
102
101
99
101
81
97
97
100
90
101
92
86
101
89
94
99
92
103
104
90
88
102
101
93
87
83
90
89
92
85
92
85
101
92
96
97
112
102
112
101
125
113
119
108
120
103
100
94
114
84
76
73
104
89
97
99
99
85
82
103
101
119
112
119
97
107
100
111
111
109
88
102
105
108
106
108
109
107
88
98
101
108
108
93
108
93
105
98
106
99
86
96
105
107
97
108
96
104
115
101
113
115
103
113
107
111
90
84
100
93
108
89
77
96
90
93
100
99
95
98
94
97
109
52
84
63
48
72
33
89
28
31
13
4
3
24
11
20
7
12
4
6
21
30
24
25
35
36
48
65
53
64
44
62
42
46
52
60
28
35
12
19
30
47
47
58
49
63
62
60
76
75
91
94
93
97
92
103
105
118
97
106
99
105
99
85
96
104
104
84
72
85
77
86
94
81
92
85
97
96
97
108
89
98
91
105
87
102
96
112
105
97
81
85
72
90
101
103
91
105
99
112
104
107
79
94
102
86
87
67
81
83
90
76
84
84
70
84
93
97
106
96
100
101
83
102
83
101
92
100
75
88
92
100
101
88
103
95
104
94
91
91
97
105
103
94
95
106
90
77
104
83
88
80
80
94
93
85
92
83
76
99
92
108
89
99
90
99
92
96
96
108
96
105
85
101
98
92
100
93
94
99
94
100
83
97
69
76
96
67
84
98
89
94
100
72
95
80
82
89
81
88
90
99
97
99
90
90
98
101
94
91
93
75
86
95
102
96
103
91
105
91
96
112
109
94
112
97
103
104
99
95
104
109
107
74
95
83
103
105
99
106
97
106
96
104
108
118
94
95
106
99
107
106
95
106
97
104
98
84
96
86
86
76
42
16
74
59
58
33
37
23
16
15
21
61
59
74
80
70
82
84
99
97
110
102
107
113
98
104
107
97
110
67
92
78
107
80
92
93
107
103
89
103
72
87
89
104
101
81
94
97
90
103
96
95
75
85
107
98
106
108
108
95
108
100
97
91
104
92
93
103
103
86
101
117
106
119
106
116
104
104
118
108
117
96
108
100
102
108
97
110
100
109
104
108
111
112
99
99
111
96
109
88
93
106
105
94
100
93
100
106
103
119
100
99
113
109
100
113
112
90
104
104
103
103
93
102
89
90
102
95
104
81
88
100
93
87
92
86
93
84
86
98
87
102
102
93
105
93
105
95
104
92
102
94
99
86
88
100
98
89
103
91
102
96
103
104
97
97
106
109
106
94
105
99
99
103
90
83
100
92
100
88
103
94
106
94
99
96
93
107
104
96
86
84
81
98
88
94
94
92
93
88
90
94
104
69
88
99
98
94
101
95
84
98
79
99
88
99
92
101
95
108
98
112
113
100
109
103
90
107
99
86
87
102
94
89
96
96
91
104
90
82
102
90
99
93
86
88
93
101
94
109
94
102
84
93
19
36
46
32
98
57
64
76
85
77
65
39
40
59
57
75
74
93
93
102
94
93
86
97
87
99
83
91
73
95
72
90
70
82
101
94
103
83
95
90
69
103
72
92
85
82
97
76
99
87
87
99
97
82
94
92
86
84
100
101
87
99
92
109
100
118
99
107
104
99
102
91
77
98
91
84
101
90
99
94
96
109
99
98
103
86
95
83
72
78
91
89
83
81
84
82
86
96
86
104
102
103
92
107
108
100
106
108
98
106
95
98
91
105
96
104
96
100
89
91
83
103
100
76
89
85
90
86
95
97
86
99
93
86
96
85
85
96
97
87
104
95
100
94
89
98
94
107
97
96
85
98
86
98
95
96
75
82
89
86
93
91
90
100
99
89
102
90
89
100
107
96
108
96
101
94
103
102
105
98
79
99
91
99
88
100
87
77
103
95
84
102
82
93
100
93
101
108
88
73
98
90
81
98
98
94
106
110
91
102
109
108
90
102
84
110
97
111
100
110
100
109
90
104
103
100
107
95
76
84
69
103
96
84
95
97
95
87
103
93
95
78
92
84
93
91
85
88
94
84
95
85
83
100
99
94
108
100
93
103
81
89
103
106
93
85
98
83
101
99
102
83
102
96
107
99
91
94
100
100
92
95
93
88
89
81
85
95
100
98
86
102
95
111
99
116
109
102
120
106
115
103
88
113
107
96
115
96
109
99
98
113
106
88
103
100
92
90
103
98
91
92
98
100
106
110
99
110
102
110
100
112
114
103
112
110
108
105
111
108
111
102
72
84
95
65
27
45
60
17
41
4
9
6
19
17
4
19
18
38
56
58
66
68
63
74
66
95
97
102
107
98
99
96
89
86
90
87
97
94
85
89
89
99
107
104
86
97
107
95
104
107
102
101
99
97
104
98
87
96
88
100
78
81
91
89
98
100
96
101
98
103
105
90
110
112
111
91
89
100
103
88
87
97
74
95
89
103
93
92
108
101
94
103
96
107
96
89
100
32
74
84
67
60
57
22
57
2
4
11
21
28
10
9
20
27
12
17
3
17
26
34
29
6
31
16
19
8
6
9
22
33
28
41
60
53
70
69
73
85
86
85
96
98
82
90
98
91
82
97
96
71
100
102
95
103
91
100
89
87
73
88
61
74
73
70
78
98
97
106
99
114
95
104
116
85
78
67
114
103
82
86
84
92
87
89
88
88
93
87
81
84
87
81
92
78
96
76
76
82
74
77
93
85
80
78
92
92
88
103
102
93
91
88
88
91
92
82
101
100
98
84
97
89
95
86
90
85
77
70
70
77
66
91
77
76
84
75
85
93
108
111
86
97
110
97
78
94
107
20486
20504
20532
20521
20529
20524
20542
20540
20562
20562
116
154
173
170
183
185
156
160
150
163
158
98
109
96
101
93
86
79
107
88
85
97
96
90
97
106
93
107
91
85
94
103
97
101
108
86
106
98
102
93
107
89
80
95
94
94
80
92
81
91
101
97
92
85
100
76
93
86
76
77
47
29
72
28
60
82
28
91
63
102
80
80
86
81
107
104
124
123
138
131
154
143
126
116
120
113
118
124
115
134
129
117
131
110
100
122
109
121
119
123
109
118
126
103
123
121
132
118
127
119
125
113
110
102
100
105
104
97
104
102
102
100
107
105
106
105
103
85
93
95
75
90
81
92
62
75
75
88
81
77
87
83
93
91
73
95
88
72
78
93
85
84
99
88
94
77
73
67
76
90
94
85
74
71
89
92
98
90
94
93
92
90
97
96
99
87
101
90
100
54
93
98
63
74
80
92
79
92
84
84
90
89
105
106
99
123
87
108
94
108
94
99
86
98
98
90
86
97
84
86
70
102
95
101
95
101
101
111
118
110
92
86
99
82
102
90
147
145
156
149
161
153
163
152
103
115
104
111
108
106
108
102
104
106
102
96
97
97
90
101
90
104
90
99
86
77
91
91
90
85
85
91
93
86
94
99
98
97
100
88
101
81
97
83
96
97
79
84
65
87
89
73
91
82
74
99
97
107
90
98
94
98
105
105
89
112
96
101
109
96
107
104
108
110
96
90
94
91
108
106
110
100
107
99
112
103
123
109
108
112
116
112
120
112
108
116
94
116
102
112
96
99
87
94
101
94
105
93
100
96
102
102
109
97
94
91
81
101
82
97
92
97
92
95
105
104
103
108
101
86
90
89
101
72
84
102
93
93
107
87
97
91
97
94
98
89
89
100
86
92
89
101
83
92
82
103
106
87
43
21
39
63
53
74
79
13
12
11
13
15
5
16
17
14
29
26
44
45
62
71
69
74
90
87
71
94
96
102
95
77
93
111
120
92
127
102
106
84
102
99
95
82
105
108
88
91
65
19
19
57
74
45
85
7
8
23
30
20
33
23
13
26
27
25
14
27
29
54
63
65
69
83
79
75
79
97
97
68
113
44
57
53
85
81
98
50
63
76
20
45
8
6
19
38
24
18
8
19
6
18
20
31
31
13
17
36
35
6
5
27
37
19
22
28
55
48
22
22
24
43
50
5
13
11
24
14
26
42
34
24
21
14
8
5
4
3
21
17
25
27
35
47
51
28
47
20
32
23
18
10
50
3
13
13
48
60
59
63
53
69
67
56
63
77
81
80
40
64
38
21
82
49
36
75
9
25
22
24
25
18
11
22
19
16
24
27
47
45
35
53
51
33
47
36
61
50
85
41
71
57
33
51
69
64
76
73
66
71
87
86
98
98
108
106
109
104
110
102
102
91
100
92
99
108
102
87
118
116
127
125
128
130
121
131
118
120
111
91
104
46
77
70
58
32
