60
65
29
173
239
200
235
7
235
368
407
257
184
250
147
207
194
186
243
351
240
237
221
125
163
371
224
215
528
564
528
644
608
351
455
525
599
520
445
450
376
540
502
429
510
523
456
547
541
444
408
455
340
479
462
506
493
406
510
365
556
497
571
493
478
515
533
374
435
397
402
557
538
478
506
544
488
577
549
464
586
566
496
584
534
625
655
640
590
586
388
540
477
451
419
349
413
461
607
348
500
587
566
345
316
437
476
350
334
613
547
572
574
430
579
419
369
413
395
410
353
423
327
396
476
421
375
421
409
454
350
373
394
358
389
461
448
397
407
453
464
433
413
477
412
416
461
437
358
300
407
394
448
458
453
464
429
450
418
356
391
337
318
256
222
220
237
247
227
237
212
224
257
239
231
250
223
193
235
206
187
136
242
214
233
207
227
249
213
248
244
233
183
174
205
227
210
196
223
181
219
180
202
191
208
193
205
211
192
159
214
209
210
185
158
211
227
204
239
205
214
211
214
228
182
197
210
192
217
194
203
230
196
200
212
218
186
222
228
209
226
197
205
233
196
235
218
161
88
60
34
169
92
81
205
129
7
29
65
76
71
131
114
148
126
146
160
188
190
188
183
236
194
222
225
229
181
202
221
197
160
216
190
188
191
214
178
187
203
187
209
146
193
179
183
195
159
155
197
220
205
191
219
204
205
210
182
179
202
200
184
190
190
216
193
198
190
211
183
170
190
216
212
216
202
228
224
223
237
236
163
171
173
190
151
199
172
174
157
192
189
246
231
236
207
228
222
201
196
187
153
160
137
140
162
129
138
147
153
935
935
933
928
934
939
1089
1090
1182
400
1171
349
332
347
373
372
247
151
175
156
116
147
114
180
166
151
143
164
109
129
126
142
94
158
135
133
149
160
157
135
135
164
165
168
181
180
161
149
129
162
166
155
181
159
171
153
176
149
146
147
164
141
155
168
176
156
181
170
189
179
187
206
203
170
80
149
115
105
49
143
67
161
135
113
91
117
116
132
135
136
196
184
209
187
197
185
204
200
149
193
195
175
189
166
188
182
196
178
187
176
172
163
172
153
174
161
150
168
180
181
180
167
168
141
173
164
174
168
185
186
170
184
175
183
195
192
193
174
119
168
69
193
131
97
146
148
110
46
45
128
28
91
29
6
4
6
5
7
40
32
51
48
61
21
18
64
57
50
12
10
19
26
52
51
57
62
79
83
82
102
88
91
117
114
55
86
27
101
82
42
96
7
41
24
64
81
84
77
119
120
138
139
170
159
198
179
183
193
220
222
220
202
218
177
202
197
206
168
161
116
136
187
173
153
164
161
183
182
174
144
177
180
177
191
189
195
176
199
172
185
168
149
175
167
186
158
138
177
167
128
166
183
167
155
158
100
98
144
138
169
155
148
160
154
148
116
154
143
133
122
134
173
156
187
170
190
177
148
188
169
168
177
191
187
166
169
190
193
180
75
54
123
119
137
162
38
85
12
6
10
22
24
26
24
82
103
103
96
110
113
112
145
163
151
180
184
176
176
199
178
137
122
63
58
34
164
82
184
23
97
5
5
24
33
48
86
84
102
101
118
116
120
25
125
85
63
102
128
87
143
131
55
6
31
49
27
9
21
9
23
25
8
26
5
4
41
27
45
56
76
99
78
96
110
101
128
112
125
117
167
128
146
158
166
145
159
150
163
167
149
118
143
122
133
149
150
141
126
99
159
97
139
143
124
129
110
57
62
36
126
60
105
47
7
4
24
11
39
54
50
71
65
59
99
101
86
113
126
133
112
129
116
140
150
122
152
132
139
131
137
129
175
157
151
140
121
141
121
130
120
144
143
128
144
126
152
149
153
152
135
142
154
138
121
108
114
100
96
82
73
140
160
11
24
42
40
29
54
69
80
77
71
90
99
99
123
115
100
106
125
63
43
29
90
107
87
10
8
33
32
41
15
28
34
11
29
27
43
38
29
33
43
101
102
51
73
64
45
124
56
128
60
103
99
48
90
5
20
16
33
10
6
31
4
27
27
36
51
68
78
90
86
89
111
102
97
132
133
144
147
157
136
134
157
134
152
158
142
150
107
21
137
89
33
15
117
76
101
54
110
28
6
7
3
35
25
23
56
65
61
86
63
66
106
104
97
87
63
121
74
50
129
120
118
105
118
101
76
55
54
60
56
133
120
132
142
132
128
97
130
107
119
121
141
135
134
137
113
142
143
112
135
131
152
149
136
144
138
155
155
141
157
137
147
134
142
144
148
157
137
159
124
143
151
157
133
147
133
150
119
132
121
136
133
136
133
136
126
145
141
154
142
152
155
140
157
140
154
133
138
137
134
148
7450
7541
7519
7533
7538
7514
78
7539
52
7521
53
7499
179
173
10
13
34
40
19
34
48
34
23
17
32
49
123
136
132
130
155
145
174
115
144
142
155
162
152
148
149
149
143
135
112
149
144
134
118
172
148
135
103
172
120
167
99
113
109
128
132
120
138
139
147
159
151
130
124
175
166
171
165
154
153
174
162
146
159
152
145
163
165
164
161
148
159
130
146
151
158
135
152
137
142
137
165
146
145
145
148
158
163
151
186
174
180
163
179
164
178
148
141
162
143
129
127
143
116
125
142
128
138
138
133
135
144
152
139
160
158
164
159
157
141
137
153
131
122
148
110
128
137
121
137
142
129
142
132
152
138
138
138
157
147
160
144
134
154
129
146
146
134
121
115
131
142
97
89
107
133
93
62
28
21
86
109
81
65
5
23
23
35
34
81
79
82
85
86
97
89
44
30
86
85
73
56
84
11
10
15
49
48
93
88
94
93
118
132
121
139
139
151
158
118
166
118
144
123
129
125
130
118
139
119
125
122
118
117
134
115
141
121
118
144
31
20
60
76
141
123
49
109
90
11
30
30
65
63
49
84
59
59
62
51
57
25
19
18
24
67
67
64
73
78
72
77
90
59
53
66
60
67
71
4
7
32
5
14
24
15
37
66
53
74
88
106
104
121
138
132
158
146
144
151
150
147
144
56
127
95
77
42
37
100
25
148
59
14
49
54
81
81
37
65
30
34
67
19
59
5
6
45
23
42
41
93
93
97
97
126
130
142
137
137
134
145
141
169
155
166
143
139
146
153
167
121
132
150
128
153
135
161
140
159
144
126
111
157
146
152
154
151
132
156
147
144
159
137
155
161
154
170
171
136
153
165
171
161
173
160
142
142
114
165
83
132
124
68
55
117
54
25
28
91
110
26
36
53
11
22
16
14
11
31
26
17
14
15
34
13
24
41
41
32
35
62
85
59
104
95
99
108
126
117
145
163
161
162
121
144
139
142
138
141
145
143
137
115
134
127
99
119
121
156
149
145
130
134
121
154
155
139
158
137
125
140
137
104
152
152
163
161
151
149
160
156
132
133
139
156
155
152
157
141
154
148
153
134
135
108
152
126
147
138
163
135
146
158
170
154
150
127
96
115
142
149
142
164
143
157
145
149
122
155
155
150
167
170
151
134
157
176
157
178
163
158
175
167
151
153
129
125
119
142
106
136
138
135
151
139
147
162
141
168
144
117
100
150
147
130
148
128
147
124
146
145
177
177
161
146
175
160
175
157
186
179
160
173
185
166
150
168
155
149
170
163
151
152
158
156
157
146
162
144
157
139
163
145
162
172
153
164
154
171
167
155
168
159
145
144
158
137
151
144
157
142
158
142
153
153
156
139
122
156
135
141
147
148
142
152
143
165
163
163
160
152
165
170
148
169
162
156
166
167
159
164
161
163
167
157
145
146
163
157
138
152
133
148
138
148
128
147
137
146
141
146
147
137
148
144
144
136
140
135
144
146
154
149
155
142
147
161
163
156
109
159
146
127
147
157
125
72
92
153
139
114
144
155
143
159
127
125
103
126
115
125
126
158
144
158
140
157
153
164
152
172
141
162
152
160
140
159
142
157
140
159
137
160
159
162
155
155
165
168
150
169
159
158
146
130
149
139
159
141
162
144
141
152
160
146
174
162
165
156
164
161
171
111
89
101
81
163
154
121
91
133
23
59
29
28
147
39
117
25
7
22
9
20
24
11
41
39
47
47
58
56
63
48
54
8
22
25
22
18
10
14
8
21
22
11
11
16
26
48
47
67
59
69
110
110
110
110
135
134
159
149
144
141
150
162
153
140
145
141
133
169
171
168
145
116
165
103
131
120
149
145
151
161
155
159
120
141
112
154
135
151
145
156
152
146
105
128
118
140
141
144
142
151
143
151
148
140
137
153
152
139
148
155
138
151
141
136
138
159
147
158
159
144
153
146
138
145
141
116
136
140
126
134
119
132
133
148
130
132
132
156
143
149
131
158
136
138
161
147
133
122
136
122
124
124
139
136
173
151
158
159
135
151
159
165
153
156
146
139
151
157
129
157
157
169
157
163
150
168
165
165
148
156
133
162
154
163
160
147
163
164
175
161
174
155
172
154
145
154
174
161
134
160
165
131
156
158
169
142
141
139
149
162
142
166
167
169
167
169
160
181
132
165
164
162
145
164
153
163
163
171
159
170
167
160
141
160
150
159
146
154
146
148
158
122
86
79
109
40
133
63
57
5
13
5
4
35
49
36
65
77
69
115
123
112
122
126
125
153
153
145
109
131
65
26
14
47
70
90
98
145
10
8
11
8
22
21
49
50
66
45
51
47
49
107
96
119
131
118
135
109
133
119
139
146
127
136
152
141
138
142
116
111
63
38
19
92
117
59
79
11
26
10
26
48
51
33
31
13
9
7
4
28
24
33
48
30
24
43
23
25
4
4
6
6
33
31
18
47
47
43
23
25
29
17
6
24
55
53
83
80
74
68
87
84
80
26
99
78
36
51
5
3
27
17
20
22
5
5
7
6
32
19
34
20
45
18
21
41
7
6
10
18
10
12
15
7
20
9
9
9
11
31
12
14
31
12
27
42
53
74
59
64
77
79
89
88
106
99
97
75
96
72
28
53
50
25
15
16
39
66
65
80
82
88
104
102
122
134
136
131
149
154
138
87
134
75
48
113
103
147
37
65
18
10
7
8
9
24
23
34
43
51
57
61
65
101
116
115
133
120
140
143
149
135
158
145
146
125
117
135
97
113
114
118
116
143
118
121
138
125
141
132
147
142
145
148
131
148
138
122
117
129
121
130
128
137
121
128
140
111
129
144
138
124
127
135
128
103
120
124
147
134
138
123
148
127
152
142
156
158
143
127
142
146
133
140
125
108
136
121
134
113
76
22
60
92
52
96
132
22
10
7
25
43
31
42
53
40
52
62
78
72
73
72
83
101
99
112
108
132
108
104
128
121
132
133
124
142
111
113
128
63
100
42
27
120
100
80
53
118
11
15
8
38
49
28
42
79
70
71
101
91
101
75
90
86
88
69
52
82
36
21
9
8
29
27
46
54
69
65
80
68
89
86
101
117
122
120
109
136
129
136
101
122
128
117
130
125
118
123
131
121
123
154
129
147
117
150
140
130
145
156
149
137
111
86
121
129
62
107
128
111
131
130
115
131
125
115
137
124
135
150
131
151
141
157
135
147
113
133
144
134
132
142
140
130
147
134
136
151
143
153
143
139
131
115
154
136
139
126
134
123
127
126
113
142
134
132
122
138
140
125
152
144
148
135
145
148
133
147
127
141
132
81
84
108
117
97
128
125
138
126
122
121
99
121
121
144
135
141
134
136
142
132
143
144
136
144
133
145
129
142
131
141
132
145
127
140
121
139
123
122
137
149
131
141
150
152
143
148
143
124
137
100
109
86
128
112
129
137
122
140
131
152
139
139
115
124
110
102
114
141
127
141
130
144
145
159
111
145
160
154
164
152
163
169
150
163
165
174
160
147
127
141
124
128
92
118
108
112
109
125
129
116
129
133
122
121
99
134
139
129
109
141
132
129
142
132
151
118
130
117
120
123
103
102
113
86
139
137
136
132
124
133
119
151
103
126
117
126
117
142
130
145
130
137
123
135
143
114
124
133
117
125
123
107
131
97
121
83
87
135
121
142
128
140
137
154
154
171
139
112
139
123
129
119
29
73
65
121
97
39
105
30
105
74
54
5
19
19
33
33
33
49
48
57
77
79
75
106
101
96
119
119
105
125
83
137
97
118
119
116
125
88
94
114
135
112
103
114
113
124
135
122
88
122
122
142
125
139
121
141
135
140
144
131
117
134
128
134
142
128
143
114
138
125
142
132
145
119
102
72
114
95
111
131
80
117
99
111
129
72
78
80
78
106
128
121
135
87
131
107
106
113
106
121
131
115
132
129
109
130
131
130
115
135
116
122
121
132
129
112
128
100
107
123
117
112
112
117
119
119
121
124
104
124
116
130
120
111
85
123
93
126
109
124
102
110
118
116
128
107
127
129
122
100
125
117
116
136
121
116
125
138
126
121
121
129
120
108
104
124
116
117
107
114
111
111
106
99
74
73
97
107
112
102
102
112
84
126
112
120
120
131
104
122
117
125
123
125
88
103
117
107
108
96
106
89
96
109
101
79
115
109
115
110
104
109
114
131
123
117
140
98
121
112
131
121
108
118
105
84
99
116
101
115
18924
18901
18911
18925
18942
18937
18956
18967
18952
166
151
142
141
155
153
134
157
139
117
107
115
132
122
114
96
124
116
141
138
139
130
139
149
157
163
145
207
187
206
189
201
186
198
186
189
121
131
141
137
122
134
123
142
140
125
134
127
105
136
123
114
138
132
119
119
138
121
134
108
129
135
104
99
100
85
87
68
63
118
136
11
5
8
5
14
7
5
18
35
15
26
17
11
25
43
55
15
32
25
40
29
45
51
45
6
6
2
34
10
5
6
22
35
40
47
54
64
66
58
64
84
97
94
110
91
104
100
98
100
128
108
130
124
143
130
122
126
131
143
129
134
135
130
114
105
125
116
124
67
103
39
118
37
80
47
89
21
5
6
4
21
30
24
39
57
55
70
70
95
77
92
83
101
100
105
87
90
110
98
116
108
124
127
116
121
116
131
105
124
81
39
22
86
54
39
79
5
3
3
10
4
4
6
4
17
15
25
38
36
42
36
49
30
44
21
56
53
60
21
21
39
9
7
25
42
25
39
27
44
36
41
48
4
4
4
9
12
6
5
13
16
12
45
46
42
39
59
51
56
31
29
30
52
7
11
16
12
19
4
4
22
4
15
32
46
48
69
57
19
52
43
60
23
39
70
27
6
20
50
37
16
35
16
22
25
19
4
3
18
25
9
29
20
23
33
15
27
16
25
19
21
5
2
5
19
22
33
53
35
35
67
84
82
98
72
69
96
78
85
96
111
112
113
84
100
38
53
12
41
24
58
78
53
78
25
31
82
13
10
25
42
57
71
66
72
86
84
94
90
78
81
115
114
92
127
112
113
104
106
103
58
104
109
56
33
108
43
27
84
5
20
22
34
51
50
61
56
73
73
83
82
71
74
102
79
88
82
99
114
104
89
19
46
62
71
50
100
4
13
25
24
43
44
54
53
43
41
56
69
65
68
33
72
42
62
28
12
8
6
8
22
21
44
39
40
72
62
40
43
33
59
48
77
27
83
31
16
8
6
4
19
22
22
12
31
27
12
26
28
11
44
42
10
25
37
4
5
20
18
31
23
53
67
72
82
75
87
86
104
98
88
26
65
71
44
76
29
97
98
10
24
41
31
39
28
51
64
18
57
59
56
21
94
62
43
100
27
93
31
33
59
52
3
12
9
7
6
24
43
35
33
97
98
127
128
147
181
182
171
163
167
196
214
169
174
170
138
140
68
95
91
51
107
43
131
11
7
15
11
3
57
20
25
24
5
21
5
21
20
13
44
20
43
40
10
30
4
16
28
33
41
38
38
43
12
11
44
26
28
34
20
26
20
46
48
63
70
58
51
69
84
86
90
89
91
115
108
106
106
106
104
94
109
101
110
96
104
111
93
89
110
108
105
124
105
104
87
95
100
102
91
98
85
91
91
108
120
109
109
117
98
111
95
121
113
100
121
109
103
118
109
94
133
97
105
104
122
116
97
117
110
124
114
98
108
104
97
110
100
101
100
108
94
86
77
59
103
14
97
50
34
28
66
16
13
22
19
31
22
21
48
19
16
39
55
49
14
3
16
15
42
42
56
63
50
51
89
86
93
91
88
123
121
107
43
89
117
74
66
131
100
101
103
86
67
70
77
88
86
98
56
66
49
97
16
99
33
88
48
5
20
20
11
30
26
31
13
12
14
22
38
39
27
46
40
34
25
25
46
28
28
5
16
16
7
31
27
9
32
3
18
4
15
4
7
8
6
22
39
38
46
46
76
70
90
85
62
97
94
86
100
82
87
92
96
103
104
91
92
91
86
96
94
102
86
117
103
119
88
104
97
89
105
73
80
59
93
83
88
95
42
91
40
49
51
75
92
91
102
104
110
108
99
141
122
98
107
108
126
110
119
114
105
116
115
93
101
111
116
106
123
111
116
110
116
114
115
98
111
97
69
96
108
74
89
111
96
101
89
77
99
84
99
99
98
93
95
99
93
102
80
99
94
92
108
96
102
111
116
113
99
103
100
112
97
99
114
113
93
108
100
95
114
96
106
106
97
91
98
108
102
109
111
112
110
122
110
112
113
81
71
105
111
93
125
102
117
104
97
113
102
125
88
98
90
102
89
105
97
87
93
105
101
115
98
114
109
115
64
88
96
109
109
77
96
98
81
70
100
73
84
58
85
77
90
89
93
94
110
110
118
103
90
110
95
100
93
91
87
99
88
84
66
102
63
88
81
101
88
95
82
97
96
104
62
102
43
50
98
68
31
96
88
87
90
100
101
113
86
114
86
92
90
93
85
95
86
75
86
81
95
90
91
97
100
90
100
99
87
81
97
92
98
88
75
90
101
94
93
79
82
103
91
106
90
104
103
116
94
94
95
87
87
91
83
71
93
92
82
80
95
95
95
98
91
52
72
46
27
85
51
12
93
28
4
3
7
18
3
3
6
19
12
22
9
12
40
46
31
28
20
24
22
26
43
40
4
25
17
25
15
38
39
49
45
44
41
61
61
74
79
64
76
87
78
87
72
95
90
100
87
72
97
94
68
74
83
92
48
40
35
62
71
4
3
22
22
45
44
66
43
41
35
29
64
64
62
36
3
1
9
21
18
13
37
45
55
62
57
74
85
73
82
55
37
97
37
28
12
89
101
88
49
70
13
81
47
85
37
38
22
53
36
15
13
54
35
38
44
31
5
4
4
6
35
27
44
24
27
25
26
22
30
27
11
21
19
21
33
31
9
26
10
12
33
52
14
50
9
19
22
33
23
28
41
29
36
35
38
47
58
55
44
55
46
58
54
68
82
81
81
93
85
98
103
91
98
53
32
63
84
76
19
99
10
44
8
19
19
16
42
32
16
36
37
44
45
28
42
43
16
29
24
41
18
5
3
14
23
21
33
44
43
60
52
51
56
62
69
86
94
81
91
103
96
80
95
109
73
84
76
82
85
44
35
69
89
31
39
86
57
82
74
68
50
60
58
76
75
89
87
89
72
95
88
95
82
90
78
94
91
107
93
102
102
115
103
121
121
116
104
104
116
116
90
101
88
85
95
101
97
91
89
86
103
98
101
97
104
103
97
101
99
99
91
94
108
96
92
80
100
93
112
96
113
96
106
97
99
98
101
114
102
114
112
109
94
107
104
98
96
105
101
99
101
95
102
101
96
106
92
97
81
93
97
89
95
89
78
97
91
91
98
91
91
104
83
73
89
86
81
93
91
76
91
89
76
78
77
91
81
92
81
96
85
90
101
93
79
100
97
95
109
97
108
93
89
98
96
104
96
88
112
102
94
71
63
93
43
32
88
26
16
75
93
53
11
11
10
12
7
46
53
26
43
43
62
61
59
70
69
73
71
75
81
90
92
97
99
95
107
59
51
80
87
21
30
89
58
40
4
15
17
26
27
5
6
15
41
32
24
51
49
20
44
38
55
53
35
57
59
26
45
5
13
26
41
41
53
57
58
72
77
70
92
90
82
95
102
100
91
80
93
90
98
97
110
102
94
107
93
104
109
111
106
106
116
82
87
111
101
92
96
88
90
90
93
85
90
86
91
97
77
91
99
80
95
107
89
93
94
95
97
81
102
92
102
94
101
95
103
90
107
95
76
82
83
100
95
108
97
84
100
101
112
107
98
93
96
102
114
98
104
94
92
101
95
105
92
102
97
102
85
91
105
104
94
102
90
79
92
71
77
92
94
87
94
89
108
99
96
100
94
101
91
91
98
105
91
98
96
100
89
97
95
99
89
95
83
94
87
99
90
96
80
93
61
78
25
63
46
14
42
9
9
15
17
18
40
20
25
48
37
11
24
13
17
18
35
32
50
56
67
64
76
81
77
84
72
78
68
67
82
87
99
100
93
103
101
96
72
93
76
19
43
78
54
36
73
12
4
5
4
9
17
25
11
12
30
33
32
35
4
12
13
20
15
34
16
27
11
7
14
14
36
33
50
59
64
58
78
77
94
92
91
98
97
111
97
98
107
101
93
107
93
92
99
107
93
106
96
106
113
104
109
115
98
42
57
81
51
73
15
29
12
24
25
39
60
51
58
63
68
75
82
62
40
35
71
74
47
65
68
69
30
18
65
39
48
39
50
42
61
59
78
72
86
96
95
88
104
85
106
99
99
100
98
72
92
84
37
57
53
49
93
95
92
95
72
70
62
64
88
88
93
104
97
49
23
41
32
73
89
55
55
81
5
5
21
28
26
45
48
43
47
63
76
70
89
86
101
101
110
98
110
97
100
80
118
98
111
108
88
80
86
87
76
69
36
65
22
68
54
44
39
11
25
39
38
53
49
68
67
74
89
86
95
91
98
103
100
102
111
111
103
115
103
111
116
103
102
109
106
103
110
108
111
117
103
106
102
110
103
96
51
60
47
74
86
64
68
37
50
22
7
18
25
23
36
37
29
55
35
34
39
16
37
57
3
2
4
5
21
17
30
39
41
47
60
59
78
79
94
92
98
105
104
116
94
104
77
92
100
85
88
74
100
100
98
113
91
106
96
100
98
93
96
94
108
93
85
94
96
103
101
102
93
81
101
87
98
100
106
94
71
98
93
88
93
98
86
86
93
83
69
89
92
85
93
87
95
87
97
88
103
89
102
92
101
96
105
95
106
94
104
92
104
92
107
100
104
109
91
98
109
115
100
91
82
92
83
106
88
70
94
84
96
88
97
99
92
93
100
93
104
89
92
75
95
68
84
105
108
88
101
92
59
105
45
49
85
51
50
70
84
79
80
76
97
76
71
76
76
65
86
87
96
87
90
96
97
81
103
93
89
91
78
54
45
81
34
63
71
33
96
