66
46
124
45
129
180
186
131
135
164
54
130
175
133
185
181
183
186
176
44
63
152
84
168
60
117
100
204
81
168
164
81
102
68
95
121
118
132
133
132
141
127
97
101
94
110
101
107
107
111
104
100
111
113
105
111
99
114
109
97
90
118
107
99
82
110
103
100
107
89
93
88
98
79
80
104
96
106
93
104
107
106
107
90
88
95
106
102
94
104
93
103
101
103
96
104
102
113
100
112
104
104
112
92
104
98
118
110
104
121
112
121
114
128
125
126
117
122
102
119
105
122
119
125
123
129
116
131
123
129
123
125
110
121
111
130
138
123
134
122
129
123
124
134
128
112
114
107
90
111
96
112
101
111
112
100
114
102
113
97
102
126
113
113
124
122
123
112
124
115
104
91
99
100
91
87
96
113
107
111
99
110
118
110
115
107
109
85
56
20
54
69
91
36
47
32
3
22
33
40
38
59
58
73
65
79
82
101
102
112
97
104
116
122
109
128
120
122
110
125
108
108
118
103
116
102
117
105
112
116
112
116
121
113
123
122
115
129
126
122
114
98
124
113
124
113
116
109
117
111
123
112
113
101
97
111
111
98
112
98
107
96
106
102
94
96
91
107
97
95
102
91
100
106
108
93
104
102
104
98
90
96
100
97
103
100
102
91
98
104
109
108
104
99
85
96
101
94
100
95
109
96
87
86
92
79
98
88
95
86
102
89
105
92
104
91
96
94
97
108
108
96
99
107
105
97
108
105
99
109
101
105
97
108
87
94
101
85
79
92
91
89
66
102
97
110
105
113
104
116
116
107
118
111
106
111
104
94
110
104
85
102
109
92
88
79
103
94
86
88
94
70
93
86
94
92
100
86
102
92
98
82
92
92
87
87
74
56
68
52
91
81
77
86
75
82
89
89
97
90
98
109
95
102
92
92
102
100
85
82
99
81
87
88
101
85
88
94
95
96
96
84
77
100
93
91
105
106
91
100
92
84
83
85
87
92
73
86
83
92
86
83
97
84
90
83
97
102
95
86
104
97
90
104
100
93
101
96
93
96
79
69
80
84
74
97
91
90
96
95
89
103
84
94
106
84
81
83
93
91
84
4623
4634
4650
4646
4645
4657
4647
81
27
51
4645
4638
66
36
34
4648
14
20
19
19
39
46
57
55
54
55
43
55
51
54
18
56
56
30
28
48
46
64
62
79
76
96
94
108
107
120
112
122
109
123
114
118
123
109
110
117
2442
2438
2426
2442
2423
2432
2434
2425
119
107
2448
230
214
209
210
222
229
199
214
90
103
109
106
106
90
113
115
96
78
67
61
54
40
44
109
90
70
50
59
37
54
65
64
78
77
97
114
100
114
105
97
112
107
115
106
114
110
118
133
103
126
110
117
112
119
113
108
95
98
105
99
98
109
103
104
93
90
96
99
83
107
101
105
103
89
98
104
106
114
104
89
95
99
75
91
100
95
105
96
107
98
108
99
108
99
108
96
105
104
92
95
88
93
73
81
87
78
88
92
93
87
103
93
109
85
107
104
94
100
95
95
108
105
96
102
110
95
105
104
91
106
94
102
88
98
92
99
98
95
102
90
102
102
84
91
106
95
105
115
95
110
101
107
102
110
96
91
95
98
94
104
98
93
88
92
99
111
108
100
99
95
106
106
117
98
100
90
99
87
98
93
89
99
85
89
89
92
84
89
86
86
101
89
101
93
99
90
95
79
94
102
98
103
98
98
110
116
108
103
102
109
106
102
88
104
89
108
106
89
103
94
106
98
115
100
114
102
115
108
115
103
102
114
113
108
115
112
112
109
111
103
102
111
111
98
101
111
114
108
111
114
112
108
112
106
111
101
111
99
111
107
103
104
111
91
118
112
121
114
117
111
120
116
130
102
105
114
84
96
113
106
113
123
116
124
111
130
110
108
100
116
115
95
93
102
98
88
65
92
80
84
88
88
93
96
95
88
99
95
100
115
100
116
112
98
112
105
112
103
98
107
92
37
83
52
71
25
72
98
57
5
5
13
18
21
14
19
9
7
21
21
34
54
67
65
70
66
78
76
95
94
109
108
118
114
105
118
114
107
118
115
121
114
105
119
117
115
120
125
120
112
119
121
125
121
127
110
129
115
120
86
114
110
121
106
112
106
113
115
109
124
115
119
112
120
109
97
99
113
103
94
97
109
95
112
128
115
122
132
108
99
95
133
101
93
126
110
103
109
113
106
111
92
105
108
101
90
103
81
109
97
103
109
113
98
119
118
133
116
109
120
126
125
79
113
68
99
102
117
96
110
104
93
107
97
113
91
88
88
94
100
104
98
106
101
113
102
101
113
112
92
103
102
108
103
99
92
98
80
90
109
91
63
57
41
97
69
80
62
46
12
9
26
41
38
55
51
65
61
86
86
103
95
90
110
106
114
108
109
96
80
99
86
99
94
106
99
112
86
102
115
109
136
119
134
116
123
116
117
116
122
130
120
112
102
103
97
112
99
93
88
106
103
100
119
101
117
97
113
108
102
108
113
102
109
111
101
112
91
91
111
103
98
107
88
93
101
98
100
101
107
102
111
122
109
113
123
125
115
126
134
131
130
140
126
119
127
137
119
143
127
136
136
120
129
119
130
127
109
87
113
30
12
71
88
22
50
57
36
3
3
3
9
12
24
23
18
23
24
14
62
64
70
65
75
67
78
88
87
106
99
99
108
107
98
106
107
113
102
94
106
97
107
96
106
101
94
97
96
84
98
77
87
95
93
86
89
84
72
84
93
92
76
91
98
73
91
97
97
89
90
104
96
86
93
84
81
84
67
61
68
53
88
78
88
81
79
88
89
76
91
91
101
102
92
83
105
89
85
104
93
80
18
81
48
69
53
55
36
31
3
14
11
18
19
33
24
20
22
25
41
21
38
23
24
23
6
4
20
37
22
57
46
66
64
67
68
85
84
85
94
92
108
99
95
105
98
107
109
137
134
122
129
123
145
143
145
142
115
101
125
108
124
113
101
110
99
110
98
110
111
113
115
103
117
109
116
105
114
104
111
102
104
96
101
104
97
103
88
80
98
87
92
97
88
99
96
103
97
112
101
112
107
122
107
124
112
120
108
111
100
117
109
121
108
121
119
116
109
126
114
117
114
107
114
104
114
116
112
111
105
105
112
116
114
113
104
109
101
111
107
104
113
108
112
110
109
117
115
117
111
123
114
123
122
127
133
94
122
129
108
93
114
48
66
37
37
58
20
104
71
15
11
28
54
52
63
52
68
63
84
82
97
96
109
89
101
100
110
134
119
137
143
148
137
168
156
145
172
156
138
147
144
150
137
129
136
159
149
485
484
473
483
466
458
457
449
417
62
71
34
38
48
64
64
65
53
57
43
48
43
60
61
63
67
69
64
59
51
52
69
64
63
62
71
59
61
55
72
52
62
81
67
78
83
83
79
79
80
79
72
71
66
79
71
77
77
62
68
75
66
68
70
72
69
73
67
67
73
62
67
56
41
15
38
30
51
29
19
6
3
10
14
17
13
25
24
36
32
35
41
40
40
58
59
69
69
65
67
62
69
70
63
71
71
67
67
70
63
64
56
71
64
69
61
1100
1098
1123
1113
1103
1124
1138
1135
95
1150
1146
127
106
115
75
81
78
102
98
96
101
89
87
56
56
48
23
86
87
54
25
13
11
42
38
40
71
61
67
67
68
69
68
94
97
89
68
90
86
79
79
45
120
119
127
118
127
18
44
67
70
51
59
87
31
92
2
3
16
18
22
34
5
2
4
15
1
2
6
4
3
24
12
28
23
7
44
43
50
41
56
57
76
76
78
43
80
94
50
80
90
62
83
92
88
71
94
94
82
65
60
99
80
87
86
81
93
86
90
88
102
100
104
92
101
104
93
96
81
96
86
99
99
86
81
97
85
104
96
93
112
103
95
98
99
110
111
99
9079
9070
9047
9060
9065
9070
9066
9097
9107
143
136
214
230
222
236
237
177
159
218
41
32
74
56
186
85
4
3
11
16
21
11
18
23
12
7
28
36
33
11
24
10
32
26
11
12
24
41
40
50
54
49
66
64
74
79
78
84
87
90
83
83
83
82
83
70
86
77
74
97
92
96
80
94
102
77
133
122
130
123
136
125
133
112
109
105
117
104
118
111
100
118
106
111
95
107
114
118
115
117
94
113
106
119
104
102
90
86
98
65
92
83
91
84
88
87
97
95
98
81
105
82
90
101
95
91
100
99
95
89
98
98
91
115
119
107
114
118
108
118
112
117
103
101
104
92
95
105
92
100
99
99
112
102
108
98
103
111
95
114
116
116
102
102
112
117
108
106
91
105
85
104
92
105
97
92
102
78
105
106
117
102
83
82
101
110
107
118
104
112
104
109
93
96
105
118
98
110
102
90
91
85
88
88
91
108
108
106
100
86
116
89
104
87
97
106
102
107
110
108
109
103
103
98
111
110
87
110
101
99
117
117
111
118
116
112
115
100
107
107
103
91
103
93
101
81
94
109
98
109
112
99
94
107
89
111
102
107
89
93
101
98
104
100
116
96
96
89
82
101
107
95
107
97
110
108
107
99
96
122
102
112
108
93
107
95
110
94
109
104
57
50
63
41
29
91
80
75
3
24
34
43
43
61
60
77
77
74
89
91
92
75
98
86
87
92
96
88
80
73
98
98
109
118
125
117
129
110
118
118
110
133
118
115
127
118
115
125
107
121
140
125
104
133
110
106
133
105
141
114
126
117
122
113
134
123
137
135
120
106
116
91
77
110
71
59
99
47
39
36
4
2
4
14
38
45
31
39
32
69
68
88
87
86
95
86
91
91
100
99
106
114
105
87
102
97
115
107
110
93
102
100
89
103
75
98
96
93
91
105
110
97
542
541
532
534
543
525
535
528
98
540
107
98
105
112
97
93
89
93
107
106
111
115
118
109
116
136
137
118
128
134
83
110
88
34
25
116
55
108
41
9
8
18
13
2
3
20
13
19
16
20
12
3
14
21
23
31
51
64
60
79
62
79
83
95
96
105
106
98
79
93
118
96
111
104
71
62
89
87
97
99
92
78
107
89
101
87
107
105
108
107
112
111
116
123
129
126
112
119
104
114
99
98
105
107
98
87
102
107
83
101
96
105
101
106
95
107
105
104
122
120
103
112
105
118
112
106
113
107
99
111
118
101
116
112
105
112
110
115
105
102
95
110
110
93
96
103
106
97
98
108
103
94
94
83
93
86
94
96
93
106
98
109
108
115
107
126
113
120
119
107
118
120
107
91
116
99
116
99
118
96
98
104
99
108
92
105
97
104
96
117
107
126
125
119
121
155
143
109
73
79
36
72
136
129
103
7
6
10
35
41
30
30
32
27
5
5
4
9
23
30
35
44
51
70
63
75
84
103
95
120
104
118
106
130
105
87
117
75
116
100
99
97
108
92
126
105
114
96
96
83
78
71
126
125
55
79
55
48
51
51
65
65
63
62
99
99
101
88
100
98
93
90
115
100
103
97
102
107
96
104
111
111
95
78
97
91
91
101
94
100
105
109
102
96
114
115
117
102
111
120
118
115
111
110
118
99
135
102
116
101
123
95
113
101
112
114
107
120
54
66
119
22
114
122
38
111
46
24
19
19
19
46
43
46
58
57
77
68
85
83
101
101
110
99
86
108
98
112
98
106
101
90
103
69
37
53
83
19
93
40
85
60
3
4
7
3
3
5
16
11
12
25
12
26
7
48
63
34
52
50
69
68
89
89
98
113
106
115
108
153
141
141
147
137
150
135
134
145
145
98
104
85
93
98
99
85
82
95
72
85
72
63
92
92
105
102
110
94
93
86
103
96
104
85
97
98
78
74
95
78
90
83
82
96
90
107
85
94
89
105
99
97
93
97
95
94
91
89
86
99
83
83
89
77
100
94
95
109
100
110
86
88
109
93
105
94
90
116
101
117
115
116
103
109
97
93
90
98
79
84
95
71
85
95
89
86
86
95
89
91
100
89
69
89
82
93
94
83
88
83
94
85
86
79
93
78
102
95
84
104
102
97
103
96
113
102
52
89
47
34
103
91
65
82
27
17
4
4
12
29
38
44
44
64
64
78
79
76
96
102
96
81
102
101
97
88
101
92
99
92
100
97
101
108
88
99
116
101
119
104
121
100
97
100
115
93
107
91
104
95
97
84
97
99
101
106
97
106
96
98
102
100
97
92
101
87
98
86
91
99
104
96
109
103
111
101
107
89
110
97
108
105
98
93
106
95
100
109
97
94
106
104
96
107
98
104
94
106
99
105
97
92
79
100
97
111
113
91
95
103
104
110
103
101
94
105
82
97
89
96
98
91
92
107
95
94
78
73
99
85
94
83
93
91
98
96
102
93
95
94
103
96
102
96
83
95
89
74
96
87
114
108
118
99
111
104
67
74
113
56
101
121
95
98
95
85
93
58
59
74
73
86
81
67
81
76
94
92
86
87
97
88
100
99
85
100
98
81
93
99
93
102
97
105
98
88
101
104
97
114
99
98
105
107
99
112
105
103
91
105
93
104
102
104
94
113
114
115
107
111
115
116
108
105
115
103
103
107
99
109
64
82
57
94
71
100
111
97
109
103
93
111
98
108
106
119
105
108
115
108
124
106
123
112
99
114
108
111
100
108
104
98
108
80
95
71
105
99
107
82
31
96
70
31
15
64
27
31
93
10
15
10
6
13
6
7
15
3
7
7
9
31
42
23
23
59
58
67
62
66
69
92
85
95
94
106
102
112
91
112
104
115
114
104
117
99
108
101
105
106
105
101
106
120
113
94
122
118
124
114
126
124
129
117
102
107
116
106
122
73
101
112
109
89
106
92
110
91
112
67
103
92
83
97
97
104
80
105
110
97
97
97
100
115
100
109
96
98
106
85
95
110
94
103
97
112
98
117
102
104
104
113
104
113
106
101
113
111
112
113
109
120
112
115
113
112
101
107
98
93
101
90
101
104
98
89
95
111
102
107
115
104
111
110
112
121
107
110
96
91
110
101
109
99
109
100
106
101
109
97
92
92
82
87
91
86
73
101
98
94
99
83
102
97
100
114
106
98
112
114
112
130
109
119
108
100
113
104
111
98
107
100
118
102
104
120
117
109
117
111
119
105
118
111
119
109
114
105
103
111
105
91
84
99
95
98
98
96
108
98
99
114
96
111
104
109
100
90
114
82
62
51
103
77
68
88
94
96
90
76
98
71
70
71
69
82
82
95
101
112
78
75
76
93
93
106
96
103
95
102
91
90
102
70
83
63
108
102
109
115
116
108
91
31
125
58
46
96
94
74
49
28
98
16
83
53
52
75
75
100
102
116
113
130
117
121
117
108
116
108
97
91
92
77
97
90
89
101
95
89
107
115
119
103
114
112
118
110
122
101
95
109
104
114
128
123
126
118
111
124
120
125
113
107
105
114
102
110
106
92
99
73
54
93
71
88
60
69
90
68
83
89
61
82
81
99
99
106
109
105
104
115
106
114
104
87
107
98
102
93
97
100
107
101
105
98
111
97
114
93
106
53
54
64
45
84
47
72
3
11
26
25
42
62
55
74
71
87
82
96
94
104
103
108
99
108
102
93
106
106
101
88
103
97
111
93
104
97
119
91
107
97
98
99
107
100
117
110
105
114
116
108
116
111
116
99
117
113
122
120
112
118
109
116
97
126
119
96
105
95
113
102
105
97
95
94
102
98
97
107
102
88
99
104
100
92
102
92
104
93
103
97
117
108
118
106
118
97
103
112
89
86
117
106
114
111
118
125
109
86
113
106
120
114
106
124
118
107
105
122
122
90
111
97
117
107
116
102
110
98
94
97
89
112
98
118
109
119
109
97
124
128
144
137
96
91
85
102
134
103
123
111
90
98
110
107
104
132
118
110
99
110
107
109
130
106
115
99
112
101
97
105
106
92
110
94
98
108
112
102
106
115
110
103
128
121
129
127
133
126
135
126
142
119
118
125
128
119
134
134
161
163
141
162
155
161
126
149
321
352
403
389
373
381
352
126
362
341
152
49
28
148
54
64
62
78
78
92
90
93
81
84
87
78
87
75
67
80
70
84
68
75
59
52
69
32
24
29
38
0
54
3
5
3
1
3
12
7
12
19
15
19
23
34
39
33
41
40
42
45
49
61
62
70
64
71
64
65
62
74
74
66
73
68
75
73
72
73
73
60
68
44
56
40
54
59
65
70
70
67
60
58
69
73
66
75
68
73
63
56
66
64
64
67
73
77
76
77
78
74
77
71
66
70
74
56
50
62
1034
1042
1033
1062
1062
1060
1067
1077
95
104
117
122
109
52
36
75
65
92
115
94
105
29
107
97
44
43
42
78
77
100
100
114
88
105
113
100
112
104
95
109
117
101
111
102
98
88
91
109
108
82
104
115
103
120
107
116
102
120
116
125
101
109
112
100
116
103
109
99
102
97
102
103
94
106
82
75
81
87
82
98
93
102
91
102
100
109
98
107
81
88
100
86
92
90
89
71
77
82
92
75
89
85
92
85
96
106
103
106
102
92
103
97
86
102
87
76
96
92
89
97
87
91
96
92
102
86
92
97
90
105
94
98
109
95
98
24
37
46
88
55
69
74
8
37
35
51
53
58
61
63
66
102
102
113
100
117
124
113
129
93
111
104
111
104
110
97
106
100
15
69
33
64
104
51
44
25
82
113
4
22
38
29
19
18
26
18
35
26
28
19
5
3
18
16
42
39
55
74
55
74
72
87
79
99
92
98
107
107
104
115
100
107
101
99
89
101
92
94
114
102
97
107
96
112
99
102
96
101
110
96
89
111
98
112
97
117
113
116
119
122
126
119
122
115
118
104
120
102
107
106
103
92
101
90
106
105
110
107
108
98
105
103
107
112
101
108
94
78
85
101
101
88
93
96
86
85
74
74
93
92
62
67
77
89
85
86
94
83
90
87
68
100
90
79
89
89
94
103
107
96
107
86
99
100
111
113
114
107
118
107
117
111
117
107
175
166
175
167
170
173
177
154
163
87
173
100
97
104
97
99
80
95
93
88
88
88
95
100
97
102
99
97
80
88
96
83
71
95
90
94
75
96
78
99
92
93
100
103
93
99
64
78
92
42
71
53
31
20
50
4
4
17
22
46
43
55
53
69
63
80
79
97
96
108
101
108
102
110
98
114
106
114
106
115
103
114
111
105
110
95
94
107
94
111
101
93
103
103
106
109
102
111
110
106
100
111
104
111
110
102
111
107
104
112
103
112
112
117
100
110
99
94
107
109
92
92
107
101
86
78
83
97
93
84
79
90
71
81
79
82
95
95
87
94
87
100
93
96
111
109
98
109
107
107
101
102
109
95
108
108
106
107
105
109
106
101
109
99
108
81
108
98
115
99
116
100
117
100
111
103
110
112
104
111
110
106
110
102
106
98
106
104
104
95
91
99
102
91
108
106
96
109
96
109
101
89
117
93
93
101
99
105
93
90
101
90
93
98
79
62
71
78
91
80
62
89
88
81
71
109
102
118
106
110
95
101
114
93
95
86
98
94
82
93
80
93
86
94
93
95
87
98
91
89
101
83
97
84
106
87
90
85
77
100
87
73
74
92
92
87
79
65
61
48
83
69
86
72
50
85
64
65
80
77
80
85
93
92
75
79
95
83
90
78
82
93
89
75
77
92
78
89
93
88
93
76
91
81
82
71
88
93
75
83
88
88
66
80
74
74
92
88
84
75
92
87
99
92
76
92
81
69
84
62
78
78
88
68
76
89
87
102
87
86
90
92
85
100
78
91
85
96
94
86
94
90
104
97
95
83
85
70
14
39
27
15
51
77
83
54
90
4
3
17
24
43
40
55
49
66
67
76
80
79
107
96
99
104
85
91
103
99
81
101
103
90
101
77
90
100
86
88
82
100
91
94
99
87
98
103
102
95
91
106
105
95
102
93
74
103
96
20075
20091
20079
20122
20114
20109
20144
20134
20138
247
165
162
139
116
131
112
97
121
120
88
119
131
137
130
155
162
168
154
171
158
145
134
148
126
115
130
112
112
95
112
117
130
121
125
112
126
117
115
126
130
107
120
123
133
120
119
131
108
120
105
118
121
99
57
46
43
36
84
76
73
112
5
13
12
21
19
14
17
29
4
9
6
19
6
10
5
13
9
15
19
12
24
26
27
14
52
75
47
81
69
65
66
67
96
95
116
109
120
118
121
120
141
131
121
114
121
107
120
112
118
108
110
115
121
113
108
122
102
121
106
122
109
114
108
129
116
116
126
120
125
136
118
95
119
88
109
116
115
103
116
102
111
114
106
98
105
102
109
110
109
121
114
98
102
101
91
101
90
90
101
100
96
111
102
114
107
116
109
110
99
99
112
112
99
108
93
86
110
99
111
103
100
112
110
103
109
102
115
107
112
106
114
111
113
114
101
114
117
115
118
105
117
111
100
115
119
89
85
360
349
372
364
388
372
392
380
384
408
141
140
152
112
103
128
84
74
26
26
119
44
27
27
100
10
13
16
8
6
18
19
32
17
32
34
33
37
35
8
21
17
16
5
2
22
20
10
5
23
19
49
48
46
46
49
68
69
84
68
74
76
87
86
104
115
107
110
119
131
114
122
115
124
115
123
114
115
112
112
102
109
110
114
111
113
96
105
122
102
111
95
96
107
103
92
82
105
94
80
105
95
99
104
96
88
98
105
92
84
106
97
95
101
94
109
94
104
101
88
105
99
103
114
111
112
109
113
109
109
104
111
111
113
99
113
103
99
90
111
105
98
104
97
102
95
112
99
101
101
113
101
112
114
107
115
103
115
113
107
110
108
105
85
103
102
82
90
87
73
76
99
97
93
112
106
98
105
97
97
106
112
88
103
103
98
97
107
91
99
103
95
96
112
110
99
111
102
113
111
112
92
105
99
97
109
102
109
102
110
83
62
107
34
99
72
57
40
92
2
2
4
2
5
27
25
35
45
47
43
62
63
71
74
74
80
75
86
94
69
87
58
102
103
89
104
84
90
85
106
104
124
104
104
93
91
99
117
101
106
99
103
99
105
112
103
103
117
112
115
103
107
116
113
103
111
101
115
103
112
109
103
115
104
117
104
104
117
111
108
114
93
106
84
106
109
97
93
108
104
113
110
120
114
106
117
113
116
105
114
110
106
116
118
103
113
120
122
109
114
121
112
121
122
114
115
106
100
112
110
89
100
110
100
107
101
110
104
105
119
122
114
114
93
103
83
106
105
98
117
99
110
101
118
109
103
102
112
104
106
97
104
93
103
97
106
103
108
105
106
112
113
110
112
105
109
97
94
106
95
104
104
102
97
108
109
105
113
110
98
121
103
119
100
108
98
101
93
109
90
117
107
110
100
107
116
120
121
110
122
94
103
91
101
66
49
35
31
61
73
74
91
