10
58
89
95
2
121
139
153
122
64
67
69
103
57
106
145
99
138
120
122
83
60
75
112
93
108
127
137
136
129
140
130
137
113
125
108
133
131
91
194
183
198
181
187
178
189
182
128
62
18
36
84
78
165
95
72
47
102
56
99
98
115
114
133
131
151
151
160
145
113
92
81
104
69
96
107
80
75
91
98
93
93
136
124
147
143
150
147
146
150
162
155
126
98
117
107
101
113
98
103
96
106
95
112
102
101
111
90
106
101
89
102
112
104
107
114
108
122
117
117
98
114
107
115
103
119
112
123
115
111
118
116
109
106
113
90
111
101
117
104
111
107
114
117
115
112
115
123
105
119
107
113
104
114
111
118
112
120
112
120
118
117
112
112
118
115
107
92
110
102
111
97
87
96
102
113
110
117
113
113
132
103
119
122
115
101
110
97
110
99
118
102
119
102
109
115
117
107
107
98
106
95
108
94
108
111
104
112
118
117
111
105
113
90
115
113
127
109
107
114
122
130
119
116
108
127
116
126
108
120
116
113
100
115
107
113
118
106
119
107
119
110
113
109
107
114
114
108
97
94
100
91
97
89
99
78
102
97
102
89
98
103
107
93
101
96
84
79
93
77
99
95
109
110
102
110
99
104
96
107
94
97
90
87
98
95
89
101
95
99
97
106
100
82
94
88
106
95
106
108
100
93
101
114
92
106
92
55
66
72
36
101
107
36
79
4
18
5
14
5
3
9
7
26
28
14
34
55
64
74
64
70
58
75
77
85
63
74
66
79
92
93
96
91
106
104
92
104
109
103
110
103
105
100
92
92
92
83
90
77
89
72
80
69
59
60
99
87
100
97
93
85
83
76
79
78
87
94
75
92
67
80
83
88
81
84
80
89
82
82
83
83
93
102
88
97
98
96
105
98
81
107
71
95
83
90
81
84
91
72
81
81
82
86
84
88
84
89
74
82
87
95
89
80
79
81
83
95
88
90
99
101
93
110
125
143
115
131
116
124
118
127
115
104
92
100
88
98
93
89
94
88
99
96
83
98
91
92
92
108
86
94
93
95
93
88
96
97
84
96
86
97
91
89
100
97
88
85
95
75
82
92
92
82
4694
4696
4701
4769
4783
4759
52
54
4768
4746
4762
4746
102
10
11
30
41
48
46
47
63
60
71
70
79
86
83
93
95
94
87
95
88
89
93
93
80
81
95
84
81
89
84
87
85
67
92
92
87
95
91
4194
4186
4250
4242
4246
4260
4264
4253
4264
4272
161
136
120
105
99
106
114
119
106
114
106
114
100
99
92
107
97
86
112
99
108
104
117
108
128
109
118
110
109
94
80
87
91
114
105
126
109
122
117
113
111
129
120
111
125
116
104
120
107
121
107
107
116
95
115
104
114
101
110
97
113
99
110
103
105
108
107
105
110
98
113
101
117
109
108
111
79
26
98
47
35
86
41
105
65
100
80
54
48
64
63
77
77
92
92
101
100
95
100
99
96
103
98
101
81
92
99
85
99
93
87
93
87
80
97
96
90
93
94
102
88
99
95
91
98
97
79
86
86
92
81
88
86
78
91
69
94
83
103
92
97
93
104
97
105
92
102
95
100
90
81
100
88
97
91
96
92
99
79
92
103
91
113
100
100
111
92
95
104
96
85
99
85
96
100
101
111
103
107
106
112
99
215
194
210
191
202
214
204
212
202
116
104
109
90
100
103
114
110
99
102
97
91
98
81
73
92
85
96
83
102
102
97
80
96
96
94
108
90
96
110
103
85
98
78
107
90
103
99
98
97
87
114
103
83
110
114
107
126
102
114
98
117
92
106
109
116
109
116
109
122
107
118
106
115
124
120
111
98
116
102
120
108
114
81
93
103
98
121
115
119
114
126
116
123
124
144
133
126
118
124
116
125
113
130
121
133
125
126
118
104
128
119
122
115
126
110
97
118
108
96
117
103
96
110
97
111
102
103
102
122
123
114
108
115
100
112
106
116
106
113
113
95
102
114
107
115
112
105
111
106
115
107
117
105
119
106
115
109
113
114
110
112
107
100
106
93
105
100
104
85
98
99
109
109
96
111
98
116
103
102
101
97
103
110
121
106
122
105
123
105
109
98
94
113
101
114
113
104
110
107
116
104
112
89
98
91
98
93
85
96
88
99
80
96
94
88
88
69
100
57
76
93
68
80
88
82
99
77
89
91
89
99
102
89
107
97
99
91
84
91
89
94
103
98
96
113
91
96
103
106
105
93
100
101
87
80
93
90
94
86
88
94
96
88
88
88
90
97
89
103
103
96
104
93
99
83
96
104
88
76
92
86
101
84
92
100
97
98
110
112
100
101
116
115
108
103
120
119
106
94
107
111
104
111
121
114
113
97
93
113
92
108
95
110
69
84
96
62
37
76
86
37
63
9
5
5
3
18
17
13
17
28
44
42
52
61
51
57
85
82
89
98
121
112
123
121
35
122
94
45
48
108
85
131
56
74
102
63
52
51
38
73
73
89
88
102
94
101
103
106
93
83
94
82
99
96
90
106
120
111
122
114
120
119
135
104
108
113
107
89
98
99
106
106
100
97
111
112
80
98
89
57
96
70
102
103
112
92
89
100
84
71
85
83
99
103
91
100
112
104
115
106
125
114
109
125
125
131
111
120
112
123
108
100
96
107
109
102
118
105
1150
1166
1179
1173
1180
1169
1167
1156
1143
103
89
67
55
7
5
4
17
19
6
10
20
22
16
18
63
57
40
55
69
70
79
70
65
51
60
64
77
93
56
96
63
59
63
69
10
50
65
65
54
10
7
10
35
46
71
35
24
37
42
33
32
50
34
37
5
7
30
30
14
30
29
24
28
10
17
20
9
20
25
25
3
2
3
4
3
5
19
20
31
42
63
47
52
50
42
68
66
82
90
87
104
75
83
77
90
106
67
55
35
39
42
45
78
88
93
12
9
13
15
13
146
143
151
16
21
182
37
48
18
21
181
8
6
5
19
16
15
17
17
20
16
35
48
52
68
44
58
55
63
59
53
51
12
27
37
33
22
49
48
69
76
35
65
89
106
54
50
104
92
111
78
95
6
6
8
9
11
37
34
57
53
56
67
71
70
84
89
82
102
99
101
106
89
106
93
110
94
86
98
87
105
95
103
91
101
91
101
99
98
87
45
33
55
19
67
79
28
62
5
5
49
46
55
57
74
73
91
90
106
114
107
111
104
117
97
108
96
83
99
94
99
90
100
90
94
87
68
61
44
97
87
55
73
84
78
77
93
56
57
75
75
93
95
106
93
98
109
105
109
109
98
109
100
107
99
110
102
110
99
111
98
107
101
108
86
70
62
57
54
48
48
72
98
4
6
17
19
13
26
31
43
12
13
26
16
13
15
38
43
45
63
55
64
70
68
60
54
28
84
74
70
59
58
76
51
4
3
13
10
28
19
25
10
5
13
5
11
9
27
27
9
44
39
43
10
12
4
3
6
7
28
30
14
20
21
24
18
5
3
19
5
5
36
36
28
28
12
23
3
3
21
17
36
45
54
63
56
70
69
67
87
72
88
39
45
77
58
72
21
19
6
4
11
6
22
13
29
27
7
34
36
27
14
21
12
56
52
67
64
57
56
78
81
81
97
91
102
92
92
98
91
91
102
92
105
99
101
90
102
93
101
91
102
82
94
95
77
89
95
39
75
88
57
68
92
110
116
112
118
108
125
29
48
97
107
96
58
39
35
67
13
12
13
45
56
56
56
51
67
65
79
77
91
83
97
92
94
94
87
101
88
96
91
90
96
96
96
99
89
81
96
90
96
83
90
93
88
92
89
98
77
89
92
66
84
83
94
76
90
91
89
94
84
95
97
91
106
99
100
111
114
104
100
99
98
109
108
103
102
90
84
102
89
98
91
103
97
101
81
106
83
94
82
106
97
102
86
95
92
89
111
109
59
120
24
73
18
49
80
60
4
3
5
5
35
13
12
16
19
5
5
4
22
25
32
41
43
48
39
52
46
58
65
65
78
67
81
74
89
83
101
98
102
108
117
111
118
113
116
110
112
103
98
109
107
100
100
92
104
97
106
104
110
102
104
89
97
96
110
107
95
96
91
101
102
86
97
102
106
79
90
106
17
63
40
46
29
59
89
5
5
21
12
21
21
24
22
25
28
11
4
2
11
6
6
8
18
7
9
31
35
35
35
23
46
65
45
61
54
41
73
50
46
104
75
82
82
82
83
118
117
141
132
112
129
114
135
145
155
146
153
143
147
162
143
171
151
133
152
153
134
160
143
135
119
134
120
209
196
215
178
198
38
223
216
218
219
211
134
76
60
76
52
126
101
72
83
80
62
69
82
80
80
94
94
85
105
52
75
94
64
103
102
106
96
118
87
106
86
109
109
104
117
115
91
98
86
101
91
80
98
93
119
113
131
119
121
128
131
131
133
110
117
96
110
105
111
117
106
108
122
88
111
119
108
94
119
111
117
110
102
102
76
97
88
76
96
70
106
90
109
103
117
117
110
111
107
107
89
101
90
113
119
118
114
100
119
115
114
106
102
119
117
110
127
114
129
121
119
132
129
120
123
87
101
111
110
114
98
104
109
101
117
115
123
103
126
115
122
116
119
128
126
140
126
137
135
127
132
119
129
99
132
82
102
122
110
107
125
104
120
96
96
100
59
37
115
114
23
49
81
73
85
90
30
50
50
68
70
90
89
113
74
105
122
55
122
40
93
85
61
6
4
8
34
7
34
3
16
11
25
12
23
19
35
9
10
8
5
23
32
51
48
62
55
53
44
73
77
87
88
57
54
83
92
98
97
91
122
123
137
123
124
130
122
119
92
127
105
118
108
109
34
40
24
14
14
62
79
82
94
103
19
17
32
31
50
50
68
68
68
70
72
77
88
95
90
104
97
111
98
108
98
102
99
79
99
92
73
81
88
83
82
76
80
89
103
102
101
86
104
104
105
94
105
95
104
93
99
87
105
109
105
130
135
123
129
133
121
117
140
142
136
100
118
108
109
94
98
93
100
87
90
78
103
109
93
111
115
99
112
119
95
102
97
118
120
120
116
120
117
123
115
131
132
140
114
125
107
123
112
93
114
115
103
110
122
116
101
112
106
117
90
105
97
111
108
83
92
109
102
91
104
94
112
98
96
98
113
104
117
114
118
111
108
118
99
115
104
111
103
109
104
109
85
36
102
57
23
85
78
49
77
13
22
43
42
59
57
58
69
62
70
84
77
85
95
82
93
92
71
77
38
53
88
31
30
68
48
70
85
67
60
45
54
62
72
72
91
90
94
96
103
82
93
96
100
103
92
97
92
101
104
96
109
96
105
97
112
102
110
108
117
105
116
116
110
116
109
107
115
72
104
110
89
87
102
88
88
88
94
122
107
130
106
115
96
114
40
75
101
100
93
86
86
84
76
56
73
73
89
89
84
95
100
107
95
82
94
71
101
84
101
92
105
82
92
90
90
97
95
92
88
94
90
89
96
96
91
68
26
84
44
36
63
80
96
14
53
11
24
38
38
57
51
65
65
73
79
89
98
96
106
94
99
96
100
100
99
91
97
85
85
97
94
79
88
72
59
84
97
89
83
81
93
88
76
69
91
83
100
88
95
90
83
89
94
93
98
88
77
107
108
107
102
120
116
108
117
119
115
105
120
117
117
107
109
116
118
106
117
119
118
106
120
112
120
116
107
114
114
106
112
105
101
108
107
104
106
96
97
105
98
96
104
83
95
79
99
92
92
90
98
102
91
92
90
102
92
91
107
95
103
93
98
97
81
92
85
102
95
88
95
77
91
101
99
99
95
114
98
115
103
118
75
89
88
58
70
42
96
86
93
46
63
92
79
84
63
53
58
59
75
75
72
90
83
96
85
95
103
109
95
102
93
103
95
98
80
93
82
87
95
70
87
94
68
85
92
93
84
78
78
87
91
96
97
100
100
95
95
101
100
105
89
103
95
106
95
93
105
99
96
96
99
85
92
87
72
90
85
98
87
102
95
92
98
90
100
100
97
81
97
85
99
94
102
96
105
105
108
98
109
93
105
97
104
99
105
95
98
99
95
102
90
100
87
92
86
76
101
88
91
100
88
106
106
105
117
109
117
112
121
101
124
107
116
103
90
98
113
107
99
88
99
81
93
96
102
83
82
96
112
107
108
119
111
92
115
65
71
101
44
54
115
68
95
87
53
53
76
75
92
94
93
120
119
116
103
113
96
98
109
101
93
103
89
97
91
95
103
91
77
97
88
95
103
114
99
116
103
117
107
109
108
112
117
114
105
84
99
106
108
93
95
98
92
102
73
97
91
98
92
107
102
112
103
115
107
107
107
118
104
96
108
110
107
108
97
112
106
102
113
116
107
96
105
116
115
102
96
107
98
83
104
89
104
86
88
96
97
101
80
100
106
123
119
126
125
148
141
122
106
104
128
98
67
94
112
76
89
101
59
70
65
71
102
92
82
99
80
70
95
89
99
98
110
106
112
91
102
99
99
103
101
89
98
78
88
83
66
88
92
87
77
72
52
59
96
66
72
83
105
97
110
110
112
113
114
126
136
98
110
98
92
79
75
91
95
100
101
90
101
95
107
101
114
114
110
105
119
106
100
99
104
104
91
95
91
83
101
107
97
112
102
121
127
128
127
115
111
89
124
95
117
91
94
86
96
88
97
93
93
97
92
100
105
103
109
118
98
111
112
88
111
99
101
105
112
99
116
108
122
114
122
112
106
119
123
90
103
81
113
111
111
108
120
104
95
111
107
102
116
115
113
106
114
101
115
102
108
114
109
111
116
107
115
108
113
110
116
113
116
119
102
98
103
109
99
102
95
113
100
115
107
113
105
110
116
112
122
100
81
36
62
120
70
115
39
52
93
10
9
23
36
28
13
16
50
41
59
17
37
24
54
21
77
92
34
30
30
33
33
33
21
34
33
35
10
7
25
24
34
40
22
23
24
24
38
25
12
11
22
34
39
45
64
54
67
77
77
77
73
107
100
117
109
115
114
114
110
120
121
101
114
104
112
104
105
112
104
122
109
116
104
92
73
87
114
63
96
90
96
94
48
50
49
83
74
75
70
75
86
80
70
50
85
86
47
85
56
64
96
29
41
85
84
71
66
69
98
98
115
100
93
93
102
108
110
106
107
94
103
91
102
97
91
91
91
74
83
94
96
103
92
101
88
75
100
99
74
98
86
99
105
105
117
100
121
109
126
112
119
117
119
122
119
106
129
102
120
95
103
107
96
99
88
99
90
107
99
112
104
122
133
129
136
121
123
114
141
137
149
141
146
133
157
157
148
155
166
159
165
172
157
173
107
99
62
31
138
85
70
43
6
15
21
7
11
6
27
26
9
24
21
6
2
17
23
23
36
53
40
40
9
45
13
50
22
128
18
7
10
5
4
25
4
7
23
13
14
46
21
26
46
43
54
34
30
46
38
36
60
48
68
77
78
99
99
114
104
121
108
127
108
117
114
94
105
110
109
101
86
109
101
107
102
97
103
111
96
115
113
106
121
106
77
104
112
91
105
93
106
92
107
106
105
86
100
100
114
112
111
103
98
99
112
105
111
102
109
99
112
109
123
110
114
109
114
94
112
116
105
122
97
116
103
101
113
101
100
114
102
113
105
116
111
119
111
117
110
124
112
122
112
110
117
106
116
114
86
106
95
102
106
101
109
99
110
102
118
117
104
117
114
101
116
116
109
113
113
111
107
118
119
109
124
109
118
118
120
118
118
127
128
122
128
122
122
118
108
115
107
129
112
122
115
126
119
134
121
132
123
86
106
98
127
113
111
119
110
119
106
89
78
118
116
110
103
95
118
67
68
110
95
99
108
97
99
115
108
107
101
87
83
86
82
82
76
51
96
6
5
20
23
41
18
42
26
19
42
45
11
36
32
14
60
74
41
51
50
45
44
26
38
17
53
45
19
15
34
38
4
5
7
5
22
20
21
28
26
3
4
6
18
4
14
16
29
1
5
3
28
34
50
48
70
68
81
79
83
98
95
86
134
148
142
152
137
143
132
148
120
164
154
162
156
157
149
157
130
128
147
82
107
76
97
106
87
106
81
75
87
43
108
43
80
72
60
87
84
52
50
52
82
82
90
81
80
81
79
88
77
84
85
89
99
95
90
96
90
98
90
99
99
110
118
117
100
111
121
103
77
117
111
91
111
118
110
123
104
113
123
122
124
123
108
93
106
103
82
95
106
88
107
111
107
113
114
105
109
109
112
127
99
81
77
123
112
95
107
100
103
77
86
88
83
71
92
92
106
93
109
103
112
110
80
88
106
95
104
109
106
113
110
97
110
103
111
106
114
105
112
113
98
116
97
103
102
103
107
79
66
91
110
98
105
90
106
104
85
78
79
99
99
102
108
118
109
129
110
101
125
110
123
114
108
117
103
124
105
113
101
106
111
99
109
96
122
102
129
121
139
129
136
135
141
122
127
109
120
114
121
100
103
115
115
121
103
121
108
116
107
121
113
123
120
121
119
116
107
114
105
109
102
120
112
122
120
124
115
121
117
109
124
108
116
109
111
111
101
119
116
124
122
101
121
112
128
111
123
108
120
101
101
109
88
115
114
99
97
99
85
96
97
78
95
89
89
104
92
104
88
105
92
105
97
102
96
101
94
83
102
100
84
90
78
83
95
93
73
81
76
83
93
71
92
84
85
98
94
94
92
89
97
90
86
103
96
88
94
96
98
80
92
93
87
100
91
102
95
94
111
115
101
108
111
90
93
96
102
100
91
95
84
91
102
95
100
91
90
101
59
81
76
63
100
88
100
85
99
97
103
107
87
77
116
88
95
82
92
29
46
65
29
57
70
28
4
6
23
21
39
44
23
40
41
15
24
25
14
5
7
22
14
31
16
4
3
9
18
17
38
45
39
54
46
61
60
77
72
89
45
72
20
87
48
71
29
68
74
2
1
2
8
19
30
44
37
41
64
62
52
72
71
70
90
87
87
88
86
86
96
72
102
103
81
98
87
91
99
107
98
85
94
85
88
90
99
83
92
87
83
87
70
84
84
93
81
94
79
97
89
78
91
87
92
88
92
81
93
92
75
80
89
66
78
79
20940
20927
20928
20935
20956
20958
159
90
88
20969
65
78
83
50
107
116
4
3
5
18
17
38
35
49
49
55
50
34
13
14
4
5
25
34
36
26
35
43
51
51
64
73
82
73
89
91
93
80
88
96
73
85
110
94
68
58
59
48
96
6
5
13
12
9
8
9
8
6
15
16
5
17
29
38
18
9
16
33
29
10
7
11
11
36
9
8
40
6
5
3
3
4
20
34
31
15
28
13
10
29
24
32
4
2
12
25
16
28
26
24
23
13
3
5
4
23
36
31
39
53
60
68
75
78
74
66
77
83
86
87
81
95
115
115
100
112
116
128
125
125
134
109
93
89
107
109
127
100
103
104
96
105
97
89
99
90
3598
3593
3604
3589
3614
3591
3608
53
3580
3570
26
3570
5
48
49
43
40
67
82
93
74
86
71
89
90
107
100
125
124
132
127
127
113
131
124
147
126
138
134
136
124
119
119
90
103
138
64
20
101
76
42
19
86
96
67
4
6
19
13
20
25
47
56
40
43
39
57
70
69
67
87
76
89
69
81
82
87
92
97
98
82
98
92
93
103
93
98
97
107
100
104
113
105
116
98
110
104
90
109
81
101
94
104
108
84
105
88
105
104
81
90
93
98
91
91
94
101
105
95
95
90
81
94
106
90
74
103
61
27
72
92
51
36
11
70
11
10
57
9
10
4
4
2
24
2
27
39
44
39
49
47
65
87
86
85
102
102
83
106
95
85
90
89
87
54
68
97
86
78
87
81
63
73
77
82
76
76
83
95
101
87
97
105
101
98
103
106
80
89
110
98
79
94
89
94
89
86
93
83
82
77
97
86
99
84
97
90
91
106
104
92
102
101
102
109
94
100
93
92
90
99
100
95
102
76
90
93
64
83
82
84
70
68
62
58
88
104
102
103
105
104
108
122
108
114
128
89
102
92
107
99
99
92
123
109
110
99
112
119
103
117
100
104
111
120
105
115
104
107
110
102
90
101
98
107
102
97
113
96
106
106
107
87
122
79
98
106
100
114
106
114
103
113
99
111
104
116
106
86
93
108
109
103
110
102
115
104
121
109
104
125
116
105
118
109
86
107
112
116
102
121
106
120
105
121
113
123
121
112
105
105
109
105
95
105
99
102
100
103
86
90
103
84
69
87
78
77
89
91
77
91
77
94
92
87
96
103
77
91
101
107
108
109
103
149
132
149
150
162
150
136
160
148
103
110
92
92
103
101
87
103
85
107
105
112
100
114
103
112
110
103
110
83
104
97
103
93
97
101
93
103
83
101
99
96
92
91
97
98
103
98
85
115
96
104
92
93
83
101
106
89
100
84
103
109
100
112
109
117
98
108
102
95
100
88
89
90
77
94
78
93
90
97
93
102
102
113
107
90
101
99
111
100
107
106
97
103
105
116
98
88
103
101
106
95
98
88
99
101
93
100
92
107
83
96
113
105
123
100
101
112
106
101
107
101
92
105
120
117
100
104
115
106
104
113
121
100
117
100
116
108
111
100
91
112
101
119
102
114
100
115
105
115
104
113
100
112
99
102
110
105
92
84
100
95
109
93
98
91
92
107
107
105
96
89
88
71
90
94
87
92
85
73
102
102
105
93
85
79
98
101
93
103
92
103
96
110
100
100
99
111
108
109
106
101
96
103
105
91
84
95
90
95
89
101
87
103
89
102
95
96
86
95
84
94
83
92
82
93
89
95
85
93
83
84
94
94
82
84
89
93
97
81
100
89
97
89
91
96
88
79
98
77
78
92
95
80
91
83
86
77
77
87
88
101
85
81
85
76
87
85
91
82
89
82
84
64
85
96
78
91
81
94
85
87
100
74
101
90
92
94
81
90
88
94
84
95
92
78
92
91
83
100
92
92
95
72
94
87
85
93
78
89
81
83
78
86
94
100
102
81
96
77
92
84
102
87
86
95
94
86
88
88
85
97
93
84
82
75
76
76
64
81
96
99
91
100
102
111
103
113
84
100
103
106
100
106
95
101
108
109
112
106
102
114
96
104
118
106
115
104
107
101
107
115
116
106
106
97
99
102
101
140
127
29
100
126
99
134
78
106
82
23
115
3
11
11
16
26
27
31
42
53
43
57
57
73
72
77
73
98
98
105
99
95
105
96
107
91
110
95
102
102
109
105
98
97
81
106
91
93
82
79
100
109
102
104
125
113
125
113
122
108
106
115
116
119
117
110
107
110
121
119
112
123
99
120
117
127
121
129
113
124
111
117
105
120
118
106
90
96
94
106
98
109
107
98
101
108
89
107
116
103
95
87
62
51
43
78
70
