114
145
452
461
128
657
601
771
828
517
777
659
640
645
553
728
622
686
685
693
654
114
574
270
162
660
524
754
333
195
73
356
42
175
302
265
245
353
312
404
401
506
502
552
540
462
520
498
470
472
520
521
581
551
482
513
520
578
644
439
517
653
443
519
585
571
522
529
479
519
551
457
444
490
366
460
420
492
422
373
464
492
516
497
445
473
435
551
301
519
111
230
397
263
508
265
356
16
68
65
83
185
74
48
193
90
61
197
20
20
33
124
93
84
215
263
244
299
322
299
396
344
364
357
371
383
379
338
275
243
398
379
330
309
322
295
264
338
312
253
263
267
270
300
268
308
331
298
306
269
298
289
280
279
341
316
322
366
287
255
292
263
346
183
73
120
208
11
78
67
114
153
205
200
239
223
196
261
256
305
301
306
263
330
355
348
206
306
121
243
68
272
137
188
371
96
11
41
78
73
25
30
111
67
107
81
14
70
119
121
108
94
185
227
198
256
201
189
216
265
165
88
296
147
118
198
54
26
19
56
95
98
132
118
199
173
231
223
260
244
257
314
328
320
342
277
248
300
249
304
334
222
306
248
291
334
232
255
298
337
325
373
875
813
1163
1136
1135
1134
1133
1174
1186
713
681
371
690
341
404
370
372
377
394
331
315
364
238
365
309
335
319
374
327
348
326
288
361
305
380
346
354
375
389
372
368
382
433
382
441
415
462
424
434
460
447
407
427
382
411
347
382
334
387
381
394
347
400
353
403
395
403
396
420
428
424
396
380
432
367
384
389
283
358
313
288
339
364
343
370
362
334
376
322
345
321
174
127
238
65
259
102
199
330
18
11
55
11
11
13
22
35
54
76
68
110
125
162
163
124
104
69
136
76
136
169
182
178
113
163
142
80
95
102
66
127
62
240
240
91
234
102
166
155
74
128
48
111
136
10
28
55
55
112
110
139
138
141
168
170
191
141
128
176
95
120
172
59
99
9
48
54
81
92
88
150
167
202
250
204
246
248
270
259
273
126
249
267
70
227
165
96
42
43
97
99
178
175
217
228
213
202
265
269
279
280
342
301
284
251
260
306
134
71
357
249
103
169
177
43
52
196
49
62
17
65
106
130
115
154
144
151
210
226
252
243
299
267
250
283
271
291
247
255
228
305
249
258
283
260
244
267
233
284
295
245
244
240
216
193
249
235
317
318
326
297
342
282
313
352
371
263
330
283
259
279
258
283
209
230
231
220
235
220
177
195
223
148
204
205
203
183
231
241
225
195
182
219
229
225
212
252
254
205
224
238
306
261
284
291
274
284
264
284
274
267
222
245
219
240
243
225
197
244
226
212
202
198
180
205
178
218
206
204
190
247
230
268
228
249
265
213
243
206
215
243
237
171
213
222
217
212
186
192
120
209
122
166
189
100
138
205
234
193
5542
228
5541
5518
5598
5596
5573
5555
5569
5600
323
314
292
305
287
373
354
353
350
382
350
322
303
343
280
258
239
251
225
251
210
355
333
368
334
363
358
373
349
375
225
249
253
235
250
234
222
223
227
245
226
221
309
272
273
286
299
291
316
277
238
292
239
222
228
210
222
232
205
244
229
215
226
233
219
227
234
240
221
239
233
241
223
245
217
243
218
240
188
229
203
231
214
227
209
226
205
219
209
238
223
234
217
225
238
218
244
221
239
260
235
252
235
205
259
222
242
221
213
196
203
213
212
199
200
224
233
210
214
237
242
232
246
223
231
250
242
215
241
220
236
218
235
206
241
223
215
240
243
217
249
234
253
234
248
243
236
253
259
238
280
262
281
277
281
262
266
256
262
278
263
268
230
238
251
246
252
258
197
237
212
239
199
239
224
254
234
273
231
274
256
258
271
233
223
241
209
167
256
240
208
210
251
226
250
267
265
211
218
250
233
256
232
224
237
252
233
260
242
257
229
251
224
193
241
218
240
210
224
206
212
231
253
225
222
224
252
208
229
228
241
219
190
208
208
242
228
246
245
73
190
175
177
167
257
250
97
173
198
178
127
174
174
185
209
213
213
217
237
239
207
227
231
237
219
219
235
241
230
242
216
216
238
239
224
227
247
242
222
247
252
265
240
245
184
227
222
252
241
213
220
206
227
219
249
231
212
211
209
236
227
237
232
205
231
205
243
217
235
234
207
250
232
262
245
260
231
253
247
254
201
243
212
229
216
242
238
245
242
266
263
251
224
251
237
218
187
167
243
221
192
218
212
220
204
223
229
218
217
242
226
241
228
242
224
239
217
233
217
228
214
230
205
226
210
225
201
206
221
213
168
197
175
188
146
190
177
204
183
194
139
182
169
169
172
206
191
194
222
183
196
168
199
155
108
78
55
128
53
173
215
92
196
32
73
62
66
98
130
128
147
144
180
165
178
175
174
158
171
92
86
139
43
58
165
109
133
60
192
9
4
7
5
8
5
41
22
14
29
34
13
30
7
6
49
77
99
53
41
49
50
35
73
82
78
7
34
19
33
28
27
34
86
89
81
104
106
116
108
111
133
153
107
219
207
237
223
122
149
102
87
62
46
208
203
198
9
36
36
25
84
84
77
100
124
126
126
160
156
153
140
126
137
148
176
204
200
200
176
200
204
212
228
223
230
194
190
214
202
189
199
216
211
175
201
219
199
186
208
205
181
159
176
198
179
193
180
203
178
207
180
200
188
186
186
217
202
212
187
214
190
215
190
216
200
211
202
218
194
193
188
219
214
202
235
204
193
182
167
207
200
216
201
176
192
194
197
133
189
169
150
148
176
195
194
178
190
192
193
165
195
218
202
186
177
186
180
187
201
178
204
180
210
192
201
163
198
197
186
200
188
191
165
152
195
169
178
201
167
154
183
189
147
162
178
181
187
190
166
198
186
197
187
211
201
221
202
217
202
193
212
221
198
189
214
211
189
210
191
232
215
233
220
222
200
224
200
226
185
205
187
192
193
195
207
193
153
177
183
191
212
190
207
166
153
183
186
205
196
200
180
197
184
188
209
180
204
188
219
193
213
154
189
165
127
129
148
163
166
189
172
164
167
188
186
153
192
178
175
163
184
169
154
190
151
155
202
175
201
177
223
157
180
185
191
153
163
137
171
151
192
162
180
152
168
200
178
185
174
173
216
192
191
216
229
193
204
223
166
219
213
187
173
164
190
169
196
191
203
170
206
197
190
201
224
222
199
211
199
182
205
200
188
225
194
209
212
188
220
196
215
165
188
152
168
208
158
182
162
145
175
156
148
169
137
174
163
166
181
172
172
199
186
196
184
183
188
161
141
154
171
164
131
142
149
145
160
145
146
161
146
135
161
168
168
194
169
199
181
215
193
214
198
214
194
207
191
202
210
184
199
204
178
206
201
212
186
214
240
213
221
236
220
192
228
218
201
189
200
223
158
187
223
190
153
184
171
198
174
181
197
184
186
218
224
188
195
180
212
180
180
165
134
186
177
186
177
196
173
196
178
168
155
179
184
162
132
142
186
159
169
161
166
188
186
191
207
192
216
197
211
190
201
207
201
197
188
175
166
175
146
173
178
180
160
171
162
170
165
171
182
146
178
181
167
192
188
192
183
171
216
184
201
183
183
208
198
186
181
200
180
180
206
192
201
182
196
175
154
169
191
170
181
183
171
196
170
198
178
196
176
180
194
199
186
199
184
195
172
196
182
191
186
191
170
164
143
155
188
172
122
102
140
116
43
57
152
90
11
29
58
53
68
87
84
98
126
116
143
108
123
160
125
154
178
175
221
195
222
190
232
174
129
205
85
86
153
100
139
154
56
23
38
59
60
55
63
121
129
137
139
94
65
130
73
39
120
85
76
7
15
8
30
8
37
58
44
60
83
74
125
148
151
134
134
144
150
155
164
162
175
163
191
177
160
146
168
152
148
177
153
170
155
175
163
191
165
194
167
164
192
128
154
129
151
183
172
183
161
184
176
208
166
181
161
177
175
185
198
186
194
189
177
196
191
198
192
179
199
203
193
212
199
203
189
180
194
171
179
211
199
218
213
218
205
230
225
233
247
215
187
213
197
220
206
220
193
214
198
214
201
211
199
214
208
212
197
216
211
208
195
169
208
183
206
181
205
182
193
217
213
197
205
211
211
196
207
213
206
191
190
201
195
174
194
179
192
187
196
188
196
206
211
199
217
203
210
197
193
207
203
189
205
194
203
185
191
204
209
189
205
199
206
199
206
191
236
211
233
223
237
220
237
222
241
208
214
199
210
202
208
183
204
187
187
202
200
188
188
201
207
202
212
198
203
199
206
201
208
202
199
185
200
194
194
207
209
203
213
195
205
218
216
203
210
192
207
192
200
196
201
186
202
190
203
207
199
170
206
184
197
215
184
206
182
213
184
201
188
212
191
214
208
214
202
217
204
199
212
210
196
201
198
207
194
202
197
205
201
204
199
209
195
207
195
208
186
211
199
211
199
214
198
210
198
193
207
199
187
195
180
183
196
184
149
178
185
173
197
178
198
172
201
184
155
171
196
190
166
164
194
184
162
195
172
180
178
194
206
202
189
190
202
195
180
191
181
183
176
187
166
186
182
186
174
180
169
177
181
158
174
153
157
176
181
156
177
157
178
163
182
171
183
171
189
179
184
189
154
188
182
166
194
188
165
190
162
187
162
163
161
202
199
200
196
195
164
179
181
206
202
161
193
165
187
169
190
176
189
178
190
177
189
185
191
181
190
187
18946
18935
18929
19009
18987
19023
19006
19137
19110
19135
362
386
263
293
313
325
392
274
294
269
254
272
279
252
200
198
224
215
279
266
300
274
309
280
260
248
256
238
191
202
205
192
174
174
120
174
59
135
103
201
81
159
69
144
78
87
81
127
127
151
147
134
169
152
165
135
158
150
156
152
145
150
170
152
135
152
166
174
151
133
156
127
129
140
139
150
106
125
37
88
51
85
137
122
95
6
29
44
36
46
33
37
42
29
14
9
8
5
7
22
32
70
85
75
102
92
113
94
137
136
138
123
141
89
153
134
67
35
116
99
140
75
24
7
20
25
21
23
35
46
59
67
55
57
76
43
16
48
80
38
10
7
17
14
16
12
21
28
29
55
57
64
70
72
66
22
69
45
19
40
7
6
5
13
38
61
78
68
81
103
102
116
114
132
130
136
164
143
150
161
158
156
164
143
150
151
171
142
148
171
180
178
196
191
207
195
129
83
165
115
184
48
119
70
149
23
13
7
9
11
13
35
50
58
60
52
32
33
55
51
44
8
8
9
27
53
59
29
34
41
32
61
35
44
34
51
36
52
17
40
29
13
32
51
78
107
99
135
121
110
135
113
118
152
169
174
188
93
131
153
114
113
124
133
134
104
147
126
145
121
9
72
13
37
45
124
117
127
12
18
44
60
89
21
15
66
71
29
75
46
50
6
5
8
7
28
33
47
41
34
74
72
114
133
106
122
125
118
119
107
83
51
149
19
123
69
113
21
22
29
58
83
86
87
92
121
89
85
128
125
148
136
133
167
163
150
107
33
141
93
137
44
111
89
95
65
5
32
51
74
73
93
110
106
101
102
96
142
89
114
59
93
46
126
70
64
6
4
23
37
40
61
83
77
81
128
148
106
71
117
42
94
131
122
112
35
14
18
43
46
73
69
38
51
90
57
78
18
95
41
33
60
5
20
27
34
38
56
61
77
86
91
89
120
116
139
138
164
141
167
111
145
165
131
146
136
155
152
141
108
136
131
143
140
151
158
172
161
164
178
165
110
151
130
153
146
122
143
115
109
139
149
137
159
148
158
150
141
154
164
176
157
168
155
183
158
186
171
174
180
171
176
173
169
171
168
172
168
149
171
147
175
150
173
147
166
144
175
161
179
175
177
174
174
171
178
165
172
162
165
161
159
156
157
153
145
155
152
138
157
149
165
153
167
171
160
172
143
172
155
172
154
148
169
151
175
139
165
138
126
159
138
155
155
137
159
147
171
162
146
134
162
150
159
141
57
127
111
156
81
45
137
73
88
134
126
41
47
82
81
108
107
134
135
155
140
141
149
140
143
150
157
137
151
144
152
152
162
160
161
150
156
163
158
128
148
156
151
154
159
157
150
151
170
136
160
141
157
156
149
168
124
162
147
162
151
168
159
154
181
159
170
168
167
152
188
138
151
167
147
172
121
161
135
141
138
141
112
111
103
151
131
129
130
143
117
139
128
120
145
116
137
153
127
141
163
151
171
147
155
134
156
117
140
131
143
110
131
131
140
158
136
132
133
155
135
149
149
123
159
133
147
134
106
136
130
115
110
81
116
159
133
137
154
156
149
177
179
187
191
174
166
159
173
170
158
168
143
158
155
139
128
159
158
145
157
148
169
156
163
147
149
142
159
140
164
152
160
151
158
134
167
149
164
152
160
146
165
152
161
151
147
163
103
149
113
163
137
132
143
152
141
139
137
115
129
122
120
124
156
139
143
143
140
161
132
122
156
113
151
148
137
163
158
146
159
164
136
148
125
149
164
145
154
156
162
148
159
163
150
145
135
123
157
143
140
121
146
133
123
89
122
107
103
105
127
155
134
158
150
177
165
127
161
123
167
146
146
163
154
143
162
148
149
150
172
152
169
156
168
158
163
153
151
131
151
134
146
130
143
146
149
140
157
135
149
148
149
141
118
134
148
140
130
131
78
108
125
50
27
107
74
104
42
15
33
46
72
73
58
31
44
27
55
60
30
46
8
20
44
71
75
88
103
104
120
130
124
147
141
131
146
162
144
156
158
170
147
23
135
79
158
43
146
170
100
111
63
17
31
73
70
80
84
97
94
125
121
146
131
144
144
163
120
152
145
130
47
160
89
53
117
108
64
27
139
26
27
57
62
59
100
80
41
84
98
26
116
35
77
69
112
37
70
126
89
88
89
97
88
121
108
128
125
142
136
166
147
166
149
164
146
157
166
170
147
168
156
169
166
168
156
166
151
163
152
129
149
151
160
149
139
130
130
159
174
161
119
132
181
145
169
146
159
145
162
161
126
166
155
155
169
157
148
169
148
138
148
144
132
146
131
148
137
151
126
136
155
139
149
133
146
135
149
152
120
150
138
142
144
141
126
160
141
160
161
158
160
147
165
135
161
149
151
150
157
139
157
136
157
138
156
152
153
136
156
150
130
120
153
148
157
127
146
154
153
144
157
125
154
156
130
143
141
140
158
142
164
134
150
137
133
140
118
163
145
140
150
143
136
140
131
115
167
131
140
134
155
137
146
160
146
167
132
140
156
144
140
149
150
149
144
124
122
143
149
137
148
124
132
148
129
158
147
153
139
141
148
148
142
157
148
126
136
128
129
141
147
133
147
151
143
170
150
170
169
132
59
115
81
32
145
101
160
71
40
109
45
65
65
98
97
121
116
119
148
135
138
154
150
139
127
116
138
139
153
143
163
145
164
163
139
145
124
106
96
64
163
153
53
76
49
136
138
110
114
114
130
129
125
125
150
151
124
163
158
146
119
137
141
151
153
150
143
145
145
157
146
163
146
156
141
159
147
148
120
141
133
139
140
139
166
136
155
143
141
165
125
158
141
135
151
140
112
129
128
140
144
116
138
131
153
125
134
125
156
143
154
139
143
162
156
155
171
169
154
178
195
176
186
198
175
183
100
173
66
69
46
85
150
26
153
35
48
36
54
38
32
20
45
52
43
41
5
10
23
22
43
42
44
41
37
60
34
36
26
14
15
10
19
24
10
10
6
5
18
7
20
5
19
45
54
50
34
30
70
71
71
72
42
16
49
94
35
52
10
9
51
71
62
81
94
82
115
113
139
136
146
155
153
151
174
162
159
144
131
51
162
100
47
116
84
149
73
28
6
22
65
57
78
75
102
100
127
128
155
154
166
146
135
86
173
74
108
75
124
104
119
44
46
32
30
103
114
99
20
17
31
51
60
61
58
75
77
86
98
108
81
95
112
134
133
164
162
171
170
146
154
163
158
158
145
149
129
122
92
90
46
123
33
74
78
35
130
106
4
27
26
64
66
91
87
97
104
124
122
144
134
144
156
142
148
73
78
32
89
110
100
128
49
6
15
4
44
43
66
65
92
104
96
102
104
115
131
128
125
130
135
139
132
140
147
145
160
156
168
152
132
147
137
102
156
149
128
139
130
83
91
128
147
132
141
148
158
148
151
175
162
146
162
159
168
165
156
135
152
136
156
149
177
160
183
166
189
174
194
175
186
175
170
161
168
164
166
169
167
159
154
164
152
160
134
156
146
133
147
131
147
145
147
134
118
88
79
106
32
143
126
64
55
45
136
5
4
38
24
36
71
94
90
109
128
96
115
125
128
139
152
143
143
132
134
157
150
142
154
162
143
152
150
130
153
141
148
151
170
144
165
147
154
164
162
176
163
148
163
152
162
142
159
153
145
160
159
139
129
156
137
145
136
155
136
162
140
147
157
145
161
163
144
160
149
159
144
165
152
157
144
127
140
150
156
139
137
156
113
139
148
136
145
150
136
145
135
160
138
143
161
161
148
161
144
143
161
141
159
157
145
155
152
154
137
156
152
156
141
157
141
141
157
136
154
132
149
135
152
123
134
151
157
136
159
149
143
169
165
143
145
144
160
140
144
147
152
140
154
145
153
138
151
138
154
158
146
155
154
138
154
139
143
155
154
139
156
144
156
139
158
141
19096
19094
19108
19100
19104
19101
19099
19109
19150
210
206
182
195
183
197
175
193
121
179
161
150
166
151
164
162
159
131
113
110
104
97
119
124
105
124
123
146
132
156
142
115
157
143
155
126
122
133
118
101
124
120
114
130
132
129
135
128
138
136
131
130
182
168
183
167
185
170
182
163
149
138
158
142
122
151
117
109
173
162
152
174
177
141
177
130
163
166
172
162
147
174
178
133
167
163
137
148
164
161
162
149
131
129
137
144
134
140
105
120
116
146
126
123
150
127
129
128
142
139
149
117
132
127
136
136
131
141
133
135
115
140
108
145
133
146
127
144
133
139
129
130
128
130
146
126
145
129
145
149
133
149
133
152
140
151
139
154
139
150
136
144
67
93
85
126
27
120
45
51
103
18
32
41
60
45
57
30
41
26
13
19
16
21
12
14
5
19
14
5
6
22
18
19
72
69
92
77
103
102
125
123
142
139
154
151
148
128
74
115
49
93
95
144
66
127
29
48
5
25
34
31
28
55
64
29
31
60
33
54
66
93
28
85
39
53
66
25
30
95
8
22
51
47
76
76
84
87
106
106
115
107
121
118
149
131
141
130
146
84
45
98
74
79
127
105
99
28
100
21
36
12
6
33
56
54
56
55
73
72
75
116
116
138
109
110
101
88
91
75
62
123
130
19
19
16
34
39
58
77
54
76
92
90
105
106
115
118
77
87
109
51
57
97
73
31
92
6
6
7
13
9
4
16
16
14
51
68
72
95
65
77
99
81
29
56
62
26
65
61
86
55
6
6
4
18
15
6
20
27
34
53
16
35
50
48
12
45
15
31
32
57
73
86
76
73
93
114
113
132
132
148
147
152
123
148
128
155
127
135
132
141
124
135
142
137
113
127
142
129
130
119
108
140
126
139
124
135
116
105
133
128
111
126
119
107
122
129
118
123
121
130
114
131
106
129
115
121
103
128
133
151
139
142
144
145
141
155
123
133
138
137
124
146
110
146
137
140
122
137
119
133
129
103
102
117
132
133
114
147
127
109
111
123
122
97
111
83
98
95
98
89
105
90
105
94
96
101
80
99
88
95
75
83
94
83
97
84
96
99
96
87
104
94
99
102
94
75
91
85
72
98
89
91
93
81
100
92
97
98
91
93
95
96
91
107
100
89
103
100
91
94
94
102
102
94
101
86
94
103
116
115
107
99
104
102
98
107
101
106
104
94
104
110
101
102
113
117
104
115
108
116
106
105
113
112
103
112
102
113
106
112
106
110
98
110
102
104
95
106
98
106
98
107
96
103
93
104
102
103
96
101
95
102
92
84
83
101
103
96
89
86
96
106
103
95
110
109
118
116
117
113
104
109
110
99
111
100
113
110
105
113
109
101
109
97
103
109
97
109
90
96
108
104
97
104
97
106
96
113
98
98
111
108
105
88
105
99
102
95
108
115
125
110
127
114
122
117
124
100
111
101
105
112
103
111
108
96
108
100
110
103
108
106
96
111
108
104
116
113
100
111
100
106
99
113
102
107
95
102
108
94
106
101
98
82
88
100
88
100
97
88
91
98
84
94
78
96
87
92
100
89
101
101
101
104
118
97
105
97
99
97
91
93
94
90
89
79
88
47
55
79
61
84
80
86
84
97
90
88
86
89
86
69
84
87
82
72
98
88
97
92
100
107
117
108
110
98
99
97
91
95
90
103
43
59
33
83
27
75
65
48
6
5
22
32
37
36
46
57
54
61
18
71
39
19
70
62
4
63
48
18
47
66
23
23
44
44
62
60
78
64
81
81
93
95
84
99
106
100
96
67
56
47
99
68
79
57
78
76
91
90
53
67
67
85
78
92
97
101
102
78
92
90
64
92
75
94
84
98
85
102
86
96
98
88
82
96
108
95
110
98
107
99
107
98
96
105
90
98
102
95
101
96
97
102
88
91
98
73
98
87
89
80
66
85
82
76
88
82
81
81
96
87
98
91
91
90
80
94
83
81
86
85
80
89
89
77
94
56
67
47
87
64
42
81
89
69
48
48
64
64
74
74
74
87
80
95
84
75
87
87
94
97
95
99
104
94
97
106
99
103
100
97
82
100
98
88
101
90
92
99
98
108
92
94
84
106
92
89
94
97
89
92
99
98
94
102
94
93
73
95
97
82
92
82
99
87
89
96
85
85
79
98
85
91
79
82
89
97
83
94
92
88
94
80
92
98
94
90
102
96
85
95
113
98
111
102
112
101
114
111
120
110
111
104
109
108
107
99
103
101
103
98
102
103
92
104
90
93
106
94
110
103
79
94
98
93
102
92
92
99
117
102
113
106
118
117
121
115
116
85
76
63
91
84
119
102
87
87
85
94
103
101
113
110
100
88
100
95
86
109
96
113
95
80
22
67
91
50
33
74
67
95
39
3
19
19
36
47
64
64
62
74
72
75
68
58
88
74
78
74
83
93
87
99
82
104
84
92
85
90
90
98
105
105
95
83
106
94
90
90
105
93
91
99
107
107
102
98
101
93
97
95
92
101
99
86
81
81
94
103
96
93
99
105
97
114
112
104
121
115
107
106
115
113
106
109
107
108
94
104
102
98
96
92
100
100
97
103
100
105
103
104
106
99
88
108
112
99
114
97
103
96
113
99
106
113
83
95
101
99
92
94
90
84
77
85
71
89
86
85
94
97
81
96
93
90
85
92
84
94
87
72
72
70
26
59
97
54
40
90
36
