65
90
131
133
155
155
187
194
185
177
129
112
110
100
99
100
102
102
104
106
108
110
114
104
177
114
120
109
126
41
118
111
61
70
77
73
70
35
70
35
70
101
127
144
123
104
147
100
105
89
125
88
138
144
120
151
165
133
146
165
167
148
141
152
119
100
120
121
111
108
109
95
109
119
121
132
127
107
118
112
124
122
104
118
124
117
131
124
137
146
144
130
146
116
126
126
143
134
123
137
128
137
128
132
122
134
132
126
115
122
111
114
86
79
22
39
130
105
106
49
63
42
32
35
42
41
63
62
77
78
97
94
114
105
117
109
115
122
114
125
133
124
139
125
134
124
118
136
124
138
129
117
131
114
131
110
127
123
150
145
116
118
116
107
90
172
166
186
120
110
86
84
97
95
112
105
109
101
112
115
108
105
106
104
108
95
110
104
113
103
111
105
105
115
110
108
108
100
105
106
114
100
110
100
113
101
111
101
109
103
97
85
98
101
105
99
80
93
115
107
117
115
133
141
132
134
130
133
143
102
64
84
74
107
26
121
54
141
128
85
49
55
48
81
78
98
78
126
123
132
104
88
104
116
78
116
124
99
95
117
117
127
139
114
121
117
129
119
130
119
127
116
127
117
127
130
119
128
117
145
135
144
132
139
128
133
125
120
133
160
152
150
153
151
147
154
94
151
106
104
107
113
158
112
96
118
98
108
127
114
127
115
115
100
127
117
111
126
98
98
101
93
97
83
98
88
93
87
88
88
85
91
90
85
93
76
81
95
89
103
90
104
89
90
99
95
88
97
86
96
90
95
90
95
87
83
86
76
85
79
87
81
73
77
82
95
85
90
81
87
80
90
88
91
83
72
83
73
88
90
81
94
83
91
83
90
95
98
82
68
85
76
82
77
77
83
72
77
85
89
73
90
84
90
85
93
86
87
80
90
88
96
84
84
94
95
88
86
89
96
90
90
80
85
90
88
83
92
81
90
85
89
79
79
70
86
84
77
79
80
70
78
82
79
65
82
82
72
86
78
60
78
60
79
70
70
79
68
77
79
83
66
83
84
92
90
90
93
92
91
76
96
80
86
6835
6846
6837
6909
6940
6946
6942
171
105
109
38
6956
67
100
53
6960
6952
27
42
48
48
49
67
66
88
88
104
104
118
107
114
102
112
99
97
109
91
117
103
113
108
109
104
119
109
123
135
109
123
108
115
125
136
115
135
123
121
128
123
126
126
116
124
116
116
108
115
104
114
108
113
106
112
102
107
115
107
115
114
108
113
106
108
95
109
98
110
107
103
114
106
115
121
114
122
113
121
113
119
109
120
122
122
114
122
100
103
116
64
41
33
79
62
85
10
35
33
45
44
51
51
70
70
87
87
98
104
112
109
117
94
124
108
100
115
113
102
106
103
110
101
103
97
88
103
103
91
85
105
98
68
82
98
91
91
103
100
105
103
121
100
121
105
116
112
118
110
117
114
115
106
109
100
98
91
112
105
98
112
103
111
101
86
104
102
108
98
108
93
99
110
115
122
109
124
110
126
111
119
109
128
112
109
101
109
103
105
81
94
85
94
101
105
102
107
107
102
114
123
117
115
99
104
97
103
98
108
96
103
98
94
100
102
91
92
102
98
92
79
105
96
104
81
87
96
110
96
59
73
48
103
84
63
67
66
98
66
64
82
82
99
92
99
99
109
103
106
140
157
161
132
150
145
281
268
281
281
716
700
687
670
659
650
511
484
471
439
24
22
50
47
72
80
84
96
90
73
49
57
5
13
13
16
6
27
23
24
24
69
37
58
57
70
84
86
84
87
141
140
157
155
125
163
96
132
58
78
157
85
126
65
19
16
48
46
62
42
78
64
58
102
93
39
17
17
102
84
70
94
75
101
63
87
59
34
33
37
33
34
80
92
104
90
70
68
53
95
68
104
31
167
182
172
170
170
200
125
122
163
159
154
128
135
125
116
120
112
114
111
109
103
112
115
105
132
113
130
114
129
110
84
98
142
120
143
76
113
106
93
87
104
66
65
73
72
74
95
97
92
99
112
94
114
112
119
110
117
135
116
92
80
103
37
60
69
90
102
94
96
59
87
82
81
97
92
108
112
109
122
80
66
110
76
96
122
110
108
104
95
103
107
81
83
83
82
66
77
116
107
116
88
606
617
618
640
639
637
622
607
77
63
53
47
641
633
17
6
5
4
23
18
6
10
29
24
54
30
24
25
27
31
51
40
6
15
17
24
15
26
58
49
70
57
54
54
89
90
25
60
62
88
91
83
24
51
3
13
39
33
40
40
39
39
40
40
27
39
38
16
6
8
15
21
7
8
50
53
51
44
6
4
4
32
11
18
7
8
4
12
43
35
47
57
55
56
44
28
55
55
50
43
57
225
214
31
211
39
40
50
51
59
58
66
64
74
71
87
79
89
88
97
88
102
92
104
95
100
89
104
92
101
95
95
102
83
100
88
104
89
91
102
78
94
86
81
98
97
89
98
96
84
95
83
91
96
88
94
86
97
87
99
89
98
99
98
86
86
90
83
95
94
82
82
91
108
97
105
104
120
118
117
123
126
91
110
96
110
95
77
100
88
103
99
86
94
99
103
93
108
99
105
96
103
85
97
107
80
93
102
91
98
100
90
78
97
90
91
97
80
93
82
90
92
94
80
92
86
96
68
67
84
93
75
85
79
85
89
78
85
84
92
94
88
93
90
92
95
81
92
81
84
96
79
88
89
89
83
71
88
82
91
82
75
91
78
102
95
87
103
94
87
101
106
89
108
95
101
95
104
95
109
101
99
88
92
94
94
77
87
98
90
96
90
89
81
93
99
94
98
95
83
95
84
89
91
92
72
86
75
90
79
80
89
96
89
91
104
99
97
96
92
104
102
92
104
93
103
93
102
103
108
99
112
101
114
112
113
105
91
115
97
105
92
102
89
108
94
98
95
107
104
115
113
116
109
114
108
114
108
115
107
110
108
113
107
111
104
110
103
110
103
104
111
110
108
109
106
107
105
96
109
109
94
106
110
113
110
116
110
148
140
148
141
132
152
141
159
143
151
112
120
99
48
111
96
71
78
57
125
107
93
92
49
69
69
89
88
105
104
122
114
114
122
128
121
126
117
123
111
118
114
106
116
97
112
112
102
115
101
109
101
110
97
107
96
79
91
98
97
91
96
93
101
92
107
96
112
105
95
103
82
84
102
95
82
91
79
101
92
101
98
100
111
103
41
55
48
71
102
74
32
29
6
7
10
8
14
34
53
36
49
51
66
66
82
82
101
99
105
96
107
99
106
94
107
95
102
91
95
94
99
107
94
105
91
98
98
106
103
100
101
95
98
104
97
108
104
97
84
105
95
100
95
99
90
97
89
91
96
105
95
111
100
113
106
115
107
108
117
101
116
116
113
117
114
118
109
115
110
101
112
90
103
95
106
93
93
110
105
92
96
96
102
104
82
94
99
96
100
84
105
97
108
100
118
106
114
108
113
105
110
103
108
106
107
101
95
78
96
92
98
100
93
106
91
108
99
110
104
9432
9426
9441
9532
9526
9542
9527
9534
9513
9512
278
256
195
196
178
74
181
94
101
100
112
93
93
110
96
108
110
176
168
171
146
160
167
184
169
163
89
98
106
104
93
90
110
104
99
107
101
102
103
128
135
117
140
131
145
132
143
129
105
115
119
130
145
137
145
133
144
132
118
124
140
99
123
113
105
118
96
105
117
108
111
104
119
110
109
118
120
112
109
118
118
109
100
114
105
113
116
102
89
114
102
101
106
97
104
94
83
101
97
96
97
112
98
100
106
112
114
109
97
105
79
73
53
96
21
91
44
69
35
8
33
30
42
47
56
66
56
63
66
94
91
86
95
87
106
97
91
99
99
111
104
112
100
110
97
90
87
99
101
88
90
94
94
89
97
89
91
105
84
91
102
104
98
82
111
98
98
88
99
79
97
91
98
96
96
96
106
91
105
106
95
105
93
104
93
102
94
108
93
91
98
97
78
86
95
90
97
92
98
93
93
101
100
78
91
81
93
75
76
88
86
78
83
63
41
78
23
59
51
32
21
24
70
30
47
36
49
49
61
62
63
86
85
94
88
81
95
97
100
97
89
98
97
93
104
102
103
95
103
92
102
94
103
91
104
96
105
93
105
95
107
99
106
99
103
96
100
87
102
94
103
97
104
102
104
94
104
97
102
94
100
93
101
90
103
92
105
98
105
99
105
98
105
97
104
97
103
97
103
98
105
99
104
96
102
95
103
96
103
95
100
93
101
95
102
97
105
93
106
99
108
100
105
94
105
97
104
96
103
95
101
90
100
94
101
93
101
94
102
91
103
94
107
101
108
101
108
101
108
101
108
101
109
101
106
112
129
121
128
121
127
120
128
117
109
100
105
99
106
95
103
96
91
101
107
94
105
99
94
104
109
98
109
105
106
95
108
96
108
99
108
96
105
108
109
107
104
105
96
110
83
87
112
103
116
108
110
113
120
118
117
87
96
129
108
95
89
82
95
81
71
108
82
87
78
93
75
86
88
86
74
71
74
88
72
81
70
87
80
81
80
91
84
87
87
75
87
95
87
84
84
93
76
86
89
89
107
95
69
99
93
76
86
106
91
103
99
101
83
101
99
104
98
98
110
103
115
113
104
106
105
118
107
121
110
120
110
119
108
119
111
99
97
110
111
99
111
92
107
100
119
113
118
114
103
85
106
112
105
97
107
108
108
106
120
117
115
118
125
116
121
109
113
122
120
107
117
115
115
106
108
95
106
91
105
94
102
87
69
76
82
86
81
91
99
92
93
91
82
110
107
118
102
105
103
96
114
106
106
97
109
94
114
106
114
107
114
100
118
106
102
114
92
114
99
107
99
113
105
95
100
84
98
91
101
94
97
97
102
90
90
111
95
100
93
100
96
96
101
107
100
112
100
110
111
99
105
108
115
105
107
104
109
113
102
118
116
109
94
98
98
105
106
100
90
102
99
106
74
86
100
68
95
96
88
92
80
73
71
71
86
78
84
98
92
103
89
95
100
100
95
106
100
102
95
99
98
91
102
92
88
94
96
92
100
81
92
96
89
102
93
97
92
98
92
91
90
102
96
102
91
104
92
100
89
102
90
96
101
98
88
99
91
102
96
100
88
101
93
100
106
100
111
99
106
102
104
99
109
101
98
86
43
99
28
28
89
63
80
70
37
52
82
40
71
70
86
85
91
96
97
111
104
109
78
88
78
86
84
90
84
93
91
101
90
89
99
104
101
105
95
106
97
95
83
86
97
65
97
90
110
97
106
101
125
109
117
129
126
113
120
104
104
102
109
94
111
102
114
104
122
120
111
132
119
72
57
60
45
46
83
109
75
95
4
19
6
16
20
19
50
51
66
68
83
75
88
87
103
102
114
103
112
102
112
105
102
109
89
92
112
106
106
100
104
98
107
97
100
107
98
91
114
106
118
113
108
121
114
124
117
131
122
129
90
76
65
53
38
108
119
80
47
3
35
34
41
43
55
55
69
60
70
67
49
67
94
85
83
93
86
70
72
91
92
91
101
95
104
102
107
101
93
99
88
94
89
96
90
107
95
103
92
106
99
109
102
110
107
113
104
117
105
120
118
119
116
115
111
115
113
114
112
113
110
116
113
119
110
121
109
126
113
122
114
120
112
119
111
116
107
112
104
112
117
89
97
112
109
92
111
103
81
107
103
118
110
120
113
119
116
110
111
121
119
97
82
103
72
104
92
105
96
107
99
105
76
100
73
72
48
54
66
8
10
24
49
47
31
65
63
60
82
50
23
17
69
41
82
74
74
36
46
24
39
54
53
73
74
89
89
111
107
111
90
86
110
108
98
111
106
111
120
108
108
118
117
109
119
103
112
103
102
100
95
104
96
107
96
100
88
89
109
95
103
98
107
98
108
106
88
94
94
106
118
118
103
112
95
105
98
115
84
79
87
99
93
94
97
97
97
119
117
123
97
88
126
113
108
113
104
110
112
100
113
121
125
110
122
110
136
123
136
121
122
124
81
108
129
121
108
98
102
95
98
104
92
69
91
90
105
90
100
104
109
101
100
116
112
103
109
96
93
93
103
92
103
95
101
90
101
89
102
90
102
90
102
91
64
52
102
90
70
77
82
74
84
71
94
85
92
92
89
91
81
96
73
60
77
59
75
81
36
59
52
13
70
79
25
76
54
89
36
29
29
29
63
73
74
75
76
57
72
66
40
67
58
60
10
21
24
66
6
3
4
11
5
18
10
7
9
75
81
16
16
30
21
5
4
19
13
32
27
74
47
70
84
76
91
90
108
100
109
110
96
99
78
99
104
110
115
98
123
123
141
125
82
85
138
127
75
62
107
48
113
91
100
66
73
72
87
97
75
75
75
45
68
59
75
73
62
62
47
57
63
83
83
101
103
120
118
126
122
120
125
115
106
119
109
115
36
92
17
29
57
50
70
79
49
112
103
65
68
83
88
103
106
85
112
108
66
69
53
51
46
52
91
28
27
8
26
22
8
28
55
57
56
56
86
89
57
39
22
22
58
88
44
84
66
84
51
64
63
65
62
63
63
51
61
61
47
53
27
15
28
27
24
26
47
23
48
49
24
60
84
80
110
97
88
89
113
114
112
141
128
132
91
100
65
31
30
29
65
50
59
22
118
112
83
29
28
79
32
84
27
25
50
91
101
87
103
66
71
72
83
86
85
66
47
49
55
85
229
224
213
186
235
8
6
10
25
22
13
9
46
47
51
62
64
63
78
77
94
95
103
94
100
92
98
95
87
71
81
91
76
86
110
99
98
110
110
111
106
126
113
99
111
94
104
114
115
103
104
92
84
77
67
60
56
47
90
123
31
42
41
49
63
67
85
84
103
102
114
107
125
119
111
117
108
106
113
121
109
110
122
106
113
111
100
96
109
87
96
89
99
91
99
91
96
92
96
91
87
99
97
76
90
89
83
85
88
80
95
86
97
94
95
92
98
97
104
91
84
96
90
89
95
87
93
78
85
96
99
81
98
74
85
98
90
101
90
103
90
91
94
79
95
86
97
91
96
90
95
90
92
99
89
105
80
92
88
100
88
101
95
109
101
116
106
124
113
121
127
118
128
118
125
127
119
128
107
120
120
93
115
105
117
97
113
94
116
105
124
125
136
126
139
124
141
123
136
98
99
110
114
112
103
115
105
107
99
107
101
114
89
101
104
93
99
93
106
92
100
94
100
87
98
86
96
79
91
98
97
86
102
95
107
98
94
93
104
96
104
97
109
96
98
108
108
101
97
109
92
107
104
96
106
96
99
103
91
101
93
94
104
105
94
98
83
98
101
87
94
90
78
91
78
90
79
75
95
88
94
93
89
83
102
96
89
98
89
95
91
82
83
85
89
83
88
91
94
77
82
90
83
82
100
86
94
77
92
75
81
81
95
88
93
82
88
95
104
91
105
88
96
79
91
101
89
102
87
74
94
82
95
81
92
86
94
90
81
93
88
98
86
93
88
95
82
80
89
85
84
94
88
94
88
96
89
96
98
93
87
96
83
94
95
90
98
91
91
106
98
107
102
108
95
83
105
79
88
90
89
96
85
101
106
93
95
104
107
96
103
101
81
91
98
102
91
98
88
95
98
82
101
94
105
91
89
96
81
98
84
80
81
106
95
92
80
96
94
103
101
110
86
99
88
101
90
86
86
99
93
88
98
97
76
83
89
97
105
88
94
89
92
98
97
95
83
100
92
100
92
105
93
91
98
97
92
103
95
98
93
99
103
98
103
96
97
98
87
88
101
81
70
93
89
76
87
94
89
101
105
93
107
104
103
98
103
95
102
94
99
87
101
93
76
94
87
86
91
99
89
98
87
90
100
104
93
96
77
91
88
94
100
87
102
90
91
101
104
97
104
96
99
106
104
94
102
83
99
104
92
102
91
91
103
102
96
98
105
104
96
103
93
108
104
106
96
106
105
106
67
92
76
112
98
96
76
87
98
88
97
88
87
87
102
106
109
103
115
106
111
108
106
98
106
95
104
99
106
98
105
98
107
92
85
107
95
105
93
86
75
84
91
97
112
92
102
90
85
92
91
106
101
100
104
106
97
82
89
110
87
69
86
73
50
50
48
97
97
63
96
94
71
104
83
78
62
80
64
80
89
84
102
100
101
96
80
99
25
28
77
34
75
52
52
32
39
40
30
66
66
66
97
95
94
114
112
124
119
106
103
88
112
111
115
109
109
116
111
122
116
100
125
115
122
108
119
110
119
110
120
97
92
103
93
98
98
91
95
81
94
82
97
95
88
99
99
87
94
85
97
75
103
90
106
99
108
99
121
107
121
113
121
114
120
113
122
107
121
106
109
119
120
115
117
110
116
109
117
109
116
119
113
117
119
107
119
110
121
112
119
117
116
106
118
146
129
139
126
135
128
131
143
147
119
122
111
123
113
123
109
109
121
108
116
80
93
106
80
98
70
96
84
96
76
88
87
97
85
92
95
102
94
82
96
90
91
95
102
91
102
93
105
68
94
49
85
21
73
58
31
46
6
3
43
28
44
43
47
66
65
84
83
95
101
107
97
116
110
110
117
105
117
106
125
100
108
104
114
101
120
115
122
105
120
110
113
124
111
92
106
84
106
92
106
91
109
93
113
93
114
114
129
126
130
121
125
122
109
118
117
114
112
104
107
100
102
85
100
103
92
100
93
98
94
103
97
76
96
87
85
96
87
92
88
82
80
89
89
86
101
88
97
95
101
93
103
96
90
105
102
95
94
106
106
100
104
101
94
79
103
65
72
84
93
84
94
83
91
81
85
72
86
85
94
83
94
84
95
83
93
82
95
85
97
86
94
84
68
74
58
99
93
87
76
89
81
57
67
66
95
96
114
108
108
114
117
110
124
102
118
105
124
118
132
123
128
120
127
119
120
109
114
105
107
109
101
106
99
80
65
102
102
100
64
109
95
108
102
105
107
86
108
107
107
121
107
120
114
121
112
121
108
116
108
111
98
109
101
102
108
104
94
85
98
94
107
96
100
93
109
96
88
113
96
107
98
98
104
80
109
99
105
110
110
99
87
107
95
107
98
100
108
97
111
89
118
100
118
105
117
106
120
112
113
123
109
118
60
97
80
74
83
97
90
81
101
90
76
97
96
108
109
115
126
124
115
102
134
118
128
110
116
111
95
65
115
98
91
96
86
97
90
97
92
93
93
96
107
109
104
95
105
111
102
119
127
117
129
121
132
124
129
108
121
113
120
110
119
112
120
117
119
112
114
99
107
84
100
103
89
97
89
96
90
94
90
88
88
90
97
88
94
96
92
96
91
100
98
104
94
109
101
108
99
93
106
119
99
81
104
118
105
116
118
94
114
113
101
120
113
129
114
114
109
119
121
109
114
106
99
106
104
107
100
79
113
93
106
81
98
93
101
80
72
102
92
87
88
94
95
88
90
124
114
107
118
126
130
125
138
129
111
136
122
109
105
119
118
111
120
112
103
120
109
88
111
118
99
122
110
124
108
130
122
135
124
133
125
88
107
97
120
120
111
120
102
125
109
94
84
105
102
106
69
57
55
36
104
1320
1311
21
16
17
17
18
20
24
26
29
24
26
28
28
28
29
30
31
35
26
5
24
7
12
4
11
24
19
22
28
9
5
17
25
27
23
7
5
16
12
26
24
10
6
3
5
5
14
11
7
11
23
14
33
17
21
13
16
10
16
5
14
10
7
4
11
5
26
16
7
19
23
27
46
51
68
21
23
49
53
47
73
81
47
90
92
71
90
64
83
84
83
86
96
72
98
94
87
89
94
74
80
91
87
112
111
213
206
218
194
187
206
212
203
207
199
124
116
181
195
165
183
135
151
167
175
27
142
122
52
31
155
25
19
27
30868
30881
30886
30890
30890
30889
30891
30886
73
30881
42
22
14
4
5
3
1937
21
25
11
8
9
18
22
18
14
10
17
7
15
11
11
10
5
13
16
18
20
42
40
40
26
26
27
25
6
6
4
8
19
6
38
22
27
32
84
81
105
93
107
109
108
40
66
109
113
56
113
27
4
5
4
5
3
4
15
2
3
3
4
4
7
7
6
9
9
22
23
41
31
54
36
38
54
52
52
56
67
41
74
88
77
98
87
100
79
87
104
94
102
103
97
92
110
105
98
108
123
114
101
99
118
89
91
109
125
105
123
106
116
87
106
66
108
96
103
97
112
88
60
100
83
97
80
110
88
109
105
94
103
116
122
113
80
87
105
98
116
108
92
366
355
372
376
380
377
389
365
384
353
103
113
114
104
110
104
111
109
103
96
104
101
101
95
100
105
102
100
81
100
93
74
84
76
38
52
69
16
91
59
15
42
72
29
46
46
60
59
57
86
92
92
104
94
104
107
95
104
93
93
101
100
93
103
93
103
95
86
97
95
98
86
96
78
90
91
81
97
78
94
94
96
96
92
107
102
82
95
94
89
90
98
101
90
104
93
102
92
97
92
97
101
90
93
88
89
84
78
98
90
94
87
91
91
105
80
89
99
92
92
86
75
94
85
89
97
87
98
91
86
101
86
99
92
93
103
92
101
100
101
107
93
80
85
94
73
93
85
90
82
83
89
96
90
73
91
73
89
91
97
105
88
97
103
102
106
97
110
87
97
110
108
112
99
101
82
76
96
104
96
89
100
104
97
101
83
94
94
107
102
106
110
100
104
99
93
104
90
78
69
102
92
74
80
99
90
92
99
91
99
92
98
106
108
79
94
96
98
98
73
87
87
95
96
97
97
93
83
102
83
100
94
95
106
94
102
104
102
96
98
87
96
91
90
97
98
90
51
69
76
76
95
93
101
91
99
96
115
104
109
103
113
106
113
106
106
113
109
102
105
110
111
103
112
104
109
99
112
104
111
108
113
105
114
121
105
92
114
106
114
105
113
105
110
100
116
114
100
114
113
101
117
111
116
118
121
107
119
106
106
108
100
114
98
88
105
93
103
97
98
106
106
101
100
105
98
99
105
107
104
107
96
84
103
100
102
100
65
77
57
46
20
77
89
34
96
27
48
30
20
18
18
22
19
19
18
19
24
12
50
47
46
49
50
43
50
72
75
77
89
69
61
82
81
82
99
99
107
96
103
102
108
98
89
96
93
85
96
71
86
93
97
102
91
114
107
118
109
119
105
99
98
104
92
98
91
92
96
99
87
98
87
87
60
81
71
81
89
86
69
75
82
80
76
79
77
85
90
69
87
74
83
89
88
87
86
88
89
97
95
98
94
95
102
104
96
99
98
100
113
99
113
102
112
107
100
115
105
103
112
103
93
112
105
79
100
91
77
86
77
97
95
85
104
98
116
107
97
107
105
102
82
79
109
52
94
43
64
70
113
