61
79
67
216
240
216
77
216
241
291
277
286
123
140
149
157
159
103
96
120
113
114
160
154
110
118
127
109
107
108
119
140
143
151
133
139
131
103
115
139
115
95
107
89
90
97
92
107
97
96
83
95
100
100
94
91
106
102
87
98
91
87
86
87
81
101
71
83
89
100
99
95
101
108
92
109
87
98
107
107
83
96
110
99
107
100
112
101
107
100
109
102
96
109
107
98
102
91
92
104
105
92
94
102
105
94
97
109
103
89
108
103
98
108
88
95
106
104
100
102
99
118
109
99
97
111
106
102
109
71
89
105
77
139
126
140
131
137
126
123
151
118
159
100
116
107
109
104
87
94
92
84
76
87
78
94
82
99
93
102
101
109
106
124
115
115
106
108
100
106
121
114
136
111
129
113
116
109
117
106
96
121
99
93
108
89
112
107
114
116
119
108
124
111
112
111
112
105
106
109
106
108
111
109
113
102
122
109
128
118
115
126
128
115
110
119
107
86
101
117
80
118
105
112
122
116
104
96
121
119
124
109
112
118
108
123
99
109
118
98
104
103
119
88
92
100
87
103
97
106
105
122
114
121
107
112
103
104
103
119
118
110
123
120
117
121
108
120
110
120
112
111
120
101
128
108
120
109
100
117
109
92
76
95
101
98
83
83
87
89
87
97
90
101
83
94
87
96
80
93
85
97
91
68
87
74
89
85
90
96
96
75
82
98
55
51
98
66
34
73
84
40
29
3
4
15
36
26
28
46
46
64
61
77
76
92
89
100
93
98
96
99
89
99
101
102
100
103
100
105
99
89
83
100
94
90
100
101
94
99
96
104
106
88
106
104
97
111
72
110
94
86
101
84
79
95
88
80
85
87
79
79
90
81
91
84
94
99
86
94
87
97
87
90
94
96
87
97
87
98
92
99
88
90
98
99
95
98
92
86
97
79
84
95
94
85
88
89
78
94
86
94
7650
7652
7681
7705
7700
7665
89
7693
7679
7705
7671
65
106
5
5
11
15
14
21
45
41
56
59
78
73
93
105
97
36
105
89
77
32
106
51
62
4
5
5
22
18
23
31
15
21
33
4
22
14
22
17
31
21
5
4
22
6
10
7
25
25
28
45
41
77
75
77
81
85
78
114
114
127
128
54
100
32
81
61
114
133
80
121
116
113
90
86
115
109
138
137
157
156
171
90
150
133
24
37
142
50
67
58
93
17
21
21
21
54
29
3
14
41
40
51
41
54
74
86
84
88
87
97
120
101
113
114
137
120
59
65
106
112
76
34
45
73
5
5
34
12
49
47
63
75
84
87
88
107
107
125
119
131
125
104
119
119
111
114
116
116
100
102
112
96
104
87
106
102
112
146
134
124
144
151
153
144
122
136
133
105
91
101
94
109
96
103
95
96
105
92
82
105
96
77
198
187
192
190
197
187
196
194
100
100
108
113
113
109
118
112
100
95
114
125
116
133
105
124
134
123
140
130
139
117
124
109
101
102
113
102
111
106
111
108
111
103
112
104
111
103
111
109
114
104
112
109
111
105
110
102
103
100
102
96
99
97
99
96
100
98
104
98
106
103
110
102
111
108
110
107
93
103
91
101
88
107
90
92
104
108
99
104
97
104
96
100
92
98
90
87
97
74
96
81
82
87
69
80
86
78
86
73
88
89
83
96
84
84
84
92
94
86
93
84
94
88
88
95
98
91
97
86
83
76
96
89
83
86
66
77
90
79
83
95
98
92
98
84
100
102
105
113
112
104
114
107
112
105
103
114
86
99
109
108
94
110
93
103
92
110
99
115
113
112
106
113
100
114
105
105
112
112
103
99
108
108
101
107
100
105
97
127
125
127
117
126
120
122
120
117
123
102
95
97
96
99
97
105
102
105
97
108
100
112
109
114
107
109
102
92
105
92
93
110
104
91
107
94
104
113
107
98
104
102
106
104
107
100
103
96
106
103
109
106
100
107
107
104
108
105
105
99
83
95
101
67
71
72
48
47
95
85
64
58
81
92
94
96
119
119
125
82
95
94
88
98
107
93
89
95
76
89
99
97
102
101
105
105
93
92
98
107
109
102
95
107
108
98
107
96
94
94
102
81
89
87
96
102
97
103
75
19
28
63
86
54
93
51
62
3
4
7
19
41
38
41
44
58
57
72
72
85
84
85
79
66
87
71
82
65
86
87
78
91
106
100
109
76
95
97
103
87
60
93
84
62
69
44
15
27
14
36
57
4
7
9
3
21
10
21
29
41
43
50
48
63
59
63
45
62
82
82
99
94
67
76
92
70
96
96
105
106
97
107
113
115
108
98
118
105
101
106
100
104
94
104
92
90
98
78
88
93
91
86
86
91
90
94
94
96
98
89
97
89
97
89
97
88
87
95
100
89
99
87
97
85
97
86
98
91
97
87
94
99
102
91
94
105
107
95
108
97
101
91
91
102
97
96
107
107
106
99
106
115
96
98
101
96
104
94
90
101
102
89
87
112
94
103
98
97
103
106
104
110
105
122
113
104
118
120
109
99
104
111
107
85
91
115
100
113
111
108
113
110
105
96
102
93
104
95
101
95
100
89
99
88
90
102
74
81
47
28
92
39
63
59
100
18
3
4
21
22
35
44
54
53
65
73
65
80
76
78
101
102
109
103
116
102
109
105
106
115
91
102
111
107
86
98
102
101
88
72
75
74
71
68
99
62
102
3
11
7
22
32
28
19
34
37
42
62
41
59
17
45
39
38
37
26
33
37
41
44
26
47
29
58
10
33
31
49
47
59
60
76
75
88
87
94
93
111
99
112
104
109
102
115
117
122
106
106
89
93
88
75
100
92
75
76
111
105
109
107
128
116
118
109
107
98
100
83
84
102
106
91
109
99
110
98
108
97
99
97
106
102
77
92
84
79
65
64
104
73
94
84
105
96
115
114
133
124
112
120
115
121
98
110
71
85
106
97
87
94
83
94
74
79
91
55
77
77
78
82
71
87
81
93
77
89
81
83
91
78
92
88
74
83
71
73
78
64
86
81
44
50
72
64
60
83
46
83
70
83
81
76
86
85
100
101
87
106
90
83
96
88
100
93
87
96
88
89
104
92
81
101
100
91
88
96
87
99
86
94
85
87
75
90
86
95
86
88
96
84
96
95
84
88
97
92
95
80
88
96
94
106
98
104
90
98
93
95
95
108
99
99
108
110
97
111
104
113
101
114
101
112
106
118
106
119
111
119
106
119
99
95
116
97
85
103
102
94
100
108
103
106
109
111
115
92
100
115
102
118
112
100
110
111
98
112
103
104
93
75
98
95
101
92
85
101
93
88
86
82
106
101
95
104
95
103
100
88
101
94
62
52
62
75
38
86
27
45
7
6
17
17
27
42
40
57
48
63
58
72
81
72
71
89
81
85
77
80
91
70
53
83
62
76
43
80
80
89
49
80
78
68
66
70
89
89
99
91
99
93
103
93
95
109
101
91
104
103
100
103
102
83
97
103
95
103
97
106
102
103
111
100
105
84
106
105
106
93
94
83
71
96
97
77
94
85
144
135
150
131
110
112
132
122
119
58
80
87
69
67
86
84
90
85
96
82
103
99
74
54
47
64
80
94
98
34
33
36
40
46
51
55
28
69
5
4
40
22
19
20
31
15
17
20
6
5
5
9466
40
9455
59
55
9463
57
81
41
12
33
71
7
8
17
19
32
46
52
21
34
33
18
49
8
15
24
26
47
40
64
59
81
77
103
104
122
122
134
124
119
127
121
114
126
107
120
126
112
130
113
128
109
95
107
125
122
116
128
114
130
110
107
121
103
103
114
111
113
110
113
106
112
104
118
111
112
136
124
116
139
130
135
124
119
98
116
106
124
125
132
125
132
126
139
129
127
108
115
105
116
109
119
117
132
125
138
131
128
135
135
127
118
127
116
99
112
105
115
93
112
114
104
53
61
88
112
106
83
52
73
92
94
80
76
48
47
69
70
85
82
90
97
95
85
88
94
110
97
92
94
103
90
75
70
102
90
109
94
106
95
89
83
101
100
108
94
112
97
108
102
107
103
96
114
116
101
102
111
115
100
116
104
90
100
111
104
110
100
88
103
103
111
114
95
86
92
104
96
102
108
99
80
106
86
92
96
108
97
107
94
92
97
79
79
79
105
93
106
95
94
98
102
94
97
90
99
87
105
88
102
117
109
111
118
121
114
119
108
118
117
107
100
111
101
109
96
105
103
97
95
106
108
98
106
100
117
119
126
115
115
132
121
120
128
120
111
136
120
135
123
134
108
126
114
130
129
107
121
106
117
105
108
107
122
105
116
96
110
110
116
103
124
109
105
115
114
98
99
106
98
98
107
95
114
104
95
103
91
91
112
111
110
104
66
103
91
55
85
117
58
76
106
98
100
102
95
118
93
115
107
107
121
111
116
113
119
108
108
117
115
107
111
108
109
113
100
106
100
119
111
102
74
59
120
28
85
91
40
58
5
10
9
6
10
7
3
3
14
3
20
17
30
51
50
64
67
73
69
82
75
93
91
103
91
104
96
93
103
96
104
103
65
99
84
58
72
92
89
105
76
104
90
100
79
89
81
96
102
96
110
97
112
104
98
97
61
42
105
92
53
84
32
79
75
46
4
7
4
4
44
34
32
51
50
66
66
81
82
102
98
89
109
104
40
72
81
63
38
20
89
93
13
50
58
70
71
84
87
87
108
107
127
127
120
106
115
115
118
110
117
109
108
100
104
108
105
93
106
98
101
108
113
104
112
101
93
120
103
116
104
123
112
108
105
120
120
104
122
116
100
110
84
108
98
108
115
101
119
106
106
124
125
109
113
107
95
89
85
70
60
131
4
5
6
11
24
8
7
23
24
11
15
27
10
28
26
30
4
12
17
26
17
28
11
7
20
18
3
1
7
6
3
2
1
7
6
1
4
3
4
2
12
2
2
13
14
14
6
16
13
47
50
49
48
46
45
62
65
66
76
66
81
76
83
38
21
70
62
14
43
78
52
33
15
13
12
4
2
7
2
2
7
4
3
12
5
17
16
20
19
445
449
475
448
448
45
448
451
51
450
472
448
5
26
14
27
58
58
74
82
81
81
80
89
86
80
76
52
38
30
30
31
112
111
4
2
36
29
30
37
28
29
55
54
54
66
66
49
63
63
60
76
82
81
75
68
35
54
55
65
62
63
52
54
46
65
70
71
65
75
73
80
41
80
48
74
69
67
70
56
66
75
64
66
52
51
52
55
52
26
35
53
13
61
7
6
4
23
8
15
6
4
10
6
4
28
47
37
37
36
35
60
62
61
76
82
73
72
67
71
73
86
96
95
96
106
104
98
106
101
104
92
103
96
101
89
105
101
115
100
112
113
102
107
101
98
108
97
111
101
110
100
104
98
104
100
104
99
92
104
97
104
123
128
116
125
98
34
116
29
18
120
124
48
90
57
111
19
34
47
54
47
53
53
56
58
26
44
32
58
51
58
8
18
17
55
49
62
52
66
65
83
82
99
99
80
96
96
113
95
97
103
113
101
119
109
95
112
116
126
111
121
105
113
106
122
116
114
104
112
111
111
103
114
107
112
102
107
106
119
115
121
115
114
121
129
119
124
140
118
111
109
96
44
81
47
71
138
54
8
23
25
22
20
64
32
62
55
28
59
51
21
27
60
59
59
56
9
11
5
6
12
22
21
26
35
36
74
65
81
78
95
92
101
92
99
100
96
110
114
102
111
98
100
112
115
113
96
115
60
91
102
107
84
74
99
111
114
105
119
114
91
92
99
53
79
66
39
27
110
96
110
48
7
2
32
40
46
45
66
65
80
80
82
98
99
97
112
108
96
112
94
107
106
109
110
113
113
104
119
111
113
114
124
100
111
134
162
157
144
169
143
187
161
186
134
182
144
146
153
154
141
116
104
105
117
113
101
132
112
119
134
135
145
129
135
146
131
86
98
107
125
112
99
110
102
102
95
99
96
97
81
89
88
81
89
77
85
71
72
57
61
70
64
79
76
83
93
92
98
84
103
99
112
100
99
108
100
100
111
117
101
112
99
100
117
112
105
111
108
111
105
99
108
95
92
110
94
101
108
91
107
110
105
103
109
107
110
108
113
105
111
106
108
98
111
115
111
90
104
108
98
111
102
113
92
110
92
96
97
108
106
109
107
107
100
107
122
124
116
122
118
121
118
123
116
112
77
97
104
89
105
91
104
88
104
95
108
96
103
101
101
98
102
94
102
100
107
100
106
104
107
110
114
111
108
116
106
113
112
105
110
107
105
98
105
102
105
101
100
108
96
105
102
104
95
102
80
96
99
76
94
88
96
78
94
101
91
107
85
103
96
97
111
92
91
106
101
103
97
111
100
112
103
98
112
106
88
95
90
85
94
88
80
95
88
103
97
108
100
97
91
115
108
95
92
107
96
104
106
94
99
105
96
100
90
101
91
97
110
85
101
102
109
96
110
99
109
93
94
108
112
110
104
97
105
102
113
110
115
112
115
110
105
97
103
110
109
87
104
102
98
93
103
95
101
90
98
96
104
101
103
97
103
92
79
91
98
95
82
100
90
105
89
107
96
98
97
107
108
97
105
99
108
95
105
92
104
96
100
93
102
100
104
101
109
102
110
108
112
104
107
88
101
97
109
95
109
106
94
105
95
101
95
103
75
43
51
66
68
86
98
23
35
6
36
45
54
50
67
66
78
77
93
92
104
80
93
101
89
98
94
87
96
86
95
89
85
95
86
95
97
92
96
90
88
36
95
106
56
43
104
65
74
90
96
97
75
75
67
92
90
106
105
96
120
108
115
108
123
107
126
120
110
111
125
108
123
81
94
123
102
108
99
108
106
109
98
107
81
100
101
112
109
112
101
100
109
111
50
32
102
88
20
83
55
37
69
4
3
19
12
3
5
4
3
11
7
26
21
8
10
18
4
2
3
16
19
23
28
39
40
50
53
66
56
73
67
92
92
112
107
116
117
115
100
92
138
132
123
110
102
139
132
98
138
114
101
111
108
103
110
83
101
97
110
102
103
100
108
103
107
101
107
101
99
93
97
99
91
82
104
101
106
100
106
109
102
92
105
113
90
90
92
86
83
104
95
99
98
93
103
104
100
82
105
91
101
102
101
88
87
95
84
102
82
97
101
96
83
103
115
85
67
71
54
50
106
107
57
53
3
4
2
27
27
22
9
7
18
23
17
13
18
20
15
50
63
40
28
25
22
27
23
25
54
68
10
24
27
13
27
9
24
12
11
3
7
7
27
14
29
5
4
17
6
17
10
5
10
52
17
41
41
50
60
58
50
76
73
95
94
108
94
111
100
102
100
109
116
115
108
117
108
113
111
104
99
112
99
108
108
109
97
111
101
111
104
113
104
87
111
103
100
111
108
99
103
86
104
99
78
105
98
111
103
121
119
100
114
110
103
90
103
96
102
95
95
106
104
96
91
94
96
95
96
94
98
88
88
99
80
90
98
91
71
86
85
90
89
81
91
77
92
79
87
99
89
101
90
101
89
94
90
102
94
96
106
117
111
119
106
114
109
98
125
89
128
105
112
104
118
100
117
111
100
94
112
100
115
108
119
107
102
124
108
120
102
103
116
115
103
106
94
85
103
72
101
90
94
84
98
86
85
67
85
80
96
98
88
92
85
91
86
95
102
104
64
80
86
68
97
92
98
93
88
98
96
99
99
105
89
84
100
97
86
88
102
84
83
82
92
102
98
89
94
88
78
99
97
96
73
98
79
79
99
95
97
103
102
112
117
102
112
98
99
99
111
109
109
99
110
107
109
102
114
121
121
110
122
110
123
99
125
119
119
107
119
100
108
107
121
115
124
102
112
99
113
110
101
115
104
118
107
119
118
116
118
109
100
116
124
104
116
102
117
107
116
107
125
114
117
108
117
114
116
112
116
114
110
103
116
98
89
112
101
99
76
74
90
97
90
97
95
98
94
96
96
102
102
96
90
109
110
100
109
104
114
102
109
92
111
88
101
84
108
101
70
87
100
88
95
104
111
92
106
95
95
95
116
106
107
107
120
112
115
120
104
104
112
105
94
115
106
114
126
122
110
104
125
110
131
146
122
112
140
71
54
24
126
114
39
149
102
9
6
4
10
5
12
7
5
10
8
11
15
43
49
49
50
73
66
87
87
114
115
134
110
131
113
111
139
108
120
124
122
95
104
94
83
128
74
128
101
127
107
109
118
129
84
132
105
112
105
96
117
134
119
112
99
311
306
290
273
273
258
233
231
231
233
83
21
40
60
60
68
58
49
61
64
7
71
47
39
13
45
39
5
6
3
7
4
4
5
2
3
3
3
5
19
9
15
20
9
6
6
8
5
4
29
4
10
9
19
9
44
34
28
14
53
55
47
51
6
3
12
10
19
3
4
6
6
27
9
22
5
2
19
6
26
10
6
23
15
22
68
61
61
51
49
66
61
85
83
105
102
126
120
131
105
126
124
139
143
136
128
139
128
120
126
131
111
118
131
109
95
123
117
132
124
140
138
109
130
117
131
131
152
128
139
111
118
136
133
120
114
114
121
110
94
116
67
53
40
90
17
53
114
112
15
81
4
9
7
3
5
2
31
10
34
9
5
7
42
18
10
18
35
11
34
30
42
15
37
49
9
28
45
51
52
27
64
73
83
83
96
101
137
131
142
140
133
132
148
147
134
149
113
118
112
126
117
120
118
115
108
117
115
108
113
101
114
105
114
96
112
102
109
118
111
118
98
54
115
17
101
63
70
94
33
25
4
3
5
6
22
36
18
30
55
55
58
69
49
73
72
87
85
101
107
69
102
98
100
101
99
98
118
95
95
114
83
98
102
98
109
85
101
96
91
101
95
75
88
100
76
95
98
80
102
118
109
110
109
131
132
144
128
138
116
114
114
110
111
115
100
117
111
121
100
114
114
97
109
109
105
96
101
96
102
96
110
113
96
106
108
106
96
98
92
96
90
99
97
90
103
94
97
99
80
85
103
95
92
96
101
93
112
102
113
100
102
104
123
109
117
107
115
111
118
112
111
123
112
99
113
108
111
109
101
108
115
104
104
112
91
108
89
98
94
104
99
94
97
96
19332
19338
19373
19405
19414
199
19419
19412
19431
217
175
149
19438
169
108
148
104
131
133
148
106
182
173
194
177
193
192
246
256
241
253
171
180
170
188
171
188
109
105
118
104
97
103
121
146
155
135
121
142
147
141
158
144
72
81
93
127
103
98
109
105
97
108
66
100
66
106
106
120
111
100
120
109
119
117
109
98
116
104
112
104
106
107
117
110
121
103
114
107
114
100
109
106
95
109
111
111
105
111
106
110
110
101
118
113
122
110
96
109
123
81
100
76
83
97
93
114
100
76
69
30
32
87
85
88
87
5
4
18
14
13
58
51
55
53
69
70
80
78
80
99
107
95
108
90
93
100
106
85
106
98
107
101
99
114
99
98
95
107
103
96
81
94
102
110
95
85
87
99
107
102
95
107
109
107
109
115
105
88
119
111
113
118
110
105
72
125
92
93
110
68
98
92
102
99
78
101
114
128
137
134
145
124
126
134
94
130
115
101
103
110
97
88
113
106
103
104
97
98
105
96
110
107
121
114
108
99
108
111
96
100
108
109
105
106
112
116
102
108
106
114
106
99
106
113
110
103
113
118
104
109
112
123
120
114
117
104
91
114
114
106
102
123
109
102
92
111
95
108
101
109
101
107
99
100
99
112
99
111
108
111
102
109
112
103
111
111
104
107
114
105
116
118
106
121
111
119
110
108
118
117
108
114
105
109
121
106
120
108
106
117
107
121
111
111
115
120
106
119
106
118
106
117
118
107
114
108
106
119
120
102
83
71
97
109
98
104
101
104
100
71
63
69
52
71
98
112
100
72
100
89
50
60
60
66
81
80
94
91
103
92
99
92
103
95
104
89
99
102
79
96
85
86
96
100
88
97
83
94
85
84
84
99
93
101
90
104
102
106
96
106
101
101
99
101
86
96
95
98
89
56
71
77
89
84
79
137
150
697
703
712
721
749
750
772
761
704
715
167
146
157
150
146
134
140
126
130
138
128
116
132
140
138
140
136
146
140
152
145
146
84
66
128
113
101
54
144
135
146
167
168
564
537
530
533
548
545
567
538
518
525
126
137
133
125
120
132
127
111
106
113
88
99
75
110
120
128
117
128
128
119
264
226
274
235
182
243
70
261
55
227
268
258
4
3
8
11
8
137
134
156
97
116
116
138
138
159
158
124
117
107
121
111
120
92
114
104
100
107
108
101
116
105
113
104
85
116
110
115
108
115
100
105
112
118
110
111
104
101
112
113
103
109
99
106
108
107
86
100
108
98
99
111
104
98
101
114
103
99
102
109
97
107
96
110
108
99
108
106
104
108
107
96
109
106
109
96
115
120
130
136
131
157
145
162
108
82
52
145
120
93
57
36
137
6
7
17
19
24
33
45
40
69
65
75
86
78
98
91
105
113
106
111
126
124
124
116
103
107
120
125
121
117
110
120
109
130
113
113
119
114
100
109
98
110
100
110
107
115
112
112
103
108
115
106
112
120
106
112
119
109
120
123
134
119
114
138
125
113
131
123
141
130
111
124
134
127
118
125
107
102
94
125
110
88
102
119
105
121
104
133
132
122
147
117
142
132
123
139
56
19
40
97
132
73
26
66
13
18
10
13
5
15
4
20
12
3
5
8
4
4
10
14
13
5
10
20
13
17
23
20
4
16
16
14
17
23
207
225
223
242
238
252
253
268
87
105
99
102
108
107
90
96
109
100
106
98
90
100
104
67
80
83
89
66
96
76
76
66
56
79
90
92
82
90
84
80
90
93
105
98
104
101
109
110
115
105
108
108
94
100
76
69
51
38
93
25
83
50
61
13
13
30
22
45
43
33
27
25
55
57
25
85
84
105
104
122
116
135
134
126
107
120
117
113
106
107
115
117
109
113
108
112
105
111
104
112
109
110
108
108
101
107
99
105
103
108
104
108
106
108
101
110
102
111
104
109
102
83
102
100
109
95
105
92
90
105
104
90
94
95
87
87
101
90
96
77
71
103
89
99
95
103
94
93
103
105
98
100
97
93
112
93
103
91
101
91
107
93
111
102
109
107
110
107
108
101
109
101
106
99
103
96
102
99
104
96
104
96
105
101
107
103
107
105
105
99
103
97
100
94
100
97
85
88
101
100
89
106
93
93
110
112
109
109
107
105
112
112
105
108
105
103
97
108
99
101
99
84
91
105
80
100
88
97
96
97
99
92
99
90
85
104
86
93
101
87
90
84
85
98
83
83
95
87
92
81
84
95
78
91
94
94
71
81
76
87
81
88
88
71
71
94
74
58
42
40
27
49
88
89
62
