65
89
91
120
114
147
93
147
137
138
164
121
129
120
81
57
40
53
120
74
33
125
177
104
21
117
38
47
110
42
8
6
8
4
44
33
21
66
45
66
67
80
66
105
94
95
104
148
97
120
163
154
160
144
156
99
235
251
204
242
137
169
69
248
254
205
99
56
48
174
109
75
80
56
102
101
126
143
128
70
156
115
82
130
77
135
141
173
165
214
148
227
144
117
151
160
193
195
205
210
218
90
130
154
177
68
161
185
111
150
150
54
81
172
6
28
28
39
52
51
64
64
83
96
89
109
92
118
119
141
113
91
141
60
71
89
43
135
115
32
10
10
60
63
64
56
91
89
117
115
146
144
132
142
156
140
153
133
145
154
120
125
116
86
112
125
123
134
101
61
73
42
76
36
109
63
118
25
102
6
18
17
32
54
54
55
69
61
72
72
79
99
101
99
115
124
100
122
110
93
127
78
104
135
130
109
105
109
122
125
116
125
93
113
85
58
34
94
78
43
91
76
87
72
90
38
36
59
55
75
78
99
97
120
118
96
126
118
117
137
125
125
133
132
122
133
135
107
135
131
123
116
125
115
130
115
121
110
115
116
130
122
123
131
132
119
135
125
130
118
136
127
124
135
109
121
114
126
112
81
141
139
70
52
117
95
80
19
18
18
56
52
56
82
79
88
79
94
104
95
104
107
105
84
93
55
45
26
28
69
71
36
110
4
4
25
16
30
11
8
31
27
12
15
36
56
52
56
63
64
85
84
96
91
109
107
103
105
116
107
118
126
113
125
120
93
104
124
125
112
123
108
93
118
116
94
117
113
105
97
119
112
103
111
105
126
91
106
116
100
111
88
105
100
111
87
106
97
101
89
108
104
109
101
122
107
117
106
118
111
116
110
118
107
93
91
107
119
107
108
102
121
104
112
112
104
100
89
107
102
102
120
105
116
117
113
126
111
123
121
119
110
105
111
3344
3334
3337
3327
3337
3327
3329
3329
3330
3328
98
83
91
90
96
101
90
97
73
68
89
94
87
95
85
92
96
95
77
88
74
95
107
88
90
100
94
90
2680
2680
2774
2759
2774
2755
2769
2769
2775
200
196
95
91
61
36
40
87
95
40
68
55
67
5
3
4
24
35
49
55
56
70
69
68
87
86
103
95
93
105
106
102
122
115
109
92
65
36
75
30
15
68
17
51
103
3
7
9
22
33
40
40
50
47
59
35
51
40
54
29
57
52
21
4
3
15
3
17
2
24
22
34
49
44
48
65
77
75
135
142
131
157
138
137
140
152
158
92
150
102
113
97
116
112
99
109
79
114
104
105
112
98
94
51
71
61
45
82
32
20
35
73
88
11
8
23
27
26
12
11
10
34
46
45
35
47
54
36
23
14
47
42
25
56
45
58
10
12
16
8
14
15
3
21
43
51
47
60
71
69
71
84
98
99
112
98
110
115
101
91
82
99
102
70
34
67
54
19
43
8
6
22
34
29
35
38
39
49
29
16
26
42
17
17
3
4
12
3
4
18
9
19
27
27
35
44
42
57
42
25
19
44
26
40
14
7
22
33
34
36
48
49
64
61
62
79
69
75
77
79
82
74
93
76
87
95
80
77
56
73
84
28
23
65
35
37
9
11
11
34
40
37
34
50
59
55
57
69
49
70
56
52
46
98
92
93
108
84
71
97
16
58
69
69
37
60
63
52
33
15
30
26
26
24
29
44
42
40
36
36
52
46
27
48
26
13
4
4
12
20
11
8
5
17
12
2
3
21
12
28
41
14
12
26
40
29
32
33
49
66
56
50
41
44
65
64
81
79
93
90
103
96
109
107
100
108
86
101
109
99
120
105
115
107
103
101
98
99
104
63
55
54
51
30
78
67
108
6
3
16
5
21
33
36
32
24
16
12
37
39
29
3
4
5
4
29
39
43
48
60
52
71
75
70
77
97
105
115
114
110
123
115
96
100
100
94
96
75
79
94
82
74
67
101
71
79
43
34
54
13
84
22
24
40
48
66
65
89
86
100
98
79
40
91
54
24
90
83
63
3
4
14
10
10
9
13
30
49
8
9
27
44
10
44
8
18
4
10
7
22
13
35
17
7
12
15
21
11
14
12
37
36
50
31
45
53
44
61
32
23
22
48
44
29
6
4
5
20
34
46
59
70
45
41
48
68
69
57
36
55
5
13
21
33
44
36
54
48
45
71
69
78
69
86
78
82
89
89
86
91
72
65
76
95
105
104
104
54
38
10
40
91
85
89
25
45
3
4
16
18
33
45
52
53
69
56
66
83
75
73
77
94
106
114
107
97
120
111
102
101
90
103
111
58
44
71
84
14
35
103
61
90
40
3
17
18
31
33
41
24
38
54
44
52
56
48
57
48
37
31
21
44
49
63
11
22
12
21
19
18
17
21
15
8
4
27
37
34
35
52
59
53
67
73
74
84
83
77
79
81
65
91
76
94
90
109
94
109
95
103
83
98
97
89
116
113
97
89
97
83
105
98
95
73
88
99
83
96
95
86
97
100
89
91
98
80
96
84
69
99
91
97
86
89
83
97
101
80
102
93
105
98
108
109
105
101
111
103
108
101
106
99
104
100
108
97
103
99
105
101
102
100
107
104
101
88
102
109
96
107
101
107
99
113
100
103
120
98
110
99
95
112
107
95
104
95
109
101
110
101
110
102
108
100
111
104
104
95
101
98
100
98
100
92
97
93
103
100
101
99
106
104
109
106
112
101
113
101
113
111
110
103
92
107
95
111
95
108
92
94
108
109
92
105
104
98
106
111
109
110
108
112
109
108
103
107
98
100
106
109
103
105
108
110
92
108
116
98
114
97
113
97
109
93
92
109
103
101
94
75
44
64
80
31
92
50
60
106
76
63
33
43
42
44
49
35
40
93
39
41
3
13
13
32
31
9
24
28
10
3
18
37
32
49
51
65
58
54
56
63
78
65
62
80
108
88
80
80
95
91
89
77
77
92
94
84
95
94
75
75
88
89
94
91
79
91
91
107
90
101
71
72
91
74
51
13
76
92
19
15
62
42
4
5
16
26
20
28
32
35
36
43
41
40
46
60
72
69
65
49
72
78
81
79
83
69
100
96
97
84
92
113
106
97
74
50
19
18
58
39
71
75
5
23
24
25
34
41
37
41
68
59
52
66
76
72
73
86
88
81
84
64
92
84
83
86
97
95
100
82
92
71
65
53
60
71
67
75
81
82
61
72
81
70
72
84
93
81
84
77
105
97
97
95
87
84
95
107
99
112
81
78
89
91
73
86
99
90
103
85
92
89
84
91
74
105
92
93
103
99
88
97
98
105
112
87
93
86
102
91
99
92
100
82
92
87
99
74
92
86
88
94
83
93
94
77
82
94
83
82
76
64
95
52
50
23
41
58
31
81
3
21
18
24
34
33
34
46
32
46
44
45
58
51
50
21
24
17
8
48
20
33
31
6
3
22
10
9
16
23
9
23
20
3
5
29
18
12
86
93
91
96
113
57
111
60
70
68
81
72
74
100
96
99
80
90
99
80
35
19
73
45
7
57
64
7
37
10
3
4
17
3
20
11
28
25
30
33
31
34
24
27
22
29
6
4
11
7
12
11
8
13
8
7
10
9
8
33
43
26
29
11
32
20
23
6
4
13
29
26
39
55
54
44
64
59
50
34
44
52
39
23
4
5
16
8
15
27
35
25
28
34
17
49
48
52
51
68
68
68
86
69
62
71
83
87
75
106
98
102
81
103
95
92
98
105
87
78
92
92
108
99
99
106
107
105
97
106
105
107
72
68
94
104
92
98
86
110
101
114
99
118
102
105
113
90
97
91
93
92
82
106
92
99
108
93
99
103
94
81
52
62
24
42
12
88
39
70
95
3
14
27
31
41
55
34
45
55
55
36
44
50
47
51
84
78
87
68
72
64
63
70
67
84
82
67
51
86
37
22
51
89
60
41
10
13
8
12
10
37
30
4
6
3
11
19
33
26
49
55
54
68
67
73
86
71
75
92
102
94
102
106
110
108
108
98
96
106
116
102
110
99
106
106
104
90
105
105
102
100
103
86
95
105
105
103
112
106
111
90
98
102
82
90
104
91
110
100
89
88
87
106
98
78
84
96
99
100
89
80
92
82
72
90
67
88
88
109
97
117
110
120
124
119
112
99
119
109
101
100
100
87
110
101
100
105
111
103
109
107
115
99
114
108
65
56
54
43
46
83
104
95
71
83
7
14
16
20
31
41
43
52
32
60
59
35
37
40
37
41
65
70
69
74
64
65
80
77
72
91
91
89
103
98
106
98
93
100
106
107
100
105
104
47
62
71
36
14
95
114
98
29
75
8
7
22
21
35
52
49
43
48
46
60
58
77
77
91
85
84
101
103
113
85
101
110
108
116
118
119
105
122
100
96
109
125
123
75
113
101
114
93
96
96
87
94
91
78
80
98
92
91
31
63
52
51
30
60
62
90
83
7
4
7
40
15
21
18
6
41
41
31
35
36
33
34
42
60
50
18
20
51
57
39
26
5
22
19
30
29
22
13
27
5
3
4
3
8
16
8
30
23
28
10
42
43
15
19
39
41
18
23
14
22
10
20
17
12
5
12
12
24
33
44
44
44
61
66
57
69
76
71
74
93
59
71
46
76
67
96
97
116
91
95
64
76
75
97
85
95
94
100
99
112
113
117
113
92
106
115
118
118
103
125
107
124
116
128
115
94
76
105
89
127
98
111
124
104
93
101
98
98
89
114
111
116
99
120
116
84
105
95
22
74
104
28
39
96
86
60
52
26
41
9
6
28
43
41
49
45
44
36
32
35
29
24
32
7
7
2
12
24
3
13
3
5
3
31
50
52
29
47
43
27
30
24
33
40
16
45
3
10
3
16
4
14
20
18
18
37
46
43
34
51
51
46
48
51
42
70
76
66
53
51
83
76
75
88
83
63
76
51
82
53
76
86
72
93
77
92
99
82
75
68
53
42
72
48
73
94
99
96
109
94
97
84
88
92
111
111
114
108
122
109
124
113
123
112
119
106
121
99
116
102
117
104
119
104
107
121
111
119
113
110
117
94
104
111
100
84
97
103
92
110
103
116
107
121
119
115
122
90
70
126
83
107
96
114
100
110
94
91
95
103
101
110
97
105
107
110
103
114
111
111
115
101
95
111
105
107
100
106
92
106
106
91
106
99
107
100
112
118
105
124
113
112
35
83
22
93
60
26
73
109
49
15
12
14
12
10
53
9
57
18
56
10
5
4
7
4
22
28
39
40
58
38
56
16
35
52
41
50
9
30
17
18
16
26
15
28
9
14
17
16
29
27
30
26
53
47
55
57
62
60
43
40
43
58
61
39
46
61
3
15
28
18
21
43
46
46
27
33
42
24
40
49
51
50
46
12
28
11
57
39
53
58
42
40
11
32
47
4
16
22
38
37
51
45
58
78
76
69
72
93
93
74
86
78
89
65
87
105
91
118
54
90
78
27
59
70
79
66
88
79
77
89
88
94
95
60
30
76
50
37
69
14
67
11
23
37
47
57
67
60
53
29
49
17
14
40
25
36
9
5
15
18
10
7
6
7
22
28
43
34
47
36
38
35
31
48
32
32
37
4
20
29
33
40
32
52
63
57
80
77
92
83
100
100
107
121
121
110
120
120
120
133
126
128
118
116
117
125
125
95
109
123
110
123
108
107
103
107
115
122
116
111
132
114
126
113
122
106
116
123
99
78
46
68
114
65
95
93
108
101
116
97
81
98
95
94
94
101
78
109
90
70
106
125
119
127
97
128
76
82
126
135
85
98
97
108
96
98
128
127
117
144
120
116
126
112
126
118
105
121
115
105
119
108
122
129
112
130
114
126
111
111
111
95
101
90
102
100
94
89
91
100
108
96
112
104
102
99
110
113
123
105
131
83
99
78
119
117
101
111
114
102
111
112
110
123
93
101
83
67
95
37
33
22
47
60
73
9
11
7
4
9
12
19
24
26
8
9
7
26
37
32
51
44
55
71
78
77
97
90
112
112
131
115
131
131
139
130
138
123
131
118
131
130
114
111
126
109
116
112
109
115
94
72
46
53
17
89
58
105
31
5
15
21
24
32
31
56
56
68
78
38
26
28
27
49
67
54
41
12
10
21
45
41
47
38
54
66
64
84
69
65
91
89
94
104
99
101
113
82
106
84
104
122
114
113
123
105
115
90
110
106
33
84
98
41
111
122
85
24
80
58
4
15
6
13
38
37
10
14
24
48
62
49
41
70
69
61
78
86
77
75
99
98
101
101
47
69
83
113
91
96
91
96
105
87
42
45
40
53
76
55
59
87
93
95
92
82
81
91
96
105
106
111
109
110
119
112
132
107
120
111
118
100
109
114
101
102
94
103
91
112
92
111
111
108
115
98
78
109
90
66
103
92
84
80
41
42
104
83
80
107
101
112
112
125
116
133
134
116
113
103
109
105
102
110
103
110
100
110
108
105
95
84
96
86
97
85
88
83
97
93
103
89
94
90
51
20
55
78
94
65
39
105
9
10
9
7
10
15
9
29
39
36
31
43
54
65
65
70
62
81
77
73
88
89
98
100
106
102
106
96
105
91
99
109
112
91
89
88
94
82
106
94
86
86
87
94
87
94
69
77
24
62
87
47
44
11
31
10
23
33
43
52
55
63
61
73
70
71
71
82
87
68
55
42
34
77
86
14
77
4
5
7
30
20
4
12
4
10
21
8
5
13
4
3
3
16
3
3
2
4
20
3
16
12
12
13
25
28
31
32
44
46
56
59
62
59
84
80
22
77
14
82
24
54
27
61
64
10
18
17
43
41
46
53
47
42
58
21
20
49
31
44
13
11
9
24
26
32
34
33
48
41
10
36
45
27
40
24
3
3
18
1
18
2
5
5
6
14
31
9
19
7
38
39
14
49
16
19
3
3
2
5
3
18
10
28
15
21
17
36
19
3
23
19
11
6
8
7
17
16
12
35
30
46
41
59
54
59
62
63
75
69
66
86
79
84
59
21
36
15
39
82
12
15
10
6
11
14
34
51
62
59
63
76
73
89
80
87
84
89
86
110
103
87
105
104
95
111
99
103
101
88
67
23
91
66
49
36
30
5
3
10
21
30
37
43
49
37
31
17
40
45
52
61
27
12
54
4
21
24
23
36
38
52
70
38
26
47
13
23
56
41
16
11
21
26
21
41
44
63
72
59
67
62
67
88
83
96
95
101
111
102
106
103
110
109
95
98
115
104
114
89
114
79
70
108
91
66
84
93
91
101
114
118
97
108
102
115
106
115
99
100
108
107
105
107
88
101
96
111
93
107
89
83
100
80
99
94
87
104
89
91
98
99
88
91
99
78
99
78
86
96
94
79
102
91
101
89
100
89
89
100
82
97
90
108
99
104
104
105
93
92
104
94
106
104
90
102
97
103
97
34
28
84
26
65
75
45
55
3
4
25
30
31
41
42
56
54
63
72
70
81
77
79
108
109
95
85
98
104
111
113
103
111
88
100
97
70
63
73
94
101
77
50
67
64
24
46
45
38
92
42
4
14
25
26
39
26
36
28
31
46
55
66
53
34
44
43
50
33
18
34
69
52
5
13
26
42
49
58
51
69
70
60
46
62
34
18
58
27
55
57
9
7
5
35
32
42
46
51
48
58
59
56
81
73
84
92
90
94
90
87
92
70
96
98
112
95
61
98
51
14
30
87
58
92
47
55
4
6
25
22
23
19
20
14
31
35
40
43
41
55
52
67
69
83
81
88
44
33
26
25
63
61
29
46
6
4
18
27
17
22
13
28
4
17
16
17
35
34
46
9
25
27
35
23
10
3
5
21
15
29
28
56
67
60
70
55
72
72
92
93
102
108
111
91
98
106
91
106
93
86
84
82
86
99
104
94
89
92
95
80
93
90
84
94
82
86
104
77
72
85
62
40
24
60
16
92
4
5
8
19
6
5
25
39
41
32
37
19
16
19
28
22
35
38
4
3
17
17
18
36
50
48
55
63
61
67
69
76
97
95
109
91
93
95
105
106
86
83
43
79
97
53
34
85
59
59
7
15
30
35
8
20
32
24
43
16
21
4
16
13
15
6
31
12
7
31
3
12
35
37
43
50
58
67
68
81
89
81
68
23
53
28
57
20
82
81
38
12
11
27
27
42
57
47
58
32
60
48
32
34
30
39
88
77
84
83
87
65
82
79
94
93
96
92
96
100
67
75
78
94
100
99
98
81
82
97
94
91
44
103
20
57
67
74
27
47
4
7
9
4
14
13
4
35
37
30
46
38
50
38
48
56
59
78
55
58
74
59
35
49
9
43
56
61
11
9
23
21
35
12
32
16
4
35
4
3
5
38
40
40
36
33
49
50
53
55
67
84
68
71
74
75
80
75
98
91
90
72
82
86
35
15
103
27
55
95
19
33
34
47
46
64
65
74
78
85
94
91
77
17
39
74
44
56
31
83
91
63
18
29
27
39
56
54
74
72
80
91
79
90
85
102
101
98
117
103
78
89
111
96
103
92
83
81
74
93
78
77
76
88
84
93
89
105
89
59
57
95
22
14
32
71
81
55
4
3
11
6
19
22
20
38
37
51
61
61
45
63
74
67
83
80
96
82
93
81
95
99
79
93
104
96
103
87
96
102
101
107
97
108
106
104
105
99
107
96
91
85
94
105
92
81
98
86
97
89
105
88
96
73
81
90
75
83
92
97
92
102
85
94
108
83
99
98
97
74
89
81
92
85
74
91
18633
18644
18642
18677
18665
18692
18679
18685
18709
18697
167
124
152
133
129
103
118
109
108
114
115
105
116
105
120
111
114
102
102
109
121
114
125
114
132
130
121
155
173
166
158
143
153
147
162
145
149
96
94
78
93
49
57
70
30
100
86
40
29
7
16
14
33
36
50
32
45
57
57
49
68
45
20
37
49
59
38
57
51
21
18
4
3
26
41
20
43
41
34
45
44
47
15
44
39
38
4
8
11
10
21
34
22
28
29
29
36
57
44
66
44
62
56
68
59
78
63
87
88
98
75
88
98
109
99
105
97
70
87
111
101
96
93
60
34
80
37
25
88
67
102
37
42
7
25
23
39
44
54
66
74
65
71
69
81
78
91
84
87
111
98
88
113
97
109
106
108
93
100
98
100
101
80
77
81
86
94
94
87
85
109
99
101
115
102
113
109
99
105
121
99
114
103
106
109
113
109
115
98
100
108
82
103
95
101
90
91
66
76
83
93
94
78
98
91
83
99
95
106
85
102
95
96
109
104
104
121
107
97
102
95
109
92
89
100
98
102
90
94
109
97
105
91
92
96
82
105
85
97
95
85
105
99
103
112
100
94
81
77
73
70
80
100
93
85
84
72
109
99
112
109
116
109
117
121
112
85
94
81
106
113
102
112
122
112
110
116
112
125
99
93
102
44
57
38
84
29
18
90
63
108
68
7
17
27
18
17
26
6
22
29
20
22
50
61
59
57
86
84
95
70
59
63
89
84
87
61
95
59
42
22
32
65
105
28
20
83
4
19
23
34
47
54
45
67
78
74
90
88
89
92
93
87
59
82
101
100
73
103
102
105
104
109
122
120
95
92
114
110
108
108
100
101
116
80
105
111
101
88
87
108
90
93
105
113
109
83
95
111
103
112
105
119
113
111
121
122
113
116
110
113
97
112
105
121
112
98
110
118
106
118
106
118
110
109
106
120
101
114
100
116
105
95
103
112
128
113
130
113
113
106
104
112
104
114
94
102
91
97
102
96
100
107
88
103
118
113
99
109
118
119
106
100
114
106
97
100
108
101
90
79
94
90
100
93
98
91
86
100
87
99
93
103
92
90
98
84
98
93
84
78
87
91
84
65
91
73
95
102
99
86
109
99
102
112
120
110
99
103
88
90
98
105
90
99
109
109
108
114
106
110
109
108
91
91
100
97
85
101
90
106
94
108
97
107
89
95
96
111
99
93
87
94
101
96
94
93
101
92
97
98
88
68
88
95
85
105
98
109
93
109
106
107
107
115
115
101
93
112
102
112
97
72
82
107
90
89
83
93
82
85
88
94
72
88
92
88
95
84
84
100
110
114
118
109
127
126
139
121
129
121
125
116
127
114
127
115
125
122
121
113
115
111
117
103
110
102
108
97
113
109
98
121
106
122
115
132
118
123
108
122
103
108
107
108
70
75
100
86
55
97
85
96
90
95
82
85
98
95
100
110
106
108
97
86
103
98
102
110
101
111
115
107
111
104
117
110
121
108
103
53
72
46
79
27
91
59
31
114
30
30
33
73
72
64
64
86
87
106
106
114
93
106
119
109
127
102
84
99
107
115
100
116
80
90
110
98
113
104
124
105
114
96
104
85
91
83
91
114
100
111
99
109
108
80
111
96
114
114
112
107
115
104
124
123
126
132
115
121
121
112
118
110
113
111
99
116
96
104
90
97
106
99
106
104
114
102
117
106
118
109
118
114
128
109
99
120
115
107
112
112
116
103
122
105
117
109
118
109
119
118
113
109
114
106
113
94
92
106
100
100
94
88
95
85
101
95
102
90
111
98
104
114
110
117
106
95
113
104
110
112
100
110
99
95
103
111
114
101
117
102
112
103
108
95
99
98
107
89
97
93
101
68
77
101
97
77
84
72
78
100
81
95
91
94
104
115
99
114
96
116
96
106
94
94
105
93
107
112
102
108
106
93
114
107
111
97
91
85
67
47
97
33
75
68
60
75
85
42
103
94
76
92
84
74
78
92
84
61
80
44
86
87
29
53
36
13
28
24
24
27
17
4
13
23
41
44
55
59
54
66
86
85
92
78
129
122
129
129
143
140
131
140
125
154
103
119
83
61
111
67
115
89
100
99
100
90
83
70
73
80
93
92
108
84
102
99
89
76
89
95
94
100
101
109
107
96
89
118
119
131
118
131
142
120
132
133
125
120
134
121
121
69
92
66
32
25
53
45
75
111
4
4
19
38
39
21
20
18
24
38
36
55
53
52
6
6
5
4
3
13
36
32
6
23
4
1
5
5
19
19
47
46
55
66
58
77
79
90
88
102
92
106
120
116
113
69
113
93
67
101
60
80
104
93
20
63
72
78
75
47
38
64
68
37
23
58
66
15
3
5
3
10
10
29
42
41
54
56
46
56
54
63
63
71
55
33
52
15
36
31
57
72
41
3
8
10
26
22
41
44
43
43
48
66
22
60
65
17
40
55
42
15
5
14
13
5
3
23
6
17
20
29
38
33
24
60
60
78
78
89
73
102
101
107
120
66
67
17
116
81
104
34
56
4
18
29
38
52
67
68
80
81
93
92
93
112
109
127
111
112
121
113
125
101
91
113
85
109
99
69
81
80
48
45
79
56
27
39
