42
135
144
147
148
217
226
163
191
99
26
133
150
148
96
212
157
172
169
184
171
184
148
152
163
158
139
151
170
149
138
136
145
106
104
119
124
122
109
120
107
105
98
111
143
132
129
138
119
124
97
121
97
117
112
114
125
120
96
104
139
110
132
111
142
136
106
136
203
190
170
188
183
180
81
160
174
84
100
87
98
69
67
88
75
81
86
85
89
98
94
82
74
93
97
105
101
82
113
89
101
63
23
22
87
67
99
45
79
39
47
13
24
22
28
20
34
21
32
7
6
23
34
23
40
40
57
65
66
60
51
68
59
67
76
85
83
92
164
130
128
110
102
148
98
158
164
137
18
4
16
26
35
16
31
19
33
22
7
18
33
31
47
47
49
68
64
69
68
80
83
77
80
79
96
12
57
94
35
59
29
81
66
45
7
25
36
33
24
36
24
22
34
4
12
17
6
10
43
32
36
42
57
54
70
73
68
84
85
84
92
99
103
105
79
103
107
100
112
106
104
91
102
107
85
104
48
29
70
26
85
46
94
61
6
7
2
4
3
26
34
27
55
15
19
41
22
37
17
16
43
41
4
5
6
20
32
33
46
61
61
78
88
90
102
104
101
115
112
114
100
102
111
98
94
112
96
101
108
100
104
97
84
89
101
83
71
94
77
83
80
72
83
84
76
77
63
73
85
77
86
83
90
86
84
89
99
74
82
89
78
83
71
80
65
77
82
67
75
80
68
82
67
81
79
80
78
72
67
67
73
79
63
72
73
82
89
95
84
101
86
100
102
92
104
92
93
99
97
90
101
93
99
92
96
87
87
96
96
89
92
85
73
80
62
85
69
91
81
85
82
85
83
90
88
75
90
79
78
73
85
80
89
82
90
89
88
71
74
45
27
64
17
40
32
86
15
23
32
41
51
51
68
61
78
70
73
95
89
86
94
30
22
14
49
76
40
62
57
92
7
8
4667
4685
52
4675
73
70
83
92
93
100
91
82
100
79
88
99
99
92
105
96
85
102
103
96
107
81
91
100
91
106
91
91
103
104
92
96
95
105
108
88
106
109
95
109
83
107
91
3021
3020
3036
3028
3024
3027
3073
3060
3072
3072
164
143
140
102
94
142
111
80
110
91
77
96
65
66
65
77
75
80
75
69
85
82
77
83
101
90
90
91
77
93
104
93
93
110
95
107
114
106
109
96
82
120
111
103
109
96
109
92
100
80
93
92
105
93
104
91
106
95
104
99
96
105
91
81
102
94
101
94
90
104
101
97
99
98
111
109
97
106
92
112
98
110
104
111
103
95
108
97
103
82
90
95
98
100
97
111
93
104
112
117
90
115
99
99
93
89
96
92
73
81
87
86
100
93
325
322
338
331
344
331
333
343
331
340
92
116
88
97
108
106
100
115
102
116
99
112
97
100
107
102
100
103
98
101
97
92
101
93
98
95
97
102
99
93
105
104
100
101
96
98
105
108
96
108
100
100
108
86
103
100
93
88
96
88
99
93
100
92
89
88
84
101
92
99
76
87
86
97
92
101
102
90
86
79
98
98
92
103
93
102
92
102
95
107
99
108
112
109
97
96
108
107
100
109
103
107
99
98
108
97
106
86
100
87
78
103
87
92
83
89
92
63
82
95
75
79
77
92
83
97
103
107
95
97
113
102
108
95
97
105
85
112
93
102
91
103
96
99
93
101
94
109
93
97
104
75
90
82
102
64
77
83
88
83
94
80
95
94
85
95
94
91
58
71
89
90
84
80
87
84
66
84
75
90
82
88
90
110
84
92
106
96
91
102
102
86
74
96
97
95
97
99
97
92
99
101
83
87
97
91
97
89
92
98
99
81
99
98
101
96
100
92
108
106
107
105
104
94
92
96
102
108
90
98
94
104
97
107
108
121
104
120
112
120
122
110
118
110
125
109
116
108
116
107
117
102
115
103
116
104
109
115
114
112
101
108
106
102
91
77
97
104
89
97
90
102
102
82
99
74
105
96
74
130
108
128
118
131
114
126
115
98
83
90
98
84
103
94
107
96
106
101
103
107
116
94
101
120
102
114
102
108
101
111
102
109
95
108
107
113
111
118
105
121
113
120
118
131
119
127
120
130
113
118
126
115
129
128
105
119
119
107
122
109
120
108
117
107
108
109
123
115
118
118
111
110
123
123
110
126
114
127
118
122
118
125
117
126
117
121
114
94
96
117
105
115
100
110
113
101
117
99
110
98
112
102
111
108
115
121
109
122
107
116
108
120
106
118
106
110
103
116
106
105
114
116
108
107
113
101
113
108
98
98
98
109
104
103
112
105
109
77
114
57
52
26
100
71
31
88
42
9
21
31
46
51
59
62
78
67
77
98
97
117
94
108
107
119
108
96
78
92
102
117
94
87
106
104
122
105
89
108
95
104
90
96
89
117
105
119
108
124
85
99
119
66
122
122
108
94
103
96
93
113
100
100
110
109
120
103
97
116
88
108
94
102
92
102
91
83
88
95
111
94
82
96
91
107
105
104
106
90
85
87
99
102
109
98
92
99
93
107
95
99
93
101
77
90
96
94
95
89
100
93
101
101
103
83
100
85
111
96
102
108
106
97
91
80
120
113
109
95
103
94
101
73
97
91
98
107
100
110
102
109
119
120
111
120
113
99
114
105
119
103
109
126
112
126
124
118
138
124
109
124
111
115
125
117
109
113
108
111
109
122
104
106
115
111
103
110
103
110
95
107
97
109
105
104
111
110
90
77
95
67
72
111
98
111
120
116
113
136
115
128
122
135
114
129
119
124
118
113
121
116
118
116
95
64
92
75
54
110
37
33
56
4
3
16
12
28
53
64
48
59
67
67
87
89
107
107
122
109
122
121
125
140
111
107
101
113
121
119
122
106
103
114
114
102
109
109
98
113
99
113
103
108
113
116
115
100
117
113
111
86
94
106
99
108
93
99
103
104
101
99
101
18
54
66
32
56
25
75
55
81
3
2
5
13
24
15
24
33
28
46
39
53
46
59
57
59
52
35
63
61
50
38
30
42
77
46
92
91
37
64
64
55
59
11
35
35
19
32
8
6
24
26
4
40
40
42
44
34
36
26
39
34
32
34
68
49
9
25
48
50
71
63
78
91
89
97
44
61
75
96
87
20
14
29
99
43
13
11
20
16
21
5
12
3
17
19
15
16
20
34
38
43
3
5
23
31
26
40
38
57
65
78
78
73
91
82
97
111
109
107
126
110
96
118
113
110
100
121
119
113
97
122
132
125
108
124
116
102
102
119
83
100
97
96
101
103
106
124
98
113
85
90
117
89
109
106
100
118
111
128
117
129
103
115
95
104
94
112
103
90
97
98
86
90
96
104
96
88
110
84
108
94
110
104
119
86
45
100
90
52
40
27
85
66
26
98
63
38
33
49
49
62
69
68
62
87
87
100
89
101
88
90
56
68
26
47
102
101
51
34
70
17
31
21
32
24
25
26
28
9
8
11
39
49
59
50
51
67
69
78
77
93
84
102
101
109
100
119
107
101
100
96
103
113
99
107
82
92
89
104
41
66
18
52
99
52
41
99
102
79
93
73
52
58
58
71
65
71
72
73
90
99
94
83
88
95
77
84
54
78
93
71
61
115
109
134
141
108
88
127
85
23
106
75
110
4
9
5
11
11
28
45
35
32
35
38
36
45
38
45
36
4
17
16
26
39
50
70
59
78
80
82
95
82
76
61
91
92
84
132
139
142
137
143
140
82
87
81
156
113
113
119
107
119
109
118
119
129
117
118
108
116
116
110
107
114
116
105
111
104
111
102
109
100
111
103
103
82
96
85
64
57
23
27
93
4
57
105
49
74
47
57
43
60
59
74
75
73
72
76
125
125
107
83
119
94
108
120
120
106
113
116
107
120
82
109
119
81
73
95
102
92
99
94
98
106
108
104
58
64
97
72
85
90
96
88
82
78
71
87
72
102
103
102
98
113
106
118
106
101
102
104
112
106
112
111
105
99
112
102
111
100
88
110
113
99
104
98
109
99
115
101
101
100
112
101
115
101
111
104
111
103
99
112
102
82
94
109
100
104
97
108
95
111
96
112
103
115
96
107
104
104
102
107
96
102
109
109
103
100
95
111
111
98
99
89
95
98
101
100
110
99
115
109
84
114
104
105
103
112
104
99
87
100
88
92
82
105
91
106
104
121
100
107
108
124
100
116
117
101
109
97
99
99
113
103
115
106
112
93
100
101
108
117
111
117
105
115
96
105
119
107
117
96
109
102
119
104
112
110
105
114
107
100
112
97
89
105
105
95
106
92
96
91
105
89
90
99
96
107
94
96
101
101
98
101
20
68
98
43
56
51
86
75
33
7
4
7
5
26
14
16
28
43
41
43
28
35
67
38
42
20
44
40
4
4
31
25
37
32
45
61
72
71
70
74
80
88
89
89
56
71
86
88
75
86
89
102
100
61
95
63
83
76
83
93
93
82
94
98
81
99
104
102
107
109
114
114
107
96
112
99
113
106
99
107
110
100
99
113
112
100
101
115
115
99
110
108
103
103
110
119
104
113
105
106
99
108
94
101
109
100
89
108
110
104
120
102
115
103
105
117
123
112
115
111
107
116
111
92
103
114
92
94
101
81
44
93
53
43
64
66
83
32
5
4
14
13
4
8
3
4
11
17
35
41
52
67
76
69
79
41
61
55
60
48
28
70
76
3
2
8
5
27
24
22
32
47
51
56
58
65
54
48
54
43
57
13
63
50
3
5
2
6
19
30
28
37
33
37
60
72
61
78
77
74
72
86
99
109
100
118
87
58
71
115
85
97
45
35
66
26
4
4
4
18
23
16
28
30
40
16
17
23
21
12
10
26
37
35
19
42
50
49
47
46
61
69
87
87
93
91
100
99
80
92
92
117
96
104
105
93
93
90
98
88
102
90
90
92
123
111
124
123
116
127
120
116
129
86
77
94
111
123
99
122
112
117
113
108
109
128
101
104
104
78
92
84
92
106
92
103
91
111
101
109
99
95
107
102
108
104
109
101
110
103
84
117
102
118
104
111
106
115
106
109
102
112
104
110
103
107
100
107
87
99
104
70
83
92
93
87
99
87
92
97
97
93
90
98
99
98
100
96
103
103
104
110
103
113
105
115
103
94
115
93
103
111
99
101
109
109
100
107
112
102
90
101
95
88
98
86
98
86
98
93
96
107
106
94
103
93
111
94
92
121
114
114
106
114
114
129
117
102
112
92
107
102
91
92
104
104
93
102
119
103
116
107
110
94
105
148
146
140
148
142
136
141
137
92
92
86
79
99
91
105
100
100
94
89
93
89
91
102
114
106
93
118
110
122
115
118
127
101
92
68
83
76
100
79
93
99
101
105
86
98
108
109
114
117
100
89
96
89
102
91
102
101
102
94
107
103
111
99
109
100
108
96
107
110
98
107
96
100
95
107
98
100
116
109
98
98
110
107
101
108
100
106
103
100
101
83
97
87
107
88
93
87
98
85
87
93
83
88
103
90
95
100
91
89
102
92
86
88
87
100
93
97
91
106
98
107
95
101
95
104
106
55
103
92
66
80
91
86
92
81
90
82
66
73
67
88
84
94
89
95
100
89
91
103
104
99
105
91
97
102
108
95
108
96
111
108
115
108
113
100
113
105
101
108
106
101
109
101
95
82
73
102
92
101
101
93
99
96
81
80
84
100
85
95
77
90
84
97
82
60
68
105
35
19
44
69
87
52
8
10
24
18
11
23
50
48
62
55
56
64
62
72
83
111
109
131
111
117
117
126
115
128
125
99
92
87
90
104
75
98
106
96
89
113
104
99
98
99
88
95
94
102
88
76
90
84
88
85
86
91
93
91
96
98
97
88
92
98
86
97
50
94
73
68
83
59
89
82
95
102
75
98
90
86
89
110
104
98
102
105
96
100
108
114
106
100
113
102
112
102
114
112
103
111
109
110
101
111
103
112
110
112
104
111
99
112
110
104
92
83
96
103
108
95
101
94
110
97
110
101
112
110
113
110
113
106
111
100
111
99
111
105
112
100
113
101
110
98
99
111
113
111
113
99
110
112
106
113
110
107
88
102
95
108
95
97
104
113
94
98
119
100
98
113
104
97
111
96
101
107
110
103
102
114
101
114
116
109
107
116
116
101
111
101
112
102
109
96
97
107
84
103
101
108
93
96
87
77
90
93
98
96
98
92
98
109
114
113
114
112
109
96
98
105
98
80
100
94
83
84
88
88
93
94
88
90
97
100
98
98
85
100
92
98
91
99
98
99
101
86
103
87
98
82
105
87
104
92
100
93
102
93
96
94
107
105
101
98
97
107
107
88
104
105
93
89
97
95
104
98
90
96
103
86
79
96
87
84
89
90
75
83
98
96
115
96
105
101
109
102
100
105
101
109
107
105
104
101
105
94
111
102
109
100
106
96
68
102
104
85
15
33
60
44
27
49
7
20
36
34
52
51
67
66
72
72
72
74
85
85
85
84
86
81
97
85
92
85
86
99
87
101
90
107
97
119
113
119
107
120
118
117
111
87
87
107
82
95
92
95
93
90
98
106
105
113
107
106
95
106
93
99
107
103
95
105
93
118
115
117
106
109
118
121
114
125
115
108
96
63
43
31
49
82
21
74
25
91
104
75
78
64
47
41
58
58
80
80
96
89
88
96
84
92
108
89
107
96
91
99
95
98
90
84
103
94
101
90
103
91
91
97
95
94
98
97
91
95
102
101
94
85
102
89
89
98
90
98
90
94
102
109
111
102
116
113
100
104
109
85
96
106
105
99
95
90
99
61
79
98
61
95
89
102
87
78
94
95
73
86
87
91
66
107
90
85
82
95
90
106
88
95
109
78
96
89
93
95
98
106
100
89
100
103
108
85
100
100
105
97
96
101
100
95
96
89
94
92
80
87
87
78
85
104
94
78
80
80
98
95
94
94
77
92
88
92
86
92
80
92
92
69
81
92
81
91
88
92
98
91
100
70
88
95
104
90
95
89
80
92
97
100
81
90
91
80
86
87
83
83
91
89
87
85
86
71
89
79
88
89
97
99
93
108
100
114
77
61
56
80
97
91
93
98
90
95
96
107
83
91
104
96
110
83
91
87
86
88
102
97
79
90
92
99
68
70
109
103
99
99
90
93
102
89
100
84
82
94
94
101
84
92
97
111
98
108
97
105
101
115
106
112
106
88
109
86
102
93
88
96
94
96
93
80
74
81
100
97
101
86
96
106
99
107
112
100
116
98
111
96
96
96
104
101
99
88
95
85
94
91
88
96
90
93
94
91
78
90
93
98
94
99
96
87
105
98
98
108
97
97
103
102
89
97
85
91
103
104
108
98
104
111
116
111
116
92
112
111
106
115
116
108
97
113
103
107
95
105
79
105
102
90
101
98
106
87
95
91
99
97
97
91
100
92
98
90
94
80
68
87
94
83
81
92
93
86
93
69
85
85
98
87
48
30
68
98
36
86
52
63
82
17
7
9
11
23
52
46
50
52
59
72
70
80
92
88
103
100
96
99
106
112
109
118
102
112
98
98
105
109
88
95
104
98
105
98
111
99
116
100
113
105
107
110
89
108
96
96
113
94
107
86
99
90
97
104
109
97
97
108
99
107
105
98
100
109
110
97
110
109
106
105
111
113
107
89
110
90
107
93
79
97
107
102
88
106
99
101
103
116
97
111
96
95
109
107
100
106
95
107
101
101
109
107
112
100
108
103
96
101
92
93
109
102
115
108
99
117
107
120
128
109
107
98
106
97
103
92
94
94
99
91
97
99
95
102
98
100
99
103
82
95
100
100
87
89
99
98
102
109
87
102
105
89
98
105
98
112
96
104
106
95
98
92
96
105
72
99
81
98
104
94
108
105
107
97
109
98
97
105
110
104
112
105
112
100
115
86
98
108
109
116
100
104
97
83
94
87
96
106
100
94
101
95
111
102
112
95
119
104
94
94
107
100
93
97
97
93
101
98
87
85
93
72
90
79
84
88
94
86
100
92
109
95
110
119
99
106
97
104
98
74
105
93
78
102
92
109
103
100
77
90
84
112
100
83
100
100
98
110
108
86
108
98
107
95
98
97
74
48
83
17
37
76
62
48
4
23
35
41
45
44
67
55
62
65
72
85
83
97
86
78
94
92
98
92
99
97
101
100
107
90
88
103
97
108
96
94
91
73
86
68
93
48
88
84
85
85
106
85
100
97
96
87
111
93
108
98
108
95
108
97
103
97
94
96
95
83
95
102
96
97
103
98
108
111
94
102
89
107
84
75
91
87
80
88
86
84
89
84
93
90
90
82
89
92
84
98
88
69
79
88
89
91
82
81
99
93
99
74
72
93
76
86
89
81
93
87
94
90
91
93
94
90
78
100
103
99
91
90
102
96
78
113
99
100
92
88
104
111
102
99
93
89
104
93
106
93
101
108
84
91
114
113
99
115
97
96
110
112
97
102
102
107
99
98
88
80
85
79
67
89
91
94
96
114
106
117
116
103
121
118
109
114
110
109
97
108
103
110
112
115
117
115
106
112
92
58
95
107
38
32
64
49
74
4
5
4
4
18
13
11
10
10
26
30
31
52
54
42
68
74
64
69
66
68
78
85
85
78
93
90
92
71
71
60
50
46
47
68
90
82
4
11
21
24
41
47
45
34
25
38
20
31
23
36
21
4
15
13
23
23
22
30
44
56
48
47
44
46
34
58
55
55
15
64
32
58
44
8
9
7
39
36
33
42
49
51
63
61
69
79
77
89
87
71
83
93
103
101
110
97
105
96
91
78
79
97
92
97
92
100
93
84
82
96
97
80
93
88
74
91
83
85
84
96
79
86
101
91
97
92
108
92
103
99
115
114
102
121
108
114
111
117
106
92
99
80
98
92
91
94
105
106
106
102
118
121
112
116
109
62
111
62
99
77
24
91
37
20
44
68
75
69
94
105
104
120
119
141
142
160
115
121
105
81
66
91
103
88
95
85
87
66
97
80
79
99
93
94
104
100
94
100
97
104
106
108
101
104
93
85
89
109
96
121
112
111
117
113
123
110
111
125
123
99
86
107
100
108
98
105
104
107
94
102
98
99
89
106
101
74
88
96
86
101
90
96
91
73
49
69
59
31
17
17
42
92
99
74
8
15
17
30
39
37
23
41
60
51
53
77
59
70
76
83
81
78
88
100
106
91
99
98
87
94
73
80
88
79
89
89
94
99
87
98
86
84
91
91
101
104
89
108
80
97
98
103
95
109
90
89
97
85
77
85
96
89
78
87
98
98
96
91
98
99
88
81
87
90
97
84
96
79
89
97
103
97
86
74
99
99
83
101
94
93
101
109
99
90
89
80
100
95
89
97
83
88
96
103
93
104
92
99
106
98
114
102
100
115
114
83
113
96
108
94
90
100
94
78
79
53
90
69
104
65
32
44
28
47
88
69
67
64
66
74
73
87
81
95
91
92
93
77
93
101
101
80
77
90
94
83
93
84
81
96
91
89
97
26
58
71
39
33
14
79
84
77
53
10
23
26
20
49
43
59
71
76
58
66
54
24
65
34
82
44
62
79
65
54
19
28
28
40
50
65
62
72
68
80
86
80
91
84
97
92
102
101
109
111
100
107
108
104
116
108
113
96
117
108
104
85
88
97
78
101
109
87
93
91
80
73
72
93
88
95
83
85
97
91
85
96
102
99
90
83
96
90
82
98
91
83
91
79
90
70
89
71
79
91
85
89
78
70
93
91
72
88
88
81
86
85
84
86
89
71
73
71
71
66
74
70
87
80
84
84
99
92
54
16
17
103
64
92
45
67
67
33
5
15
13
25
18
19
15
22
36
20
3
15
35
31
47
55
48
62
63
60
84
69
75
82
81
93
41
57
83
50
62
69
100
94
101
41
93
50
41
49
63
63
41
89
89
97
95
89
93
86
106
98
74
59
60
71
86
110
89
65
43
17
70
17
75
24
41
45
7
15
4
12
9
21
35
47
35
41
37
46
56
63
53
70
70
76
69
75
76
84
94
81
108
112
106
103
111
101
105
105
91
112
91
94
85
98
97
102
127
118
98
120
107
120
117
107
83
90
69
114
84
102
92
100
105
103
103
101
114
107
90
96
89
96
88
79
100
88
99
67
105
87
75
99
90
95
109
98
103
112
100
112
111
116
115
118
97
116
76
70
60
58
48
87
83
4
20
29
40
49
40
45
38
70
62
57
29
55
54
52
10
36
18
5
16
18
15
7
9
16
34
46
39
11
25
31
19
35
24
21
8
6
5
4
19
18
32
26
36
38
44
44
45
61
64
52
25
38
60
22
50
31
45
53
6
5
22
20
5
2
20
32
37
45
44
28
37
19
49
18
46
33
25
39
3
3
19
17
13
15
26
30
27
28
54
47
12
26
21
44
24
11
34
5
3
25
21
31
30
43
39
38
32
32
36
54
65
76
73
93
69
79
78
75
92
98
91
106
97
90
93
82
94
91
85
97
91
91
102
95
93
100
102
102
95
100
98
84
100
99
106
90
96
87
89
97
87
105
104
105
100
99
94
104
83
104
94
95
84
84
90
87
82
72
91
93
107
90
91
105
105
89
94
81
90
83
127
116
126
117
131
124
134
142
143
150
101
94
79
109
91
96
87
108
103
93
98
95
98
97
95
93
111
110
91
103
105
114
107
108
119
118
116
108
114
111
112
110
92
104
103
98
101
111
101
113
110
105
116
113
119
107
117
118
117
128
113
111
123
121
107
123
107
113
113
100
117
107
123
128
117
121
112
129
117
131
117
122
111
113
111
109
100
106
114
115
109
114
104
111
120
123
113
120
118
116
108
119
108
115
105
113
113
104
115
106
115
113
106
108
107
103
110
112
104
109
98
107
112
112
99
109
116
102
112
106
98
120
102
114
112
116
100
101
88
117
116
107
111
130
112
118
108
116
126
110
104
112
108
106
97
103
107
98
109
103
97
88
109
98
107
101
93
88
112
89
108
103
119
105
113
97
106
100
116
108
99
84
94
91
111
98
98
109
101
100
122
121
111
127
111
123
116
130
112
109
113
104
113
91
105
84
96
93
96
92
98
88
91
83
104
97
110
95
101
108
119
102
113
114
104
134
114
117
116
111
135
102
115
110
108
110
104
113
106
95
102
109
112
98
106
92
107
95
106
97
100
97
91
103
93
93
101
89
100
95
105
99
99
107
112
114
83
105
91
108
92
106
91
91
100
108
101
100
93
95
103
86
102
105
102
92
107
93
96
110
112
95
98
98
107
104
109
100
105
94
103
101
104
97
105
111
109
100
102
110
113
109
114
107
100
107
107
97
108
100
107
100
105
97
107
100
108
101
107
65
57
52
45
89
69
100
82
