19
19
23
29
18
227
24
184
223
151
20
188
201
40
99
71
190
37
67
94
23
15
235
227
238
222
304
303
336
319
230
169
211
174
188
186
217
226
213
177
207
203
186
203
195
200
216
181
208
194
154
91
220
116
109
180
69
17
34
31
47
28
47
20
62
18
97
84
7
15
23
22
28
19
16
60
77
97
87
91
96
113
133
131
136
173
184
184
164
155
191
189
165
167
168
182
135
86
154
83
121
50
176
62
109
172
13
10
27
55
71
90
95
109
126
124
129
159
157
180
184
186
192
194
174
180
158
182
159
181
156
162
180
167
158
182
169
151
171
146
162
151
166
152
156
153
139
124
106
127
146
165
168
149
183
162
163
145
176
178
196
177
193
180
177
191
155
147
191
178
167
165
185
177
157
173
145
131
132
146
158
169
155
171
152
123
164
174
154
143
138
180
161
177
160
139
179
184
201
184
156
170
159
149
153
179
146
173
165
179
165
197
181
185
162
185
160
152
176
172
155
173
155
141
144
174
156
181
141
158
167
145
125
141
128
161
204
170
165
164
156
178
172
153
186
184
178
167
184
153
177
169
183
165
158
137
156
138
158
186
180
149
198
175
165
209
193
221
136
156
227
176
141
146
146
132
163
146
162
164
182
134
140
155
139
136
120
144
130
141
144
141
136
148
133
142
122
139
128
140
167
137
173
143
170
132
156
143
156
171
158
147
180
151
144
149
153
157
123
134
146
139
153
147
138
165
153
159
154
129
154
136
138
146
150
131
113
140
114
144
118
137
149
137
122
135
146
149
126
117
130
131
152
143
146
165
140
164
110
142
153
149
120
139
156
145
155
135
158
155
140
143
155
137
154
142
112
137
134
143
159
140
136
112
127
93
106
119
103
76
86
82
89
88
81
65
95
88
83
82
87
50
66
87
54
75
80
86
84
86
79
64
61
74
80
61
75
79
88
95
88
2085
2084
2096
2089
2079
2098
2087
2090
2082
96
91
90
99
94
89
95
89
99
95
90
91
84
91
89
90
79
75
89
88
85
85
70
76
86
65
89
79
94
86
88
89
81
92
86
85
88
83
78
87
89
93
92
94
83
85
88
77
85
88
81
69
3062
3065
3066
3087
3079
3092
3091
3072
3106
313
142
124
107
135
135
133
128
132
122
110
102
120
112
126
117
109
99
111
104
109
102
108
97
110
97
93
105
81
101
94
95
98
86
95
84
89
97
95
79
71
94
98
84
98
85
98
96
97
100
105
94
95
94
77
95
70
89
86
95
91
98
93
100
108
101
82
102
103
91
107
93
101
109
94
108
95
98
106
101
93
101
93
103
99
100
85
94
109
90
88
103
84
85
77
91
91
97
88
91
103
97
97
97
96
78
65
84
84
70
55
75
89
79
88
64
86
72
75
71
81
81
74
89
63
78
67
70
73
66
69
64
70
75
86
82
100
94
108
99
112
98
97
104
82
95
103
72
85
98
87
96
103
101
96
97
111
94
90
91
90
100
89
73
71
63
57
105
94
82
80
29
48
34
57
57
85
85
84
98
111
99
104
116
122
113
127
90
100
98
111
110
98
117
100
99
108
88
91
111
102
107
84
104
102
95
91
107
85
84
104
99
105
99
106
111
114
104
110
103
110
106
98
109
109
89
97
108
97
107
95
92
100
93
102
97
91
101
99
87
99
93
88
92
83
92
82
92
99
95
88
100
92
89
100
99
82
92
94
106
103
99
101
106
99
104
104
110
86
97
102
95
101
92
102
96
103
90
82
56
54
46
91
71
82
32
30
59
84
4
5
16
28
27
43
55
63
73
73
65
107
103
109
100
127
101
120
98
99
113
90
88
31
74
35
41
79
29
71
33
13
80
3
5
8
6
18
32
27
36
41
16
22
10
43
29
34
25
45
6
4
5
29
38
21
14
24
12
3
3
7
2
3
3
8
10
24
45
29
44
38
60
49
55
39
31
53
20
52
58
8
21
20
20
54
55
63
59
67
86
80
76
101
99
102
79
76
94
114
48
79
34
109
94
83
63
62
112
94
89
77
75
81
75
74
96
85
100
93
113
107
109
109
113
99
66
49
84
39
60
33
76
90
86
32
94
5
13
3
13
3
3
17
3
30
30
39
39
56
50
39
53
64
70
88
78
52
95
68
77
67
63
66
92
69
92
53
93
9
61
41
22
83
4
13
4
13
4
41
37
31
47
39
17
32
27
13
4
3
17
19
22
17
50
51
71
19
43
26
51
61
25
46
23
42
69
40
5
6
2
34
41
23
8
17
26
27
46
49
70
71
87
96
92
94
110
109
97
104
124
85
113
58
96
33
94
77
113
17
26
72
27
7
6
14
30
22
28
27
48
51
49
60
49
52
63
52
64
56
54
58
84
91
101
75
86
95
68
72
85
94
73
86
93
75
92
85
67
91
95
95
109
87
99
91
102
84
99
95
99
107
109
97
106
98
69
83
98
82
93
93
104
99
103
110
100
113
103
98
91
108
97
97
97
76
87
89
68
79
89
73
95
95
100
99
83
30
96
39
68
40
82
19
5
3
4
3
15
7
17
51
48
66
61
50
59
65
75
102
101
98
112
116
120
132
113
29
84
40
53
101
20
125
72
93
4
3
19
37
24
27
40
41
58
62
11
28
32
16
66
28
13
62
33
15
35
27
6
19
21
17
34
37
51
50
56
58
59
73
79
77
82
81
98
103
101
108
104
121
105
114
120
105
127
111
122
118
73
44
85
116
96
25
49
70
106
15
30
32
39
37
34
28
45
32
33
15
3
5
9
6
4
9
20
15
8
14
26
34
23
8
8
9
3
3
21
26
27
40
28
26
22
38
31
6
5
4
21
19
26
41
56
64
50
66
70
77
86
88
79
109
108
120
113
124
110
102
52
112
77
102
60
91
39
78
59
64
74
29
34
31
41
6
11
12
11
9
13
23
17
11
12
19
52
45
26
29
30
48
27
23
57
42
16
12
23
39
45
46
59
27
19
37
12
13
38
13
28
1
3
4
14
16
31
30
41
39
49
57
55
59
71
68
64
30
74
66
22
42
58
39
40
6
21
19
38
35
34
56
58
63
64
61
84
69
88
83
77
99
84
95
78
87
106
104
106
91
105
96
88
83
100
92
89
120
112
130
108
115
86
107
93
95
89
107
104
109
97
119
111
125
118
114
125
115
125
120
112
108
107
92
105
96
96
117
115
97
107
107
118
117
118
111
111
114
102
95
90
111
102
97
105
103
89
99
114
105
130
130
126
117
125
123
134
121
118
131
101
67
39
88
67
109
42
48
76
19
18
16
42
55
27
18
23
37
15
53
30
56
22
30
31
51
55
52
77
82
90
87
91
90
103
100
111
120
99
103
91
105
82
86
103
112
94
104
77
24
65
101
41
93
33
59
28
50
15
12
9
8
26
46
48
65
64
71
91
89
105
101
101
106
115
101
110
101
109
107
105
108
128
115
119
112
7979
7963
7953
7940
7946
7963
7974
7972
17
66
40
41
33
72
7948
7959
85
65
5
4
28
16
7
26
11
12
8
33
45
42
46
51
49
49
53
69
70
77
68
71
84
84
92
82
32
87
33
16
74
52
79
3
10
21
20
26
23
27
26
10
4
4
10
31
37
55
55
107
114
111
119
119
107
113
121
31
57
82
56
79
66
77
53
6
4
12
8
5
28
9
19
39
40
49
57
64
66
77
88
86
93
89
103
109
113
108
99
119
104
103
108
111
99
107
113
104
104
100
97
109
93
105
104
97
102
92
104
100
106
97
111
98
112
109
108
112
100
106
93
102
89
84
74
81
79
68
63
87
91
79
88
98
83
93
94
101
87
105
98
92
70
81
80
86
77
72
70
83
93
86
91
100
100
100
106
101
100
103
88
88
95
87
93
89
84
100
100
93
92
105
92
89
99
86
89
96
94
68
93
81
85
79
89
81
79
78
87
94
87
89
83
88
82
70
77
93
83
104
92
102
84
91
105
105
99
102
101
106
100
109
89
100
99
87
97
91
104
94
104
94
96
90
80
67
96
103
104
102
95
73
15
26
81
89
58
45
62
34
7
28
31
16
11
26
19
15
13
8
10
27
41
38
54
60
52
76
69
84
67
74
85
85
87
100
94
70
91
99
82
102
100
97
103
95
105
96
99
92
127
97
103
97
86
49
83
100
80
72
90
86
71
90
83
63
63
77
76
86
93
98
90
88
89
104
98
109
108
110
102
109
98
111
102
80
87
107
101
101
98
100
94
93
87
74
71
69
70
77
89
73
83
88
84
84
96
95
102
102
64
33
95
88
47
71
56
70
35
10
16
29
30
37
35
49
58
44
27
16
32
24
51
30
26
8
65
55
49
13
29
52
66
67
83
90
86
88
102
98
99
129
108
95
111
103
84
105
105
97
99
100
102
100
105
101
126
108
107
120
109
123
128
114
141
106
119
117
107
119
116
117
107
114
107
95
101
112
97
104
105
81
95
106
93
102
88
105
107
96
95
105
59
86
71
52
99
92
95
106
105
87
106
92
93
79
113
101
98
95
104
110
97
99
108
116
95
108
114
103
96
117
123
89
110
101
103
106
108
105
106
98
85
83
102
109
101
118
95
103
104
101
92
110
113
102
121
109
114
125
93
105
116
111
94
94
128
93
113
94
103
96
105
95
86
101
103
105
96
109
107
101
110
98
110
117
102
109
83
116
104
111
106
116
110
111
121
127
118
106
129
109
112
100
118
106
102
121
117
101
111
100
118
117
105
106
110
100
100
113
119
123
109
111
122
110
119
111
117
106
114
102
116
102
93
103
109
109
93
101
106
121
106
117
104
110
105
121
118
112
114
104
109
101
114
101
103
104
107
72
92
84
102
89
100
101
94
100
95
109
96
96
113
105
120
106
105
123
107
116
104
115
100
110
107
94
100
101
91
104
97
98
106
112
95
111
110
113
117
101
109
99
105
100
93
110
112
98
103
92
105
94
105
92
108
105
102
104
106
94
91
113
101
118
100
110
99
117
103
116
104
104
90
82
100
93
97
91
89
85
106
95
107
106
89
91
107
102
116
114
88
106
99
106
100
85
99
99
113
106
111
93
108
105
115
103
113
110
108
101
111
99
108
92
101
91
89
97
87
97
92
91
84
96
76
94
64
74
82
90
85
97
93
72
94
105
82
103
102
120
109
141
126
143
129
131
119
132
127
115
127
101
104
98
102
108
98
102
106
101
120
104
107
97
106
88
94
101
85
97
104
88
100
90
103
91
99
100
100
95
118
104
118
109
102
110
121
115
114
120
107
93
113
113
112
101
96
102
98
109
92
94
109
90
100
86
92
108
102
104
111
80
100
106
102
114
107
102
114
100
108
93
107
91
109
98
113
99
105
104
105
110
108
79
103
81
101
102
111
115
103
108
110
116
114
92
119
91
108
105
103
114
105
108
118
99
68
32
93
119
47
107
77
54
87
16
8
56
3
21
19
10
8
6
18
16
25
9
11
5
6
22
20
50
21
12
15
18
39
41
22
16
43
5
3
6
4
3
5
3
20
6
24
13
21
24
21
6
16
18
24
11
29
27
4
3
16
23
25
23
40
34
45
25
37
18
10
43
9
22
15
24
14
20
22
8
6
23
22
42
47
53
58
63
63
82
83
94
79
106
115
108
120
101
116
97
87
105
95
103
112
113
104
87
113
112
111
106
118
115
114
112
121
113
118
109
111
107
115
99
113
116
102
112
106
116
106
116
115
125
118
122
108
120
108
112
117
108
110
110
102
109
95
107
105
110
108
108
104
88
98
90
105
106
93
80
65
105
74
96
102
91
113
105
65
55
47
76
62
96
38
61
34
6
25
23
42
48
49
63
62
45
74
66
50
70
62
73
49
56
75
88
103
111
26
80
41
22
101
38
31
76
30
5
17
15
20
18
8
3
5
4
9
4
45
14
26
34
43
57
42
42
16
26
14
28
50
37
49
4
12
9
3
5
4
34
31
29
49
49
71
19
52
35
31
17
66
48
68
57
12
29
41
39
56
68
62
75
84
77
59
24
74
24
55
51
84
39
4
19
10
6
18
12
7
6
12
5
12
5
3
12
4
3
6
28
5
11
9
6
5
3
31
9
6
22
2
4
3
2
18
23
42
54
58
58
74
63
65
91
89
104
28
94
101
63
91
72
43
74
71
7
5
11
14
3
16
15
29
30
49
46
52
61
71
56
58
81
80
71
71
79
72
103
93
76
66
69
111
96
21
74
93
65
18
44
21
56
5
4
22
24
32
42
32
43
41
40
15
18
10
31
27
7
23
44
46
49
53
46
51
38
62
71
73
80
80
77
54
58
74
71
90
85
85
94
91
105
113
102
98
96
96
110
113
97
102
108
106
102
111
100
109
117
87
99
108
106
96
112
90
97
85
102
103
96
89
80
96
98
100
106
86
97
103
114
101
116
117
111
109
114
106
113
105
111
114
114
93
102
114
102
105
84
93
101
98
103
96
89
86
90
111
102
96
88
112
97
94
92
104
85
102
87
73
91
100
99
92
98
96
100
102
91
91
103
95
106
100
103
100
82
99
106
98
99
103
91
85
102
82
86
94
102
88
102
95
101
98
96
81
91
97
93
59
72
86
72
93
91
94
76
89
93
96
94
98
97
105
94
106
94
94
86
102
98
82
90
81
93
94
87
104
98
100
89
93
88
80
96
92
91
101
99
93
100
108
90
91
81
100
92
96
85
89
84
82
87
102
91
89
89
93
99
99
92
105
90
100
91
94
95
99
95
105
76
102
90
102
93
113
96
105
95
104
97
96
99
104
107
94
100
93
97
90
95
92
101
93
89
100
100
90
100
93
99
92
97
90
86
95
94
83
85
94
82
77
95
98
92
93
102
97
93
93
101
100
95
107
100
104
96
94
106
109
98
103
95
107
97
103
100
75
83
92
92
88
74
92
83
88
80
101
101
96
92
86
102
98
99
111
104
110
104
115
102
100
96
108
96
107
90
101
94
88
98
100
93
97
86
85
95
95
85
97
90
99
88
90
100
98
106
108
95
95
105
88
101
95
102
93
97
96
90
98
110
98
69
88
76
100
100
98
105
102
105
109
81
102
102
113
101
101
86
90
110
77
91
106
99
91
100
91
102
101
117
98
81
90
100
102
96
105
99
113
98
100
95
105
88
87
94
90
89
84
88
87
84
83
75
94
93
90
99
97
102
94
96
91
106
108
100
107
94
100
90
96
91
101
92
90
100
95
106
109
111
74
89
87
95
87
86
97
101
87
100
97
99
107
100
107
99
116
100
113
100
114
105
110
104
107
98
103
111
107
100
100
106
85
104
97
100
94
80
97
93
95
87
97
86
99
87
92
100
87
106
99
100
106
102
90
107
113
102
115
102
99
113
101
117
105
101
112
105
110
107
110
103
109
100
108
97
109
98
104
111
111
107
112
100
113
106
98
105
82
108
93
89
96
103
83
99
97
87
94
104
104
97
88
103
92
83
89
78
100
103
89
89
104
99
91
77
97
95
99
92
110
95
103
95
107
97
98
98
103
110
102
87
107
103
92
92
64
75
84
101
87
102
97
104
102
99
112
101
107
107
113
109
98
106
104
103
105
96
105
102
100
108
105
105
111
108
104
97
108
108
101
107
98
93
99
81
110
97
116
100
116
99
105
115
97
108
107
91
86
98
92
100
93
82
82
92
101
88
101
95
96
107
104
105
83
111
100
91
106
102
85
93
87
83
77
67
91
65
72
85
90
92
87
97
98
103
111
119
103
106
101
86
98
91
77
87
98
87
67
32
47
41
16
71
54
75
19
28
39
37
60
60
79
80
77
96
88
96
89
98
97
105
95
96
103
105
95
92
107
94
106
105
123
105
107
118
110
103
109
99
97
107
105
97
101
91
103
100
106
93
104
101
107
104
110
96
109
101
107
109
111
106
95
109
106
98
109
102
109
100
89
102
90
106
108
99
103
106
99
105
105
103
100
97
106
95
97
99
77
97
90
99
92
109
95
116
106
116
123
119
112
118
114
100
116
112
105
109
105
109
104
107
96
109
105
108
97
108
101
108
101
108
101
109
97
106
108
108
100
86
100
86
93
97
99
93
105
96
98
104
113
110
121
103
107
115
113
106
112
109
104
106
85
104
92
101
91
88
93
106
93
90
106
79
86
87
95
86
88
81
95
83
89
82
86
85
95
84
96
84
94
90
96
84
92
87
82
93
91
79
73
80
80
90
78
58
76
59
75
87
67
82
79
100
82
90
85
88
106
105
91
99
80
74
89
91
89
93
80
89
91
89
92
78
84
91
100
88
106
106
107
92
98
100
107
110
90
104
86
93
102
102
97
105
83
95
89
99
81
91
90
90
83
102
98
92
101
93
103
91
94
88
90
88
100
80
73
88
91
100
93
97
93
94
90
92
100
79
106
94
83
98
90
91
83
77
101
88
83
100
89
84
97
86
96
97
79
65
81
94
95
93
102
94
105
104
94
102
76
88
102
96
91
95
75
85
94
104
101
99
104
95
98
105
107
116
97
90
99
108
97
104
92
99
88
84
93
91
93
86
92
86
93
89
92
88
98
96
96
93
96
90
86
79
97
93
89
92
98
98
89
82
84
100
83
86
69
93
100
77
94
94
101
93
105
103
109
93
119
100
69
17
90
36
78
56
49
33
12
10
32
40
57
58
63
66
66
70
88
84
105
97
109
101
80
101
78
115
104
112
109
100
107
84
92
94
83
86
15
71
42
80
62
91
101
32
51
25
4
2
15
7
10
17
21
7
33
12
10
2
5
22
19
35
40
48
58
59
59
58
75
68
86
81
94
95
92
93
106
81
83
104
99
99
100
106
97
62
95
59
100
65
86
87
78
84
53
68
71
74
73
72
71
95
95
113
103
118
106
99
103
104
87
86
97
97
86
96
85
105
96
111
100
115
107
100
109
104
117
101
111
98
95
108
85
90
109
96
89
100
88
95
87
92
85
101
86
89
91
90
78
80
89
93
81
84
76
81
77
88
92
83
90
99
97
94
95
93
91
100
88
84
89
87
89
92
92
94
96
98
92
103
99
106
111
102
114
106
114
104
110
99
102
99
102
95
100
90
86
98
101
79
99
86
90
83
90
98
86
95
88
90
105
103
102
104
95
101
84
83
103
92
104
102
96
104
90
104
96
83
100
85
101
86
100
84
85
91
90
85
85
84
77
92
93
94
71
96
87
77
85
99
97
84
97
102
92
98
88
92
102
80
98
89
99
89
92
99
82
91
104
97
80
95
88
83
95
90
82
101
86
96
86
92
99
100
101
102
88
97
88
100
95
88
96
88
95
95
89
99
85
94
99
92
87
104
90
95
81
82
92
86
100
93
88
87
87
81
94
88
96
88
92
78
81
91
79
86
92
86
96
79
87
91
88
84
86
68
79
74
73
79
75
75
90
82
98
84
97
81
94
87
96
73
85
93
96
91
93
86
84
92
92
98
88
70
96
84
81
65
79
30
57
36
17
89
44
19
4
3
14
3
16
22
30
37
35
56
55
58
47
61
63
71
46
77
91
89
101
92
79
74
83
96
96
108
97
78
74
101
80
95
86
44
65
77
35
75
88
74
69
87
79
80
51
65
69
71
81
76
76
76
91
97
90
21219
21213
21196
21204
21312
21315
21327
21324
21335
21338
214
109
97
128
125
134
109
108
115
122
109
111
111
132
119
132
125
126
129
122
104
96
112
78
92
98
106
93
101
100
89
93
87
93
106
98
80
88
71
64
98
104
113
91
89
101
98
93
112
100
112
93
100
111
107
97
113
111
95
113
122
104
120
119
119
109
110
119
115
116
96
94
84
70
67
59
48
48
117
105
4
26
19
22
18
25
24
7
23
22
20
11
5
6
9
8
25
42
46
53
44
58
40
38
45
15
60
52
24
56
3
5
3
16
18
17
27
38
46
55
43
47
56
45
61
64
55
85
90
95
106
92
102
34
66
45
60
23
59
62
64
9
4
7
9
3
4
10
6
8
26
26
26
28
43
49
47
68
66
70
68
71
94
87
79
84
89
93
102
15
62
29
26
91
69
43
86
39
24
9
21
6
8
19
19
17
4
14
13
19
36
39
25
45
43
40
55
53
58
67
62
75
68
74
66
63
77
86
99
32
35
35
54
71
65
86
77
86
84
81
100
66
76
75
86
85
88
82
74
75
97
68
99
92
109
81
93
106
103
80
79
91
86
97
73
48
65
89
83
30
44
24
57
87
82
63
37
37
58
71
58
86
86
92
92
107
95
100
88
102
96
94
102
106
90
83
103
98
95
101
105
94
104
97
103
91
64
33
97
51
21
79
71
54
4
5
27
30
34
48
24
44
43
34
17
37
28
46
36
5
19
24
20
23
35
36
40
12
37
26
27
39
54
15
8
4
17
13
16
20
28
26
5
9
16
25
20
11
31
23
42
7
33
6
9
27
17
30
11
23
45
56
48
32
30
43
28
27
31
46
41
3
5
24
12
21
41
11
23
15
59
69
69
52
63
55
83
84
44
59
78
51
81
21
66
69
21
24
23
48
59
63
68
61
66
74
72
89
100
89
35
92
78
52
72
92
41
40
75
40
43
24
12
31
14
8
41
9
4
4
7
11
9
18
23
8
46
43
24
17
25
18
21
22
33
14
27
16
5
11
2
12
5
5
31
43
31
24
16
14
25
44
41
6
5
11
9
27
21
13
19
25
14
23
3
9
11
7
30
28
30
26
24
42
5
20
13
5
22
21
34
33
52
52
65
76
78
80
63
56
60
61
41
81
91
14
72
86
15
30
3
5
7
27
25
30
28
49
48
39
55
56
52
54
78
81
63
86
95
95
95
63
25
99
81
108
9
39
40
48
3
6
5
14
15
12
43
54
68
68
68
71
72
86
96
93
102
104
111
99
117
100
102
99
99
111
101
101
78
61
98
56
54
55
88
71
80
14
9
50
11
70
3
6
5
17
10
25
18
43
47
53
38
61
54
56
74
84
78
82
90
86
86
94
107
98
112
63
77
81
85
95
109
95
96
101
105
88
56
42
58
39
43
61
32
53
18
5
13
19
9
14
11
6
22
33
20
53
57
63
74
85
74
81
82
79
115
114
122
110
98
50
108
36
28
124
92
18
88
94
4
16
24
20
32
41
63
28
37
44
48
40
17
43
26
20
52
22
12
26
48
62
61
59
69
84
79
77
99
107
105
114
106
105
113
108
119
96
38
82
54
16
74
57
26
99
4
4
22
27
28
17
31
32
6
7
24
20
26
12
17
11
33
6
8
21
24
19
25
34
24
15
25
31
38
42
36
9
45
43
30
22
49
26
12
12
13
13
36
56
51
32
29
32
33
42
53
