101
136
135
122
202
218
236
155
148
131
102
203
216
109
125
148
391
367
356
388
338
378
144
370
345
338
375
133
89
111
84
75
75
93
92
93
118
105
109
97
72
93
99
81
89
89
100
89
106
94
99
109
108
102
116
106
120
114
117
96
105
116
104
117
95
107
105
111
105
117
111
102
116
114
112
120
96
104
102
96
98
93
99
90
101
91
99
99
97
86
77
103
84
97
107
100
110
102
109
111
110
110
113
83
56
48
97
72
126
98
106
109
105
68
76
89
87
106
105
117
14
49
75
36
29
113
73
57
101
89
4
17
7
13
9
4
9
6
24
10
15
40
40
41
37
46
38
39
34
24
40
38
38
9
33
34
47
34
44
63
72
73
95
95
110
109
97
119
118
117
127
120
113
120
118
99
92
118
100
109
95
103
99
108
98
96
96
106
99
112
109
91
110
99
102
112
122
106
116
97
102
94
112
107
117
120
109
109
115
96
118
112
111
124
116
107
115
115
121
107
120
117
116
110
119
111
120
103
112
89
111
117
107
121
108
106
121
122
112
132
120
122
114
121
110
111
123
125
121
121
112
115
109
115
104
110
120
88
78
108
101
89
98
102
106
95
93
111
88
79
69
70
57
58
46
43
72
101
19
26
30
43
41
52
51
73
72
79
84
94
94
82
99
88
99
87
93
96
83
92
99
84
95
82
92
86
80
90
83
93
105
87
92
86
101
82
92
102
93
108
93
105
94
98
95
85
88
99
83
75
87
94
82
86
80
81
60
34
28
50
22
73
47
54
13
10
7
9
6
11
16
13
8
19
11
8
16
20
19
3
16
38
31
47
48
59
53
72
71
89
89
100
87
98
96
103
95
91
102
93
103
108
97
107
114
115
109
113
104
98
87
110
94
89
98
88
97
101
95
104
86
106
101
112
101
110
98
106
99
104
105
92
98
97
94
97
91
80
71
77
93
86
94
87
86
94
88
96
94
102
81
98
90
91
91
95
83
97
92
98
92
99
87
98
4719
96
4721
4738
4770
4766
4780
118
4759
134
86
4767
41
111
4752
30
4
6
11
11
49
60
60
47
46
68
71
70
89
91
74
84
63
83
85
85
75
101
101
115
111
105
122
118
92
2585
2597
2588
2590
2604
2598
2614
2611
2626
183
148
109
133
70
119
129
91
118
126
145
119
118
109
125
123
131
118
127
135
112
121
114
102
97
124
106
116
104
126
116
129
113
132
112
120
109
113
116
89
46
21
50
71
84
65
98
24
34
34
10
9
30
46
49
43
70
72
94
93
147
146
151
137
153
134
135
135
71
154
115
152
102
116
117
104
107
113
116
98
108
111
102
104
98
97
109
86
94
108
111
85
96
108
95
90
105
103
98
103
102
81
94
100
105
96
104
93
104
94
102
96
101
91
91
98
80
85
89
87
84
91
72
83
96
92
81
93
95
87
90
85
81
94
97
81
95
91
74
68
85
97
84
99
90
105
103
89
83
82
100
100
103
113
106
108
112
110
113
110
110
100
117
104
93
97
82
102
100
97
100
86
96
90
101
92
94
86
86
106
95
98
92
103
103
92
98
64
90
77
111
103
98
89
97
90
90
94
70
85
86
101
80
90
95
81
83
96
81
92
99
99
95
95
89
102
88
104
85
94
95
89
99
92
73
87
88
92
60
85
69
49
91
80
96
80
91
89
91
80
93
93
85
108
108
92
103
93
99
104
93
102
95
90
96
106
98
106
97
86
99
92
102
102
110
95
81
100
90
95
103
95
92
95
94
94
87
99
89
94
91
103
90
100
103
106
99
105
99
92
78
71
96
87
99
99
85
79
93
95
83
105
111
86
99
80
87
85
97
77
94
93
90
99
94
87
99
85
88
95
94
93
87
93
97
101
89
89
78
81
104
92
92
104
88
104
96
106
114
124
99
97
109
79
94
76
102
65
98
100
98
103
95
97
82
80
89
89
104
90
94
88
76
74
98
91
102
84
82
100
101
99
96
97
101
109
82
107
97
97
99
111
113
97
104
93
113
85
117
110
116
111
116
106
79
90
111
98
80
87
90
110
98
107
119
113
114
126
118
103
121
119
117
111
103
115
106
117
115
120
110
123
116
127
125
109
120
102
117
95
112
88
106
72
83
91
167
158
174
157
160
159
176
173
179
187
112
99
110
107
110
109
125
108
122
112
122
110
119
112
120
116
118
111
120
118
106
120
100
119
109
95
100
86
104
112
98
117
101
113
115
124
87
122
79
112
59
72
51
29
39
6
10
8
5
17
18
21
20
36
44
59
46
60
60
71
78
88
88
87
113
99
104
115
108
103
108
78
87
107
120
98
101
113
108
106
86
90
103
99
86
82
101
81
107
105
107
109
98
103
109
108
86
121
118
94
116
101
107
107
98
85
109
99
87
99
92
85
74
94
100
97
99
93
106
90
105
98
97
91
88
99
91
100
101
91
80
99
87
72
65
96
90
95
88
101
88
92
90
103
102
97
86
101
96
98
88
101
92
95
99
106
93
107
95
107
106
104
99
106
105
101
95
90
97
93
83
78
96
92
86
97
88
102
101
105
99
102
93
102
106
101
97
110
106
60
53
46
76
87
95
109
103
111
98
100
73
85
81
100
101
104
106
108
92
113
106
110
117
102
121
109
124
121
103
116
103
119
105
114
101
107
103
110
97
110
96
109
96
107
94
66
46
105
93
76
22
53
34
87
28
5
3
3
5
51
38
49
45
64
64
62
61
94
94
100
93
97
90
49
71
57
62
52
85
87
91
92
104
93
90
94
93
113
112
114
79
112
80
108
94
68
89
103
94
84
89
101
80
90
90
102
107
109
110
105
99
121
109
95
102
15
77
38
28
93
53
65
88
46
94
89
35
52
52
59
57
64
88
105
98
96
88
107
115
119
117
134
110
111
119
120
111
113
104
112
104
112
92
98
118
104
121
108
118
111
126
112
127
116
126
104
120
88
111
96
109
117
106
119
105
106
124
120
109
128
126
124
118
123
116
121
110
126
119
124
110
117
104
116
112
118
115
107
115
108
114
106
126
96
109
91
104
114
110
100
107
100
102
105
99
111
98
99
98
107
97
110
109
108
111
109
115
106
122
117
116
133
129
117
111
125
112
119
115
104
110
107
105
102
104
98
106
96
107
103
108
102
105
106
120
111
85
15
103
62
77
104
49
34
23
44
4
11
76
90
92
110
57
55
60
59
58
99
111
118
125
106
124
107
101
95
121
117
109
128
114
125
111
115
100
106
95
104
102
109
99
108
105
116
110
120
91
95
74
48
23
110
63
30
55
6
5
14
30
32
29
27
42
65
70
71
88
88
94
89
76
83
77
95
102
91
100
90
108
95
105
88
104
106
108
96
105
99
96
86
102
109
95
93
103
94
98
98
105
113
111
101
104
99
116
103
118
96
101
99
93
105
92
102
99
87
99
87
85
80
102
99
85
88
78
85
80
80
79
81
89
99
92
103
96
86
99
100
99
105
102
103
97
95
68
88
101
48
61
81
82
12
65
12
70
49
14
8
11
8
10
17
12
8
14
3
4
11
22
33
27
54
56
51
34
37
105
105
104
143
90
130
90
101
115
106
101
108
108
121
93
113
92
81
86
82
71
479
466
515
513
518
494
91
142
504
76
502
146
6
3
18
2
11
12
36
33
46
49
46
34
47
47
45
68
69
65
85
76
95
87
85
107
96
104
102
115
100
115
108
120
117
122
112
122
115
116
108
107
115
105
113
101
108
108
105
89
110
97
113
98
99
110
118
102
108
101
113
109
113
106
108
99
107
100
109
98
112
106
114
106
119
110
117
110
111
102
103
95
100
107
106
98
106
99
110
113
118
106
113
102
107
88
75
44
104
30
82
64
53
114
22
33
98
93
107
94
84
50
63
66
64
66
63
94
88
8615
8622
8637
8635
8651
8637
100
76
59
8642
53
93
8637
8632
5
7
13
17
42
40
50
69
80
78
101
101
122
123
132
120
133
114
108
119
106
116
113
105
116
103
91
125
97
120
146
138
150
142
206
196
211
207
179
168
161
173
158
175
102
112
110
115
109
161
147
167
180
143
132
125
165
171
95
89
150
136
144
137
132
156
155
80
142
86
96
83
94
81
91
97
92
104
81
94
77
96
98
123
114
126
117
132
118
99
132
123
96
109
99
92
79
99
88
100
72
82
87
103
94
99
100
116
105
119
95
111
110
124
108
118
112
115
108
102
67
110
87
80
100
93
100
94
100
93
97
95
109
108
99
97
99
86
96
83
85
96
85
79
95
86
72
98
83
99
92
104
97
89
106
105
97
97
108
109
107
102
104
91
115
109
113
95
108
99
107
100
96
99
88
114
98
109
96
103
91
106
97
106
96
91
98
87
94
90
90
85
102
95
107
97
112
99
111
108
120
104
119
117
119
115
105
118
118
106
114
101
121
114
101
107
103
105
117
123
115
112
120
113
95
116
101
75
64
61
53
43
46
50
92
62
99
277
271
286
286
304
303
290
320
320
334
93
88
101
75
96
94
88
103
102
103
88
104
84
90
91
88
99
89
101
102
80
95
91
91
69
88
88
82
97
82
96
104
99
112
112
123
110
111
114
115
50
25
74
43
32
70
84
112
91
3
30
39
43
42
54
56
60
55
57
95
93
83
87
100
97
88
98
82
86
98
91
99
97
98
92
103
94
106
91
87
80
93
101
81
89
96
90
91
98
103
89
97
105
106
98
112
108
114
118
108
100
84
73
94
119
120
114
115
66
114
63
81
81
50
63
39
69
88
88
119
120
119
128
64
66
100
100
102
96
106
132
66
37
122
66
23
114
23
36
39
35
59
81
60
51
109
98
130
130
149
149
176
144
134
146
116
145
161
103
67
153
67
117
164
102
123
123
133
116
95
107
108
107
1059
1045
1051
1010
1020
1048
1009
1034
1013
1040
108
111
58
59
85
73
108
98
107
111
104
106
108
96
79
68
53
106
4
5
12
20
35
10
12
17
26
11
3
4
15
57
50
58
58
82
85
84
87
79
122
115
133
117
131
114
113
119
111
112
104
131
93
108
125
115
126
116
123
109
118
126
135
125
125
126
129
141
127
124
134
149
126
150
135
156
144
135
140
110
137
105
123
113
99
92
83
50
34
43
11
67
5
104
24
60
5
5
17
9
23
19
15
20
10
3
9
31
11
32
8
25
28
13
11
18
21
26
49
30
37
57
62
51
60
62
91
91
101
99
104
97
108
117
95
108
103
107
112
90
99
116
100
24
54
62
61
55
23
91
82
42
5
17
17
40
54
53
59
58
77
88
87
107
107
129
115
128
116
107
112
122
115
116
107
108
99
112
110
103
92
97
100
104
109
107
100
108
104
111
110
111
123
102
115
123
133
134
137
129
137
142
118
127
142
115
109
109
121
121
107
127
108
108
108
124
111
124
109
121
113
118
114
118
110
113
105
113
109
114
100
110
113
99
92
102
111
93
109
95
95
109
105
108
80
105
88
120
114
106
101
115
113
105
105
114
106
103
110
113
102
107
96
106
93
101
79
94
98
89
96
91
93
99
98
93
93
99
106
95
104
101
89
106
96
104
93
100
88
100
86
99
86
98
88
104
96
105
93
105
94
95
102
87
107
106
94
110
99
91
113
102
117
108
110
99
94
79
33
28
109
86
46
21
66
52
30
31
51
49
66
78
77
65
103
101
109
94
106
94
100
98
101
108
92
91
86
90
84
95
84
81
87
89
75
82
91
85
87
98
92
98
109
95
97
94
103
90
100
97
81
89
99
95
89
106
95
100
95
101
87
95
71
79
93
91
101
77
94
105
107
99
109
100
117
115
109
123
99
107
101
107
108
106
110
100
115
104
106
111
114
116
111
70
101
109
77
58
94
76
89
81
88
87
73
83
82
88
86
89
91
105
88
95
94
97
86
100
93
90
100
102
94
81
75
87
86
96
92
98
89
93
92
97
107
95
112
93
79
108
96
111
102
101
93
104
94
104
103
103
92
106
99
104
112
110
106
111
104
103
67
80
110
88
94
88
96
100
93
100
68
90
89
107
107
118
116
108
111
113
105
112
110
113
106
111
109
114
110
112
108
109
106
107
103
105
107
82
96
103
95
95
84
85
91
88
78
84
80
77
78
93
89
98
86
103
98
102
95
105
91
104
97
93
98
96
102
93
105
95
83
69
51
106
31
89
64
43
101
91
72
32
80
54
54
70
70
84
82
110
99
113
104
115
105
109
115
120
92
84
101
91
103
90
101
83
98
88
95
91
96
89
93
102
95
89
102
91
89
101
97
92
101
98
102
88
102
94
101
92
86
97
99
88
98
97
95
77
83
99
91
92
86
94
90
96
92
104
97
87
101
95
101
77
90
88
96
95
89
89
101
81
103
88
98
102
108
99
99
95
96
90
99
88
106
95
103
93
110
104
100
105
113
122
100
108
103
106
106
116
114
113
98
116
111
115
105
113
102
109
115
104
108
101
104
104
97
104
92
94
109
104
104
119
107
117
122
116
130
112
121
111
123
103
73
90
112
105
77
87
80
108
88
100
101
96
97
97
98
119
104
109
99
108
96
107
113
106
114
107
112
105
78
88
98
96
100
93
89
101
97
93
73
78
100
70
82
98
98
88
99
76
95
95
89
104
103
92
86
94
85
91
63
58
35
36
30
24
73
79
48
3
31
29
42
41
58
60
58
87
88
108
105
107
112
99
110
107
111
103
115
100
117
106
119
116
105
111
104
119
112
126
111
111
124
127
104
118
131
112
123
125
117
114
127
129
121
125
117
130
120
123
122
119
127
107
122
104
116
103
111
103
99
110
98
103
113
106
98
95
106
108
122
105
122
108
122
109
131
122
123
120
120
111
119
117
120
102
118
123
108
125
109
123
107
101
115
119
94
107
107
113
107
110
91
104
108
93
109
101
96
109
102
94
106
100
109
94
91
103
104
94
103
91
97
91
99
94
101
93
101
96
90
89
81
93
89
101
101
89
98
97
95
60
33
106
40
33
76
51
87
63
5
19
54
45
63
59
94
93
107
106
128
128
142
136
145
123
128
113
125
117
105
126
106
112
98
110
99
115
98
116
104
96
113
103
112
98
88
105
97
106
104
102
86
84
95
109
97
88
44
73
28
54
35
104
66
25
3
3
3
2
1
4
18
32
34
53
55
68
67
86
76
89
77
94
97
108
88
99
104
93
101
93
104
96
112
94
92
92
111
109
93
86
107
110
99
102
87
86
108
71
74
102
84
88
93
106
91
112
112
121
130
126
113
108
127
114
107
69
80
105
110
90
106
92
98
103
88
106
104
106
89
106
97
92
105
93
76
96
94
55
67
32
83
39
60
91
90
94
76
76
71
88
87
108
107
120
114
111
119
116
112
118
110
102
121
121
113
114
102
119
105
130
112
125
118
123
119
138
126
130
128
124
115
123
110
124
114
117
115
118
108
118
109
116
113
112
104
109
106
108
101
108
100
106
97
112
109
115
109
98
109
107
125
121
112
98
121
116
121
118
116
108
119
99
106
113
96
114
105
112
90
103
104
112
101
105
93
99
86
94
91
89
79
68
58
65
59
48
51
55
50
61
59
61
52
51
57
54
65
59
57
46
58
55
62
54
56
55
58
64
57
57
54
59
59
57
55
62
64
55
58
56
53
51
45
55
61
57
61
58
58
64
61
67
66
69
62
62
65
71
70
69
66
69
66
67
60
65
66
61
53
55
46
66
65
57
59
57
62
50
59
48
52
53
59
54
57
61
65
62
59
63
70
71
79
75
86
81
94
91
106
99
109
116
122
120
125
127
123
131
133
116
128
117
126
118
115
112
110
89
125
117
116
119
107
125
105
123
114
117
108
92
117
89
105
109
99
109
78
71
42
90
102
95
94
108
105
103
75
88
121
114
119
123
136
100
98
129
65
90
117
131
130
108
89
100
103
128
79
61
45
53
130
74
87
123
49
19
7
21
11
20
37
21
4
28
3
16
6
2
5
3
21
26
20
8
12
35
104
51
57
56
53
50
47
49
29
56
49
55
23
16
11
11
14
4
23
14
30
58
21
37
42
56
45
131
8
5
8
14
23
17
5
3
8
6
8
10
5
6
20
7
8
20
39
24
9
40
28
28
37
17
25
28
30
10
29
23
13
19
9
5
7
3
15
8
31
41
11
29
5
20
17
3
10
22
20
11
17
8
2
5
4
14
31
47
42
38
62
62
61
60
64
50
55
61
63
92
18
58
69
65
5
6
29
47
54
57
57
79
95
87
111
111
111
137
129
128
103
81
123
85
115
62
42
67
114
114
82
75
96
97
84
86
74
91
97
96
97
110
105
119
100
116
113
98
98
100
113
95
59
56
97
77
94
63
61
59
73
73
85
89
90
118
94
64
55
45
40
117
66
104
83
6
7
4
24
19
11
6
6
10
25
28
47
48
44
83
81
67
79
90
62
91
97
97
100
117
104
123
93
108
109
109
97
88
58
28
66
29
29
128
114
98
106
78
8
6
43
39
67
63
92
105
106
125
126
145
137
126
103
116
132
112
103
111
104
113
105
110
96
97
99
112
108
100
112
94
71
85
93
104
82
137
128
143
134
142
133
146
132
238
197
205
260
245
267
258
255
254
266
104
180
167
135
123
126
123
109
183
182
183
158
158
176
160
176
140
150
105
117
102
116
106
101
108
108
106
113
104
114
104
115
108
119
103
110
118
108
96
116
105
121
120
98
103
102
100
87
104
107
107
105
92
104
108
115
110
109
116
118
110
120
106
103
103
110
114
110
106
83
95
91
97
92
83
103
93
105
107
124
105
114
104
120
113
118
112
112
103
119
109
125
104
127
91
113
118
113
120
105
103
80
86
106
84
111
98
167
158
171
155
166
170
169
177
96
104
170
116
100
110
102
109
97
115
101
117
107
111
102
109
98
110
97
109
101
110
108
111
99
110
113
101
112
113
105
115
111
107
115
92
112
106
100
111
92
96
110
97
99
97
99
96
88
102
87
89
87
101
99
102
99
102
105
109
103
110
103
105
103
105
86
94
95
110
112
96
106
99
111
99
112
105
99
108
108
95
108
96
108
101
104
107
106
97
104
94
86
101
98
76
100
69
37
36
34
86
56
21
52
15
31
33
51
50
68
63
68
87
86
62
103
93
93
99
100
88
97
93
100
76
92
81
91
84
97
90
95
36
67
49
30
71
56
71
87
19
3
14
14
23
43
30
28
30
42
66
59
77
77
94
86
89
80
94
93
97
104
102
93
122
110
123
117
123
112
117
127
124
85
92
80
88
102
93
85
91
84
92
94
87
85
96
92
87
89
99
86
93
83
71
89
99
105
93
103
94
105
104
115
87
112
93
102
101
94
103
92
93
97
102
94
103
89
99
87
89
80
81
93
83
95
83
72
90
81
84
87
83
90
75
73
81
73
67
81
77
80
77
79
74
77
91
89
78
84
80
86
85
91
85
80
91
89
71
77
83
80
86
79
76
82
75
85
84
78
83
68
92
81
98
90
93
100
89
88
74
95
103
81
88
75
82
68
79
77
62
67
64
80
79
86
72
86
85
77
87
80
88
82
89
85
88
84
73
80
85
89
77
78
82
73
84
80
74
88
89
84
89
76
86
75
90
96
85
90
78
88
85
91
92
83
66
31
45
25
53
54
78
18
17
69
37
66
84
63
63
76
75
73
46
50
83
43
36
56
48
72
74
62
40
34
19687
19687
45
19695
19695
19687
32
19688
19695
19698
19700
19
17
95
94
116
116
134
134
156
141
145
145
108
92
104
93
69
75
81
69
97
105
106
90
111
123
78
82
116
98
99
96
112
101
154
172
156
155
154
174
173
179
171
120
117
115
123
110
127
105
110
118
123
141
128
128
136
143
133
159
139
150
127
125
111
104
82
125
108
95
91
85
106
94
103
102
88
106
106
105
116
97
103
110
80
94
96
104
95
83
102
98
101
104
82
97
105
92
107
91
92
101
92
98
91
106
97
92
101
94
101
96
99
84
88
94
95
64
65
91
82
90
78
103
89
99
89
105
94
81
81
97
97
107
100
106
97
92
106
105
100
104
101
107
101
106
99
94
102
103
95
98
92
79
99
86
95
102
94
79
101
88
100
101
98
106
103
106
95
94
95
104
107
113
108
77
98
67
55
87
85
88
77
57
59
51
69
79
80
78
106
93
107
99
109
80
93
74
76
109
89
89
99
81
101
109
59
84
87
89
90
109
113
98
125
116
114
100
129
120
103
117
106
118
109
121
114
124
117
111
103
126
113
128
121
126
117
102
118
123
128
107
115
105
113
99
113
112
109
99
110
104
63
54
25
74
100
104
98
117
47
35
33
39
41
44
53
45
73
74
93
94
104
99
114
106
103
104
112
105
92
109
98
113
100
106
100
102
103
90
104
78
85
100
107
100
108
109
111
86
83
48
45
81
49
109
82
4
5
5
9
5
8
5
8
9
24
15
14
46
55
44
48
45
31
32
44
43
28
3
19
3
7
16
27
14
13
18
32
16
44
5
38
37
60
50
67
68
70
71
73
74
68
64
44
36
453
458
455
463
464
460
462
460
461
462
4
13
5
14
20
29
19
31
32
44
41
42
42
40
37
44
33
27
53
42
32
32
38
37
37
32
36
48
45
43
57
54
47
48
55
50
72
71
74
68
63
73
40
39
73
63
30
45
23
61
5
3
21
16
32
39
40
30
17
43
37
9
37
35
54
52
67
66
87
86
104
104
121
115
95
119
108
114
109
102
98
74
97
88
107
89
109
102
112
114
100
92
117
105
112
101
119
88
77
92
107
95
93
105
86
94
110
86
110
98
94
109
97
110
95
99
98
106
117
124
121
117
107
123
118
112
99
116
101
116
101
115
113
100
107
107
121
108
120
116
111
120
132
132
125
143
130
132
134
113
104
67
83
121
101
110
93
111
77
97
100
93
112
112
121
110
97
123
111
125
113
127
100
108
120
123
138
110
104
121
121
113
106
118
103
97
104
83
70
58
87
73
100
102
95
107
106
93
61
97
120
95
94
88
109
102
116
105
100
58
104
59
82
103
90
102
102
84
101
101
98
115
115
134
145
122
107
119
116
131
124
141
126
148
164
69
155
119
83
148
135
102
138
125
141
132
150
109
134
135
160
160
158
143
150
141
146
103
131
124
109
119
106
119
106
103
120
108
100
114
113
100
126
113
120
117
100
111
52
49
79
82
92
111
61
80
50
69
68
90
88
108
107
111
118
122
111
103
123
96
114
103
123
111
106
114
116
107
123
120
132
130
119
111
115
101
113
105
114
105
104
111
114
109
118
111
120
117
121
119
120
118
93
107
115
109
80
42
41
60
101
58
93
76
