29
67
241
252
235
237
254
201
3
5
67
240
240
28
2
6
216
100
96
120
96
66
52
37
21
87
74
13
11
39
59
41
67
65
87
119
68
66
108
41
108
110
153
131
149
122
153
142
94
130
152
78
112
81
108
122
112
158
137
151
137
161
152
154
168
149
131
120
119
111
109
102
113
105
100
124
141
144
135
128
132
124
148
142
129
104
138
100
109
105
95
88
110
92
102
95
104
97
100
94
107
108
110
108
111
98
102
112
117
101
114
102
118
108
114
116
116
109
117
112
117
95
109
118
105
104
121
116
105
106
119
109
118
115
94
103
103
114
102
109
107
99
88
107
88
103
97
109
97
98
106
95
90
96
104
99
109
98
108
100
102
111
112
101
115
107
116
110
107
113
109
108
118
95
120
103
92
105
93
100
109
101
99
105
89
111
105
122
104
103
116
115
108
93
89
105
107
108
98
108
104
99
104
88
93
109
100
105
110
110
99
114
105
94
113
107
103
103
101
96
104
80
78
52
47
87
63
71
94
81
64
72
61
35
30
47
47
60
60
75
76
78
75
88
81
100
102
97
106
115
107
115
117
115
102
106
97
111
94
108
100
110
102
97
107
94
102
90
91
86
96
82
86
97
98
87
84
88
92
104
111
113
101
89
81
90
112
100
104
93
108
95
103
89
79
84
97
96
108
97
100
110
99
111
110
99
88
103
97
99
92
109
93
98
112
103
96
104
99
105
97
99
91
88
93
90
80
82
88
87
77
90
79
86
87
88
78
90
82
91
80
84
90
92
76
80
84
89
75
85
91
88
94
95
104
99
91
90
99
89
105
98
89
87
71
77
77
82
92
82
88
94
97
97
105
102
111
110
95
85
94
86
93
86
95
92
87
98
75
89
82
92
77
73
90
77
82
70
84
66
60
74
83
81
89
91
76
84
96
86
89
74
88
82
78
87
86
96
80
69
91
79
86
78
78
79
80
90
78
76
69
70
88
89
100
94
91
74
84
83
65
58
82
76
82
71
72
70
86
83
81
68
78
79
83
84
85
88
89
90
89
89
107
110
102
8805
8811
8810
8919
8937
8892
8875
151
0
93
8933
92
8910
5
5
4
12
10
9
18
17
14
10
13
18
23
11
12
11
6
13
4
7
13
13
8
4
9
19
17
26
11
19
27
22
22
24
19
42
42
43
37
53
59
58
72
70
80
69
83
66
74
74
77
77
85
77
67
85
83
117
123
111
125
121
108
119
127
139
93
100
106
105
102
101
86
107
112
91
81
100
94
89
97
79
79
72
86
69
79
64
69
66
56
78
66
68
52
64
60
68
58
65
69
62
60
1865
1862
1879
1864
1874
1899
1894
120
112
1892
111
120
95
101
161
145
165
158
158
170
184
183
176
88
113
122
101
129
115
108
123
130
110
120
115
108
117
125
94
102
134
110
93
115
93
102
114
78
91
70
94
103
110
131
129
153
127
135
135
94
18
18
54
61
38
112
124
70
5
4
8
4
6
6
18
42
28
28
41
37
43
42
30
42
41
42
25
42
5
16
22
18
26
37
36
60
35
31
52
52
67
73
74
98
97
113
85
93
109
97
116
98
117
104
114
114
98
110
103
120
105
117
114
113
122
127
114
114
127
127
114
125
119
120
108
111
101
115
106
114
101
115
107
115
122
111
90
98
128
110
101
114
116
107
115
101
112
91
113
96
106
116
92
102
106
104
105
100
112
103
103
98
99
109
101
120
108
108
120
109
107
85
108
96
91
104
110
108
105
102
112
119
125
117
120
91
98
89
73
86
96
96
91
84
95
101
104
101
113
92
113
114
125
122
123
110
125
109
119
110
117
112
120
114
109
114
109
106
58
72
81
102
99
96
85
95
85
95
88
95
80
91
91
99
65
84
80
99
110
93
105
94
99
91
108
81
93
91
102
100
102
100
104
93
102
99
105
98
105
103
104
102
104
100
103
96
101
94
103
96
104
99
107
104
105
102
108
104
106
102
105
103
102
105
107
100
97
103
102
100
104
102
104
97
105
102
106
96
107
99
104
96
106
103
102
99
103
98
103
101
107
100
107
105
112
111
115
96
111
110
94
123
110
121
108
118
107
114
109
126
118
104
114
105
106
113
102
121
99
111
89
112
96
103
92
79
98
89
98
114
116
127
126
117
125
124
108
119
83
96
83
82
98
89
97
99
91
92
89
72
104
92
101
91
98
91
103
102
103
105
78
100
75
84
87
94
82
84
84
93
73
94
86
101
100
109
111
127
114
113
111
123
116
99
111
111
102
86
108
103
107
90
77
102
93
84
78
96
96
94
106
97
109
94
111
100
103
103
114
107
100
112
112
104
110
102
100
107
104
97
106
104
108
99
109
100
106
96
101
107
106
104
107
98
105
103
110
99
111
101
110
104
114
106
115
112
112
105
112
110
110
94
109
102
102
107
110
96
110
103
113
99
113
122
123
120
122
114
121
111
122
119
110
108
97
93
90
91
90
76
90
79
91
82
90
90
92
100
100
103
107
98
102
109
81
106
98
87
88
99
31
28
50
48
58
86
80
67
17
4
6
3
4
17
19
2
10
4
4
4
18
3
8
19
18
31
47
41
62
54
67
56
75
74
89
82
93
93
105
100
103
103
97
108
95
95
106
92
103
103
94
99
92
99
97
101
95
85
91
76
94
103
100
100
94
88
113
106
101
124
93
84
112
112
118
116
107
98
102
88
77
95
103
116
102
111
105
94
108
113
107
104
116
108
114
114
111
116
112
59
107
48
40
75
26
98
67
77
6
6
22
32
28
26
42
54
51
57
48
56
54
46
35
51
45
33
10
9
25
29
56
42
57
56
68
70
72
73
76
77
100
94
101
95
101
83
92
106
105
113
93
104
92
98
96
104
112
104
95
89
104
111
106
110
100
108
96
117
108
105
111
106
108
114
110
102
73
94
110
85
98
89
84
92
113
102
104
113
95
105
107
108
116
113
91
29
95
70
86
25
87
54
66
48
45
5
4
18
40
44
60
56
70
69
87
85
102
101
116
106
115
108
113
100
111
118
105
111
100
78
91
99
81
79
95
86
94
91
82
82
101
99
105
111
117
108
115
105
108
98
104
96
91
103
92
97
91
100
95
102
99
111
100
107
97
105
101
87
84
100
107
94
82
89
91
83
95
86
86
87
93
80
103
95
105
94
110
97
92
98
88
90
73
89
80
60
89
72
82
94
85
68
88
90
91
104
94
98
100
100
99
98
78
101
100
87
95
96
101
92
108
94
97
7241
7191
41
7226
7201
7178
7225
7210
7197
7182
6
4
14
17
19
6
6
7
37
51
57
51
74
73
101
100
114
114
129
127
137
122
120
135
105
75
99
66
86
123
108
110
91
112
109
116
109
99
89
79
65
60
42
107
109
4
8
6
19
28
38
35
38
58
66
84
81
91
95
87
83
99
96
112
103
113
105
114
111
108
111
109
98
120
115
121
115
113
120
117
105
118
109
102
96
103
112
99
112
104
95
109
101
108
100
109
95
103
92
95
90
100
89
102
89
81
54
20
49
30
36
99
65
76
87
13
16
15
38
60
59
75
57
75
72
90
82
97
97
108
104
97
111
97
113
96
108
102
114
108
120
105
120
114
119
111
97
125
114
114
101
109
102
114
104
121
109
109
116
118
112
105
119
100
126
119
133
118
135
116
120
113
104
103
115
102
118
111
119
108
122
117
122
114
114
122
118
103
101
115
114
111
112
109
112
99
114
107
114
104
108
98
110
102
110
102
107
95
108
106
111
104
97
98
105
99
102
89
101
95
102
98
109
93
109
106
112
104
110
103
104
81
96
92
106
95
88
94
87
104
95
96
102
96
100
106
101
106
98
87
101
95
94
84
101
93
92
94
80
86
91
93
88
98
90
106
126
126
125
116
115
125
119
123
112
103
90
100
91
101
86
98
91
97
78
90
97
87
94
88
92
87
90
94
98
72
90
76
76
66
71
65
59
66
54
50
62
60
59
57
63
54
57
66
57
50
55
65
56
74
63
69
62
74
62
71
64
57
69
67
64
66
68
60
64
53
60
67
53
54
66
61
58
63
63
62
73
72
65
72
54
59
58
61
54
50
68
59
59
50
50
55
57
56
55
56
45
45
51
50
38
43
53
63
61
68
88
80
96
92
103
110
112
103
103
97
105
92
84
104
90
96
79
90
100
89
108
92
86
106
97
87
104
103
97
111
91
90
90
99
87
100
91
100
88
97
96
92
98
94
96
107
99
92
94
90
82
76
94
61
89
79
96
85
100
91
101
76
93
102
95
105
92
108
91
102
93
93
101
94
104
93
107
94
105
93
106
98
103
98
104
97
100
66
84
50
77
18
55
37
31
88
2
19
31
22
23
55
54
67
67
81
79
69
88
82
105
99
104
98
104
99
109
110
87
110
76
108
99
98
103
96
101
92
85
103
102
103
66
78
23
90
58
44
35
110
75
79
34
44
44
51
60
54
49
51
61
105
113
93
99
88
104
99
101
102
81
77
94
83
96
83
95
80
90
94
101
94
100
90
90
99
83
98
90
105
93
111
100
109
103
113
106
104
105
117
105
88
105
112
92
108
105
105
99
99
90
98
98
86
91
98
83
96
92
100
89
97
88
101
88
81
89
96
87
98
101
101
95
96
99
107
96
90
105
91
99
102
91
102
99
99
96
101
92
109
95
101
112
116
107
114
121
120
116
107
115
102
115
103
108
100
105
98
107
102
111
102
111
104
113
103
97
114
114
111
98
99
112
99
112
103
114
114
136
112
100
120
109
138
126
133
113
122
121
135
115
86
126
91
155
150
161
161
147
153
143
152
114
125
87
96
95
100
94
99
89
100
89
87
100
88
99
94
100
90
102
101
90
90
98
99
91
95
103
93
101
88
103
95
107
94
93
98
91
90
55
85
71
93
88
94
103
91
76
91
84
83
102
97
110
102
112
101
109
118
100
104
86
113
112
119
117
109
110
102
104
125
122
112
103
126
115
128
116
117
117
128
116
128
110
117
102
113
118
104
115
104
119
105
115
102
112
105
113
106
112
110
114
103
119
110
119
111
118
111
104
116
111
108
96
117
104
103
115
110
104
110
120
122
101
114
113
119
106
117
107
116
103
117
109
115
106
114
111
114
106
118
110
115
113
114
106
110
102
111
103
67
84
97
86
108
107
100
115
103
99
107
110
95
96
105
104
87
114
105
129
124
123
116
120
117
123
111
123
97
106
104
86
36
101
46
105
52
78
64
99
106
103
66
75
79
91
90
106
107
122
112
124
122
122
112
117
114
91
112
107
108
107
86
98
99
99
94
107
102
94
95
102
84
97
103
94
105
95
104
103
108
96
107
108
107
94
86
96
101
80
104
57
44
72
33
21
47
91
67
14
12
28
26
24
55
49
41
43
71
68
66
83
77
91
90
111
102
108
119
98
112
108
106
113
105
107
113
113
101
112
101
113
111
112
98
110
108
105
108
106
105
105
100
101
96
102
90
104
97
108
97
94
96
109
97
98
113
91
100
106
76
94
105
103
83
102
76
92
104
95
88
96
102
89
100
99
111
94
110
102
103
113
96
113
102
104
103
93
105
94
128
115
122
126
133
111
124
130
125
118
107
120
104
110
101
101
90
97
87
101
86
96
91
100
86
75
96
91
91
84
75
85
78
71
92
88
101
81
118
105
118
126
111
132
121
132
130
118
105
118
105
107
122
95
121
102
114
102
112
98
98
105
117
102
1540
1567
1566
1579
1607
1601
1592
1620
1625
1618
165
150
102
163
68
87
44
126
45
104
5
10
27
17
22
49
48
42
43
72
78
70
73
72
133
133
158
150
150
160
160
140
148
168
137
121
115
118
114
127
95
160
145
135
145
179
169
148
175
168
176
117
112
127
87
104
94
115
90
122
102
117
130
131
128
127
90
98
120
127
116
117
84
130
104
60
59
69
114
37
105
70
72
116
118
140
86
122
55
64
91
103
94
104
128
98
88
95
104
103
123
108
102
125
119
101
96
91
55
33
80
63
106
68
35
36
104
4
3
14
10
33
32
38
34
7
9
11
40
41
40
44
19
46
16
21
39
42
10
9
31
23
25
27
41
35
80
92
108
88
106
113
112
135
135
135
161
152
152
125
145
118
137
132
116
146
113
112
110
128
131
142
141
152
137
153
125
136
139
80
114
104
91
104
113
100
111
110
118
93
107
112
104
107
94
88
103
101
106
94
105
97
106
117
99
105
127
106
79
108
100
98
105
96
114
88
97
96
98
103
108
118
108
115
107
102
101
116
86
107
106
115
99
116
105
121
113
131
111
110
118
124
113
116
107
107
112
109
102
114
99
94
118
102
113
103
108
116
120
105
113
125
117
114
119
116
114
111
110
101
105
99
107
92
107
95
106
95
110
98
107
99
88
102
87
98
98
91
95
87
96
96
99
88
101
92
99
93
86
97
87
95
77
86
91
92
88
99
88
104
92
95
89
101
92
82
87
99
92
86
89
84
83
87
84
88
84
84
94
90
78
92
96
83
97
88
85
95
97
91
105
86
103
91
91
97
102
94
106
95
100
107
103
91
91
102
101
86
83
96
94
86
97
86
98
90
102
91
103
95
92
104
103
92
103
90
98
93
85
97
98
89
94
66
77
37
83
18
47
52
62
29
6
6
18
3
31
30
21
45
54
48
64
58
51
59
79
86
87
107
96
101
98
111
109
97
108
114
91
104
101
94
100
98
96
87
108
109
100
98
122
120
122
129
138
134
129
121
107
132
116
102
112
101
101
104
103
81
93
101
113
50
125
99
92
71
107
77
120
94
68
90
65
71
72
84
78
93
88
98
93
101
100
107
92
104
91
87
103
76
91
99
92
99
97
100
98
111
101
114
105
114
111
116
110
105
108
100
107
104
98
103
95
82
105
96
113
96
106
95
105
95
98
91
105
103
89
100
93
98
98
81
92
96
84
73
76
86
96
88
68
66
77
85
81
98
96
48
60
73
16
30
61
5
7
10
17
17
32
57
54
51
54
16
84
60
32
77
29
23
69
81
30
13
84
85
15
16
46
45
61
58
64
64
81
80
97
95
101
108
106
102
109
99
99
110
109
101
108
104
111
103
110
104
111
101
112
109
110
105
106
108
103
105
106
95
109
101
99
109
103
108
87
95
108
102
90
96
90
105
93
92
108
95
93
96
107
84
103
99
102
92
100
87
78
99
96
105
102
119
99
115
104
105
112
105
112
107
100
96
107
101
107
105
85
96
96
103
101
94
95
105
97
106
96
96
104
110
98
103
92
74
104
86
91
83
95
81
93
85
89
86
83
83
82
92
100
96
104
92
91
102
97
104
101
104
74
82
95
103
89
97
90
106
94
106
100
97
95
99
109
110
108
111
100
108
97
109
102
108
96
108
101
101
104
105
94
100
107
107
101
107
103
110
106
109
101
109
100
109
101
101
95
99
108
109
102
110
103
99
110
111
98
108
98
109
101
108
100
110
101
105
109
109
96
106
95
105
97
99
101
103
93
95
104
107
97
107
97
103
106
83
102
96
108
91
78
87
103
95
77
93
99
83
96
93
102
99
104
97
101
101
107
113
110
100
104
101
101
94
94
89
92
82
92
82
110
100
114
105
120
106
127
132
134
107
102
115
101
109
90
93
69
79
88
69
91
79
90
83
69
91
80
99
99
106
89
104
87
99
101
107
76
91
91
78
108
80
89
98
81
101
97
100
108
95
92
103
115
109
133
108
115
109
122
106
111
107
116
107
114
104
95
110
114
111
89
96
56
74
64
98
94
77
99
94
113
111
90
99
93
110
103
113
99
108
102
107
94
105
98
103
106
86
102
95
105
94
92
93
108
108
100
94
97
107
106
94
106
91
91
93
102
101
91
100
104
92
101
100
99
90
98
85
91
89
73
92
87
94
90
90
96
106
95
103
92
103
93
104
97
102
81
94
97
90
89
94
89
94
90
94
95
88
102
91
96
104
107
99
105
109
111
87
113
105
100
109
97
109
103
112
101
84
81
115
108
111
104
112
105
102
113
103
103
116
108
113
114
106
116
114
105
107
114
105
110
102
116
91
112
104
103
96
113
98
108
97
114
99
81
103
99
103
105
98
107
105
104
91
104
103
113
98
108
101
113
106
94
101
113
114
101
103
114
93
110
98
95
114
104
112
120
112
102
110
98
85
107
72
104
95
101
91
95
104
104
97
97
106
98
101
84
105
74
106
68
94
107
99
90
97
101
113
119
116
100
108
109
103
93
110
104
89
105
99
109
96
109
99
89
100
109
93
105
80
103
96
106
94
102
105
106
110
109
102
107
108
113
102
99
114
95
97
103
105
104
105
94
105
82
102
88
93
104
95
93
103
84
94
95
108
100
93
109
99
95
74
95
103
90
96
95
88
92
100
104
93
93
93
105
102
94
105
95
101
92
98
95
100
100
95
117
111
124
114
128
116
123
114
132
99
105
113
75
100
86
107
104
95
103
96
94
102
103
93
98
97
85
71
101
105
71
32
82
100
63
58
59
36
92
4
13
24
28
35
31
59
57
71
61
72
60
74
73
90
90
101
96
105
97
107
104
104
108
111
100
110
104
110
103
107
109
92
109
98
109
98
111
97
115
103
123
115
117
110
119
115
118
101
110
101
108
105
111
103
108
111
113
109
116
109
119
113
113
105
111
113
111
104
110
102
99
106
111
104
111
109
112
105
104
110
103
115
119
108
119
112
119
116
116
90
105
99
118
115
97
109
99
116
106
112
104
117
108
102
117
113
105
113
106
112
107
115
112
125
40
106
67
101
116
47
86
69
84
4
12
10
4
4
3
5
21
29
29
42
64
66
67
78
86
85
89
92
109
102
117
111
127
108
94
26
100
31
56
21
12
109
66
333
25
26
29
33
36
37
38
77
43
38
38
1380
1364
1391
3867
3867
3889
3890
3905
3905
3904
2600
2611
101
94
86
81
2601
85
96
95
89
101
99
107
110
116
114
99
103
106
99
99
99
99
111
19
34
33
49
87
71
98
52
74
5
5
23
18
10
8
34
32
28
38
43
37
39
58
54
69
70
83
84
89
97
86
93
85
90
93
95
103
94
105
97
100
105
104
96
106
107
94
103
90
90
77
84
106
97
114
98
108
100
105
81
96
112
101
96
100
102
94
104
92
109
101
104
95
99
101
90
98
89
96
92
108
111
103
100
106
104
110
97
111
102
96
96
100
94
101
101
91
97
16778
16781
16785
103
16893
16889
16955
16924
16940
32
16935
16925
96
103
106
215
4
14
31
40
39
108
26
110
140
132
149
153
193
208
199
219
162
178
145
142
96
82
135
137
101
106
102
116
94
100
109
116
91
108
88
104
86
98
92
104
95
102
83
113
117
114
136
119
128
113
114
121
128
116
103
81
110
93
94
102
107
96
98
105
109
78
97
106
99
99
116
109
97
110
94
101
112
106
99
97
105
105
96
107
100
107
102
109
99
105
109
110
107
111
105
113
101
106
103
111
107
108
101
107
101
107
103
101
103
101
99
104
102
102
105
91
87
104
105
100
111
98
118
103
120
104
104
106
111
114
120
101
112
109
95
111
95
111
97
114
91
106
105
110
102
111
104
110
97
110
102
110
103
104
111
110
107
110
98
110
102
96
106
106
104
107
96
108
102
108
100
106
96
108
96
107
101
97
108
107
101
109
102
107
105
102
109
105
94
87
106
93
107
97
108
95
95
108
95
94
100
107
102
100
103
101
108
98
110
103
99
109
110
104
112
104
101
108
109
102
107
105
105
98
104
94
106
98
107
104
106
103
107
99
107
100
107
104
106
104
106
108
110
103
110
108
108
102
97
109
109
101
110
103
109
99
110
98
121
119
121
132
116
129
117
121
68
120
77
108
82
91
90
98
86
104
93
105
106
102
120
94
119
95
107
92
94
100
77
102
89
95
89
93
88
99
85
82
63
90
92
88
92
96
105
96
108
17
98
57
92
50
102
78
38
34
69
7
4
9
4
14
11
19
6
44
56
61
51
61
60
74
68
78
72
95
94
102
90
104
92
111
106
97
102
87
115
108
117
95
108
117
115
118
121
104
116
115
101
100
101
110
91
100
30
53
50
33
71
80
65
5
3
13
2
3
1
7
8
11
7
28
8
36
40
28
38
44
62
62
81
83
80
81
107
87
108
109
115
115
129
117
130
114
122
103
103
102
114
111
101
87
105
94
103
97
103
93
109
96
100
100
111
100
113
107
100
112
110
103
102
107
95
102
90
105
93
101
92
99
99
83
97
100
102
88
94
88
93
87
97
90
87
90
95
93
97
86
97
95
100
94
101
93
106
106
108
69
94
81
74
114
113
98
108
95
100
97
105
92
102
99
107
88
95
82
105
98
90
103
101
91
95
99
96
95
105
79
35
103
90
62
32
48
73
56
11
6
9
4
5
7
32
29
32
34
64
63
60
87
83
102
82
94
96
116
112
130
127
110
121
106
111
104
109
98
105
105
100
108
87
96
102
103
117
111
109
123
120
104
125
117
124
112
119
116
115
113
108
92
117
101
114
107
108
102
97
107
59
85
81
102
87
101
95
96
87
85
114
94
91
84
82
89
97
107
99
97
97
101
99
119
101
104
115
94
92
111
98
106
92
102
88
119
106
112
117
108
122
113
128
122
112
113
100
114
100
110
102
97
111
102
103
88
112
102
110
105
107
112
125
107
107
102
114
108
113
90
101
116
103
109
90
102
112
112
98
102
81
82
102
100
98
98
96
108
106
114
111
120
118
119
115
121
113
119
112
119
112
112
88
100
101
90
97
90
107
91
92
75
97
84
98
87
101
94
98
88
98
91
105
90
100
93
98
87
76
84
95
88
79
89
78
84
72
87
94
85
99
84
100
93
110
96
113
92
101
91
92
91
103
91
97
95
89
79
93
83
84
95
93
78
82
92
90
86
80
89
70
63
86
88
82
88
73
86
87
97
79
92
87
68
78
61
74
89
77
85
95
90
79
100
89
106
94
98
111
113
121
112
124
110
123
86
97
108
96
110
103
100
98
84
76
91
97
71
87
88
99
86
110
103
115
122
101
101
106
120
104
112
115
101
109
113
98
123
104
120
111
117
104
116
116
118
129
120
113
108
120
119
104
87
73
105
90
113
105
89
103
92
98
86
86
76
94
62
85
88
94
79
98
69
47
39
27
70
87
86
73
97
65
70
80
79
89
94
74
102
91
105
98
110
102
109
121
129
119
98
100
123
115
111
118
120
110
134
142
130
132
112
98
128
137
125
108
86
127
100
98
30
84
60
77
111
50
47
36
109
159
146
110
98
66
53
52
160
66
114
122
118
103
71
76
90
44
78
71
93
90
89
92
89
60
43
53
