21
25
134
179
198
233
250
246
18
252
201
164
131
228
154
232
139
145
102
152
125
143
149
134
157
129
132
135
114
124
173
172
164
144
123
147
141
164
110
99
110
183
146
109
120
125
145
135
130
141
138
112
81
92
98
126
126
110
104
113
110
105
103
102
134
136
104
192
219
224
218
256
176
221
212
105
108
106
92
73
68
67
71
96
106
93
60
49
105
197
112
132
102
136
118
130
137
137
121
129
86
100
94
85
28
73
61
47
35
75
67
80
117
128
4
2
20
8
9
19
18
63
5
11
17
25
27
17
20
20
16
3
4
22
9
28
7
7
16
24
21
37
45
39
56
66
58
56
79
80
75
63
92
84
72
87
94
90
109
93
100
72
77
78
75
45
78
24
87
74
57
67
32
3
11
28
43
43
58
48
55
70
78
87
81
100
93
86
93
87
85
93
74
94
81
73
89
76
96
82
92
82
77
89
80
70
83
82
74
87
84
88
83
82
90
94
77
74
93
86
87
89
89
88
88
90
78
85
79
77
81
88
81
76
75
86
95
81
83
77
66
79
92
80
65
82
60
83
91
80
77
87
86
65
89
82
84
82
75
78
90
81
88
72
76
76
77
86
78
91
80
76
87
86
97
91
94
102
88
84
73
82
83
81
73
67
79
75
76
78
81
92
97
90
81
89
78
73
87
86
84
83
98
95
85
96
81
78
77
94
77
79
67
78
83
74
82
81
72
86
90
97
91
97
97
95
86
80
78
71
67
56
55
87
5781
66
76
5776
5773
64
59
5815
5823
5814
5839
5831
129
127
136
87
97
90
109
96
99
79
87
85
89
95
89
96
89
91
98
80
96
89
93
77
99
95
86
87
94
103
89
100
90
88
98
89
97
92
83
74
1739
1732
1741
1769
1767
1778
1780
1785
1774
154
135
128
143
103
88
110
99
90
93
83
101
110
96
81
104
88
54
58
91
83
96
68
92
80
65
59
65
78
84
86
86
95
79
100
101
81
84
77
64
104
99
78
91
96
87
73
89
85
103
102
102
86
101
94
81
92
105
104
97
98
103
104
100
78
93
101
99
90
94
89
97
89
106
105
118
111
105
106
100
105
100
113
101
98
93
111
90
103
106
95
114
96
113
111
109
111
102
103
95
105
93
92
107
99
94
102
91
108
101
102
89
93
104
342
335
357
343
353
347
360
359
343
97
359
118
104
113
108
116
114
111
118
109
114
73
79
81
80
101
99
99
82
90
98
95
107
118
109
106
127
102
95
111
104
107
119
106
117
103
106
119
96
112
83
92
106
104
96
106
97
103
105
109
91
108
91
108
89
98
93
104
96
102
96
95
92
105
73
104
77
90
99
92
93
94
79
85
103
78
97
93
101
94
108
118
104
96
107
103
94
104
96
105
98
101
81
99
73
101
95
83
100
88
104
100
102
105
84
93
104
93
92
92
107
99
97
92
79
114
102
119
104
113
101
117
108
107
101
111
99
110
99
111
98
108
97
101
81
90
93
99
102
98
105
98
100
101
79
82
98
85
83
95
90
82
77
93
84
87
73
83
75
95
88
87
79
101
93
106
96
107
100
110
109
83
114
121
92
93
103
102
91
90
100
100
90
92
91
117
96
99
92
82
106
91
99
90
100
87
93
105
109
101
109
100
105
112
110
97
90
115
106
120
107
122
112
121
113
111
102
112
104
109
102
87
100
94
86
100
89
79
84
93
95
90
97
81
101
106
94
92
99
113
110
106
90
100
115
85
105
50
58
84
37
71
44
79
8
18
16
33
43
42
43
52
49
64
45
62
49
60
32
44
64
34
4
3
22
20
37
23
10
21
9
8
19
22
23
5
4
12
4
28
40
37
58
70
65
79
82
81
102
99
105
104
76
120
104
95
53
80
71
125
107
97
102
33
35
35
45
30
57
78
77
35
37
52
46
11
25
18
41
13
21
23
49
48
14
17
34
20
10
37
9
5
22
32
46
41
27
25
47
44
26
45
34
36
35
3
4
8
6
5
7
25
16
22
10
16
6
4
6
4
4
10
21
30
17
44
40
63
70
73
65
81
81
76
96
77
80
126
109
119
113
126
113
107
112
100
99
103
82
70
110
76
121
87
104
107
104
114
127
121
122
99
103
116
114
107
104
109
118
119
113
104
114
105
103
111
122
120
127
106
113
105
118
101
111
106
118
113
121
111
121
100
111
106
113
116
107
99
110
98
106
88
96
92
94
96
98
101
89
52
48
35
65
74
20
27
91
36
5
10
5
5
3
23
20
24
31
26
37
44
39
61
81
65
67
39
35
27
41
54
57
36
4
23
36
27
42
62
72
65
81
86
85
82
43
54
97
80
64
24
81
26
90
4
2
14
13
35
41
40
37
31
98
96
101
105
115
126
131
121
108
139
113
115
99
75
86
97
119
105
98
108
105
107
105
129
94
96
114
67
83
96
106
101
99
94
85
94
93
73
73
92
76
96
94
107
108
95
98
82
75
109
111
98
103
102
92
60
113
57
87
93
94
103
95
109
92
87
99
75
104
77
94
70
99
94
91
103
87
101
88
86
95
108
100
116
102
107
118
109
127
123
115
119
116
108
99
115
103
112
102
98
111
101
110
94
89
82
101
103
97
102
92
103
103
94
110
86
85
106
96
89
105
100
109
101
111
102
104
87
116
67
101
113
82
87
106
103
93
103
106
95
96
98
117
90
101
98
118
88
111
97
115
103
114
110
125
115
126
137
107
107
114
102
114
110
104
35
70
46
91
57
25
96
80
17
15
36
34
64
64
76
79
77
65
62
74
96
94
107
66
89
76
99
69
65
98
80
93
64
85
92
91
74
89
74
79
76
96
102
59
37
54
48
89
99
56
96
18
77
8
6
23
6
22
35
33
22
23
43
33
28
47
64
62
56
57
66
75
81
77
29
38
23
27
83
52
78
69
8
8
6
14
4
19
34
25
11
13
27
33
30
18
13
46
45
17
27
11
17
12
16
13
4
7
16
20
8
4
3
26
7
7
42
52
54
38
44
42
37
28
53
40
55
49
55
20
3
8
4
8
12
2
23
13
7
37
44
42
53
54
56
74
73
79
80
95
91
91
109
90
114
106
127
101
112
116
127
125
103
45
19
77
29
64
55
86
107
8
9
34
47
41
66
63
71
77
82
79
65
35
58
44
24
75
25
54
4
4
13
4
17
14
13
26
23
22
44
32
42
31
71
65
87
89
86
61
83
76
61
77
97
99
89
97
89
86
83
77
94
85
94
94
107
101
87
54
33
20
73
38
52
93
36
80
7
22
21
37
30
50
47
53
31
54
64
78
91
89
100
71
84
84
101
96
92
61
95
81
103
118
76
40
55
92
86
87
106
80
71
95
87
81
86
80
91
91
106
95
110
100
116
114
122
104
116
113
118
110
113
105
111
99
111
101
114
113
109
108
95
97
102
112
113
104
89
83
74
91
97
70
82
88
9142
9160
9105
9147
9126
9128
9116
9127
9145
9106
3
5
19
30
34
34
53
55
64
70
54
68
66
77
78
88
83
101
111
111
113
114
105
103
57
47
27
83
73
115
16
92
3
5
9
5
12
16
13
40
50
55
45
52
31
29
41
22
46
43
20
22
8
6
11
14
81
96
92
61
55
61
59
72
78
72
79
94
86
95
93
99
98
109
108
116
110
97
107
120
102
36
90
58
99
11
92
66
71
18
31
7
3
4
7
8
20
20
24
23
48
41
55
52
54
68
70
64
84
80
61
78
82
84
99
58
23
19
81
71
22
4
12
18
24
28
26
35
47
48
58
51
66
14
34
14
47
61
63
52
53
50
6
16
29
34
48
48
52
67
66
80
71
82
84
72
101
89
79
91
103
93
101
104
101
75
57
81
58
54
112
94
92
92
86
66
85
89
75
73
89
98
98
105
92
102
104
107
96
99
100
108
102
110
95
111
101
116
114
116
102
110
102
110
103
108
101
108
100
110
108
110
102
107
99
107
99
106
98
104
102
104
102
105
98
107
105
106
99
105
103
103
109
109
102
110
103
111
108
110
102
108
106
110
102
109
102
107
109
106
110
110
101
107
99
106
99
107
106
108
105
109
103
103
111
109
102
108
101
108
101
106
102
97
108
106
105
105
98
90
95
110
95
112
105
98
114
99
117
106
112
110
110
107
107
99
107
99
104
100
100
106
96
107
106
105
109
100
103
109
103
92
97
84
84
97
100
117
103
87
95
109
58
32
92
42
103
38
44
32
62
9
12
23
26
25
12
25
10
5
6
4
20
25
31
36
18
20
26
29
27
4
6
4
3
5
9
16
22
38
46
35
27
21
18
21
4
3
7
34
45
50
58
59
68
75
75
95
94
54
63
102
61
29
84
51
71
17
103
9
30
14
26
10
29
23
11
4
12
14
7
6
3
20
8
30
41
42
42
50
65
62
81
77
89
90
91
94
110
111
104
112
115
116
107
110
94
111
102
106
87
90
107
106
94
85
29
98
109
49
67
96
47
59
4
25
33
31
43
41
49
14
29
30
52
39
62
71
50
27
70
55
59
71
80
88
72
74
70
70
65
66
60
61
51
65
5
16
20
31
8
17
28
7
14
13
28
54
60
55
73
72
85
71
94
87
95
90
89
91
92
99
72
101
94
98
83
87
74
64
101
67
97
109
96
89
111
95
108
116
96
104
79
99
50
66
89
82
80
79
64
82
77
74
69
41
28
69
25
44
35
43
47
51
6
7
37
38
44
38
60
62
66
88
81
61
59
70
74
67
37
81
53
64
30
16
88
10
9
21
37
67
53
68
61
59
74
88
74
75
94
94
108
95
102
93
100
120
103
99
96
106
120
96
52
72
122
42
82
21
64
23
104
8
16
18
19
34
57
79
72
52
63
69
82
81
93
112
112
122
79
94
110
113
94
99
104
108
112
111
79
115
125
87
100
113
112
115
116
107
113
117
103
105
104
98
112
119
114
100
100
113
113
87
75
44
20
37
98
70
69
51
14
24
33
37
47
18
25
45
33
28
15
8
12
21
6
23
14
13
32
44
40
44
37
56
55
49
62
66
54
58
59
72
73
92
90
91
102
101
115
113
108
93
84
37
113
67
43
29
52
29
35
68
4
21
19
25
32
34
40
39
59
52
31
16
27
38
30
49
2
2
3
3
21
12
31
31
30
50
57
50
89
87
104
85
82
86
47
88
24
107
84
31
63
16
24
35
31
28
20
19
32
34
3
4
14
35
43
25
20
11
36
23
23
6
21
32
28
21
50
47
51
51
55
64
63
80
67
82
78
91
101
99
98
102
102
95
17
71
84
33
102
19
105
58
64
99
48
3
17
10
15
13
10
13
7
20
26
39
51
47
49
40
46
61
68
70
91
96
95
108
105
104
93
106
98
102
108
83
91
82
94
84
103
86
87
85
89
73
92
91
103
84
102
89
99
85
84
91
97
95
93
107
94
108
100
110
95
102
105
93
108
93
94
100
83
75
96
47
27
63
52
32
98
19
5
4
12
11
19
30
36
36
34
50
60
47
31
32
56
34
37
59
16
34
58
3
9
10
33
34
48
44
42
47
44
51
76
85
87
75
84
82
76
79
77
69
83
90
81
103
100
100
98
99
92
105
92
51
49
69
65
76
72
86
32
87
15
22
13
57
17
51
8
20
33
35
46
49
48
65
42
66
55
16
65
50
49
18
59
8
12
26
27
34
32
15
26
17
3
3
16
5
5
15
12
16
5
27
29
28
45
47
18
17
39
45
37
42
7
6
26
33
36
47
46
53
63
63
73
73
89
84
100
98
96
109
115
113
114
109
79
71
112
49
28
60
16
92
47
115
6
8
10
4
3
16
31
19
25
44
45
67
39
54
55
71
59
70
76
75
54
59
76
27
39
69
34
14
31
49
51
68
68
74
82
81
99
89
107
95
99
77
110
105
113
101
102
108
97
109
107
93
103
82
91
107
94
111
96
96
108
77
31
59
70
51
87
38
103
22
4
16
6
21
10
3
4
7
13
5
11
2
16
12
4
34
32
23
39
42
38
59
67
54
51
77
76
85
76
91
93
102
94
106
99
98
99
92
105
106
93
70
87
100
79
31
57
59
19
43
5
2
22
15
16
12
7
5
27
16
19
38
42
18
11
35
38
13
6
6
28
40
30
39
50
51
28
52
42
41
21
42
19
4
4
5
18
14
22
26
38
33
43
50
52
58
61
67
75
72
80
83
87
97
95
108
115
112
107
27
41
79
65
38
94
42
96
5
14
27
45
45
56
55
72
62
71
88
86
106
95
98
58
58
52
49
78
26
98
90
34
6
14
30
34
43
40
51
50
71
64
77
70
87
72
89
80
88
95
97
96
95
111
84
93
102
86
88
109
113
100
106
100
105
109
107
104
102
100
94
72
87
97
95
89
92
91
90
79
71
87
70
90
95
103
88
90
95
88
91
93
103
85
95
87
98
92
108
97
116
109
109
101
113
94
102
109
97
110
92
86
106
95
99
106
98
116
110
101
88
101
99
88
110
101
89
99
79
86
97
89
101
95
102
89
102
91
95
102
101
92
103
97
106
96
97
84
102
78
96
95
98
90
98
90
97
79
93
93
107
83
99
93
98
102
75
96
87
98
100
88
105
93
100
90
95
104
71
94
87
105
88
81
73
91
89
86
93
86
84
94
83
100
96
91
84
90
104
97
83
97
91
96
103
93
102
95
102
89
91
79
96
84
86
88
80
71
92
78
87
86
77
85
79
90
81
80
76
91
83
88
98
101
88
86
103
87
83
100
96
101
104
81
72
82
101
95
88
98
103
101
103
94
110
81
98
96
89
24
62
56
78
45
48
9
28
43
34
32
42
45
70
80
76
68
89
80
76
90
73
91
94
98
101
98
90
93
67
56
78
68
97
96
84
72
81
67
76
62
94
82
90
79
92
95
86
74
84
89
98
82
97
92
93
76
98
83
92
83
93
75
75
94
103
103
90
96
87
104
105
95
85
90
104
93
87
78
102
84
95
90
97
80
94
99
106
104
113
113
115
96
103
111
107
104
115
95
83
111
103
94
89
102
100
92
93
97
102
90
93
98
81
97
90
100
82
90
90
84
90
93
84
73
97
73
99
85
100
89
79
99
90
90
76
83
93
88
87
83
65
88
91
95
84
87
91
99
94
95
98
94
79
90
98
90
98
92
98
94
105
98
84
93
104
97
110
94
97
105
102
98
104
97
93
105
106
107
105
108
102
119
105
107
106
103
94
96
97
99
86
92
97
79
96
89
93
89
100
90
93
98
107
87
87
93
93
85
106
94
90
100
92
84
106
72
98
85
93
88
102
90
100
88
61
67
81
101
90
99
87
92
94
79
83
96
94
100
78
92
65
83
97
55
97
71
85
87
82
89
85
90
68
75
89
74
101
90
78
87
87
91
97
82
113
100
104
93
105
100
90
97
107
94
98
83
101
69
73
63
25
90
54
46
107
21
30
4
2
24
34
25
44
43
51
50
62
60
67
68
22
30
36
14
48
34
52
69
4
17
22
26
27
43
21
36
13
29
40
11
25
7
17
27
35
37
55
52
65
59
75
80
80
97
89
96
106
99
83
91
96
85
96
80
92
94
87
87
85
88
106
103
107
95
110
121
111
108
99
96
79
102
83
99
85
82
91
78
82
84
84
71
90
86
85
91
82
94
77
84
92
93
91
90
96
97
68
95
95
104
111
108
90
99
116
94
88
96
98
87
93
103
94
87
94
106
98
103
116
94
102
113
97
108
101
113
111
112
110
111
108
101
108
106
108
105
108
112
101
99
111
88
100
109
103
92
106
72
84
97
96
101
85
104
99
115
100
109
96
102
120
107
111
97
105
84
114
103
79
86
86
91
92
89
99
94
98
103
85
80
80
88
97
92
87
92
79
92
90
90
88
91
98
101
90
77
94
86
93
92
83
77
101
76
88
98
89
103
102
113
114
108
113
105
97
110
101
108
114
86
95
106
93
94
87
95
86
98
90
105
90
80
97
87
88
94
85
92
93
85
100
93
89
98
93
110
96
106
96
97
79
93
96
89
91
95
89
93
82
98
83
96
101
99
99
105
97
85
105
95
94
104
101
94
108
95
99
93
95
95
103
105
65
105
81
78
90
99
87
92
68
47
16
75
56
86
39
40
30
3
2
3
2
8
21
35
15
33
24
28
27
12
21
22
30
42
51
50
64
64
74
71
88
93
96
108
96
82
110
97
98
109
102
95
111
107
108
107
90
97
83
95
79
72
82
85
100
92
104
101
128
113
129
133
125
140
122
117
131
120
116
94
108
85
95
75
92
94
89
106
88
92
87
104
96
83
96
89
80
87
97
95
90
93
95
90
95
102
93
110
95
99
103
103
92
102
81
94
96
90
95
91
98
89
88
102
93
87
97
87
96
90
95
97
101
93
99
94
89
100
103
97
106
99
110
99
140
133
142
132
140
125
129
132
132
94
103
101
101
99
107
96
112
103
109
119
104
111
123
112
105
103
77
95
82
109
92
67
95
73
87
83
104
120
100
103
90
95
63
76
76
88
88
75
96
83
93
95
85
90
101
98
91
104
100
102
102
97
106
105
94
104
96
101
91
92
101
111
110
112
100
113
102
114
110
107
115
111
114
100
112
101
115
98
107
94
110
111
111
104
97
110
104
80
59
38
73
61
104
27
51
14
112
5
20
22
35
40
48
45
48
55
60
67
74
67
86
73
70
80
85
100
102
89
93
95
90
83
69
89
84
98
94
90
94
99
92
103
89
107
104
102
93
103
108
97
105
91
92
84
99
98
98
97
102
95
101
81
93
87
96
82
92
93
88
91
87
94
94
104
103
106
108
103
101
102
110
97
116
100
106
100
107
99
101
108
97
105
104
102
104
94
106
97
108
105
100
91
84
95
99
89
96
81
58
16
87
51
67
42
30
73
7
24
33
51
43
61
60
71
72
80
81
88
100
94
100
80
92
76
63
99
42
14
79
101
31
50
7
20
31
28
45
47
59
61
62
74
63
80
79
72
91
93
72
82
52
64
92
36
23
71
45
82
12
4
13
11
22
31
34
50
49
67
58
69
75
74
87
85
104
98
101
17
67
23
93
79
54
44
32
81
7
5
17
16
38
25
24
40
51
50
68
78
78
94
67
88
85
85
86
95
94
94
98
87
88
88
92
100
80
96
106
100
99
90
99
98
90
94
90
19622
19587
19582
19605
19605
19584
19605
19593
19617
19610
13
23
42
44
70
68
76
72
44
58
59
55
117
135
130
102
118
17
40
127
20
22
4
19
21
29
34
51
69
66
62
66
59
63
63
71
87
89
100
84
76
64
55
62
89
40
64
82
81
28
68
38
16
44
79
4
2
27
14
30
29
47
44
53
56
77
79
74
91
93
91
102
98
101
102
109
108
93
121
133
122
122
114
105
119
126
92
118
108
77
93
99
97
92
108
79
98
107
83
82
84
87
88
91
100
98
108
105
120
100
119
104
111
102
107
105
103
110
111
104
111
102
107
90
71
115
93
105
94
107
93
103
90
82
81
95
96
102
94
81
92
86
75
88
79
85
92
78
86
94
90
84
50
81
84
80
61
68
48
86
64
92
88
103
106
118
107
121
88
121
104
84
100
97
94
83
83
96
99
101
83
91
100
99
94
108
112
100
104
105
101
105
112
104
109
101
107
103
103
100
100
91
97
102
99
80
87
105
91
98
93
104
90
115
82
102
110
104
106
111
118
107
101
96
97
85
92
94
100
103
91
98
94
90
99
92
88
95
94
76
90
86
88
90
85
96
88
82
92
92
88
92
96
87
95
89
97
93
100
99
105
100
109
101
110
104
108
96
108
97
84
99
107
81
69
95
96
90
79
91
71
97
106
97
89
90
103
94
83
98
91
100
92
99
89
86
96
89
103
92
94
90
102
93
102
98
102
100
87
89
73
90
85
96
86
72
99
89
106
92
103
19
47
86
29
39
74
59
61
95
8
5
7
4
4
8
4
7
16
25
23
29
56
57
51
60
59
59
62
54
59
37
56
41
60
5
7
3
7
4
17
18
36
50
62
53
73
73
90
88
90
97
111
104
93
83
119
104
117
122
108
118
118
106
84
105
107
94
99
100
93
117
99
123
109
117
117
105
120
104
109
100
107
111
115
114
115
124
108
116
114
108
106
103
109
110
105
105
92
102
106
94
107
118
116
105
111
115
120
124
108
78
121
102
91
67
106
86
93
100
89
98
97
120
103
116
102
116
116
116
105
101
112
99
121
103
117
102
118
103
119
108
116
105
104
110
103
111
109
101
111
106
87
103
106
100
90
108
90
95
87
102
91
68
89
90
84
97
89
90
95
95
88
94
85
98
95
108
98
97
104
90
93
112
82
0
96
86
89
98
85
98
85
92
74
88
80
89
73
85
90
98
92
89
101
103
90
93
104
97
105
100
95
104
95
113
94
105
64
82
75
81
92
85
91
98
84
97
91
88
88
101
95
97
80
92
97
87
98
85
99
85
88
93
79
80
93
63
86
89
98
98
91
100
87
88
81
92
92
93
102
96
78
73
91
95
85
80
88
96
95
90
84
84
100
90
93
100
84
97
91
99
89
90
104
90
91
95
102
103
108
114
107
126
123
124
126
123
104
106
110
123
112
98
106
93
97
90
100
110
111
102
112
100
117
108
104
105
121
95
103
84
69
108
65
60
81
66
86
74
60
98
88
89
88
82
96
89
86
82
81
86
93
99
91
84
95
99
112
93
97
109
121
115
106
123
121
123
116
110
127
111
122
117
124
111
109
130
112
104
109
106
113
121
102
115
101
109
103
102
85
105
99
105
98
86
106
107
97
114
89
81
99
110
109
84
115
91
96
66
92
67
98
83
88
93
109
109
53
91
89
24
79
43
68
55
4
12
13
3
12
20
22
45
46
54
59
53
56
76
74
81
93
85
95
111
95
97
25
73
57
96
88
93
39
44
79
106
66
88
81
68
60
95
98
115
112
118
121
104
35
61
58
87
91
95
23
15
24
45
45
64
63
67
59
70
89
93
87
103
104
84
64
88
87
95
97
108
116
108
89
107
85
87
103
102
99
98
88
83
104
90
106
103
105
100
108
106
98
108
88
91
105
91
102
91
101
95
89
84
105
92
100
106
85
97
104
102
90
80
91
89
99
91
96
78
92
103
96
96
108
96
101
96
106
83
75
95
104
94
83
82
94
95
76
87
73
76
75
92
81
88
96
97
86
90
64
68
68
79
88
100
84
86
98
99
85
95
88
104
109
106
110
90
103
109
105
105
93
89
95
106
98
103
93
100
100
93
109
95
105
88
95
97
98
88
97
56
72
86
48
103
28
40
85
61
