47
46
64
29
77
98
118
99
134
132
154
154
138
144
137
124
116
129
113
127
114
128
125
123
134
140
135
131
145
131
149
148
153
161
157
148
149
151
145
138
134
130
128
121
118
117
115
115
110
110
113
114
113
121
115
127
134
149
139
118
138
155
142
150
140
123
122
146
130
120
134
103
107
110
109
104
106
122
114
141
122
143
136
144
129
123
98
94
78
61
60
48
132
10
30
36
36
49
68
68
87
87
99
116
111
117
122
116
117
111
123
118
132
113
134
126
131
131
127
121
127
129
129
131
124
115
131
129
140
142
122
127
120
134
114
115
115
132
117
117
121
114
128
112
136
145
112
136
127
122
122
116
131
124
115
114
127
124
128
114
102
124
114
115
124
119
121
117
120
111
123
120
130
142
128
120
127
121
128
99
87
105
120
117
99
115
99
86
113
105
91
95
118
99
119
122
117
109
114
101
101
100
105
84
82
79
99
95
121
84
109
95
89
78
96
97
111
100
97
93
113
117
92
102
99
99
103
111
112
116
95
109
116
113
105
98
117
123
113
122
117
109
106
115
94
93
96
110
96
109
97
107
100
108
99
95
112
96
107
106
93
107
113
123
109
125
122
127
116
133
129
113
125
112
87
108
95
93
101
101
98
102
93
104
102
111
87
104
94
95
82
88
91
76
79
83
83
93
87
79
92
103
71
83
90
77
86
76
78
96
89
75
91
74
94
84
78
75
96
78
92
86
68
85
80
89
72
88
83
79
83
89
77
87
77
84
77
73
86
72
75
72
67
82
85
79
88
65
81
73
83
75
77
78
89
78
73
71
89
93
81
88
79
87
80
84
80
78
75
79
79
92
82
92
85
92
97
86
102
102
108
100
89
100
94
101
100
89
102
94
102
91
97
91
101
79
93
97
86
99
87
84
91
76
84
84
84
93
87
92
81
90
83
91
69
97
80
87
80
81
71
88
76
71
77
86
79
4795
4789
4801
4786
4803
4798
4809
4796
4811
4812
94
104
91
90
80
95
74
73
92
90
85
83
72
89
78
78
91
75
86
77
91
106
89
107
104
102
95
109
79
79
108
84
71
92
75
58
86
80
83
86
86
100
83
98
81
102
109
100
108
97
2442
2433
2452
2429
2429
2426
2423
2416
2417
70
62
2438
10
32
24
41
43
94
114
94
117
114
173
168
174
182
193
142
159
136
148
130
113
126
119
109
115
100
110
102
89
103
103
94
102
90
101
90
101
94
105
91
94
80
100
98
86
95
84
91
86
77
79
81
80
92
82
95
90
91
82
97
93
87
99
87
99
87
99
89
90
90
101
95
99
94
99
93
98
92
97
92
99
95
90
93
97
90
97
91
95
76
87
94
88
84
76
90
87
82
89
85
79
72
87
83
85
85
96
86
97
91
101
88
99
93
115
113
108
109
115
109
114
109
113
92
86
93
97
84
92
75
82
89
84
95
88
92
87
98
89
89
89
101
94
99
80
93
98
86
99
87
98
86
97
86
89
89
100
93
99
93
98
91
93
88
95
93
87
90
95
93
98
92
101
93
97
91
101
87
98
93
98
93
99
92
99
94
98
94
88
92
97
92
98
92
97
91
98
92
102
88
100
94
91
79
96
96
85
96
89
85
78
90
89
74
83
79
88
86
96
90
93
93
85
91
97
94
101
86
99
87
99
93
103
89
100
94
98
93
97
92
87
90
96
90
95
89
95
93
97
91
100
87
96
93
87
91
95
89
96
85
98
88
98
92
102
89
100
95
99
94
99
93
96
77
90
96
83
95
84
95
84
99
87
89
89
99
94
89
92
97
91
97
92
96
87
99
93
102
89
101
94
99
93
99
93
99
97
99
94
99
93
99
92
98
92
97
92
96
92
87
91
90
96
94
91
89
88
95
89
99
85
97
87
98
92
101
87
100
93
102
94
101
95
100
94
99
97
99
93
97
90
96
90
97
87
89
76
96
90
80
93
82
94
83
84
75
89
96
87
97
85
98
87
95
69
85
92
87
97
86
85
97
85
95
68
91
85
96
92
80
84
95
84
87
85
96
86
97
91
100
90
86
86
83
98
87
97
92
83
85
101
94
96
77
104
91
85
95
88
90
83
90
81
85
92
81
86
97
85
98
92
102
93
98
93
103
90
100
95
106
92
96
102
86
97
102
108
105
98
115
105
126
124
139
120
111
103
118
84
126
116
137
132
120
95
105
112
99
102
96
82
98
20
65
63
64
66
62
60
60
59
60
61
100
10
18
10
51
28
41
60
76
91
107
124
137
138
125
166
154
167
148
149
133
166
173
144
168
178
172
161
161
170
118
110
59
59
63
66
63
126
127
57
34
36
33
32
55
83
72
105
103
119
103
104
137
137
137
127
132
112
130
105
108
108
98
115
107
103
98
98
89
98
91
82
98
92
112
91
91
75
78
63
104
100
106
106
71
75
76
106
119
134
135
148
121
168
199
190
192
179
192
183
158
166
138
154
107
112
119
122
107
125
112
127
119
126
130
127
113
128
123
125
116
105
123
125
134
113
128
114
121
96
112
118
106
123
115
116
130
129
117
118
118
142
127
142
121
145
138
132
133
126
128
114
110
122
107
139
125
130
113
126
90
108
115
110
115
109
122
107
123
113
125
115
119
127
122
101
108
108
85
109
99
80
96
64
82
89
101
69
189
190
175
189
102
152
217
131
132
155
115
128
127
135
116
120
118
132
121
100
93
80
67
107
120
64
95
78
63
62
78
62
91
99
99
116
112
98
112
103
99
132
139
106
123
129
129
123
144
143
115
144
122
115
114
118
106
109
95
89
104
94
109
108
109
98
91
110
104
120
99
114
97
107
100
113
125
105
113
106
121
108
125
109
123
107
109
102
107
99
104
107
99
110
100
96
103
113
109
77
74
66
58
51
38
42
102
90
41
40
109
109
127
145
128
138
165
156
166
164
111
100
109
107
117
85
110
90
89
103
96
84
96
94
90
93
98
102
86
95
95
100
119
111
106
116
109
106
121
115
128
102
119
103
114
109
126
118
114
120
115
103
105
120
116
92
107
111
100
103
117
104
103
93
98
91
90
99
90
97
92
93
81
110
101
113
108
104
103
114
113
103
99
98
98
89
109
104
98
96
89
107
101
89
101
82
99
103
96
104
86
103
97
105
93
105
82
97
101
89
103
92
107
101
99
104
97
94
104
112
103
87
110
95
84
99
107
105
104
93
105
86
99
104
98
99
111
105
108
114
115
106
121
111
122
120
121
117
118
120
93
117
103
104
102
113
100
115
102
117
102
118
118
124
113
111
103
108
104
111
105
113
92
110
96
111
103
106
99
105
102
103
85
104
102
114
95
105
99
108
100
107
99
98
105
104
97
104
88
107
95
111
104
117
102
119
113
123
110
116
107
92
106
115
118
100
100
0
114
98
118
99
111
103
112
109
113
111
116
113
115
111
94
111
104
110
97
109
94
105
93
109
95
112
103
110
107
110
105
117
110
118
109
122
112
108
126
122
112
96
110
118
99
109
82
102
103
95
105
95
112
112
119
111
117
115
113
105
105
111
100
106
85
107
88
106
91
104
92
109
96
116
100
113
106
114
105
113
106
114
106
113
106
114
107
114
107
115
106
113
107
114
106
112
105
113
105
113
105
113
106
114
106
115
108
115
108
106
113
110
103
109
101
106
98
103
101
105
94
107
105
109
106
107
104
102
108
96
103
88
81
90
86
97
90
112
110
118
117
136
127
131
121
129
111
113
106
114
107
113
105
113
106
112
106
106
114
109
103
100
107
106
99
106
98
99
101
101
98
105
103
95
102
101
99
102
98
104
95
98
100
93
101
97
94
79
100
87
9876
9882
9907
9893
9923
9913
9939
9926
9943
9942
160
139
173
142
154
160
153
148
154
152
127
139
94
113
88
100
108
119
117
122
112
132
115
120
107
92
91
109
103
113
111
98
118
112
120
127
121
117
124
123
137
122
127
116
133
109
122
121
115
121
113
129
106
122
101
98
118
113
105
113
107
148
138
135
146
147
153
148
136
142
91
100
88
95
83
90
80
78
73
90
90
85
91
88
94
92
97
94
91
91
102
96
102
90
102
89
101
99
89
97
92
97
92
94
95
92
94
85
106
96
106
97
105
100
109
96
112
106
101
88
99
88
109
119
118
106
117
113
108
95
80
113
87
80
89
98
85
94
89
92
95
97
103
109
101
102
111
108
103
115
110
103
103
86
93
89
98
86
101
99
92
105
97
97
96
103
111
111
99
105
92
89
101
104
97
97
102
89
100
91
104
94
95
97
99
93
106
119
99
116
116
133
122
129
119
129
101
105
104
105
96
103
89
101
94
102
97
106
94
107
106
99
103
110
98
115
99
111
107
98
108
101
92
105
105
86
74
92
90
85
96
95
84
83
87
94
83
92
71
94
81
82
87
95
89
87
69
85
80
94
77
88
78
90
78
89
77
89
78
89
78
89
77
90
78
90
79
90
80
90
84
80
85
89
88
84
71
88
76
93
97
86
92
83
75
73
90
91
84
81
89
73
84
77
87
84
97
93
81
90
92
93
108
97
113
103
115
108
118
111
109
95
107
94
105
102
111
103
97
99
92
100
96
100
95
100
83
91
109
99
106
97
101
82
97
103
83
102
95
100
107
95
108
91
106
84
99
101
88
99
87
91
85
95
105
102
109
104
87
99
99
94
91
99
90
104
91
106
86
87
103
104
91
95
102
97
101
96
95
96
106
113
119
124
98
102
99
101
98
102
98
105
99
86
97
97
85
100
87
101
88
102
83
100
100
110
109
107
94
107
93
92
87
107
95
104
91
108
95
105
84
91
95
93
85
99
77
84
96
85
81
82
98
102
91
99
91
100
104
97
106
96
87
98
85
96
90
91
102
89
102
82
83
103
109
100
104
91
104
91
103
86
103
84
97
92
99
96
92
97
93
97
93
94
93
107
98
104
100
96
100
96
92
108
100
109
97
110
101
106
99
116
86
109
94
104
92
105
92
105
84
91
92
92
127
127
114
116
128
125
106
127
130
98
111
99
96
87
102
105
91
104
94
99
94
97
92
91
92
104
85
91
97
92
98
95
82
100
96
99
80
79
92
78
76
90
74
83
89
81
68
88
84
96
86
97
90
101
88
105
98
106
94
106
93
106
93
106
93
106
93
106
93
105
92
105
93
106
95
107
95
109
95
95
107
105
91
102
89
101
81
87
90
89
81
94
78
96
95
88
87
87
106
98
101
71
90
95
87
91
99
88
100
96
103
86
104
100
108
101
106
94
106
93
106
94
106
93
106
92
93
106
104
103
109
98
112
99
99
112
109
101
111
99
86
92
87
90
87
95
88
90
86
101
100
103
98
92
105
103
90
103
90
101
90
102
88
82
91
94
79
93
87
78
84
80
82
84
86
99
90
77
95
78
90
91
87
101
90
105
110
93
107
88
107
101
105
100
108
102
106
87
93
98
94
97
92
96
93
98
93
92
100
105
103
98
104
108
95
107
96
108
96
106
100
103
88
99
99
96
100
95
99
93
97
92
91
106
100
101
105
103
112
100
113
103
112
100
102
97
105
99
101
89
89
103
101
89
103
92
104
93
107
94
107
104
108
95
94
108
105
91
101
91
105
104
103
97
105
96
107
101
109
99
105
86
92
98
93
97
92
96
92
98
89
93
90
97
96
90
100
95
94
109
108
113
106
118
106
113
103
112
118
104
102
98
101
97
101
95
100
108
100
107
96
101
82
95
103
89
92
104
102
82
91
97
78
96
90
77
92
84
97
77
95
91
101
85
88
99
96
82
98
84
97
85
81
98
96
96
106
106
102
103
99
105
100
110
104
103
119
109
113
99
102
98
104
83
97
98
111
105
116
106
110
97
110
93
112
111
107
95
105
100
110
96
109
95
107
95
108
95
108
94
92
105
103
91
87
101
101
87
87
99
88
97
103
94
104
103
104
98
105
98
109
108
88
102
93
100
95
96
100
98
89
104
94
106
97
77
92
87
95
97
83
99
91
98
90
107
100
107
106
102
115
105
102
108
88
104
102
106
93
97
77
93
89
91
93
108
96
103
89
102
84
102
102
112
117
100
101
108
102
98
103
107
94
107
96
102
98
99
82
106
106
97
102
98
102
98
102
97
94
95
107
94
107
94
106
93
106
92
105
92
105
92
104
91
104
91
105
92
106
91
93
105
99
105
100
104
100
103
98
102
97
112
107
103
92
104
93
105
94
105
86
91
98
94
98
93
98
105
98
80
92
100
95
100
83
96
103
90
104
98
100
95
98
95
76
97
93
96
76
91
92
68
79
73
92
82
89
86
85
96
87
87
88
100
83
101
100
111
103
110
97
109
95
108
96
108
101
106
102
98
105
101
88
103
91
104
93
103
97
99
90
107
101
107
94
89
104
82
94
89
94
90
94
91
103
92
108
109
106
93
92
85
92
105
87
92
88
93
90
90
94
95
111
101
108
85
99
102
91
97
89
100
96
91
95
80
81
88
96
99
87
93
94
75
87
91
93
83
92
90
90
100
94
98
92
107
65
85
89
85
84
94
83
94
91
92
91
103
92
103
92
103
97
104
87
113
85
100
97
99
91
87
93
89
86
87
103
97
97
101
96
119
99
109
100
104
100
88
103
99
109
89
83
89
66
76
83
80
91
97
85
95
92
106
87
88
106
93
107
94
98
94
82
99
79
81
98
85
99
85
94
106
98
104
84
85
107
117
111
114
110
115
103
114
81
99
89
98
94
93
99
98
94
99
86
98
79
99
98
102
107
111
99
111
92
98
101
98
110
115
110
98
96
93
85
86
96
75
87
75
76
75
75
75
75
75
70
75
62
73
63
60
72
68
56
65
61
69
65
73
75
80
80
83
83
74
82
74
76
71
70
69
74
66
70
73
79
76
78
79
78
81
72
81
68
80
67
74
81
75
74
74
74
73
72
71
68
66
62
66
68
57
67
62
64
60
68
65
71
62
70
64
64
60
70
64
72
63
75
65
69
68
56
63
65
49
61
60
59
57
58
57
63
63
73
62
59
66
67
68
69
63
60
109
128
123
142
130
149
146
164
178
162
122
141
139
127
58
135
156
139
150
146
132
137
156
136
149
138
116
114
132
124
116
128
89
95
106
100
95
97
102
94
88
106
104
94
107
98
106
94
101
93
108
82
102
84
73
97
92
82
92
84
91
83
87
91
73
84
83
88
86
92
92
90
103
105
97
105
105
111
94
107
100
106
91
102
96
90
102
100
92
95
88
98
85
99
87
105
102
113
107
118
116
115
107
115
107
108
100
97
91
102
95
103
101
101
99
102
100
101
99
97
100
97
94
98
96
93
96
77
99
85
88
102
102
87
89
101
98
90
82
65
85
67
72
65
80
85
75
88
84
102
98
111
102
105
102
100
98
83
101
99
105
91
110
95
96
188
173
187
581
591
589
600
596
588
526
517
155
145
139
111
125
129
117
122
108
123
106
120
89
94
105
104
114
119
95
117
114
91
99
93
113
106
83
120
99
129
119
127
127
126
125
124
83
83
101
129
113
111
113
108
113
101
109
107
124
113
111
99
109
101
109
107
112
93
111
104
117
101
99
102
88
117
103
100
116
106
115
93
89
94
91
89
89
101
103
99
89
97
83
89
104
98
101
106
101
93
109
108
111
110
112
108
99
106
98
97
89
80
87
67
67
73
69
69
75
67
73
65
71
70
67
60
56
78
79
78
76
82
78
84
77
84
67
74
64
61
73
71
86
73
85
72
79
92
85
100
76
86
88
82
69
84
85
79
93
82
80
73
80
84
84
71
85
78
81
79
86
70
85
88
95
102
95
96
90
100
89
100
93
97
96
99
88
95
96
78
85
84
72
90
89
79
92
81
90
78
95
86
87
88
95
78
89
81
75
92
85
78
84
83
88
91
78
87
81
81
95
75
87
98
84
98
91
87
95
96
85
81
80
92
87
86
83
80
68
80
70
83
85
74
86
77
77
75
92
84
69
84
80
83
90
72
80
92
81
93
95
77
89
82
83
82
79
92
63
82
86
81
90
89
87
81
70
70
88
88
85
91
91
89
91
91
101
93
93
94
88
87
92
89
90
96
93
87
92
90
100
95
91
97
95
96
83
78
95
81
94
73
83
82
79
80
84
73
78
85
83
97
94
87
94
92
81
73
88
91
82
81
85
82
89
88
94
77
95
96
93
80
98
94
87
83
91
85
91
79
90
72
73
93
86
94
83
92
82
92
78
93
94
76
88
87
89
78
93
85
87
70
78
72
78
79
87
87
76
89
77
76
75
93
87
100
87
89
86
87
85
71
85
71
77
75
70
78
76
76
63
78
69
77
92
79
77
84
96
85
89
86
81
82
74
82
89
91
74
79
70
85
77
90
86
81
93
87
98
91
93
87
93
91
81
92
97
88
94
106
94
97
87
106
90
100
91
91
96
107
96
90
105
99
90
98
102
85
115
102
100
123
116
106
125
118
111
112
128
89
140
109
103
89
93
93
102
93
89
101
87
103
95
87
91
107
80
99
87
95
90
74
77
92
84
84
93
85
110
99
104
93
98
106
92
101
117
116
101
118
100
90
99
116
89
105
97
98
100
104
101
103
95
81
95
107
100
90
107
103
96
104
102
104
96
98
108
102
107
90
112
94
109
99
113
97
111
93
93
108
106
107
83
115
105
87
90
105
97
91
100
78
96
91
91
100
95
103
111
112
96
104
98
90
108
105
94
110
107
94
91
93
108
89
97
98
104
99
111
112
96
90
100
109
105
118
117
112
111
88
104
111
98
106
88
92
87
101
95
86
77
86
93
100
87
103
100
79
93
111
105
97
92
102
105
109
95
88
97
106
105
88
95
85
105
96
105
92
81
100
86
90
101
92
101
97
103
101
105
106
122
110
91
107
108
93
100
117
104
107
107
84
103
101
93
101
93
102
94
86
97
113
96
94
91
110
93
77
99
96
102
100
82
100
111
94
89
102
87
93
104
84
107
93
100
88
97
93
103
95
106
93
94
78
105
107
107
99
101
106
103
101
86
119
106
104
88
89
104
83
101
90
92
98
87
92
96
109
72
107
90
86
97
89
97
95
99
110
85
95
97
76
96
94
85
86
100
96
94
100
91
94
106
109
111
79
92
100
85
102
99
116
113
123
103
105
88
127
114
80
93
103
85
86
102
86
94
107
103
95
105
97
96
88
100
88
83
97
99
90
106
102
112
93
100
115
101
108
102
105
121
112
107
108
100
92
100
103
102
94
90
93
104
106
102
104
85
108
105
79
106
88
94
74
81
80
89
88
88
95
86
90
98
99
97
112
100
103
105
118
123
108
108
123
121
96
95
94
114
103
101
98
100
102
102
100
106
98
84
97
104
106
95
95
98
96
112
114
96
85
104
97
105
88
96
107
108
86
104
101
86
94
92
101
86
98
90
97
83
99
92
98
99
91
97
114
95
98
110
97
95
97
95
83
90
97
99
100
99
114
103
103
101
115
104
90
114
91
88
100
93
99
97
104
101
107
104
107
104
92
107
109
117
100
117
99
115
99
110
95
104
96
102
99
99
96
96
77
94
100
86
84
87
101
83
97
95
99
93
103
100
100
92
104
91
90
91
100
97
101
97
104
101
105
103
106
103
109
106
111
105
85
101
103
107
106
98
81
99
101
91
93
107
107
85
108
87
82
87
88
89
94
109
101
102
103
105
99
108
119
92
114
111
85
94
107
85
107
93
100
88
96
91
82
99
92
96
80
78
85
96
100
92
102
94
110
96
111
96
105
96
101
99
92
101
98
96
103
100
106
103
93
111
107
114
101
113
98
117
98
106
93
90
98
98
116
99
98
112
91
114
94
100
87
98
94
104
100
98
98
97
112
100
96
98
97
94
81
95
97
91
93
108
99
101
102
103
94
87
108
100
83
95
103
98
110
105
111
82
97
80
81
89
98
86
88
92
103
88
94
90
89
97
98
90
86
93
102
115
100
116
103
98
106
120
95
104
112
91
102
104
110
84
102
94
83
88
88
93
91
98
89
91
102
107
113
101
73
108
89
95
87
104
104
90
109
104
89
96
94
84
103
95
87
89
104
80
102
98
89
76
103
102
93
84
95
104
96
94
108
94
94
104
97
101
93
106
96
108
95
111
97
93
101
101
112
99
115
97
92
108
84
74
74
91
103
95
78
93
95
93
91
76
101
86
81
91
93
109
108
114
105
106
97
107
94
102
94
101
98
102
98
97
81
100
88
104
91
87
92
76
81
76
90
57
60
55
70
94
96
81
99
99
88
69
76
77
92
92
103
90
100
91
102
102
93
101
93
107
103
112
109
126
118
132
124
116
121
117
127
109
121
127
122
116
113
136
126
131
102
122
105
112
106
114
112
110
109
102
112
110
111
109
115
115
119
116
108
118
111
111
104
111
105
109
106
97
111
100
105
111
103
103
105
103
96
108
95
103
111
99
114
108
114
119
112
119
119
114
115
106
110
116
107
110
102
105
125
118
119
107
115
115
109
119
130
124
114
92
100
97
97
94
104
103
82
91
87
97
90
87
95
93
22792
22783
22799
22815
22808
22849
22845
22873
22869
149
22873
158
141
149
135
117
107
108
105
99
103
101
133
116
125
117
128
110
121
78
111
109
101
125
112
118
133
136
124
128
126
125
114
94
79
105
89
100
91
97
96
101
99
99
115
89
89
90
84
71
98
82
96
82
103
103
97
83
109
103
96
115
101
111
95
114
99
98
97
98
105
95
93
82
92
77
80
88
86
93
94
83
101
96
89
88
99
105
110
96
111
96
112
110
118
97
121
106
100
117
103
98
118
106
111
87
105
108
95
99
88
97
80
98
97
90
93
98
99
111
94
105
94
104
102
104
106
84
120
107
98
90
94
101
104
92
107
92
111
109
110
118
104
103
108
106
82
87
106
90
99
98
88
100
91
109
95
96
118
106
90
100
115
100
94
84
86
99
91
97
103
104
106
99
111
96
116
116
121
111
105
98
104
103
85
99
107
111
97
103
83
90
97
89
89
95
100
88
104
96
107
101
110
107
109
105
112
109
114
106
112
111
115
106
120
112
119
115
116
113
113
116
113
91
106
111
97
116
101
110
94
116
101
103
101
106
114
107
92
109
116
95
108
97
95
109
111
79
97
105
98
109
95
108
95
112
97
98
100
106
89
107
115
99
113
101
117
99
102
117
101
90
99
110
94
90
93
114
100
96
100
83
106
98
112
97
113
113
120
110
116
106
108
101
102
103
119
99
112
118
106
124
110
118
105
105
92
111
94
108
100
109
106
119
112
112
110
112
104
111
104
106
92
104
101
96
106
103
83
73
69
60
55
44
94
84
