52
16
14
14
46
12
23
36
29
27
63
21
45
44
74
16
310
289
87
279
356
82
65
11
354
529
500
496
557
428
537
529
581
544
460
557
452
477
465
430
404
404
375
347
346
275
375
560
382
404
352
377
407
309
256
404
433
377
106
391
179
219
362
400
288
141
18
114
165
163
191
198
200
185
269
351
424
481
287
295
425
541
476
640
547
356
685
658
671
622
613
652
608
333
344
416
389
413
379
438
352
322
342
368
401
358
392
355
382
358
387
323
363
405
347
384
331
377
336
382
202
336
230
306
278
323
283
323
249
266
305
291
230
296
311
340
294
388
335
345
367
346
345
418
399
438
374
324
306
241
167
277
78
374
395
144
105
11
14
38
33
87
93
53
98
45
42
82
30
17
23
20
60
16
72
36
48
40
67
15
47
38
15
74
85
44
94
82
111
97
112
149
167
160
154
198
188
195
239
237
226
253
235
256
214
208
244
259
275
241
199
68
178
126
256
36
220
262
88
208
33
57
59
56
74
32
102
107
81
27
110
85
15
11
53
56
74
98
93
113
110
102
112
134
131
188
186
190
186
194
190
157
184
207
204
234
204
248
229
211
211
243
234
247
220
252
236
213
248
226
210
233
212
261
244
238
143
131
20
45
172
139
229
69
190
21
47
42
64
43
60
42
44
58
16
37
35
70
69
85
118
121
133
184
152
173
169
219
207
97
124
147
194
75
199
202
34
185
103
7
25
22
6
8
14
13
76
74
86
76
106
104
135
137
159
156
152
188
185
192
218
201
220
215
212
197
206
207
213
204
207
170
191
256
206
235
218
244
162
206
227
183
246
188
210
211
228
220
266
230
229
278
119
274
247
179
221
63
88
120
207
9
25
21
8
28
20
36
32
28
22
50
49
114
113
134
86
125
75
144
150
147
230
214
181
229
193
230
234
258
73
146
181
251
102
43
59
141
166
7
9
7
9
45
27
55
39
14
19
33
46
7
17
38
41
40
66
87
81
37
33
40
64
16
34
57
43
55
42
22
25
56
83
111
125
98
95
113
154
131
150
149
152
153
145
116
157
202
203
213
190
163
170
222
182
180
188
206
208
157
173
146
116
118
85
114
89
114
18
45
41
52
41
59
86
86
101
105
61
87
113
117
136
147
147
112
144
173
171
148
164
143
154
150
173
98
147
131
128
163
154
174
173
175
189
178
172
182
189
177
209
163
136
167
170
154
172
113
156
151
146
183
150
184
174
196
160
162
187
199
154
171
194
171
177
161
162
162
177
188
185
172
196
126
193
79
71
102
119
88
153
165
4
5
24
19
15
12
73
37
94
79
54
75
79
74
96
80
124
107
122
128
132
111
125
120
101
108
119
127
114
117
29
42
85
31
174
146
15
13
39
24
39
39
13
65
59
71
74
69
68
79
90
93
133
95
68
113
119
104
98
33
88
39
52
78
70
75
63
30
101
125
62
115
126
128
119
88
33
11
15
7
12
32
28
42
55
58
51
65
71
77
36
64
73
48
31
25
43
12
35
55
48
53
82
80
96
94
117
48
53
70
98
102
118
69
41
59
5
13
12
30
48
62
32
21
52
27
47
60
105
129
78
104
108
102
88
115
100
85
150
154
141
124
158
72
53
80
104
114
117
111
132
39
78
50
20
7
5
5
8
37
49
30
48
49
41
53
32
2
6
5
20
25
19
35
54
52
65
69
61
82
69
94
82
104
99
120
94
108
107
130
107
124
120
103
142
118
143
76
32
29
85
111
138
115
63
80
77
106
98
103
143
139
130
136
119
156
130
183
140
165
172
171
154
128
171
154
149
146
139
144
139
162
158
173
155
183
155
175
150
170
155
145
160
163
157
184
158
132
170
166
155
151
169
167
171
188
163
176
180
166
190
177
194
168
189
185
189
175
174
162
189
176
189
185
147
126
144
121
63
172
182
78
150
159
154
118
101
115
130
127
166
167
185
166
168
186
6985
6985
6993
6982
6953
6993
6977
6960
6971
155
139
6959
123
197
196
205
220
266
285
291
261
277
185
202
297
194
118
127
109
110
122
177
148
166
192
178
190
177
200
206
130
120
136
117
144
139
141
157
128
154
146
174
173
159
181
155
177
193
210
165
187
202
183
211
200
187
161
141
214
181
170
157
178
180
169
244
231
169
222
222
150
48
127
217
221
183
5
19
55
58
90
89
115
111
103
107
71
102
111
49
61
77
109
31
92
12
8
13
25
48
63
52
60
47
47
45
47
63
56
6
33
51
40
20
18
37
28
33
48
9
20
46
60
57
70
81
78
74
109
125
129
146
147
139
153
143
132
122
133
143
155
134
121
155
145
137
145
132
113
154
147
164
147
140
127
145
158
135
170
160
148
153
61
89
84
32
98
46
133
122
12
15
68
65
96
113
96
104
80
22
59
99
90
107
109
103
6
20
20
48
46
75
74
101
99
96
113
126
111
141
110
140
130
87
44
103
73
56
12
10
35
57
34
14
10
24
30
40
54
53
57
63
60
55
43
68
35
46
81
18
62
10
26
24
60
78
85
94
94
88
120
117
141
159
146
143
156
155
156
161
125
149
108
44
99
167
76
65
111
90
40
142
8
5
30
11
35
34
7
16
15
18
7
12
13
32
5
5
8
23
18
14
6
37
5
8
9
25
29
40
65
32
50
55
69
71
54
80
109
106
123
127
151
118
144
140
167
169
179
178
172
177
161
185
165
172
190
174
179
187
184
188
183
191
169
169
171
185
188
174
119
87
134
157
50
166
105
69
31
21
7
21
8
29
7
20
18
35
73
73
83
87
98
115
112
137
135
145
128
148
175
161
188
163
181
161
164
169
154
100
137
119
177
125
140
132
32
21
87
77
104
34
34
47
52
60
51
52
56
44
114
129
143
148
118
135
129
139
156
152
177
174
196
170
175
184
188
182
196
173
200
170
193
160
137
43
36
172
97
62
79
161
113
48
41
22
34
30
36
26
20
44
6
16
7
7
17
7
5
4
28
5
5
6
6
7
25
2
30
24
45
60
59
73
76
97
98
120
121
123
120
143
111
85
70
37
92
122
140
117
52
17
30
26
29
36
94
89
119
115
113
111
118
83
44
20
51
110
54
105
97
8
4
18
35
37
44
24
49
30
16
21
24
11
9
20
23
8
45
8
41
48
22
12
17
13
34
36
36
74
83
81
98
101
114
103
111
129
142
125
129
128
119
93
96
82
67
125
110
149
7
5
25
6
5
34
35
25
27
19
16
39
52
74
92
100
97
117
45
67
76
103
58
40
61
10
12
6
14
10
13
13
47
42
59
58
88
89
94
92
88
132
157
154
157
166
180
181
164
152
165
171
155
129
142
165
148
156
139
147
149
132
139
165
124
131
109
106
135
76
39
137
82
46
27
31
25
30
20
12
16
15
51
8
54
64
5
22
7
19
9
5
4
8
19
18
8
21
36
50
67
19
54
33
15
51
35
38
29
11
35
61
57
79
81
77
99
104
110
109
127
133
160
151
146
142
169
120
170
145
153
103
77
140
62
94
121
127
32
8
4
5
46
33
22
62
60
52
89
101
103
120
25
85
56
120
118
124
97
81
78
42
10
29
30
47
30
54
27
48
57
28
7
35
29
10
54
53
41
84
73
92
110
86
106
103
106
100
138
101
134
125
139
158
142
161
156
146
103
127
124
144
148
105
124
101
86
127
125
86
117
104
51
40
86
52
57
68
74
8
5
19
31
25
28
22
27
32
7
4
24
6
6
26
21
42
40
59
97
97
104
106
107
110
111
94
138
122
122
135
147
135
145
115
129
149
141
155
145
142
159
145
149
149
166
138
155
143
159
162
152
166
162
177
175
176
166
188
175
158
142
154
110
171
148
147
143
155
166
165
157
129
144
144
157
139
151
138
149
145
143
155
155
148
156
145
128
142
157
143
136
134
147
152
134
140
131
126
127
89
116
99
136
123
137
129
149
129
123
125
150
152
151
133
134
152
147
153
155
139
152
146
156
140
156
140
158
150
124
143
152
139
154
103
121
56
132
152
46
81
69
91
133
101
26
28
26
38
97
118
114
99
118
126
123
146
104
133
135
144
153
132
133
143
168
147
169
159
149
140
143
131
109
174
77
117
94
123
146
156
73
126
129
117
137
76
79
107
96
99
115
77
90
155
143
158
154
113
166
161
55
25
114
147
73
46
179
15
9
10
54
83
57
73
88
87
108
119
118
139
154
153
137
162
159
154
165
120
149
141
132
152
149
120
144
146
151
131
159
172
156
40
102
62
132
110
78
30
153
15
52
6
21
17
37
36
30
25
20
30
15
15
42
55
49
51
77
78
77
87
65
83
71
95
51
64
61
28
60
6
6
22
23
54
76
60
88
85
111
114
138
132
156
158
159
147
63
94
32
48
86
119
126
8
10
31
32
32
32
38
55
71
83
74
79
77
76
114
111
132
130
155
139
148
149
168
167
159
137
150
177
146
130
141
161
148
91
144
64
78
20
138
17
109
126
47
27
7
18
20
35
34
35
41
64
55
62
82
93
84
87
76
80
103
64
57
26
120
113
30
64
4
7
6
6
5
39
3
7
20
21
40
40
51
21
34
31
25
6
28
51
42
60
60
81
68
71
41
61
68
39
7
24
25
35
31
14
47
11
8
40
38
39
39
58
36
32
58
59
11
6
8
42
65
61
77
90
76
108
111
112
137
115
149
141
137
149
123
48
110
58
99
60
27
140
37
88
5
6
9
8
31
6
7
28
26
37
32
42
17
17
29
6
4
8
21
45
56
36
46
28
42
24
30
20
6
9
5
7
7
42
42
50
63
76
78
101
89
106
112
70
80
29
100
40
95
59
86
47
5
44
44
62
72
65
69
103
74
100
55
85
70
77
105
19
29
41
5
3
19
6
29
10
7
35
30
37
36
66
75
70
72
71
96
92
99
122
131
121
117
162
149
155
118
138
130
135
137
130
134
149
122
146
158
136
145
148
150
141
158
144
120
117
134
125
139
127
143
127
133
52
133
109
104
31
21
83
79
138
68
15
14
34
57
78
77
81
91
92
31
86
61
91
71
82
103
49
80
5
9
31
58
52
61
64
92
96
100
81
127
124
134
123
121
115
119
132
117
129
121
135
134
130
152
145
93
127
91
86
111
69
133
97
134
135
116
144
146
134
106
111
138
137
40
98
133
128
135
70
62
28
94
7
55
53
68
82
70
85
87
124
116
108
147
59
48
32
87
111
70
135
125
4
21
17
34
49
45
85
110
98
111
123
77
110
82
122
137
112
81
70
34
125
105
47
25
74
5
10
7
28
25
27
51
69
76
67
96
64
91
52
21
40
82
94
100
99
96
30
47
65
64
88
84
108
107
131
116
120
121
51
100
79
74
80
108
109
112
68
120
62
95
109
99
121
133
138
137
140
122
142
140
140
137
138
116
132
149
152
141
129
148
132
144
116
130
138
116
126
111
96
71
108
54
25
94
86
97
54
54
126
5
6
31
35
28
62
42
58
14
45
22
18
11
39
54
74
71
83
77
80
107
114
129
106
119
131
17269
17278
17328
17302
17314
17302
17378
17375
242
252
270
243
198
193
176
192
114
119
135
130
123
112
125
131
145
131
136
147
141
152
143
171
151
173
152
160
159
152
151
213
199
208
197
194
205
194
205
179
196
148
137
131
80
59
78
148
118
38
131
47
79
104
37
116
112
73
64
88
88
115
115
145
127
147
147
170
160
175
171
180
169
135
167
150
142
85
88
76
77
80
169
133
91
114
5
7
4
15
33
35
37
46
67
77
81
82
90
72
92
109
114
109
119
113
115
115
119
47
89
66
124
91
22
15
108
40
110
60
5
11
6
15
24
46
49
51
85
76
97
110
108
122
118
125
122
152
141
160
168
166
151
166
160
163
154
157
143
147
122
124
132
136
118
138
150
128
126
125
110
132
126
142
126
129
149
150
146
131
150
118
147
151
148
133
154
114
130
146
142
140
145
144
116
128
134
124
112
101
117
126
114
88
89
134
127
110
131
124
133
122
141
138
135
153
143
143
160
157
139
157
147
143
147
140
145
129
140
139
130
145
133
140
103
118
140
129
137
124
133
148
142
140
120
153
143
143
158
123
133
153
139
147
136
150
141
166
144
138
146
160
143
172
155
174
179
163
177
169
175
159
148
184
163
126
114
130
138
143
147
129
128
139
126
132
103
128
113
144
128
123
111
125
136
119
123
140
136
124
138
126
130
123
119
134
132
109
121
134
125
139
129
127
118
142
132
141
129
111
131
124
142
132
118
135
123
129
104
103
118
123
130
123
147
134
150
130
148
149
174
149
151
145
151
141
154
80
97
67
47
125
142
107
32
66
5
5
6
28
26
35
52
76
75
65
68
91
92
106
94
110
130
131
115
153
144
139
131
127
138
133
146
150
136
132
143
129
96
141
67
33
73
35
137
52
6
24
27
23
44
47
55
68
60
83
109
99
92
100
118
116
122
123
79
28
117
36
95
128
37
106
5
5
16
26
25
32
35
36
58
40
4
7
38
4
4
3
39
36
54
74
65
84
89
86
113
96
62
101
43
91
15
96
74
6
5
10
7
24
32
29
24
40
34
33
46
35
62
51
19
42
47
30
44
48
65
7
38
36
56
74
97
95
100
112
124
126
153
147
151
149
173
149
158
148
153
135
111
121
94
98
35
43
79
133
57
11
12
32
31
41
42
67
43
28
14
51
47
19
5
9
16
20
21
22
53
58
80
93
82
69
102
102
111
134
112
113
111
126
85
124
66
115
104
66
31
77
8
6
25
23
30
21
44
17
40
31
25
35
27
160
182
181
120
230
254
214
124
175
185
200
48
62
46
127
113
22
45
197
4
5
33
15
30
25
30
11
9
20
23
32
41
7
24
10
11
9
38
37
55
28
51
29
22
45
48
26
54
6
4
5
18
43
65
66
83
82
106
96
90
99
71
106
66
41
104
30
19
7
5
24
20
19
37
65
61
36
19
11
31
14
26
69
48
44
59
57
63
78
77
79
78
81
68
72
72
74
75
9
28
29
55
72
71
91
88
96
98
118
115
131
126
134
98
101
117
121
145
164
157
146
168
140
169
170
179
152
132
139
168
140
124
142
140
172
145
158
119
143
103
166
127
120
132
156
138
127
154
140
158
126
105
136
145
138
144
166
154
150
157
124
140
140
143
162
153
152
161
143
160
147
153
141
149
151
152
119
100
137
137
122
140
117
105
124
110
131
139
139
157
147
145
133
135
164
153
141
129
156
149
150
154
150
160
143
117
127
140
160
149
138
151
141
134
145
143
109
127
128
135
82
106
115
89
138
122
129
142
146
91
130
114
114
140
125
95
43
80
114
136
23
91
51
127
70
9
12
7
8
22
38
39
68
84
75
100
103
99
107
106
82
103
71
59
51
19
127
114
123
38
14
23
35
45
35
48
14
13
21
62
56
44
32
4
6
13
19
28
14
37
24
9
45
41
22
15
6
12
15
9
17
18
12
48
16
24
14
7
12
15
9
24
37
49
53
56
60
61
32
13
49
26
44
6
17
42
54
25
59
57
65
35
50
53
38
36
71
11
11
39
29
39
41
46
64
60
99
94
104
100
102
102
99
94
128
112
129
139
87
24
125
51
101
78
66
25
111
6
20
19
44
36
57
58
84
82
104
106
98
121
119
135
149
104
152
112
124
109
107
101
119
105
109
89
116
101
98
116
126
118
120
111
107
111
95
118
103
106
118
100
123
131
134
132
153
127
140
127
130
105
118
108
102
110
122
106
108
122
131
120
129
141
108
120
121
126
113
120
125
110
124
127
116
109
107
109
149
128
120
127
113
135
145
140
118
107
110
108
128
131
136
109
110
117
127
143
132
120
142
97
112
122
132
102
111
85
110
119
123
109
121
128
129
130
106
117
102
139
127
127
103
140
114
139
131
138
149
119
129
129
120
138
115
115
128
131
135
133
121
133
126
131
120
108
70
73
105
88
123
136
118
116
102
138
104
76
96
95
116
117
128
119
117
130
123
107
130
126
125
118
122
145
121
81
82
106
71
125
122
121
119
96
111
133
122
113
113
128
136
142
143
146
121
86
109
90
162
123
118
116
134
119
120
129
140
138
120
125
141
112
125
123
138
137
130
123
110
123
131
129
141
124
129
125
133
139
119
129
122
137
139
124
144
125
120
131
119
127
133
123
137
123
125
138
125
140
123
135
131
114
106
85
121
106
93
114
119
129
131
120
120
143
155
152
145
180
160
150
159
145
144
155
124
105
137
126
114
114
121
120
103
41
85
55
94
81
45
71
114
13
29
43
54
55
70
82
86
101
102
117
120
102
98
124
136
113
126
98
138
130
119
120
130
130
133
116
129
129
115
135
132
131
133
110
104
72
86
53
77
48
97
84
13
43
69
17
6
21
20
10
56
45
19
23
25
32
56
27
27
28
50
38
45
19
44
51
49
15
54
7
2
21
31
36
12
16
29
27
61
80
92
88
87
23
86
68
83
64
24
106
71
87
43
4
15
18
6
13
6
18
30
28
59
86
103
100
132
106
102
101
111
126
117
141
125
86
83
101
64
56
13
86
37
5
3
23
7
28
16
4
32
31
39
43
44
36
35
24
46
34
16
24
33
48
33
22
29
45
4
13
4
23
25
34
32
37
44
56
27
39
18
9
7
5
6
16
16
33
35
33
65
50
65
79
68
70
73
40
28
25
68
35
54
77
50
4
4
5
4
22
24
12
31
37
12
49
15
30
30
18
18
49
47
53
41
77
78
80
68
82
84
79
55
4
4
23
26
39
26
37
40
23
5
26
24
25
38
41
42
53
29
33
43
43
66
58
9
6
10
26
24
55
31
26
27
23
48
43
5
5
19
17
52
60
17
15
33
19
56
6
6
26
7
7
11
14
10
26
47
31
27
36
27
24
72
83
84
102
71
62
87
90
112
101
99
125
130
109
129
125
110
135
130
125
113
108
104
125
132
134
160
133
142
140
138
128
66
113
126
52
153
68
99
70
81
102
77
16
9
18
13
10
21
10
41
22
31
38
55
50
37
21
33
261
269
283
47
70
77
66
57
74
36
53
25
60
34
63
28
11
9
37
35
47
70
88
61
90
64
69
67
86
107
102
117
81
126
99
119
116
114
126
124
107
106
131
123
120
131
149
141
98
115
129
122
104
142
74
55
49
71
108
102
73
96
19
25
92
54
20
36
20
6
9
6
9
5
13
17
11
20
5
6
20
31
34
37
28
17
59
19
50
55
40
25
44
42
74
71
81
41
42
70
64
67
39
41
74
48
15
7
10
14
16
10
18
14
7
5
48
57
68
59
85
95
94
92
83
125
59
25
102
123
75
24
26
128
99
33
4
6
18
18
15
34
57
50
52
51
53
60
114
115
128
147
147
144
69
65
139
78
59
34
101
3
4
13
14
50
65
75
79
87
88
100
105
99
87
103
114
78
128
63
40
102
4
23
88
59
56
9
27
41
27
36
43
62
59
67
84
80
90
92
78
33
55
54
72
73
70
97
95
4
5
21
21
26
36
17
21
8
6
4
21
5
3
34
26
37
43
44
69
57
67
23
53
68
37
53
5
5
16
8
27
13
4
4
5
3
18
20
30
59
58
26
78
65
59
33
51
38
35
45
4
4
18
15
4
6
19
30
9
4
6
11
2
5
8
6
25
27
11
14
24
29
5
4
16
32
39
25
47
75
75
97
62
40
69
54
65
93
49
29
51
5
25
25
37
40
40
62
38
41
43
22
3
3
24
28
38
26
13
22
15
41
46
23
9
31
5
16
13
24
37
37
28
39
51
41
61
74
74
63
81
81
77
75
93
89
92
104
103
120
126
116
130
123
127
119
135
117
112
134
117
129
126
120
131
121
131
131
123
134
124
131
119
134
121
135
121
133
120
131
122
133
124
128
122
133
130
126
130
129
119
125
119
128
119
128
117
129
124
130
137
127
99
91
145
114
135
128
129
149
67
110
91
90
110
124
118
116
132
131
117
104
119
111
126
110
127
114
128
105
110
127
112
128
113
110
125
93
109
115
121
115
113
121
124
111
117
92
89
113
113
112
112
96
107
104
105
116
108
125
117
128
129
136
113
123
123
134
117
118
94
33
75
40
91
110
53
23
53
4
24
23
42
42
46
61
54
71
57
79
85
83
94
104
101
107
121
99
100
92
91
103
115
112
107
94
107
100
97
122
125
109
117
113
124
128
98
122
121
98
68
108
72
94
54
123
23
31
22
41
39
57
61
59
61
34
54
72
54
61
69
57
9
6
8
5
6
8
8
17
18
7
5
51
41
35
60
59
82
84
99
61
93
89
94
66
97
84
91
65
93
108
111
100
99
109
88
102
91
108
104
84
70
99
101
102
24
38
48
61
22
80
12
11
30
28
49
54
55
30
61
57
67
59
82
53
81
38
11
43
76
45
4
3
5
5
11
19
19
12
40
30
26
24
14
32
55
6
7
4
3
35
29
43
49
44
45
41
67
47
20
51
61
44
49
14
28
31
57
58
79
71
96
76
78
93
86
101
57
118
121
15
87
13
33
54
103
10
14
32
47
36
36
25
22
21
39
33
49
10
5
3
19
7
5
4
3
3
7
4
10
12
7
4
6
4
20
28
11
18
50
49
44
64
45
55
49
69
44
44
45
43
59
25
23
46
6
8
18
20
22
20
39
44
38
45
54
45
59
60
63
62
61
72
73
81
81
81
92
94
94
92
93
94
102
105
115
116
125
123
130
134
116
128
119
112
98
100
114
100
87
112
98
101
105
113
117
90
111
95
117
113
91
46
63
17
119
40
66
74
6
43
63
56
78
76
94
91
95
116
78
24
116
57
61
106
126
59
30
96
5
5
40
55
52
48
49
66
80
79
95
93
96
108
108
107
130
128
139
139
147
130
136
139
138
128
111
127
122
120
131
126
137
134
120
136
107
117
132
122
112
128
119
125
131
118
107
129
121
115
121
118
111
110
123
102
124
125
113
123
136
136
98
122
114
135
125
147
145
133
109
121
110
134
103
113
129
120
134
130
122
134
114
126
107
120
124
114
123
126
115
150
149
152
161
154
158
155
143
154
136
129
137
129
120
112
123
121
116
108
92
122
112
133
131
143
131
146
135
149
139
119
142
128
136
116
121
124
113
85
111
105
110
130
122
129
121
136
136
160
158
165
138
159
133
147
144
143
119
126
125
122
119
139
136
136
123
133
139
138
134
149
117
146
139
117
113
134
112
104
132
117
117
105
98
121
115
112
116
110
104
114
113
123
128
115
121
117
118
112
114
122
115
109
115
96
81
72
70
60
56
84
104
