57
33
62
88
90
162
168
187
39
167
116
117
219
190
197
242
198
189
166
175
180
116
124
124
117
107
103
107
88
98
89
108
107
97
86
95
92
92
205
115
112
82
110
115
130
124
105
128
136
121
143
128
124
106
106
127
128
131
125
120
137
113
153
170
173
167
127
99
277
275
273
287
215
263
248
226
120
117
112
124
114
81
79
60
50
79
65
44
89
35
4
3
5
26
8
17
9
18
12
3
5
18
17
11
47
42
23
24
20
35
54
24
30
13
17
16
25
34
36
44
59
52
47
71
79
74
88
75
87
90
84
83
99
68
86
97
91
80
82
88
102
104
115
104
100
124
125
114
102
124
105
110
92
109
108
101
99
115
94
86
101
83
104
110
96
93
108
105
101
105
106
125
111
119
100
109
108
116
120
122
120
106
97
90
101
104
97
113
103
112
106
114
104
112
116
106
98
107
105
110
100
104
115
110
120
110
125
106
120
118
108
92
104
113
108
97
110
100
105
99
106
112
103
115
113
103
100
112
111
101
109
100
109
102
118
116
117
109
109
117
107
113
95
109
103
107
95
97
102
98
107
102
110
92
92
103
91
85
86
86
90
85
105
104
103
102
114
113
122
117
118
109
116
104
120
107
114
103
112
99
109
102
94
108
92
104
103
95
101
84
91
111
100
108
99
101
110
112
110
102
110
96
102
97
93
104
98
93
79
97
85
93
88
73
92
100
100
95
105
97
105
100
106
100
117
108
119
112
118
111
119
112
110
113
111
104
108
88
101
108
103
115
101
69
110
39
24
22
62
47
98
82
114
4
3
5
16
13
15
19
6
27
15
5
18
20
21
22
30
25
4
13
14
19
16
20
6
19
27
28
21
30
45
53
10
53
9
56
26
7
11
6
3
26
23
36
36
30
30
35
4
18
29
35
48
39
22
43
11
24
34
15
34
54
59
54
41
58
100
100
99
97
97
79
48
46
46
45
6
3
42
3
35
51
75
53
77
75
110
106
107
82
72
26
98
111
46
126
5
16
26
46
58
54
75
68
72
166
150
101
92
165
163
132
125
157
110
3
43
47
65
45
22
66
53
57
25
37
63
23
25
8
15
12
25
19
16
37
30
19
31
49
49
70
54
61
61
76
79
88
94
106
101
96
105
113
87
111
106
92
107
104
82
145
141
149
156
160
150
147
137
139
155
3148
3137
3252
3250
3243
3256
3248
3244
321
3286
238
273
159
163
173
137
164
146
138
129
146
95
116
100
110
100
104
119
110
110
123
112
121
105
118
103
104
94
88
113
95
94
106
95
107
101
96
105
110
101
92
110
93
88
79
92
82
104
91
104
92
100
91
102
101
99
79
92
99
93
104
98
109
97
107
101
103
111
107
100
104
86
101
93
104
91
103
93
85
98
87
80
75
96
86
88
81
84
89
84
89
86
77
80
86
86
77
95
93
87
78
100
84
100
94
105
95
104
96
103
102
94
76
84
81
97
84
92
81
89
91
101
93
111
109
95
100
101
81
88
100
90
95
83
65
72
105
90
91
98
92
94
99
96
96
88
95
90
97
81
91
95
95
95
100
75
104
92
85
90
88
98
82
90
81
87
79
88
83
84
94
78
86
92
86
98
102
85
86
84
76
69
92
82
92
85
95
84
90
102
94
115
95
92
104
102
90
97
88
92
87
97
80
87
100
91
100
93
98
92
94
103
92
102
95
82
93
102
100
94
92
98
103
101
109
89
89
103
99
88
91
101
100
89
83
100
98
92
101
107
93
92
101
60
89
69
76
94
101
86
77
91
86
83
91
71
73
81
91
80
91
75
88
66
84
94
92
100
94
98
107
99
110
111
102
108
96
109
96
102
114
99
108
102
89
108
102
107
96
111
93
101
102
116
104
113
101
115
112
101
120
113
103
111
121
107
116
107
105
95
112
110
104
98
120
99
100
98
110
93
102
82
105
94
111
100
103
109
117
107
121
117
90
85
110
98
104
105
89
92
100
99
101
107
109
103
95
87
81
69
69
109
117
13
29
30
39
40
56
57
71
71
90
90
85
95
100
101
91
104
99
96
81
106
110
103
99
118
108
95
100
95
100
92
103
100
101
93
89
102
81
93
104
105
99
109
105
120
106
94
107
107
95
102
106
94
97
92
98
84
109
108
101
111
104
103
110
104
104
106
108
101
117
100
113
103
93
100
113
107
97
97
113
100
104
85
94
98
110
97
101
112
111
103
115
110
110
123
123
117
109
108
111
126
111
116
92
108
112
110
122
123
121
97
106
96
98
105
106
91
90
99
107
93
85
91
102
100
94
101
114
97
104
93
109
100
100
114
99
113
104
123
105
113
106
114
105
109
117
115
110
112
118
109
115
118
110
118
110
120
111
102
115
105
116
105
102
115
111
95
106
100
99
98
113
102
108
107
101
108
100
102
110
113
115
108
92
110
97
108
110
104
89
123
99
114
104
120
113
121
107
110
102
82
111
99
111
100
104
93
100
80
99
106
99
108
103
96
102
101
104
95
123
110
117
116
114
107
100
112
103
100
94
102
102
102
97
124
115
118
124
107
103
117
106
113
104
94
98
97
108
98
110
100
105
71
21
103
78
37
88
63
49
34
8
6
22
19
25
18
30
49
27
26
47
54
51
71
56
80
90
89
95
114
110
125
116
122
113
120
116
117
119
106
87
56
74
95
35
88
71
40
49
7
23
24
31
37
48
52
44
51
59
71
69
79
77
85
76
99
92
86
104
114
98
101
125
122
132
113
111
107
119
119
132
116
128
109
144
127
161
160
184
159
134
178
141
101
100
95
72
49
45
45
46
44
4
3
143
129
6
6
5
11
13
2
17
8
32
28
18
37
25
35
15
35
30
45
43
39
41
19
5
37
24
27
16
21
10
15
14
8
4
16
19
11
37
11
39
19
12
38
6
5
3
6
24
38
40
38
53
49
80
75
99
116
116
92
62
28
81
133
57
32
54
124
79
4
16
14
5
27
24
5
28
27
29
30
51
53
53
51
44
65
59
57
57
86
63
69
68
69
93
80
67
88
92
86
75
80
104
72
108
79
132
116
125
111
29
46
54
14
93
59
109
42
50
13
9
5
17
15
13
11
7
47
28
10
10
20
20
7
45
43
60
60
75
44
29
46
49
4
18
42
20
17
5
3
16
4
7
11
13
19
18
10
6
18
14
27
38
20
22
24
40
40
21
43
21
3
19
30
29
26
45
42
47
56
45
62
67
65
50
30
55
34
54
27
16
26
24
42
40
28
37
8
10
24
35
5
6
34
51
3
31
19
40
38
40
59
71
74
59
60
69
36
32
76
26
65
21
57
13
55
57
69
70
86
87
102
81
89
94
81
84
97
98
77
94
100
70
57
90
84
61
83
101
69
107
81
92
92
99
89
108
96
109
108
105
94
104
94
104
93
107
109
110
108
94
88
27
76
50
75
37
59
4
5
19
33
32
29
40
41
38
42
57
58
31
44
39
55
41
85
93
83
89
86
104
85
83
80
82
100
92
105
99
102
103
94
107
94
108
102
105
115
96
114
102
86
101
94
96
104
97
101
113
92
110
101
102
98
113
105
112
108
96
109
111
103
107
114
111
104
7663
7658
7675
7673
7678
7683
7670
7657
7655
95
92
77
63
57
7662
5
11
4
13
36
17
7
8
29
18
13
5
3
17
22
17
14
28
24
7
30
45
44
27
39
56
45
47
63
70
45
22
47
64
48
56
12
19
9
6
7
12
7
10
4
4
13
2
17
9
6
10
18
28
26
43
36
34
36
39
41
12
36
54
27
3
20
44
50
60
71
64
72
82
80
91
91
99
97
117
94
104
109
105
120
118
136
114
110
133
115
114
125
117
124
116
120
112
120
110
111
112
108
100
106
94
106
97
103
99
83
90
93
114
105
93
98
110
115
112
93
120
111
110
99
106
99
105
93
107
93
108
91
108
96
106
89
55
33
102
70
81
65
36
53
20
19
47
48
67
65
71
80
71
85
87
99
102
117
89
100
111
108
124
109
106
124
113
102
115
100
111
102
111
108
102
114
108
115
114
112
105
113
112
96
110
101
111
102
112
104
113
103
112
105
107
100
107
109
129
126
132
128
131
121
123
136
135
97
79
51
65
37
34
104
85
60
4
14
13
26
46
49
45
50
46
58
49
77
90
93
104
104
116
74
97
95
92
85
75
46
53
24
31
65
96
59
101
6
22
35
34
56
57
72
80
76
69
70
90
84
107
121
111
132
130
118
50
44
44
93
97
113
113
59
99
71
10
9
21
20
63
82
93
122
121
142
163
124
127
160
138
76
126
97
158
73
49
16
8
4
5
3
7
2
2
4
5
10
7
2
18
4
16
3
1
4
13
3
1
4
15
13
15
31
35
36
69
78
69
29
42
71
35
68
72
58
31
65
17
30
46
15
43
29
32
23
42
41
7
26
25
28
21
41
24
39
18
4
30
49
58
56
78
80
88
92
79
94
114
106
127
99
108
122
129
126
98
122
76
124
94
110
90
109
99
79
103
104
128
109
131
129
135
149
131
124
136
99
118
94
101
85
90
92
45
22
99
45
23
24
65
35
9
29
46
49
112
103
129
107
114
127
118
131
115
112
87
21
15
61
71
11
7
13
15
14
32
33
32
53
74
59
67
78
78
95
91
95
99
100
113
94
111
95
104
102
114
106
117
100
126
124
113
122
124
117
112
126
124
112
119
110
88
87
109
99
104
84
94
104
86
41
48
82
86
24
99
39
79
89
21
3
2
9
8
20
24
5
30
15
41
20
22
17
27
51
51
33
65
57
68
47
23
32
15
26
51
40
42
16
37
46
57
55
63
63
80
37
77
29
11
48
70
64
79
14
74
3
3
4
20
33
24
42
52
53
60
70
66
67
68
75
74
37
57
42
52
67
56
33
3
53
36
71
3
4
20
29
39
41
58
74
72
90
86
103
101
105
99
114
112
126
116
121
124
108
119
104
118
111
116
107
110
123
118
110
120
113
130
111
106
121
107
115
117
109
109
112
96
109
103
118
105
114
111
95
97
120
112
111
99
105
96
105
185
195
184
171
44
198
171
35
33
158
145
160
7
5
10
21
33
20
33
36
53
51
63
39
44
46
55
57
75
70
67
57
67
66
77
77
94
94
111
104
101
101
80
88
106
92
98
77
98
96
94
99
110
99
98
114
121
120
121
109
129
115
140
129
144
136
143
135
148
141
146
146
118
117
94
83
117
125
100
113
121
102
65
79
47
21
110
47
64
39
6
9
6
33
23
17
9
34
6
16
12
6
5
4
3
16
19
24
33
33
40
45
60
57
67
69
79
89
82
75
90
90
95
99
106
104
123
107
99
111
110
122
110
120
107
117
96
67
54
46
75
25
36
98
76
5
5
25
22
8
20
29
22
7
6
3
30
22
43
23
32
16
15
28
4
9
9
32
34
47
27
30
30
24
4
5
41
52
54
65
63
86
84
105
75
91
49
63
16
109
41
93
24
101
104
12
12
25
36
23
20
29
17
33
15
18
35
37
50
73
72
68
84
80
84
80
72
92
89
79
65
91
42
14
54
16
64
3
4
10
14
17
20
26
36
37
35
36
27
62
21
13
70
17
50
39
5
3
15
5
20
10
17
28
7
21
23
6
8
9
31
30
40
37
53
43
51
67
67
85
69
90
88
95
86
102
100
92
112
102
102
92
100
94
100
93
91
102
81
88
88
100
86
89
84
82
97
99
86
87
96
100
94
105
106
94
100
88
95
79
88
93
78
94
84
101
94
104
92
95
89
96
105
91
96
76
84
100
98
106
96
105
100
92
89
80
96
103
96
104
98
111
89
61
69
101
42
20
78
107
54
35
5
3
22
20
18
33
38
37
50
50
53
47
70
71
67
84
63
78
41
18
50
33
70
57
61
56
24
5
7
19
13
18
20
31
24
41
47
55
53
56
61
60
58
81
74
64
84
54
45
82
91
78
47
99
85
90
89
68
85
71
86
88
56
70
60
76
86
88
52
3
4
26
15
32
44
40
43
66
62
60
69
67
69
75
60
78
86
83
90
80
94
93
109
96
113
99
108
106
94
105
92
105
104
97
100
88
100
93
105
103
71
99
84
81
103
101
104
97
100
98
105
79
86
92
68
79
56
91
86
93
64
91
80
55
79
82
81
81
97
94
87
91
106
98
103
90
93
89
93
92
103
97
98
78
84
82
85
83
78
89
87
93
97
90
100
107
111
94
80
97
88
75
94
88
74
77
74
86
82
81
91
89
89
97
100
96
92
102
95
108
91
101
95
101
104
116
112
101
111
104
96
115
103
103
96
88
60
74
86
87
104
105
108
102
110
106
126
122
120
119
123
125
120
110
123
122
126
124
116
125
125
123
125
109
123
126
125
128
111
98
121
113
107
118
118
97
111
121
104
115
102
114
109
113
75
99
88
102
91
86
41
88
38
62
74
103
78
84
76
77
40
59
41
41
40
80
79
83
87
84
50
71
51
51
73
69
76
95
103
95
92
99
94
120
119
91
119
66
76
92
93
100
100
102
100
102
105
103
103
103
78
99
94
86
103
94
97
91
102
97
50
74
92
84
66
93
76
87
71
70
99
100
96
83
114
90
83
100
82
93
86
76
67
92
106
105
92
101
107
99
110
97
92
73
90
105
94
82
108
103
98
118
117
127
125
105
120
110
98
112
101
113
111
114
103
95
96
110
100
107
95
111
111
94
91
90
103
94
101
103
99
96
79
90
94
106
91
96
90
98
90
86
78
92
96
86
93
87
87
82
77
90
92
77
88
99
92
91
96
94
90
103
105
87
86
85
88
97
97
90
92
94
97
89
115
103
116
107
122
112
126
113
123
125
103
111
109
103
97
113
95
108
106
91
100
72
34
43
25
66
49
85
3
4
23
22
27
26
40
43
52
53
45
64
75
73
87
84
83
90
95
106
105
124
109
106
119
117
117
111
123
109
108
125
121
93
29
61
76
98
41
84
108
47
22
17
41
41
45
36
80
58
79
63
82
77
36
29
31
42
32
8
22
12
31
19
16
27
4
9
10
21
21
36
26
36
33
21
38
37
30
39
41
36
53
46
32
36
43
34
51
57
55
55
66
60
52
51
58
58
72
73
68
85
60
82
76
66
72
64
69
70
49
60
50
57
51
36
43
46
51
38
50
64
63
69
68
57
52
29
53
41
12
55
52
32
40
19
2
4
3
8
5
11
12
13
11
14
22
28
24
10
19
8
20
5
3
8
2
1
5
6
14
25
21
30
34
39
35
35
43
39
36
373
394
393
390
389
423
85
83
417
423
423
132
85
25
127
26
99
25
26
45
125
82
71
60
55
55
57
50
88
79
94
59
75
65
93
59
94
93
50
37
41
53
59
57
73
75
91
78
87
73
85
96
108
109
97
95
97
110
102
94
119
95
110
99
104
112
112
122
119
112
121
131
116
110
120
114
101
116
103
113
108
122
115
120
100
112
120
107
109
120
124
125
118
123
136
130
136
122
76
84
59
51
144
112
39
131
104
76
78
54
51
66
68
87
86
103
96
101
102
101
111
108
93
107
112
104
111
89
118
108
115
115
126
116
109
118
103
114
102
108
96
97
90
111
93
99
107
97
115
102
121
102
121
107
115
124
119
99
112
128
114
119
100
70
107
80
99
93
114
88
91
87
107
86
104
104
110
118
103
91
115
102
115
98
106
121
117
115
106
117
101
113
109
108
110
108
115
121
112
116
116
123
124
129
125
121
119
119
120
107
119
104
91
115
104
109
97
108
106
107
99
96
79
73
60
103
109
104
92
106
98
98
101
85
85
102
101
114
105
113
106
107
115
117
109
105
118
123
111
122
107
120
117
116
104
118
102
114
112
115
112
116
118
124
105
117
118
108
113
84
96
61
108
58
80
97
88
63
92
83
82
89
83
83
113
108
98
98
122
96
88
59
75
48
107
67
90
92
91
86
57
52
81
81
98
94
111
96
104
120
111
130
118
111
106
118
120
118
93
111
96
100
103
88
109
97
104
87
104
79
91
93
110
96
102
99
97
108
107
118
101
107
114
106
103
105
105
122
110
64
64
93
102
69
29
124
90
63
3
2
14
33
36
43
33
21
29
31
28
34
23
3
5
10
16
4
6
4
15
25
7
20
9
4
5
15
15
21
16
14
25
23
36
50
37
25
17
38
49
7
3
12
12
4
27
6
9
9
5
24
99
28
28
46
47
57
67
57
95
99
108
117
118
108
140
150
118
87
88
113
40
156
99
55
87
121
2
4
4
4
15
14
13
3
15
30
8
35
33
24
9
13
12
15
7
3
6
28
38
7
11
19
9
5
22
34
42
45
39
44
72
67
71
86
99
98
105
94
103
99
94
104
112
110
114
100
110
118
123
125
115
108
113
100
111
103
90
107
95
109
99
78
98
87
95
89
90
93
94
84
96
89
108
82
109
95
110
98
45
33
51
110
108
50
105
102
52
110
122
71
3
3
2
3
18
25
20
32
23
35
36
24
36
32
28
36
47
68
65
55
69
76
74
77
80
85
84
91
94
87
95
88
88
76
84
75
85
82
91
88
96
87
98
99
99
107
88
103
103
94
104
98
97
103
102
108
101
86
81
86
67
64
38
28
55
96
73
30
4
4
20
20
39
39
56
65
64
78
79
76
84
85
87
91
78
96
88
95
93
95
103
120
118
158
179
172
154
158
157
169
169
180
177
90
109
98
101
70
90
83
95
88
72
90
96
90
73
90
93
101
101
86
103
96
109
95
105
92
107
106
101
88
92
95
86
81
98
98
85
83
92
88
96
81
92
84
93
82
89
83
87
81
63
62
43
88
37
79
58
47
21
24
8
7
19
18
17
49
60
60
61
60
56
73
69
81
82
88
83
85
86
79
85
67
77
82
83
67
66
82
76
84
84
80
75
84
81
75
88
74
67
69
75
83
76
91
71
85
92
85
82
85
93
104
82
89
86
86
81
91
90
88
89
82
85
90
81
90
77
75
66
60
59
33
36
97
95
70
81
80
4
3
8
19
17
20
50
54
52
66
50
63
19213
19214
19215
19242
19271
19270
19268
19269
19274
19286
99
126
104
111
98
123
120
128
82
71
49
43
30
73
98
112
88
6
7
24
25
23
24
132
121
140
137
62
126
135
135
156
158
152
165
147
160
158
113
99
103
92
105
92
100
99
104
92
115
102
115
103
81
95
45
89
22
106
31
26
61
66
6
9
8
27
27
30
29
38
55
57
38
26
17
30
51
43
59
54
15
15
13
31
49
31
17
48
17
27
18
51
10
11
34
34
36
48
34
37
32
53
66
69
75
74
76
73
90
83
98
101
96
106
52
96
52
84
22
43
63
76
102
20
41
6
3
10
22
20
40
15
24
16
30
41
12
4
13
30
31
28
31
41
40
34
62
49
58
52
69
43
44
43
62
60
72
71
81
87
99
98
84
115
107
117
117
116
70
21
91
47
108
49
69
106
63
31
4
6
5
27
20
24
24
22
9
12
14
4
4
23
22
10
25
32
8
18
7
4
18
32
34
32
53
45
50
71
63
69
67
76
80
80
76
99
88
93
98
86
88
94
104
79
90
95
97
108
95
110
91
104
110
105
89
107
106
121
110
124
110
117
106
113
112
105
119
102
111
103
112
97
98
44
82
110
75
61
47
106
105
748
712
711
715
717
714
714
712
756
741
78
59
79
71
46
38
62
31
80
78
69
69
4
4
7
18
21
15
4
4
3
5
3
9
12
16
11
13
19
3
14
10
29
32
10
29
21
43
31
17
32
43
44
45
54
58
67
67
75
83
92
86
85
86
89
85
85
106
118
110
123
121
121
136
129
122
123
104
96
44
77
38
87
61
121
23
4
11
9
8
20
16
28
36
31
34
29
51
22
21
50
17
50
55
19
52
38
20
16
50
41
9
4
10
24
24
13
36
37
35
39
16
40
14
32
15
11
14
13
5
36
32
46
60
47
72
73
47
23
73
70
19
4
6
10
45
50
57
55
62
77
85
83
80
108
101
101
86
119
96
111
115
95
108
116
126
103
123
122
117
110
98
117
57
78
72
80
82
85
109
87
100
35
28
99
103
99
35
102
97
96
71
58
56
51
41
54
50
56
138
136
155
116
149
134
132
94
56
90
81
26
114
38
71
4
5
14
6
6
14
3
4
16
5
5
14
11
17
23
22
17
46
57
60
81
74
21
59
48
30
49
56
36
61
43
3
15
14
24
6
24
11
8
28
35
36
39
57
51
70
68
87
81
99
97
107
114
107
103
116
102
107
94
109
101
108
97
103
104
85
102
104
106
102
74
80
95
104
70
103
96
105
101
112
114
109
128
109
99
121
123
123
135
154
140
153
179
165
53
27
157
124
78
68
116
147
140
1
3
4
3
6
12
8
11
17
9
15
13
13
12
10
5
9
13
4
1
3
3
14
11
10
9
9
8
15
28
32
19
13
14
5
3
12
25
27
40
27
21
36
16
18
4
4
3
3
3
19
16
36
34
31
18
32
29
8
15
16
8
26
31
24
11
5
6
24
3
6
3
4
16
3
22
21
27
34
35
35
49
53
42
31
50
39
60
44
44
64
63
58
30
76
85
74
45
56
64
65
84
80
96
96
85
87
106
111
93
108
96
106
106
113
91
107
103
116
104
110
105
89
91
100
106
107
101
90
104
110
102
100
117
116
90
103
105
99
98
106
100
96
103
94
95
95
94
103
98
89
100
95
88
98
100
92
102
97
88
78
104
95
108
98
84
104
97
109
85
100
81
93
105
92
85
104
93
90
79
101
107
65
47
28
72
55
40
25
91
88
86
49
3
21
23
21
37
39
66
63
56
62
58
70
74
73
89
97
92
101
93
95
93
102
114
108
116
105
119
105
102
114
100
88
84
88
103
116
97
103
103
94
107
100
109
116
103
105
94
54
73
61
97
103
79
107
93
110
95
80
100
78
78
94
94
103
93
102
108
110
93
101
107
113
112
107
105
122
112
104
116
108
111
116
103
118
112
99
111
100
110
103
103
102
107
98
107
95
110
98
108
106
114
108
111
127
162
154
173
162
151
174
145
167
162
127
103
173
117
98
105
80
41
25
72
47
28
79
5
4
34
12
16
14
21
10
4
17
18
17
20
14
4
17
33
42
42
57
64
69
71
70
77
87
83
100
91
104
93
108
116
113
104
119
112
99
107
94
110
102
117
109
103
112
105
116
103
104
116
111
106
112
105
110
113
113
105
113
103
112
104
109
95
108
100
110
103
110
103
109
103
105
112
112
103
111
103
105
110
107
113
114
111
105
112
111
106
110
80
40
34
70
63
31
52
101
91
