29
55
50
48
51
20
98
47
97
97
14
97
85
4
9
20
30
27
31
32
42
82
79
101
117
120
100
118
103
99
141
83
103
144
121
99
167
150
166
166
176
137
180
143
140
98
109
106
182
106
122
109
95
110
102
113
89
99
72
89
119
132
101
75
40
93
81
76
76
91
93
90
109
92
107
83
83
107
101
106
101
86
93
83
101
92
108
88
99
108
119
112
122
111
97
108
78
106
115
116
99
84
96
92
120
99
144
145
130
142
129
115
93
107
114
106
114
114
98
146
108
123
108
50
129
67
115
94
78
56
99
72
102
53
51
62
58
71
70
88
86
98
89
92
104
100
106
110
111
104
94
111
85
116
95
90
98
86
95
77
91
80
80
95
79
98
106
87
72
91
90
99
99
86
97
82
93
103
104
100
86
98
97
91
92
98
103
94
108
96
99
110
110
104
99
110
96
108
82
105
95
96
86
91
82
81
67
75
90
78
75
74
78
93
84
101
82
103
93
94
93
107
84
103
101
104
116
112
105
103
109
87
96
109
98
115
108
80
90
99
101
105
94
87
76
84
89
80
92
110
109
99
101
107
96
99
111
113
115
85
105
92
101
91
111
97
107
99
103
103
94
104
87
102
95
105
93
87
92
98
94
100
105
91
103
93
109
95
97
98
99
108
104
101
84
91
97
106
90
69
71
97
66
79
88
86
94
93
85
89
54
70
70
84
84
92
85
76
83
88
87
81
80
95
83
89
77
91
81
95
82
84
79
82
81
90
72
80
91
85
99
88
89
100
95
91
99
91
98
87
98
95
100
96
91
101
102
90
100
90
93
86
90
92
88
69
80
78
77
76
85
71
88
87
75
81
77
84
93
87
86
94
82
94
83
93
82
92
86
89
92
93
74
82
97
75
83
85
87
84
86
85
79
72
79
90
83
83
126
135
134
122
137
135
119
136
134
101
99
82
92
95
87
76
90
94
92
82
88
69
76
88
75
78
81
83
87
79
93
82
95
97
96
93
85
97
85
92
74
4726
4720
4741
4727
4731
4717
4725
71
4734
4725
4731
88
82
82
76
79
95
85
85
85
97
92
92
91
102
94
91
90
86
84
84
86
97
89
86
94
85
95
89
74
83
90
92
87
108
2306
2307
2300
2317
2300
2321
2317
2317
2327
2323
89
100
107
89
140
125
137
117
210
213
230
231
192
182
245
202
189
110
104
94
98
110
103
94
112
97
100
92
97
107
95
97
104
95
107
96
108
100
103
106
105
109
84
101
108
97
93
105
60
89
41
17
70
80
31
49
6
13
25
22
40
42
50
48
50
50
48
58
66
73
64
96
81
93
105
93
104
108
98
106
99
105
108
98
106
99
99
98
108
70
100
87
22
61
46
31
82
55
3
5
7
11
12
10
34
38
37
42
62
62
60
57
73
64
65
67
103
101
108
103
112
100
110
93
115
85
83
104
68
76
29
78
92
36
53
19
12
23
25
38
12
9
32
36
39
21
23
4
11
24
21
34
49
48
22
31
46
29
46
24
19
24
18
10
16
13
8
12
10
10
20
16
42
47
43
60
52
70
71
76
87
72
64
54
13
35
86
71
38
42
84
10
9
25
29
25
39
42
21
12
13
23
3
4
29
44
33
44
48
46
68
69
67
86
73
104
91
80
100
98
97
84
101
36
13
58
93
46
71
56
82
14
6
7
26
42
51
46
62
61
72
66
32
59
21
17
44
71
68
56
41
14
12
42
41
51
51
68
68
67
81
82
95
77
33
28
40
56
88
60
44
80
6
4
10
7
19
35
34
33
34
36
35
51
42
48
48
47
75
55
72
83
85
63
67
83
68
111
101
109
125
111
119
121
120
135
107
110
85
101
92
77
96
105
81
97
88
70
72
67
93
88
78
99
99
108
107
128
95
103
131
123
139
126
135
114
116
124
128
119
119
116
121
92
129
119
104
121
112
121
125
116
117
102
109
84
97
99
102
97
94
107
113
100
112
109
105
105
108
116
105
111
110
108
108
97
106
112
107
90
98
100
114
105
97
119
102
109
90
103
103
110
107
101
105
88
94
74
96
96
115
100
113
100
111
110
108
108
117
120
114
106
111
99
96
110
109
102
108
88
96
106
99
115
100
117
102
121
107
107
107
121
113
122
115
120
112
117
110
101
116
111
103
96
109
92
106
96
102
96
104
82
94
101
101
92
113
104
114
103
117
103
105
105
115
94
108
102
108
98
113
105
108
114
114
108
104
91
113
103
96
105
102
95
107
99
109
99
106
87
100
100
85
108
100
107
105
94
110
93
116
112
117
117
98
113
106
96
111
117
116
113
131
117
119
103
124
104
123
105
96
116
109
119
113
131
106
117
104
114
104
104
95
87
94
108
107
100
90
101
82
107
110
103
103
105
102
95
89
102
107
96
108
97
111
90
102
91
107
100
109
107
118
107
119
114
126
121
112
118
123
113
119
103
112
98
108
44
78
88
67
103
54
91
83
96
80
95
104
102
106
95
108
100
110
97
86
115
102
119
105
112
107
110
120
117
104
117
103
110
117
120
108
111
121
120
107
120
108
117
114
105
113
104
116
116
109
110
115
113
102
114
116
113
103
115
108
101
105
117
121
109
130
120
134
122
130
118
141
121
131
124
106
121
120
118
128
118
114
121
121
115
122
119
123
113
117
110
125
114
119
125
125
117
130
118
132
116
139
122
115
127
117
127
111
93
110
104
112
99
103
80
91
81
91
76
84
84
95
84
99
92
111
103
102
111
111
109
110
109
105
94
93
99
98
91
98
89
101
89
88
102
98
89
96
95
83
90
97
96
90
101
92
103
92
97
97
84
107
89
96
90
102
92
97
91
100
93
97
96
102
95
100
90
91
102
99
89
78
99
90
101
89
91
84
81
88
84
96
87
96
90
101
92
106
105
93
105
99
86
98
92
73
86
92
82
99
92
102
95
104
96
86
110
103
106
98
97
108
113
99
101
95
109
98
105
111
105
113
109
104
106
111
98
102
99
109
112
103
116
104
99
114
91
112
99
111
96
103
95
102
111
100
99
103
110
109
102
101
107
106
104
102
97
105
95
98
88
98
91
88
99
97
94
88
99
107
106
104
92
103
106
107
104
99
106
96
101
80
95
91
102
91
103
71
55
81
95
37
88
44
64
27
78
76
75
54
72
69
69
88
86
97
96
111
100
97
106
107
86
101
102
93
96
87
82
105
103
103
86
102
94
95
94
94
104
93
90
97
86
101
99
103
103
110
116
102
113
112
105
107
100
103
97
104
94
102
94
103
93
105
95
106
98
97
86
89
97
77
103
96
110
96
111
106
124
109
104
116
101
48
50
84
87
30
15
64
34
109
72
3
11
23
30
44
48
47
51
56
54
62
69
81
95
94
95
99
93
101
73
27
88
38
67
60
12
48
75
4
3
17
3
4
7
32
39
52
52
47
50
54
49
80
73
90
72
92
82
89
81
74
91
78
94
95
101
84
97
85
99
96
89
76
98
88
98
91
101
95
85
91
87
97
89
92
93
95
87
77
85
83
76
85
92
88
82
85
81
84
63
99
89
101
99
94
107
98
69
70
87
81
80
76
89
81
89
89
100
84
101
94
106
99
89
95
90
102
85
97
76
96
90
97
101
86
91
88
98
94
79
84
100
76
91
86
102
96
96
87
84
87
102
85
99
90
78
84
89
81
92
71
92
84
77
92
75
88
80
82
87
91
87
101
88
95
89
86
91
96
84
76
80
85
91
74
87
82
85
61
89
86
83
75
73
75
95
82
100
76
85
90
89
9701
9710
9714
9737
9743
9737
9728
9760
9754
172
151
139
126
82
100
36
55
70
108
142
47
7
8
31
16
18
27
87
18
4
11
10
12
10
7
33
38
7
5
8
21
39
57
50
54
66
66
81
69
69
83
105
77
94
117
113
110
90
115
103
83
107
114
115
135
130
119
127
138
121
129
80
49
105
116
107
61
70
33
108
120
65
123
28
38
54
68
66
53
53
47
43
79
53
43
73
51
32
25
23
40
60
58
52
74
51
15
67
72
69
38
29
48
4
8
4
6
4
12
6
19
13
31
30
39
39
56
53
74
71
81
71
90
81
83
105
100
103
107
110
97
108
68
86
50
76
13
107
57
102
40
27
4
5
3
23
30
37
48
59
50
65
76
77
88
87
97
97
67
80
113
83
98
96
91
104
99
92
96
81
74
88
88
81
101
100
97
97
93
107
101
97
113
103
109
96
115
110
111
104
105
99
92
89
96
104
96
102
88
101
90
108
111
94
100
90
97
88
99
82
97
96
105
98
99
110
87
99
107
103
98
30
35
72
81
35
73
55
21
108
95
4
4
9
21
8
36
44
53
49
15
38
51
25
58
47
35
27
52
17
3
25
35
29
45
37
43
37
40
67
40
17
35
45
4
4
14
18
26
27
37
36
52
57
64
60
66
73
87
92
89
92
85
116
116
107
117
120
116
101
110
105
112
121
114
125
109
119
15
76
48
24
58
38
109
102
88
91
4
4
23
24
25
39
46
54
53
72
67
66
76
81
70
79
103
101
98
103
111
96
85
112
105
103
106
121
84
53
80
100
43
39
93
74
114
3
5
4
6
4
47
56
38
58
55
57
75
72
85
72
101
98
115
90
96
107
115
100
105
111
100
116
108
105
101
108
76
86
65
95
78
33
50
77
62
3
8
11
9
43
29
40
41
60
63
33
28
63
57
26
13
60
29
20
23
4
14
11
5
5
3
22
26
41
55
70
77
75
77
93
87
85
91
101
116
85
96
100
100
58
83
81
76
96
104
96
95
107
73
99
106
100
100
100
105
96
87
102
88
91
105
97
93
85
99
106
94
102
100
106
97
109
105
90
120
103
114
101
83
112
101
67
47
90
27
83
62
39
4
5
4
22
30
24
41
55
54
63
62
60
53
76
67
79
78
72
74
62
77
61
59
96
88
110
108
109
117
114
132
123
114
107
120
105
112
100
113
109
106
116
69
113
106
79
99
102
86
97
71
109
64
72
89
75
80
97
90
103
95
76
112
120
128
118
124
122
113
111
127
107
117
106
113
108
94
111
103
91
102
96
101
95
102
101
81
101
109
95
112
100
109
99
94
109
104
99
110
83
102
93
80
74
54
100
44
88
63
82
87
72
82
59
52
72
71
92
91
114
106
107
116
98
113
103
116
88
99
101
91
95
93
97
86
90
93
99
85
85
96
108
115
100
120
105
109
120
114
106
110
109
125
117
123
109
114
125
113
122
99
96
114
100
109
82
83
93
88
91
91
99
91
104
75
101
82
101
71
100
82
70
85
90
57
93
103
103
101
123
92
107
108
118
101
107
96
100
92
100
90
104
102
112
118
106
112
107
108
117
108
100
111
93
109
96
112
100
115
105
121
110
126
111
121
108
95
113
98
87
117
109
115
108
112
102
109
119
111
124
82
94
102
86
92
91
87
88
81
89
88
90
96
94
96
95
83
96
92
99
103
118
116
128
120
125
132
133
105
114
115
102
99
104
103
94
97
102
98
101
106
110
111
108
129
134
127
127
127
117
130
128
117
129
101
114
99
104
105
97
107
97
116
102
109
102
107
108
102
91
68
71
106
55
38
43
55
85
55
94
4
15
19
28
22
46
60
72
69
82
74
57
11
70
39
67
32
72
72
69
22
54
8
15
26
35
33
27
41
15
12
4
4
9
18
24
27
40
19
21
16
32
31
35
30
40
38
35
57
56
72
71
88
80
86
95
87
89
86
96
98
93
96
94
93
107
80
93
90
83
83
67
115
111
98
111
117
116
108
93
50
58
132
41
100
19
58
29
80
14
109
3
6
6
4
6
11
6
18
14
25
40
33
31
18
13
16
20
28
35
6
14
13
25
21
29
21
28
20
35
39
8
42
6
24
24
50
60
53
72
71
94
83
100
98
99
109
77
62
97
44
28
52
84
5
7
8
29
28
40
46
47
58
67
48
37
58
70
46
47
50
84
101
84
33
22
36
30
23
68
35
36
3
4
5
23
12
34
42
53
47
70
69
78
92
93
95
103
97
94
98
108
110
96
109
102
77
39
37
92
86
60
69
48
72
17
13
88
90
8
35
9
5
7
10
12
12
11
11
43
32
37
7
9
8
27
15
35
19
10
6
32
46
56
36
44
55
48
71
73
82
81
88
99
90
92
106
104
113
112
118
104
104
93
91
82
99
61
53
54
38
40
36
77
85
88
6
10
21
7
23
18
10
3
12
20
14
30
28
23
25
38
46
44
46
50
57
25
49
60
36
35
13
22
68
62
67
29
8
7
17
13
9
10
26
46
45
28
44
54
52
67
67
81
82
78
75
90
102
87
102
118
102
111
118
117
125
62
30
46
82
105
96
117
51
83
73
45
78
39
51
81
78
89
78
90
60
68
80
91
81
89
95
88
105
103
120
106
121
110
118
117
81
65
110
55
31
87
56
48
99
101
98
60
88
78
102
99
122
121
117
136
112
111
123
113
119
117
119
95
96
110
109
102
105
92
73
103
90
79
81
81
95
77
92
84
92
85
104
90
90
89
88
91
105
93
106
94
99
101
99
106
96
104
94
94
89
77
105
95
107
98
113
102
113
112
115
122
115
104
126
113
157
150
162
151
161
148
159
148
152
145
103
114
88
100
92
98
90
104
93
103
113
109
121
115
126
119
120
138
116
110
117
106
113
106
109
111
88
99
103
106
80
103
89
99
87
98
85
92
105
97
88
106
96
77
89
105
96
95
105
101
97
96
81
111
93
104
109
100
111
100
115
105
115
111
112
126
128
114
129
126
120
107
130
106
118
125
112
99
110
95
104
103
101
101
108
92
86
100
106
95
90
90
96
94
87
84
98
79
95
78
91
84
95
94
92
86
99
87
96
80
97
94
99
100
91
103
101
90
88
114
94
103
94
90
100
90
97
92
87
80
94
88
85
91
103
94
102
95
86
94
94
73
102
94
95
85
97
87
101
88
100
94
90
89
86
98
95
83
88
87
97
86
97
91
104
95
106
107
112
108
104
112
115
104
101
112
120
115
121
108
110
119
121
107
118
116
107
100
108
96
102
101
94
100
99
82
92
99
94
97
86
86
77
67
94
101
103
88
101
89
102
102
103
105
84
101
95
78
90
102
109
111
112
102
112
91
102
82
114
81
96
89
82
95
76
92
84
94
85
94
93
91
108
105
92
104
101
94
95
89
92
99
108
97
94
100
92
86
99
110
93
96
87
106
92
101
111
112
116
102
107
103
101
120
99
98
91
111
97
104
51
39
85
113
75
113
23
67
30
43
9
8
17
4
12
5
18
13
8
8
15
19
19
27
53
29
20
32
56
73
79
81
77
93
93
87
89
104
102
91
60
80
86
95
88
105
87
108
111
107
82
87
28
65
96
101
24
20
56
73
44
103
12
15
13
36
57
56
35
32
14
37
13
73
48
11
33
3
16
12
23
29
38
12
41
30
22
20
25
4
24
24
18
17
27
36
21
41
52
20
27
32
44
43
45
60
46
37
20
23
39
3
17
30
28
30
55
63
50
42
63
37
50
28
26
59
3
5
5
4
9
9
14
25
13
31
24
24
41
19
27
20
20
46
34
5
19
40
23
13
31
14
15
28
9
26
3
6
6
13
22
18
18
19
11
8
4
3
6
6
20
20
33
14
15
17
13
19
33
21
11
10
9
9
38
36
47
40
61
60
69
74
61
49
66
73
37
25
72
68
39
26
73
55
38
36
46
38
64
34
88
84
82
72
90
78
84
71
90
88
102
84
75
100
81
95
98
107
101
111
102
106
112
121
109
113
127
120
109
112
104
113
103
107
85
92
84
90
103
108
93
73
98
87
97
91
98
81
100
96
116
102
119
117
116
110
103
109
89
110
99
101
95
99
85
44
75
28
18
86
60
47
60
3
2
4
5
10
5
44
49
41
51
49
46
66
71
69
86
83
87
65
50
66
31
83
62
13
37
87
11
8
5
26
43
29
40
41
38
47
57
48
66
21
53
33
28
50
3
5
18
22
26
28
20
48
42
55
47
46
55
61
76
77
82
82
73
86
93
80
94
71
87
82
87
72
80
84
87
61
87
58
77
35
40
65
65
76
77
19
27
11
16
30
13
28
30
50
64
66
60
72
63
28
38
57
39
40
19
3
7
10
14
26
30
47
39
46
49
58
51
76
78
72
78
73
79
88
61
72
72
67
70
70
65
82
69
82
86
58
71
51
25
25
81
40
57
48
10
16
19
9
19
13
6
7
7
8
19
34
33
22
39
47
60
77
77
61
73
36
50
54
59
39
39
57
76
6
4
20
12
28
11
40
22
15
19
8
27
30
38
35
40
48
31
47
47
44
29
34
9
4
14
26
19
14
32
35
42
47
39
35
24
27
52
40
49
27
5
11
25
31
27
58
45
59
68
60
76
75
72
97
77
94
96
58
32
35
62
75
4
5
4
15
24
25
38
55
66
66
82
66
65
91
82
79
104
117
101
102
104
54
48
100
22
35
51
89
22
75
4
23
32
12
21
17
23
7
6
26
41
21
35
45
45
71
60
55
60
55
63
39
26
41
38
36
20
7
6
29
27
29
41
37
39
38
53
28
43
25
17
61
63
65
36
31
58
5
3
24
33
36
37
29
43
38
36
34
44
41
52
24
7
6
6
36
36
33
29
13
20
35
38
10
8
17
22
18
6
3
2
5
13
6
3
14
16
26
26
23
43
48
62
70
60
73
80
84
79
82
103
105
120
105
112
116
102
110
101
105
99
101
121
101
116
104
115
88
103
82
91
95
107
113
94
99
91
76
75
70
93
94
104
80
64
62
38
95
33
96
32
70
48
5
14
21
15
35
27
8
14
24
26
23
43
40
60
59
77
75
73
88
82
103
92
113
106
104
108
101
20
32
31
76
68
44
64
85
115
4
4
3
13
15
22
23
21
44
51
62
58
59
63
75
67
87
86
107
106
99
113
114
117
105
123
115
127
113
115
125
106
20
91
113
61
73
52
34
116
39
12
24
19
14
13
16
20
9
21
18
12
5
11
19
18
9
4
9
4
7
4
1
8
4
6
9
12
5
13
10
25
21
23
22
34
36
33
39
39
55
51
55
56
61
63
35
41
42
48
25
60
7
14
27
29
26
45
15
41
40
36
25
4
22
21
9
13
10
17
20
18
34
45
57
53
47
56
53
71
13
59
49
16
14
65
43
66
61
37
9
9
5
17
15
7
8
37
24
25
32
45
31
12
19
32
12
5
15
14
18
29
34
33
44
38
37
42
73
57
70
53
45
64
72
69
84
75
87
88
87
77
97
81
101
94
99
85
95
96
99
97
105
105
92
91
83
107
99
101
92
94
53
28
27
33
79
76
84
30
12
12
30
30
28
29
51
44
56
62
61
61
60
29
59
72
42
54
16
57
57
64
73
21
22
43
41
61
63
70
84
74
76
101
98
102
113
88
91
38
46
68
97
21
16
72
22
18
21
14
12
24
15
18
3
17
30
37
35
48
45
62
63
75
68
54
82
70
67
92
92
100
115
98
91
102
111
119
102
92
98
99
103
100
82
44
53
22
67
90
58
38
94
5
5
7
4
22
25
29
40
37
50
60
60
65
79
76
82
91
87
101
91
97
104
98
78
21
86
55
104
99
34
31
70
58
42
7
25
26
41
50
49
69
66
77
77
75
91
96
94
111
94
99
95
102
99
91
99
114
102
106
99
103
112
92
97
73
85
96
87
73
97
92
74
99
90
81
97
75
43
53
63
102
74
87
31
23
35
30
24
31
85
24
64
11
5
8
3
2
5
11
33
51
50
67
75
66
83
84
91
98
97
120
110
96
50
115
21
80
77
81
57
33
4
2
5
3
17
5
8
8
18
28
41
31
19
26
14
30
47
72
63
66
62
67
70
74
97
80
92
97
109
49
55
77
26
25
71
30
96
99
5
3
18
16
28
35
36
43
43
41
71
58
47
63
24
44
46
65
34
22
37
40
39
69
67
86
70
86
98
96
113
90
94
101
108
110
112
125
111
112
107
105
116
114
84
98
106
97
93
101
111
94
84
47
61
24
62
92
57
26
60
4
5
20
20
37
40
19
40
8
24
22
37
10
16
21
10
19
4
14
27
21
40
44
45
55
56
58
52
67
59
76
65
27
59
17
76
87
39
73
5
5
12
12
8
14
19
27
23
10
31
46
57
54
76
85
74
103
102
105
118
117
119
108
107
122
129
119
124
134
69
75
106
28
97
114
74
19
38
9
22
37
36
47
49
62
51
61
22
60
32
13
78
41
62
67
78
65
59
3
8
7
26
35
55
38
33
41
55
71
76
70
97
91
97
102
99
104
45
93
80
32
100
23
69
73
100
20
38
3
22
37
35
33
44
53
50
78
88
85
92
83
95
93
35
49
88
23
78
57
86
92
65
4
3
5
2
54
54
47
50
61
60
89
87
103
97
88
72
38
100
22
60
88
33
99
5
4
28
22
22
35
33
31
58
60
69
67
52
80
78
90
101
26
79
72
38
57
102
98
48
66
80
92
70
36
33
10
35
46
68
51
24
43
48
6
8
10
5
27
29
21
15
21
14
17
5
6
20
17
28
24
14
10
21
9
15
33
39
22
39
5
15
13
6
4
3
29
9
6
5
4
12
16
14
9
28
9
23
37
48
57
51
65
63
72
68
86
92
96
97
106
91
94
112
105
112
109
125
81
90
100
110
89
83
102
88
99
76
78
79
75
70
94
76
86
75
91
26
96
44
75
52
62
37
78
55
74
49
64
66
65
92
93
115
109
122
108
129
114
116
115
121
120
106
99
107
109
91
103
89
100
92
101
80
84
90
79
100
93
99
95
55
76
104
80
92
89
101
89
94
100
97
74
75
53
76
47
77
71
65
86
95
73
74
59
77
76
91
90
118
117
112
125
126
123
120
94
88
114
116
119
104
89
103
125
103
80
115
68
105
80
91
84
100
99
104
86
75
75
93
93
104
101
92
103
106
92
95
98
43
32
67
90
70
81
52
93
80
76
64
83
44
61
62
83
83
91
93
101
91
105
104
109
108
110
109
107
95
109
125
110
129
109
102
117
103
115
97
120
85
98
107
102
94
91
78
97
68
91
96
94
103
109
114
103
118
97
111
110
96
114
84
78
97
65
92
84
90
96
98
95
76
71
91
104
111
119
103
114
107
109
105
100
102
113
108
122
117
105
93
116
68
103
80
102
70
92
83
71
97
89
107
104
110
110
107
95
92
103
103
96
114
104
105
117
111
111
128
126
137
112
119
111
106
114
112
96
105
92
106
95
99
103
64
61
58
53
48
64
80
97
88
