27
65
78
19
73
61
74
87
74
100
99
116
106
108
93
99
98
93
106
90
98
97
99
102
94
97
91
97
95
90
100
89
90
98
97
102
98
90
103
100
88
91
97
88
95
82
92
85
90
84
93
93
91
101
88
93
95
98
86
95
89
88
94
96
96
90
98
88
91
97
95
102
92
96
91
97
98
96
101
99
93
100
94
99
93
100
99
94
88
102
101
90
97
98
93
87
99
97
86
97
86
93
91
104
112
120
122
125
120
130
118
134
110
101
95
107
92
100
91
100
93
101
92
99
92
92
100
92
100
98
91
100
91
100
92
100
86
100
89
101
92
101
92
100
94
102
93
99
92
100
92
100
92
90
95
100
94
90
99
97
98
89
97
87
95
101
104
101
91
103
94
96
104
95
105
105
99
105
97
102
95
102
88
95
101
99
103
108
100
111
120
111
97
121
108
106
102
114
108
95
95
88
96
86
97
96
88
101
95
102
103
95
102
95
101
93
100
87
99
86
99
92
101
93
100
93
103
107
98
106
96
107
96
116
101
99
112
101
108
105
99
108
109
95
93
102
95
108
101
101
106
101
96
107
96
100
94
101
92
95
106
101
94
102
94
96
103
103
94
99
89
104
96
103
95
101
87
100
93
100
93
97
94
98
91
102
93
101
94
95
91
100
101
92
96
96
103
94
104
99
104
92
97
102
106
92
95
105
92
103
92
103
94
99
94
106
102
94
102
94
102
102
92
100
89
97
89
95
82
94
81
84
93
92
90
97
91
99
93
100
93
96
101
101
101
99
82
93
89
98
94
97
92
101
91
91
85
99
85
100
90
82
93
86
92
94
88
95
87
94
88
84
95
97
84
95
89
96
88
88
94
96
83
96
89
95
88
96
90
96
83
94
87
86
93
91
84
93
86
86
93
94
88
94
85
96
88
95
88
95
82
87
94
92
84
92
86
94
87
87
94
92
83
96
88
95
88
87
95
92
85
98
90
97
88
87
95
96
86
97
90
95
88
96
89
82
90
95
95
87
5752
5745
5804
5806
5799
5805
5796
5836
194
5848
138
176
126
102
114
115
125
115
114
123
109
117
81
92
86
90
98
94
87
91
86
87
82
87
82
86
2976
81
3018
3034
3042
3043
3050
3052
3109
3101
276
254
206
227
231
239
245
232
170
179
142
145
113
91
86
99
88
87
88
78
96
91
98
102
108
104
101
97
104
105
98
106
104
103
102
107
100
104
98
96
109
111
96
109
90
104
102
92
100
103
90
99
104
99
100
105
106
97
104
104
105
102
100
91
103
90
93
86
97
84
87
87
94
101
101
94
100
107
97
105
111
97
107
99
98
92
104
90
100
94
96
100
95
117
104
120
108
120
111
119
125
111
122
113
105
99
107
101
95
98
92
91
97
92
100
101
95
99
105
105
100
107
101
100
106
107
100
97
105
99
105
106
100
99
106
100
106
105
99
96
103
103
97
95
102
96
102
96
102
96
97
102
103
99
104
92
101
92
92
104
98
100
103
104
103
96
103
96
96
103
97
103
107
95
102
95
96
102
97
91
98
97
102
95
102
95
95
107
101
107
100
107
97
104
97
103
103
96
103
96
102
96
102
95
95
102
102
95
95
102
95
101
93
99
99
94
92
99
88
87
99
105
90
104
93
107
101
110
105
110
115
117
123
110
113
110
123
106
100
108
113
111
107
98
103
108
93
92
94
97
103
93
92
100
92
105
98
105
98
110
96
100
106
98
104
101
98
107
104
99
95
110
98
106
92
105
91
91
82
83
92
88
83
80
87
86
92
92
85
81
91
81
91
80
91
82
93
86
93
90
89
83
85
89
82
86
84
87
94
95
85
87
101
93
90
97
103
86
95
89
97
94
99
94
101
85
95
85
96
96
94
94
95
93
88
93
89
93
97
90
87
98
85
88
91
92
88
86
93
86
100
89
97
89
99
87
90
91
88
82
85
92
80
86
95
87
96
91
97
103
93
82
95
92
82
82
92
81
91
90
92
89
87
93
86
104
111
92
128
119
134
132
129
118
125
130
110
107
101
89
87
97
86
97
91
95
101
96
96
101
95
96
103
94
101
93
106
107
100
100
105
99
97
105
96
99
108
97
94
106
97
93
106
101
93
106
103
98
107
103
97
104
101
95
102
103
99
94
105
91
99
107
100
93
92
106
99
104
92
100
106
96
92
102
100
95
98
103
107
101
100
108
102
104
105
98
102
109
93
106
98
100
102
107
94
102
109
95
100
96
102
111
101
101
106
111
104
97
110
102
103
99
100
94
101
98
92
100
100
94
100
99
94
101
104
93
99
106
100
93
104
103
97
105
89
96
102
90
98
92
94
95
88
95
89
85
95
81
89
82
88
86
78
85
92
87
101
100
102
96
104
103
104
98
101
100
93
107
97
93
107
101
95
107
105
106
99
103
97
106
102
102
95
102
92
93
98
99
92
100
101
96
103
92
106
95
98
95
95
88
95
93
86
102
96
105
99
99
100
93
94
93
100
90
84
87
91
77
92
86
94
94
94
94
99
95
101
95
97
100
94
94
99
103
88
93
102
96
103
91
99
105
93
93
103
96
96
87
95
89
96
96
90
96
91
90
93
86
103
96
102
99
103
96
101
99
92
101
87
93
98
89
89
91
95
86
99
99
88
100
95
86
100
105
93
97
86
99
93
99
95
94
88
92
94
96
103
103
98
104
105
99
107
108
101
94
100
105
99
101
102
95
100
101
97
93
103
89
95
101
100
87
105
96
90
101
104
100
107
93
99
102
86
100
94
93
99
105
94
90
109
98
103
105
106
100
106
99
95
105
100
93
102
90
101
95
97
105
99
99
100
102
91
91
101
101
96
97
103
96
99
101
101
96
100
95
102
102
97
91
103
91
99
104
90
104
111
109
109
102
109
113
107
109
108
94
94
102
97
104
105
99
93
105
92
99
104
92
101
108
94
99
100
88
98
91
91
84
92
96
95
87
104
104
109
103
118
111
115
102
101
102
113
104
107
98
99
106
96
98
84
107
95
110
116
114
133
123
141
127
138
122
142
129
132
122
129
115
118
122
127
115
121
130
116
106
109
121
95
81
81
104
97
69
39
49
48
73
74
89
88
114
115
122
115
112
112
113
112
111
117
101
111
114
113
123
112
112
106
104
110
108
112
105
103
104
105
120
123
114
111
113
146
155
156
144
137
154
136
156
141
150
110
106
121
123
130
112
126
114
138
130
127
139
145
146
144
156
138
145
130
141
146
143
138
148
142
127
132
133
135
140
140
132
131
131
129
122
134
128
129
117
130
122
130
134
130
122
135
134
127
130
128
122
112
130
117
129
111
123
114
118
105
111
123
107
96
92
82
79
71
66
56
52
113
36
34
55
51
71
71
89
87
107
115
118
117
123
118
113
113
108
100
108
97
96
85
80
68
76
69
89
86
103
100
110
110
113
128
110
101
116
103
101
98
109
106
114
97
100
109
107
115
108
97
104
96
104
93
102
98
102
109
112
97
112
101
108
102
101
113
97
111
101
100
93
99
100
106
93
110
93
94
110
105
103
104
92
109
98
102
96
100
99
93
107
94
109
109
99
106
106
104
109
107
107
104
110
105
111
97
116
99
116
100
98
116
115
105
98
104
99
110
96
95
104
98
104
92
99
111
107
90
97
101
96
93
104
98
100
99
120
127
136
124
141
134
139
131
141
141
118
117
118
111
118
111
118
111
117
110
117
109
116
109
118
111
119
110
117
109
111
118
120
111
111
118
114
110
123
114
115
109
102
110
93
108
104
94
99
107
94
101
88
101
138
137
140
148
144
139
138
133
148
137
95
93
91
98
91
87
95
97
90
94
99
99
99
95
85
97
87
86
94
87
89
82
84
79
86
76
84
74
86
89
76
88
76
90
78
92
80
81
89
88
86
88
95
92
87
87
96
96
99
85
14947
14952
14954
14942
14957
14966
14957
14963
14960
14957
118
117
126
121
133
117
164
160
175
158
157
146
143
149
90
83
136
76
68
54
54
48
74
8
34
36
39
51
51
60
71
69
126
126
129
140
131
144
140
143
91
87
88
82
72
131
61
55
45
46
59
32
31
39
55
64
54
75
88
87
96
99
111
98
95
105
110
99
155
153
155
156
154
153
161
149
145
102
96
100
92
81
82
70
70
64
105
48
45
4
30
36
44
34
54
66
75
65
85
94
94
92
90
100
99
87
96
99
89
101
99
102
92
95
96
106
97
97
100
97
91
104
98
107
92
104
107
97
91
101
97
101
95
97
99
97
112
107
113
104
102
102
103
101
107
101
92
104
100
102
103
100
102
99
96
104
109
95
97
105
96
110
104
105
96
107
102
102
99
101
100
98
99
102
103
98
103
103
100
102
102
100
109
94
97
99
101
99
101
102
105
101
97
106
99
110
97
109
101
99
97
108
100
100
97
110
101
97
106
99
111
97
106
98
98
95
104
96
99
85
94
96
97
96
106
93
95
103
102
103
109
98
94
97
97
98
96
82
97
83
97
93
87
97
87
97
88
93
90
95
95
94
93
95
103
92
101
97
92
95
106
97
97
95
101
106
101
91
105
105
101
93
107
96
99
96
108
98
97
96
108
99
94
110
101
101
98
95
97
97
95
97
99
96
94
96
97
100
108
100
98
99
100
96
95
97
96
92
94
95
94
95
92
95
99
107
101
102
101
102
104
93
106
94
108
103
93
107
108
93
102
90
103
93
91
92
87
98
93
84
95
98
92
96
101
106
97
93
103
109
96
98
105
109
96
98
106
109
98
113
111
114
121
116
107
118
120
108
121
106
97
109
104
102
112
97
101
88
97
101
100
101
89
95
91
104
95
95
104
94
91
101
106
105
95
110
113
112
108
113
123
115
115
102
106
95
104
98
103
92
91
104
95
96
97
91
91
104
90
100
91
101
94
102
100
97
105
90
100
102
101
97
105
95
92
101
102
97
109
93
105
97
101
103
92
103
101
93
96
106
94
108
103
103
100
101
99
98
104
97
96
89
100
104
95
101
88
99
101
95
100
100
99
98
108
95
107
95
100
108
100
101
104
92
94
105
89
103
95
91
90
97
83
93
101
91
86
93
95
97
96
98
99
93
92
102
106
92
106
102
100
101
96
103
94
98
92
95
85
92
102
96
88
98
95
97
103
97
89
101
93
92
90
99
94
101
98
96
95
93
103
102
109
102
100
98
97
107
100
104
88
94
99
96
102
105
92
95
106
93
101
104
110
100
103
90
96
104
98
97
103
92
90
89
93
90
89
90
93
104
92
97
101
96
101
108
101
101
100
98
105
105
105
108
110
107
106
105
116
113
103
113
114
101
106
94
105
96
96
99
100
110
97
109
98
109
109
104
116
106
116
98
109
98
109
101
103
107
97
107
97
110
111
104
105
114
106
110
105
99
100
106
111
105
118
100
106
113
107
118
109
116
106
99
109
104
110
107
101
108
112
100
110
108
111
105
118
107
101
111
109
103
116
107
103
114
102
115
109
105
106
110
110
115
122
102
108
113
107
119
111
110
109
97
109
102
114
95
101
106
101
112
107
99
107
102
102
112
106
106
100
102
105
99
105
100
107
109
103
111
106
118
107
107
101
117
111
103
113
103
108
103
116
109
112
128
122
136
123
121
116
124
125
120
128
98
96
93
100
97
100
97
106
106
105
99
109
99
106
97
92
102
105
94
98
97
94
99
100
99
102
102
98
108
111
101
103
102
100
110
102
93
93
91
99
104
102
103
92
100
97
90
107
101
111
108
94
96
107
100
100
100
99
97
107
92
106
94
103
98
105
97
107
105
101
92
102
101
97
105
95
96
92
101
95
103
98
96
95
104
98
100
108
101
101
102
100
111
104
107
99
95
97
103
109
98
95
103
97
100
107
100
102
100
99
109
111
100
106
95
103
96
107
109
97
102
101
97
90
101
107
97
98
97
96
99
93
103
106
96
97
101
96
96
105
108
107
93
96
107
93
103
100
99
97
97
98
97
93
98
102
101
95
100
100
99
98
109
100
102
105
93
106
100
100
99
100
97
95
93
97
102
101
96
103
102
92
92
104
97
101
90
90
103
94
102
92
104
100
100
102
103
97
96
102
106
97
94
103
96
102
107
102
102
102
107
97
110
112
100
100
102
101
107
97
101
104
92
93
102
93
98
95
88
100
91
106
106
96
99
98
102
96
105
102
89
103
98
95
86
100
105
100
90
98
95
98
100
107
98
92
100
98
103
99
100
107
96
97
100
102
96
103
104
90
104
89
102
96
100
89
101
102
88
96
91
106
103
98
96
106
102
89
99
98
98
100
98
96
100
96
100
88
104
98
109
103
91
103
101
96
104
96
95
94
101
100
99
99
100
101
103
98
102
101
104
99
98
105
100
95
88
104
109
97
98
100
99
94
101
105
96
92
94
102
105
99
96
93
98
94
105
110
99
100
100
101
104
100
104
109
99
101
104
104
100
99
110
101
89
104
91
105
102
100
99
96
95
106
95
98
94
114
109
121
114
116
118
105
110
115
113
98
104
92
102
97
98
101
108
106
96
102
102
103
90
102
90
103
104
96
90
100
94
98
97
98
95
106
101
92
104
102
103
100
108
98
98
96
108
99
103
99
102
89
97
106
97
98
98
96
99
94
105
105
92
94
106
92
97
105
97
97
95
99
99
97
96
99
109
102
101
106
105
90
104
95
101
97
91
86
101
103
99
90
97
94
90
103
97
98
98
97
107
99
99
102
97
98
105
108
107
96
98
95
99
97
103
106
94
94
103
94
100
106
100
105
95
103
94
107
106
97
96
99
97
100
104
94
106
104
92
106
97
95
107
99
100
127
117
124
124
122
134
126
127
140
105
105
130
108
114
107
103
117
114
117
112
118
122
111
117
112
121
114
107
109
110
102
103
106
206
194
210
257
260
259
254
266
256
263
162
168
171
114
106
98
93
85
82
73
62
50
41
51
61
71
81
91
101
110
120
130
117
114
114
115
114
113
113
113
112
112
107
111
111
111
111
111
112
111
111
111
113
113
113
112
113
113
113
115
115
115
114
113
112
112
111
111
111
111
110
111
110
111
113
114
112
112
112
112
113
114
113
113
113
113
114
115
114
113
113
112
113
112
112
112
111
111
111
113
112
113
112
112
113
114
109
112
112
112
111
110
110
111
110
110
109
111
110
110
110
109
110
110
111
112
112
111
107
105
100
97
97
97
97
97
97
97
101
105
109
113
114
113
112
110
110
110
111
111
112
111
112
113
114
114
114
114
115
113
113
113
113
113
111
111
112
111
110
111
108
110
109
109
110
110
108
109
109
110
110
111
111
110
110
110
110
109
110
108
110
110
110
111
111
112
112
112
113
112
111
110
112
110
111
111
111
111
111
113
113
113
113
113
114
113
113
113
113
113
113
113
114
113
112
111
111
111
111
111
111
112
112
111
110
112
112
113
112
101
112
106
113
104
103
112
107
98
100
99
105
111
92
96
95
105
103
102
104
101
103
97
108
101
100
99
98
108
101
100
100
101
99
98
101
100
101
100
101
107
98
94
96
104
109
97
93
95
103
101
105
104
99
103
102
101
103
103
101
101
96
100
99
102
99
98
101
100
102
101
99
102
101
102
102
100
102
102
101
100
101
99
94
99
93
103
95
96
99
87
99
100
96
105
106
93
107
96
104
99
107
109
98
99
98
98
102
100
96
105
92
95
105
97
99
98
95
106
97
102
92
104
97
94
98
92
102
100
100
97
105
93
102
106
92
105
107
95
99
108
101
100
107
96
116
115
111
117
117
110
104
119
119
99
106
103
97
116
109
121
111
115
120
114
121
114
122
118
113
111
133
134
114
125
113
127
121
119
129
128
120
124
122
121
134
129
133
119
120
131
108
126
120
114
102
111
104
105
101
106
98
103
93
94
88
89
89
88
92
91
97
97
105
104
112
106
113
114
102
103
101
102
101
103
100
102
109
94
104
107
97
93
101
94
85
96
99
94
105
94
111
102
105
98
97
104
96
102
97
98
93
96
92
104
90
89
96
95
107
96
102
104
95
110
111
103
102
98
111
101
103
105
103
105
104
103
103
108
93
100
90
99
103
101
100
99
107
104
105
108
102
97
116
102
101
104
112
97
104
113
98
116
113
102
114
105
101
105
95
108
105
104
100
104
106
102
113
101
106
106
109
107
104
103
117
107
104
101
116
109
95
103
101
107
108
107
98
100
98
98
97
103
93
98
90
103
95
102
100
91
105
88
101
104
98
110
94
105
100
112
112
111
116
110
111
104
110
97
114
103
110
97
100
93
100
87
100
84
92
97
94
95
94
92
98
96
93
104
95
97
96
97
95
92
101
102
102
105
98
103
103
104
105
101
103
107
98
95
94
93
94
95
105
94
107
92
101
94
106
104
105
100
110
100
100
107
99
106
106
110
106
113
108
115
115
112
111
113
120
106
121
111
94
103
99
106
97
109
114
99
106
109
111
112
112
100
117
115
97
106
93
100
110
101
104
104
105
99
106
106
117
118
100
103
111
98
111
95
97
103
91
103
90
106
99
105
98
90
105
105
107
102
105
116
107
106
99
106
88
95
84
91
102
86
101
88
100
103
102
102
101
111
104
121
112
118
125
116
138
122
133
141
119
115
107
107
110
120
97
104
93
113
103
101
106
97
112
109
99
112
95
106
91
99
108
99
100
110
100
103
106
105
119
112
110
112
98
102
112
105
89
107
107
98
93
107
111
103
100
93
99
101
96
103
103
97
93
99
93
88
98
88
99
93
97
108
95
108
98
100
99
101
98
107
106
92
99
97
104
103
108
101
108
107
96
106
100
111
104
110
109
103
104
109
116
122
108
110
115
105
101
108
106
114
110
96
103
107
107
106
115
103
99
109
106
108
102
98
114
107
96
109
101
113
97
104
103
99
105
97
104
95
107
95
110
101
97
109
100
102
101
99
113
98
104
114
104
105
112
96
104
98
102
95
99
98
114
98
115
110
103
110
98
105
90
97
107
98
104
104
104
102
106
105
104
105
112
105
100
108
96
100
96
90
102
98
97
92
104
97
106
97
96
103
91
97
91
98
98
91
103
107
99
98
99
104
115
99
112
105
109
95
92
104
96
99
93
94
96
97
92
91
96
99
109
107
93
90
106
106
95
103
106
92
91
103
106
103
113
96
101
108
103
93
98
104
111
98
92
100
95
93
88
90
99
86
94
93
93
102
108
109
113
107
104
109
103
108
110
99
100
102
101
102
104
106
94
106
108
101
102
114
97
107
113
97
101
108
103
97
110
95
100
108
90
98
95
105
101
108
99
101
105
98
101
104
99
109
102
102
100
102
105
97
103
92
100
91
96
109
94
95
109
99
107
110
106
114
102
107
101
106
103
94
110
100
89
106
96
84
98
93
84
91
104
95
98
98
93
99
99
109
101
88
103
92
98
92
99
97
102
90
105
90
100
91
108
113
104
116
100
113
113
116
112
112
120
107
98
111
104
100
114
109
107
112
104
98
96
108
107
106
112
117
110
107
118
109
103
115
109
106
113
99
107
98
104
109
114
95
103
106
103
108
115
106
114
109
100
94
106
101
96
104
97
108
107
98
105
108
95
95
102
104
96
93
105
94
98
108
101
103
103
115
101
108
101
93
106
97
98
106
101
101
95
108
99
100
100
101
95
104
100
99
103
101
102
104
105
98
105
103
96
103
91
104
96
103
108
92
101
103
97
102
100
98
108
101
106
105
108
111
95
109
108
103
101
109
98
112
105
101
109
100
108
101
101
103
109
93
94
95
108
98
101
95
99
95
112
105
97
110
100
101
98
100
107
101
99
91
103
107
90
99
95
101
105
102
100
103
114
110
98
105
117
103
113
99
98
105
97
103
107
90
107
92
110
101
96
113
97
96
113
95
108
88
99
102
94
90
86
94
89
86
92
93
108
93
101
94
107
108
100
102
108
96
94
95
101
94
96
94
95
106
90
97
106
92
105
98
104
107
108
96
107
109
104
97
103
88
88
99
82
72
74
73
62
65
76
71
64
66
66
68
65
66
70
69
68
67
74
82
72
94
94
89
100
107
109
119
116
131
112
129
118
99
133
108
122
438
427
436
450
451
432
450
438
456
132
454
140
145
141
145
152
159
150
149
165
156
174
159
159
156
159
155
151
159
142
140
138
137
133
141
122
128
121
125
118
126
115
125
118
126
119
125
118
122
129
147
22072
22060
22075
22060
22073
22055
22040
22037
22008
73
66
56
50
22059
32
40
63
67
70
72
75
78
62
79
75
75
6
11
29
34
47
42
114
114
129
129
145
144
154
147
145
150
78
70
70
62
59
53
49
80
6
36
35
46
40
110
109
126
125
143
144
154
148
153
88
91
97
92
98
86
85
97
91
92
86
101
107
162
151
163
164
153
168
156
141
166
92
88
96
84
94
88
84
91
92
81
93
87
97
91
98
93
99
94
92
98
98
92
98
93
97
93
92
101
91
89
94
100
86
100
95
89
97
96
93
91
96
95
89
89
94
101
94
90
95
88
97
91
85
91
85
88
82
78
87
89
86
79
93
84
83
92
93
84
91
86
97
91
95
88
96
87
95
90
95
90
94
90
88
97
100
99
106
99
102
107
113
107
107
120
112
103
107
109
105
113
136
128
128
136
137
129
128
135
136
106
106
113
113
105
105
112
104
111
102
110
110
102
107
99
106
100
107
99
107
100
100
105
99
105
105
97
105
97
104
97
97
104
99
105
100
106
104
96
96
103
103
95
95
102
102
96
97
104
104
97
102
99
99
107
107
101
99
106
107
100
100
107
100
107
98
105
103
98
99
106
105
98
105
98
105
99
105
98
98
104
99
106
95
91
104
94
106
97
109
110
102
107
101
109
102
108
101
99
107
98
106
99
106
108
101
100
108
100
108
105
98
107
100
99
103
92
91
104
102
92
91
104
104
97
97
104
97
104
105
98
99
99
105
105
93
102
91
104
90
90
101
101
95
93
100
95
101
95
101
96
102
97
104
98
105
99
104
99
101
106
98
109
109
98
110
97
107
96
102
109
102
96
96
102
99
92
94
100
96
88
95
102
100
94
102
95
97
103
104
97
98
105
107
100
107
99
100
107
107
100
106
99
103
96
98
105
96
98
104
95
108
107
97
95
108
95
106
107
100
101
93
95
102
95
101
94
100
100
92
95
102
103
96
99
104
99
105
106
99
96
104
104
96
103
97
104
98
104
98
97
103
102
96
103
96
98
104
104
98
101
106
107
101
100
107
97
105
104
98
104
98
104
97
105
99
105
98
106
98
105
99
97
105
104
97
105
97
96
104
103
98
106
99
105
89
86
77
73
65
61
52
98
