32
47
36
63
49
66
96
100
117
116
125
114
128
114
127
107
114
124
104
108
110
120
112
120
112
117
112
92
116
105
74
86
112
92
103
107
94
106
100
106
100
86
86
105
102
107
100
118
113
125
121
121
127
130
123
132
126
116
116
107
105
83
112
102
94
105
80
109
53
83
77
53
98
92
100
86
101
84
88
72
79
98
96
103
109
116
101
95
107
111
103
89
107
102
113
107
101
93
84
107
100
99
106
98
108
93
102
95
95
105
102
85
109
94
105
92
102
106
113
108
112
122
109
99
109
119
102
95
112
99
105
101
100
107
96
112
104
106
109
96
122
113
100
96
105
87
92
103
95
109
105
107
102
105
98
113
107
108
109
120
113
118
112
122
124
107
107
122
107
118
104
124
107
114
103
115
101
116
99
100
107
117
102
109
106
108
104
110
103
103
107
89
104
98
108
81
97
105
95
83
100
65
90
70
84
70
98
96
99
96
114
116
133
126
111
109
125
115
104
125
122
125
122
114
126
123
115
108
114
111
111
111
109
102
89
94
88
87
81
81
88
81
93
89
102
94
103
98
101
108
110
105
120
107
92
94
100
106
101
103
95
110
101
117
111
125
127
131
117
134
121
127
118
117
127
123
113
121
97
107
127
111
121
108
113
103
86
104
98
103
90
96
89
85
72
67
91
49
93
88
89
100
72
65
67
87
102
83
76
73
80
88
83
86
82
96
86
78
91
78
84
74
107
112
103
116
111
124
112
127
110
129
100
112
82
104
105
88
103
99
80
87
89
96
95
106
97
113
92
99
92
110
90
104
87
89
90
105
96
90
104
99
98
83
92
78
85
98
88
104
90
102
91
94
101
104
97
92
103
85
86
72
67
67
61
82
80
83
72
70
85
73
85
84
81
82
80
94
83
103
88
100
84
79
91
80
87
83
93
87
95
88
105
94
111
97
96
113
100
97
100
94
101
100
101
91
90
96
75
103
88
95
83
4675
4696
4688
4692
4692
4691
4685
4677
4710
4709
127
51
58
61
49
53
30
63
100
49
89
49
77
77
94
95
99
100
101
120
98
94
86
90
84
72
87
91
89
101
73
77
88
88
93
86
89
82
64
70
76
77
83
88
82
82
85
87
80
57
93
87
43
51
90
5335
5325
78
52
69
68
90
85
101
100
121
114
124
118
165
149
168
162
178
170
185
176
182
174
136
105
129
137
138
137
157
128
134
138
142
94
113
91
110
99
113
105
123
89
76
117
100
87
69
95
76
108
90
76
70
87
87
98
94
107
106
103
91
96
91
97
92
103
94
105
95
101
91
101
102
78
88
90
87
78
90
88
96
67
90
84
85
90
111
105
115
109
231
218
236
221
199
237
212
205
219
98
89
112
91
104
101
98
100
88
102
92
103
105
99
103
103
98
110
101
110
100
107
97
112
103
100
108
93
107
85
110
102
109
97
102
93
97
105
99
104
94
98
104
109
99
106
105
105
107
89
104
97
81
86
68
104
107
101
87
108
102
102
101
118
96
98
92
111
106
97
110
104
102
117
106
96
107
108
112
94
106
108
102
105
112
118
108
112
101
108
105
99
106
106
96
102
97
103
90
101
88
102
88
92
104
105
98
112
102
113
100
116
108
113
111
117
110
111
101
118
110
117
114
118
116
120
117
114
122
114
119
120
117
94
115
108
113
90
74
101
84
101
91
100
103
119
96
111
107
91
101
71
81
102
94
102
113
108
96
111
83
96
97
117
108
125
108
121
114
121
112
120
111
116
94
102
101
117
93
106
67
102
49
85
79
89
95
97
95
104
74
102
76
102
99
106
94
104
94
103
95
94
111
111
104
118
103
118
111
107
118
112
123
119
111
115
120
122
110
124
122
123
120
122
114
123
107
121
114
119
117
119
112
117
116
111
119
114
111
108
105
99
91
106
79
88
100
94
105
100
118
107
97
116
109
117
109
88
101
95
101
98
108
103
97
107
99
89
115
102
96
106
121
112
109
117
104
123
110
125
121
108
93
102
122
107
104
116
105
84
100
107
99
108
80
95
102
92
105
104
108
100
95
106
107
99
106
98
103
89
93
97
100
92
99
87
102
91
107
103
111
106
112
101
111
104
97
112
109
102
95
107
108
95
111
103
110
103
108
101
103
94
100
86
93
100
97
87
89
82
94
93
90
80
93
84
95
93
100
98
97
94
94
93
97
104
103
91
103
91
89
101
102
98
102
93
99
88
99
93
100
80
90
94
77
88
97
91
98
92
96
77
95
91
102
95
102
90
89
82
99
88
96
79
102
84
93
81
92
94
95
87
102
89
89
89
101
94
90
98
79
75
92
86
83
96
76
98
101
90
108
97
108
99
89
113
106
99
107
95
109
106
101
110
109
94
103
110
104
91
110
108
95
111
104
116
105
115
84
102
111
103
113
106
100
114
106
98
94
79
91
69
103
93
103
112
114
113
133
133
154
140
120
85
99
111
105
118
118
116
119
107
95
114
73
111
86
100
109
101
108
95
105
83
84
82
82
108
101
114
101
100
88
102
97
88
101
90
104
106
93
109
103
102
115
107
109
119
122
112
129
114
124
115
116
125
121
110
119
111
114
105
113
104
112
101
116
107
103
114
113
107
115
107
117
108
105
113
110
99
110
113
114
105
115
110
113
116
117
103
120
121
109
123
110
123
111
121
113
111
124
118
111
116
108
100
113
115
106
114
104
110
117
116
115
120
105
114
118
114
118
105
110
102
119
99
111
97
107
99
96
106
96
108
107
99
106
99
88
80
102
93
102
93
95
106
84
106
105
104
122
120
112
122
78
97
86
106
122
105
97
108
97
96
88
97
96
118
113
116
108
114
106
91
110
103
108
86
86
92
78
86
92
91
76
87
93
95
90
95
87
76
88
86
81
96
92
77
70
82
92
92
82
79
98
91
98
106
82
94
93
111
97
104
93
102
95
99
89
100
97
80
98
85
93
87
93
84
95
96
85
100
85
103
98
105
105
110
100
108
99
102
96
105
99
101
83
81
88
90
94
83
98
95
90
97
89
104
98
97
109
79
90
99
92
86
75
76
83
89
80
71
78
77
87
81
78
90
74
86
72
90
85
96
97
91
95
107
91
108
61
85
89
79
68
93
84
85
93
97
97
106
80
94
93
104
106
97
107
98
99
106
111
98
109
99
107
101
98
106
105
105
96
99
92
103
91
89
88
79
89
69
80
87
75
87
83
100
89
98
89
95
91
105
100
105
92
107
101
107
100
87
112
88
97
107
100
106
99
94
105
108
104
102
95
98
111
104
95
88
97
100
100
93
100
97
104
95
105
92
110
102
125
91
101
107
119
89
124
103
117
8876
8862
8909
8894
8899
8864
8915
8941
125
132
109
118
122
119
119
111
84
78
80
74
114
28
27
42
42
66
77
79
104
109
108
116
124
122
118
109
111
99
99
110
100
107
99
117
106
115
100
111
103
90
106
118
107
122
129
107
138
132
134
151
144
127
136
121
117
110
108
126
129
119
124
117
123
121
118
111
97
81
106
99
91
98
86
99
94
110
101
90
77
103
70
106
105
100
85
61
83
78
75
92
90
82
93
88
106
98
100
107
99
90
111
118
105
102
94
115
102
114
106
104
103
113
120
117
128
115
123
118
124
117
125
124
113
124
112
125
113
124
111
124
114
123
109
121
114
118
111
116
98
105
126
108
101
82
69
113
87
100
87
82
105
99
114
113
114
116
114
125
139
121
112
107
113
112
109
113
103
117
105
116
106
122
113
124
114
104
124
117
125
114
123
102
114
101
114
99
112
103
109
111
115
118
110
126
109
119
104
109
112
109
108
94
91
104
81
92
96
80
106
103
112
101
105
116
113
104
92
103
115
107
101
115
113
107
109
97
104
90
117
102
96
105
97
111
103
115
113
119
121
114
101
109
115
102
115
103
108
102
111
113
101
120
106
121
104
118
106
120
111
118
113
118
109
119
112
106
114
108
104
108
101
105
108
105
96
107
101
115
99
112
105
113
105
106
99
91
114
98
112
101
107
100
116
107
110
109
113
113
106
124
106
119
108
108
107
106
119
118
110
117
110
116
109
115
106
115
103
100
114
94
115
104
119
100
101
115
119
117
118
102
113
111
103
116
113
112
111
104
108
115
118
112
117
106
95
106
101
123
105
96
109
76
101
81
114
106
84
97
61
77
67
88
88
87
94
93
85
89
90
98
85
89
89
91
91
85
95
99
93
108
100
95
87
106
115
113
124
113
109
116
122
140
142
155
127
134
124
142
131
140
136
105
126
113
131
119
123
109
124
108
118
103
103
116
100
90
102
90
103
90
102
94
101
94
91
83
102
95
100
106
101
109
95
102
90
110
108
103
99
111
83
79
92
105
110
91
109
92
79
100
95
90
98
84
95
99
98
97
115
114
105
98
104
91
95
104
90
86
90
100
103
87
92
109
99
113
112
123
111
115
107
130
109
121
109
120
112
109
114
126
108
111
101
96
119
112
104
94
113
86
93
104
92
91
93
98
90
94
100
107
96
100
92
112
103
105
115
92
110
89
104
80
89
114
64
117
101
92
111
86
107
99
107
85
101
101
112
104
107
99
102
98
90
102
103
94
99
93
93
115
96
98
104
110
100
110
110
121
108
120
113
101
111
110
119
102
115
94
112
95
116
108
105
97
118
102
119
114
122
120
110
106
117
108
115
110
113
104
113
108
115
112
115
109
113
111
115
109
115
108
111
84
109
90
114
111
1276
1269
1258
1272
1245
1227
55
47
35
1274
1236
1233
20
18
33
35
36
37
38
31
24
25
26
24
7
8
34
33
43
42
44
44
59
58
72
73
81
74
76
75
74
84
72
69
82
65
53
68
56
67
63
50
94
77
80
90
90
101
92
100
74
70
70
81
79
67
74
63
65
67
66
47
54
60
34
38
42
59
56
59
42
54
55
57
47
57
58
66
67
70
76
65
67
70
76
66
67
76
67
64
68
57
55
64
72
68
74
72
73
83
75
82
79
91
72
78
64
69
65
1158
1165
1174
1171
1208
1231
129
117
1214
133
129
127
1229
134
48
52
54
56
58
60
48
46
47
48
66
99
113
156
26
33
32
53
48
48
50
48
46
48
47
45
59
91
54
48
64
64
77
81
95
95
98
108
106
95
107
100
108
79
64
54
74
91
99
81
89
87
69
70
84
69
89
88
108
102
116
103
111
112
117
103
115
101
99
104
92
103
89
98
86
95
89
98
105
111
100
113
103
100
112
100
111
98
104
95
104
97
80
97
66
88
96
83
85
99
100
95
106
104
99
98
102
96
107
99
69
87
79
99
92
153
144
139
119
150
130
134
151
144
131
110
95
105
105
113
116
86
78
66
69
61
62
121
90
108
122
31
25
33
42
34
69
67
82
81
104
101
116
105
118
109
118
111
113
98
120
96
114
107
107
115
60
84
99
79
86
69
87
91
85
95
84
92
82
100
100
109
95
106
104
104
102
104
101
104
102
105
103
103
106
107
105
134
133
116
146
130
145
129
141
130
140
101
101
94
106
103
109
106
106
104
108
106
110
103
110
103
109
107
100
112
108
102
107
104
107
99
105
103
104
102
107
103
108
103
107
104
88
116
101
119
105
103
107
125
121
112
111
125
123
105
102
122
97
117
91
105
99
109
103
116
104
119
103
120
105
109
87
101
103
97
110
98
106
86
95
104
98
91
98
82
92
81
92
82
89
83
84
93
87
86
97
92
92
97
98
87
95
88
101
101
91
87
82
69
94
94
100
91
99
83
94
95
80
88
95
95
87
96
87
98
86
96
97
91
109
94
107
96
104
104
112
96
108
99
103
96
101
93
98
87
98
91
94
98
88
86
91
77
95
90
95
85
100
88
98
89
92
85
95
85
96
85
94
96
98
87
99
88
95
94
88
97
85
95
87
94
89
98
94
103
93
105
93
102
95
99
87
100
93
98
86
98
87
98
90
100
94
100
87
99
92
97
91
97
92
95
78
90
88
98
99
89
104
89
92
97
90
100
88
98
89
95
90
98
96
101
95
103
92
103
92
101
95
98
93
99
92
97
91
97
91
98
92
98
93
98
92
101
96
95
101
102
93
92
76
84
102
100
96
99
90
97
90
97
80
86
87
84
96
78
90
79
95
84
100
88
105
102
101
117
104
101
108
99
112
105
99
107
101
106
105
98
106
99
99
109
86
104
98
109
99
108
97
106
94
105
103
103
101
101
98
89
96
106
93
103
106
99
91
93
102
76
105
90
84
104
95
92
70
83
64
104
96
75
86
85
85
88
77
88
89
79
99
101
93
97
104
110
103
97
116
108
116
119
108
124
107
112
121
122
112
114
125
123
119
122
115
133
135
133
125
134
128
113
132
130
131
106
107
119
115
91
81
111
107
98
89
104
111
101
98
97
99
101
108
116
79
95
98
84
94
98
83
72
101
89
76
89
98
78
105
101
99
101
105
107
100
109
91
103
96
109
101
113
101
108
97
101
113
111
103
123
115
100
113
102
107
106
116
118
113
108
109
99
95
106
98
90
98
87
100
96
105
98
97
106
109
101
109
98
94
106
106
98
103
95
88
101
97
91
80
95
85
87
81
85
91
94
87
102
100
100
91
104
96
99
92
95
68
55
74
86
92
92
85
96
83
99
82
89
80
93
95
89
93
82
100
89
99
88
95
94
97
103
77
93
79
87
93
101
93
97
85
96
80
85
86
82
92
91
95
82
99
88
85
95
69
82
95
103
84
99
94
106
101
81
76
71
68
77
76
98
98
115
99
110
96
110
112
126
85
118
102
97
105
98
99
105
109
101
118
109
90
106
80
96
102
94
103
96
100
96
96
113
105
116
106
115
108
116
107
109
118
120
108
103
101
110
114
101
118
100
116
96
110
100
112
108
112
99
112
110
114
108
118
111
101
118
107
114
107
125
107
122
109
105
125
120
112
117
110
116
107
111
108
106
115
113
93
107
100
112
96
101
111
105
107
105
85
87
112
103
111
105
112
104
106
116
104
101
115
108
114
106
112
103
111
101
113
105
118
111
116
106
112
119
119
112
114
103
107
100
108
94
96
85
74
105
94
97
91
96
101
68
94
105
96
91
105
97
87
85
92
88
106
108
108
121
106
121
122
133
124
123
120
121
114
122
112
101
111
122
118
108
126
113
111
124
136
114
109
132
125
118
125
112
126
116
122
116
122
114
110
123
124
118
124
114
122
119
119
121
109
119
116
110
112
104
109
112
110
107
107
111
113
114
108
121
108
109
124
122
110
130
112
122
120
120
113
117
109
129
117
105
107
106
104
104
102
112
97
112
97
114
104
118
109
120
118
121
113
122
106
98
122
103
102
116
105
124
106
118
108
107
122
112
121
111
110
121
121
111
120
106
119
112
119
111
118
109
119
114
116
107
115
109
114
107
114
105
112
108
110
117
118
112
118
109
117
109
116
106
115
106
95
114
117
117
102
109
102
119
102
98
112
111
96
109
101
110
103
111
118
106
117
111
124
112
127
113
115
125
121
113
118
120
117
110
115
108
114
103
111
109
107
85
66
105
88
101
92
100
86
99
87
82
81
96
96
114
105
113
108
103
98
113
107
101
116
101
104
121
112
105
110
101
114
113
102
75
85
110
94
89
93
95
89
87
93
87
96
95
110
100
109
109
99
114
107
115
101
106
106
107
94
100
108
104
97
99
95
97
88
98
91
77
67
88
61
95
89
95
100
90
99
67
82
84
80
91
86
73
77
67
84
83
87
86
78
93
110
107
112
90
103
110
114
106
126
108
116
106
123
109
126
120
126
121
125
117
112
120
120
114
116
109
118
109
115
105
115
112
114
115
111
112
118
120
124
122
125
116
116
101
102
107
79
74
95
81
86
94
99
116
101
127
127
137
135
95
153
132
154
112
100
118
104
108
116
115
131
126
126
116
118
108
96
55
57
56
100
109
6
116
12
31
6
6
16
15
20
28
25
45
42
44
41
73
73
886
891
891
887
871
866
861
858
852
129
27
37
48
48
73
75
95
94
98
98
90
81
68
63
56
93
2
16
35
32
47
46
65
65
85
86
103
104
122
115
132
118
119
132
132
119
113
128
114
104
121
115
109
114
106
109
120
111
89
102
107
83
95
109
105
114
112
116
117
102
114
104
96
95
102
102
99
94
99
103
104
118
107
112
95
114
102
101
95
107
97
104
96
120
120
136
130
148
140
149
141
154
155
130
115
127
116
120
110
129
114
113
113
123
137
128
138
134
116
120
134
108
141
138
94
121
105
114
99
72
109
108
118
103
116
95
116
77
59
77
112
92
84
107
43
62
96
58
89
82
76
90
76
96
98
102
101
109
98
116
120
104
118
109
73
87
94
98
94
94
109
71
81
93
98
100
75
45
61
94
82
48
79
78
92
90
114
113
134
144
142
151
120
130
115
132
109
113
107
113
100
119
125
111
110
117
100
124
114
119
106
119
121
100
116
125
150
135
166
138
146
91
167
149
134
161
156
178
165
178
165
180
150
177
179
175
165
175
137
168
155
150
91
125
133
108
68
48
47
48
36
54
51
41
41
63
64
83
77
106
105
114
130
130
121
133
132
118
123
102
72
90
66
101
92
94
75
98
89
94
88
108
99
105
96
109
110
105
94
86
102
90
104
90
99
86
93
89
96
86
89
89
78
100
89
81
98
95
100
98
111
103
107
90
95
101
102
90
102
97
83
96
104
96
90
80
95
88
92
80
80
189
92
99
94
94
96
105
91
88
98
102
84
95
83
87
97
90
96
105
89
62
47
44
36
30
75
56
82
88
103
59
39
41
42
40
39
85
84
53
85
74
75
57
57
64
57
55
82
70
48
69
61
69
84
83
101
84
96
92
89
99
84
101
94
105
93
94
104
98
96
97
98
91
100
89
100
88
97
88
97
90
96
90
95
77
85
97
87
93
88
83
76
94
66
92
84
87
77
55
65
70
82
75
79
84
78
88
65
81
64
89
83
93
85
87
100
99
76
85
96
69
81
86
80
77
84
84
69
72
87
70
85
81
90
89
84
89
83
93
83
97
88
86
93
86
79
94
90
82
81
87
93
80
88
80
95
82
92
87
84
92
89
84
89
82
79
67
81
90
79
21208
21219
21213
21211
21185
21209
21202
21231
21226
100
84
130
87
65
72
85
87
94
106
129
197
193
199
84
205
219
208
128
286
253
186
255
194
177
177
74
65
70
76
63
56
169
78
161
54
42
113
108
109
126
127
144
153
152
162
81
138
103
106
87
101
98
112
106
125
120
121
140
120
125
112
133
117
127
104
116
101
118
101
104
113
110
108
116
104
114
117
105
102
114
112
104
114
96
107
102
110
100
112
98
110
104
113
107
116
105
118
98
112
95
116
108
109
117
92
105
114
103
102
97
123
122
118
115
120
117
108
134
127
104
119
116
116
103
113
120
97
119
114
89
111
104
107
102
84
95
105
85
77
110
84
99
98
107
103
101
105
89
78
78
98
96
111
96
114
103
118
114
127
125
126
118
112
126
123
115
104
115
119
113
119
111
112
112
104
104
111
105
121
107
101
108
108
115
106
115
105
117
107
115
106
91
119
117
103
108
115
114
102
103
100
109
113
99
102
102
91
112
107
97
83
85
85
78
87
111
102
108
94
114
108
123
120
127
109
113
112
113
90
110
117
103
117
99
92
113
111
120
116
117
104
120
106
117
115
110
108
112
110
104
112
107
110
102
95
111
104
113
101
111
112
102
114
112
111
103
97
90
111
105
102
109
107
103
94
88
110
105
112
104
98
113
103
116
109
99
113
106
112
105
116
114
104
110
101
110
102
114
88
102
111
101
109
93
92
109
102
109
87
102
107
114
112
119
103
111
118
118
110
117
108
115
108
92
113
106
109
85
98
97
89
95
86
96
92
102
91
124
120
132
123
139
132
138
125
135
118
108
96
106
97
101
95
99
92
104
97
108
96
107
98
118
110
122
107
117
112
105
86
118
99
83
83
107
92
104
102
101
98
109
115
89
93
122
104
98
87
109
90
103
108
123
93
94
102
104
100
81
91
112
79
91
84
77
68
71
71
79
69
74
71
66
74
75
66
71
72
72
73
69
72
79
78
76
80
86
86
84
78
88
70
87
83
75
71
81
75
87
90
89
87
85
74
86
63
56
82
70
52
65
54
68
67
65
45
59
59
71
68
68
70
75
68
71
74
61
60
69
66
72
71
76
75
77
68
72
68
76
72
76
72
69
73
63
69
70
66
69
66
67
70
72
62
68
83
73
72
81
85
74
70
83
73
81
73
71
69
59
75
1561
1554
1574
1567
1580
1585
1579
1587
1601
121
130
113
123
113
121
118
123
107
119
116
121
118
108
115
121
119
121
118
121
118
116
109
116
111
113
116
99
104
119
97
107
91
90
105
108
96
118
108
104
115
123
104
112
103
93
98
86
92
108
96
106
97
110
100
87
104
97
113
103
97
80
82
107
85
102
84
101
86
86
111
131
131
143
132
146
137
133
133
92
128
138
110
104
119
107
111
106
119
110
115
106
120
122
119
110
117
109
112
120
116
108
108
111
113
100
114
105
110
99
111
99
110
100
111
105
86
100
105
92
105
101
101
101
110
110
90
111
111
119
105
93
115
107
106
116
104
111
94
106
103
106
94
103
97
101
95
94
97
111
103
110
95
95
117
116
120
116
109
85
100
81
85
97
107
118
100
108
86
102
90
97
108
93
88
70
106
68
98
87
91
135
120
130
127
142
124
117
118
74
74
68
58
38
38
11
33
36
53
44
63
118
120
62
144
116
139
148
107
124
275
244
238
48
66
50
222
236
75
74
101
96
85
103
103
121
120
113
113
114
65
86
246
235
227
231
240
262
241
254
255
82
272
91
93
99
106
93
80
97
88
98
99
91
96
94
99
87
96
95
91
100
99
91
88
99
94
87
83
91
87
96
86
92
86
91
91
82
102
87
94
83
95
85
91
86
86
89
95
93
101
89
99
92
96
89
80
94
106
105
93
106
96
103
100
106
99
113
67
93
79
103
81
75
99
104
96
96
94
109
109
132
132
137
109
110
95
112
99
68
111
76
103
90
94
97
102
97
114
99
98
103
121
120
121
93
117
88
79
52
52
54
57
60
61
86
112
95
7
21
34
34
19
34
65
68
71
93
91
106
105
86
113
97
92
67
59
50
42
39
37
103
61
78
85
68
66
69
71
73
93
91
97
111
110
108
90
102
99
103
103
137
122
155
175
176
160
181
168
155
196
98
115
129
141
120
168
146
131
140
126
131
122
129
109
97
87
95
101
79
87
99
96
85
93
100
99
90
91
83
86
86
105
90
97
90
100
97
102
100
103
97
105
99
106
100
87
92
103
101
94
97
92
101
91
93
101
108
93
103
95
91
103
96
101
84
74
93
90
85
99
88
100
87
80
85
95
90
86
73
100
81
87
96
96
96
98
112
105
126
112
95
111
106
122
112
107
124
116
103
111
99
91
97
114
101
103
94
107
93
110
102
123
108
113
110
124
131
115
95
123
110
117
105
115
108
113
101
122
111
107
105
97
103
119
113
99
96
90
97
94
102
97
110
111
111
112
106
116
111
118
124
109
124
111
123
110
107
122
114
106
112
104
106
100
92
82
103
98
90
90
97
102
96
109
100
104
103
118
122
124
115
120
123
120
96
88
109
94
107
99
113
100
110
102
113
113
124
109
116
96
103
102
113
100
105
114
115
100
110
106
100
108
101
112
63
90
98
75
98
86
85
102
94
98
69
80
82
99
99
100
83
103
96
89
89
107
94
103
112
105
95
88
81
96
120
87
88
90
102
89
76
96
109
101
114
111
122
101
107
112
100
101
90
94
90
95
89
95
95
96
98
105
94
101
104
80
93
106
94
107
95
108
88
97
107
92
100
93
109
96
112
98
111
104
108
97
108
99
105
92
97
105
106
95
99
111
112
103
120
112
122
112
122
106
111
121
111
119
112
98
111
104
111
102
105
107
108
105
112
105
109
97
110
106
108
103
109
103
110
105
112
105
113
103
117
110
124
132
136
133
138
130
139
131
140
114
125
123
121
113
102
121
109
119
108
110
127
116
109
126
106
118
105
108
116
114
115
112
100
96
110
107
100
103
94
96
98
108
106
112
100
112
121
108
112
105
102
95
81
103
100
100
107
94
112
105
121
107
117
109
116
118
111
104
110
100
102
110
114
111
110
107
118
111
118
115
119
116
115
113
118
110
114
119
115
106
111
118
114
106
106
112
110
101
113
107
117
110
120
113
121
112
122
113
111
118
115
108
119
117
116
108
114
115
115
104
115
108
116
115
101
122
104
106
116
122
108
110
122
128
116
119
111
84
109
106
75
93
93
83
94
84
92
100
110
89
109
109
114
112
123
109
123
113
121
114
120
111
119
115
115
104
115
107
118
112
100
89
114
101
80
110
92
82
94
104
86
98
97
111
96
97
90
102
76
91
92
97
82
94
98
105
104
98
107
118
97
107
98
100
100
114
107
117
106
118
106
120
106
117
110
120
105
118
104
106
113
113
103
106
114
100
114
105
116
115
64
95
105
81
75
97
86
91
81
66
81
70
81
81
97
91
96
91
95
89
99
88
99
88
91
102
102
96
100
89
94
94
79
88
95
87
95
82
100
93
109
95
110
104
102
91
100
94
85
98
93
96
90
93
98
100
94
102
96
96
102
105
93
104
96
104
98
95
101
87
93
99
99
93
99
91
105
96
105
98
103
95
100
89
81
102
89
77
89
72
94
92
71
87
87
95
84
94
82
100
93
102
95
107
100
103
97
104
98
98
86
102
91
98
102
103
92
104
98
108
102
90
92
111
122
106
128
118
113
121
122
120
108
131
114
112
85
99
94
85
99
92
101
92
104
98
108
95
118
108
113
100
90
111
99
87
106
105
103
96
89
102
104
94
96
103
98
76
90
95
84
97
84
91
85
102
90
95
89
100
95
99
73
92
86
66
92
81
84
79
87
80
92
89
87
89
87
103
102
108
118
120
108
103
96
118
116
110
108
103
111
99
120
111
105
117
116
104
114
102
115
100
115
103
108
118
95
82
86
74
103
115
84
104
98
91
106
90
116
116
133
123
99
92
58
129
78
59
100
97
59
81
81
62
58
72
74
91
86
101
100
96
92
104
99
104
96
100
107
109
96
111
103
116
104
116
103
116
126
110
122
110
122
114
118
117
102
118
934
925
935
952
1008
1002
1010
1010
1023
1021
196
176
94
1409
1386
1397
1418
76
1415
1382
1407
137
135
146
123
123
147
135
108
155
129
133
120
133
79
69
69
47
46
117
107
80
16
90
45
38
51
45
65
63
67
67
65
98
96
73
48
48
50
82
64
34
60
58
75
75
93
92
110
109
129
120
105
100
108
96
98
105
86
101
94
105
93
105
98
110
98
102
89
78
73
65
58
52
47
101
94
10
31
32
36
26
34
60
70
81
91
91
88
90
133
131
88
157
173
180
191
199
173
247
232
221
202
221
201
189
71
172
153
172
38
66
105
84
91
71
71
101
101
108
120
109
107
113
84
78
70
60
49
42
118
118
94
61
37
47
37
34
68
68
86
87
115
100
116
118
98
70
89
96
56
76
101
88
81
78
91
72
84
83
80
107
99
116
104
116
102
111
101
106
104
119
111
119
110
118
114
122
115
99
107
120
124
106
102
119
86
94
99
92
99
92
107
103
108
104
122
108
94
119
101
110
103
111
103
109
111
129
97
302
303
282
289
299
299
294
84
104
104
105
114
112
109
103
84
90
97
81
61
86
77
100
69
100
92
108
96
97
86
104
101
108
97
105
111
102
109
95
108
101
108
99
108
94
106
98
107
105
95
96
86
84
100
90
102
93
93
100
102
87
102
75
91
85
71
76
87
60
85
73
79
92
86
88
93
85
98
102
94
108
92
98
84
96
92
82
93
85
91
87
93
84
93
100
92
77
89
94
91
88
73
69
79
65
84
89
82
92
83
131
123
138
127
131
140
121
121
127
124
85
83
97
79
93
82
105
93
104
97
101
95
100
91
105
75
83
98
97
84
60
78
72
95
81
74
73
91
84
104
103
120
121
108
101
106
99
107
100
100
88
100
87
98
86
94
101
95
93
99
83
100
95
99
91
96
105
101
106
119
112
112
103
108
94
85
102
93
94
102
82
88
95
79
88
97
94
65
86
88
71
83
72
90
86
58
80
83
83
80
91
97
84
101
88
86
81
101
88
78
97
94
75
87
89
73
81
96
89
88
85
77
92
93
88
88
88
99
90
100
88
100
95
93
99
76
97
84
85
94
87
83
85
71
86
82
70
95
89
96
76
88
74
96
98
96
85
88
77
80
91
88
79
87
89
81
85
88
75
69
82
85
64
79
78
84
68
86
85
97
91
95
88
93
92
95
103
97
96
87
98
88
84
97
85
82
92
93
86
74
85
92
76
97
85
77
64
82
76
83
76
91
79
83
75
78
79
96
82
88
69
95
79
86
80
81
90
95
82
96
82
96
82
80
90
80
90
90
86
84
93
77
92
85
87
83
90
84
79
91
84
91
96
76
83
88
80
74
81
63
71
79
87
81
79
85
89
84
75
87
79
81
90
89
80
72
74
75
77
75
66
85
73
59
89
84
86
95
92
92
84
85
85
79
71
80
18915
18910
18905
18918
18909
18992
143
18996
171
155
98
18988
120
122
114
109
121
128
121
97
187
169
178
182
171
179
188
195
197
114
98
131
127
131
124
131
133
113
115
114
136
127
135
129
132
146
134
123
75
89
105
119
97
116
100
124
125
120
103
130
114
113
123
133
111
123
105
120
120
118
123
115
121
113
128
119
112
99
124
123
110
125
104
108
106
110
114
103
118
101
112
99
79
78
108
111
112
102
107
96
115
106
98
112
104
125
107
119
105
119
103
115
113
116
107
114
108
115
113
120
107
120
107
115
108
109
116
114
111
101
115
113
102
122
107
111
121
118
104
120
110
119
103
116
112
117
106
111
108
119
103
91
106
108
117
99
102
118
121
111
112
106
116
104
117
109
110
108
111
103
112
110
114
106
116
111
120
122
107
128
121
123
130
142
122
131
125
143
140
130
120
122
113
124
118
111
106
110
107
109
98
116
100
83
107
96
103
94
105
94
110
101
105
110
108
106
122
114
121
112
117
102
106
116
118
109
107
121
122
110
106
114
126
111
124
110
123
117
106
106
126
120
110
120
109
119
115
122
113
120
110
118
117
117
109
106
119
120
111
121
119
122
120
122
114
121
110
120
128
110
129
123
110
113
121
119
122
108
113
97
101
113
101
106
110
101
111
107
110
116
93
83
72
102
111
103
95
98
90
91
101
83
78
95
95
104
92
87
100
95
100
100
88
97
95
80
85
93
102
98
78
89
93
103
96
101
100
92
85
94
80
94
91
87
97
99
95
105
103
111
109
109
99
103
103
109
83
92
108
72
85
93
101
87
89
102
77
86
101
91
107
84
98
98
102
101
114
112
108
102
112
103
115
113
108
99
107
100
80
92
86
109
67
101
94
92
101
90
95
94
116
115
112
98
108
107
111
99
118
104
101
115
116
109
115
103
104
120
117
115
115
113
109
110
108
99
84
100
89
89
100
86
70
101
77
83
71
78
71
78
69
83
90
75
118
127
131
130
126
135
134
145
95
110
101
113
114
101
115
106
109
111
114
110
110
111
125
119
122
112
125
114
127
113
126
111
125
101
121
99
126
114
122
108
124
114
103
121
100
114
108
118
105
104
116
104
115
116
91
105
83
103
117
115
106
116
113
111
97
101
109
114
103
694
682
699
701
764
761
751
743
735
146
137
127
115
114
12
13
11
15
12
8
37
36
53
52
51
59
100
102
103
105
99
95
62
60
63
45
9
40
38
58
71
77
76
99
98
123
123
137
131
135
119
99
86
107
124
122
108
133
126
143
137
139
120
120
132
146
142
126
148
134
98
118
96
89
91
98
120
90
87
114
100
102
121
121
123
136
119
107
142
133
142
136
144
142
157
147
155
151
138
128
124
133
129
102
125
119
93
117
101
111
97
102
96
107
99
94
95
109
97
96
66
65
54
50
48
114
102
78
85
25
46
45
44
65
65
81
99
101
98
92
95
109
93
116
87
63
79
109
67
102
101
111
114
122
121
140
106
126
127
144
132
148
143
143
122
136
127
138
118
133
126
100
110
85
133
124
130
116
122
109
120
108
111
108
131
88
110
90
101
107
95
113
111
130
130
98
122
108
70
107
106
94
103
59
60
88
76
100
100
112
111
103
100
86
101
96
79
59
49
83
66
37
102
100
13
186
185
183
204
208
208
213
213
61
54
49
39
82
214
41
74
23
23
25
21
64
64
86
98
99
122
110
169
158
175
167
173
183
180
172
186
127
120
113
129
90
106
113
112
96
107
100
88
97
109
76
111
95
108
100
91
102
106
98
104
97
107
97
116
110
122
111
122
112
124
113
122
106
120
105
111
118
112
134
135
111
77
59
32
97
120
92
69
7
13
195
170
185
184
203
202
223
223
243
244
108
117
113
111
111
98
111
104
108
106
108
100
105
102
103
106
106
102
107
105
105
107
106
108
98
107
106
95
108
105
99
109
108
102
111
102
108
100
106
104
99
104
104
101
103
101
106
103
105
108
107
104
108
105
98
106
106
98
103
102
100
103
105
103
98
106
103
110
109
106
113
105
114
111
110
113
110
108
111
105
110
108
113
99
111
96
114
103
111
106
112
102
108
106
115
100
105
103
115
112
121
110
121
114
120
131
111
124
113
129
112
92
98
107
102
104
103
96
101
102
109
102
102
115
105
115
102
109
96
109
111
106
115
106
113
96
105
94
103
116
81
105
110
107
114
114
122
97
120
111
115
107
117
107
118
103
117
109
110
111
111
118
121
123
109
117
104
99
105
112
102
118
98
107
94
116
115
94
119
107
123
109
105
121
96
108
86
88
108
95
93
104
105
107
119
101
112
103
109
74
90
99
98
96
100
96
82
77
95
81
75
96
101
99
100
90
94
100
84
104
91
88
100
76
89
94
93
85
76
95
77
91
80
88
97
96
98
85
81
98
96
84
94
102
82
89
92
81
95
98
92
86
66
57
48
49
42
39
76
93
15
90
79
42
35
45
44
58
59
190
190
207
206
219
213
219
207
95
222
108
104
99
107
102
100
105
99
97
106
102
97
106
105
98
95
89
101
104
95
109
98
119
103
111
104
118
112
113
126
116
125
118
124
126
117
115
104
119
109
120
110
120
110
119
116
128
112
119
105
118
111
117
110
117
109
118
110
116
122
115
122
112
97
89
120
110
112
101
96
104
101
88
107
93
85
94
78
99
87
98
76
89
86
99
83
83
90
101
85
80
64
99
79
73
96
81
98
90
87
102
93
81
100
101
101
113
117
101
116
109
119
110
105
113
89
112
103
116
99
115
102
118
107
121
110
118
110
105
121
120
112
113
115
114
103
108
106
116
114
115
103
115
104
115
108
121
102
117
113
117
108
115
108
114
106
115
105
106
113
113
104
118
116
120
122
123
116
120
110
119
111
118
109
117
111
118
121
100
109
118
105
118
110
117
109
117
107
123
121
93
111
117
108
121
124
105
112
123
116
106
109
99
112
107
85
93
109
96
93
88
103
113
114
108
114
113
125
132
145
134
145
110
118
109
110
118
118
115
115
121
114
122
121
122
125
116
124
114
118
112
122
113
123
106
99
127
116
108
121
107
105
117
115
106
120
108
109
111
107
93
105
96
100
105
105
93
106
99
101
93
93
100
97
88
101
88
101
94
110
108
99
85
103
107
88
93
99
88
101
90
89
100
98
106
106
101
108
95
100
108
111
96
112
104
111
97
98
112
99
110
86
96
109
104
93
103
91
100
91
100
93
95
92
88
97
100
94
100
94
114
103
112
118
118
100
106
119
107
88
81
95
97
88
98
100
101
94
100
95
97
92
97
104
99
90
79
93
87
93
87
102
91
101
95
111
110
88
107
94
107
80
96
100
92
98
91
99
86
99
94
95
95
104
99
73
88
111
97
109
103
110
99
111
113
125
108
96
104
96
108
82
106
86
91
99
78
94
89
82
85
94
92
109
95
93
93
104
100
109
103
109
110
90
100
97
87
113
106
114
108
109
123
108
123
115
126
106
115
108
109
128
124
108
108
108
116
98
118
116
103
114
95
103
97
111
114
99
116
109
117
110
119
106
125
116
117
110
114
104
112
110
106
98
93
113
114
111
109
115
78
92
102
96
111
89
77
113
69
99
97
94
99
99
95
98
76
87
94
88
100
99
106
95
81
95
87
101
108
94
117
98
91
109
102
114
101
96
109
111
105
85
103
109
102
96
108
112
104
110
100
100
100
93
110
99
110
107
92
94
102
86
105
97
104
104
110
103
118
111
102
124
113
107
101
113
101
87
96
101
110
100
96
89
105
92
115
115
124
100
118
111
120
117
133
126
125
119
112
120
113
115
121
111
116
103
120
113
119
110
117
108
112
120
121
112
116
110
116
115
118
106
95
110
109
97
104
111
99
86
107
104
86
113
108
100
105
97
86
116
105
113
95
111
86
107
116
115
108
107
115
95
87
110
78
106
96
104
91
102
94
83
90
90
102
80
105
86
107
97
99
85
92
95
107
95
104
115
107
124
109
111
119
90
114
110
107
102
95
99
92
96
89
96
85
95
95
102
91
106
96
109
108
113
115
121
111
132
121
133
123
141
128
145
137
125
134
152
131
142
140
149
125
135
127
123
126
144
145
155
155
98
137
135
94
119
116
112
129
88
92
89
116
138
129
136
56
109
135
106
55
22
27
34
37
78
5
81
103
9
23
2375
2376
104
2412
2403
2375
145
140
160
151
145
118
110
140
132
105
107
116
100
106
96
103
85
81
80
68
54
75
96
103
92
99
103
115
114
951
952
965
943
928
934
934
941
956
102
120
952
169
154
159
149
142
150
159
151
159
99
159
130
116
131
123
117
142
126
117
96
127
118
110
103
102
114
97
108
99
104
97
107
100
110
99
108
108
99
102
86
93
97
87
100
103
92
97
91
75
98
92
98
110
93
103
97
81
96
84
106
99
97
112
107
106
104
116
96
101
108
87
110
98
102
90
91
103
93
104
94
100
93
93
106
99
105
95
105
96
99
108
105
107
100
106
83
103
98
100
88
91
100
101
92
89
95
91
91
99
107
97
106
98
99
90
116
97
109
97
99
108
99
107
116
109
113
106
116
102
118
110
119
109
112
119
117
107
114
105
111
110
105
113
110
102
99
113
110
103
99
111
111
100
111
104
112
94
102
124
111
126
115
123
117
117
132
131
116
116
110
117
108
113
105
113
104
103
105
90
92
106
90
99
85
77
99
87
84
92
90
88
82
78
74
73
83
82
90
72
89
97
97
98
99
86
73
95
95
101
94
107
102
75
95
86
101
108
88
98
107
101
92
108
76
95
89
92
99
94
108
107
94
89
105
92
109
97
107
107
97
103
100
105
112
101
108
111
100
113
106
116
104
119
109
117
108
117
99
113
110
109
101
105
95
101
94
105
102
81
88
76
86
93
87
89
93
85
86
93
95
85
94
87
124
113
119
128
130
127
135
130
135
106
101
101
114
108
98
101
99
104
95
93
107
99
96
85
84
96
85
93
86
87
79
90
82
94
99
79
84
97
100
91
99
92
102
90
99
99
93
96
92
100
88
93
98
101
99
105
88
107
100
112
105
112
107
113
110
110
104
109
106
108
101
106
99
103
97
105
99
103
96
105
99
107
101
109
102
107
101
114
106
114
106
113
102
114
105
113
105
111
102
111
103
111
110
114
107
18300
18298
18279
18283
18327
18320
18331
18325
18332
148
136
71
127
105
130
89
168
170
148
156
161
61
149
95
93
117
121
137
131
135
148
215
192
200
188
183
192
187
179
220
211
157
165
163
147
155
156
93
139
150
93
100
158
144
168
159
152
139
141
159
163
87
100
98
112
69
98
97
84
70
100
94
94
82
106
140
108
135
134
151
151
146
156
80
110
91
108
101
113
99
118
108
122
103
113
109
116
108
119
109
113
102
117
111
110
119
114
121
110
101
113
117
105
112
99
111
90
55
89
56
73
91
97
98
85
90
90
72
74
92
103
92
105
84
98
104
97
83
109
115
101
115
113
119
112
120
112
121
102
104
109
98
87
104
76
99
93
89
99
99
82
90
75
83
76
87
107
95
104
96
108
114
116
117
124
122
102
91
82
92
90
81
82
105
96
86
104
110
116
116
102
71
57
55
53
46
38
122
55
78
6
5
37
30
40
40
57
57
74
72
91
90
99
93
98
86
103
103
98
112
101
107
103
90
105
111
89
76
114
97
106
101
108
110
96
113
108
103
105
119
115
95
102
103
99
120
108
101
106
104
106
100
109
99
105
101
116
114
108
115
115
107
114
93
100
106
105
113
98
114
113
103
102
117
108
110
117
115
104
113
96
105
114
102
115
99
100
116
79
101
114
105
113
107
112
109
101
109
101
96
100
103
114
107
103
100
111
112
94
105
107
100
115
104
112
89
101
112
100
107
92
100
98
106
96
105
86
83
101
104
82
107
101
112
106
121
113
118
133
120
93
109
91
110
102
55
94
84
71
63
105
98
107
97
100
73
86
85
105
104
118
113
118
117
114
112
117
108
114
106
117
115
108
117
116
108
119
117
112
124
94
107
115
101
110
118
132
108
123
120
105
115
113
127
125
109
92
113
104
117
108
123
115
120
124
117
125
120
97
113
94
101
115
108
96
108
106
99
107
111
100
118
116
109
117
110
116
120
115
121
111
121
118
118
116
119
107
111
116
119
111
109
109
97
93
108
106
97
112
92
112
103
111
103
113
105
106
113
114
104
112
105
111
104
105
112
111
100
115
108
111
113
115
108
131
120
135
136
131
128
133
121
134
116
118
110
115
99
106
112
82
98
88
61
61
57
54
54
83
57
100
77
23
17
37
45
44
65
66
92
93
112
114
117
106
95
114
113
119
96
105
101
116
111
119
111
116
116
124
122
116
102
110
94
102
97
110
101
116
91
90
105
99
113
102
113
115
97
95
93
114
101
123
114
120
115
121
117
126
117
119
113
121
112
101
117
111
125
117
110
104
92
87
75
77
76
69
47
62
71
73
96
96
114
115
137
147
134
113
111
136
129
100
133
88
77
60
37
42
44
100
115
37
114
39
50
50
71
71
93
91
111
104
111
104
130
99
113
108
96
100
95
111
109
106
97
105
108
111
100
112
96
110
99
110
104
110
101
103
91
104
89
93
104
105
93
105
100
114
104
104
118
111
103
114
102
87
110
102
107
105
94
107
97
103
105
106
107
122
98
86
96
102
109
99
108
98
77
87
111
113
87
109
100
100
92
93
93
88
106
88
78
105
78
99
92
101
103
111
100
116
110
109
118
94
107
96
95
107
92
104
91
97
105
111
99
111
97
107
98
114
96
115
98
108
99
112
107
100
105
101
110
84
115
106
96
112
131
111
121
126
115
121
121
94
60
92
66
81
80
73
81
70
84
84
103
83
102
101
101
107
108
100
105
112
113
106
121
110
123
112
122
120
114
118
128
105
112
123
131
117
133
120
128
113
123
108
120
98
90
80
74
104
111
94
106
98
91
108
86
90
91
103
79
88
71
96
104
79
91
98
82
99
98
107
81
95
95
105
103
96
96
104
110
110
97
134
144
146
127
122
112
106
140
97
67
76
69
33
64
54
78
79
88
91
84
79
79
119
104
106
94
85
118
123
121
121
113
81
58
70
68
41
34
27
29
30
32
34
40
42
8
10
26
38
38
44
41
70
67
70
87
95
88
113
113
121
98
129
106
101
109
106
105
115
103
110
103
111
95
110
118
105
124
111
118
112
104
114
119
90
107
98
103
98
83
86
93
105
107
97
110
102
104
78
90
98
83
99
87
92
101
94
106
92
100
83
94
102
96
109
94
107
94
98
79
94
96
90
90
96
102
92
103
98
103
103
112
120
120
110
93
109
117
85
107
96
103
93
99
78
84
90
91
90
106
102
96
105
100
112
111
107
107
94
110
94
74
81
82
88
95
81
94
97
92
92
104
104
89
103
93
100
90
91
96
93
93
88
93
98
91
76
84
101
99
100
89
93
105
105
116
105
116
102
112
107
120
115
107
109
99
117
126
109
103
122
112
108
100
102
88
71
113
79
88
105
100
112
100
97
81
76
97
93
105
100
105
85
98
98
116
104
115
107
98
114
102
97
97
112
90
106
99
95
115
103
103
117
114
100
120
109
90
70
66
57
49
43
106
77
126
97
20
44
25
73
96
94
94
123
124
146
146
161
152
127
108
109
117
116
109
111
103
109
102
107
104
107
99
106
104
106
104
104
102
104
102
107
104
107
105
111
109
117
116
111
112
93
120
103
103
117
124
106
119
111
117
119
113
132
113
115
111
118
100
106
99
113
106
61
69
96
74
82
115
103
113
96
89
107
109
89
108
106
118
112
120
112
89
113
111
92
110
103
102
108
106
105
98
93
84
98
103
96
108
99
102
86
105
93
108
97
86
86
94
76
66
105
86
105
100
111
111
117
102
111
103
114
112
115
108
117
110
118
110
117
104
118
109
119
113
119
112
121
108
120
123
123
115
122
108
116
114
117
107
107
116
115
109
114
106
123
115
112
120
73
62
52
49
50
79
96
99
