88
47
46
216
220
60
250
291
292
268
247
130
143
120
247
99
143
133
141
118
107
153
144
134
146
121
141
129
124
117
102
99
81
102
92
132
95
116
93
111
101
120
121
122
134
122
116
117
101
97
101
101
119
95
96
116
99
114
101
113
122
131
119
108
106
120
118
113
173
170
163
169
167
175
175
162
110
107
120
125
124
125
124
117
106
109
137
117
121
108
110
113
129
112
108
124
118
116
93
118
116
93
101
78
81
76
90
118
105
96
131
84
104
114
104
131
116
127
139
129
124
124
106
93
93
112
95
120
114
101
85
162
169
172
160
136
149
149
103
160
106
105
114
106
104
127
118
135
95
102
109
117
104
95
113
111
100
117
107
92
80
98
95
85
78
104
100
111
103
119
116
93
125
118
110
127
117
110
115
111
95
104
98
200
201
204
198
210
197
196
201
206
211
108
91
113
99
219
213
221
219
217
236
222
75
212
61
81
102
96
208
101
92
99
71
71
69
103
102
91
102
99
100
94
104
100
100
119
100
115
121
121
131
114
126
124
114
108
121
93
118
112
123
109
114
107
84
99
108
102
100
99
111
103
97
110
95
111
104
112
119
106
93
102
115
110
124
112
106
117
110
113
124
92
91
120
110
121
112
121
103
108
91
107
108
119
95
77
58
50
36
86
103
66
30
3
4
7
11
11
27
40
37
43
38
54
59
55
57
70
71
84
70
69
89
88
99
99
92
95
95
97
84
97
65
39
27
48
82
97
12
74
53
4
7
18
37
37
44
47
36
56
61
59
75
82
81
88
98
92
84
79
89
96
95
94
91
85
75
76
83
89
88
90
90
90
96
89
93
90
104
92
84
98
85
96
85
99
83
82
78
73
89
85
100
88
86
98
94
89
73
99
97
93
68
80
80
74
80
86
86
68
83
74
87
76
78
68
89
76
83
67
77
75
83
65
82
74
73
86
79
84
82
75
71
81
74
80
81
86
87
83
92
92
100
105
88
79
77
91
91
85
4718
4671
4690
4709
4699
4695
4695
4710
4682
4672
5
3
5
16
15
24
40
44
42
38
65
64
75
71
74
83
72
66
97
30
78
47
17
62
95
39
5
11
9
32
39
41
32
32
50
50
57
62
75
76
66
88
89
89
108
101
104
83
94
86
91
102
89
74
82
56
100
80
90
69
83
83
89
79
76
82
80
93
82
85
85
76
83
100
98
103
89
93
106
96
109
102
107
107
104
107
100
108
89
89
97
106
106
68
89
80
84
95
96
89
95
94
101
86
96
96
108
99
111
109
88
29
45
78
59
109
53
18
72
98
3
14
6
16
26
26
17
19
18
13
22
33
35
51
58
65
67
74
90
89
91
104
116
117
74
51
30
97
76
55
32
87
11
10
34
35
51
40
39
40
55
49
66
56
70
80
65
81
78
63
67
82
74
88
90
61
46
18
70
11
86
22
26
58
85
12
22
39
48
49
58
55
62
62
73
76
70
101
99
86
105
103
117
89
99
103
96
87
107
97
80
78
89
95
103
95
76
85
105
95
106
62
86
47
28
94
36
14
72
58
3
3
20
13
41
41
55
47
53
65
66
83
80
82
102
87
101
98
98
105
96
105
86
75
89
88
67
54
33
104
102
49
25
8
16
34
33
48
49
63
62
82
81
58
76
70
46
39
27
84
92
89
4
14
24
31
33
25
33
57
46
18
12
9
49
8
37
40
6
15
14
30
23
22
35
31
28
48
47
64
63
66
62
75
77
57
31
30
31
70
27
46
67
34
5
6
26
28
29
57
54
73
61
80
74
98
96
94
120
29
55
82
90
31
103
67
112
39
5
3
21
29
26
40
42
53
51
78
79
75
91
73
81
101
85
82
82
73
92
82
97
86
92
100
84
107
101
80
85
80
93
89
83
86
110
80
98
67
83
108
90
72
64
18
49
41
19
77
71
21
5
17
17
29
30
45
42
30
46
50
62
48
74
83
80
90
94
82
76
86
86
94
95
102
100
81
99
75
89
86
94
77
90
95
137
134
161
156
347
331
350
354
339
329
302
303
297
135
140
143
144
115
115
88
56
51
5
11
3
152
4
16
9
15
8
5
19
9
14
7
11
22
23
36
11
25
39
27
5
10
6
7
9
15
23
18
32
15
42
30
38
34
5
14
32
23
20
28
26
27
23
15
5
16
31
24
28
19
34
54
48
50
28
34
36
34
24
26
19
35
48
33
22
52
12
24
19
26
16
5
4
3
303
12
12
7
8
7
17
29
17
8
20
44
46
56
67
21
42
32
18
36
71
38
38
10
22
22
45
65
63
75
66
70
76
72
88
89
96
88
96
96
89
112
68
84
80
76
71
75
72
21
35
62
67
39
4
16
14
32
43
66
65
73
72
72
61
48
84
82
31
35
29
59
67
6
14
11
11
5
3
9
21
28
26
63
57
79
77
74
78
77
96
93
103
98
91
78
88
114
100
93
114
99
103
96
84
98
84
94
97
101
89
106
112
91
79
106
114
122
114
125
120
113
113
116
104
101
97
115
102
98
92
101
105
105
113
115
112
103
108
117
118
107
104
85
100
95
100
98
108
94
98
100
88
111
106
116
110
119
108
107
108
125
111
102
83
103
88
110
121
108
119
101
108
111
120
128
125
106
110
97
110
107
114
100
103
113
107
92
89
97
101
93
77
101
106
97
110
101
107
116
117
106
107
100
110
103
90
80
62
108
67
96
102
94
113
107
107
94
83
93
107
99
93
106
92
102
97
105
100
89
113
42
93
32
12
76
22
49
63
6
11
14
7
9
3
16
41
36
37
40
50
47
64
66
65
75
95
46
98
76
70
80
46
44
67
56
53
64
62
26
54
58
42
49
65
61
37
42
32
10
4
4
16
33
12
15
23
15
8
16
13
16
4
5
45
33
45
37
26
40
41
34
42
28
34
35
4
21
29
40
59
59
71
68
81
86
79
93
100
95
98
102
102
85
82
79
105
100
95
113
100
104
110
107
126
112
109
107
114
103
112
110
102
106
101
92
105
95
92
106
99
99
95
92
90
88
108
105
100
108
105
106
98
102
110
82
72
100
101
105
115
103
120
110
114
96
125
111
92
113
101
91
93
86
86
96
88
104
114
105
116
103
120
113
113
120
126
111
106
110
105
112
110
103
115
113
113
110
116
107
114
104
115
108
9148
9141
9216
9236
9241
9222
9230
9269
9257
256
224
232
300
499
490
448
438
434
435
359
353
342
476
10
23
23
36
20
7
24
22
19
25
16
23
6
6
9
4
31
33
12
16
13
16
4
67
26
16
39
34
27
21
42
5
3
4
3
3
3
13
29
12
22
13
29
4
7
3
5
3
3
16
4
4
8
6
7
23
15
25
20
33
37
36
35
43
21
23
18
51
48
34
53
5
4
21
13
18
12
16
35
41
30
23
33
23
14
5
17
33
4
32
11
34
36
56
60
76
51
16
75
77
54
61
44
72
55
80
24
3
6
14
23
36
34
26
44
63
57
61
60
79
84
82
72
69
60
48
75
15
45
73
4
8
5
8
12
13
6
11
27
14
33
54
53
71
58
66
74
68
86
86
89
105
92
104
93
108
104
95
91
103
98
90
104
95
91
92
43
64
75
92
97
95
53
90
100
78
81
51
90
83
57
55
83
84
87
76
92
82
93
81
82
98
88
102
91
103
92
96
91
94
74
85
69
103
85
98
84
98
87
76
51
85
85
104
98
116
106
123
108
122
119
118
116
117
110
114
107
116
102
114
107
118
112
113
118
119
110
116
115
115
106
112
100
113
104
110
102
111
98
113
97
112
106
101
115
119
117
109
121
108
108
117
128
118
100
114
101
118
124
135
126
136
149
113
94
144
134
117
106
122
101
124
113
91
99
108
114
90
121
116
111
116
104
92
115
112
66
86
90
98
79
110
90
70
127
116
119
81
99
99
127
127
140
126
106
113
99
112
76
87
104
110
96
108
101
101
115
104
115
110
108
105
84
76
44
97
69
53
30
62
28
3
14
9
16
37
35
51
25
13
12
30
26
22
28
48
3
12
14
18
17
6
31
45
48
65
63
78
79
77
94
104
97
108
120
101
103
114
103
112
61
53
88
70
37
24
47
104
75
4
5
20
7
25
25
23
34
44
32
38
37
39
30
56
57
58
58
50
59
51
54
42
19
64
23
26
39
3
13
12
17
31
36
25
23
29
46
43
35
8
30
6
19
24
19
37
42
33
43
31
36
52
49
44
21
32
47
3
6
12
22
22
22
20
31
47
40
34
52
35
29
18
30
34
8
21
24
30
45
48
58
53
58
66
71
75
85
75
82
87
87
82
89
79
104
105
94
99
87
146
138
144
144
138
154
134
143
140
95
86
105
83
77
78
84
95
103
90
108
94
102
93
111
109
114
124
108
101
103
106
105
98
105
96
103
99
96
106
107
96
108
101
108
98
111
102
110
106
110
99
112
104
104
112
108
101
104
96
103
96
100
97
99
90
102
91
86
70
104
93
33
21
79
50
58
44
3
4
6
13
10
16
4
13
13
26
24
31
24
28
42
18
3
12
12
20
19
27
26
22
32
15
128
136
137
135
37
32
40
14
15
30
20
10
10
12
15
13
4
12
17
21
29
12
29
30
30
38
52
50
42
60
49
58
69
72
70
71
86
88
67
81
89
32
58
89
38
79
61
75
39
22
49
22
44
4
3
19
29
39
50
41
44
53
57
51
26
18
40
55
38
43
5
18
16
31
29
31
35
50
25
33
47
29
16
6
4
2
16
10
3
5
8
3
14
18
20
13
41
31
11
34
23
38
6
16
15
27
22
4
25
8
15
12
36
38
35
15
11
18
18
33
13
5
4
15
3
9
9
11
6
5
15
9
6
17
17
2
3
4
2
26
39
39
29
18
33
26
16
31
3
14
24
31
39
48
46
66
59
74
82
84
96
95
103
104
117
95
96
95
46
24
42
15
47
82
70
59
3
2
2
3
33
13
12
22
20
16
27
17
15
5
4
5
4
2
31
46
43
49
59
60
77
75
78
88
85
105
100
93
93
103
93
102
92
104
96
95
102
107
95
86
95
102
90
26
24
67
53
14
41
85
55
88
12
7
5
9
8
20
4
2
16
23
4
4
16
13
24
11
23
19
19
20
25
26
19
35
57
54
78
76
93
102
102
109
93
123
115
113
90
104
105
111
103
106
98
97
108
106
99
107
91
106
102
106
94
101
96
87
101
102
88
104
91
92
104
93
104
108
103
102
89
107
100
105
103
109
99
103
109
112
100
88
62
81
75
93
102
96
107
100
117
114
126
123
104
99
113
106
100
107
100
99
117
96
110
87
64
86
110
58
102
95
84
100
91
90
99
91
84
98
96
107
100
101
88
98
90
84
95
96
84
88
76
73
85
85
77
98
99
93
98
97
105
97
113
77
96
101
80
93
88
99
76
92
95
80
80
95
88
99
88
103
91
94
94
111
100
105
94
106
95
105
106
99
109
96
102
107
119
104
111
108
106
112
90
105
113
117
99
111
99
111
99
108
99
99
94
106
94
101
107
103
101
104
107
111
104
111
109
106
98
103
97
104
102
105
96
106
96
109
107
102
108
109
100
101
94
80
105
105
99
108
95
105
108
115
104
120
106
108
97
103
110
107
105
94
92
98
108
92
105
92
93
100
105
96
97
107
107
99
107
97
108
97
108
103
109
99
111
102
110
104
111
100
115
108
115
107
111
113
111
108
112
105
109
103
109
103
109
97
111
104
110
104
110
107
112
99
114
111
106
112
109
101
109
107
103
110
108
88
102
104
98
104
97
108
95
94
103
103
98
118
116
116
110
117
106
118
109
114
104
109
104
89
108
100
119
126
115
94
86
109
112
104
109
108
107
91
104
112
110
118
97
63
33
78
42
86
25
49
110
10
8
6
6
19
29
9
19
9
20
30
4
5
3
3
19
11
4
9
14
18
35
35
22
43
43
53
59
11
57
6
15
21
30
7
27
24
19
15
18
7
20
37
35
51
37
35
18
24
15
45
32
25
26
7
11
5
10
36
17
12
35
47
55
53
52
27
23
53
25
43
52
3
4
12
29
28
19
21
31
30
35
29
62
63
65
83
82
53
45
60
23
34
31
22
53
68
69
20
13
11
47
18
13
10
24
18
41
24
38
13
8
16
25
3
5
8
10
6
6
11
4
15
5
2
10
3
11
8
9
8
10
17
37
54
48
59
66
61
83
83
105
70
92
94
84
105
59
65
118
93
15
29
44
18
84
11
26
44
54
46
64
65
81
80
93
91
107
107
111
87
90
97
93
87
108
106
105
114
110
120
99
115
120
132
116
118
106
108
118
105
104
108
98
108
102
96
100
92
112
101
88
90
72
102
87
101
95
99
91
98
96
100
74
92
93
101
90
97
103
103
108
102
107
97
96
98
110
109
101
109
91
87
96
90
89
102
100
93
100
80
95
83
96
99
89
99
92
103
102
116
102
118
109
115
109
110
103
107
106
94
107
95
104
100
106
102
109
110
120
105
109
115
115
107
114
101
111
96
110
99
115
107
114
108
117
107
115
100
115
107
104
113
109
101
99
106
110
100
105
97
101
93
105
99
99
109
109
98
94
29
99
51
39
110
85
58
73
82
62
50
36
36
32
41
56
56
67
65
86
87
99
102
115
123
100
107
103
101
110
74
95
109
84
97
87
80
102
81
88
89
70
72
73
85
93
83
101
99
90
105
96
90
90
102
93
114
105
116
110
116
103
115
125
74
87
94
31
55
27
126
58
100
68
4
7
4
22
21
33
32
41
53
51
56
41
12
38
20
24
6
17
31
42
46
55
56
60
68
63
83
75
72
97
95
103
97
113
109
110
101
81
91
103
96
105
119
98
102
92
108
88
114
107
109
108
85
99
93
79
87
81
88
103
75
89
88
90
80
81
96
98
110
90
95
95
112
116
122
117
131
118
137
124
111
104
113
101
105
106
110
104
102
110
104
114
114
104
102
111
88
106
106
93
103
92
97
106
93
87
82
108
99
89
102
97
108
102
89
92
104
98
92
92
92
91
83
100
83
103
103
113
103
114
120
118
127
125
122
126
115
123
116
120
111
121
111
119
105
120
109
118
105
113
99
108
111
112
104
107
90
95
101
91
97
105
91
106
100
90
105
110
102
110
113
100
119
101
115
105
116
106
114
110
119
115
107
100
114
106
103
102
96
97
82
85
84
88
103
96
116
100
113
111
122
106
125
120
116
114
112
82
69
92
99
99
94
100
95
98
107
109
107
104
113
106
112
106
112
116
113
114
116
115
100
103
96
118
98
106
94
110
103
118
109
124
115
119
113
115
123
112
118
94
105
98
108
96
89
110
97
89
90
91
103
90
92
97
92
99
90
101
91
93
106
108
109
106
103
105
112
101
102
105
98
103
90
95
98
91
91
81
89
97
95
91
105
96
111
100
109
102
110
105
109
97
110
101
109
102
103
110
107
96
111
104
107
104
107
94
106
96
104
90
98
81
91
109
102
115
104
113
108
113
110
99
90
98
107
90
93
87
90
86
72
71
97
87
97
85
100
92
77
99
94
94
93
101
105
100
104
93
100
102
93
94
104
90
78
101
100
90
108
95
99
103
94
85
83
83
88
94
98
91
105
94
104
106
114
109
104
116
106
87
110
106
94
95
104
99
94
101
93
108
98
100
94
95
94
77
85
97
91
99
89
88
100
93
103
99
89
78
67
91
79
79
85
79
65
38
56
60
34
44
73
88
24
13
11
29
43
23
15
43
25
32
14
29
13
11
29
42
53
50
62
66
65
59
83
79
82
64
70
45
53
83
25
97
99
63
35
12
11
39
49
49
53
67
73
64
88
96
94
89
91
101
108
90
91
97
95
91
98
86
96
101
88
90
90
99
86
92
90
99
103
99
94
88
86
96
93
93
102
101
99
93
98
100
90
110
102
90
98
87
100
86
102
90
93
102
102
100
68
84
104
87
95
97
109
106
96
89
96
108
99
89
106
99
106
99
110
98
99
115
110
108
109
106
106
99
109
111
110
107
95
97
90
92
99
87
108
79
94
85
91
96
97
90
96
87
99
92
97
92
103
83
94
102
91
94
101
98
84
96
80
98
92
98
90
89
101
94
103
96
91
100
90
98
95
85
94
83
98
94
91
99
83
102
95
96
100
94
107
104
96
97
109
96
100
78
88
98
90
64
82
53
83
70
97
83
89
89
83
96
98
107
95
88
90
106
94
86
98
86
99
99
117
116
128
114
129
115
125
113
124
117
125
111
89
81
115
105
107
100
91
103
96
89
99
73
80
88
87
93
98
93
84
107
101
108
103
75
102
102
89
88
108
99
101
106
97
108
76
91
99
94
87
97
97
80
97
79
89
75
95
62
94
86
93
84
94
102
98
100
90
106
99
106
94
90
101
82
94
77
80
95
89
80
77
78
90
69
82
83
90
86
89
88
92
93
89
88
83
76
99
90
98
88
97
89
98
104
106
78
99
96
91
71
84
87
82
93
84
79
84
83
84
81
90
83
95
84
91
91
96
100
92
107
82
68
64
76
71
63
71
72
89
74
72
82
89
85
95
89
81
85
80
91
87
83
91
69
88
81
93
86
95
85
90
86
82
93
86
92
85
78
77
87
89
87
76
63
58
80
74
76
89
91
69
81
79
81
81
97
87
90
97
80
92
102
103
88
97
86
92
88
90
91
92
76
84
90
71
79
77
84
74
20253
20265
20282
20284
20305
20307
20323
20326
20328
20325
145
121
99
65
75
95
158
104
5
8
22
19
12
28
22
3
3
5
5
3
20
23
27
5
21
18
10
22
33
43
45
50
74
72
60
71
38
48
20
73
62
76
64
16
14
16
18
11
8
19
4
16
25
26
39
32
47
51
23
44
41
45
16
61
27
22
3
3
3
17
4
5
8
11
11
14
8
3
6
17
6
10
29
14
41
7
11
3
2
10
11
25
8
6
6
9
14
33
35
15
34
27
18
31
29
18
49
15
3
12
14
3
20
29
24
25
23
45
37
9
21
23
19
34
34
45
46
56
66
60
74
90
84
83
93
85
80
82
114
102
117
108
114
101
88
42
69
54
50
76
28
84
77
16
16
41
58
71
73
85
83
83
102
99
124
118
127
112
130
126
137
132
92
103
97
84
99
103
95
88
41
38
51
31
65
86
54
51
46
61
4
16
4
16
7
15
18
47
19
25
23
36
40
77
49
66
73
49
60
73
73
62
64
71
50
31
64
80
49
87
12
10
25
21
24
4
23
39
50
61
40
27
25
32
58
53
43
46
15
4
7
13
14
16
38
37
26
18
30
25
45
56
38
36
34
55
19
43
31
39
14
7
28
27
27
44
42
62
63
33
61
76
55
52
50
49
92
106
83
105
57
66
68
64
83
89
70
90
98
68
92
83
72
75
84
97
58
66
77
68
89
88
103
79
88
85
86
90
82
67
74
64
94
98
84
87
86
80
104
91
80
93
105
104
123
122
115
112
120
101
117
115
103
103
109
91
84
105
71
98
89
101
87
90
99
103
91
101
103
99
106
71
88
37
30
19
60
79
49
8
6
22
24
24
48
22
12
47
51
34
15
44
50
15
24
17
19
14
5
8
6
21
22
24
28
44
47
47
46
57
70
71
88
86
101
94
98
90
103
105
93
99
109
109
98
99
110
103
145
145
145
142
143
135
118
140
138
113
110
98
107
95
106
95
104
83
68
81
86
54
79
79
79
89
57
85
72
73
74
89
78
86
88
99
86
104
100
92
102
102
105
105
101
115
102
111
107
93
111
100
113
100
112
101
106
106
118
99
110
96
110
95
106
102
97
102
96
103
98
97
104
101
104
105
98
101
96
106
96
110
103
93
93
99
98
99
102
92
93
102
101
91
86
94
98
97
98
95
95
86
80
98
99
93
101
106
94
97
104
94
107
92
103
100
97
104
97
87
90
108
99
107
100
100
91
99
88
103
85
93
95
89
97
97
86
102
93
99
86
85
99
86
95
72
73
92
90
87
79
68
76
93
91
91
109
108
124
98
94
108
111
108
101
92
113
88
94
76
95
89
86
95
92
87
101
88
103
98
93
87
96
90
93
90
89
89
82
106
96
100
113
106
96
100
110
102
109
99
85
96
94
94
87
87
104
93
93
101
96
100
100
101
84
100
90
97
101
106
95
96
87
100
69
62
78
32
54
91
45
48
35
7
16
21
18
8
6
7
21
22
38
35
45
42
46
53
54
54
72
70
74
83
82
93
86
95
104
106
105
92
97
110
77
102
88
70
62
23
44
67
38
16
15
33
45
43
46
54
62
70
79
75
75
78
78
70
83
84
68
72
81
37
21
49
46
80
64
3
3
15
24
16
24
30
26
31
38
39
37
64
58
57
67
65
67
66
75
64
96
75
89
77
48
13
61
33
41
9
17
11
15
10
12
11
6
9
7
11
30
40
42
60
52
68
77
75
94
91
104
95
82
98
66
87
87
91
75
55
74
71
66
77
70
88
86
91
105
97
102
103
104
99
107
105
69
88
95
86
71
102
99
58
61
69
79
103
82
94
99
90
103
102
87
80
80
90
95
91
96
85
101
90
95
89
104
88
92
107
99
110
98
112
108
106
112
115
102
93
103
100
101
115
109
105
99
99
105
116
101
108
120
119
112
123
116
124
107
125
105
117
83
69
60
49
41
102
69
100
113
45
18
29
47
46
69
68
76
84
73
93
107
106
20
57
72
28
116
50
108
74
48
91
12
24
34
42
51
62
64
71
76
76
78
89
82
77
92
96
94
92
87
65
44
80
49
50
88
77
71
74
34
70
34
28
15
77
73
51
10
9
40
51
49
56
62
66
69
71
86
74
67
102
80
77
94
83
91
84
68
81
92
87
95
89
86
90
98
96
105
76
90
84
93
83
65
90
79
84
75
92
56
75
82
88
88
87
90
100
98
96
89
97
100
99
94
91
93
85
93
82
96
94
98
78
91
92
87
77
97
78
86
91
96
82
98
90
105
95
98
82
98
98
101
89
102
92
106
96
105
93
106
96
85
77
103
75
81
89
92
102
91
101
93
105
104
116
98
106
96
102
97
105
116
98
105
93
95
98
89
85
97
86
101
80
97
86
104
86
93
88
102
93
78
96
97
81
74
92
80
88
84
95
77
81
50
82
35
28
59
53
64
4
4
12
13
23
38
44
34
44
52
53
65
64
78
69
85
75
88
87
102
83
101
93
90
99
101
94
110
103
97
99
106
32
89
70
83
47
50
29
65
5
6
20
19
13
50
65
62
75
60
74
72
84
86
92
74
70
39
88
26
90
72
51
38
4
14
23
34
30
16
26
28
20
17
82
84
101
107
110
106
123
28
200
144
68
158
106
143
133
149
87
90
8
91
117
26
17
31
13
22
49
15
12
7
21
20
20
12
7
4
6
17
23
17
31
17
32
34
53
65
77
57
70
77
78
76
96
92
106
75
56
26
91
107
77
4
12
52
38
69
19
23
27
20
6
19
28
31
27
39
33
60
60
64
79
93
73
70
82
96
98
108
79
37
92
96
25
65
64
46
88
10
10
8
13
40
52
55
56
65
65
72
72
28
75
46
60
77
84
72
12
73
29
4
4
4
3
12
22
6
34
34
18
28
36
21
34
37
40
65
55
67
28
28
23
52
55
4
42
42
57
56
74
72
70
92
106
105
35
80
97
37
29
84
20
68
24
58
26
12
13
36
49
54
46
62
63
68
81
61
104
91
93
103
104
107
106
98
113
111
106
103
101
116
97
93
106
97
101
101
114
109
103
118
109
95
115
109
100
114
97
85
89
98
92
97
98
104
112
122
104
126
120
124
130
115
124
101
99
116
107
115
108
110
109
116
92
90
105
89
65
50
80
67
93
88
107
87
87
95
84
103
102
123
102
114
79
99
119
117
115
116
119
114
94
109
121
100
101
109
106
99
105
98
104
98
106
98
82
91
97
86
96
89
80
92
99
91
94
88
97
99
81
98
86
82
96
67
86
98
92
105
97
116
101
100
104
111
122
111
112
125
123
107
125
107
119
123
105
116
92
101
100
110
111
98
89
96
89
103
111
104
113
96
99
112
123
104
121
113
75
51
103
68
57
87
58
48
94
91
87
63
72
67
87
87
102
109
102
87
106
105
109
113
100
105
105
96
109
96
120
116
104
108
87
94
102
69
111
102
80
100
112
107
119
110
115
114
124
132
138
137
102
110
107
94
110
96
106
95
100
88
90
98
102
90
104
100
97
92
107
95
102
111
110
105
112
105
118
102
118
105
119
109
123
111
124
118
124
118
122
125
124
116
122
114
110
109
107
103
108
98
106
101
99
92
106
58
83
105
82
95
102
103
101
120
99
106
105
111
103
98
110
110
101
96
111
91
92
98
93
97
98
77
81
64
88
55
85
96
86
96
93
75
95
103
105
109
104
111
115
114
122
133
116
120
102
116
110
105
102
107
105
92
95
96
96
108
93
104
94
106
105
95
106
98
115
105
116
107
124
113
120
111
117
108
117
106
94
91
97
119
102
78
93
100
114
92
108
116
114
128
126
100
115
96
101
96
106
90
94
92
111
109
105
119
110
121
117
128
123
112
109
114
105
109
100
105
97
120
113
117
111
121
118
123
121
101
91
125
103
115
114
93
108
115
105
122
113
126
107
108
103
112
110
100
94
98
96
97
95
79
90
100
81
65
60
77
90
95
88
79
81
83
63
64
89
97
98
87
95
94
106
88
103
103
115
117
122
107
100
114
106
119
111
113
112
125
113
110
115
108
112
110
95
106
105
111
106
109
110
117
113
106
118
87
113
102
107
98
114
98
109
96
100
108
113
87
63
115
54
72
91
97
92
109
90
107
66
69
70
68
62
48
41
28
71
8
10
24
26
46
50
59
50
57
58
64
65
72
91
86
88
86
103
91
94
88
85
85
86
96
88
99
81
93
91
91
109
99
107
106
103
96
102
102
87
96
106
107
99
92
108
101
104
99
92
95
106
101
106
106
77
101
88
88
89
93
104
86
96
89
99
96
106
90
104
87
91
74
95
85
90
81
97
89
101
84
86
90
91
88
81
74
89
96
83
105
87
95
88
95
94
82
98
93
91
99
101
82
97
77
67
91
81
84
74
92
82
77
68
84
97
96
95
96
89
98
99
101
100
86
102
92
99
94
102
99
101
109
109
97
90
106
99
98
106
78
86
49
44
56
109
55
28
97
17
3
7
7
22
22
16
33
12
32
27
5
11
17
17
29
29
21
30
43
27
6
12
4
7
18
28
28
26
28
30
20
32
16
3
13
29
34
34
43
44
58
66
69
67
46
32
21
53
33
69
64
51
3
5
11
11
10
6
4
19
18
6
13
15
12
5
5
7
26
42
47
51
50
65
65
68
66
80
91
52
87
67
90
85
96
86
84
87
86
76
68
84
74
72
87
62
71
88
97
87
63
44
89
27
68
3
2
8
5
19
14
28
15
8
5
3
15
21
19
34
43
43
53
46
58
50
39
63
59
33
30
24
40
31
47
33
4
4
20
11
32
46
46
51
65
64
78
88
86
90
102
118
108
126
106
112
112
113
104
94
98
108
95
99
95
98
83
88
92
95
89
91
90
88
97
86
90
75
101
91
83
98
97
98
93
100
100
97
110
94
103
92
92
103
96
101
83
90
82
91
99
83
102
92
107
91
98
98
106
99
111
101
94
108
99
108
98
105
107
97
100
111
98
86
104
95
101
106
96
104
95
91
99
82
97
99
98
88
91
94
99
85
28
57
42
77
56
94
37
52
9
17
15
31
6
28
38
8
17
20
37
8
18
27
26
36
42
42
61
75
66
75
83
86
82
90
96
97
99
97
96
105
90
105
81
95
80
84
61
106
102
73
92
87
80
96
87
101
98
26
89
62
76
41
73
68
39
42
4
4
16
3
3
30
18
4
10
9
18
17
36
45
30
22
31
23
33
47
50
15
37
3
4
22
5
11
4
7
6
4
22
12
7
29
39
37
37
44
22
24
35
33
26
46
14
5
19
28
28
43
56
54
73
71
88
75
83
83
98
89
85
103
94
105
94
105
85
93
75
38
55
19
96
65
77
46
28
6
6
4
24
31
43
48
52
64
65
74
88
86
101
94
89
100
99
89
78
88
43
57
37
24
71
34
19
74
26
3
5
17
23
13
13
16
35
10
26
17
4
17
9
16
34
51
61
60
64
56
58
48
75
86
83
71
84
91
65
82
62
90
96
86
77
73
75
87
98
83
78
75
99
98
83
83
100
101
91
97
86
77
81
68
47
87
25
64
36
41
16
24
45
46
61
60
19459
19456
19460
19428
19459
19450
19444
19436
19466
4
3
4
3
11
7
2
9
14
5
5
13
18
48
50
71
32
37
39
27
5
5
9
3
3
16
19
25
30
39
19
11
36
45
53
33
30
49
62
71
70
63
93
89
83
89
87
86
108
105
83
83
90
99
98
104
102
105
97
110
105
93
77
106
112
86
134
109
84
125
96
79
85
19
115
3
6
12
4
16
27
35
25
39
42
40
43
42
51
55
54
36
32
62
58
49
39
4
13
32
29
51
49
63
63
75
71
77
76
83
85
85
96
92
95
87
83
84
83
96
23
83
75
50
18
91
81
60
28
13
37
6
8
10
5
17
8
25
17
25
49
38
51
23
15
45
22
27
24
3
15
11
23
10
8
22
40
50
44
41
54
44
61
52
49
64
80
92
86
93
28
52
45
79
17
96
46
84
42
10
11
18
30
31
40
31
44
44
44
43
56
51
64
62
66
63
64
65
68
81
87
99
97
99
94
84
115
89
94
109
75
28
85
34
20
62
103
32
34
5
23
40
47
63
60
81
73
91
88
94
100
99
116
99
98
112
107
103
103
115
98
109
98
100
103
104
101
111
99
112
110
97
111
97
94
108
99
100
111
105
102
93
108
105
94
106
111
108
112
109
106
113
106
101
112
109
110
103
106
99
88
79
104
90
106
107
91
111
98
115
106
104
104
111
114
104
112
108
103
108
101
106
109
107
114
116
108
112
106
96
87
109
107
95
103
93
104
93
98
111
109
101
107
98
109
104
108
103
109
101
110
112
110
102
111
102
111
102
115
107
92
113
107
120
120
113
123
115
105
114
108
119
111
119
108
99
109
108
120
122
124
106
102
115
120
108
122
112
118
107
98
121
110
117
104
114
99
113
101
110
103
112
109
111
109
109
118
102
111
106
111
115
105
117
107
91
111
103
113
101
74
94
102
85
98
91
97
85
80
84
57
56
97
89
83
92
87
54
78
75
49
96
55
56
88
82
74
91
51
52
57
76
77
91
86
95
87
87
94
106
98
105
93
95
105
100
107
102
86
99
106
95
109
92
102
89
91
101
139
142
138
149
143
134
133
141
145
137
84
104
95
96
106
86
92
96
89
96
86
94
83
73
84
86
89
87
77
68
48
86
73
54
63
59
57
71
66
74
82
82
97
94
96
108
96
75
104
84
89
87
82
76
81
88
91
84
86
52
77
93
61
69
82
84
95
89
88
96
99
81
100
94
108
98
107
98
103
91
105
97
104
98
94
103
98
107
98
102
88
99
97
97
109
92
98
98
91
97
91
104
72
90
96
84
75
75
91
90
90
85
93
98
83
100
81
99
81
99
95
104
90
100
92
94
88
111
98
111
104
110
108
102
112
104
108
79
93
99
98
85
87
68
87
73
92
93
86
93
86
98
77
89
102
91
77
85
84
98
85
103
94
102
96
100
106
107
114
86
99
106
99
91
84
91
82
102
99
104
87
103
98
95
110
102
111
71
85
65
91
85
92
100
93
98
96
97
76
77
69
90
84
94
86
88
97
88
84
94
94
103
92
101
90
105
93
97
96
95
96
92
95
90
93
89
95
89
76
86
96
92
87
101
91
101
92
91
90
103
102
96
107
107
97
96
108
110
99
100
108
107
95
95
106
104
99
102
84
99
100
90
101
89
89
98
97
93
98
90
101
95
99
89
97
78
86
96
95
101
102
97
98
104
103
108
117
97
106
95
94
100
80
100
83
81
90
100
83
99
90
106
95
102
97
108
106
108
96
105
93
103
89
90
93
113
107
91
91
98
95
89
78
99
86
92
90
73
79
74
63
79
91
84
96
96
85
105
96
103
111
92
103
96
90
93
106
90
90
94
102
100
92
99
87
98
96
95
99
98
94
98
87
81
104
92
95
105
103
88
95
103
101
107
94
105
100
102
87
102
99
106
111
97
102
96
102
92
93
101
76
68
77
84
98
88
98
91
97
80
86
87
101
91
86
100
95
79
84
101
94
92
104
85
101
94
102
94
97
92
104
92
75
93
107
95
95
85
98
85
93
83
76
74
92
102
94
92
98
99
94
105
92
102
104
99
97
98
90
99
87
101
93
100
89
92
101
72
103
85
91
95
85
89
95
87
97
72
92
89
89
98
95
90
103
88
90
97
104
91
94
94
80
89
85
91
86
76
95
84
97
83
93
89
104
94
97
95
101
88
98
89
92
85
100
88
94
103
94
105
108
96
110
96
110
101
105
97
105
103
106
97
109
105
92
99
97
101
95
101
100
97
105
104
103
83
91
102
93
106
103
95
105
96
99
99
108
105
97
80
81
88
101
91
88
97
101
95
109
107
114
112
120
109
93
107
97
98
88
74
85
95
79
98
79
97
104
108
100
108
100
122
104
119
108
104
112
112
102
104
111
95
102
99
92
80
78
62
91
100
54
95
83
65
93
89
58
58
73
68
66
74
57
73
100
99
91
89
84
86
79
86
88
89
87
99
91
96
86
74
95
66
83
90
77
92
85
93
87
84
90
67
99
84
101
98
84
79
93
93
86
98
98
91
100
90
100
101
95
80
88
93
86
86
93
90
93
97
91
91
94
91
102
103
94
101
93
101
96
93
101
95
67
82
92
91
85
83
77
83
75
90
83
97
97
92
96
87
99
80
55
17
41
30
91
83
57
43
4
36
31
46
47
44
65
65
81
82
90
85
98
86
74
79
66
98
98
88
95
107
94
96
81
87
97
83
90
104
76
98
84
102
86
92
106
97
75
76
99
84
93
81
96
93
99
96
106
98
109
101
102
102
90
90
102
90
94
96
103
96
97
106
108
95
105
98
116
103
106
93
104
97
82
102
94
86
97
90
94
94
86
100
90
97
94
91
99
96
87
90
75
65
67
79
82
74
67
56
60
79
82
59
33
55
38
75
46
50
59
60
60
66
55
57
79
79
93
93
118
106
107
126
117
117
115
109
180
155
171
147
139
142
134
126
66
151
169
33
22
40
40
56
67
67
56
96
96
101
105
106
95
100
88
86
109
93
100
94
94
99
92
100
91
98
91
106
80
87
85
88
97
92
103
96
108
96
96
105
95
110
105
106
117
105
112
120
105
114
91
102
81
100
93
98
102
92
101
94
111
97
101
96
103
111
114
107
114
103
117
103
119
104
106
116
103
117
117
109
110
88
107
111
104
121
115
105
120
109
124
101
112
120
113
97
109
113
114
93
106
106
100
110
100
116
108
129
105
108
108
121
115
122
113
112
120
120
104
107
118
112
119
107
116
102
113
108
102
104
101
82
94
103
95
101
99
114
94
110
100
111
107
104
99
95
107
113
105
109
102
111
106
109
101
114
110
101
108
73
88
95
94
100
74
95
85
92
86
97
75
79
93
100
104
101
100
87
92
103
87
91
76
93
85
91
87
92
90
98
96
106
96
84
99
93
98
94
92
104
74
88
100
90
86
90
96
78
93
74
88
86
100
95
91
103
102
95
103
104
108
107
78
96
85
86
95
94
88
93
89
101
92
109
93
104
93
99
87
91
102
99
79
91
93
88
95
90
97
86
93
85
86
87
98
93
78
91
95
93
103
93
87
101
91
100
101
93
105
88
92
100
89
68
81
96
83
82
84
91
91
88
106
85
104
94
76
93
67
48
34
75
109
59
77
83
79
39
37
50
60
60
50
50
30
61
37
24
58
17
30
28
51
50
49
73
67
79
87
52
61
66
64
69
34
24
23
67
7
16
33
35
48
48
58
57
72
73
84
88
90
89
95
103
92
100
95
98
107
98
110
99
115
102
81
94
100
94
94
87
99
93
59
85
79
67
85
94
93
100
91
99
80
96
80
78
106
98
98
108
106
99
105
100
107
98
99
87
76
97
89
87
83
73
88
84
91
85
92
79
100
99
91
84
88
66
100
89
110
77
85
72
83
95
85
92
98
101
86
98
96
110
109
118
109
126
119
102
127
102
115
108
96
113
106
114
103
119
106
119
112
111
119
114
102
113
107
110
111
107
97
104
95
106
92
106
96
109
101
106
109
110
97
103
111
109
108
112
102
98
109
89
69
87
107
111
103
107
97
96
93
94
115
109
126
114
127
116
110
117
98
122
112
118
98
97
113
112
100
110
104
110
108
119
111
117
97
111
113
105
101
109
97
100
108
103
110
111
99
107
106
109
112
101
112
102
109
100
96
110
97
104
107
93
99
109
113
108
113
106
89
111
76
101
100
89
97
85
96
90
94
86
93
85
92
99
93
106
94
102
94
104
94
98
104
108
98
108
100
86
102
106
103
115
100
110
102
117
100
100
109
119
100
112
115
106
115
106
113
108
115
91
104
93
104
102
79
90
98
91
85
94
89
75
65
62
79
45
95
57
51
96
55
57
49
67
68
68
94
97
94
113
100
118
105
118
110
120
108
117
106
126
118
102
113
96
109
93
102
102
106
89
97
98
104
105
101
109
99
94
104
100
98
99
98
102
94
101
97
99
94
99
86
77
96
111
102
83
96
112
112
103
121
120
112
101
60
89
71
95
115
130
103
96
35
40
41
44
46
48
44
66
85
18
16
32
31
29
32
55
56
57
63
77
74
69
78
77
93
78
92
100
91
79
100
106
99
115
113
116
95
105
98
96
99
91
77
24
62
60
20
85
41
34
47
19
37
49
52
46
46
67
77
71
73
75
79
94
71
72
65
84
74
90
98
106
103
83
84
40
89
58
31
16
72
54
59
11
67
36
15
14
23
41
59
61
52
68
54
76
55
81
90
99
39
96
51
84
60
69
61
76
81
87
60
71
66
81
79
100
97
105
84
92
17
60
105
29
51
71
14
38
5
3
7
20
21
40
45
43
56
44
42
40
49
41
87
86
105
92
99
105
97
102
92
83
94
89
96
94
93
92
93
100
103
89
101
100
98
106
103
115
97
92
102
89
96
92
95
84
85
91
77
91
86
77
95
93
87
94
88
95
87
84
85
77
94
84
100
85
101
87
87
63
83
95
91
85
74
69
92
78
84
78
84
87
99
95
93
105
104
104
106
110
83
108
88
17
43
60
74
35
99
69
54
89
75
44
65
59
57
58
84
83
99
91
85
100
98
103
88
96
102
104
97
113
96
103
106
92
103
101
98
80
99
90
89
101
98
88
100
102
89
104
105
75
95
67
89
84
87
89
80
87
78
83
83
103
97
99
98
110
103
102
99
100
92
97
98
93
86
82
97
89
81
79
82
92
81
88
88
103
102
106
93
93
91
81
98
96
99
87
96
89
68
99
84
76
72
88
87
80
85
100
92
91
107
99
104
97
82
88
99
88
99
89
88
99
98
89
82
95
86
59
86
74
27
34
31
51
91
69
76
64
43
36
50
50
65
66
83
82
99
87
97
87
101
93
82
99
89
71
95
83
99
86
97
103
102
99
101
95
81
98
101
86
99
86
97
94
89
87
92
83
86
97
88
99
91
98
92
107
105
108
107
107
99
94
100
101
90
92
98
83
92
85
88
96
103
93
112
91
9
57
67
32
94
113
50
77
23
87
113
5
4
5
7
16
15
15
16
27
45
32
51
60
58
62
60
61
42
58
42
27
65
39
21
5
3
6
14
12
16
35
34
37
33
54
67
65
82
79
79
94
100
92
86
102
102
98
100
96
45
72
104
65
46
29
96
85
25
38
7
18
21
21
48
52
60
58
53
61
72
71
85
86
79
102
94
102
85
71
86
95
74
96
90
88
76
89
86
74
69
47
73
85
13
56
57
32
29
4
11
22
28
37
34
34
49
64
61
71
66
79
75
89
86
104
103
103
110
100
104
89
90
88
69
105
83
90
53
55
14
56
20
78
32
67
38
10
25
23
39
58
56
66
65
78
80
79
91
99
98
109
97
98
111
112
108
99
105
104
97
101
110
92
94
102
91
97
94
84
96
80
100
86
94
88
85
89
99
93
101
100
82
96
101
111
112
109
104
102
107
105
112
111
109
109
100
111
99
109
100
105
97
98
100
100
93
97
90
102
99
103
97
104
93
82
67
84
94
78
83
87
89
78
67
67
84
84
102
100
104
90
109
103
90
107
94
95
84
285
293
277
291
258
252
285
278
288
295
71
34
37
36
21
34
90
39
37
69
3
13
21
36
44
46
41
45
64
61
63
86
95
89
104
80
94
81
98
76
79
101
90
104
91
86
95
86
69
74
71
87
89
67
73
81
78
83
80
90
100
103
101
83
95
57
57
25
91
73
30
44
51
83
65
75
33
73
55
62
61
69
76
75
87
79
79
78
91
82
81
90
79
79
72
20904
20939
20947
21044
21054
21052
21061
21064
21075
254
71
145
61
216
50
86
265
106
113
100
141
173
121
187
195
132
146
146
174
175
154
153
92
87
83
81
159
72
3
3
11
35
39
52
50
66
65
23
61
64
64
20
58
43
63
20
3
74
11
17
35
20
37
7
38
20
10
35
42
6
23
9
11
5
5
14
13
20
14
23
18
36
27
42
33
45
41
54
64
61
74
60
90
90
88
89
98
90
108
97
73
96
105
87
78
78
94
64
67
47
79
95
105
85
102
95
93
85
96
93
104
103
115
100
103
102
96
107
103
82
89
101
88
93
84
101
87
94
101
100
110
110
104
116
111
123
120
124
92
122
90
102
116
113
122
108
118
94
102
121
101
101
100
86
108
38
78
68
43
50
88
90
79
81
60
65
84
83
102
101
118
115
119
113
104
120
114
112
117
110
112
104
112
110
103
113
115
101
110
108
118
110
126
114
126
133
116
114
132
125
113
110
104
108
115
124
118
123
113
118
114
120
132
114
120
107
115
109
117
113
122
110
119
111
119
122
113
120
115
75
24
33
20
53
42
97
83
113
60
4
6
4
7
10
10
5
19
42
30
41
48
66
37
17
21
19
16
39
54
38
36
4
19
18
27
21
16
16
17
14
21
22
32
29
32
42
31
29
34
35
59
75
69
64
83
91
67
90
71
81
90
95
79
76
87
90
86
89
79
66
86
80
54
87
91
73
86
83
55
72
72
89
90
100
107
96
110
97
105
86
97
91
99
91
95
57
45
25
12
86
79
50
13
37
69
12
34
32
46
45
57
59
60
76
75
87
85
54
84
82
66
69
96
73
29
23
37
87
23
50
60
75
4
3
13
11
5
3
26
24
20
33
50
50
61
60
49
59
41
58
21
51
39
26
44
23
24
39
40
56
57
70
79
78
92
94
78
58
89
54
68
40
64
74
98
97
87
84
59
34
50
33
67
40
85
84
91
80
45
54
25
56
59
52
57
58
15
37
3
3
25
9
29
32
51
49
56
65
72
64
35
43
79
62
60
39
62
59
48
50
38
39
46
32
16
33
31
40
24
24
16
12
29
39
37
49
68
61
78
86
77
40
60
93
73
30
67
81
49
22
97
6
19
34
30
47
58
58
67
65
63
72
70
67
92
94
93
112
94
87
91
99
85
94
82
92
97
91
28
67
50
15
81
70
93
18
98
9
35
45
56
54
67
68
70
71
98
105
107
108
102
109
115
112
107
111
103
111
105
101
107
107
97
80
100
98
112
94
94
89
105
85
81
102
94
98
97
112
93
83
76
92
105
86
102
84
88
95
97
105
78
90
87
64
76
98
88
93
81
93
95
100
74
89
89
101
99
104
95
105
95
104
102
105
99
98
104
104
93
102
100
104
102
96
85
98
90
90
100
104
91
101
69
103
91
77
107
91
79
94
81
85
86
87
86
84
84
88
96
79
86
94
78
99
86
98
87
84
82
78
69
67
89
81
90
81
99
89
100
77
90
78
95
97
92
94
88
102
95
109
112
91
89
86
98
88
104
99
82
93
96
71
94
88
101
94
112
94
94
94
112
103
107
115
114
106
111
103
111
103
111
104
110
107
104
111
110
103
111
103
109
106
112
104
112
102
116
103
117
109
117
110
107
113
88
111
102
92
105
83
97
89
102
100
87
107
91
88
106
97
91
107
85
98
96
95
87
90
88
86
84
91
59
74
66
99
93
99
91
96
88
71
75
90
69
84
88
64
83
77
82
101
89
105
96
102
102
100
110
82
90
101
91
102
98
97
106
105
91
100
84
95
79
99
93
87
102
91
97
96
107
75
93
84
80
90
73
88
89
94
84
94
91
95
100
86
78
94
86
98
95
97
93
101
92
94
108
84
104
97
98
92
97
91
99
89
93
88
86
81
99
102
104
91
109
107
91
103
85
105
100
86
74
79
95
93
104
109
111
107
105
112
105
119
96
107
96
91
101
99
87
104
99
89
82
75
102
102
100
84
83
78
96
88
71
94
89
62
89
97
97
107
96
108
110
85
115
113
109
61
37
82
49
57
90
103
