47
58
117
116
133
170
183
181
133
55
152
186
180
171
173
202
162
182
122
93
168
119
127
125
152
136
67
172
198
138
139
174
20
81
94
55
192
38
113
118
17
16
52
52
68
70
70
90
127
89
109
123
114
124
70
69
91
134
123
92
97
88
100
86
111
110
86
152
153
166
170
168
170
167
185
191
118
107
116
122
124
130
115
109
107
93
115
105
94
89
72
99
96
92
94
91
105
97
92
83
94
102
101
93
100
94
77
109
95
92
82
82
96
85
95
89
84
95
95
95
93
105
88
66
73
81
37
27
10
58
47
100
18
4
35
47
48
41
54
46
53
31
60
51
24
50
58
3
19
43
35
51
26
9
24
49
8
3
3
4
15
5
18
24
37
46
44
57
49
66
82
81
101
100
118
116
19
31
81
39
48
88
61
98
110
3
81
78
9
18
40
43
32
35
16
7
37
32
9
4
22
34
24
38
45
54
65
79
68
89
66
84
80
101
93
110
103
124
127
146
121
140
122
133
121
127
117
109
124
121
98
120
107
109
121
135
121
112
118
128
118
109
114
107
104
75
58
92
40
21
96
77
27
50
85
98
85
82
48
49
63
65
65
80
87
86
100
103
83
83
64
101
58
65
82
83
101
93
101
95
114
102
107
94
101
117
109
108
121
118
104
86
113
79
104
112
105
109
101
99
111
107
85
115
119
105
125
113
120
106
82
97
64
113
40
35
54
72
8
22
32
44
49
49
63
56
73
70
73
82
84
85
90
91
86
99
89
87
86
92
86
100
102
88
95
92
101
94
102
93
101
90
103
65
36
93
86
46
84
51
67
23
2
13
26
29
28
29
23
47
54
36
24
21
8
52
19
16
4
22
20
27
26
40
39
49
64
51
64
63
63
77
69
81
88
84
82
82
84
91
93
76
88
59
51
46
40
32
67
88
62
81
9
9
27
38
45
41
52
52
61
53
67
66
73
78
77
68
68
86
96
77
86
83
87
85
99
79
93
91
95
84
77
95
100
89
30
94
58
105
48
35
73
80
90
52
7
14
27
11
31
16
13
10
2
13
13
3
17
3
17
11
5
5
4
21
14
13
16
14
22
47
44
51
50
53
67
66
85
83
83
99
87
97
94
99
107
87
94
103
97
105
83
62
98
35
22
66
96
53
46
4
4
13
12
45
27
44
35
26
42
34
30
40
43
12
38
4
3
9
24
36
34
36
37
47
62
72
71
89
86
95
93
101
97
107
110
97
99
102
104
99
106
103
89
105
95
101
86
101
101
93
116
105
114
102
100
112
108
92
102
94
99
95
100
103
98
103
103
93
94
112
121
119
111
119
107
124
111
121
85
108
104
82
95
79
90
97
88
93
89
74
80
73
96
84
92
85
92
94
95
97
87
94
82
116
99
91
208
210
205
194
212
197
199
220
214
108
231
128
112
115
108
108
115
97
109
111
109
105
92
94
105
90
110
101
119
103
108
89
104
99
109
118
100
102
94
86
104
85
107
102
113
101
111
93
106
91
121
106
104
111
113
104
97
106
103
108
89
109
83
69
26
78
104
93
53
41
63
3
3
10
11
17
19
19
41
41
56
69
77
44
32
21
18
58
64
63
46
67
30
7
5
4
4
26
8
2
8
14
30
30
32
28
38
57
70
69
70
65
62
79
85
78
91
98
106
95
105
115
121
105
123
109
132
112
122
112
132
113
108
124
102
95
120
120
107
125
106
98
23
79
58
38
107
119
71
87
46
15
11
15
38
36
53
26
28
14
14
51
4
13
9
24
29
27
27
16
32
33
27
23
43
34
28
21
14
25
7
5
22
22
30
46
54
52
55
49
69
75
75
89
92
99
102
103
91
100
106
95
106
94
96
116
108
111
140
138
139
113
109
146
128
134
125
112
100
99
95
98
100
89
113
107
113
115
109
120
116
93
106
106
96
95
91
105
96
92
99
110
109
120
111
95
117
118
114
112
126
123
106
110
126
111
119
116
104
114
104
110
103
99
103
100
104
105
109
114
113
107
113
107
105
115
79
111
94
96
80
90
89
90
95
86
96
79
97
96
106
95
107
98
91
105
104
92
102
104
104
93
102
93
95
105
82
103
95
89
98
67
87
68
79
92
94
91
96
96
112
96
109
106
108
98
112
69
88
52
43
63
19
76
29
102
4
5
3
21
11
29
32
64
63
73
60
55
51
57
70
66
84
70
68
72
83
88
86
102
95
83
85
108
108
109
120
105
105
111
118
106
106
125
107
72
90
109
95
61
80
83
72
85
104
99
73
87
96
121
120
134
118
133
135
139
137
114
102
152
148
134
138
139
129
129
138
123
129
139
109
86
115
93
85
105
105
77
108
93
111
121
122
143
130
130
123
107
89
99
100
111
113
99
87
112
109
120
111
122
111
118
104
110
102
103
111
113
119
106
111
126
132
115
121
115
133
113
122
112
117
99
113
108
117
108
118
104
105
90
107
122
105
117
97
104
107
104
80
68
64
51
51
50
117
107
89
4
4
5
25
2
9
6
28
27
32
47
40
41
43
66
63
36
61
43
67
51
62
18
82
71
32
73
45
9
8
12
26
25
28
29
31
63
64
51
43
39
65
53
11
62
67
64
64
57
30
67
18
11
21
35
8
10
36
25
34
22
26
6
35
19
34
34
56
54
67
65
47
52
55
51
61
60
38
46
29
60
5
5
28
34
31
45
32
23
77
112
118
146
155
133
158
130
156
134
155
160
156
126
109
103
85
74
60
52
4
12
10
10
6
16
27
41
34
20
18
32
4
7
4
352
349
5
11
23
25
23
36
35
41
30
8
38
27
5
4
12
13
20
28
28
30
36
48
69
58
58
62
86
83
95
114
112
142
133
149
144
136
128
141
131
133
124
122
115
124
124
118
102
96
121
111
118
110
124
111
117
125
96
111
117
105
110
119
121
111
125
110
121
111
126
111
125
115
121
110
125
111
118
126
126
111
106
121
115
128
118
126
113
126
124
121
120
112
116
109
117
105
115
105
115
103
115
109
116
104
104
113
110
118
123
110
124
116
128
112
116
134
127
120
111
127
119
118
128
129
117
127
124
140
122
136
115
128
103
113
119
93
104
110
120
112
120
102
101
110
114
125
107
122
108
123
109
121
113
118
117
131
122
106
128
131
117
129
125
118
125
118
127
113
124
115
108
120
116
109
120
118
103
111
121
113
716
723
1424
1416
1429
1418
1440
1425
1422
770
102
812
1437
126
113
107
130
111
98
91
120
112
114
121
117
103
86
106
85
100
112
107
98
94
96
96
116
127
128
153
115
117
95
81
124
123
108
73
37
63
20
97
122
82
29
31
3
6
31
41
19
9
9
21
10
8
24
40
42
41
53
59
72
64
58
61
85
80
90
6346
6345
6333
6375
6342
6329
6368
77
6342
6327
69
5
3
34
33
45
33
50
35
41
39
50
52
59
58
41
34
34
11
5
35
3
5
9
71
6
4
6
21
23
13
19
19
10
6
7
14
24
23
27
28
38
39
34
49
44
62
60
52
64
64
77
79
93
100
99
134
127
134
139
132
143
140
145
126
105
130
105
105
106
90
112
110
97
104
96
113
101
115
105
103
122
117
110
121
123
109
123
111
125
108
111
129
120
104
120
112
112
104
121
123
109
127
112
113
127
109
123
124
115
127
114
101
103
123
115
105
111
104
116
103
118
106
118
107
118
109
107
113
112
104
114
105
110
103
110
91
102
101
86
99
97
99
97
94
76
93
104
98
100
94
104
93
103
93
95
102
103
91
104
85
101
116
107
108
118
120
112
110
119
119
92
85
111
98
110
101
120
104
96
114
101
108
113
106
114
118
107
122
105
118
113
124
110
122
107
116
115
117
111
113
105
117
109
116
95
107
127
110
113
120
126
102
92
110
86
91
98
102
85
89
90
98
101
89
100
93
110
92
96
96
100
109
115
104
118
112
121
107
122
114
109
126
118
123
122
109
117
107
115
93
107
118
100
117
110
100
98
113
99
117
103
111
105
113
104
112
101
112
103
107
97
105
97
104
85
97
109
96
113
100
108
120
130
112
111
110
122
113
119
110
98
114
111
103
112
109
123
113
132
125
133
133
136
132
137
121
131
116
122
93
109
122
109
127
108
122
108
130
122
124
115
128
120
124
116
122
110
115
106
104
108
96
96
104
93
105
98
109
99
83
75
118
103
100
121
102
117
102
119
101
91
80
110
105
97
114
102
110
99
110
101
119
132
126
136
100
120
108
68
113
54
44
30
90
98
31
30
105
21
28
43
26
7
8
7
10
14
16
15
13
14
8
2
4
18
4
6
7
38
18
30
20
48
69
70
67
83
35
39
60
93
54
64
60
25
56
57
77
76
92
81
86
96
88
508
501
500
492
516
508
523
522
100
529
179
179
177
215
211
225
205
218
209
224
123
142
134
140
123
137
130
135
128
140
119
134
121
128
71
66
54
49
108
104
87
35
80
10
7
26
23
37
21
25
15
33
42
56
48
38
50
40
44
40
47
64
75
66
76
56
71
70
97
97
118
118
123
101
113
33
85
135
49
52
65
118
21
20
46
45
61
74
96
83
31
57
41
84
19
62
29
80
47
11
11
31
32
24
13
47
4
19
5
5
16
36
37
25
69
74
77
97
94
68
70
90
88
114
107
115
123
136
135
133
153
135
129
132
117
104
100
89
83
68
54
147
11
6
5
35
27
41
36
42
45
63
45
54
66
49
46
35
59
66
10
4
16
13
3
5
3
23
9
23
22
26
32
32
17
29
18
7
21
22
25
44
62
59
70
15
55
50
38
53
28
56
41
31
58
3
7
27
27
30
21
22
17
25
19
36
26
5
5
13
11
8
23
20
17
9
9
22
4
13
13
7
10
29
26
4
9
5
5
3
13
8
4
13
11
14
22
4
4
19
16
17
16
15
12
7
8
14
13
7
32
34
48
44
50
57
62
64
72
18
68
81
21
34
61
50
47
54
74
11
28
35
18
13
37
31
23
15
21
35
26
28
23
41
25
27
25
35
38
16
6
7
4
53
41
34
48
52
65
63
81
98
97
110
105
115
120
107
84
108
50
23
87
34
52
69
7
4
9
25
23
36
45
41
37
59
55
56
73
72
85
84
95
95
101
83
85
84
103
85
89
111
109
110
99
107
87
104
100
90
94
109
110
93
104
95
102
93
92
93
103
83
93
87
94
75
96
77
92
85
84
97
96
102
90
99
94
104
97
107
108
93
87
106
100
95
98
92
101
95
99
85
87
103
91
99
93
98
89
95
90
91
91
101
90
105
103
95
106
105
94
104
102
110
96
101
99
99
91
100
93
103
89
99
95
104
98
103
91
103
95
83
101
91
96
90
86
97
89
76
83
89
72
94
89
98
93
102
97
116
106
97
113
107
113
111
107
114
106
111
108
108
111
106
107
98
109
103
106
121
104
113
109
108
112
97
110
108
109
100
107
119
123
121
123
121
120
118
110
120
114
91
104
90
77
63
59
99
82
100
95
88
98
97
101
63
82
82
104
105
125
110
104
126
111
121
110
56
119
77
105
98
70
53
107
91
97
86
63
63
76
76
77
101
95
106
95
98
107
85
55
49
46
86
69
95
65
4
5
8
15
8
23
29
6
17
3
14
24
19
24
34
44
48
51
55
53
73
65
64
74
75
82
81
88
77
88
90
98
96
97
115
117
102
114
113
119
116
124
121
122
111
122
112
127
119
127
116
123
115
115
124
121
117
111
128
109
119
105
114
106
105
119
111
118
114
110
103
121
107
113
107
118
111
110
95
108
111
99
103
99
103
98
104
99
99
108
89
101
97
104
99
106
93
110
103
101
94
106
96
104
102
96
98
93
98
91
85
102
101
97
115
111
105
116
117
131
114
127
120
120
112
101
115
98
91
75
70
98
95
95
105
90
101
89
99
76
87
87
99
87
103
92
104
94
110
100
115
105
116
114
107
119
125
110
124
114
124
116
129
120
122
114
115
100
91
121
107
120
90
116
99
106
111
120
128
104
108
101
117
106
115
104
108
100
111
102
109
105
111
104
118
109
109
117
120
117
128
131
127
99
106
115
108
90
96
105
107
96
110
102
114
105
120
119
125
109
123
113
116
114
118
112
96
116
99
111
104
108
108
121
104
109
109
124
109
124
110
129
115
126
107
109
121
71
18
119
52
111
93
64
29
97
41
4
3
17
23
29
38
39
19
8
32
24
39
12
4
6
3
6
8
10
14
21
23
38
60
63
52
65
81
81
75
86
48
61
56
28
15
45
89
80
86
5
16
13
5
5
3
23
22
32
42
55
70
67
72
71
78
92
84
82
103
109
94
116
107
103
119
104
112
104
120
109
118
98
111
120
119
103
100
113
110
103
98
107
98
91
107
105
111
109
114
112
115
107
101
116
108
101
91
103
83
95
89
103
97
97
106
87
102
113
116
109
118
91
110
108
111
109
111
109
119
104
126
116
134
115
120
127
126
128
114
104
113
111
109
99
110
100
105
97
110
100
109
103
113
121
107
121
109
121
108
123
117
102
109
118
110
113
106
117
109
114
109
120
99
116
111
119
122
110
114
119
115
101
121
105
116
104
117
109
128
108
109
128
119
114
116
107
112
120
94
107
118
117
99
104
115
106
110
113
113
105
110
104
118
106
120
112
123
119
122
113
124
115
115
124
123
115
119
111
116
113
104
114
113
103
113
105
113
105
121
108
123
121
122
114
118
111
118
110
121
115
118
110
117
108
120
112
118
111
116
109
116
103
119
107
118
117
109
84
112
92
100
102
71
93
90
69
106
79
98
96
107
96
118
101
123
122
1281
1293
1268
1281
1263
1313
1302
1396
1374
1378
210
169
206
174
182
161
177
96
103
104
86
94
102
95
109
95
85
106
76
57
60
57
54
80
10
21
30
53
39
41
62
52
49
35
33
30
12
52
14
71
38
64
21
7
31
17
5
7
4
26
29
32
36
79
24
22
77
98
97
118
102
88
102
102
100
110
126
74
95
57
134
78
106
113
96
107
121
99
74
95
99
95
123
115
115
129
127
118
124
115
129
127
126
111
123
111
114
105
103
86
75
66
62
57
50
52
92
110
4
17
18
39
36
49
44
18
47
41
21
47
36
23
12
27
41
47
21
34
37
32
45
47
39
10
21
21
72
63
73
94
76
68
97
123
143
146
126
139
101
119
115
113
168
107
102
142
96
119
97
108
109
147
146
150
155
167
153
176
183
170
351
319
309
298
326
309
297
90
292
287
296
104
127
107
117
113
105
113
86
87
121
114
132
114
121
115
114
109
118
110
113
99
114
107
108
114
114
103
114
115
108
121
106
111
105
108
110
99
101
67
105
68
82
85
95
105
100
110
78
59
63
68
96
67
74
68
64
191
168
199
203
34
197
207
209
204
203
205
56
9
10
9
16
13
40
32
23
39
24
43
50
62
70
73
59
62
60
69
67
85
86
84
82
90
85
95
76
77
97
98
96
112
99
110
99
86
104
100
101
95
93
104
106
96
102
95
110
99
106
96
110
100
107
100
103
109
95
107
99
114
96
99
93
102
105
106
95
106
95
108
99
112
99
93
104
105
110
106
100
106
100
105
68
78
68
104
82
98
90
94
109
110
94
109
110
126
98
96
77
90
106
91
84
83
97
95
96
62
20
50
74
98
67
79
30
35
22
4
16
13
21
27
38
38
26
41
51
10
45
23
33
46
41
17
4
3
5
9
15
20
10
7
9
8
20
41
40
55
56
58
50
74
62
69
74
71
73
95
92
92
89
67
83
92
99
85
83
80
87
105
77
97
92
107
92
98
106
113
111
82
91
104
103
91
105
97
106
102
106
106
113
111
114
111
111
105
106
99
105
104
102
99
101
98
105
94
108
105
102
94
86
99
92
105
90
35
53
66
69
82
33
88
87
90
73
110
96
106
105
116
134
125
148
120
110
132
115
103
120
122
103
115
102
115
108
119
122
115
123
116
87
112
101
113
102
101
113
100
115
112
104
119
89
97
90
102
100
92
100
92
93
99
99
105
111
111
106
102
111
98
112
102
112
110
98
103
111
113
99
104
98
106
100
107
94
106
97
104
91
104
94
107
95
108
96
103
97
103
95
103
96
99
88
102
92
91
103
105
93
91
102
81
102
95
99
75
89
57
70
95
84
99
82
101
85
103
102
105
105
89
72
110
64
81
113
95
88
97
89
77
93
90
84
103
72
102
82
95
88
99
97
97
86
90
64
80
79
94
93
97
84
104
93
108
98
100
111
117
108
119
117
113
117
105
120
104
120
104
111
105
116
106
111
100
99
111
95
112
107
93
88
108
102
17112
17102
17107
17132
17144
17151
17157
17150
17171
240
142
134
154
155
165
164
151
152
135
120
151
137
114
106
100
104
91
121
109
121
132
118
105
126
119
110
100
118
104
63
34
42
77
85
53
93
74
41
4
12
20
33
32
42
52
37
17
13
21
34
39
18
4
12
13
22
25
30
36
33
34
56
64
64
72
66
63
80
94
92
106
97
23
46
14
100
78
56
32
65
104
3
3
23
13
38
47
57
57
64
62
78
80
89
75
101
111
114
111
109
103
107
93
109
109
109
98
104
99
101
100
100
100
87
95
104
91
83
101
93
111
103
112
118
87
106
122
113
104
113
110
95
111
100
116
99
120
112
110
81
96
61
111
47
71
89
87
82
100
99
116
92
91
92
113
106
117
107
96
110
113
100
105
105
114
103
111
100
105
116
114
106
95
115
108
120
105
120
106
123
101
104
112
115
111
111
116
115
108
112
118
101
102
119
113
101
110
100
115
102
111
101
109
100
86
111
104
106
96
105
93
90
100
98
83
90
95
90
84
101
109
96
97
101
100
103
103
111
114
108
112
108
120
115
124
115
124
111
122
108
127
119
127
129
125
118
110
104
128
101
127
123
107
93
57
104
119
116
50
42
83
70
5
6
13
6
18
5
18
5
20
29
46
39
46
55
53
73
72
78
67
63
80
24
43
22
65
57
77
35
3
3
24
21
32
29
25
53
52
66
54
66
52
24
80
28
70
43
64
52
4
5
25
13
8
6
7
16
30
32
22
23
26
52
50
56
52
79
78
77
75
98
95
108
116
111
114
125
126
119
137
111
110
113
108
102
124
87
122
114
121
127
121
123
121
131
128
128
75
41
86
61
33
99
106
31
54
7
11
12
18
34
20
6
4
5
16
24
33
37
35
58
49
40
34
45
25
57
58
56
26
5
9
7
31
36
8
35
3
14
30
23
19
10
24
3
18
17
24
27
28
39
52
42
42
64
60
65
67
67
93
91
105
110
102
113
100
119
117
105
126
117
107
116
108
118
105
116
106
117
107
115
122
122
114
123
111
126
110
131
129
125
116
115
102
121
114
118
105
118
111
120
118
131
127
127
113
129
115
128
126
122
110
124
876
874
860
892
53
66
855
32
884
79
864
898
201
23
875
4
18
14
5
4
5
2
4
5
7
20
5
13
22
25
19
45
54
44
49
76
61
68
83
63
98
94
94
115
75
33
14
85
38
43
73
60
92
5
5
18
15
13
8
6
5
3
30
40
34
37
36
59
58
51
75
73
75
88
82
93
91
82
98
109
114
116
106
117
115
118
113
113
111
118
108
118
110
80
88
107
102
101
66
72
84
41
57
53
95
106
100
105
114
113
130
130
151
142
105
102
137
102
87
100
106
110
94
108
93
109
99
97
96
107
99
110
103
112
107
111
104
95
108
88
109
101
113
98
104
99
107
99
112
104
96
88
104
106
93
103
113
99
114
105
108
90
105
76
109
38
56
70
44
101
90
31
9
18
18
20
26
51
52
60
57
78
66
80
40
80
68
79
83
37
57
79
5
21
23
37
43
47
32
34
44
48
70
75
70
93
74
71
76
72
91
77
95
94
105
113
115
115
124
112
110
118
116
95
107
113
96
88
102
106
100
118
102
117
93
86
108
71
110
121
107
123
108
104
106
139
130
149
139
147
132
146
143
164
150
137
129
134
154
136
120
116
100
88
83
68
69
136
12
25
42
59
45
74
74
69
102
102
104
102
153
98
113
143
131
132
146
154
115
120
119
125
90
109
92
117
106
110
107
119
121
96
107
86
102
97
114
123
111
147
153
201
202
199
338
335
320
328
273
286
281
212
11
39
203
55
203
42
3
7
9
4
10
25
16
12
10
16
4
7
10
15
21
27
21
29
43
41
45
29
34
33
23
37
37
54
53
45
76
60
63
44
59
65
66
83
83
101
89
96
78
73
99
89
94
79
91
64
80
70
84
83
96
85
102
92
107
96
84
105
94
94
100
95
105
70
102
91
94
87
101
100
91
92
96
102
90
111
95
111
101
105
95
109
84
96
100
86
105
91
95
90
87
92
98
92
103
88
89
102
105
95
104
105
104
97
103
91
91
100
95
102
88
102
92
96
46
28
31
70
64
56
79
40
4
6
26
11
8
13
28
7
32
33
34
29
41
25
44
21
25
28
4
21
31
38
46
47
49
61
66
65
65
88
70
86
51
39
81
46
17
41
53
4
16
35
32
48
61
57
64
64
61
81
83
98
87
78
104
91
97
83
92
91
98
79
88
94
83
96
92
92
96
84
79
97
90
97
90
97
86
99
91
88
88
97
32
79
90
44
63
73
49
28
16
4
15
25
28
33
37
43
55
60
57
57
68
77
67
59
62
87
93
82
83
95
99
88
82
82
98
96
108
105
103
94
91
98
98
100
99
97
98
93
101
93
86
101
81
93
96
91
85
83
93
93
86
86
98
105
104
97
107
108
99
103
98
111
98
107
99
105
73
82
99
84
69
88
91
105
91
106
99
97
109
108
126
126
117
110
114
112
114
110
111
109
83
105
64
92
74
113
95
99
105
93
121
119
96
67
34
18
104
70
73
94
55
85
4
14
8
6
28
30
17
35
31
34
59
73
56
69
63
73
67
82
82
99
96
98
87
100
88
94
99
99
96
80
96
89
96
91
105
95
95
103
91
107
101
107
102
111
105
117
106
103
103
106
114
115
105
113
110
112
105
111
109
113
100
109
101
110
106
104
102
114
102
115
106
120
106
104
117
115
94
111
117
114
107
111
61
36
50
39
68
92
75
106
90
4
5
18
7
14
4
9
21
32
44
36
53
58
65
50
59
89
85
86
87
98
88
109
73
99
94
88
105
103
111
105
118
107
115
108
119
107
111
93
112
105
110
103
107
110
113
93
106
103
57
91
82
83
66
109
65
101
84
104
97
109
108
126
114
84
83
100
110
100
108
118
107
123
110
123
115
118
112
107
122
111
105
97
100
93
95
89
96
102
93
103
92
81
101
111
121
108
108
119
86
110
105
104
97
91
100
97
91
100
94
113
113
111
99
110
100
113
110
113
105
103
111
107
96
106
82
102
91
76
95
88
99
102
91
108
90
93
108
100
109
112
102
109
86
95
108
95
106
90
90
100
91
97
100
94
91
102
106
87
104
97
112
89
81
95
70
91
86
96
89
96
80
66
75
68
89
89
86
72
84
89
84
96
81
81
99
94
102
95
93
100
98
80
89
96
90
97
93
100
93
104
83
104
92
98
91
91
97
100
91
96
103
106
101
90
103
101
91
97
88
98
93
83
89
93
82
101
98
102
98
106
111
79
103
83
100
94
104
95
92
110
114
102
105
106
103
85
108
105
98
92
103
99
106
113
105
119
117
113
54
32
88
76
66
118
49
100
9
26
94
92
38
104
56
57
76
76
97
96
108
105
107
111
109
95
110
96
108
99
103
91
109
96
79
86
108
94
101
86
331
324
323
330
339
319
321
333
99
98
109
102
86
107
95
99
85
60
50
35
38
63
55
95
75
12
24
42
41
39
59
64
62
78
81
94
83
90
87
107
102
116
110
115
114
109
105
123
105
119
123
106
112
108
106
115
119
111
102
116
111
114
112
106
108
96
102
90
100
90
79
97
90
87
98
95
106
99
102
101
100
114
116
121
115
124
115
125
115
116
123
122
112
117
115
120
116
107
122
117
105
117
102
115
109
104
112
110
101
103
116
119
105
119
115
101
111
119
110
117
107
115
103
112
113
120
95
104
117
103
115
102
113
101
111
95
95
117
111
131
117
128
130
123
137
134
134
108
105
98
107
97
89
113
100
104
114
101
119
111
119
111
117
115
131
68
32
104
41
85
51
122
81
62
5
15
6
20
5
5
18
6
9
8
4
19
4
8
23
37
49
46
38
47
71
87
90
95
88
63
76
92
112
106
125
13
124
135
26
45
70
108
115
90
5
10
5
11
8
4
21
30
38
38
71
64
86
78
96
106
96
98
112
120
118
111
123
124
115
123
113
119
117
170
169
148
138
222
261
263
260
453
492
443
455
454
432
391
357
392
382
191
173
171
152
163
186
172
180
144
132
133
138
120
120
113
134
127
120
131
127
114
125
109
134
105
98
83
127
91
114
105
114
107
112
112
108
119
122
111
126
92
100
44
28
67
71
96
65
110
42
16
28
29
23
30
15
41
64
66
13
36
67
16
19
9
13
34
33
27
9
7
5
22
20
12
11
22
16
31
20
39
8
8
23
6
20
46
10
17
28
50
16
19
21
13
4
3
19
12
4
4
10
7
22
22
4
32
12
33
33
33
49
43
46
73
82
80
74
35
86
15
60
47
32
57
70
44
34
6
6
20
21
20
16
19
16
15
24
16
4
12
13
16
7
18
13
8
25
15
36
7
11
10
5
7
4
8
6
21
19
5
4
22
41
53
38
33
49
50
54
44
48
33
48
51
19
16
48
42
23
4
7
24
12
15
11
30
49
34
13
30
20
45
20
21
12
9
9
25
44
30
44
52
48
71
71
90
64
35
28
7
17
39
31
80
7
70
6
6
15
3
6
17
25
3
4
4
12
29
29
8
18
39
50
39
36
40
82
78
39
35
77
21
73
81
57
60
3
3
11
17
12
9
6
14
3
36
20
19
13
31
27
35
22
23
21
30
215
209
222
215
241
240
240
271
270
122
294
116
132
122
91
105
91
110
103
109
98
107
105
106
87
99
107
95
96
86
91
97
96
87
93
88
93
83
96
86
90
82
99
78
99
88
98
90
77
92
75
99
87
98
85
86
95
89
96
92
91
102
86
96
96
86
80
45
49
62
53
73
86
99
96
82
87
72
91
91
77
107
89
96
102
108
95
105
92
91
106
83
75
67
81
92
85
80
91
97
83
83
82
102
100
113
104
114
102
113
101
112
105
112
105
113
106
100
111
106
113
115
108
114
107
109
107
108
98
111
103
100
112
110
103
112
109
101
111
105
97
103
92
96
101
103
93
96
104
106
100
108
97
103
111
109
103
108
100
108
95
107
99
103
108
97
108
105
107
107
96
102
103
96
103
106
102
106
92
98
97
91
101
95
110
92
94
88
100
108
97
107
94
101
94
107
95
95
111
105
87
94
99
91
96
89
95
89
107
91
101
95
94
106
93
104
105
99
96
103
96
91
79
93
87
98
89
87
93
100
87
90
83
68
109
90
102
90
107
91
92
93
103
100
107
96
95
82
102
93
87
102
89
88
99
102
94
97
96
110
97
86
105
98
95
88
97
106
105
92
110
96
103
96
98
108
99
114
98
95
87
107
108
99
129
114
102
121
18820
18825
18824
18820
18813
18800
18804
18800
18801
18820
112
110
106
112
119
121
169
157
149
163
172
163
162
163
135
135
146
127
128
130
148
129
123
146
131
136
120
123
116
142
126
133
147
138
113
122
132
101
134
136
145
134
112
122
94
97
91
109
101
107
102
87
115
121
99
127
94
115
79
100
96
110
36
29
27
55
78
113
30
29
4
4
23
4
5
22
4
3
7
29
7
4
11
9
21
13
19
12
15
43
41
40
17
11
12
42
40
59
16
45
31
18
59
38
43
22
40
35
5
3
8
19
18
11
28
15
33
17
10
17
14
8
9
27
38
30
18
35
50
47
52
23
26
29
49
58
53
38
41
49
60
48
66
63
72
64
84
85
104
104
113
100
94
83
107
107
87
94
81
105
96
110
101
99
99
91
88
89
113
96
90
99
87
97
106
87
98
104
81
100
104
110
99
95
103
92
108
98
107
85
103
103
105
120
116
103
96
55
62
82
103
72
90
88
70
80
66
74
80
108
100
100
112
109
127
119
121
123
113
102
113
89
99
118
118
105
123
116
109
118
108
78
101
84
85
77
71
76
70
75
68
74
67
70
63
72
69
60
56
48
19
43
27
40
35
4
2
1
18
19
14
18
17
2
24
16
9
5
5
4
33
40
22
10
10
18
22
18
3
2
3
3
1
2
13
8
17
38
51
57
55
74
76
87
87
104
69
93
102
40
29
90
55
78
17
10
9
27
39
36
42
37
55
50
64
77
85
67
74
76
94
89
109
106
119
111
125
116
105
120
105
104
117
118
115
113
114
112
115
106
107
117
119
108
115
107
114
103
115
111
116
106
109
116
115
107
95
103
116
98
95
81
103
95
110
92
92
111
111
128
111
131
117
123
121
109
129
115
121
120
114
116
102
118
104
102
93
109
112
100
113
105
98
101
110
107
103
102
105
119
96
111
75
106
107
106
116
104
111
103
94
105
113
118
104
101
95
94
101
111
100
86
82
87
115
107
123
107
113
85
93
85
61
74
102
86
58
94
36
23
102
68
4
3
5
4
6
6
27
36
29
40
38
42
60
67
73
72
71
61
72
65
63
67
87
95
76
73
89
83
80
87
85
85
82
73
100
104
109
109
105
106
66
40
92
58
79
108
98
30
49
4
7
14
28
18
21
57
31
35
33
25
52
28
19
51
22
57
40
5
53
87
32
10
8
6
16
29
27
20
24
19
4
5
18
15
36
33
34
15
3
14
14
15
9
44
47
47
65
69
72
69
108
106
126
108
133
128
128
103
46
109
117
67
76
28
55
8
30
30
53
45
65
80
80
102
80
37
58
60
82
80
80
99
19
7
15
12
4
3
7
9
4
3
9
12
7
22
43
57
33
56
22
24
29
43
18
4
3
21
20
19
7
27
15
17
8
5
23
21
6
6
7
31
6
65
61
78
61
49
72
76
76
92
75
67
71
90
100
80
79
89
107
85
94
62
87
93
69
78
107
107
122
119
43
144
112
132
132
148
129
138
127
125
131
121
136
124
123
138
127
121
149
143
144
135
115
136
121
70
36
111
48
56
119
73
39
77
74
52
90
76
64
65
64
86
84
86
70
66
82
82
75
81
67
82
70
73
70
63
68
73
56
47
76
70
76
79
85
77
76
83
74
76
71
71
78
62
71
51
39
27
19
52
32
41
67
19
18
3
1
3
5
17
16
13
24
26
14
13
26
3
5
3
4
5
3
6
6
12
24
11
4
3
15
14
16
5
18
7
6
25
5
28
2
15
9
10
14
11
30
27
33
53
49
61
54
52
72
74
90
82
82
112
111
126
95
110
107
87
106
88
107
110
120
91
123
110
120
122
92
131
133
129
126
117
124
122
131
129
114
117
113
112
103
112
126
111
114
130
124
116
124
125
49
59
31
118
81
89
68
4
10
5
28
28
37
48
55
56
66
64
81
80
91
88
77
103
112
105
94
79
97
68
77
76
90
88
94
84
106
102
115
122
98
108
103
107
103
61
98
81
81
90
89
100
87
82
95
95
82
94
63
83
85
104
88
105
101
108
102
112
105
86
107
101
100
91
91
97
101
91
90
93
98
90
100
89
93
101
101
90
80
69
96
91
86
84
89
99
84
74
92
87
87
93
97
99
100
103
97
104
93
107
104
106
98
107
93
110
105
93
92
98
81
96
93
90
100
104
88
80
92
85
93
95
87
93
90
98
82
104
92
94
97
89
102
85
95
59
76
101
93
93
98
90
92
94
101
103
93
94
107
101
104
87
97
91
94
105
95
95
106
87
95
101
142
144
138
142
129
127
135
140
81
99
100
97
104
73
90
96
83
85
66
75
86
89
92
80
90
98
97
86
89
96
92
91
98
99
81
91
84
78
85
90
73
86
94
77
104
88
98
92
82
108
107
86
106
101
103
90
85
102
103
105
92
103
94
95
105
94
93
102
92
83
96
95
84
89
97
101
93
93
103
86
100
91
95
95
98
81
89
97
83
76
100
93
94
104
98
79
80
100
88
99
88
90
102
97
92
102
96
89
102
86
80
98
93
86
81
64
88
70
87
81
85
92
75
81
81
103
99
112
105
93
105
99
74
59
52
86
103
47
37
26
61
82
4
13
27
32
25
27
24
20
30
39
35
25
29
3
30
39
49
48
56
67
70
78
71
69
68
74
87
77
74
91
89
103
94
102
104
96
89
96
89
101
97
104
105
100
109
86
107
100
97
103
95
106
99
106
95
101
86
92
98
103
96
106
99
96
87
87
98
109
97
109
107
96
103
104
115
106
102
103
82
100
94
104
109
114
104
107
117
118
106
130
116
111
97
98
110
105
111
124
113
102
113
100
110
129
106
116
103
116
98
112
100
108
99
108
105
100
116
112
118
113
120
116
111
125
124
117
115
100
118
105
120
107
114
122
114
100
114
91
99
114
100
102
97
102
96
95
87
48
52
106
64
41
79
88
91
72
68
46
64
64
87
84
84
110
98
109
104
114
110
103
113
117
113
106
105
120
119
104
108
112
111
114
100
118
112
115
110
113
104
112
110
107
93
110
103
93
98
88
101
89
100
91
78
66
91
93
73
78
90
96
101
99
110
124
123
99
110
120
63
69
77
100
84
100
95
95
105
75
101
55
56
54
80
80
97
90
82
92
70
99
110
92
107
104
107
114
117
88
102
103
107
102
94
103
97
99
88
89
94
95
93
94
109
111
111
99
107
100
117
95
100
98
92
95
101
94
101
106
94
110
100
107
101
98
105
52
95
72
106
27
46
34
84
64
92
58
31
30
76
30
72
72
85
79
85
103
93
101
79
95
89
93
103
103
95
104
98
94
104
105
94
105
100
107
94
105
99
105
114
114
104
111
117
99
120
109
117
105
119
110
118
101
106
129
102
118
102
113
99
108
100
107
101
115
110
120
108
123
115
131
118
130
120
129
120
126
118
121
113
114
106
109
94
107
105
115
105
115
93
116
104
122
113
112
114
111
113
109
105
127
123
106
113
116
108
109
115
109
115
110
94
102
117
102
110
103
120
103
121
105
118
110
115
106
117
109
114
113
117
110
120
99
113
108
120
106
125
111
128
130
120
130
109
113
127
105
127
113
88
75
101
106
89
81
102
98
120
104
108
111
111
114
103
99
111
121
109
123
119
122
119
133
121
128
125
126
106
119
108
119
113
104
117
103
114
117
108
112
105
121
110
105
117
97
110
108
115
109
110
104
106
110
100
99
108
109
99
115
95
99
94
108
103
104
100
109
101
93
108
88
97
108
97
105
99
115
114
115
109
118
119
115
106
115
107
76
90
99
104
107
93
106
94
102
85
86
102
105
102
103
99
104
93
114
100
125
111
119
108
120
109
106
107
120
87
95
109
95
108
110
108
126
115
134
127
130
120
127
141
128
145
119
131
118
131
107
130
120
112
122
117
124
116
127
120
126
116
127
123
123
120
121
120
121
113
123
113
116
105
88
104
112
107
110
94
92
106
113
123
105
98
104
94
104
51
63
74
97
85
105
97
111
96
110
93
83
83
104
104
109
109
105
114
106
105
116
105
96
109
110
99
107
97
111
95
98
110
107
105
102
75
87
99
58
40
17
109
62
47
109
27
7
7
19
34
39
53
45
46
32
20
37
35
30
47
11
22
16
21
19
4
7
5
11
12
27
24
36
28
21
25
26
11
411
9
10
7
10
11
5
7
23
52
56
55
56
46
30
42
26
13
64
3
2
5
8
22
21
24
31
46
46
44
34
36
39
38
34
37
10
4
7
2
4
14
2
24
5
10
7
7
34
47
37
43
45
55
74
82
98
97
120
121
137
136
80
105
44
136
145
25
71
52
99
11
10
8
10
16
14
6
18
33
52
38
25
18
20
24
24
41
51
51
67
67
88
94
86
98
114
116
118
133
109
122
109
137
143
136
136
132
120
143
148
145
135
141
120
99
97
55
90
75
96
127
115
113
110
94
63
90
99
100
118
117
150
141
145
122
113
97
93
76
79
70
74
114
101
137
7
20
22
53
61
74
68
32
59
60
40
39
53
61
78
64
62
63
56
63
48
11
35
38
7
34
28
54
32
36
52
38
48
36
36
37
101
98
91
78
54
28
30
32
33
3
3
8
14
33
19
6
35
38
22
20
22
53
44
52
63
61
65
62
60
74
70
78
91
82
105
101
101
101
115
117
134
134
104
120
135
119
108
104
103
86
60
87
54
87
46
60
56
58
81
109
91
90
94
108
108
92
89
70
54
42
36
97
61
80
108
92
4
6
34
52
56
59
68
67
86
88
78
101
108
118
104
92
98
117
114
102
105
103
103
120
118
98
112
108
112
103
116
103
116
106
111
87
42
107
54
76
23
95
62
36
12
25
35
35
52
55
63
53
53
64
68
46
50
33
67
18
49
4
5
3
26
2
13
14
5
3
3
3
21
17
38
36
57
57
53
68
64
66
90
89
92
95
104
95
98
104
105
91
108
106
106
96
102
90
101
94
103
98
103
91
78
87
103
91
88
99
89
102
99
86
94
72
89
90
102
92
102
94
102
90
101
90
100
111
95
95
107
106
105
94
108
96
105
95
93
99
100
93
100
79
92
89
76
106
109
104
115
100
81
114
105
87
85
87
95
79
58
88
81
98
66
101
94
106
108
95
69
73
83
82
97
102
95
99
87
103
99
109
95
108
108
112
110
117
109
108
115
110
113
113
101
81
67
63
112
89
102
11
87
13
63
21
50
71
11
89
6
19
38
42
45
57
52
68
67
84
83
100
98
108
106
109
95
105
93
102
94
98
86
89
76
89
73
99
86
72
87
73
71
66
66
68
60
46
81
91
4
2
11
10
29
27
48
49
65
56
73
71
75
83
82
82
103
91
97
78
102
91
100
108
96
112
90
98
96
103
89
103
102
93
104
103
95
94
78
61
63
96
71
50
88
81
76
79
68
83
82
101
90
108
86
101
92
103
93
101
106
105
98
103
95
103
93
104
96
101
74
91
85
93
96
85
95
84
95
84
101
93
89
92
91
90
94
103
84
102
97
94
105
19461
19471
19454
19452
19422
19421
19455
19438
108
19477
129
59
78
74
75
89
31
74
52
33
89
74
90
36
79
5
7
35
33
36
43
101
99
113
113
131
125
44
59
41
24
21
59
62
24
123
71
17
14
28
34
33
32
47
45
69
58
79
76
89
81
81
102
102
91
103
100
98
110
109
110
118
107
77
85
111
120
109
103
107
105
113
91
95
110
85
107
100
103
97
83
86
85
71
63
57
82
95
87
83
91
103
108
95
113
100
105
94
102
120
102
103
97
92
99
93
75
96
81
96
90
101
89
107
101
117
107
125
107
106
117
118
110
115
106
114
108
117
105
116
107
101
115
104
105
92
96
108
117
102
114
109
122
122
133
117
133
119
141
113
121
83
104
92
78
119
43
50
62
97
95
93
93
63
65
86
86
95
115
108
113
133
121
133
118
145
120
115
107
98
93
79
74
53
144
132
19
34
39
52
51
65
66
75
75
92
92
106
98
105
107
109
102
91
72
42
51
76
22
99
106
33
57
5
17
19
16
10
4
17
17
5
10
28
27
14
16
27
31
29
9
16
14
25
45
60
61
47
22
41
37
19
45
33
58
26
14
21
23
26
33
34
45
16
13
32
29
43
24
42
48
17
29
27
51
39
55
53
71
65
72
70
63
72
106
60
64
75
81
40
95
72
95
88
92
78
107
82
84
102
107
116
99
119
112
116
112
112
89
92
123
110
103
98
107
95
110
101
115
95
112
101
116
113
120
114
118
108
66
75
49
105
69
91
38
113
97
84
87
69
69
79
61
79
99
99
115
104
120
108
113
120
121
105
119
111
114
91
75
111
96
90
107
98
106
90
91
82
105
84
63
94
65
93
65
79
100
95
105
94
111
93
112
111
116
120
117
104
117
96
90
76
68
58
45
36
105
37
5
6
8
10
26
19
39
31
10
18
4
9
6
6
4
8
7
6
36
12
38
14
28
9
4
24
11
12
13
33
32
31
52
48
24
68
52
22
53
50
6
8
4
27
8
5
4
12
36
7
46
41
22
29
51
25
47
42
46
47
11
26
25
3
15
15
43
39
46
24
54
39
31
57
28
53
56
59
36
49
4
5
3
17
30
37
52
43
34
40
33
38
52
42
34
4
23
25
26
39
36
49
41
34
39
40
90
88
81
77
102
66
87
86
99
107
101
119
93
118
117
109
127
103
91
118
116
117
114
115
102
61
94
80
95
72
93
99
73
34
64
59
54
64
85
64
60
67
28
28
32
25
26
80
80
101
116
68
56
62
92
62
63
63
114
110
103
116
119
118
142
145
129
129
134
128
38
113
66
19
96
119
27
79
50
3
6
17
5
3
21
7
27
21
40
20
38
52
53
49
29
42
48
60
26
24
27
51
45
5
21
25
42
88
84
86
92
11
99
9
18
32
25
43
51
55
74
56
55
86
83
83
79
77
83
85
116
114
110
98
105
92
104
101
112
106
104
122
121
115
123
115
124
122
137
134
107
126
123
146
130
114
93
106
85
112
105
121
125
111
108
83
107
105
128
120
128
124
135
120
136
128
136
126
133
126
137
140
123
124
138
139
125
142
126
133
130
143
136
138
127
108
133
117
139
174
162
168
166
174
162
170
168
172
158
122
107
124
110
121
113
120
111
102
107
81
76
94
104
95
90
96
88
93
93
100
91
107
108
88
77
97
91
99
85
100
89
90
87
86
95
81
80
94
110
82
95
97
81
108
72
103
84
85
93
88
63
82
82
76
82
46
54
54
85
89
81
83
83
71
64
113
112
155
156
204
197
207
198
213
170
169
182
152
138
116
103
111
97
108
99
100
109
109
97
112
105
116
113
109
115
110
108
121
99
109
95
103
90
84
77
76
64
72
82
79
85
90
93
94
98
100
105
107
96
91
91
84
85
77
92
95
87
95
90
98
108
113
97
111
101
107
96
90
104
98
91
96
91
93
85
85
92
76
92
81
91
94
79
97
92
91
91
84
81
81
85
93
75
75
93
96
89
92
90
97
95
87
95
80
100
95
98
107
102
95
94
105
104
90
103
90
103
96
105
94
94
97
79
90
102
94
88
100
89
106
97
113
93
103
95
91
102
103
96
91
98
97
93
97
87
97
87
98
87
99
92
94
99
99
92
97
91
93
84
95
76
82
82
90
93
89
93
102
95
90
105
98
105
111
75
89
68
93
87
75
71
74
56
69
79
83
86
96
96
114
107
117
116
124
125
110
108
111
108
105
98
104
97
104
102
101
107
97
106
107
100
102
81
89
107
91
100
92
110
96
113
100
108
103
101
116
112
99
103
111
110
102
107
94
109
100
113
106
101
112
103
114
116
107
113
101
113
103
114
111
102
112
110
103
108
101
108
106
98
108
110
107
110
108
111
99
112
106
108
98
101
107
106
94
98
106
106
97
111
103
98
109
105
109
100
110
91
84
103
71
101
90
105
93
97
105
108
95
107
100
111
102
108
101
108
95
96
109
104
107
108
95
95
105
78
92
98
98
92
99
93
101
94
111
101
117
114
107
100
106
96
90
83
104
99
93
85
101
93
103
100
108
93
108
102
108
102
103
102
114
104
123
118
104
100
92
108
109
101
96
109
118
117
111
114
104
100
116
104
118
117
111
98
101
101
102
95
107
85
105
89
94
73
90
69
63
85
96
81
77
101
98
111
104
113
120
124
118
111
114
98
112
95
115
103
121
118
106
122
127
116
128
100
94
94
116
109
116
104
111
107
115
102
118
112
116
95
101
104
111
107
101
119
90
108
97
95
95
107
67
87
96
61
79
107
95
107
116
100
69
71
117
101
102
101
86
104
83
91
95
84
83
77
78
94
104
106
108
103
96
107
97
84
96
88
78
30
48
63
38
79
66
42
85
92
92
90
42
61
60
79
78
95
95
106
104
107
93
105
98
103
96
82
71
94
101
99
87
99
92
67
81
97
83
95
95
105
98
106
98
114
91
90
91
107
92
96
107
92
100
94
98
93
106
96
97
105
90
102
104
92
106
93
87
89
102
82
73
101
83
90
94
89
95
88
85
80
97
96
106
91
81
80
104
94
99
88
64
38
54
92
14
99
38
79
28
73
4
2
18
8
30
43
42
41
51
60
69
62
68
84
82
77
92
89
105
100
110
96
108
104
109
118
121
94
102
97
112
111
98
101
95
77
85
108
89
102
84
92
82
94
105
79
100
77
86
85
91
96
96
88
97
121
113
131
105
127
122
109
99
100
98
92
127
112
125
114
117
108
129
116
127
106
117
101
92
109
98
87
96
105
98
98
72
72
39
21
20
20
58
62
87
5
5
18
16
40
46
59
51
60
79
77
97
95
102
115
107
104
92
106
115
105
124
102
113
121
118
125
128
118
110
116
109
119
110
110
108
118
116
96
115
104
117
101
103
118
112
107
123
104
118
110
115
116
114
112
123
121
111
118
120
102
112
112
105
107
94
114
104
117
100
101
119
117
115
127
108
122
102
93
52
114
79
73
35
56
