94
108
99
82
121
122
178
174
133
175
135
146
138
91
97
178
90
146
88
80
94
102
81
154
147
166
156
149
169
155
112
104
113
97
105
164
106
107
96
108
105
119
117
110
118
137
128
131
144
133
127
157
136
124
134
132
131
116
126
128
112
118
119
112
106
113
100
116
123
110
107
116
111
122
117
106
111
99
106
116
117
105
114
109
101
106
109
134
127
121
118
130
121
137
124
129
100
98
104
96
98
90
78
114
105
87
92
101
86
94
113
103
149
173
225
240
239
221
237
225
218
91
160
233
111
105
98
109
85
97
102
112
100
110
101
113
115
110
106
99
113
98
109
98
111
114
107
108
111
121
113
113
127
115
118
126
109
89
113
95
113
96
89
100
89
97
79
83
88
101
93
102
106
100
108
103
99
116
108
97
103
106
101
104
95
106
97
108
102
112
97
97
109
110
105
110
97
107
95
102
95
94
104
92
76
97
94
84
86
93
90
84
93
78
85
96
88
95
90
95
89
105
92
99
87
97
95
92
97
91
97
91
98
98
108
92
82
88
99
110
105
111
95
103
88
80
103
102
102
105
99
107
115
91
105
98
98
117
118
110
104
95
115
111
104
100
90
83
108
97
117
96
111
113
120
106
102
96
118
111
120
108
130
114
107
121
96
77
82
107
98
102
86
98
92
108
95
82
100
102
100
109
102
109
112
104
111
112
111
34
26
95
73
85
66
51
41
4
4
27
25
39
45
54
50
52
66
74
72
73
43
69
81
34
16
60
40
23
75
7
5
45
44
59
58
62
61
73
83
94
93
90
85
103
106
93
95
95
104
91
91
96
86
93
96
83
97
100
85
96
96
77
87
80
102
91
95
75
86
93
77
72
81
76
88
87
90
97
109
96
109
96
111
94
112
101
93
81
91
107
88
98
86
97
91
82
91
83
80
89
92
87
95
89
101
101
84
94
88
82
90
90
75
92
4613
4618
4606
4618
4625
4632
4628
4643
148
110
116
113
130
112
137
123
101
112
123
115
125
107
130
124
139
127
144
149
151
135
135
153
138
140
130
101
155
109
991
946
1000
883
968
884
966
932
892
942
74
54
34
59
62
48
35
96
97
102
115
108
113
1982
1983
2099
2072
2099
2089
2106
2119
2100
2119
250
262
152
173
163
182
189
183
176
176
159
176
149
153
158
129
130
109
140
124
101
128
118
119
127
138
121
131
121
122
121
137
128
137
134
116
130
130
123
116
118
110
112
104
112
126
115
108
111
99
116
120
112
116
104
112
119
110
92
117
100
111
71
77
94
101
98
90
97
96
99
106
87
104
88
112
98
93
106
95
104
109
76
95
106
100
110
102
122
105
106
116
116
105
114
101
123
109
127
120
132
123
129
125
129
127
128
117
114
114
107
114
107
118
116
107
106
94
96
113
101
80
111
94
94
107
99
98
98
111
101
91
110
102
93
101
112
98
108
92
96
101
106
99
100
93
104
95
108
93
100
110
98
110
103
110
102
117
110
100
106
97
103
95
95
112
38
63
99
71
56
82
46
17
27
93
64
75
35
38
34
23
49
35
49
29
36
38
36
6
3
13
17
22
43
53
56
62
55
64
120
98
121
118
123
19
23
119
104
82
11
5
10
8
4
3
25
33
37
53
52
40
50
47
59
33
25
63
37
56
3
17
29
37
51
53
36
43
25
51
21
56
33
56
45
9
26
35
32
13
16
18
31
19
35
37
45
45
68
66
83
85
95
94
56
14
76
47
92
26
68
36
108
107
3
22
21
24
26
20
28
21
9
22
34
40
33
51
51
61
57
59
80
80
94
89
92
85
96
100
91
100
87
97
99
92
92
90
82
104
100
102
104
102
106
97
83
48
64
85
87
55
34
72
31
102
81
7
19
27
27
38
38
40
63
50
63
67
81
77
92
95
95
96
50
36
28
61
64
19
88
59
21
12
17
13
10
16
23
19
8
8
14
20
24
19
17
20
20
16
23
19
6
8
8
5
17
15
39
36
55
53
69
59
72
80
79
96
88
72
45
64
92
25
20
94
32
57
97
12
20
34
44
34
33
32
19
24
43
46
54
4
3
10
20
27
31
37
51
51
59
61
55
39
13
46
27
18
44
52
4
4
19
17
27
24
15
17
26
25
35
35
24
41
55
53
53
61
54
64
69
82
83
98
111
96
98
111
103
101
118
117
107
114
122
113
126
112
128
104
117
118
120
111
103
93
109
111
100
102
106
111
101
125
116
133
115
126
101
94
109
117
119
100
115
101
103
122
114
132
105
112
102
106
98
113
96
107
97
105
91
107
106
100
94
101
95
91
102
94
106
111
106
111
110
107
103
97
107
106
84
95
100
100
120
102
108
104
114
117
109
119
109
115
79
28
35
107
15
67
109
51
57
92
3
11
5
5
18
8
5
4
10
13
5
21
18
21
35
20
38
30
32
38
69
71
68
79
53
40
25
28
37
45
75
29
3
25
31
31
47
47
62
60
68
44
47
65
40
72
71
28
25
11
12
7
17
10
30
16
12
31
33
14
11
17
14
3
9
9
5
6
10
21
15
19
32
32
42
36
34
48
30
27
31
13
43
4
4
4
15
27
21
21
17
33
29
35
26
33
19
25
44
58
17
42
25
15
36
30
29
29
3
3
22
27
23
26
34
28
27
7
45
24
32
5
17
16
41
33
51
55
66
69
70
90
92
95
100
101
84
93
93
93
113
110
106
102
101
108
103
110
85
65
80
53
71
54
92
70
77
81
77
59
71
70
73
80
86
71
72
28
74
84
72
46
59
39
6
5
5
4
10
22
39
36
35
39
30
22
29
51
5
14
23
27
31
35
40
57
44
47
83
73
89
85
100
100
118
121
109
114
101
103
69
78
102
100
82
90
50
19
26
74
60
15
85
12
10
25
26
42
30
39
38
37
71
77
88
94
82
118
95
93
93
125
124
40
65
119
33
91
111
108
47
4
31
26
30
45
46
65
77
80
88
91
89
108
92
104
107
107
120
90
52
84
56
103
60
74
28
94
34
4
11
14
10
15
15
17
3
3
12
13
4
2
11
21
3
21
12
3
8
5
3
11
12
9
40
18
41
42
67
66
77
59
56
60
57
55
83
81
84
91
79
91
85
102
90
105
96
95
110
103
104
93
102
94
89
90
116
131
91
112
116
20
55
104
121
117
49
100
70
88
88
96
56
64
64
85
84
102
102
113
103
109
105
93
100
114
107
101
107
101
99
107
105
118
118
69
88
116
111
107
79
92
112
85
89
102
100
86
105
103
107
98
118
103
103
111
100
119
113
101
101
86
38
72
67
108
30
55
34
71
4
9
4
19
21
21
18
8
24
4
17
21
27
47
56
63
58
46
42
36
38
40
28
23
93
91
22
7
29
105
5
5
4
23
18
33
11
33
15
21
8
4
32
15
11
8
26
5
3
44
14
19
22
20
26
17
5
15
23
30
27
36
36
29
8942
8930
8936
8943
8935
8928
9
25
20
26
28
37
33
6
39
8
7
28
47
24
14
26
10
14
5
4
5
13
4
18
14
11
26
41
28
49
39
39
34
8
31
30
30
33
38
14
54
55
60
12
38
13
58
1
4
7
3
22
27
46
15
42
29
18
39
36
22
46
18
8
6
12
27
35
21
36
37
48
46
57
54
30
10
56
34
7
27
8
18
10
21
20
25
1
5
10
16
15
6
25
40
39
19
17
23
6
6
24
39
26
27
38
23
41
29
4
3
12
23
37
38
52
61
74
73
87
78
84
17
78
48
36
94
32
74
60
68
18
14
12
9
20
24
16
3
15
4
13
3
3
11
2
19
6
11
24
5
20
35
47
49
48
65
72
67
73
88
96
89
106
88
94
96
65
88
32
53
66
104
39
9
16
26
36
48
49
55
57
57
70
74
76
89
71
87
99
99
97
85
90
106
112
104
97
99
115
113
125
127
107
118
113
105
100
99
110
94
107
95
102
63
110
61
99
89
64
64
106
119
113
100
95
117
115
117
131
110
83
70
93
94
67
86
89
78
71
56
87
105
103
110
88
101
100
116
109
125
89
100
29
85
23
57
67
39
50
9
5
8
8
13
27
28
37
52
14
36
22
26
49
49
21
16
5
16
6
16
15
25
41
42
29
17
40
32
14
26
19
45
47
49
59
63
64
79
88
86
106
97
93
107
119
111
122
126
119
137
136
130
126
125
151
161
151
152
145
168
195
178
169
191
192
184
108
239
217
216
191
136
117
117
98
89
73
30
37
47
62
74
105
103
112
131
129
146
145
163
160
175
138
143
125
141
132
137
119
130
115
126
113
128
118
123
111
125
128
128
124
120
114
114
131
128
138
133
122
108
131
124
139
136
134
116
128
125
109
105
118
119
107
114
107
121
118
129
127
122
133
107
92
130
124
127
119
122
99
119
116
116
127
117
117
129
108
89
78
74
66
66
63
105
119
3
295
289
327
324
327
337
340
338
329
145
96
100
89
46
338
118
7
4
19
10
10
20
4
17
15
18
19
8
27
4
21
8
7
3
18
48
39
36
42
12
6
24
6
13
22
31
3
27
45
42
58
58
74
87
84
86
95
99
93
90
99
96
89
106
94
88
101
80
98
91
99
113
127
132
124
116
122
101
116
116
116
97
114
120
106
106
114
91
114
106
120
113
123
109
119
117
111
63
89
72
94
119
109
102
105
101
112
112
101
89
104
104
56
66
90
116
107
48
81
104
92
98
95
91
86
86
93
88
102
93
82
113
104
107
109
108
93
104
113
109
118
101
118
106
112
112
110
127
113
102
111
103
105
103
98
100
111
112
103
95
108
108
86
123
126
152
141
144
105
113
131
136
144
160
156
138
128
149
139
174
160
164
161
152
144
156
143
146
126
129
121
126
118
130
121
125
117
121
103
125
122
99
114
142
137
151
149
143
141
141
154
145
128
107
123
133
125
143
121
135
135
138
136
129
142
121
106
116
109
116
104
114
103
111
103
110
98
112
100
114
100
114
107
97
110
113
101
110
117
104
121
105
106
118
112
106
114
108
113
98
108
104
97
106
107
102
102
95
104
110
103
110
92
99
113
111
103
104
94
107
100
105
100
96
95
108
102
111
97
112
99
112
117
121
119
125
128
117
114
128
129
109
128
118
128
114
115
103
107
116
115
86
108
107
95
76
89
107
96
98
106
106
113
104
112
106
74
92
105
99
84
103
92
104
101
103
84
105
99
98
106
104
120
116
105
108
117
115
106
116
114
108
93
53
79
50
105
13
32
62
73
20
5
10
7
20
24
4
23
37
34
48
65
63
76
83
91
91
101
102
105
117
109
123
101
108
71
82
118
62
60
101
104
65
104
66
99
90
86
57
26
56
59
32
28
50
66
74
48
3
6
5
23
31
25
31
21
29
19
4
12
4
11
7
31
18
8
4
2
5
14
11
7
5
5
7
21
19
4
4
7
12
27
22
41
48
46
83
98
27
86
93
40
91
29
32
82
43
84
84
5
24
16
16
6
4
4
5
25
24
37
35
46
53
50
14
24
28
8
34
11
21
30
49
45
52
63
56
48
73
74
89
87
94
94
105
100
101
108
97
100
108
29
73
85
39
44
17
58
95
59
94
3
6
24
35
31
25
45
47
54
62
55
66
52
62
65
26
65
11
9
30
70
43
54
60
4
4
14
12
28
36
25
37
30
39
39
53
64
46
40
18
11
43
25
20
23
4
3
11
17
34
44
41
52
48
63
62
78
80
77
92
92
93
100
99
104
93
103
87
84
100
90
100
99
91
103
100
98
81
90
79
82
93
92
98
89
103
91
93
92
99
96
103
95
106
93
96
102
99
102
98
90
81
78
104
88
96
97
99
92
102
88
97
106
118
101
109
100
107
97
108
101
113
112
96
103
99
99
113
85
103
97
93
97
86
84
94
101
93
87
101
85
99
69
77
95
42
103
63
68
80
30
20
47
55
24
4
21
10
20
14
9
17
40
39
53
56
54
57
61
72
50
31
60
37
66
3
2
11
24
23
39
52
55
67
68
65
67
78
75
93
88
104
102
88
108
99
95
87
109
96
113
109
97
86
83
65
91
103
72
24
62
16
48
94
51
13
85
4
3
8
21
40
53
51
64
63
74
78
79
96
97
97
91
103
105
89
116
96
102
96
112
62
22
88
42
46
70
81
47
69
35
9
12
17
20
39
30
40
14
18
56
50
32
31
71
28
12
16
14
6
18
20
32
42
51
50
70
61
73
60
73
70
78
86
88
88
106
93
110
89
100
90
107
115
99
96
106
111
107
92
107
90
97
101
90
98
87
92
90
93
87
90
87
100
89
98
98
92
86
94
108
103
90
103
91
104
86
89
90
101
85
96
84
93
89
97
84
95
98
102
89
109
99
117
119
109
109
114
108
117
87
113
96
90
99
94
87
94
86
79
67
27
93
16
52
45
42
65
61
7
7
11
4
14
32
22
3
3
4
19
23
36
35
34
48
59
72
72
67
78
89
70
74
81
92
99
102
93
105
112
107
114
116
101
110
100
88
95
91
88
95
92
75
90
85
88
102
114
103
89
102
121
101
94
104
111
104
95
108
109
91
109
106
117
120
117
130
123
127
114
125
95
130
105
114
115
104
127
114
127
109
126
121
120
109
119
112
112
122
104
111
105
112
105
113
107
109
113
114
108
110
96
106
99
93
103
93
100
89
98
93
100
94
106
94
109
105
115
103
116
114
120
113
123
115
110
99
118
103
118
113
99
113
99
114
99
112
108
99
91
102
93
109
102
117
105
109
124
114
132
106
121
124
115
108
118
107
112
115
113
92
104
104
120
85
100
118
107
105
114
112
114
106
124
109
124
82
111
97
110
116
102
109
101
109
99
109
99
118
112
98
101
108
106
113
113
104
118
102
106
112
107
86
75
98
107
96
112
99
114
98
104
98
104
108
80
59
94
72
78
86
85
85
114
94
100
95
104
94
74
95
41
38
102
53
25
84
8
8
31
30
31
15
33
23
36
28
31
41
3
4
18
16
23
19
6
3
19
31
39
59
58
47
60
69
43
41
33
48
43
64
21
20
41
79
53
8
10
23
35
33
31
21
25
23
24
29
4
22
22
10
23
4
3
4
19
36
17
39
49
49
31
34
21
26
17
31
37
4
5
12
9
27
32
6
17
9
6
13
10
35
7
16
15
43
20
8
33
11
58
57
42
56
45
29
41
77
74
30
102
111
116
122
97
104
77
96
94
96
117
122
106
102
88
87
73
74
58
118
4
3
5
19
13
30
38
44
37
21
34
9
38
48
5
11
17
33
31
31
36
29
46
12
45
34
10
11
28
26
31
43
29
41
32
11
39
14
4
5
5
18
24
24
49
43
55
51
45
47
62
67
85
83
61
27
35
79
14
15
5
13
15
16
11
18
31
6
4
3
23
40
40
58
57
75
75
79
87
100
107
105
97
24
54
110
47
79
71
76
34
14
10
7
34
15
31
6
4
6
5
6
18
14
14
6
4
3
4
23
25
40
40
39
63
59
62
80
83
76
81
109
98
103
95
104
112
96
109
90
96
95
102
103
97
79
74
85
87
102
77
80
101
86
97
77
84
87
94
106
85
102
94
97
107
97
116
63
88
81
106
112
106
106
94
80
116
114
125
126
125
103
88
115
122
111
121
114
125
117
84
88
84
69
64
117
32
44
58
91
11
34
49
50
61
53
65
87
86
22
84
78
64
54
74
19
64
63
31
84
80
69
58
48
39
76
76
65
66
90
106
95
96
104
101
103
88
96
67
115
90
83
98
102
100
105
97
96
87
92
83
85
95
125
111
110
115
115
113
114
122
116
105
85
96
93
106
94
100
100
104
105
103
102
94
121
107
100
101
112
117
104
112
104
103
119
100
106
94
105
105
96
97
108
108
107
99
108
94
84
76
107
106
98
111
99
114
90
104
110
108
108
120
121
106
114
95
104
108
122
94
102
101
92
107
90
97
86
87
93
93
93
111
124
105
117
110
99
108
121
117
112
115
101
98
119
105
99
109
96
109
100
87
109
96
110
115
109
122
117
118
123
123
114
107
120
109
123
103
98
113
105
101
106
82
90
103
101
89
94
104
92
106
92
108
111
104
89
96
111
111
82
101
110
106
89
117
105
118
107
113
110
106
113
110
123
122
125
105
111
121
105
82
111
97
29
99
19
42
56
65
79
35
34
41
57
57
67
69
65
71
82
79
97
95
94
108
98
110
107
115
119
108
96
30
51
67
42
32
46
97
89
83
110
57
5
6
16
4
15
21
13
9
24
30
11
31
31
46
51
67
67
51
64
31
65
39
50
66
57
78
68
74
22
55
39
34
35
56
56
71
63
63
71
53
90
77
93
87
64
89
84
78
75
69
89
83
86
81
89
97
82
96
97
78
95
80
93
95
87
96
94
88
96
89
92
92
105
96
100
93
83
95
88
83
97
64
42
74
47
91
52
68
28
20
32
29
23
41
29
44
43
52
54
53
41
54
54
52
25
42
67
66
63
45
45
62
61
76
70
87
86
102
96
94
88
97
86
100
90
97
86
90
90
95
83
80
92
78
89
79
92
81
99
88
93
87
95
88
101
87
76
84
100
98
87
93
86
97
90
19507
19520
19510
19508
19513
19501
19572
19630
19627
233
206
223
220
214
64
148
58
180
228
38
83
3
11
30
22
10
30
28
24
38
4
17
29
19
9
22
7
38
84
85
16
20
91
20
94
19
28
39
35
40
62
11
54
12
36
59
20
17
57
15
5
11
29
37
29
47
48
24
53
51
37
47
13
10
4
17
10
17
8
4
10
17
14
8
7
30
31
15
30
28
8
25
28
11
9
25
36
64
28
39
25
22
20
50
34
46
67
51
63
7
21
35
28
50
42
32
41
37
38
10
5
14
20
12
21
19
25
19
19
17
10
20
14
4
3
23
3
15
13
16
22
16
32
34
49
28
37
54
51
14
36
31
33
29
31
37
34
56
67
82
80
78
81
74
107
78
76
109
109
105
91
86
84
106
110
95
87
68
59
93
85
19
33
55
47
17
15
27
54
63
44
40
42
38
36
21
59
37
57
46
5
22
31
18
35
43
49
49
54
52
59
68
66
81
79
88
91
106
48
83
117
63
113
54
88
100
111
96
84
100
80
83
85
92
102
109
101
120
123
120
112
127
120
115
121
73
19
56
44
35
68
99
113
87
4
20
23
32
19
17
18
24
26
24
13
15
11
13
16
3
4
6
9
20
3
7
3
7
6
4
2
5
6
3
5
5
24
31
33
34
37
58
58
46
46
64
63
65
53
51
34
39
70
64
90
51
81
89
49
5
20
8
11
36
37
28
44
31
53
68
41
43
38
37
35
43
63
42
73
61
3
14
28
38
42
55
42
35
38
49
22
39
16
52
54
18
4
8
6
5
14
3
4
16
12
30
29
30
41
21
24
26
8
5
6
11
9
4
10
14
11
4
5
27
19
14
25
10
23
26
41
34
50
44
42
31
42
45
30
50
51
52
75
69
58
56
48
17
60
43
52
5
8
4
3
13
23
62
62
64
38
77
41
40
63
52
41
67
62
65
77
78
72
88
93
99
112
111
56
40
71
87
29
94
110
55
4
25
27
28
24
9
3
4
16
17
5
13
11
19
25
38
34
33
37
28
71
68
58
27
28
46
53
52
74
30
38
74
74
87
89
102
107
63
89
87
86
64
83
101
96
118
95
90
60
75
58
88
99
79
95
70
66
77
48
91
84
93
107
105
104
100
89
94
93
115
116
122
132
124
129
122
135
116
133
127
123
144
120
104
128
121
133
103
80
77
112
59
35
121
35
91
2
3
3
5
22
14
26
36
20
41
25
35
30
16
9
11
11
15
15
10
13
9
23
33
34
56
40
49
48
44
93
108
105
130
132
148
143
150
121
118
126
113
125
116
80
49
47
77
96
63
42
122
17
5
3
3
5
5
7
25
22
18
34
35
45
52
63
62
79
73
70
99
88
73
102
98
81
99
88
90
103
102
100
91
65
81
93
97
81
91
99
101
108
93
94
102
109
97
112
107
116
125
116
107
114
112
96
104
114
96
113
102
105
114
97
94
102
103
106
112
100
99
98
102
95
82
91
106
102
104
104
112
105
115
107
110
122
114
108
118
110
113
99
92
98
109
97
104
106
93
96
87
98
125
114
120
128
144
131
138
138
128
125
116
122
122
106
114
106
82
106
101
110
118
107
118
104
119
105
113
103
107
116
112
106
115
105
111
105
89
103
95
103
110
95
109
97
108
98
119
111
121
120
117
115
118
107
119
127
109
120
108
124
110
108
95
120
119
108
107
114
105
119
117
106
121
120
113
104
104
118
116
106
106
94
112
99
97
104
77
99
87
89
58
91
79
90
84
95
85
99
84
90
97
111
94
99
101
102
84
64
70
53
91
93
87
101
87
96
95
79
99
91
82
92
92
102
98
92
101
95
109
103
103
104
109
111
101
90
106
92
103
94
103
100
109
101
100
109
94
102
110
99
118
110
113
117
103
112
103
116
105
110
99
114
95
104
98
101
86
101
91
101
108
111
99
117
114
124
121
115
109
100
98
102
115
87
107
105
99
101
109
104
110
115
124
123
100
108
72
47
37
31
86
93
101
53
92
65
63
77
64
62
76
76
95
94
108
106
118
103
112
94
115
102
105
98
105
102
101
89
98
88
91
92
101
91
100
87
102
89
110
111
101
109
111
105
113
101
114
106
113
108
116
113
112
108
104
97
99
92
95
83
96
86
96
88
100
97
91
97
95
102
98
88
80
86
76
63
96
50
84
93
95
94
92
66
76
76
94
93
103
99
104
101
107
105
110
98
106
108
89
110
97
107
87
94
106
92
108
94
110
104
109
104
114
105
96
102
79
89
96
84
97
95
99
93
99
95
97
104
104
96
97
79
87
101
94
90
96
75
70
92
86
97
90
92
95
96
97
90
97
100
101
95
107
96
102
96
96
102
96
109
99
79
90
116
115
107
111
100
95
88
84
52
53
46
104
118
4
5
8
16
11
22
15
30
28
50
56
56
69
66
77
74
94
91
104
106
113
117
106
113
35
82
60
43
48
95
73
104
82
88
82
92
85
73
76
71
93
89
100
88
100
25
97
50
60
79
40
102
27
71
38
9
5
7
9
4
3
18
2
3
12
25
37
48
45
43
61
70
63
89
72
89
54
88
90
87
101
84
94
64
74
65
76
78
94
95
101
97
106
99
95
86
72
38
92
77
55
51
29
5
4
12
10
16
9
7
22
15
12
28
6
32
13
30
30
55
49
53
73
63
13
75
33
24
40
53
66
61
72
77
9
4
7
3
13
29
40
40
55
53
57
46
67
47
21
52
31
60
65
62
46
3
19
9
20
20
40
13
46
48
42
53
54
62
73
83
81
93
91
98
97
94
118
122
118
122
114
95
119
89
106
113
105
89
87
121
77
99
104
93
103
95
102
99
104
82
100
100
103
90
100
109
105
93
106
95
94
104
99
110
114
88
98
104
99
106
106
109
100
103
104
85
103
107
101
107
96
106
91
101
88
105
114
103
111
106
111
117
120
109
123
112
109
118
113
111
112
103
113
102
104
111
93
114
104
95
100
111
107
100
112
103
111
102
123
121
101
117
125
117
119
115
106
115
97
113
104
80
88
107
96
112
123
136
122
141
132
134
124
122
129
105
117
113
103
99
108
112
86
110
82
109
86
93
93
100
106
107
100
94
93
97
108
111
102
114
110
117
108
114
112
114
104
107
114
101
114
99
93
111
109
69
108
66
41
19
20
100
31
78
50
90
5
22
8
13
18
18
39
28
34
44
66
62
55
78
78
59
57
78
92
105
96
102
108
105
98
123
121
108
69
97
91
55
41
22
45
47
124
82
7
6
12
24
18
25
31
27
14
15
9
27
33
34
38
68
70
67
76
29
51
35
70
81
33
71
53
57
63
7
13
359
364
341
26
358
8
9
19
34
18
13
26
35
4
5
4
21
18
17
27
34
48
50
65
55
48
29
26
13
16
45
46
13
13
29
37
19
36
14
9
42
23
5
10
6
11
11
4
10
4
18
16
28
27
24
30
10
3
7
9
7
8
30
30
50
49
58
58
33
14
62
35
37
20
15
13
10
7
6
19
32
42
55
74
56
78
33
22
68
75
65
59
58
74
69
12
8
33
11
29
7
46
43
7
32
32
67
83
84
84
112
103
108
105
89
135
80
50
39
92
6
5
6
4
16
38
50
48
33
46
42
32
37
58
28
54
56
55
70
43
5
19
19
33
37
38
50
51
70
83
70
79
85
84
93
95
86
101
105
106
101
116
106
74
121
93
106
90
85
134
81
15
98
113
41
62
19
20
39
36
58
68
73
52
71
91
78
89
96
98
105
114
85
52
66
69
42
44
88
20
85
25
73
17
57
13
26
44
44
55
66
65
64
73
54
41
26
57
60
62
70
5
3
12
8
4
8
4
5
3
7
40
16
31
29
30
47
25
9
27
17
28
47
50
55
32
39
35
13
60
41
51
45
38
4
17
15
21
7
20
3
23
8
7
16
12
6
5
10
8
6
4
4
6
3
15
26
6
22
5
6
30
28
43
43
47
67
79
67
76
93
89
88
88
90
102
102
99
97
106
89
99
99
54
70
41
46
24
5
15
31
32
31
45
12
42
15
47
33
16
32
42
47
37
35
50
51
58
56
79
81
98
97
99
91
104
101
117
90
98
31
81
60
88
44
27
58
16
94
55
12
69
8
4
6
4
19
26
12
16
5
6
16
19
17
19
22
11
46
12
37
53
49
47
45
47
31
63
62
82
80
97
99
80
78
99
80
92
113
112
126
113
115
105
123
110
102
113
104
108
70
47
98
22
54
57
88
31
84
9
18
28
50
39
21
19
23
59
36
34
46
50
6
18
30
45
46
45
49
59
57
75
78
84
72
81
82
96
93
96
98
104
96
114
111
96
112
100
105
104
98
111
106
98
108
105
85
90
87
77
91
86
104
90
99
79
90
90
106
99
111
105
115
99
112
100
93
113
101
91
125
112
104
117
112
106
96
107
88
120
116
108
109
99
87
109
101
115
99
108
106
104
120
106
106
101
86
123
117
81
118
105
100
110
102
93
97
80
100
113
100
91
106
120
108
114
109
123
109
110
106
107
100
104
109
101
112
114
114
107
117
111
125
114
136
120
128
117
123
115
100
110
122
111
122
141
120
134
123
130
122
121
114
132
96
108
100
106
95
107
100
111
106
121
98
118
110
66
26
45
24
91
47
83
65
78
76
91
61
70
62
78
76
92
90
98
96
95
89
94
92
82
93
90
92
75
90
82
85
90
81
93
83
91
73
86
93
79
87
87
86
105
93
87
91
92
95
81
89
90
87
50
67
74
85
93
14
59
26
32
33
8
16
14
27
23
39
43
40
30
41
22
31
42
27
34
21
63
59
50
55
41
38
43
38
25
58
19
19
16
49
8
60
60
57
53
3
13
6
6
11
8
2
4
6
7
34
12
10
7
19
16
33
20
3
12
10
18
13
5
3
17
27
24
36
41
39
54
67
66
67
69
79
78
96
83
100
84
98
90
89
93
84
89
85
80
91
91
84
95
81
88
101
95
105
96
101
101
90
98
23
59
16
82
71
90
58
35
43
9
6
6
29
18
61
45
58
71
76
67
56
52
48
84
54
53
52
82
249
82
256
258
261
19
213
256
25
11
205
14
218
247
2
2
4
4
5
10
10
2
14
7
4
6
7
3
3
2
4
2
8
4
1
4
5
5
39
31
33
34
32
47
47
36
35
45
55
69
64
57
56
66
66
55
80
41
53
64
11
60
38
23
19
25
9
3
3
3
4
1
4
2
9
9
2
14
11
21
16
23
11
13
11
21
14
6
17
23
13
2
4
3
12
5
9
8
12
14
5
11
28
5
5
27
30
5
3
25
9
6
30
39
54
45
16
48
18
41
28
32
33
5
3
18
2
12
4
6
19
7
8
11
28
28
44
41
17
37
23
19
12
4
11
6
23
31
19
18
12
22
22
6
28
24
18
23
22
51
63
80
77
82
77
87
69
62
91
36
83
78
47
33
93
9
6
6
28
26
31
30
22
14
33
42
19
33
21
11
19
39
36
40
5
5
12
14
23
19
4
11
21
26
32
31
31
31
35
40
50
12
18
65
16
44
65
46
5
5
35
39
48
46
36
53
58
60
56
41
34
25
62
60
50
47
69
5
12
11
18
18
4
16
18
8
7
9
6
36
43
30
43
28
42
42
28
33
63
20
5
58
16
17
39
7
19
5
14
3
17
20
27
34
30
22
20
12
29
33
5
26
11
22
17
34
45
22
22
19
12
23
19
20
44
63
61
82
80
74
84
98
96
99
102
110
105
100
86
82
104
106
117
104
104
115
97
113
92
99
97
107
99
99
104
100
105
97
101
97
104
97
105
47
58
76
96
68
113
91
101
114
95
97
61
54
57
82
81
101
95
81
90
97
104
80
87
93
93
75
93
78
75
99
101
79
90
117
116
122
128
112
103
137
90
107
115
101
102
116
102
113
98
99
120
116
114
122
99
120
57
71
37
78
48
119
89
97
88
91
70
53
59
84
83
104
110
98
94
106
98
122
114
117
107
101
109
123
122
135
121
116
109
116
119
124
108
114
110
97
109
102
110
78
89
108
106
107
75
103
88
86
107
106
110
104
115
106
106
123
116
109
123
113
105
112
108
116
110
103
93
75
76
95
115
61
104
46
85
54
68
100
103
92
64
77
84
96
96
115
107
119
101
83
91
91
108
82
110
108
95
115
106
122
113
135
129
111
126
111
108
102
115
105
112
107
102
110
103
110
99
108
96
105
98
91
102
105
101
104
97
103
90
102
110
111
123
104
112
107
120
127
120
126
123
122
110
118
110
116
104
93
98
112
103
112
113
101
107
101
106
98
100
99
115
107
113
101
94
111
109
106
95
109
104
92
113
101
90
100
97
106
97
92
101
89
96
91
104
86
88
76
67
64
55
49
51
105
94
7
5
14
13
19
20
25
23
35
36
20
18
8
34
37
5
8
8
18
28
36
55
59
59
72
74
85
90
87
84
85
107
106
87
95
109
98
107
95
87
20
51
78
93
23
37
59
16
71
4
14
11
11
25
38
39
52
28
27
37
19
19
36
54
49
7
20
35
34
57
62
61
57
71
79
75
81
87
84
105
92
109
99
95
91
102
100
110
97
93
83
98
92
104
89
114
103
93
102
100
96
105
87
94
104
103
29
98
43
50
66
20
78
68
105
5
14
15
20
25
27
18
13
19
5
3
17
19
31
45
23
32
24
20
38
12
36
34
4
22
20
43
46
56
55
71
56
73
58
83
94
92
85
98
86
93
87
87
93
94
89
87
91
95
44
62
27
81
18
68
65
78
29
10
9
23
34
43
36
45
48
29
49
57
16
11
58
29
44
47
7
19
18
17
34
41
43
39
43
48
49
56
46
53
59
74
45
63
54
52
48
52
52
57
56
79
70
86
73
86
92
33
79
56
18
70
66
86
73
41
45
57
40
59
58
75
75
93
92
87
88
115
108
113
105
102
114
121
121
128
129
114
94
87
93
99
102
82
90
100
90
102
91
96
103
104
95
103
96
99
97
90
97
96
87
98
88
86
98
104
98
102
93
83
100
105
111
118
110
122
123
111
135
134
133
115
116
108
121
113
121
102
116
105
126
117
123
123
122
137
133
119
108
129
110
116
109
102
115
108
85
71
42
60
48
88
32
78
4
99
94
92
86
35
32
19
33
18
52
18
32
4
5
6
4
23
11
32
6
26
34
46
52
38
43
50
67
70
79
75
94
94
79
76
78
33
24
85
42
112
109
56
11
12
26
13
31
50
36
58
59
50
66
61
66
65
62
79
78
80
93
97
101
98
109
89
105
106
102
64
80
70
42
29
28
91
67
6
3
8
5
7
16
25
24
41
57
48
48
56
73
70
88
95
95
113
122
119
110
100
118
110
115
104
105
114
90
118
109
92
95
118
119
111
123
110
113
108
107
107
118
127
99
112
102
108
95
103
87
99
96
92
80
93
100
104
99
111
121
118
120
113
118
120
119
111
138
119
118
116
124
116
126
123
117
124
97
88
107
103
110
91
117
120
115
129
121
126
119
125
137
144
152
112
124
117
108
106
114
102
123
108
101
104
107
41
80
99
71
93
60
51
83
96
43
92
106
71
70
91
93
104
105
119
107
106
114
106
105
121
124
104
112
107
106
111
117
94
111
121
113
111
112
100
119
123
113
107
111
106
79
96
114
108
107
92
100
111
110
86
106
107
118
112
100
118
119
126
107
110
103
118
108
121
120
117
128
124
119
123
107
115
99
115
86
103
97
109
96
108
101
113
104
91
108
113
113
89
112
99
119
77
380
375
372
371
533
552
543
573
572
323
100
268
275
287
261
114
95
99
71
69
58
68
67
85
86
115
103
119
123
122
121
107
114
84
106
113
105
92
94
111
88
110
134
83
90
72
57
124
108
81
106
92
81
99
92
102
75
93
102
90
83
60
72
34
103
51
8
11
6
6
5
3
2
17
8
7
19
18
25
25
24
35
44
41
33
43
50
37
46
48
54
39
14
13
28
29
31
45
62
53
81
81
91
94
100
56
86
96
97
77
42
39
68
44
99
4
20
8
17
6
3
2
22
32
23
26
34
23
32
3
3
6
3
19
22
7
30
17
19
10
4
3
18
3
18
8
23
18
4
6
5
4
22
36
21
32
20
22
39
40
6
18
52
48
21
41
10
3
2
8
5
19
18
15
14
29
43
41
50
69
66
62
65
83
74
68
74
96
84
95
78
92
119
94
101
96
110
102
71
91
87
79
65
88
84
98
99
108
106
80
35
51
84
87
20
55
97
98
48
6
5
5
4
24
24
23
29
20
14
16
5
27
5
32
10
31
15
19
30
24
27
48
59
43
55
66
60
78
80
98
97
110
120
118
124
121
119
129
143
132
147
148
123
16
121
50
69
63
48
138
25
104
4
8
5
7
4
9
27
5
4
24
38
9
18
27
25
22
11
5
10
3
18
14
14
34
32
33
19
21
30
32
12
28
3
2
4
11
36
30
33
50
51
62
36
63
55
19
59
38
43
30
63
16
9
18
15
18
36
43
41
46
57
71
77
75
88
92
100
101
107
110
88
98
119
115
110
112
106
102
82
120
112
80
97
83
114
107
125
109
113
102
121
114
126
114
120
81
86
41
17
55
79
95
113
33
18
3
1
9
17
4
24
30
44
44
56
49
54
52
66
71
88
78
97
84
74
77
86
62
89
91
92
112
99
118
110
116
113
79
69
111
50
24
99
114
40
87
89
89
45
45
78
66
66
92
93
109
103
120
97
110
108
111
114
91
106
89
99
96
85
105
103
100
89
102
101
93
103
101
77
88
95
77
103
88
94
62
93
75
86
100
105
93
91
85
88
109
105
78
90
91
100
103
87
110
110
105
95
92
107
99
110
107
109
109
107
104
101
97
90
110
110
105
107
102
99
110
108
109
110
120
83
85
98
73
97
111
98
90
104
77
100
95
94
115
107
116
101
99
112
102
90
112
90
102
4
39
65
61
21
96
57
80
23
74
35
37
37
44
43
77
77
95
87
105
110
105
122
118
122
100
90
108
104
111
109
95
101
103
100
116
97
113
107
97
97
90
97
119
106
127
120
130
118
127
128
97
112
104
87
138
100
87
101
105
102
109
112
91
110
101
114
123
92
102
67
86
77
47
77
94
88
96
91
98
88
81
95
147
133
149
147
150
153
147
156
97
90
83
61
73
156
143
120
115
127
110
60
117
82
90
89
102
109
100
107
111
103
101
100
113
101
117
108
116
108
115
105
114
107
110
103
111
107
107
100
83
97
105
96
109
86
99
109
96
112
82
99
111
103
116
107
99
124
97
93
112
100
109
108
95
94
101
96
109
99
95
109
97
108
106
110
103
113
104
103
110
105
101
102
90
103
96
99
80
98
110
100
113
99
99
113
99
69
109
90
81
107
91
93
92
38
58
43
80
54
60
18
37
21
89
57
5
5
32
31
50
51
64
67
81
76
74
83
91
105
104
118
99
102
104
112
103
106
104
110
98
99
94
77
91
56
36
102
48
69
49
72
60
49
51
50
62
65
64
64
63
79
79
79
99
88
90
104
97
93
95
88
92
87
99
94
98
89
89
98
84
98
79
88
84
86
89
79
81
89
87
91
90
87
98
94
104
101
95
103
96
112
96
106
105
96
98
94
106
112
94
112
99
103
116
101
106
69
87
61
45
37
103
70
49
105
103
96
55
63
64
83
82
99
98
112
104
111
104
111
116
111
102
113
118
117
86
98
120
119
108
116
124
121
108
115
103
117
105
102
109
102
102
102
89
85
92
102
106
90
101
100
111
84
90
104
95
91
102
93
102
92
112
102
94
112
105
80
94
91
24
66
37
52
74
32
6
7
30
18
21
32
18
4
16
12
14
4
13
9
6
11
8
6
5
5
3
12
6
8
3
3
10
6
22
33
34
36
36
44
60
70
18
50
69
64
27
28
66
31
32
6
4
3
3
7
7
27
40
28
34
49
56
71
70
87
85
87
84
106
108
100
116
108
111
117
127
102
104
95
104
93
107
100
101
105
79
84
64
78
106
52
86
99
59
58
81
87
95
61
72
58
64
67
70
69
87
100
94
99
94
95
105
84
81
28
65
18
40
79
57
84
38
5
2
6
5
16
25
22
24
24
30
38
47
45
56
55
61
52
70
79
76
89
60
59
71
92
36
22
25
86
90
51
50
5
9
7
6
6
4
5
13
12
19
11
22
30
30
26
36
33
16
30
31
34
41
15
40
15
4
29
35
28
58
59
67
78
79
78
74
96
93
110
85
80
83
89
111
105
103
109
123
114
104
103
109
76
95
86
127
103
101
90
18683
18752
18691
18689
18741
18680
18721
18682
18724
8
9
31
24
9
27
49
45
45
5
16
13
6
17
25
6
3
12
6
4
5
6
13
7
5
10
17
5
25
19
32
35
23
15
28
31
6
222
233
27
19
27
10
40
30
7
32
36
23
25
31
33
62
4
4
6
7
24
8
26
5
30
12
24
18
36
32
15
33
16
38
10
13
41
42
2
5
7
3
3
12
18
23
33
28
38
29
12
20
34
3
16
14
21
20
6
7
7
17
18
4
13
31
18
15
21
3
4
13
14
22
23
29
19
54
69
79
82
77
95
90
87
106
100
119
109
110
98
92
86
98
101
105
94
25
63
62
33
20
86
89
72
61
18
3
4
15
20
18
29
30
43
27
19
24
45
43
49
44
38
28
37
35
53
50
9
47
45
16
4
17
6
30
45
50
39
41
25
33
32
24
13
13
23
30
47
58
45
53
50
62
79
85
84
99
109
125
119
123
129
143
106
139
94
71
126
90
126
88
139
34
34
107
22
37
32
3
2
3
10
3
13
3
4
15
2
4
16
7
13
3
11
12
26
27
28
29
17
24
9
45
31
5
18
15
25
24
36
36
11
20
42
16
5
4
5
15
20
16
13
35
32
31
34
32
4
4
20
19
26
15
9
35
21
8
7
4
6
20
4
17
22
17
26
13
15
32
25
44
41
40
50
59
58
42
40
24
60
14
15
25
50
7
6
24
23
27
24
39
51
51
49
74
69
67
79
90
88
106
103
101
95
107
104
100
99
105
92
103
102
91
89
91
93
96
94
100
88
102
95
90
99
97
87
92
83
93
52
34
34
81
60
71
75
85
62
82
51
43
54
65
65
85
84
96
93
106
73
90
89
93
82
92
95
83
100
83
93
75
75
76
96
102
101
95
99
93
79
99
92
93
105
96
91
103
103
92
94
103
129
126
130
120
130
123
133
133
127
110
103
119
107
113
107
92
117
107
102
118
105
90
103
95
103
92
98
87
89
99
108
92
106
97
109
98
105
106
101
98
105
96
89
89
96
96
91
94
109
88
108
97
101
96
105
98
90
98
96
98
99
96
100
88
106
98
110
82
94
104
95
96
107
74
98
92
79
106
100
110
109
104
106
109
107
122
87
100
104
98
112
104
107
113
112
105
94
119
105
116
100
114
79
30
104
43
43
16
101
85
60
87
5
10
20
11
3
3
8
10
15
33
32
52
63
70
62
81
98
105
101
90
109
66
48
36
96
25
85
112
75
71
69
17
21
30
45
75
76
19
4
14
34
43
19
28
20
39
31
28
31
32
17
10
8
25
27
8
22
5
4
3
17
17
26
20
25
36
6
36
23
33
7
4
6
6
12
22
19
34
34
39
34
48
50
46
37
41
54
64
61
64
72
57
75
75
80
75
91
93
92
87
91
89
94
91
100
93
87
96
53
85
30
21
71
94
31
97
46
66
4
13
24
33
34
41
43
43
46
61
77
59
74
84
94
66
82
89
96
89
83
43
21
66
22
19
54
57
3
15
9
16
8
5
3
20
13
26
34
46
42
63
60
69
81
73
85
91
95
101
100
97
105
104
100
101
93
98
96
105
92
103
93
83
108
95
75
82
92
100
101
100
114
98
99
75
90
83
74
84
87
86
87
91
89
93
106
99
135
128
121
145
117
123
114
112
122
122
89
92
104
84
79
78
72
89
91
45
66
36
56
55
52
55
49
66
65
84
78
94
94
104
98
94
105
104
91
93
104
102
93
104
91
97
104
74
82
101
89
75
83
103
90
93
100
92
101
92
99
105
79
94
105
100
110
103
118
101
99
109
102
102
104
91
98
86
96
103
102
95
106
102
107
90
101
83
88
91
105
78
84
100
87
102
94
95
95
110
103
93
105
91
77
101
88
101
83
66
77
92
74
91
93
99
104
101
98
116
114
128
107
117
96
103
96
100
93
95
88
95
80
84
75
75
84
88
78
87
76
97
101
101
106
105
83
108
95
122
111
107
118
107
30
43
80
49
91
117
71
99
25
3
4
5
13
15
8
9
7
18
16
16
29
37
43
52
49
64
54
64
56
37
35
33
22
62
50
59
65
3
15
24
15
36
28
30
27
40
59
58
67
67
71
66
80
74
73
84
83
89
93
93
103
106
104
107
105
104
113
57
41
72
24
87
86
40
110
3
3
16
24
33
29
46
45
60
68
68
79
72
76
78
90
87
100
102
108
100
109
106
107
99
99
103
88
95
81
85
95
91
79
92
81
91
92
91
75
94
102
87
89
88
86
104
115
122
115
123
112
119
122
120
109
85
64
57
49
107
101
66
122
39
32
78
6
13
23
5
14
16
12
15
23
13
34
34
6
11
12
46
58
68
57
64
82
88
90
105
103
104
100
107
116
27
52
115
70
44
100
81
60
39
4
5
12
15
3
11
12
21
10
22
34
51
44
42
50
44
46
52
76
84
85
91
79
90
62
65
43
56
32
90
47
17
59
11
9
7
6
10
9
7
6
24
7
21
25
9
12
25
4
6
12
23
14
18
21
21
7
41
34
52
43
40
59
62
53
55
40
27
26
43
4
7
7
20
17
7
7
30
41
51
39
47
43
46
41
58
28
72
68
89
82
74
65
67
65
41
15
62
65
30
16
38
43
25
4
23
21
15
16
53
70
72
87
76
68
58
54
59
94
84
89
89
73
106
72
65
62
77
65
60
70
42
39
57
100
65
94
21
54
4
4
7
5
2
5
21
32
24
22
38
28
28
26
47
47
31
17
4
5
6
31
6
5
15
6
23
20
18
27
13
9
17
17
13
5
9
6
6
18
6
22
24
36
38
40
31
34
3
1
7
11
10
5
2
2
7
12
14
30
4
23
14
22
6
2
3
35
40
24
26
18
6
9
5
4
3
5
16
2
2
5
9
26
7
3
3
17
3
1
1
4
4
5
2
4
11
10
4
1
3
11
2
3
3
12
3
6
7
4
16
17
19
14
15
22
9
14
7
8
24
28
17
13
10
4
9
11
6
6
20
27
43
41
55
66
55
60
82
59
43
15
82
77
81
18
56
65
4
4
5
10
6
21
19
22
48
39
52
59
46
55
52
29
43
43
47
55
49
46
84
100
99
80
63
51
72
79
78
95
67
91
89
95
25
18
39
43
52
4
14
8
8
3
15
29
18
10
11
8
28
38
27
34
56
56
74
68
82
78
80
89
81
87
85
114
116
123
102
92
95
117
106
104
104
98
110
93
103
76
112
102
102
111
100
116
160
148
164
157
175
155
173
161
178
167
134
119
131
122
125
133
135
124
124
140
137
122
134
136
120
130
117
123
112
111
119
118
118
106
85
40
66
74
23
65
98
44
92
7
9
33
16
21
25
27
13
46
15
5
7
22
46
41
39
49
47
48
43
43
38
48
42
48
46
3
6
5
4
8
8
16
24
25
6
4
20
13
18
15
31
9
27
25
27
5
25
21
36
6
14
14
5
28
8
7
4
7
3
17
7
4
4
17
9
16
13
9
9
17
5
3
18
19
37
36
62
63
60
64
70
70
48
84
86
92
110
120
123
81
90
79
110
89
134
101
88
101
80
93
142
26
20
50
33
97
4
34
35
46
47
51
50
75
72
83
91
84
91
103
108
29
76
89
19
66
32
106
54
4
3
10
5
3
24
14
29
39
52
50
62
65
67
79
78
94
93
110
104
101
30
61
20
105
38
49
73
80
