6
39
10
146
15
146
172
170
172
207
114
123
113
100
102
107
107
102
100
113
174
113
112
116
107
207
101
101
142
105
97
169
174
175
172
179
179
139
80
96
23
73
110
62
183
158
184
40
5
52
316
38
38
60
55
47
90
91
114
111
129
130
129
124
143
131
112
118
109
89
98
70
79
114
96
105
94
93
106
85
79
99
97
113
94
112
105
105
111
119
113
115
92
100
104
120
115
119
99
107
110
118
111
121
98
128
100
113
105
95
110
89
98
102
109
106
88
71
103
114
110
94
109
95
106
108
93
95
95
112
103
110
103
110
117
108
122
109
120
109
132
120
137
127
126
117
120
123
120
102
107
100
111
97
94
108
100
103
110
110
103
119
118
113
118
106
124
104
125
123
124
112
122
107
125
112
129
119
112
112
122
113
109
120
116
106
110
102
94
112
99
100
94
106
96
112
106
126
111
121
110
103
125
84
112
97
104
96
106
102
100
92
101
102
102
98
105
105
99
99
98
110
107
114
124
121
119
1634
1631
2030
2039
2051
2039
2051
2042
2055
2043
518
542
150
96
92
68
63
48
144
109
121
75
21
46
54
52
60
67
63
67
65
90
82
102
96
93
112
89
109
113
128
135
138
148
133
84
129
103
140
78
57
80
36
74
6
29
7
29
6
12
8
23
27
68
73
31
31
30
16
67
50
27
7
4
7
9
27
15
11
27
25
41
29
43
37
66
81
78
65
78
129
144
39
121
152
151
116
78
167
69
78
94
66
33
158
4
15
11
10
49
41
53
38
39
37
17
51
43
32
48
22
10
25
29
46
24
40
34
71
61
37
19
53
38
49
57
6
7
24
20
8
20
51
33
61
50
58
48
33
57
32
29
52
47
45
34
6
14
15
30
38
57
55
42
67
76
63
79
66
88
88
103
81
80
84
78
92
90
85
95
80
88
62
70
78
78
78
84
94
90
80
93
95
95
107
104
106
102
87
94
104
84
77
102
88
85
78
92
82
98
86
96
91
101
83
97
87
98
88
89
75
77
77
91
85
81
92
89
75
84
80
85
86
80
68
79
80
74
80
80
82
96
96
87
68
91
91
4222
4228
4265
4260
4277
4277
4283
4292
4302
88
86
40
66
150
108
166
121
55
4
18
17
39
37
57
56
64
78
85
76
84
89
86
98
98
101
102
109
99
102
98
114
100
107
105
115
117
105
95
107
120
121
128
112
127
119
137
122
131
145
168
175
160
152
143
110
144
128
157
111
114
110
108
121
122
121
114
135
129
124
124
116
116
106
113
114
105
101
93
87
102
116
108
122
111
128
122
128
70
93
141
115
78
132
140
112
115
106
113
88
87
103
104
126
114
120
108
82
37
52
87
26
106
45
107
68
10
8
28
38
46
42
41
53
58
66
69
68
79
73
78
79
81
84
99
95
67
64
89
72
97
77
98
85
82
92
67
28
33
36
35
19
47
6
15
14
38
48
42
52
54
49
77
76
94
81
80
84
89
103
92
92
108
95
106
82
87
99
94
100
98
89
97
94
109
114
95
96
87
104
95
98
95
103
112
91
88
98
103
102
110
100
107
108
102
110
112
94
103
108
111
107
114
111
107
109
113
123
109
127
104
118
104
114
108
105
116
91
118
101
117
106
102
104
114
95
116
114
110
113
79
100
50
92
30
25
43
58
57
3
3
11
7
29
26
47
35
34
57
58
70
69
70
95
102
112
101
109
109
107
95
111
118
107
106
115
107
103
112
114
115
113
117
105
122
119
118
105
119
114
107
119
109
116
116
104
115
105
105
114
112
92
102
110
94
115
105
105
117
121
97
103
126
117
98
119
102
96
96
104
109
108
104
99
88
108
97
102
95
109
92
98
94
97
90
102
83
90
93
98
103
112
100
111
105
114
107
105
115
123
116
107
102
112
112
104
99
106
114
99
106
97
111
101
106
98
110
102
111
101
112
111
106
124
102
117
106
76
48
96
119
125
89
90
81
91
79
77
58
56
73
91
60
89
97
100
86
102
86
97
78
95
90
95
84
100
57
46
46
82
40
63
73
93
44
8
14
22
24
22
31
25
66
78
86
67
81
79
84
77
92
51
64
90
94
80
102
99
103
97
96
57
79
85
84
87
35
28
72
57
38
88
94
75
103
96
107
114
117
68
70
102
94
101
95
83
101
100
111
83
73
30
83
76
102
48
75
77
43
8
6
5
26
23
7
22
35
35
48
54
34
42
10
43
52
20
51
38
5
13
26
15
25
55
67
67
83
84
66
62
52
54
47
59
95
102
101
114
123
118
131
114
105
113
114
108
116
120
109
119
112
119
108
120
108
122
120
119
120
105
113
108
106
110
104
122
140
120
133
121
116
104
99
81
64
45
141
135
595
596
595
596
596
595
596
601
602
607
121
92
116
115
144
143
164
185
183
129
204
132
122
111
96
80
70
68
58
56
133
109
13
7
6
37
26
53
22
49
13
32
5
5
7
6
9
34
34
57
39
50
73
88
91
95
93
87
100
91
134
124
123
121
113
143
123
116
78
65
111
29
27
117
85
60
10
14
8
10
7
7
32
34
15
30
8
22
42
4
9
13
14
15
43
31
11
19
34
42
39
46
15
11
25
22
33
22
57
70
63
47
73
71
85
34
85
57
83
38
29
64
74
76
27
39
36
60
54
57
87
86
115
105
106
101
125
117
93
125
122
113
119
100
113
100
125
106
125
117
135
127
250
225
426
436
429
435
451
455
443
343
467
348
156
157
100
136
118
100
87
54
77
66
40
71
67
87
80
75
84
90
74
74
102
78
114
95
98
120
130
78
38
111
112
122
39
72
35
91
11
10
6
10
27
38
43
50
53
50
69
70
72
71
58
60
61
61
72
68
7
17
23
43
35
40
42
41
68
89
66
100
101
62
97
129
106
120
119
85
97
100
112
91
93
98
82
96
102
65
85
76
91
70
86
88
87
85
93
93
104
110
99
108
100
99
102
79
81
89
92
104
96
105
87
91
79
48
59
92
82
90
86
74
77
69
77
86
59
73
72
71
84
88
95
94
6405
6387
6392
6385
6410
6396
6417
6425
6442
100
124
6444
117
129
133
138
141
137
131
129
127
125
146
140
125
155
127
109
139
130
142
121
133
140
134
134
143
126
143
125
98
129
120
112
126
117
114
174
148
142
134
148
123
110
150
122
28
4
3
13
25
48
50
47
46
50
83
70
93
94
38
43
109
96
36
67
45
8
8
9
31
26
20
5
32
31
45
53
54
68
76
58
79
71
58
53
36
21
58
69
65
4
4
12
24
30
9
15
20
11
28
10
10
12
20
18
20
28
33
43
30
28
40
56
60
66
60
68
64
64
76
68
74
83
76
98
89
99
92
100
112
108
102
112
120
101
116
105
92
108
98
87
105
95
98
106
108
108
118
100
103
103
118
105
113
112
113
101
111
89
106
88
98
106
116
93
115
106
115
108
129
122
119
105
103
113
105
117
110
120
106
121
105
121
99
58
35
87
71
104
37
22
50
6
4
8
38
48
64
54
67
63
84
82
91
78
99
110
103
109
99
62
52
20
40
36
75
78
84
7
5
4
3
4
13
27
8
23
10
18
19
18
30
41
53
58
52
57
55
55
62
65
72
56
88
82
97
94
103
99
108
111
87
17
83
16
75
53
40
89
60
66
84
37
53
51
64
66
64
86
87
95
102
100
90
100
99
91
91
109
97
100
107
117
83
67
73
93
101
98
61
88
38
70
52
42
91
100
86
89
88
100
98
102
78
85
84
93
92
799
794
888
893
905
904
1514
1508
674
650
1490
1506
657
787
693
635
6
3
8
5
5
24
19
10
16
14
3
2
32
3
16
17
28
49
28
31
38
28
33
34
48
27
43
47
98
106
80
50
104
63
35
83
53
58
79
61
81
64
4
10
5
10
18
54
73
67
61
58
59
62
34
62
61
59
57
14
14
55
37
52
53
38
87
100
97
123
121
141
133
97
108
137
136
121
131
122
127
128
121
121
121
120
78
62
54
24
23
21
42
52
51
52
87
86
87
125
118
133
133
141
119
141
140
128
137
120
127
118
132
115
117
128
131
141
125
131
121
123
128
115
114
120
95
104
75
117
84
66
68
83
82
103
79
72
72
1171
1188
1189
1146
1221
1222
1238
1225
1243
1236
153
162
121
131
121
109
112
92
86
95
108
130
127
124
135
127
130
122
167
153
128
116
119
127
135
123
105
133
106
86
92
109
96
105
86
98
97
93
114
98
108
105
116
100
118
117
87
124
98
94
99
108
99
115
91
104
91
97
98
106
98
68
104
61
84
91
77
47
101
91
101
90
60
60
78
76
95
96
83
97
106
103
94
96
110
92
83
99
87
103
99
92
80
100
90
99
84
109
100
92
100
84
99
105
102
81
96
94
101
112
103
104
100
81
49
57
108
19
99
90
41
28
68
7
9
25
33
24
44
42
42
68
67
65
55
62
36
36
35
28
63
59
9
22
22
35
38
50
47
69
55
65
74
73
72
87
86
71
104
98
94
95
112
101
107
100
106
100
92
100
89
100
89
103
91
95
88
89
97
83
95
88
88
98
85
87
72
85
96
92
86
94
90
101
88
99
95
94
95
86
108
95
111
95
114
106
93
108
112
110
103
96
103
100
94
97
103
85
80
88
75
61
68
81
94
49
87
80
62
29
90
28
50
28
76
29
88
84
88
70
90
66
86
86
101
101
113
105
107
101
103
97
91
101
107
104
103
103
108
104
100
84
96
102
74
85
88
100
93
98
79
83
101
109
115
116
93
102
80
81
102
94
107
106
98
101
116
102
119
105
113
113
104
113
105
109
68
87
93
75
59
78
87
99
89
86
92
80
95
96
108
95
106
97
96
86
94
83
96
84
86
78
88
66
83
99
96
99
88
102
94
112
113
120
92
111
108
104
114
103
112
106
96
102
95
97
77
94
72
92
82
118
107
119
119
112
127
118
128
121
82
91
97
104
101
95
110
97
81
106
107
116
113
131
107
116
102
102
102
115
101
116
104
116
108
108
91
100
123
103
77
96
89
117
102
94
109
92
76
98
100
75
86
87
99
85
101
98
104
104
120
106
121
113
128
127
126
111
117
124
125
116
111
118
114
111
109
111
110
107
98
109
124
114
125
119
123
125
129
47
115
60
78
76
99
124
115
100
120
119
67
77
77
96
96
68
56
95
93
106
82
111
119
106
120
98
101
123
104
97
98
94
108
98
94
102
110
110
100
115
103
119
103
54
110
79
39
33
59
76
93
6
8
4
10
13
16
28
19
26
12
12
15
17
50
60
70
71
81
57
75
72
80
91
82
85
113
95
100
118
99
109
109
116
94
109
116
101
103
115
118
97
112
90
109
91
97
109
106
99
96
104
91
92
91
118
96
124
115
127
121
128
135
144
143
135
104
118
113
110
103
110
99
109
107
102
112
99
101
109
102
111
104
96
106
46
60
14
69
77
90
24
36
9
30
29
26
58
55
53
57
68
64
90
92
76
43
45
38
35
104
95
81
37
11
23
36
25
39
42
34
27
10
39
52
52
71
63
77
87
86
102
104
116
102
106
97
106
105
106
96
81
98
102
69
101
102
97
87
103
113
97
124
113
108
107
117
110
118
104
80
72
109
79
89
86
72
103
86
75
84
90
98
78
80
52
68
79
67
69
70
90
56
86
94
94
85
73
98
108
114
105
105
109
111
120
110
99
103
105
99
105
114
102
87
90
116
97
108
96
99
106
91
81
99
71
88
87
65
61
71
25
82
49
68
35
7
14
14
19
38
38
50
48
58
57
64
59
62
88
90
103
95
102
99
108
111
124
121
102
99
109
109
110
95
97
96
102
93
82
90
103
88
106
98
91
103
105
91
100
109
115
84
100
83
98
92
111
96
105
97
96
105
103
102
72
62
90
106
69
81
86
89
82
91
79
53
78
86
67
87
82
76
79
86
88
86
86
95
82
98
76
98
105
103
101
99
93
92
99
86
88
90
97
83
93
85
72
93
95
71
89
78
95
103
96
108
101
107
97
105
102
86
108
91
110
97
111
101
118
106
112
123
116
112
117
100
112
87
102
116
94
108
91
90
103
104
100
94
95
103
91
104
102
102
100
94
99
112
105
116
101
106
115
79
103
73
105
56
96
97
97
93
90
99
116
104
106
80
93
111
100
109
106
117
109
107
111
108
91
94
108
114
100
100
116
113
110
92
102
106
104
104
99
109
96
98
104
97
105
93
80
96
93
108
99
99
92
76
85
35
103
26
38
72
56
70
12
13
7
11
10
10
6
34
32
49
33
53
43
63
66
102
90
121
97
125
109
80
61
103
103
146
141
109
58
39
74
68
72
40
53
53
52
64
53
53
26
52
42
186
165
200
183
194
184
185
196
208
207
139
144
132
53
35
116
45
94
96
125
83
106
9
23
20
46
48
61
55
755
721
744
729
731
746
717
731
739
754
6
6
6
3
12
14
31
22
7
29
10
8
18
55
55
38
38
39
36
41
45
43
37
32
9
20
16
20
10
17
14
5
5
3
15
15
15
31
44
53
62
53
76
86
78
82
85
95
81
40
73
61
58
28
83
15
81
70
30
47
48
62
71
69
75
78
78
83
86
94
97
92
99
103
100
107
111
92
102
102
109
112
104
109
93
108
91
107
107
120
110
117
112
109
117
113
106
112
99
106
99
106
92
105
86
96
105
98
103
108
103
91
110
208
211
194
218
228
223
264
251
160
111
113
109
91
64
56
48
142
163
147
3
3
5
8
6
7
6
19
6
8
28
35
51
39
36
51
52
58
46
55
53
51
106
69
10
18
23
30
38
81
39
31
17
3
3
4
4
2
15
13
42
25
48
44
41
41
69
67
78
70
76
70
48
43
44
43
43
6
18
30
32
20
25
33
61
71
50
62
56
60
65
58
62
96
94
17
37
33
91
106
34
80
101
69
24
4
8
24
21
22
36
19
33
36
61
18
8
58
2
4
2
6
5
13
6
3
17
12
8
12
16
26
21
29
16
16
26
21
19
28
3
12
14
26
28
23
22
24
13
3
16
26
32
20
32
30
10
17
22
9
8
22
23
22
45
59
59
65
72
44
53
74
28
14
42
48
46
72
43
82
8
14
4
6
19
29
32
32
36
47
55
52
54
50
78
84
76
91
91
94
89
97
69
94
92
93
88
85
95
92
76
64
70
88
87
82
95
75
84
92
82
82
100
100
112
103
102
110
114
102
106
104
107
106
109
97
75
90
100
93
111
82
100
92
104
91
102
109
108
125
102
116
114
105
95
105
95
100
92
99
88
102
94
101
92
87
92
96
104
84
92
89
94
100
92
107
89
96
83
87
79
90
95
111
99
93
95
100
106
104
114
94
103
93
87
84
92
108
99
97
94
100
91
75
94
95
87
96
82
79
89
80
97
86
81
88
87
81
79
84
72
87
90
89
86
92
83
89
69
94
76
86
57
94
86
91
96
105
86
68
88
81
97
65
81
92
75
53
35
59
48
20
5
8
23
13
30
15
17
6
6
25
23
32
25
38
6
18
37
24
21
13
40
22
36
3
4
2
12
3
18
31
54
28
51
75
65
78
43
69
72
69
65
71
80
79
88
91
67
100
79
71
72
97
92
96
95
92
98
89
93
74
85
60
50
91
88
82
90
86
46
84
72
70
91
86
90
99
99
94
106
105
108
106
102
108
97
105
98
113
103
109
103
95
113
100
104
99
108
78
71
58
32
26
13
94
47
86
50
6
3
12
15
20
24
30
44
46
24
43
21
55
30
44
53
23
9
22
27
29
46
37
29
11
26
15
23
35
5
12
20
18
31
32
40
38
35
37
56
56
58
63
67
21
27
38
37
22
47
45
49
3
4
17
22
42
40
49
49
70
62
75
77
73
70
93
88
100
94
78
82
66
90
68
72
21
49
71
59
52
27
3
15
13
30
33
16
32
13
9
34
36
4
25
11
13
21
8
8
10
11
18
18
18
42
31
28
44
43
58
63
36
38
53
67
68
33
44
30
24
58
62
50
34
4
3
3
20
20
11
14
24
19
53
47
67
76
60
59
57
54
37
34
61
56
52
5
7
5
21
23
12
38
8
38
4
15
27
38
35
59
63
64
75
76
38
43
15
79
1
4
13
8
9
23
25
7
4
12
15
3
3
16
13
23
21
5
23
3
7
44
27
26
43
48
65
55
51
28
30
35
40
15
26
5
3
23
17
9
16
8
45
51
41
41
43
56
58
66
67
52
63
61
72
72
69
98
94
90
106
97
115
119
129
108
130
123
128
120
124
128
98
126
102
116
97
75
20
110
47
55
91
22
57
67
5
13
42
38
26
16
19
21
35
24
14
40
14
16
11
40
48
44
28
47
56
73
70
88
98
95
105
89
83
86
99
89
104
107
93
94
104
92
88
91
103
96
102
80
94
82
101
90
98
78
89
90
95
83
94
85
90
100
91
92
110
111
88
94
113
102
114
97
98
92
87
100
95
98
100
99
39
86
27
31
68
79
48
56
3
2
19
20
21
48
57
60
70
64
80
79
95
98
105
102
100
107
95
85
45
16
56
73
29
57
8
5
22
13
23
12
15
20
17
5
11
8
24
29
27
30
17
30
8
24
28
4
12
21
17
20
28
15
20
29
29
19
35
44
52
63
48
46
63
74
71
73
88
95
86
88
105
63
97
80
95
80
87
71
108
103
119
103
123
122
113
103
95
114
104
95
81
56
42
63
97
106
104
105
95
73
74
69
80
73
81
99
94
67
69
62
37
41
82
80
65
13
10
14
42
54
64
39
59
70
89
94
81
51
92
103
108
115
138
123
75
18
119
36
68
137
77
97
46
104
100
6
17
19
25
28
25
8
41
33
38
58
93
88
22
84
14
16
63
92
50
90
19
10
5
4
5
5
4
8
41
33
38
30
13
8
37
15
33
242
280
35
41
36
36
35
25
32
46
8
26
31
36
45
70
86
64
73
85
69
122
106
104
114
98
101
103
167
151
151
113
111
96
64
5
4
14
21
30
30
32
29
40
31
32
57
51
48
72
45
66
77
86
92
90
56
91
90
40
79
35
78
23
4
3
17
13
13
18
14
3
9
13
31
26
29
48
50
54
52
59
67
45
70
44
80
56
57
67
47
25
6
9
8
7
26
10
7
30
9
9
9
73
69
85
84
61
108
69
88
73
73
85
78
62
34
47
83
22
81
69
5
4
44
9
21
30
45
50
48
54
41
40
25
50
51
40
53
51
8
6
20
32
29
27
48
57
55
75
82
71
61
61
76
93
87
91
125
130
117
81
74
99
86
119
88
120
113
126
116
116
456
421
406
54
456
481
459
392
490
489
413
4
4
14
15
9
21
23
14
17
50
42
40
38
46
46
59
57
56
58
68
61
74
72
75
76
52
88
131
120
128
137
148
146
141
161
104
51
38
69
84
19
91
60
146
32
87
81
80
95
95
113
112
94
90
108
106
103
84
96
87
74
71
61
59
53
48
44
77
93
9
4
6
15
21
32
31
47
56
63
65
77
75
83
82
93
95
94
96
89
101
104
97
99
96
98
106
81
67
102
112
94
81
88
95
76
87
92
77
93
95
83
88
95
98
91
91
92
107
105
92
104
79
103
103
87
78
68
103
94
80
87
92
95
75
100
87
82
108
106
100
109
105
155
143
144
143
151
152
143
198
181
191
145
203
184
198
205
201
195
162
155
162
150
122
108
118
107
113
104
96
108
108
95
87
76
94
102
83
97
91
99
86
96
91
101
93
99
94
90
102
94
104
94
98
80
87
92
90
92
87
94
90
81
88
104
104
99
90
103
99
87
102
95
90
101
93
97
92
104
92
106
97
95
75
89
110
106
97
106
108
97
83
104
98
96
101
91
95
88
95
87
99
91
93
99
97
96
101
89
104
99
103
96
101
91
103
89
84
107
94
106
97
120
103
98
108
113
105
112
104
108
82
100
105
91
110
104
113
107
114
107
124
112
113
107
93
110
95
102
94
106
96
111
95
70
109
64
89
99
82
100
94
96
102
64
93
78
78
76
91
86
96
85
95
72
73
88
111
101
116
104
113
106
99
77
90
102
104
106
101
101
103
109
108
101
112
75
69
92
104
95
91
102
102
82
80
106
108
94
103
103
90
104
94
101
92
93
113
105
111
103
115
103
109
106
112
100
109
97
108
95
114
101
102
102
113
102
113
124
132
117
127
114
136
127
108
126
89
104
114
99
111
110
102
108
115
113
112
109
109
100
116
93
92
102
104
92
111
101
104
102
118
117
113
126
111
126
111
123
109
122
124
115
106
110
101
105
83
97
108
94
103
94
101
95
110
100
100
101
108
116
115
104
92
95
113
110
113
105
108
115
96
109
110
105
96
92
99
103
105
94
103
97
106
98
98
102
158
147
153
382
385
372
385
391
383
398
349
354
131
367
144
129
150
135
137
127
142
127
133
112
126
118
120
119
103
110
115
90
105
114
99
109
107
118
115
123
114
121
125
112
103
108
98
104
88
79
75
43
64
58
59
103
100
103
88
103
73
104
77
111
106
110
88
102
106
78
81
79
78
111
99
105
108
96
92
122
110
103
89
75
112
109
82
99
99
110
103
88
87
108
106
112
106
105
109
108
114
113
116
99
108
96
76
108
86
96
105
109
108
104
109
96
118
115
112
100
113
104
106
120
123
113
118
116
118
53
84
72
72
107
98
88
95
81
90
70
82
91
90
83
97
92
107
94
80
97
87
95
94
102
83
86
88
86
97
91
102
76
104
82
69
106
101
120
113
109
109
90
118
109
110
123
110
115
98
36
72
55
92
84
72
28
44
6
4
23
35
30
42
31
41
52
65
46
44
54
66
61
77
75
59
80
82
90
63
77
97
110
102
101
95
91
103
109
96
72
105
73
55
115
89
89
97
113
108
89
68
69
85
84
108
107
119
117
98
120
113
113
120
102
118
103
113
118
110
110
109
120
78
100
81
92
110
102
106
101
123
101
121
118
120
115
90
114
71
108
26
50
96
34
12
64
92
59
63
76
68
87
77
85
106
105
117
112
112
99
83
92
101
97
104
93
106
102
102
96
93
115
105
119
101
116
106
121
120
130
105
122
115
115
109
113
116
110
99
76
97
100
109
107
93
110
111
99
113
106
85
98
93
105
102
108
96
96
108
103
115
93
100
98
102
99
84
81
116
121
116
106
96
117
87
86
80
79
104
107
103
99
119
110
104
118
113
96
94
86
110
116
91
97
107
102
110
122
114
109
114
124
116
115
105
122
110
113
84
104
97
110
103
115
98
105
95
116
105
109
119
122
115
122
123
125
120
111
120
122
104
115
102
109
113
102
114
105
98
105
112
98
116
105
112
111
106
97
101
110
105
111
99
86
106
94
99
85
92
57
74
65
19
84
34
44
17
52
3
12
13
21
34
18
19
21
5
4
6
10
5
8
27
32
15
4
32
44
49
31
47
62
45
45
6
25
38
21
35
23
24
19
32
6
13
7
27
18
20
36
48
59
63
53
63
65
57
56
38
56
46
56
5
8
2
55
38
38
54
37
56
38
40
42
43
9
21
19
22
11
23
24
6
18
22
22
11
17
14
26
44
63
57
53
53
50
52
54
57
58
66
3
3
2
6
16
11
7
4
6
10
14
29
22
25
22
26
39
29
7
7
31
44
34
43
46
32
43
20
28
41
5
6
19
4
17
8
55
62
71
77
80
96
92
95
128
125
90
143
120
105
102
123
21
53
23
110
67
74
21
79
11
38
29
29
42
26
23
42
41
46
4
21
30
42
56
59
47
49
47
50
85
82
86
107
104
122
125
123
82
121
104
112
123
125
118
96
80
76
126
83
79
122
130
117
126
94
79
82
65
67
70
63
62
76
5
18
18
27
48
72
53
80
71
68
104
88
97
91
124
105
135
94
69
53
38
131
84
71
35
31
96
29
56
72
102
7
6
6
25
22
39
41
79
83
70
84
48
85
81
27
73
37
49
49
5
6
24
21
8
18
17
15
16
13
15
27
32
39
32
19
28
48
63
70
19
31
22
21
25
10
4
5
8
7
32
28
15
17
44
11
44
9
39
4
23
35
42
53
61
53
41
38
48
80
86
83
97
97
67
77
117
86
13
15
59
42
35
75
105
3
5
3
13
26
10
26
28
16
13
8
75
82
79
76
9
7
7
24
7
11
9
26
37
35
28
44
32
43
37
39
40
21
35
4
3
22
32
46
44
54
57
58
71
72
88
87
101
94
108
95
99
90
105
85
87
83
55
26
18
34
66
49
36
87
101
82
60
51
38
42
58
59
73
73
74
91
81
94
91
97
90
111
95
145
128
145
137
144
142
136
149
133
116
106
97
115
113
103
108
106
105
76
81
103
94
86
95
78
85
93
91
89
98
87
101
89
91
106
94
94
109
101
108
106
111
102
101
110
110
103
106
85
115
98
96
105
93
101
81
90
89
101
93
93
106
80
88
50
61
86
68
80
96
97
91
82
66
95
74
83
66
98
105
110
102
117
109
120
109
116
100
114
107
114
108
99
108
115
112
98
108
95
112
95
108
94
111
104
93
113
97
111
100
118
101
116
100
116
100
113
105
111
104
108
110
108
111
112
104
111
104
114
106
113
104
111
103
108
101
107
99
105
99
102
100
108
106
105
94
107
104
106
98
108
101
106
99
111
103
110
112
112
103
108
105
109
101
102
110
107
104
108
106
106
96
107
104
83
95
102
100
88
101
87
97
85
95
86
98
87
96
99
95
101
102
100
103
100
105
99
84
103
98
102
92
110
95
101
94
106
94
110
103
107
101
105
97
105
99
106
101
105
99
103
96
101
95
99
97
98
103
103
101
107
97
107
100
107
99
105
98
98
105
98
83
102
108
92
106
93
111
96
110
96
109
101
108
102
105
96
103
96
102
95
95
102
97
99
82
101
93
105
92
103
92
98
92
107
92
106
95
102
96
103
100
106
104
107
105
105
103
106
108
107
94
107
103
106
100
111
99
108
106
108
101
108
106
100
108
105
85
97
111
94
95
107
18045
18035
18085
18075
18102
18107
18111
18106
18123
173
18120
177
163
160
178
164
155
122
85
37
168
56
107
136
77
34
67
42
110
5
12
32
26
21
34
40
10
11
29
4
5
10
3
20
17
17
23
27
35
19
44
33
44
32
40
9
5
6
36
30
23
26
17
29
9
20
15
83
82
81
10
83
78
3
4
5
23
7
25
36
28
44
35
45
29
32
43
10
27
10
32
37
35
31
63
58
73
82
81
93
105
103
113
111
78
104
52
89
36
60
19
102
77
116
8
5
3
5
6
33
44
25
38
41
43
30
50
22
46
26
47
22
40
53
52
71
69
82
94
87
107
105
120
107
84
112
109
115
106
107
100
106
82
105
96
97
95
107
100
102
86
92
105
107
88
82
86
100
95
90
97
79
114
110
105
123
134
122
127
125
124
118
108
103
104
99
109
104
101
101
97
102
103
101
105
94
99
110
136
121
132
126
134
134
133
136
111
119
114
106
110
98
93
107
100
112
79
111
75
60
51
91
105
46
64
36
3
12
14
20
8
20
23
35
33
49
40
50
51
39
35
32
28
48
68
66
66
60
54
50
73
70
71
89
91
103
88
110
101
94
117
104
105
115
103
97
131
115
112
120
110
117
99
117
107
101
110
114
107
117
99
122
115
115
111
125
114
112
126
122
107
109
114
113
100
100
86
110
102
94
108
101
109
98
98
107
96
100
107
78
106
92
98
87
98
101
99
83
90
106
89
107
100
110
102
111
112
113
119
105
130
114
58
43
38
38
96
121
108
68
89
78
5
4
4
3
10
23
33
51
50
67
55
43
39
57
68
56
66
68
59
18
7
41
3
5
26
10
24
31
26
23
19
17
15
12
13
13
11
23
25
10
12
43
39
54
54
17
12
16
57
16
55
51
8
10
13
8
6
23
25
39
42
24
5
7
39
6
28
29
42
52
31
36
29
31
54
52
22
29
3
3
8
15
31
37
25
58
47
44
32
53
42
12
24
24
68
84
30
66
34
74
82
28
78
73
26
85
67
78
69
80
68
7
8
46
43
29
17
16
16
14
12
33
32
28
12
13
7
17
20
28
30
9
25
25
15
41
54
52
74
71
37
60
51
44
95
100
97
91
108
89
190
187
204
192
194
191
212
205
108
191
116
101
111
103
100
110
96
108
111
120
102
104
104
91
109
97
108
98
103
125
124
118
119
134
111
132
130
90
122
117
116
123
81
108
82
94
80
116
114
104
95
84
98
84
86
68
31
83
87
49
87
74
69
41
14
29
26
50
47
53
54
68
59
82
94
94
100
112
96
117
113
123
142
120
128
117
131
114
124
126
141
134
136
121
129
136
140
130
134
123
112
105
105
79
105
74
130
92
118
132
120
103
106
93
64
116
57
54
118
7
20
18
9
5
3
3
6
6
7
17
35
42
61
59
30
41
28
55
25
42
57
45
4
8
6
2
4
6
4
39
47
13
36
16
3
4
23
33
46
48
43
54
57
66
66
75
78
80
77
79
93
92
95
80
85
96
73
17
36
96
69
65
32
91
4
4
8
19
37
26
26
42
51
45
115
119
109
129
127
118
76
93
87
100
37
51
70
97
13
64
17
18
90
7
6
31
45
41
44
51
60
44
69
80
79
84
86
98
92
95
91
84
98
91
99
96
99
114
109
103
111
84
100
104
91
114
102
116
100
106
100
113
104
115
96
100
96
100
97
99
88
103
93
106
98
107
95
107
101
106
100
103
91
104
90
63
87
69
46
31
50
98
79
86
96
63
93
69
74
74
87
89
104
97
93
106
111
99
108
100
103
110
111
100
102
113
110
96
107
104
87
103
94
89
96
92
102
102
82
90
94
73
21
36
20
65
88
45
52
82
4
5
6
5
23
25
36
47
47
52
56
61
66
80
78
87
98
97
107
104
115
101
96
106
81
96
95
84
67
90
90
79
80
87
95
94
93
97
88
79
89
102
95
91
98
87
99
99
92
94
104
93
102
95
106
97
101
96
102
86
98
94
100
81
93
86
99
79
99
79
92
96
83
99
98
112
105
95
107
103
111
96
105
106
107
108
101
100
108
96
92
77
101
107
99
92
104
92
86
91
95
100
98
92
116
102
88
102
92
100
104
105
97
104
95
107
103
107
95
104
92
105
98
106
95
108
102
109
104
112
105
103
109
107
100
106
93
105
98
98
103
92
104
105
92
104
97
104
93
106
96
104
102
104
100
99
83
98
93
90
88
101
100
90
94
94
103
89
103
91
103
94
106
95
107
105
110
74
35
47
103
70
93
81
30
53
5
7
7
25
12
34
10
54
31
42
19
29
13
11
31
26
37
3
21
25
31
50
61
59
79
77
82
77
74
89
78
62
38
74
20
45
4
4
16
28
10
18
25
21
25
43
54
39
57
55
51
57
52
57
68
61
70
71
75
73
82
56
63
88
62
58
93
74
89
98
91
102
94
111
109
124
96
96
96
90
101
81
92
86
97
92
103
99
113
103
120
114
117
110
114
99
87
95
107
94
104
97
65
39
35
57
90
27
46
82
71
6
7
22
30
34
44
48
45
74
66
76
73
85
88
98
84
83
97
87
81
101
100
96
105
107
111
110
118
108
99
115
100
110
100
122
84
100
24
58
39
44
73
110
76
5
7
21
23
30
29
44
38
45
54
54
56
53
56
68
67
68
52
66
31
30
35
54
26
76
6
17
24
14
17
21
5
23
19
9
21
21
3
16
15
21
47
58
67
68
65
80
74
78
78
66
82
101
110
102
107
91
102
51
64
94
33
68
19
66
71
46
15
10
24
22
36
28
39
39
52
36
11
11
43
4
16
5
15
6
3
17
5
27
39
26
38
49
53
65
75
60
75
66
63
39
26
60
28
67
49
44
5
3
22
21
20
22
23
61
70
76
79
90
87
88
86
93
112
112
130
123
129
106
115
121
112
128
93
112
84
103
106
108
112
78
76
47
67
36
99
33
97
64
4
4
4
9
23
25
25
24
54
46
66
47
58
62
60
9
36
40
58
38
66
7
3
3
14
13
28
31
45
20
16
17
21
38
37
46
35
39
7
6
3
36
18
36
47
47
68
75
50
47
36
28
30
43
60
68
58
2
3
7
8
25
40
33
43
44
58
47
37
55
42
56
66
67
71
83
99
76
92
84
98
95
110
68
60
37
92
96
77
39
94
63
6
13
28
32
32
12
26
41
8
43
38
16
45
30
5
12
14
18
15
32
31
34
9
14
11
9
25
33
40
29
50
58
58
67
64
71
50
88
96
90
108
107
103
115
117
93
100
115
102
108
95
108
93
115
75
99
92
91
100
96
95
98
99
95
93
76
88
99
97
89
87
110
102
118
102
100
100
112
106
116
104
112
98
106
112
101
114
93
107
104
120
104
109
121
123
113
127
119
118
114
124
116
117
106
107
100
103
95
109
95
116
104
119
116
108
122
109
124
109
101
112
109
89
100
102
108
93
106
96
104
94
67
73
106
73
33
44
31
58
95
48
3
11
17
13
4
15
24
15
38
35
41
48
47
66
64
76
72
83
77
61
35
52
70
73
22
66
70
46
4
6
12
12
9
15
18
15
9
57
29
14
42
5
30
34
19
11
22
19
24
42
33
8
9
23
13
20
7
14
20
18
3
3
19
7
9
17
14
13
22
42
48
42
35
58
34
59
60
32
22
65
12
9
29
56
25
668
4
16
32
33
34
36
54
52
54
17
41
19
39
50
6
21
16
19
5
55
21
22
16
63
13
25
34
27
4
21
20
26
31
41
54
40
14
44
14
25
53
36
8
7
10
6
27
27
43
34
46
76
78
69
91
78
89
95
93
107
117
27
81
40
61
29
111
43
102
117
4
3
26
31
26
41
50
51
38
75
59
56
54
58
56
79
82
92
103
110
84
81
90
89
90
69
102
92
76
100
100
84
106
100
97
108
112
92
97
106
114
111
96
97
108
123
93
113
98
79
91
112
95
102
104
90
111
90
87
106
108
84
87
96
89
115
80
65
91
55
55
56
81
107
108
125
135
143
218
204
226
206
170
205
201
191
197
129
126
111
102
72
75
75
70
59
52
4
13
4
12
25
20
40
33
43
41
61
62
68
69
71
67
55
77
87
81
92
104
48
62
70
34
87
88
33
83
101
4
16
18
26
27
24
15
8
22
37
12
21
19
20
27
14
32
40
47
40
50
50
36
44
58
60
34
31
32
42
16
49
6
5
22
18
12
22
28
25
39
40
35
48
62
64
31
47
57
37
34
23
55
20
4
3
7
16
29
32
40
42
63
55
56
72
59
77
88
71
74
92
74
98
98
80
18
65
11
78
83
48
35
55
3
3
20
29
41
44
58
59
75
74
73
84
86
84
109
106
103
92
101
93
81
102
104
76
115
91
94
91
76
84
85
96
97
89
106
99
102
67
96
78
98
95
107
90
103
81
93
67
81
81
98
87
87
99
79
78
98
100
85
102
85
88
92
88
86
97
109
103
75
91
71
106
87
95
94
88
96
84
74
90
69
90
94
85
73
93
96
86
77
100
94
114
103
95
108
100
92
117
111
93
89
72
99
79
102
93
89
84
88
92
100
97
98
98
109
100
102
106
112
103
109
97
102
104
83
98
73
91
92
83
100
107
97
109
100
111
98
110
103
97
97
84
107
93
97
101
107
95
103
94
107
80
93
87
79
83
91
72
83
88
84
90
87
94
72
82
99
85
88
86
83
91
82
80
88
74
99
87
100
88
89
85
78
87
95
77
80
87
87
85
85
81
81
102
89
89
93
76
96
88
97
84
90
77
66
84
77
68
77
77
76
94
92
83
84
82
80
95
97
95
97
87
97
92
113
123
111
120
103
99
99
108
119
97
85
88
96
96
98
104
97
96
89
98
92
96
88
98
96
100
98
103
92
102
96
104
97
97
103
103
96
85
91
97
103
88
87
77
100
79
89
84
81
91
86
85
88
68
56
76
76
41
38
28
63
48
24
31
33
32
48
47
30
16
8
41
16
5
26
45
43
7
4
3
4
12
26
26
17
5
4
6
7
5
12
21
9
10
19
10
6
15
5
4
6
8
6
9
18
20
22
36
35
46
59
54
55
50
52
54
69
78
70
72
88
78
86
97
93
108
120
106
125
121
120
132
135
128
119
121
105
118
118
106
115
108
101
86
97
112
72
102
93
104
92
104
90
106
81
98
99
107
99
90
80
108
96
106
98
65
72
86
74
96
67
76
99
81
83
84
85
95
94
88
89
91
112
104
111
105
100
110
109
117
104
95
106
109
102
114
99
108
100
116
102
109
122
119
111
118
112
119
116
122
114
113
111
112
107
108
108
108
100
99
105
108
104
107
114
97
109
91
106
99
99
108
102
96
109
99
117
115
116
109
120
110
118
111
113
100
97
102
113
105
103
105
91
110
97
107
80
96
82
40
20
98
48
57
21
4
6
4
14
10
7
14
19
19
10
22
21
15
5
14
23
3
5
17
5
3
14
23
4
4
21
18
5
3
23
22
40
40
43
63
61
75
83
88
47
61
58
61
45
86
83
80
25
4
15
30
28
48
49
67
65
65
73
73
82
82
83
83
95
97
92
100
96
110
88
96
84
102
105
108
108
106
100
105
82
103
103
109
101
116
109
110
118
117
101
95
106
112
116
103
88
109
100
108
100
112
100
106
98
114
97
103
96
106
102
105
95
105
91
88
82
104
75
99
80
87
98
92
97
92
104
85
98
103
107
102
109
97
121
116
120
133
1362
1371
1354
1359
1383
1388
1348
1376
1362
1362
143
158
150
148
143
140
151
135
159
139
152
142
154
158
145
160
136
149
119
136
112
131
117
139
155
148
141
149
162
143
152
147
162
134
142
121
141
132
135
117
124
41
78
53
100
36
31
95
69
117
3
5
4
23
10
13
4
27
7
7
4
9
41
36
39
46
45
42
44
15
23
59
69
82
41
62
79
79
49
67
74
77
64
40
67
3
5
4
5
24
13
21
15
13
20
18
20
16
10
5
9
8
7
26
35
23
19
41
48
47
48
54
53
64
49
65
57
49
37
60
80
56
18
104
17
90
27
61
58
58
60
50
68
65
56
62
48
67
37
31
72
50
67
68
8
21
14
18
21
8
15
9
19
28
24
26
37
49
71
79
59
71
42
24
15
66
30
46
4
5
21
14
13
9
9
9
7
8
19
24
20
27
30
47
47
46
37
34
40
44
22
14
29
42
4
10
4
4
16
17
16
17
30
24
47
46
58
13
41
14
29
56
9
5
5
6
5
4
2
5
13
6
4
17
33
3
7
3
9
19
14
7
17
36
31
36
25
27
9
22
26
21
23
6
19
15
12
12
23
4
4
9
2
16
3
21
27
23
57
47
26
27
72
58
76
69
77
78
88
73
72
85
87
98
92
113
95
111
99
115
113
114
106
118
109
121
108
123
115
107
118
94
113
106
99
111
101
96
100
96
104
93
98
92
102
82
100
97
90
90
102
94
90
99
89
88
88
90
95
95
84
93
87
93
83
95
85
93
96
86
95
89
95
90
94
87
92
91
96
89
96
85
96
96
65
71
81
53
92
90
72
81
89
95
85
85
80
80
100
91
98
79
95
96
106
105
110
98
98
110
111
109
114
106
113
111
103
114
113
104
110
112
111
102
106
85
98
101
91
104
91
92
105
93
105
92
107
99
87
79
104
89
97
57
90
71
77
68
94
88
95
93
80
99
64
74
75
90
83
88
82
88
91
87
98
91
115
112
102
116
110
119
107
114
108
96
89
93
88
88
88
97
91
84
89
84
83
89
86
81
85
85
61
73
91
89
92
90
93
77
89
93
97
83
83
95
95
83
97
84
96
90
99
90
97
102
98
88
106
100
106
94
106
99
103
96
107
104
92
93
85
89
87
77
86
76
88
77
66
91
79
90
81
90
86
87
89
78
97
84
95
77
91
97
87
91
97
86
102
95
106
104
109
100
114
106
106
117
107
101
104
93
104
97
100
88
81
86
95
96
90
81
94
85
93
82
98
91
90
84
82
70
92
93
87
99
87
84
97
90
99
84
79
58
78
84
98
92
96
85
81
99
101
95
99
95
96
110
110
104
44
28
57
92
71
81
30
65
10
20
29
40
52
48
51
61
69
63
72
35
63
58
64
49
36
60
16
3
14
21
22
25
32
23
24
11
16
30
44
41
57
44
48
39
37
19
50
30
47
51
5
5
15
18
30
31
53
46
40
43
58
55
21
45
19
19
53
49
57
32
8
6
16
15
5
6
10
51
67
38
59
58
71
78
79
89
85
102
102
103
104
114
110
125
114
105
116
123
108
87
93
57
26
25
105
75
55
40
64
3
13
10
12
25
44
32
47
44
62
19
64
15
48
35
32
13
49
5
6
16
32
38
38
35
33
14
28
42
12
47
5
22
21
22
18
25
28
6
11
27
28
38
33
41
52
66
53
62
70
88
84
87
89
82
86
101
115
106
114
111
114
109
111
99
105
116
114
119
106
93
112
106
102
109
105
127
114
106
104
115
114
131
113
115
124
117
103
97
112
105
100
94
75
98
88
85
95
88
96
92
98
105
99
82
103
96
109
104
111
105
114
117
126
111
125
109
117
103
114
105
118
109
118
112
116
106
121
117
113
123
82
58
34
95
78
25
105
67
46
7
6
7
3
3
4
15
7
19
22
63
49
56
51
59
59
50
41
28
15
60
60
54
49
4
18
16
34
26
47
33
45
61
65
64
81
64
68
85
83
104
112
104
100
110
110
98
108
108
90
107
104
94
106
98
103
109
113
98
110
104
98
108
108
94
107
98
106
98
100
93
110
108
110
114
102
112
103
112
86
113
94
100
94
98
88
77
70
107
98
116
107
116
109
122
108
111
122
120
96
117
112
104
99
112
109
96
108
97
116
99
110
103
99
109
110
103
100
109
107
95
98
108
111
107
112
105
104
114
115
113
119
116
118
105
118
105
120
117
118
103
115
109
113
115
115
105
112
100
103
110
109
107
108
106
90
106
89
96
94
101
92
111
98
113
97
97
100
87
104
97
93
95
105
101
104
90
90
97
105
95
113
106
105
112
125
123
126
111
113
112
125
116
131
94
104
55
70
44
38
119
60
81
4
19
19
25
14
37
42
39
29
42
31
25
42
48
68
78
64
70
77
88
82
93
84
79
81
63
99
110
113
98
109
101
99
47
66
35
75
25
63
75
29
111
5
7
21
18
23
23
23
25
39
38
35
49
56
27
36
39
33
59
58
66
75
73
66
73
79
82
85
73
110
103
115
111
121
107
113
101
124
103
111
106
95
92
88
96
106
112
116
106
113
109
108
119
110
98
83
96
90
102
95
103
79
99
91
98
90
100
83
64
88
47
65
58
90
40
38
92
91
93
92
78
72
94
94
92
109
110
107
102
94
80
105
93
98
105
97
97
114
104
99
97
102
89
102
94
104
99
93
104
101
102
93
96
108
94
100
92
98
87
103
55
78
100
46
82
68
59
92
85
88
92
47
46
87
75
87
86
85
95
90
83
94
95
113
102
96
106
84
106
92
94
112
103
116
104
117
111
125
113
134
126
118
132
125
118
130
112
122
122
113
2466
2463
2465
2454
2461
2442
77
53
36
49
2432
40
2452
2423
3
6
2
4
15
3
5
18
6
4
7
22
9
20
24
44
51
51
60
77
64
82
79
93
74
76
95
93
106
109
108
95
99
94
107
93
104
87
62
54
43
91
34
59
23
74
5
3
2
2
9
7
15
18
9
41
38
42
32
6
24
22
35
34
17
19
18
12
7
7
5
28
29
32
36
48
45
55
58
60
12
38
56
17
22
41
28
5
5
6
4
5
3
5
5
5
3
9
19
17
8
19
10
42
18
20
16
33
44
41
29
61
52
53
32
40
83
93
93
118
111
109
107
104
98
100
102
79
100
109
98
114
58
51
87
79
48
51
209
199
193
212
188
187
181
207
207
227
112
105
114
102
89
108
113
94
115
118
127
97
59
128
73
35
65
127
66
110
49
27
7
5
3
6
19
9
16
22
6
16
28
24
40
62
51
57
71
73
76
74
88
88
89
92
48
60
66
107
36
88
88
79
50
65
28
60
55
3
2
3
5
3
5
4
14
22
17
19
38
37
28
28
35
33
31
60
68
62
77
70
73
91
34
77
87
48
75
78
24
21
45
62
3
14
24
17
23
16
28
36
30
40
38
35
45
46
48
61
59
67
79
82
73
123
113
131
127
140
133
133
143
145
137
111
102
101
108
107
100
99
111
106
90
110
102
118
111
101
112
97
115
99
113
101
105
95
105
90
103
76
87
102
97
90
99
97
100
102
94
115
115
107
113
105
105
112
111
108
111
114
101
111
90
112
104
99
116
99
111
110
98
113
98
101
95
99
107
106
103
100
106
106
90
104
105
84
93
117
103
115
113
98
85
85
99
90
91
91
101
92
92
104
104
97
97
104
101
89
106
100
100
109
110
99
69
91
26
47
105
82
37
108
54
93
74
89
43
54
54
70
71
85
84
63
58
95
32
76
44
47
87
78
75
63
45
52
52
69
78
78
94
95
103
95
96
95
107
72
86
81
85
87
93
91
80
87
95
87
112
104
98
98
111
83
70
110
60
99
97
44
48
