12
83
83
151
122
7
160
159
160
206
196
217
152
143
96
102
96
101
131
129
143
129
143
135
154
143
125
146
101
89
117
87
143
128
101
112
139
152
160
148
167
159
165
153
163
141
141
140
129
104
110
117
119
114
121
112
94
115
105
82
106
96
104
102
105
93
109
107
122
112
96
107
102
83
107
132
128
136
127
127
148
140
145
93
111
116
106
110
102
117
113
108
112
119
120
118
128
119
109
121
96
112
118
104
95
112
98
91
103
93
93
100
88
103
96
98
96
98
95
102
110
108
94
93
91
101
98
97
89
81
111
99
54
95
81
67
62
88
100
88
86
102
74
88
94
111
110
121
112
125
114
123
119
124
116
123
113
118
109
123
115
121
114
108
119
123
119
131
129
108
121
117
115
113
101
106
99
101
88
95
80
84
91
65
78
82
65
84
74
90
69
77
94
92
81
96
79
99
91
98
81
86
92
98
99
96
86
96
99
102
96
99
104
107
98
111
98
101
101
107
115
103
105
116
111
104
118
104
106
87
108
95
105
106
95
98
92
110
98
111
109
120
112
123
121
127
129
134
126
133
124
128
118
124
121
122
113
95
117
92
109
110
123
122
116
123
94
25
59
50
98
65
102
37
116
4
19
25
27
35
17
24
13
14
4
5
3
4
5
6
3
3
14
15
22
17
21
14
14
29
41
38
41
50
49
62
53
75
65
49
66
69
76
71
87
87
106
101
119
109
129
119
130
127
112
124
114
77
92
121
97
106
93
103
92
90
106
99
82
97
97
86
79
91
87
93
78
92
84
100
92
110
92
96
95
102
89
87
98
97
83
88
76
94
95
90
86
95
90
98
84
84
89
86
93
82
102
90
105
98
119
89
99
117
110
117
99
92
110
89
102
100
91
89
102
104
99
112
100
103
111
116
110
109
99
98
106
95
101
101
90
101
95
104
95
103
102
104
107
101
103
104
94
95
106
116
109
119
110
109
119
97
105
117
115
94
106
93
102
93
94
107
94
106
104
101
104
102
104
103
93
83
104
95
102
110
92
97
89
107
93
93
88
96
88
94
78
92
95
82
89
96
89
97
85
80
90
76
85
4654
4656
4641
4623
37
4628
4624
38
4644
4624
4
13
33
45
45
59
60
70
67
67
86
95
80
94
100
94
101
92
88
89
61
50
81
101
43
74
91
34
95
93
66
69
88
71
68
84
63
83
25
26
77
55
37
79
78
95
80
98
62
3282
3296
3298
3298
3305
3322
3324
3315
3305
204
53
51
40
46
46
7
19
5
8
20
10
16
48
3
3
3
17
14
14
18
9
26
6
4
3
4
16
18
5
8
8
7
11
21
20
17
25
21
5
18
25
41
38
41
63
61
70
70
83
77
91
86
96
88
82
93
96
85
97
87
100
92
100
94
105
107
95
105
71
83
102
96
78
98
84
91
78
81
85
78
67
90
84
99
89
96
102
107
98
99
98
109
103
109
102
112
94
73
56
60
101
24
79
36
42
4
3
16
21
27
45
19
36
29
37
19
16
24
39
17
14
22
33
37
62
60
71
64
74
80
91
78
102
102
116
103
121
118
121
111
121
114
110
118
102
116
114
103
109
103
108
99
89
90
106
107
97
106
101
111
109
92
90
100
94
100
88
82
95
77
97
90
81
99
99
112
112
108
115
108
112
99
84
96
86
91
79
90
95
82
93
86
99
99
103
112
108
102
89
106
91
94
111
99
111
100
110
99
99
108
100
113
100
97
114
116
111
109
94
99
76
104
125
115
110
130
118
112
123
103
110
114
101
99
102
92
103
95
100
99
94
101
92
102
95
101
96
103
99
105
100
111
104
111
106
112
119
108
121
95
118
108
99
113
92
108
90
108
98
90
89
88
106
98
103
105
104
93
93
86
89
89
103
88
95
99
90
101
100
108
101
98
101
91
102
90
100
99
89
101
90
99
92
98
90
97
99
100
81
92
88
88
81
99
101
56
88
67
71
48
85
98
82
100
91
95
83
76
88
90
105
48
75
64
15
84
100
23
31
37
62
10
13
9
15
8
38
7
49
44
62
54
72
72
100
100
122
121
133
124
125
123
107
126
117
108
108
93
82
103
96
103
92
102
93
98
88
93
84
92
98
101
88
98
85
108
109
122
120
104
112
94
114
100
99
122
84
106
68
88
48
29
38
81
99
46
3
4
22
30
34
28
14
19
32
25
24
33
39
42
40
20
45
43
35
26
15
48
5
18
25
32
53
52
61
68
76
77
78
76
87
87
30
42
33
60
78
72
52
21
5
15
11
24
14
11
8
12
9
13
16
29
13
8
22
36
34
14
25
16
19
26
26
39
37
61
56
74
73
87
82
98
87
105
97
109
105
120
107
106
113
113
110
114
107
113
105
112
101
114
112
112
106
115
107
118
111
118
112
108
119
121
96
111
115
103
117
103
111
103
102
112
102
102
104
113
88
101
109
103
97
106
98
105
99
99
112
102
103
110
86
107
71
100
74
116
101
78
88
101
98
81
69
99
90
103
98
106
105
101
95
101
83
100
98
101
93
86
97
97
86
113
103
118
108
120
109
121
111
124
112
108
92
91
103
100
89
101
93
100
98
98
87
97
89
103
99
93
104
101
105
107
92
100
95
106
98
104
95
90
100
100
102
103
99
86
102
95
100
96
102
92
105
103
97
82
72
106
101
95
106
105
111
101
78
85
109
90
113
101
107
77
66
82
97
95
93
45
63
58
68
76
77
97
98
100
98
115
89
86
109
109
104
98
122
103
118
81
101
104
97
97
90
101
120
111
102
111
110
122
111
106
125
113
102
110
98
97
110
88
100
99
99
91
81
91
85
85
103
94
104
93
99
106
85
113
106
102
91
96
90
97
91
100
101
95
79
85
95
89
95
89
78
92
100
103
86
102
96
97
103
106
100
84
96
85
81
93
87
110
101
112
112
112
117
115
133
58
80
40
112
33
18
72
115
49
4
7
24
35
40
42
40
44
38
48
59
58
53
78
76
66
61
53
50
52
70
75
50
100
113
93
85
112
69
90
83
82
101
102
88
96
104
96
109
67
94
83
63
35
76
101
95
42
3
5
5
3
16
4
5
17
3
35
43
43
31
33
15
19
28
3
13
14
23
24
45
35
65
55
40
63
43
44
42
53
90
90
104
97
110
117
113
127
94
109
93
104
90
107
110
110
105
112
97
110
102
119
102
111
103
75
86
100
67
107
100
94
109
97
93
106
83
80
101
102
100
112
113
109
111
114
116
84
97
110
78
1007
997
990
973
1001
1041
488
442
426
1058
120
171
203
90
152
92
170
103
173
89
94
8
18
25
21
21
6
26
8
43
7
52
48
35
41
40
77
85
92
105
98
119
126
127
102
155
116
153
155
159
166
153
133
233
233
209
233
172
212
199
189
1185
1196
1077
1086
1093
1096
1085
1086
42
1087
43
1063
62
40
41
3
5
5
19
19
16
16
45
53
55
44
62
63
55
79
79
96
92
106
99
97
99
90
107
90
104
87
96
84
88
96
93
96
91
100
88
90
101
100
81
53
50
78
39
91
56
67
36
4
10
24
17
7
30
24
35
9
26
11
3
3
5
10
26
33
31
35
34
42
5630
5636
5684
5695
5692
5700
5695
5703
5704
151
133
100
96
91
103
94
105
89
99
93
93
66
99
98
64
84
81
94
99
85
102
87
95
93
90
89
97
92
89
91
89
83
97
96
86
99
91
87
72
84
88
87
82
91
80
75
63
71
98
79
80
106
100
99
117
106
123
131
128
92
109
130
85
99
106
123
108
113
99
115
104
98
117
117
138
99
124
114
35
33
73
80
88
61
4
66
21
20
36
30
34
58
50
48
66
61
70
69
87
86
88
116
111
129
100
106
103
106
115
113
115
98
110
96
100
106
100
111
95
85
104
91
104
98
101
90
84
100
78
85
62
72
104
87
87
76
85
69
93
67
67
86
86
98
84
92
76
82
101
96
108
108
106
112
102
105
112
109
114
102
116
85
100
106
119
104
116
115
118
111
115
124
96
114
124
113
105
101
96
113
102
92
98
96
93
114
100
108
115
95
113
119
108
125
111
118
107
100
115
131
123
130
115
126
113
127
120
124
132
92
113
99
112
105
104
119
108
115
101
96
98
117
119
111
104
125
111
130
115
109
118
114
133
105
129
109
125
108
104
110
98
110
113
114
113
111
107
86
95
121
104
113
101
114
101
118
107
111
102
111
102
104
113
108
94
110
111
114
101
118
107
116
114
119
101
106
116
116
100
110
98
114
111
118
110
115
103
119
113
121
107
121
114
119
107
121
113
110
113
117
103
102
92
100
113
112
106
120
104
115
105
116
114
122
115
106
89
114
109
101
111
104
109
116
111
125
110
108
123
121
105
99
118
107
118
115
120
109
115
116
137
112
119
110
119
111
113
117
96
124
106
123
110
122
109
90
108
96
126
75
88
103
64
112
67
111
90
77
64
66
94
89
77
118
116
123
87
109
136
127
152
118
119
134
141
149
146
139
106
98
96
86
83
64
42
27
28
16
23
29
81
65
89
61
45
42
14
35
17
38
28
15
12
85
11
10
11
10
3
11
9
32
34
57
46
45
58
59
63
84
76
77
85
79
74
77
104
97
105
105
209
201
213
221
213
214
206
238
216
130
137
116
99
38
86
57
30
63
68
19
135
24
24
38
65
86
71
73
75
80
89
87
79
94
78
97
130
121
57
90
116
80
77
116
107
131
115
132
136
125
148
118
91
98
116
116
124
134
131
129
133
121
135
133
141
143
148
119
131
127
120
139
123
137
121
131
121
113
115
100
125
113
116
101
96
104
92
116
111
108
105
118
134
133
97
126
98
125
87
132
134
130
113
124
114
117
117
122
102
138
48
96
70
78
72
79
87
60
74
43
59
65
69
66
61
54
46
65
60
67
37
52
34
53
77
77
92
93
93
96
119
104
118
109
71
90
108
97
88
97
105
87
88
88
111
103
109
114
112
102
104
111
96
102
89
91
87
66
64
41
73
66
61
52
59
40
32
58
31
71
71
71
66
86
77
80
75
77
87
75
83
66
66
70
104
115
79
106
103
114
142
142
124
157
104
121
103
121
123
123
133
144
120
96
96
140
126
45
89
139
46
124
107
100
93
79
52
64
6
12
9
11
12
7
42
38
63
62
76
75
91
90
93
91
108
108
129
122
130
136
125
126
113
102
107
143
132
87
57
121
77
27
114
37
9
5
6
4
8
31
11
30
9
27
5
31
10
7
13
22
24
49
51
43
55
54
75
67
89
82
101
102
126
125
138
124
133
118
127
113
126
113
126
119
126
110
122
111
126
134
130
122
131
123
156
148
158
151
150
140
144
117
136
133
110
103
105
84
101
93
86
101
108
94
88
100
98
81
74
99
99
91
116
87
84
99
97
89
100
90
78
94
102
106
100
118
103
104
114
112
113
111
102
112
89
96
82
104
87
103
89
96
95
78
88
99
96
70
84
83
88
80
88
77
98
83
83
83
97
98
97
90
106
98
100
94
99
87
92
103
103
90
88
103
86
98
91
97
90
89
102
95
102
90
19
30
37
59
91
55
71
100
3
2
15
4
19
8
12
8
11
42
55
53
41
55
54
54
40
54
54
46
54
72
79
79
62
43
50
43
42
63
74
85
94
99
74
54
63
62
79
87
87
102
98
79
96
95
100
75
57
41
90
86
26
52
62
42
3
3
5
24
36
30
40
55
58
58
52
48
83
70
74
88
87
101
101
112
88
116
96
103
97
82
102
89
91
107
90
99
78
104
90
87
102
99
88
96
91
101
98
103
93
105
96
104
98
95
84
105
98
92
78
102
89
100
93
101
105
98
104
82
96
85
87
96
103
91
101
78
96
85
82
102
100
90
98
99
85
100
91
92
97
99
94
78
106
111
105
100
110
85
111
120
108
101
107
90
87
99
107
95
100
101
112
109
112
90
107
107
111
118
116
114
104
119
120
117
123
115
114
123
124
108
113
124
117
115
112
107
114
113
101
120
106
116
108
121
113
120
109
123
111
117
110
93
103
90
111
69
105
93
107
95
116
99
98
97
110
97
111
132
111
115
124
113
129
112
121
108
97
109
102
114
119
107
112
120
121
119
130
129
131
106
119
117
121
109
111
119
112
109
113
105
91
118
98
112
99
117
102
120
105
122
112
121
114
119
121
123
122
123
113
110
116
115
110
109
94
107
104
104
106
98
104
98
100
95
107
109
101
109
98
98
108
108
103
103
112
105
98
98
109
99
109
103
92
107
98
110
96
110
100
95
104
110
108
100
89
113
97
119
113
119
104
120
113
125
113
98
127
99
102
111
100
98
111
98
101
66
74
78
108
95
91
96
98
88
73
96
93
93
111
106
106
117
99
113
111
104
93
113
103
100
112
99
90
108
107
98
85
95
90
99
100
117
103
102
114
111
119
119
131
110
126
124
125
116
122
115
116
122
122
112
116
108
114
107
116
106
112
123
117
117
107
113
110
103
15
105
74
114
51
85
30
61
40
3
4
20
27
17
21
47
44
57
42
60
61
83
83
103
103
101
113
102
114
112
88
96
113
95
102
110
105
102
121
116
114
121
122
115
115
119
111
108
125
100
94
115
101
115
105
113
106
109
105
100
122
79
87
95
73
118
88
76
88
108
99
111
107
125
129
124
127
143
119
121
120
103
89
125
119
132
120
133
120
120
133
108
120
112
109
123
116
106
105
94
103
110
96
104
99
53
30
49
66
80
33
96
101
71
94
4
4
9
24
19
36
53
51
55
49
68
62
67
86
88
88
99
94
99
86
87
103
84
93
75
100
107
93
112
105
111
107
109
115
96
83
111
110
100
97
104
86
97
109
102
100
93
104
103
112
93
109
102
116
100
111
104
116
107
106
112
110
100
111
105
113
102
106
95
110
103
122
110
106
115
108
125
110
120
108
115
100
117
102
114
107
114
113
118
105
115
113
121
114
120
108
119
110
115
111
118
106
114
112
112
99
110
97
110
97
106
91
103
90
104
92
110
108
106
111
112
103
100
113
112
97
87
110
109
100
109
95
104
94
98
75
90
88
100
89
99
99
94
103
116
105
120
125
111
115
108
116
110
118
103
115
102
109
121
107
116
109
111
118
125
112
112
124
119
109
119
112
117
115
104
117
118
116
116
107
115
111
118
104
105
114
114
96
90
112
107
99
105
96
108
98
102
99
112
109
117
106
111
119
120
112
115
101
104
112
109
102
104
100
84
78
96
108
94
111
96
108
81
92
94
102
119
109
102
108
99
109
94
110
102
95
112
106
101
112
107
119
104
104
112
96
105
109
99
98
108
114
112
111
116
109
124
106
113
105
112
110
115
95
88
79
73
67
57
53
43
43
101
96
5
16
12
19
21
26
30
48
46
47
71
70
74
86
85
100
103
101
118
119
111
102
116
112
104
111
92
116
72
94
100
45
79
21
113
60
39
3
1
15
3
16
18
40
43
42
54
63
53
76
76
90
89
90
87
101
93
80
94
90
107
98
115
99
111
99
110
103
114
105
110
84
95
109
104
122
106
117
106
109
97
105
95
103
94
103
109
97
104
91
119
97
113
109
672
672
655
647
632
632
631
628
607
37
10
487
490
487
486
494
488
491
496
493
496
8
23
23
19
24
22
15
30
23
32
20
24
18
8
11
10
25
23
25
7
8
19
14
18
26
23
14
11
5
4
16
14
31
10
26
23
33
17
13
21
32
4
9
21
31
26
35
36
68
59
54
87
89
84
64
85
89
131
131
139
123
108
122
121
143
136
117
152
124
127
140
124
148
134
115
124
121
118
113
104
120
110
110
100
107
115
121
113
126
117
144
130
71
130
113
132
106
57
32
80
10
14
24
34
48
48
50
49
51
69
75
77
101
99
142
142
140
137
140
129
125
133
137
100
104
112
109
109
98
113
109
137
128
129
120
141
113
101
130
143
117
110
114
107
92
133
126
162
159
141
143
153
171
157
167
161
131
147
156
190
184
183
97
130
121
136
154
112
113
118
101
119
115
114
69
138
135
86
103
110
138
128
92
100
40
41
79
40
64
40
89
96
98
95
101
114
79
92
91
98
112
112
107
96
119
108
109
122
114
115
123
117
104
94
103
116
121
103
117
106
111
122
100
91
108
107
102
102
98
148
144
153
144
289
286
290
272
271
253
246
245
250
98
109
92
88
85
88
70
80
93
91
96
100
87
99
106
103
105
110
109
112
90
110
98
83
68
58
53
91
23
41
73
3
15
11
15
6
17
13
4
14
22
30
29
33
44
40
41
56
52
29
26
3
35
27
32
47
41
64
63
81
90
87
67
80
98
81
82
100
98
98
98
97
105
79
94
100
94
106
103
85
95
106
91
107
98
108
97
103
95
91
110
100
89
99
88
95
97
102
73
69
51
86
30
88
57
90
40
7
16
17
21
15
50
44
49
45
56
55
71
67
53
90
85
89
98
86
101
99
112
102
88
105
93
88
91
88
88
93
106
84
93
103
91
98
106
104
76
95
94
90
95
94
97
80
91
95
87
103
96
106
88
94
89
93
87
95
97
96
96
92
98
92
96
78
93
99
96
99
128
109
125
124
119
137
125
121
122
133
105
93
103
97
105
93
78
85
96
106
93
98
92
93
96
99
97
99
85
90
77
73
67
70
76
83
95
83
105
91
98
97
86
100
49
43
50
64
36
86
103
71
96
75
71
65
78
79
76
91
99
92
89
92
87
74
93
95
101
90
97
103
87
104
114
106
106
95
105
98
100
75
83
84
84
102
92
95
91
93
90
97
102
90
86
91
97
87
105
92
74
94
102
91
103
96
108
97
101
116
117
116
110
103
102
114
116
113
117
106
114
107
115
111
120
99
105
99
102
99
109
107
110
103
103
101
101
105
115
117
106
111
108
103
114
113
122
99
106
109
110
101
100
106
85
96
89
105
89
96
101
96
106
104
121
105
117
105
115
105
108
115
114
100
107
115
106
111
115
116
104
113
110
95
107
105
103
106
101
93
99
98
100
98
101
96
80
101
91
97
89
82
90
78
94
90
102
104
84
103
110
108
107
103
120
110
108
91
116
108
116
108
103
118
114
105
113
89
111
77
105
97
95
105
99
102
102
99
93
92
107
97
19475
19515
19506
19534
19549
19544
19556
19565
19557
204
198
221
190
199
187
202
194
217
211
156
216
230
216
226
225
218
160
215
185
185
170
124
119
118
128
116
119
114
124
112
130
128
139
135
131
138
137
123
139
128
115
100
105
102
107
105
100
87
104
108
143
149
159
157
152
162
162
171
145
143
82
99
85
97
93
78
91
80
85
85
97
85
104
104
105
116
101
104
99
105
109
111
109
98
117
104
109
103
102
104
100
107
94
100
95
101
94
87
96
106
88
105
94
105
84
103
97
93
108
106
110
115
106
115
108
114
107
104
117
114
100
103
83
77
100
96
99
87
104
87
99
88
85
86
106
106
112
110
105
106
115
125
122
120
123
115
103
101
114
63
99
103
110
116
103
118
106
109
109
91
124
126
119
100
108
100
117
99
117
100
117
99
110
102
110
108
115
113
104
110
106
97
102
96
105
114
90
104
92
93
98
74
97
92
80
98
85
101
89
100
89
90
107
95
121
98
103
106
94
87
107
114
106
105
120
116
108
117
97
111
106
114
107
113
105
104
116
113
109
104
92
105
99
105
93
102
99
107
103
110
94
108
95
96
104
94
102
84
91
106
99
107
103
102
109
111
109
121
111
111
105
118
112
117
109
119
108
124
116
124
117
108
117
96
117
104
118
104
108
100
100
115
95
113
121
118
116
120
110
122
120
115
112
114
82
68
98
82
1357
1353
1367
1360
1376
1362
1410
138
159
131
109
159
120
25
148
85
37
99
6
5
13
12
22
56
48
66
65
82
73
99
99
116
88
103
111
94
87
113
107
104
95
101
90
103
78
92
81
90
109
99
119
106
125
112
125
120
132
124
131
123
125
118
125
132
121
135
118
126
113
117
111
146
133
141
127
142
135
150
147
154
154
119
132
135
121
136
128
132
131
131
118
131
112
125
116
123
107
121
113
121
105
123
110
123
116
127
119
130
123
133
118
114
126
136
123
135
126
128
120
127
120
128
125
118
108
116
107
112
121
119
115
114
121
121
114
120
112
119
116
98
111
118
113
102
119
102
111
105
120
101
119
117
105
92
113
108
94
110
93
104
89
100
94
112
112
119
109
127
138
123
137
124
123
113
115
128
119
129
115
100
57
47
97
101
125
89
112
37
67
6
6
37
18
16
26
37
22
12
13
35
34
64
61
79
77
101
101
121
118
122
131
102
123
113
134
118
132
115
120
112
128
119
130
112
115
111
122
110
120
114
120
108
122
115
113
120
96
104
83
115
118
114
121
107
109
118
118
115
108
109
103
96
78
133
122
84
123
116
120
99
91
89
115
104
118
114
115
93
123
88
117
119
116
107
114
107
103
111
116
98
80
109
98
90
97
87
94
82
96
95
101
90
91
78
110
114
114
100
110
102
91
114
109
130
106
117
104
125
112
128
116
117
108
102
94
115
112
113
101
119
106
109
123
121
115
135
116
122
114
105
120
118
106
71
91
114
36
51
30
88
107
63
82
69
48
39
41
65
65
76
79
77
97
94
102
83
93
100
99
109
104
114
82
97
29
27
71
64
55
95
43
45
5
3
11
10
11
16
36
39
30
46
46
60
64
62
74
83
81
101
71
67
77
66
107
88
79
98
101
98
104
120
120
139
131
109
119
88
127
96
77
89
99
82
95
100
103
92
101
96
106
109
104
80
111
93
83
87
82
91
84
100
98
100
107
111
123
121
110
124
119
114
122
103
122
112
102
114
106
118
107
111
122
118
117
114
92
106
110
98
109
95
98
101
100
95
86
103
104
96
101
76
84
66
45
60
91
34
24
54
7
6
4
29
31
28
49
43
38
52
53
71
55
81
80
100
100
105
114
124
101
115
103
111
108
111
103
117
108
117
115
119
117
117
102
110
97
111
114
95
89
103
92
107
110
107
109
98
110
104
111
116
105
113
104
111
103
110
108
101
104
107
95
108
85
102
90
100
90
88
101
105
89
107
106
111
104
113
101
88
109
111
113
97
90
103
97
99
96
99
91
103
96
89
95
87
89
97
92
108
105
84
103
99
92
93
103
103
92
97
97
99
97
79
93
92
93
83
92
91
78
88
78
94
92
78
89
94
80
97
72
96
82
81
95
87
78
85
90
83
85
100
97
110
109
104
93
88
89
100
104
97
107
93
97
112
117
108
124
112
114
104
116
108
113
111
109
111
111
104
113
107
110
113
115
108
110
82
92
113
105
119
103
113
102
117
106
117
95
113
114
114
109
127
120
121
128
128
122
134
135
123
107
114
124
110
118
109
105
94
95
111
84
102
97
89
93
109
97
112
110
104
113
115
102
85
96
117
108
114
106
113
101
92
105
81
82
106
97
102
104
91
104
96
87
97
97
94
95
105
93
96
103
102
88
43
85
53
23
35
55
62
4
3
17
20
20
52
51
58
57
66
63
80
91
91
108
114
103
131
137
126
141
140
120
128
140
126
120
105
109
101
120
104
121
107
100
105
84
88
99
104
104
108
110
103
114
107
113
85
101
99
109
99
108
101
110
89
97
107
96
101
114
109
102
111
96
113
100
107
100
109
101
112
108
95
104
100
110
105
92
111
104
106
96
108
102
115
101
98
98
108
109
89
100
103
111
88
96
107
115
87
99
109
92
106
104
102
110
92
42
61
28
27
62
86
70
70
12
23
26
11
20
29
9
13
10
13
27
58
55
78
66
80
77
89
87
107
108
119
116
115
103
117
119
108
116
102
115
104
97
112
110
97
110
109
102
94
106
108
102
105
101
108
102
117
103
119
101
120
75
93
96
110
98
91
101
110
100
119
105
102
98
97
118
116
103
43
123
30
83
15
22
59
70
57
100
5
4
13
9
14
9
20
21
30
15
16
20
12
23
22
46
46
65
65
74
76
79
90
89
111
104
109
102
103
103
102
102
79
96
89
100
39
98
59
37
29
78
89
18
105
69
5
7
5
3
2
18
8
8
5
13
10
11
36
36
41
38
36
36
57
79
65
81
55
66
66
68
87
88
106
98
99
109
104
95
103
101
84
95
98
94
92
90
81
93
86
96
80
94
96
83
101
91
86
97
92
86
97
94
105
98
104
97
108
95
108
102
98
106
103
92
104
98
100
97
91
94
86
73
94
85
78
79
91
90
80
94
88
95
78
86
95
80
95
89
99
86
70
51
79
89
96
89
77
88
88
104
82
91
92
109
117
111
130
100
110
83
74
89
122
107
97
114
106
86
105
110
108
113
111
106
105
97
119
116
97
95
94
107
105
111
109
104
101
102
104
100
108
104
94
113
106
115
104
113
111
104
111
127
121
106
110
98
100
87
113
103
96
102
92
99
93
98
96
104
105
108
103
111
99
101
114
109
112
113
103
114
102
105
114
109
101
107
102
106
96
106
94
104
85
93
93
109
78
90
103
94
101
92
80
52
67
74
62
119
102
111
113
114
110
92
96
87
88
106
101
90
105
100
111
97
109
112
100
102
99
102
96
113
97
102
102
108
89
100
109
102
116
103
107
101
120
105
117
110
117
107
118
109
105
120
108
111
105
115
103
102
95
112
92
107
95
99
111
92
98
110
114
106
123
107
106
102
67
95
110
76
67
101
98
96
101
89
99
97
118
117
99
103
114
101
94
110
106
115
103
107
110
100
111
96
113
93
86
69
61
38
75
106
34
47
8
6
21
21
34
35
58
50
63
51
67
69
73
75
81
88
71
99
91
97
95
93
97
74
102
75
92
87
91
92
105
97
87
89
108
99
119
96
93
124
114
101
120
102
117
108
114
104
122
107
120
106
117
114
112
100
105
99
97
86
90
78
84
76
73
77
63
80
70
63
74
71
58
59
63
56
58
64
54
67
60
63
64
62
58
68
66
76
71
71
88
79
84
86
100
85
88
77
64
64
64
63
75
65
64
61
68
66
65
68
80
71
59
76
71
65
80
79
78
71
70
64
72
71
61
62
60
66
62
66
56
68
60
462
454
472
468
607
608
603
601
176
163
198
190
607
613
12
10
9
6
2
25
8
15
26
16
34
30
19
5
10
26
38
70
69
66
80
70
75
79
72
72
90
101
93
69
99
91
92
87
105
104
118
119
115
97
117
121
128
123
112
45
58
70
95
31
117
78
133
107
33
23
24
21
74
21
21
28
50
24
7
19
20
21
46
53
56
65
82
56
50
57
47
70
24
22
73
60
24
94
26
71
8
92
5
10
8
10
14
4
26
16
25
24
37
56
68
82
69
57
73
70
71
93
92
116
106
100
113
119
86
58
117
111
49
72
105
111
80
66
45
40
43
46
49
53
91
6
8
10
9
64
75
77
100
78
87
85
83
116
111
129
131
123
118
106
85
87
77
66
62
53
138
18
16
13
16
25
27
37
25
61
55
49
56
16
36
16
12
14
49
45
30
18
3
8
18
29
14
30
40
40
32
42
33
35
66
58
61
72
78
84
79
95
93
92
113
113
103
124
114
120
115
123
126
135
126
115
121
113
89
97
98
92
94
106
79
34
63
49
97
64
106
58
93
21
11
8
9
11
7
26
27
28
5
7
18
3
17
30
50
37
41
43
45
50
73
72
74
96
89
96
78
77
90
101
95
117
101
99
113
108
108
88
82
105
91
107
87
78
99
91
88
80
62
70
91
84
74
89
72
83
89
85
96
76
76
93
86
93
62
17
35
84
86
70
30
51
46
5
19
38
44
35
59
59
70
67
67
89
90
104
97
98
84
92
102
99
87
91
100
94
101
103
100
100
95
103
95
99
99
101
111
109
97
100
107
101
95
97
90
96
85
97
94
98
99
102
99
105
99
103
96
102
100
100
94
99
92
96
90
96
89
94
99
97
87
80
78
96
85
90
83
85
75
76
78
70
88
85
89
84
93
87
90
85
100
91
104
94
97
91
94
89
98
92
97
91
96
100
96
101
102
95
95
84
76
97
97
88
98
94
91
102
109
102
112
104
98
79
85
89
96
84
93
78
85
84
96
95
92
88
94
88
95
101
83
63
85
90
90
85
90
87
87
72
59
81
81
105
96
99
110
111
101
107
114
116
108
104
110
109
112
75
100
110
70
88
101
89
93
86
95
86
96
78
77
90
97
86
96
84
85
95
86
99
89
89
94
84
96
99
101
92
100
106
109
108
93
103
94
92
115
109
116
114
117
110
113
122
91
113
87
77
122
69
100
86
99
103
89
108
101
106
112
98
106
99
102
94
98
85
98
90
68
62
47
79
49
59
86
98
27
22
4
3
4
5
9
8
8
4
9
11
6
24
36
15
5
2
20
27
9
16
41
38
38
58
50
58
67
61
64
53
89
89
90
106
98
96
86
88
107
93
106
90
101
83
95
104
101
91
103
100
91
100
94
111
92
104
88
104
90
102
95
120
112
116
117
125
124
121
109
117
115
104
93
113
112
103
105
105
124
104
112
98
108
108
97
99
103
107
97
103
86
98
103
92
82
98
95
99
97
98
93
106
92
78
92
93
80
85
91
85
81
87
93
92
97
104
114
100
114
108
114
100
120
106
121
122
99
112
110
104
105
112
110
98
113
116
107
113
104
101
108
112
74
103
93
100
80
101
111
98
108
95
113
110
104
82
100
101
75
68
24
41
51
89
27
68
48
13
29
40
42
46
19
32
45
22
32
33
3
27
40
37
52
51
60
65
53
55
51
66
20335
20299
26
29
27
20318
20322
20309
28
28
5
19
20
78
72
90
88
84
106
86
86
84
103
102
107
100
118
100
115
108
116
114
95
111
106
115
104
134
114
126
114
114
117
110
107
122
84
103
84
74
77
76
72
76
66
78
61
76
98
93
102
99
105
85
95
106
104
95
106
102
98
101
109
108
116
119
140
135
143
129
147
135
97
143
108
108
116
94
117
101
116
115
125
114
122
102
117
106
89
74
96
102
97
104
108
96
101
110
86
106
100
99
95
110
93
105
83
102
93
103
96
97
105
108
92
87
102
106
108
93
101
89
108
99
117
96
100
95
108
106
116
112
116
113
121
108
126
102
118
111
120
122
121
112
119
111
117
114
122
110
108
107
112
117
96
110
95
110
99
101
106
105
106
118
101
93
115
102
97
101
97
111
103
109
107
112
99
70
99
55
114
49
66
31
32
108
91
5
4
4
12
4
3
5
23
37
51
38
69
56
52
47
66
69
58
88
88
111
110
108
118
110
126
98
66
113
72
105
52
77
28
29
6
53
4
3
14
12
28
28
46
31
50
44
25
24
19
10
20
19
9
17
45
18
8
12
41
43
43
48
54
46
60
60
71
75
79
80
96
96
109
101
101
97
86
76
74
88
94
80
82
73
21
26
80
76
28
62
39
94
74
21
21
45
19
20
73
27
29
5
3
11
21
14
20
18
3
27
22
30
45
61
68
66
66
92
81
83
92
80
103
96
106
100
100
113
110
101
92
107
117
113
111
98
102
112
72
98
90
111
108
104
116
108
113
104
112
105
95
90
104
106
103
97
105
92
101
106
111
104
121
111
114
101
113
95
89
109
100
114
100
112
102
113
97
109
89
74
100
96
96
90
99
72
90
74
68
91
92
101
107
113
103
102
104
114
96
104
109
107
105
91
115
99
96
103
112
90
81
99
91
84
86
99
89
93
98
87
75
95
94
93
103
92
109
108
109
94
98
107
90
97
109
117
104
108
113
103
114
104
112
109
128
103
104
105
109
95
112
104
115
109
96
100
107
100
118
106
100
119
103
120
110
118
121
121
118
98
97
115
102
101
114
117
107
114
108
128
118
175
164
182
192
196
196
215
228
217
229
173
148
157
150
140
131
111
151
130
126
131
117
136
123
136
124
135
107
121
100
125
101
77
117
124
87
103
96
95
112
106
121
128
125
110
127
134
121
135
121
138
136
117
148
143
147
153
140
159
141
157
123
173
165
335
322
328
321
339
316
307
301
268
273
116
96
112
104
103
114
115
83
109
116
105
87
108
102
121
106
113
113
128
95
130
114
102
109
96
106
95
92
102
91
92
92
102
98
101
102
93
104
95
101
92
90
77
100
91
97
94
62
74
79
50
94
96
107
104
112
99
111
70
82
83
90
91
101
90
107
80
96
94
83
108
112
104
96
112
106
109
115
105
108
107
95
94
103
56
80
90
30
26
46
97
70
57
20
4
15
10
5
24
25
20
24
61
73
73
28
72
80
66
67
81
60
66
80
63
83
84
102
96
105
93
109
111
126
127
113
116
103
119
106
117
105
112
103
114
108
117
116
123
111
125
113
128
120
119
106
88
116
103
89
95
97
83
93
89
72
95
91
92
97
99
87
90
93
81
91
85
85
98
87
89
84
92
98
95
95
97
77
46
78
70
14
43
19
84
29
10
51
5
7
6
24
42
32
40
15
27
25
36
36
40
20
34
25
10
7
10
11
15
24
36
52
50
65
64
74
73
82
83
96
88
91
97
78
91
97
109
94
102
95
101
95
104
96
90
102
101
91
98
98
93
91
96
92
87
98
88
94
96
99
115
104
109
117
115
114
103
80
58
75
92
90
87
97
86
95
85
100
96
52
91
86
67
111
80
57
93
98
89
42
42
50
79
91
44
78
66
90
82
81
54
68
67
79
80
88
83
85
85
95
86
98
87
103
102
103
96
89
100
99
86
101
100
94
96
88
77
83
93
96
95
85
108
89
99
100
99
99
91
75
84
92
83
82
94
80
92
79
86
100
91
108
101
103
97
101
100
123
98
108
102
100
111
117
114
115
100
94
92
96
118
105
115
101
109
117
106
130
110
115
93
87
98
101
91
90
90
100
111
95
122
105
120
109
125
115
117
106
106
113
118
106
118
109
113
104
118
115
119
122
123
120
122
115
117
124
116
125
106
98
119
114
116
106
114
112
111
102
111
98
117
106
117
111
121
112
117
108
112
120
118
111
115
107
111
113
119
111
112
102
114
111
115
107
102
112
114
105
97
104
81
116
99
111
101
118
100
111
110
105
111
107
109
122
114
119
114
116
111
117
95
109
86
105
113
98
91
65
50
58
73
112
44
99
84
97
87
72
89
99
81
99
106
106
117
109
116
108
116
104
120
102
107
98
113
100
116
110
115
117
110
114
106
110
101
114
113
114
103
116
112
107
110
104
104
117
103
97
85
102
92
106
95
75
68
82
105
84
105
100
108
101
121
89
109
108
123
111
123
116
133
109
117
100
113
113
103
45
34
98
45
111
27
51
85
67
82
14
15
38
21
35
13
35
41
34
32
6
17
22
46
53
60
58
80
78
85
84
84
75
73
83
75
89
103
53
100
52
77
53
32
44
53
80
44
6
5
8
27
17
16
10
25
15
4
18
31
38
20
24
12
34
18
22
29
15
3
7
3
3
16
2
17
7
26
39
30
27
44
38
55
51
52
59
73
73
77
78
95
95
116
109
99
110
115
121
103
115
109
120
109
107
82
100
86
98
86
94
79
80
80
72
88
97
103
97
103
114
100
117
115
95
129
99
117
107
118
116
131
103
122
109
110
109
120
114
104
115
115
96
105
104
97
105
110
97
105
105
99
111
82
47
40
94
59
67
105
102
93
57
74
71
85
88
88
108
102
106
100
114
103
78
87
94
106
104
97
101
100
100
106
76
80
103
91
95
100
96
101
99
91
93
80
76
103
98
96
105
97
106
92
111
93
108
103
109
102
119
103
111
110
111
114
104
71
87
68
92
70
87
59
75
84
72
94
92
96
105
110
104
92
82
110
102
108
102
85
107
111
104
119
104
107
86
104
108
80
91
95
97
91
99
91
99
92
102
82
84
102
94
102
97
101
113
114
105
112
105
103
102
113
118
102
89
114
122
107
126
112
102
96
120
104
112
102
93
102
89
92
82
91
71
43
89
46
64
36
101
55
79
56
83
39
44
58
44
47
43
42
46
78
85
46
87
72
62
61
81
79
94
94
99
113
97
115
111
108
107
114
115
119
97
101
100
96
107
98
109
111
107
94
106
95
88
106
99
101
105
117
103
111
105
107
106
119
107
111
120
121
112
104
113
111
113
110
116
115
106
113
107
117
110
112
101
109
113
114
100
114
111
107
108
113
73
83
90
103
100
95
104
81
114
92
89
90
109
90
103
114
100
128
135
139
133
145
133
144
133
93
139
119
108
96
101
109
113
104
112
90
104
111
103
116
101
100
108
96
102
89
91
108
102
110
104
110
108
137
101
95
114
100
117
110
97
85
82
65
66
62
46
49
114
121
5
17
22
27
43
49
60
59
67
46
70
28
25
59
52
49
6
4
14
14
15
32
16
28
58
56
75
71
77
69
88
84
102
93
57
27
36
52
72
102
84
71
4
2
3
12
11
28
27
28
34
43
40
50
48
51
71
71
78
79
83
92
94
104
93
94
99
96
93
83
74
70
70
76
79
73
62
62
68
69
69
67
62
63
73
51
59
75
46
72
47
66
57
57
66
65
380
381
383
379
374
367
353
353
392
392
3
4
15
18
35
35
60
33
44
67
56
54
69
57
37
6
10
6
22
13
4
5
4
3
4
11
13
14
7
6
14
15
34
30
27
58
49
74
72
82
76
102
103
135
137
140
128
139
149
141
140
128
116
134
111
101
117
125
112
114
129
117
110
118
110
125
113
75
101
55
17
64
89
40
33
9
18
13
17
13
26
38
53
53
71
79
81
88
91
100
111
109
122
116
136
122
127
132
113
130
129
135
117
128
117
130
116
124
127
122
134
118
115
126
114
122
120
119
109
101
130
136
129
117
121
121
128
118
132
119
137
134
144
141
131
134
142
97
148
133
120
106
118
104
96
102
107
96
74
100
94
96
92
100
96
83
102
110
103
110
119
115
129
117
124
106
115
108
123
109
117
107
112
110
114
119
128
87
70
58
47
44
80
93
119
108
7
22
24
37
34
49
67
43
25
13
59
39
34
66
60
49
40
64
38
63
37
34
45
5
10
6
7
12
26
10
18
17
17
28
8
32
32
40
8
4
20
31
8
32
14
11
20
21
7
6
35
47
35
57
57
70
75
71
77
88
88
96
74
91
80
104
98
97
103
97
94
103
101
108
103
106
99
94
85
101
68
101
80
90
102
82
98
90
102
104
80
97
90
100
98
101
80
81
107
94
105
94
91
109
109
88
109
106
98
110
101
106
83
105
107
101
101
99
91
91
95
102
76
105
104
150
148
151
144
150
159
145
158
154
149
117
108
119
97
93
105
111
108
100
103
96
74
80
85
76
76
70
73
93
88
86
96
95
84
91
84
96
96
90
81
83
93
101
96
80
74
85
74
80
81
58
66
66
59
67
55
63
70
71
65
62
56
55
65
64
69
60
63
59
68
61
64
65
67
63
64
63
68
73
68
83
80
91
83
88
97
100
93
101
99
103
92
106
82
88
100
100
96
88
92
82
82
85
97
96
75
85
90
99
74
91
48
66
89
85
79
98
86
93
75
84
90
82
90
96
88
85
85
88
101
102
89
69
92
96
102
94
105
92
95
89
89
103
81
133
119
129
118
117
109
128
120
105
127
89
103
82
90
97
81
100
85
97
77
89
95
88
93
99
92
86
97
88
87
93
102
96
84
103
94
110
96
93
72
41
24
82
64
100
54
33
84
73
36
35
36
64
63
73
72
75
68
71
72
64
66
58
81
90
99
101
106
105
109
107
115
100
96
102
96
95
98
96
101
99
88
100
105
96
102
91
81
94
102
95
86
71
86
81
92
99
94
100
108
108
108
100
92
101
112
94
85
96
82
94
88
98
101
108
98
108
94
101
107
102
115
100
112
96
99
94
102
94
96
90
97
93
97
96
94
100
103
92
102
101
102
95
102
96
108
94
92
101
106
104
108
103
107
108
87
94
108
95
103
96
97
87
33
48
61
78
41
101
69
81
76
92
85
84
107
86
110
109
109
128
126
121
103
79
124
103
111
99
101
113
89
106
90
108
99
113
90
104
91
105
106
97
105
97
79
92
93
98
101
95
76
100
70
81
89
102
88
104
87
87
104
90
105
95
87
95
96
103
97
89
87
98
94
86
99
105
94
101
104
112
103
108
109
102
105
93
102
91
100
91
99
99
103
103
101
119
101
104
92
108
116
117
107
113
112
107
96
100
102
106
103
95
92
94
87
98
86
88
98
101
88
99
88
98
88
99
87
85
71
91
85
81
93
95
77
82
100
97
105
98
116
103
113
101
102
104
91
113
106
113
101
103
93
100
83
109
102
84
70
73
81
96
60
95
36
66
17
75
49
5
5
13
16
4
2
13
3
24
19
40
29
10
38
11
14
16
31
24
8
7
19
32
34
25
30
42
69
68
85
86
100
99
108
107
105
97
104
103
102
104
112
106
105
96
112
102
100
116
108
107
80
106
84
94
93
99
96
93
97
97
90
104
109
96
99
101
104
104
101
105
97
97
97
108
97
111
104
100
108
104
110
104
105
105
98
101
109
105
115
97
103
67
86
109
53
75
97
85
98
80
66
95
77
83
81
95
89
87
97
72
95
79
98
102
109
98
109
90
97
93
57
69
70
100
89
93
87
104
103
86
78
85
107
96
101
98
104
83
92
21106
21124
21124
21139
21154
21138
21715
716
694
675
656
639
610
609
21716
21716
6
5
3
14
19
25
22
19
33
33
34
44
47
56
66
56
70
52
71
70
80
86
80
107
102
109
99
110
98
102
94
97
95
102
95
101
99
78
96
84
89
83
75
81
0
92
82
94
76
93
88
93
86
101
95
101
97
103
92
102
89
101
87
97
87
113
109
107
118
101
114
121
126
115
84
83
98
119
84
93
100
75
94
86
80
101
93
94
103
84
103
102
102
115
100
108
107
106
127
116
113
97
86
98
104
99
110
111
103
112
97
100
93
51
76
80
24
58
88
49
37
5
3
4
3
5
7
18
18
27
30
43
38
25
39
33
49
44
30
43
59
37
52
59
61
68
79
79
103
103
112
100
120
112
112
121
117
121
120
112
93
86
118
71
111
105
97
110
79
71
60
79
90
89
79
80
40
105
80
101
54
70
79
83
79
43
63
5
4
5
20
17
30
9
4
3
2
12
7
8
27
18
30
43
47
49
60
58
71
69
91
91
100
99
92
100
108
100
108
115
98
101
88
101
88
98
109
106
88
98
98
98
111
102
108
99
109
99
101
79
93
112
108
94
105
105
99
109
114
101
101
124
118
131
130
130
21
131
66
104
90
76
39
32
117
53
24
40
37
39
199
198
224
224
238
238
257
247
265
257
135
116
111
122
115
123
116
193
214
213
220
234
229
235
235
228
248
138
119
111
74
61
96
41
139
59
87
20
28
30
30
67
71
65
86
82
79
82
101
98
30
91
55
84
99
40
60
73
4
4
26
16
35
48
49
68
64
71
65
85
82
95
96
87
99
94
96
92
93
105
78
103
89
93
87
100
92
105
86
96
88
86
87
99
78
91
95
89
92
87
90
94
92
90
89
96
101
95
95
110
106
97
111
102
110
102
92
83
90
83
95
93
82
73
72
98
72
59
75
83
75
83
75
58
66
117
115
108
110
74
90
113
126
66
99
89
91
97
84
106
97
96
111
97
106
100
95
106
105
95
82
97
102
81
106
93
96
99
98
81
88
87
95
97
95
94
98
111
97
95
100
107
114
96
106
100
99
84
89
89
104
86
99
81
94
97
88
99
91
85
94
98
97
102
103
93
91
90
101
89
95
81
97
89
96
93
101
94
108
92
101
94
106
101
89
103
97
103
60
89
100
67
80
86
86
98
91
90
102
85
75
78
103
95
94
108
103
92
95
105
86
98
106
111
96
113
97
98
97
108
101
106
104
111
109
107
99
86
78
100
97
99
73
91
87
98
105
92
100
106
113
114
116
124
109
129
112
130
102
112
111
121
101
123
111
116
105
123
100
114
81
103
95
78
88
89
99
98
98
87
99
97
89
97
81
95
94
93
93
82
95
85
100
80
88
91
103
107
96
83
96
91
98
90
101
88
96
81
79
99
96
97
89
100
91
90
99
75
94
96
85
82
89
72
89
80
91
83
83
83
90
99
107
105
105
103
101
91
98
100
84
94
103
91
97
95
90
88
93
98
94
81
86
94
90
102
105
93
95
98
99
101
104
87
79
98
93
99
97
105
90
103
100
108
116
102
109
98
107
97
112
105
103
83
94
100
110
85
28
72
37
102
24
55
64
71
94
8
6
21
26
36
31
41
34
61
52
56
56
64
63
86
85
61
106
78
113
111
116
115
114
122
110
102
110
103
103
109
111
110
106
115
113
101
113
96
109
101
111
100
106
100
108
101
91
104
107
95
101
74
86
56
72
38
61
90
29
53
12
12
9
14
9
46
44
24
27
9
50
47
44
42
41
64
65
90
90
98
110
110
79
99
81
114
118
102
117
91
101
81
108
110
103
128
113
135
114
114
109
120
119
133
125
126
107
116
115
114
125
110
114
122
126
111
125
111
109
123
86
102
111
111
104
103
94
102
106
103
107
113
100
116
108
118
111
113
99
105
108
97
97
107
98
104
91
102
91
93
103
92
99
94
109
96
108
101
112
107
115
97
50
76
93
68
114
43
62
