52
35
35
25
34
28
61
61
126
87
99
83
77
76
105
61
43
26
12
8
110
95
107
3
26
70
32
91
53
45
25
35
44
44
57
61
56
94
119
112
128
131
124
111
59
110
95
127
148
126
136
128
141
150
142
138
138
142
134
132
122
138
137
107
122
147
131
150
145
143
133
135
125
115
104
128
107
105
92
110
103
115
112
133
132
107
121
119
110
126
117
121
114
123
101
90
83
108
67
117
126
122
116
101
98
84
95
98
98
82
108
109
101
116
107
116
108
121
104
120
120
126
127
122
117
111
113
106
110
102
113
103
98
108
105
116
118
106
120
111
122
130
133
114
125
134
132
131
124
130
114
122
109
127
118
112
144
131
139
133
128
136
106
148
108
106
117
108
121
116
131
122
123
111
112
99
130
126
109
119
106
107
97
116
124
118
131
104
116
104
114
102
68
99
98
75
89
105
99
105
95
105
105
91
103
95
110
114
105
115
107
119
109
100
120
108
112
124
123
112
118
100
103
85
104
80
88
106
86
94
73
45
21
57
33
66
84
64
50
6
15
15
28
23
20
22
36
21
14
14
31
45
47
66
65
65
65
62
84
96
95
91
109
110
110
105
129
118
127
115
124
124
116
109
91
106
44
26
18
60
48
70
121
7
26
48
45
59
59
74
75
82
80
98
96
102
87
106
94
102
90
101
89
100
98
105
92
97
92
81
86
89
96
92
91
82
88
88
85
86
97
96
88
100
93
103
102
105
99
102
101
91
85
90
80
90
90
93
88
84
66
67
74
83
88
80
82
82
91
89
102
85
86
94
74
102
90
90
85
92
92
95
88
91
86
98
91
86
94
82
90
82
74
87
85
71
83
86
92
82
85
91
94
92
91
101
84
101
95
94
100
104
94
99
89
84
98
95
93
88
97
87
88
93
91
86
87
82
93
87
86
97
99
90
93
99
85
100
107
91
94
97
87
93
95
77
86
84
84
92
86
90
71
86
78
84
72
95
85
100
93
100
87
102
96
113
103
7915
7945
7935
7941
7945
7910
68
7929
41
7934
25
7903
7916
5
15
15
12
4
5
5
2
19
7
4
3
5
0
12
9
13
15
24
7
18
14
9
19
11
6
22
20
3
15
11
17
31
20
33
18
16
33
41
35
9
6
7
33
29
49
59
56
47
81
63
61
57
23
14
59
27
45
64
20
4
10
19
29
28
49
59
56
67
66
75
75
74
88
95
98
92
90
92
119
108
93
80
107
122
109
115
112
106
101
82
81
86
94
89
95
89
90
96
106
95
122
112
127
116
218
231
229
238
236
221
214
222
110
220
118
92
114
125
118
124
116
117
131
128
120
97
117
77
87
92
104
97
105
108
98
81
103
114
78
115
118
116
109
118
114
120
91
93
110
101
119
102
113
90
100
105
95
95
106
56
98
77
63
83
83
92
79
59
93
76
76
84
89
89
99
93
105
102
93
94
96
114
96
115
120
124
119
122
131
139
143
101
49
62
84
97
73
29
32
118
11
13
31
32
32
42
48
42
28
15
5
61
39
12
10
29
47
72
54
76
85
72
70
97
109
108
112
110
111
112
121
104
107
119
107
120
109
113
105
104
123
118
109
93
117
107
114
107
109
121
107
123
111
122
108
110
118
108
102
111
114
102
117
103
116
109
115
104
112
115
114
112
114
107
113
111
112
114
109
107
99
102
97
77
85
83
100
85
80
99
88
103
99
93
105
92
107
98
108
94
101
94
87
73
81
93
67
79
73
82
82
80
63
59
85
83
82
92
78
88
81
72
73
86
87
80
96
90
96
90
105
99
101
88
106
98
104
97
104
102
99
77
87
102
94
101
94
103
96
84
102
95
90
92
103
92
103
52
64
44
82
101
90
74
88
71
20
57
24
22
23
19
79
21
4
5
28
41
48
46
59
58
75
67
83
94
94
89
100
112
99
99
107
100
103
117
100
111
102
115
87
79
94
86
100
106
96
105
97
90
82
94
92
109
96
114
107
115
104
117
103
113
100
111
108
92
107
94
90
101
95
93
80
101
106
86
101
100
108
113
91
105
88
118
109
102
126
110
100
105
113
105
104
122
109
111
118
117
109
113
115
105
104
98
107
89
94
108
105
112
100
106
102
106
105
111
91
111
106
113
106
111
98
112
91
96
42
76
104
49
74
61
29
5
3
8
17
26
30
32
28
48
38
39
55
63
60
59
75
97
95
92
85
92
102
94
98
104
105
117
115
119
106
115
110
94
100
103
111
104
92
106
110
104
110
112
118
95
84
95
110
127
120
126
116
121
110
104
98
117
111
109
121
114
104
120
107
105
118
115
106
107
112
111
114
103
112
99
86
111
105
116
105
103
114
108
104
112
103
103
117
112
100
90
100
112
103
96
106
95
109
97
106
101
101
107
100
111
99
100
93
96
88
104
84
56
47
45
37
64
52
71
89
6
3
19
14
24
19
17
19
43
43
54
45
56
60
38
29
48
37
57
40
69
62
101
90
97
70
71
73
75
70
70
97
91
95
89
89
95
100
92
99
108
96
107
102
106
110
115
91
104
112
105
116
98
108
113
112
103
105
119
112
111
123
115
125
109
124
110
100
124
105
105
89
113
100
112
102
117
93
104
112
85
102
98
101
81
102
93
93
101
90
103
105
92
116
106
97
122
106
132
114
124
116
128
109
112
116
105
104
118
102
106
53
111
71
90
35
25
97
74
44
4
3
3
20
12
21
6
18
3
3
24
15
32
29
33
60
59
60
60
73
71
76
75
81
101
93
99
93
100
101
100
103
110
95
112
107
130
121
132
117
128
123
103
148
139
109
116
100
133
125
143
110
110
135
117
155
155
194
188
202
195
202
197
156
205
196
165
200
148
184
169
182
143
169
177
152
149
131
142
129
129
120
126
121
116
128
131
122
132
120
144
139
146
152
157
148
159
152
164
151
161
143
143
133
122
151
155
148
158
142
181
184
173
170
187
189
195
211
196
179
162
175
156
170
162
163
124
129
128
132
131
125
109
124
116
122
120
122
111
125
111
118
126
132
118
129
106
122
131
122
136
113
123
127
114
143
145
132
136
144
130
149
141
142
112
115
125
129
127
126
118
116
125
114
121
117
93
53
115
26
65
34
73
44
97
14
26
44
49
51
61
62
65
64
89
81
100
101
110
102
110
120
119
122
93
109
111
109
107
93
101
90
63
69
93
37
43
23
90
81
57
54
37
82
55
56
68
69
67
91
78
93
90
99
70
89
80
90
84
94
83
91
87
89
107
98
110
109
111
97
100
112
104
121
98
111
100
92
104
99
90
108
100
108
86
99
97
87
64
59
83
64
114
120
118
117
117
126
69
88
89
112
118
115
120
118
122
83
75
63
59
43
45
45
98
80
119
125
14
14
11
53
10
10
46
29
51
2
5
4
3
5
21
23
18
24
35
23
62
65
100
96
101
111
99
123
109
75
15
48
119
120
65
31
6
12
16
8
16
7862
7857
7860
7880
24
7862
7876
9
43
38
4
5
10
4
5
6
8
11
11
34
39
55
39
42
45
51
40
41
48
9
7
16
21
18
17
59
74
17
31
26
21
38
26
65
48
30
8
31
30
40
31
27
23
28
37
19
5
4
43
45
55
57
53
58
64
58
81
80
94
77
63
84
50
107
62
102
27
114
9
19
19
37
40
17
39
35
14
5
29
37
31
61
59
76
79
96
94
93
54
66
103
101
99
20
24
89
37
81
4
3
7
8
23
36
28
24
36
29
27
32
62
64
30
52
67
66
81
91
93
35
78
50
37
69
61
87
20
58
12
13
7
11
11
8
25
39
52
48
60
57
60
83
84
82
100
111
102
112
124
125
99
110
116
105
117
111
103
110
100
108
92
108
86
99
115
100
97
115
91
106
103
92
104
95
93
103
106
98
109
107
111
110
108
98
99
108
83
104
91
105
93
101
94
75
78
90
107
83
83
118
105
120
113
130
106
99
117
100
99
96
98
90
100
88
88
92
98
100
95
105
105
94
109
93
106
88
105
100
100
86
99
91
98
91
84
79
92
66
91
85
58
82
102
92
107
94
90
95
95
87
87
94
105
103
94
83
95
90
105
100
93
102
102
109
106
124
113
104
107
109
101
104
94
101
95
104
97
116
99
115
103
113
101
112
107
111
104
104
97
99
94
95
102
93
101
105
101
113
109
109
128
109
125
112
127
108
130
108
114
112
107
111
97
111
104
108
105
109
114
99
121
121
117
109
125
116
103
118
109
81
101
87
108
97
95
102
111
110
93
88
109
104
117
106
117
116
126
108
71
122
67
85
107
98
98
100
97
95
87
100
92
103
102
97
100
89
98
89
80
66
50
55
88
40
36
32
19
16
74
13
23
60
4
3
10
23
10
12
19
25
42
41
43
45
44
32
45
76
76
75
75
74
90
90
69
80
81
84
69
45
73
56
17
78
88
29
20
46
14
2
2
3
11
11
18
18
21
25
5
15
19
28
22
20
3
2
4
3
25
25
21
23
15
30
27
9
25
29
25
19
17
2
3
4
9
5
16
20
26
26
6
19
4
15
25
31
26
25
12
15
423
404
25
23
18
17
434
39
5
17
13
5
8
8
8
6
20
21
18
20
4
8
14
2
49
14
15
51
15
39
4
21
22
35
33
48
54
71
70
93
126
112
110
108
91
191
202
187
154
149
80
78
97
97
97
128
137
121
133
119
132
111
118
99
115
107
114
102
118
102
113
99
113
101
115
104
116
101
108
119
86
83
73
70
64
50
49
98
111
118
2
30
23
24
21
36
64
74
74
40
72
48
75
69
58
101
72
48
100
55
56
45
34
53
50
51
50
10
30
35
51
62
57
67
88
90
125
123
138
139
139
137
125
124
116
122
100
110
108
118
111
127
126
131
116
132
132
137
94
120
132
103
109
128
96
83
118
67
53
87
88
87
91
66
91
96
106
118
118
119
121
130
130
119
144
110
132
93
103
75
96
81
115
408
391
406
392
358
392
395
413
133
433
416
151
181
169
157
153
145
148
135
195
12
118
82
80
15
16
80
4
3
22
26
33
35
23
41
40
37
36
67
14
52
56
53
15
43
13
26
34
32
44
55
55
79
67
70
65
64
90
133
89
101
117
118
133
125
129
120
142
106
130
120
107
102
112
104
105
108
102
116
117
98
87
105
90
113
112
109
105
118
102
98
112
96
95
112
117
109
118
103
117
104
118
103
110
114
114
102
102
116
96
106
115
90
117
102
110
102
88
126
143
139
127
137
118
130
135
100
141
61
73
51
91
114
81
101
109
90
52
64
64
81
81
101
100
111
101
108
110
108
99
106
93
99
105
105
93
107
98
111
108
113
105
111
103
112
104
109
106
109
107
107
110
98
110
110
98
102
108
100
107
105
100
105
97
101
99
107
95
106
96
106
99
106
93
105
99
104
102
101
106
108
106
109
101
109
107
108
106
96
106
94
104
99
105
105
94
106
102
109
98
110
99
110
112
110
104
112
104
113
104
112
110
113
108
115
108
114
107
113
106
110
102
109
102
108
101
108
97
108
104
112
110
112
106
112
105
100
108
105
96
104
97
103
92
103
94
106
96
106
113
112
106
102
113
93
112
110
104
97
94
101
103
96
109
100
118
109
102
102
112
115
114
106
112
102
100
105
110
107
105
103
99
103
102
91
96
105
98
93
101
94
89
100
97
85
86
96
95
104
100
89
99
100
90
102
83
101
92
102
93
98
91
93
101
104
97
89
102
97
95
90
89
95
94
94
85
87
92
95
99
89
94
103
87
99
102
125
107
120
109
116
109
121
114
90
100
80
68
99
102
120
115
103
110
102
80
82
96
94
86
101
96
98
94
93
99
107
93
97
97
107
96
112
104
113
105
112
118
115
104
95
82
101
115
107
113
113
104
110
98
113
104
122
121
106
82
75
97
87
101
111
82
105
103
109
107
97
96
107
80
98
99
111
108
117
105
114
102
111
91
107
101
114
107
107
113
95
99
37
65
108
19
77
47
89
39
54
105
103
79
77
72
64
77
76
92
93
104
89
95
58
79
102
70
73
26
23
63
27
94
49
48
25
15
84
112
110
38
75
53
55
75
75
86
91
91
99
86
103
95
95
101
103
96
64
94
93
89
48
76
24
61
32
40
4
5
22
37
45
25
27
36
28
41
23
52
23
3
39
55
16
19
31
41
51
56
57
60
62
73
73
84
83
99
99
95
116
128
126
128
120
131
117
128
116
120
128
106
83
91
92
98
97
102
105
99
117
105
104
89
102
116
105
115
105
119
106
85
123
113
92
108
113
114
105
92
110
114
111
127
91
103
109
78
110
101
89
112
87
79
104
101
100
101
109
112
101
119
109
104
118
110
117
107
119
109
99
106
90
103
117
119
105
113
101
112
121
101
113
113
95
107
102
110
96
110
102
105
113
119
106
110
118
121
114
113
114
122
117
106
119
119
107
115
126
117
116
97
109
103
108
101
116
100
104
102
109
113
101
111
99
84
112
98
102
98
99
81
100
87
102
91
92
103
102
89
107
102
101
101
111
113
73
53
48
33
109
62
76
97
98
87
88
50
79
79
88
97
107
108
122
111
110
125
115
107
111
100
98
112
111
104
98
108
106
103
99
100
95
104
104
94
106
93
104
109
118
112
115
106
102
113
112
106
110
99
94
88
80
105
104
93
104
104
98
102
114
107
110
106
115
112
98
107
116
101
109
95
86
105
87
103
101
95
104
100
117
115
108
107
108
118
120
113
118
110
119
107
101
115
109
119
116
104
119
106
114
120
115
113
92
110
99
76
72
89
101
66
90
83
64
106
82
82
100
98
112
109
134
120
120
133
128
122
120
129
110
132
121
109
112
97
70
100
107
83
109
99
101
111
115
123
131
121
107
101
92
96
84
109
88
100
88
98
100
91
106
93
101
93
87
75
93
67
101
84
107
102
97
106
99
106
110
103
81
80
105
93
99
95
99
93
101
102
95
87
105
93
93
103
108
97
109
111
97
104
110
111
104
113
102
62
74
103
97
82
52
102
88
106
99
105
65
92
103
71
79
75
93
86
92
103
110
96
79
92
94
113
111
123
120
95
112
103
117
103
104
98
101
81
94
90
92
99
85
91
120
120
122
107
100
121
115
109
116
129
104
111
92
97
114
96
93
105
115
98
81
91
97
89
96
100
93
99
108
100
118
101
113
106
113
110
113
102
91
99
96
84
81
69
62
37
48
35
20
8
54
7
22
7
4
7
6
7
29
23
4
33
30
34
32
3
28
5
8
11
9
10
10
6
13
3
5
19
22
8
22
20
6
19
4
4
11
3
17
18
26
23
8
13
30
37
12
15
33
25
27
39
27
56
64
66
67
88
92
96
101
91
99
21
65
85
42
50
101
66
29
63
9
7
24
30
35
33
57
59
61
85
83
68
72
100
88
102
95
79
106
108
105
175
185
187
180
183
169
194
192
103
97
94
77
75
68
69
56
110
117
165
8
23
44
35
19
17
9
30
43
14
5
20
20
6
27
23
38
8
23
10
16
21
4
5
22
7
6
20
18
20
33
45
68
46
53
57
69
60
58
74
73
94
26
81
86
34
33
55
73
34
84
53
6
7
6
20
3
15
16
14
17
16
7
4
16
31
33
28
12
15
24
24
11
73
16
33
29
13
27
24
10
3
22
30
34
34
31
22
11
23
4
16
7
9
4
5
4
30
26
22
18
29
23
27
24
6
15
29
16
15
25
30
6
8
18
18
5
28
33
5
7
23
13
12
22
19
17
4
13
34
43
44
57
67
60
69
71
76
76
72
91
100
98
86
79
62
101
79
77
88
87
109
111
114
94
104
118
109
112
122
131
106
105
114
107
106
122
83
66
38
111
70
40
105
62
96
9
10
27
45
30
42
56
46
54
64
78
82
51
43
83
58
78
56
84
86
93
91
76
61
60
57
111
110
124
117
134
121
123
128
94
93
91
101
89
78
90
100
84
95
92
83
98
87
104
104
103
82
111
104
104
84
91
92
78
87
64
43
20
65
55
84
64
34
44
9
14
15
17
4
2
9
24
8
10
8
31
43
46
56
40
65
74
73
85
86
88
95
94
105
104
115
102
93
85
106
96
97
90
81
73
60
88
102
96
75
77
92
79
47
22
51
56
22
93
22
57
41
9
7
12
14
5
7
22
23
30
20
25
30
13
11
43
47
23
5
18
7
20
15
3
14
34
46
44
48
60
61
61
83
84
24
68
52
40
47
20
91
51
82
73
4
4
23
18
27
38
60
59
60
66
73
74
90
88
95
99
105
94
91
100
82
101
91
105
96
90
94
101
100
111
96
104
96
104
99
110
105
102
81
72
90
86
91
101
92
100
94
105
103
110
110
116
114
100
81
99
95
83
94
89
87
99
97
91
101
37
87
80
95
63
51
27
15
45
7
6
10
28
9
16
5
15
14
27
7
5
21
24
11
36
42
42
51
51
19
31
17
42
34
44
7
6
6
14
25
22
29
28
40
28
43
52
55
63
61
64
61
53
55
63
99
89
94
80
62
49
85
94
28
62
37
60
36
98
4
12
10
4
36
39
55
56
50
71
74
75
81
76
79
102
85
86
97
106
88
91
81
97
88
99
89
105
102
108
95
96
104
103
101
98
106
108
107
101
106
97
102
94
103
103
96
97
61
78
67
106
84
97
83
92
71
51
77
82
94
94
114
113
109
127
125
118
98
124
100
98
102
90
104
93
103
92
109
97
76
102
89
64
114
67
116
107
118
108
96
87
81
108
96
95
108
99
100
110
101
121
121
104
111
115
103
18113
18110
18103
18107
18113
18114
18190
18186
18194
18191
51
120
68
53
40
29
52
50
7
25
27
46
39
11
5
40
48
44
14
3
6
4
15
9
31
29
31
22
23
26
22
33
22
35
29
30
57
68
77
74
100
97
109
99
115
110
121
111
103
108
97
110
102
85
98
109
92
103
70
65
76
64
65
41
107
88
102
53
94
3
13
11
22
23
19
3
14
26
6
17
17
16
68
33
17
24
20
98
15
90
22
18
4
8
16
9
34
21
24
19
46
40
32
4
4
2
4
19
25
3
3
3
25
10
12
34
19
46
50
15
14
6
7
25
27
37
49
52
66
49
47
72
74
85
87
68
37
47
79
84
52
49
25
10
15
28
26
26
16
29
21
71
77
79
65
69
75
77
64
89
85
101
98
117
115
122
136
127
120
111
115
108
101
123
129
109
121
109
108
118
123
118
114
107
119
123
109
112
118
85
108
77
64
120
96
92
105
97
101
91
65
56
77
78
90
96
100
93
101
94
96
95
100
99
110
108
98
108
112
105
103
117
91
118
116
114
113
106
100
94
113
80
107
88
103
95
103
89
104
102
103
98
104
96
125
113
120
108
109
122
118
115
134
124
124
54
107
55
108
41
82
87
92
34
4
4
5
26
19
29
53
60
63
63
66
75
80
92
93
102
108
87
99
111
110
78
47
38
90
41
19
59
76
98
5
13
11
18
16
21
23
4
23
5
13
4
17
18
31
66
66
82
72
85
85
81
85
77
110
115
103
122
121
110
67
98
96
55
97
113
114
123
134
125
92
101
100
106
99
104
80
121
124
108
122
120
139
126
148
135
126
130
101
124
88
112
111
110
98
114
95
117
82
90
115
114
102
115
88
113
104
131
131
146
114
128
116
215
212
209
187
182
190
179
413
406
421
335
447
464
465
448
490
491
305
286
245
148
147
150
156
77
48
103
40
128
61
68
158
81
79
57
59
49
71
65
87
86
86
85
93
93
93
77
82
62
60
50
105
125
114
15
29
39
37
35
37
32
53
35
6
1
20
19
17
7
29
16
9
6
5
19
19
18
40
23
36
45
53
51
76
84
69
60
69
75
85
73
14
62
35
87
41
94
73
25
39
92
5
23
19
23
6
19
59
63
60
37
33
52
28
4
32
6
10
7
13
6
10
8
5
20
17
14
25
15
27
30
12
22
6
13
12
11
4
8
3
17
6
14
12
8
40
17
42
4
13
11
7
2
35
22
9
18
57
62
66
41
46
20
39
51
9
50
23
7
6
3
4
2
38
46
44
47
42
31
33
34
30
21
21
1
3
5
8
8
5
3
3
24
8
4
25
5
15
8
36
46
30
42
48
58
59
34
30
18
50
36
54
4
10
19
13
6
7
14
12
5
31
28
24
9
6
25
23
35
45
33
42
41
43
39
44
29
39
20
41
38
15
13
11
5
4
14
17
4
21
32
17
30
21
38
34
3
2
4
4
3
27
30
42
42
53
52
56
39
45
41
63
41
24
54
29
47
5
19
17
27
20
35
20
25
58
52
48
47
51
43
47
47
11
23
24
24
42
55
60
27
35
26
39
21
38
16
57
55
4
3
2
4
3
4
2
4
9
6
2
3
13
8
7
10
15
14
22
27
22
16
15
24
22
37
43
40
43
43
44
41
48
42
46
51
51
64
59
54
49
48
58
53
56
57
61
50
52
54
56
54
61
60
54
60
56
55
50
49
50
52
42
44
49
43
51
52
53
45
59
64
60
70
57
63
55
75
78
59
68
57
74
50
67
64
66
64
64
70
66
57
55
65
54
56
32
43
45
62
34
50
47
62
28
48
27
47
47
47
45
42
37
32
28
46
50
44
87
64
80
72
87
89
85
77
84
98
92
97
92
99
99
105
98
84
97
85
101
95
109
94
104
79
101
59
96
40
40
84
48
69
4
12
11
16
33
20
25
17
31
32
34
15
3
5
6
9
3
8
19
18
16
12
9
9
10
32
9
31
14
13
20
29
5
19
18
35
47
45
52
51
66
65
63
78
80
94
101
80
101
95
92
103
85
100
84
103
100
82
93
97
110
102
98
104
96
112
100
88
86
107
107
103
104
95
107
105
101
68
76
77
88
85
82
73
79
67
73
85
76
76
93
93
110
109
102
109
110
104
105
102
72
89
107
90
95
97
107
95
105
104
91
95
110
104
84
97
85
99
107
94
104
92
91
99
88
98
96
85
106
92
86
94
100
92
99
82
103
88
99
109
102
110
95
108
82
103
95
98
108
107
113
98
95
111
108
109
117
104
112
102
114
100
134
133
138
124
136
119
135
113
87
95
136
72
109
115
96
102
103
105
76
90
85
85
103
95
111
98
99
112
101
111
103
104
112
119
106
115
113
108
121
118
128
108
114
110
93
108
107
119
110
120
110
118
115
109
119
112
97
91
77
90
96
97
96
102
98
105
111
110
109
121
117
117
115
113
112
104
103
106
99
107
103
99
89
99
82
94
104
103
105
96
99
107
114
91
77
98
88
156
139
149
159
161
149
152
163
174
165
115
96
119
106
117
109
119
109
111
117
108
128
118
131
120
127
121
127
127
128
120
120
108
117
115
108
113
119
107
117
106
119
105
118
105
119
108
109
88
113
109
96
112
106
108
100
112
98
113
102
112
112
81
71
70
61
61
50
78
91
5
3
17
17
7
17
37
30
47
39
20
36
42
28
30
40
3
2
21
16
17
30
19
39
50
55
43
50
58
53
27
49
56
46
31
65
85
82
95
50
71
70
70
92
70
37
56
63
93
21
93
80
26
3
3
3
15
23
11
8
12
18
3
15
34
19
21
27
39
34
38
34
53
39
41
39
57
54
50
60
84
77
92
95
77
95
72
74
102
98
90
107
96
105
104
106
95
109
108
132
119
110
128
114
109
126
106
118
114
74
18
46
65
106
39
28
57
92
102
8
29
12
37
40
21
43
25
28
14
23
9
21
26
14
9
11
11
28
3
5
4
24
15
34
25
50
54
60
50
62
53
74
7
26
44
58
66
33
76
42
43
45
71
71
90
90
100
107
110
101
97
102
101
111
99
106
95
104
89
100
82
92
81
77
79
89
85
78
87
90
99
79
89
88
72
73
98
85
97
87
96
89
104
96
103
92
96
73
85
97
96
85
96
91
95
86
103
104
111
103
87
98
102
92
92
99
97
93
102
96
102
103
84
92
99
103
95
102
91
103
92
102
94
108
92
103
97
84
99
93
108
95
100
94
101
96
86
86
104
98
96
106
104
86
110
103
106
79
97
111
101
92
99
99
91
99
101
89
89
88
108
97
104
104
116
88
41
64
56
47
31
97
104
75
4
15
15
28
46
57
65
55
55
65
70
68
82
54
59
38
64
74
70
30
15
16
27
39
53
68
55
58
73
70
33
41
57
69
60
55
3
3
3
9
5
4
12
11
35
24
37
45
46
36
62
61
73
76
70
80
93
82
100
99
118
116
100
90
108
112
103
115
103
119
104
123
113
128
116
113
125
124
116
120
112
103
115
114
99
112
107
107
96
105
93
96
105
94
102
78
106
106
108
102
112
104
102
104
111
107
132
90
99
114
103
94
106
107
88
100
90
80
72
86
101
61
79
90
102
88
103
103
98
111
101
89
98
104
111
104
112
103
97
86
109
53
71
91
24
32
75
39
6
5
21
3
12
9
21
21
27
38
35
37
44
42
39
37
31
15
14
46
29
37
27
6
4
4
3
19
18
16
18
22
31
35
38
33
48
59
57
73
74
103
108
117
133
125
162
154
168
154
127
130
111
126
83
38
22
23
23
110
60
73
5
8
8
5
31
10
17
15
29
18
16
17
34
12
39
49
12
27
4
15
4
22
6
21
6
4
5
11
24
13
16
4
29
18
13
10
30
16
13
21
5
7
4
14
26
25
51
53
37
60
62
53
41
35
53
62
56
95
95
112
60
62
66
78
12
9
47
83
76
5
7
10
4
8
4
4
5
8
4
8
22
24
11
23
8
7
4
33
31
25
18
26
26
20
22
7
4
13
8
6
7
35
46
58
60
55
71
67
87
81
90
108
98
110
95
113
110
104
113
125
104
116
104
121
118
113
118
122
108
119
100
111
119
113
129
114
129
116
130
128
120
134
125
140
126
136
138
128
146
133
123
138
134
136
133
136
120
121
113
129
129
113
133
140
128
144
136
138
123
124
109
143
77
92
128
103
99
108
101
114
105
107
120
118
109
127
125
128
120
89
105
121
109
122
111
136
121
137
135
141
141
148
158
145
131
131
90
108
125
119
112
121
108
111
111
107
93
110
103
92
91
85
84
110
105
113
110
82
49
60
59
71
72
70
82
74
67
71
67
65
53
66
67
60
77
78
71
71
68
79
71
77
84
80
71
69
68
78
71
67
103
112
126
120
134
134
138
141
142
122
119
99
34
93
47
26
65
53
79
77
5
4
11
11
17
21
19
29
15
28
18
10
9
7
19
34
37
37
8
3
5
5
22
35
14
14
36
33
50
40
53
39
40
45
47
56
47
11
43
49
67
11
66
51
22
8
52
30
45
22
39
19
64
49
41
83
84
93
103
192
159
187
186
206
206
212
217
219
106
210
126
106
123
106
122
112
97
103
83
96
100
94
109
99
93
99
99
111
109
110
96
110
101
110
97
111
97
102
112
102
90
110
96
103
72
92
104
85
93
109
91
91
84
96
83
99
95
87
99
92
102
85
107
104
110
76
89
100
105
92
103
80
74
96
92
104
102
101
102
104
105
103
87
112
96
103
95
93
89
80
98
85
98
80
78
89
106
106
120
100
110
98
113
96
98
110
100
111
106
89
96
91
96
92
96
86
91
83
87
73
71
32
49
83
65
78
44
60
77
84
72
51
84
63
63
77
76
77
83
98
90
89
80
91
86
92
77
95
87
103
102
104
92
98
92
87
93
90
83
69
88
78
73
79
68
82
89
93
92
86
100
100
92
102
86
92
94
73
85
88
91
84
95
91
85
96
76
76
95
91
102
89
79
77
102
46
63
60
81
88
84
89
87
79
94
81
76
73
99
93
106
93
111
95
110
96
113
99
113
106
105
113
110
105
96
84
103
94
106
116
110
118
110
116
127
113
111
125
120
94
106
105
98
97
106
109
102
108
104
99
105
112
105
102
111
107
100
99
106
94
104
96
103
101
89
102
95
88
79
96
96
89
91
106
102
91
107
98
112
99
105
111
100
109
98
77
86
106
95
83
76
89
82
101
85
95
102
110
93
110
109
112
101
108
103
104
107
103
109
100
108
107
95
96
98
103
86
94
94
98
74
83
89
77
76
103
102
92
104
113
109
116
125
115
100
117
113
115
103
111
100
109
100
105
99
111
101
104
110
111
104
98
105
98
110
98
112
105
97
106
101
108
100
100
113
109
104
111
104
104
97
108
100
106
96
105
98
101
102
110
104
98
110
102
98
96
105
97
107
102
106
94
107
100
112
99
113
106
114
108
115
117
111
111
124
118
111
125
111
118
127
112
119
113
19306
19311
19444
19435
19458
19306
19464
19441
19460
128
129
131
330
280
105
136
144
152
61
146
30
38
34
34
33
36
46
9
16
38
64
74
83
73
75
102
86
111
55
95
94
42
38
104
73
76
108
5
17
13
23
21
20
21
56
58
78
76
96
70
64
73
88
79
93
94
92
91
102
106
98
96
102
97
104
104
100
94
107
107
93
63
83
74
94
94
86
99
93
81
97
83
92
98
85
66
64
99
80
92
83
78
86
79
80
56
82
76
94
89
89
96
90
94
74
76
94
86
93
89
90
96
73
100
91
96
100
108
64
81
94
75
82
94
92
92
85
92
72
88
88
93
86
94
103
89
120
102
114
108
115
110
127
120
110
105
117
116
102
114
117
108
115
110
117
105
113
103
111
102
111
103
109
103
107
99
110
104
118
106
117
119
119
109
123
101
113
113
115
121
107
104
123
117
125
118
125
72
53
65
107
128
91
100
92
84
106
83
82
106
105
113
114
119
134
119
131
101
98
87
107
100
113
101
113
100
119
120
119
104
86
95
104
102
102
89
101
79
91
79
81
100
96
104
99
109
99
108
96
112
96
109
100
110
95
105
93
98
93
99
112
99
97
110
97
104
105
122
104
100
111
101
111
109
109
107
107
103
109
107
105
99
104
98
96
105
100
108
103
118
106
117
108
101
105
113
120
92
104
85
112
102
100
109
93
99
94
102
100
107
100
114
115
109
116
109
119
113
112
119
128
103
117
117
107
106
97
116
112
103
108
107
120
112
125
135
127
109
102
125
137
129
121
121
121
100
71
60
49
34
34
111
73
124
64
72
11
5
8
11
6
9
6
5
3
19
37
36
62
3
60
58
54
71
1831
1832
1857
1818
10
1836
53
1860
56
1853
62
26
5
19
39
44
63
25
58
49
28
47
30
45
25
43
7
12
10
4
12
11
19
1
3
23
10
3
19
16
15
6
34
33
20
27
58
48
53
57
53
51
59
60
74
81
63
69
62
66
94
80
81
94
76
80
59
74
59
70
73
78
73
81
77
78
81
73
84
65
80
94
80
75
89
78
74
89
89
69
80
75
72
78
72
84
78
76
79
81
79
73
71
75
77
72
67
76
78
76
80
70
80
68
74
74
76
55
43
63
47
73
29
41
57
21
4
4
2
4
2
12
18
13
26
28
36
35
39
44
26
29
28
34
17
17
9
43
37
3
11
18
19
13
19
21
20
21
7
17
8
2
4
17
20
8
12
14
5
22
15
12
28
22
19
17
9
51
25
21
11
19
3
4
7
5
12
10
8
6
4
17
9
8
13
10
18
30
14
28
26
27
41
23
46
13
23
42
25
23
35
41
4
6
36
52
37
56
55
69
79
77
89
95
100
106
108
99
112
97
106
102
97
107
108
102
112
105
103
91
105
98
102
100
105
97
108
101
69
102
88
77
107
107
95
92
106
104
93
108
89
90
85
99
100
96
91
109
98
90
100
91
73
85
63
62
81
121
113
114
126
112
116
128
139
95
94
104
112
97
96
103
105
95
107
95
110
99
90
80
106
101
73
101
93
97
92
100
89
77
99
86
85
96
98
88
94
88
93
93
110
91
92
98
100
88
99
87
102
93
104
94
103
94
94
105
108
89
96
100
100
98
85
91
93
83
100
91
108
97
109
102
111
103
113
103
105
92
78
74
100
66
97
80
85
94
86
92
89
98
87
95
99
83
103
96
102
83
91
89
93
87
95
96
96
81
91
96
91
99
93
87
88
94
96
88
88
88
101
96
103
91
84
103
88
104
90
90
96
103
93
106
105
112
110
111
99
106
114
87
107
110
82
102
105
107
100
101
88
107
92
91
91
80
90
99
89
86
98
86
93
104
103
93
106
100
111
110
111
106
112
103
112
97
110
102
109
102
109
96
109
105
111
108
109
100
106
113
110
102
90
110
98
111
98
111
99
101
109
106
100
114
107
114
107
109
107
114
111
107
114
110
103
103
113
102
116
104
105
111
116
109
124
116
95
99
104
95
107
104
93
102
90
94
50
22
83
75
87
69
56
35
33
83
5
3
11
5
15
18
17
28
21
15
37
55
27
33
31
20
23
50
53
23
83
89
102
73
90
83
86
81
102
101
114
116
105
114
119
117
109
123
116
112
96
114
101
119
105
112
106
119
111
127
125
124
108
108
116
89
110
93
89
82
111
81
103
100
118
108
122
110
120
121
84
85
85
92
99
99
98
94
104
104
93
112
108
110
112
102
111
106
92
82
80
102
90
104
112
112
110
113
110
100
126
108
84
100
99
89
97
92
112
118
126
119
136
129
141
129
142
111
129
119
122
112
119
115
107
120
105
114
101
97
117
97
85
107
105
120
108
118
115
117
103
111
121
118
121
117
104
121
116
125
123
96
111
122
116
104
98
113
96
103
115
101
120
100
116
118
110
120
119
103
111
102
118
110
85
81
92
94
97
91
96
87
94
95
96
104
97
101
92
101
97
104
70
96
30
25
13
48
88
45
79
57
14
12
42
53
52
58
68
65
63
78
88
99
102
101
94
94
88
83
75
77
85
90
87
88
86
92
87
94
93
84
96
105
85
109
94
106
102
113
99
118
109
110
113
84
125
112
104
112
96
111
101
110
85
109
112
100
115
100
116
96
100
106
117
107
122
120
100
114
113
104
103
112
112
107
89
108
101
96
107
107
99
117
100
108
102
119
119
112
102
108
91
106
92
90
104
98
107
98
110
109
95
115
112
107
119
118
108
118
126
106
104
122
112
89
96
78
99
92
102
101
99
97
83
88
89
105
77
68
91
65
91
90
84
39
67
90
33
39
38
82
38
38
11
19
17
39
32
32
54
52
49
22
31
19
24
21
7
4
4
4
7
20
6
26
17
23
31
21
19
23
14
10
9
13
7
10
25
30
33
44
39
36
41
20
31
40
5
5
29
28
27
33
37
9
31
34
19
12
12
22
8
26
28
24
16
14
15
39
39
47
43
53
66
34
63
26
69
18
36
20
23
4
2
9
18
13
23
14
15
34
32
43
20
25
23
10
20
22
32
41
41
44
63
72
82
65
70
72
90
88
103
102
109
115
112
99
114
78
77
59
56
50
51
74
89
112
5
3
16
4
12
6
14
11
34
35
24
24
18
41
20
36
44
27
9
7
4
12
2
2
17
20
27
34
46
45
47
60
50
58
30
48
45
31
52
79
103
86
82
65
77
79
89
91
93
92
104
109
95
98
96
87
101
94
102
102
110
110
107
117
113
118
104
106
121
111
100
116
103
111
110
110
98
103
91
91
91
105
112
95
106
99
106
106
96
108
113
124
105
112
113
116
106
96
117
104
115
114
98
111
116
104
111
118
117
110
117
107
122
118
116
109
111
104
115
116
104
95
107
118
118
114
120
103
122
112
113
107
120
107
118
106
117
104
113
102
128
114
130
131
108
55
127
101
86
71
41
113
32
7
3
6
11
32
24
11
34
41
58
46
75
39
43
42
63
34
33
11
4
5
18
23
14
19
19
32
37
40
41
46
41
49
40
33
34
61
60
82
81
56
82
73
12
17
19
22
9
20
4
6
3
17
30
28
68
60
73
83
60
37
50
87
63
54
58
58
40
21
5
5
27
26
5
51
16
7
85
88
87
99
99
122
120
106
106
128
129
104
101
106
116
108
94
94
102
103
106
121
120
123
66
14
101
120
36
114
51
93
77
112
25
5
15
21
18
28
9
4
19
22
4
6
10
16
19
38
41
33
34
53
30
51
37
47
16
56
25
45
33
28
31
41
19
17
8
13
9
39
57
54
51
50
39
36
46
42
42
26
43
53
4
11
21
6
8
9
18
15
14
12
34
36
35
34
41
51
42
31
56
36
8
46
5
6
11
4
5
8
9
4
6
9
25
31
24
21
63
52
61
53
50
48
50
46
50
72
34
64
44
31
70
41
10
66
3
2
21
13
8
6
40
67
47
60
67
64
76
83
80
84
81
58
70
108
104
84
24
26
18
91
95
19
28
94
9
22
10
17
19
9
8
19
18
9
7
26
39
31
42
54
62
51
52
20
33
19
19
28
5
5
4
16
17
27
39
43
53
51
62
53
61
49
81
94
63
56
36
72
38
59
4
14
7
4
25
12
33
27
40
46
51
67
70
63
72
80
81
94
94
96
112
117
103
101
95
117
105
112
107
113
100
111
104
116
106
119
100
99
109
95
83
96
104
91
101
99
108
109
107
95
113
87
109
95
132
114
114
110
106
94
115
123
127
92
107
105
109
103
114
111
108
121
116
99
111
104
110
103
107
111
108
98
111
103
99
110
100
112
112
103
109
102
88
111
99
114
96
104
96
104
103
100
81
102
97
104
112
97
95
103
113
105
103
97
108
99
110
102
110
97
95
94
109
100
93
103
91
97
89
93
103
93
85
103
97
104
104
96
97
103
114
98
98
97
102
111
111
106
111
103
109
84
102
96
109
95
109
112
96
103
112
107
119
105
92
107
90
88
95
98
109
88
93
101
103
103
100
108
111
112
97
101
108
106
96
108
102
102
114
110
107
110
100
111
104
96
99
82
92
102
108
89
106
100
91
93
68
69
97
87
94
83
91
89
100
89
88
88
89
101
98
81
100
102
91
98
104
113
89
100
105
86
99
106
108
101
92
84
95
94
103
98
100
108
81
92
94
88
101
88
101
88
100
90
96
96
107
105
101
81
89
98
90
92
82
102
101
91
105
97
101
108
108
116
110
108
104
96
91
103
97
106
100
108
102
111
101
118
112
110
107
99
106
98
105
104
96
95
87
102
98
102
93
93
102
102
93
97
109
103
85
90
105
99
93
72
78
71
97
86
87
88
97
91
99
109
112
114
116
111
98
88
101
89
97
92
100
98
103
93
86
100
106
94
111
97
94
105
104
97
98
94
107
97
112
102
103
114
116
107
117
111
111
104
109
97
110
100
104
97
105
98
109
102
105
98
104
95
111
105
114
108
109
110
114
112
113
106
111
102
91
99
82
105
98
111
98
109
97
104
114
121
112
106
118
109
392
382
384
391
396
383
391
385
377
392
104
122
117
118
107
122
108
107
127
112
91
104
109
106
101
103
95
100
111
96
98
108
114
101
111
99
101
99
115
98
87
80
100
90
91
124
106
125
117
120
112
125
117
114
101
99
108
108
100
104
107
107
98
105
103
107
101
105
93
98
96
101
84
93
100
108
96
115
122
114
20251
20259
20269
20276
20253
20281
20258
148
20253
90
35
59
70
38
20245
63
6
17
20
17
10
6
4
9
4
4
22
21
35
51
42
59
60
68
71
89
88
88
71
91
87
106
109
85
93
92
156
153
135
141
138
155
150
161
151
121
115
115
123
131
123
129
116
121
132
117
122
109
115
121
126
115
112
113
108
127
109
120
94
93
106
116
104
119
110
104
127
115
115
124
99
109
103
85
93
105
76
97
91
88
80
93
87
94
92
96
86
100
91
104
93
107
97
121
111
121
101
117
113
119
116
112
121
111
85
65
35
77
49
95
54
101
26
3
17
30
32
43
24
35
13
10
43
39
42
27
14
12
25
40
57
38
55
52
52
36
51
48
68
64
61
44
36
58
77
79
91
61
78
91
91
114
110
114
108
124
103
111
111
117
99
116
95
118
116
92
107
58
74
120
85
108
115
92
116
67
83
81
109
101
128
126
139
127
129
136
144
139
129
124
134
131
113
69
80
104
96
127
56
144
130
151
155
146
108
162
108
102
114
121
118
102
119
103
110
117
109
118
117
138
126
126
124
131
121
135
123
139
131
138
138
131
140
128
126
142
151
136
149
136
143
150
123
138
135
119
147
96
120
134
110
156
93
154
136
151
184
184
526
545
527
565
567
2563
2636
2630
2562
2569
2218
2208
2218
2241
2241
480
384
385
391
365
376
354
367
355
363
101
104
97
130
127
137
132
131
144
144
141
135
155
115
123
120
132
138
128
136
127
105
107
89
75
129
120
121
121
115
112
92
105
82
85
84
108
113
106
109
101
121
110
134
124
118
119
134
128
144
123
105
91
84
114
134
128
132
143
281
274
286
282
365
349
369
141
175
150
43
24
333
166
354
36
350
4
10
3
5
12
31
45
43
55
57
59
75
74
92
101
95
106
105
106
33
88
77
94
19
59
44
60
31
11
10
32
32
45
42
54
64
59
62
75
72
80
84
90
88
86
102
95
96
108
84
101
94
102
96
110
92
81
91
90
97
95
88
94
93
87
94
95
85
109
93
101
97
100
107
105
101
97
89
100
102
102
93
101
79
78
91
99
101
94
75
100
84
91
89
97
68
82
50
58
31
82
23
51
36
13
23
19
25
17
40
63
63
75
81
82
97
83
77
92
91
99
87
100
106
117
96
107
104
108
104
110
102
109
102
103
110
108
101
93
97
108
107
93
109
91
100
93
107
90
99
88
101
99
70
81
101
93
88
93
87
96
83
82
93
94
79
96
97
98
96
103
99
82
92
102
98
87
83
99
94
79
88
92
85
96
85
88
101
98
106
91
101
94
91
95
89
87
93
100
74
94
87
89
96
103
92
93
86
102
100
89
99
99
92
78
100
92
94
103
100
89
90
99
99
90
93
93
100
88
97
101
91
99
94
105
93
93
94
100
89
107
88
99
74
85
93
98
89
88
102
93
87
112
110
125
109
129
119
132
128
133
107
110
99
109
124
101
112
100
105
93
101
100
104
115
104
110
105
113
102
115
107
109
129
112
104
108
92
56
45
64
78
26
88
31
103
106
109
88
78
62
74
67
85
93
84
92
110
108
109
102
94
103
101
100
92
113
112
93
104
113
120
107
117
100
111
104
109
84
101
98
104
97
110
101
106
92
105
93
93
104
102
95
65
85
77
96
95
84
97
82
88
102
59
60
87
58
103
94
104
93
110
106
126
120
140
139
120
120
125
59
89
119
103
71
27
79
47
41
9
6
22
27
26
31
38
51
51
55
53
46
47
63
61
88
77
80
103
83
97
95
101
93
110
110
124
107
107
115
102
104
104
98
86
94
106
101
106
92
103
98
105
98
106
86
104
103
103
113
91
106
84
101
95
111
99
117
102
111
106
103
105
114
105
100
107
101
89
102
95
104
92
106
96
109
101
109
96
109
95
106
104
96
107
85
103
91
72
66
95
108
87
104
110
103
101
98
100
111
120
91
107
114
112
101
114
101
120
98
102
116
88
99
110
100
94
89
96
98
85
86
99
92
91
108
102
93
104
115
105
120
91
111
99
105
101
94
104
114
105
114
113
102
109
104
110
104
97
108
93
102
83
88
108
115
96
117
101
114
105
121
112
98
112
102
119
104
103
114
108
118
111
111
102
101
116
90
105
82
67
28
33
63
109
43
86
100
46
7
18
42
43
53
52
59
70
68
87
87
100
99
111
92
93
99
94
87
94
105
90
100
96
118
114
121
117
87
121
99
109
37
125
49
63
34
58
4
4
19
10
7
27
38
27
43
46
52
54
61
78
64
80
76
80
78
84
80
92
92
104
99
108
96
110
97
107
99
107
96
99
107
100
106
105
99
106
99
105
98
104
96
104
97
102
92
97
104
105
94
101
100
103
105
93
106
105
97
102
96
105
101
99
89
100
92
94
101
98
87
99
87
97
95
96
84
91
82
89
85
85
96
98
87
102
97
105
98
109
107
112
103
113
101
111
103
117
118
112
122
108
105
120
124
107
117
112
129
121
127
130
130
131
128
119
67
84
121
95
35
26
47
78
57
103
5
12
13
25
18
34
16
37
50
72
81
78
76
79
75
69
101
103
109
103
82
45
96
40
28
81
71
79
93
92
99
99
74
81
80
98
97
114
103
106
100
114
106
107
103
97
97
103
100
96
108
95
102
104
112
100
91
101
111
82
110
98
110
81
107
93
103
105
94
93
107
97
108
101
97
95
101
109
112
80
93
99
108
96
92
105
97
105
88
91
84
80
91
96
101
93
100
100
94
105
90
100
82
105
98
105
99
108
98
113
102
77
101
77
40
75
35
24
59
111
89
4
3
4
18
38
33
31
32
23
57
58
73
73
38
71
23
22
36
74
8
25
27
24
13
22
43
31
45
9
15
16
57
53
58
50
49
65
64
66
65
76
83
95
93
108
97
111
100
117
105
110
120
122
110
110
125
125
118
107
121
111
103
88
106
103
89
99
86
99
100
107
91
110
105
112
99
120
126
118
127
117
129
115
121
115
116
115
116
109
102
103
111
119
104
118
118
108
103
89
97
85
97
98
90
87
95
88
107
99
102
101
93
627
618
627
615
617
69
70
649
617
619
637
45
619
104
5
35
31
23
29
32
28
34
24
24
29
3
6
24
13
11
7
9
5
4
5
2
23
