22
5
14
93
27
58
71
27
28
68
88
77
88
47
57
27
78
31
131
100
50
90
88
129
117
78
122
130
162
134
75
74
153
94
106
113
109
83
74
100
46
73
62
2
11
12
19
10
12
4
14
75
12
26
12
12
11
4
6
29
36
64
83
78
77
69
54
73
64
40
70
73
73
30
61
7
23
33
36
20
25
32
22
3
7
8
21
21
45
57
48
54
66
64
83
86
63
41
38
76
77
22
77
58
71
3
4
3
5
14
27
37
42
20
41
31
58
44
12
39
7
7
7
50
47
75
56
64
66
64
70
76
57
67
66
46
27
54
47
36
39
23
34
47
43
41
28
22
15
46
39
36
26
14
13
17
10
14
16
34
34
54
63
53
78
69
80
67
106
60
50
91
114
82
106
68
83
103
101
83
56
82
82
80
102
101
126
114
118
122
101
130
111
115
109
122
103
116
103
108
101
100
99
106
111
104
111
109
102
108
108
103
110
108
100
105
101
116
106
115
110
107
108
107
117
119
104
121
104
107
116
116
109
116
107
119
112
116
103
117
107
109
116
115
100
116
113
112
94
97
83
103
100
50
60
111
67
75
39
98
64
78
57
68
68
84
83
102
100
91
103
110
107
156
146
157
124
148
136
150
147
157
120
81
86
92
27
82
89
30
58
99
77
111
41
73
79
51
45
46
52
79
94
107
110
137
128
102
60
105
147
139
103
112
85
130
82
111
63
88
95
96
116
115
93
117
106
90
79
112
24
26
26
48
108
25
49
54
5
7
18
58
66
38
43
39
44
48
55
59
64
28
91
15
45
5
17
16
7
5
8
4
10
14
4
22
18
20
17
12
24
26
6
4
7
15
17
31
19
4
22
4
8
17
14
9
5
50
37
35
34
50
53
52
70
84
74
79
89
90
99
101
95
99
94
96
106
112
109
89
98
116
107
102
89
112
92
96
85
98
101
86
99
83
80
111
103
101
115
103
114
113
119
113
115
92
103
108
79
90
3863
3851
3846
3857
3861
3829
137
150
149
170
112
127
95
83
88
90
89
100
90
84
95
92
65
97
80
84
88
58
82
85
63
51
39
77
76
76
83
62
65
74
67
81
83
2791
2787
2795
2776
2789
2801
2785
2834
149
2832
156
137
114
137
114
127
129
115
38
31
79
60
85
43
102
61
55
3
5
19
24
30
42
63
54
60
51
80
73
90
85
98
109
120
117
138
119
134
125
135
122
139
124
124
134
120
105
118
105
84
125
112
75
94
105
122
115
108
106
87
79
75
76
77
92
89
101
101
95
105
110
97
118
125
113
112
117
99
116
107
113
101
105
92
94
105
74
84
97
75
73
72
63
61
62
83
101
3
14
21
31
41
44
68
69
64
86
89
104
107
115
101
122
114
130
119
118
133
131
123
134
131
127
124
109
123
109
106
98
91
113
108
109
117
105
113
100
115
66
40
22
52
32
78
108
54
100
6
7
4
4
6
20
21
38
57
66
63
43
63
65
71
78
47
49
90
58
86
87
73
39
30
9
10
51
49
61
44
46
48
55
75
92
90
111
96
114
123
104
101
94
114
120
112
114
106
115
94
85
96
103
102
106
86
101
106
104
92
107
107
114
106
111
100
94
116
94
94
85
68
82
77
105
56
94
67
54
25
27
79
64
23
30
90
9
22
12
20
20
13
20
4
13
9
22
20
3
16
18
30
29
12
6
30
26
30
33
53
7
9
12
3
7
16
44
39
39
39
72
74
71
85
84
101
104
64
85
58
42
23
84
71
37
83
3
2
21
10
20
16
19
31
14
8
15
13
15
24
42
33
31
34
48
50
67
58
68
30
45
59
41
57
46
49
20
9
11
18
33
13
12
22
13
31
3
12
18
29
22
11
13
11
5
13
15
21
24
17
28
7
6
41
5
13
19
17
31
6
15
29
35
35
26
28
46
36
49
52
66
46
74
61
79
77
82
82
98
90
103
113
97
103
97
106
105
92
106
95
121
111
88
28
106
25
77
99
114
59
36
64
4
3
25
13
18
31
6
32
24
3
3
3
12
23
19
22
24
31
22
41
51
68
78
87
87
104
102
108
100
112
121
95
97
106
106
30
71
44
18
91
58
60
79
4
5
10
21
31
44
50
46
58
58
68
72
82
80
97
90
102
99
104
116
121
116
130
127
125
115
121
115
107
117
112
83
99
108
93
102
91
108
93
110
96
107
117
104
116
103
113
49
103
74
97
83
35
59
73
76
72
52
55
54
76
74
92
92
102
101
96
123
116
113
127
123
102
117
115
126
125
115
107
98
111
101
78
89
87
107
94
107
104
87
107
96
113
104
107
106
119
114
116
123
107
117
92
99
113
107
100
100
114
101
114
120
120
129
128
119
126
105
113
126
121
114
109
101
110
105
111
104
113
124
121
130
136
118
131
146
141
161
148
160
119
153
106
31
95
62
42
78
137
11
9
11
16
11
11
14
24
22
24
11
23
23
25
21
23
40
52
70
70
93
94
101
114
104
114
173
4053
4067
4038
4030
4064
4043
4089
213
164
189
185
164
153
4091
209
154
66
64
64
59
68
68
90
91
87
109
54
111
77
92
71
182
163
165
177
49
78
78
95
84
23
69
64
96
96
85
94
34
11
19
17
35
46
41
65
60
50
52
58
72
52
50
3
2
8
5
27
36
25
19
34
47
58
59
68
66
61
77
73
92
90
101
92
94
101
91
103
102
96
95
89
92
86
91
78
86
90
92
79
74
84
74
91
70
83
78
85
86
83
88
97
79
97
85
92
103
73
63
51
77
96
99
86
93
78
85
82
95
72
84
85
75
91
89
91
86
90
94
84
92
77
89
86
85
6110
6088
6099
6094
6115
6108
6116
6129
6120
104
109
6130
96
71
104
121
111
84
95
86
78
117
114
126
117
105
125
164
157
180
190
193
175
152
140
139
157
124
134
125
127
106
108
111
133
115
104
97
99
113
99
98
77
102
84
65
103
90
110
100
102
108
87
97
120
118
117
110
121
98
116
113
105
77
95
90
77
90
84
69
101
85
98
96
97
96
104
88
86
75
77
80
72
58
111
63
83
4
6
9
22
23
41
48
57
45
60
59
65
61
67
84
78
80
84
96
94
102
110
103
88
110
108
51
51
81
106
17
74
106
63
20
50
24
22
39
53
64
63
78
67
81
85
95
94
108
118
115
108
122
111
131
115
126
125
120
116
108
117
114
105
115
102
113
115
122
111
116
125
125
109
108
121
88
118
97
110
98
108
100
116
103
104
118
110
118
112
100
92
101
95
102
94
93
110
105
90
91
91
62
99
87
67
79
93
86
97
88
96
88
103
86
98
91
102
92
100
89
99
86
85
97
82
64
32
59
75
43
94
47
95
73
76
88
69
66
106
95
92
96
110
91
82
102
94
108
112
98
98
103
92
99
93
101
101
92
115
102
91
78
92
101
96
102
90
102
99
105
98
111
48
65
58
36
16
28
83
101
82
17
6
5
18
23
14
23
9
12
3
4
4
3
5
3
5
8
25
19
24
32
19
46
41
34
10
23
26
4
5
7
4
28
27
26
31
73
75
68
63
22
65
24
59
71
72
24
3
3
3
1
12
1
17
11
6
23
13
21
21
20
27
25
30
29
26
27
49
38
29
42
37
48
37
17
15
5
26
10
12
7
33
41
14
18
29
25
42
19
10
23
21
6
18
17
18
41
32
42
38
45
41
23
22
49
48
47
51
10
14
68
2
4
18
16
8
30
45
44
43
46
61
68
77
76
95
94
111
81
47
107
76
96
44
105
83
73
4
5
18
34
38
56
55
56
80
68
77
79
102
125
115
125
130
121
123
103
104
124
125
107
110
123
121
104
122
117
116
90
79
70
68
59
42
32
34
31
51
50
65
64
85
85
110
109
121
112
115
92
108
115
119
113
101
112
100
97
112
104
114
101
113
107
99
105
103
106
114
97
107
90
100
94
103
98
114
103
111
103
122
109
164
151
303
143
160
314
309
316
301
312
257
275
261
114
114
103
99
89
100
101
79
86
90
84
88
93
95
82
75
70
73
71
76
77
88
85
74
81
104
101
110
110
93
107
104
103
94
110
94
92
91
101
103
97
101
107
91
106
89
76
100
88
91
79
100
81
100
96
110
96
96
96
86
71
58
103
46
84
53
89
97
78
95
86
72
71
79
86
91
91
92
103
101
93
87
81
73
90
83
87
101
92
81
85
79
96
103
95
114
97
108
101
68
89
109
94
110
108
96
101
94
58
101
85
80
79
88
96
91
102
106
98
100
99
100
111
112
109
113
104
110
102
98
110
109
99
104
110
108
106
111
98
109
100
112
99
112
102
109
113
112
110
107
115
104
109
110
97
101
109
109
101
110
104
113
104
112
99
113
103
113
106
96
103
107
112
102
88
108
101
93
101
109
92
103
102
94
95
99
107
104
107
98
108
100
96
107
84
95
104
99
93
104
92
95
91
89
70
97
94
86
102
86
99
87
103
94
102
83
101
72
65
108
93
100
79
86
94
83
79
79
96
89
101
75
92
102
95
104
92
102
93
102
92
99
94
102
97
91
79
78
73
101
90
89
100
102
93
109
108
122
85
115
102
97
103
94
102
90
78
97
102
92
97
104
89
84
101
102
102
102
88
106
88
94
106
97
92
85
98
105
99
95
87
96
86
123
110
130
118
130
131
138
141
126
110
104
110
93
106
91
102
91
100
89
102
91
101
93
105
92
101
95
91
100
105
95
109
102
107
96
101
111
115
112
104
115
117
125
109
121
107
126
105
113
107
108
126
111
107
101
91
98
109
98
104
102
94
89
55
100
79
109
47
64
64
38
97
83
60
53
78
65
66
68
92
91
108
94
101
95
97
105
98
97
97
106
110
101
113
108
115
105
106
112
106
118
117
110
111
76
117
65
92
104
87
102
92
99
89
95
107
115
93
109
109
120
113
117
77
109
102
110
104
97
113
101
115
100
106
115
62
93
65
73
85
104
90
103
107
98
97
61
82
81
99
97
107
110
111
106
118
81
109
77
88
64
102
53
108
51
64
50
101
100
83
97
95
113
97
100
114
114
113
108
101
119
100
112
131
119
129
122
127
127
132
122
127
134
113
112
111
119
107
118
99
103
108
117
101
99
91
98
94
102
97
111
102
121
111
124
116
100
124
112
118
123
126
97
108
109
107
133
108
111
103
106
120
121
123
124
119
115
107
111
105
70
80
91
91
106
110
94
103
87
89
68
50
48
45
57
87
86
79
87
4
6
9
6
14
9
5
17
18
31
37
48
29
15
45
18
6
26
8
9
22
34
24
33
21
24
35
28
18
32
3
5
3
3
10
3
7
20
5
32
47
44
44
60
70
78
74
82
93
90
109
99
106
84
113
104
99
82
97
103
90
103
93
88
89
93
104
105
98
101
111
89
99
67
65
67
95
97
97
110
50
81
94
95
50
51
96
79
50
83
66
50
54
56
48
74
74
93
103
97
105
101
114
108
93
94
82
119
112
107
111
70
40
20
40
34
40
78
95
90
4
3
3
3
5
7
5
8
26
19
4
8
17
13
38
40
49
72
70
67
83
77
86
86
82
95
87
93
82
71
70
88
97
91
91
104
90
96
98
91
90
90
88
99
95
103
106
98
110
109
116
101
96
93
105
95
105
94
105
96
102
93
104
76
108
94
107
105
104
102
103
84
101
101
103
97
92
101
83
102
95
98
93
93
98
96
89
79
102
83
93
99
99
93
101
94
106
105
87
110
105
120
110
115
121
135
112
123
129
127
109
126
118
112
123
122
91
105
93
112
88
110
95
34
15
44
53
64
55
76
8
9
23
34
31
44
43
56
54
55
68
69
67
65
68
87
87
107
108
102
119
102
108
98
119
91
104
96
105
96
98
49
75
34
21
15
63
106
88
44
79
10
11
26
27
23
5
10
7
23
23
6
23
15
5
7
15
15
7
11
9
31
44
44
45
49
43
62
38
59
22
48
24
50
58
7
18
18
26
26
29
36
12
23
4
15
18
35
48
50
66
58
65
73
83
77
87
97
84
94
96
93
93
81
94
92
80
90
95
99
70
103
91
97
94
105
85
103
99
109
78
100
78
83
64
37
54
31
90
84
76
42
15
84
96
64
50
21
36
37
49
42
60
44
28
37
6
3
8
19
35
44
65
64
80
73
79
94
74
102
112
96
571
570
604
614
637
115
823
814
4142
3681
3682
3706
3654
3616
3701
3435
88
3438
69
38
35
3618
40
34
34
54
3
3
6
26
17
26
21
21
20
16
61
22
42
52
50
50
45
21
29
34
32
7
4
9
11
9
23
7
5
7
29
49
51
44
66
55
65
76
62
57
70
57
73
104
95
20
12
117
27
51
19
15
105
44
25
4
3
26
13
11
22
49
48
8
18
14
52
12
9
23
23
39
39
38
49
59
58
64
60
55
73
90
88
96
90
103
90
103
88
83
109
90
104
113
106
90
109
97
113
105
99
92
102
90
98
93
96
96
108
106
110
100
109
106
108
100
107
96
107
104
106
105
101
108
109
102
99
106
106
93
106
98
108
98
109
103
111
115
115
114
115
108
114
103
113
106
108
88
99
109
97
97
104
96
109
97
108
101
107
114
112
111
114
101
113
111
109
104
94
113
70
62
80
89
100
88
92
92
82
77
51
53
61
89
94
87
101
87
63
84
83
99
29
46
34
21
86
81
70
13
46
10
10
13
22
4
5
9
11
14
21
19
26
30
28
33
33
48
50
52
69
61
71
63
81
78
89
85
99
100
110
103
110
102
97
108
102
95
104
102
105
98
104
98
108
114
104
119
100
106
100
111
100
96
105
96
107
96
109
89
95
108
77
104
93
103
120
104
115
91
47
109
38
21
115
22
80
89
95
4
3
11
16
20
22
40
38
47
14
10
53
33
51
29
11
30
8
7
7
20
4
11
7
5
19
13
9
15
12
17
7
6
4
6
23
18
7
23
20
31
36
43
42
15
23
32
27
12
46
25
5
12
28
49
47
51
64
64
76
85
80
94
93
85
97
98
95
82
98
94
76
65
39
94
73
52
76
112
63
90
69
64
63
64
79
81
80
94
94
108
98
103
116
117
108
109
110
112
105
93
124
110
122
112
124
132
133
120
121
116
120
106
113
104
99
109
107
93
105
98
91
95
85
89
94
86
81
93
84
93
96
88
93
87
90
96
95
86
98
95
96
88
82
79
92
102
91
88
105
88
99
99
99
105
90
97
91
97
99
106
105
91
106
98
105
109
97
92
106
104
107
102
101
100
110
122
110
119
120
101
94
110
84
60
78
49
41
95
75
57
98
93
91
97
95
112
101
86
105
101
101
117
110
102
117
103
110
97
88
109
80
95
101
104
96
97
91
101
78
83
90
97
99
100
89
101
91
67
84
94
102
100
100
105
94
106
101
105
85
94
94
99
97
101
96
100
85
96
73
98
93
88
78
101
94
93
109
92
80
90
16211
16195
16226
16218
16224
16238
16248
161
156
90
16242
115
141
128
123
150
133
120
136
114
133
120
104
127
119
124
112
119
111
96
88
159
158
159
166
143
130
155
78
78
149
99
107
105
87
115
85
75
54
38
35
104
24
55
4
5
16
17
32
27
48
63
67
57
58
143
128
142
141
145
146
150
160
165
156
88
99
95
102
102
104
104
94
112
101
94
95
90
104
95
101
105
98
107
107
113
119
102
106
113
102
112
111
102
109
106
111
100
113
105
110
91
100
102
98
103
93
107
87
82
93
97
97
107
69
86
99
79
107
93
94
109
98
63
111
61
62
54
63
96
88
95
83
79
71
106
106
131
131
148
136
150
143
156
143
124
106
90
114
103
99
104
94
107
100
94
79
80
101
99
109
97
107
118
123
111
122
119
128
122
101
123
113
96
97
109
114
103
115
112
118
108
119
112
134
123
128
123
128
116
119
129
128
100
106
104
116
104
117
109
108
110
113
111
116
97
97
112
102
114
106
129
111
121
111
129
110
128
119
127
124
117
111
121
108
122
108
117
110
113
105
117
104
96
103
94
103
113
105
120
118
105
122
121
126
107
103
125
106
121
122
120
121
113
114
111
98
108
110
96
103
97
100
87
91
96
95
110
64
57
42
77
20
81
95
31
50
4
5
17
16
14
23
3
4
21
17
17
31
38
46
29
32
48
42
54
59
56
27
25
22
68
12
55
37
14
34
51
3
11
9
12
29
28
25
23
41
30
34
34
37
54
57
66
57
58
75
70
89
89
112
89
104
109
98
106
112
107
101
84
110
107
97
95
108
107
99
113
103
108
103
119
113
120
112
118
111
118
111
121
114
113
105
117
106
119
107
116
119
130
128
129
136
113
139
128
130
145
151
145
141
158
125
134
134
151
131
168
120
142
137
134
135
155
212
208
192
223
241
260
244
244
261
249
204
194
202
147
125
98
62
77
113
102
84
78
105
100
89
86
83
102
88
88
93
79
89
90
93
100
89
101
97
86
92
103
85
96
76
61
69
84
60
94
96
87
101
98
65
68
99
95
95
115
108
115
109
1505
1490
1516
1529
1470
1490
1487
1465
1502
1495
118
76
104
139
63
125
102
100
117
135
149
133
125
148
123
116
127
134
124
129
114
135
116
146
135
135
144
119
143
130
139
140
116
130
119
131
128
117
125
128
114
117
110
120
107
116
106
119
122
121
114
120
111
117
124
110
116
115
102
117
113
114
82
96
117
114
109
116
104
117
109
105
121
120
117
111
124
125
133
136
127
140
132
137
129
143
137
136
124
131
119
121
101
112
125
109
128
141
144
131
144
131
143
134
142
109
125
112
123
100
107
110
118
120
106
119
105
114
101
97
93
104
110
103
116
103
118
104
110
102
123
115
112
109
116
103
107
118
118
109
115
112
117
106
113
106
103
114
123
115
122
115
127
123
128
120
124
121
117
100
109
111
104
120
105
107
114
122
109
125
123
121
113
119
98
108
135
122
143
128
144
125
118
142
117
124
116
131
116
129
118
134
118
123
115
126
118
126
112
127
119
126
119
125
115
101
878
863
874
842
862
828
835
849
867
101
875
90
94
71
80
76
98
100
101
111
99
99
77
91
105
69
108
102
94
99
107
100
80
66
25
38
72
45
61
119
73
8
12
11
10
45
57
58
19
52
61
58
56
56
77
76
91
91
100
106
92
101
93
113
99
98
104
99
104
104
104
82
111
89
79
85
108
92
73
83
98
104
111
110
118
91
87
99
98
93
86
85
91
93
94
98
105
92
95
100
89
102
94
105
94
94
103
94
85
100
100
94
102
91
96
90
87
96
103
93
98
96
101
103
100
108
105
114
106
115
107
105
114
113
111
107
91
83
85
94
107
93
102
101
98
93
106
116
116
115
121
112
110
119
114
94
104
96
104
92
103
93
106
108
111
99
102
113
111
100
99
106
90
99
99
92
86
95
93
77
85
98
86
105
88
90
103
96
98
100
105
113
106
116
98
104
120
117
109
109
105
99
103
100
93
102
80
103
105
90
103
95
101
96
102
98
99
95
105
98
91
77
98
86
74
100
79
74
74
91
98
96
105
84
85
87
101
103
101
97
108
98
107
84
46
33
57
68
92
25
100
69
85
44
83
42
46
67
67
79
62
81
86
73
75
92
77
95
89
101
92
101
100
94
105
68
98
89
93
89
97
91
99
94
94
101
97
96
108
101
98
104
101
93
102
90
101
100
93
98
95
103
95
98
93
74
98
88
97
83
94
86
91
86
97
90
106
91
98
92
79
90
94
92
93
74
86
89
87
77
92
92
98
87
98
81
85
98
96
102
72
39
48
54
89
85
66
68
89
71
54
55
71
72
89
93
102
102
115
101
109
89
97
98
104
93
101
98
100
72
78
101
55
66
90
82
91
66
67
85
54
71
71
88
87
107
101
81
99
110
94
85
86
101
101
110
101
87
100
110
102
115
111
115
81
93
82
87
82
118
114
123
118
135
137
156
132
154
128
114
110
122
102
115
100
73
95
93
92
98
62
97
88
76
78
78
82
81
88
89
67
80
90
92
63
91
81
57
63
112
99
92
122
73
92
69
79
106
107
87
97
112
72
115
71
116
99
118
31
74
106
106
64
99
82
81
99
81
96
84
70
73
97
99
112
109
114
100
119
104
123
105
120
110
101
113
109
117
114
106
110
118
113
110
114
111
116
108
117
106
114
107
116
110
119
116
116
110
118
111
140
132
136
143
142
136
135
137
145
111
113
106
110
99
106
100
92
112
91
100
97
107
92
100
109
103
115
117
106
116
104
119
103
97
116
110
105
111
108
114
107
113
106
112
114
116
110
115
108
114
105
115
108
116
112
112
105
110
107
113
103
89
110
108
105
94
112
112
105
111
109
117
123
118
118
102
94
108
85
114
91
109
121
104
121
116
111
107
117
117
139
138
111
123
109
126
117
133
114
104
109
97
77
84
100
95
95
101
110
111
105
127
115
119
111
113
124
121
126
107
122
116
103
115
107
106
105
106
99
106
115
102
113
100
120
107
111
124
109
123
114
107
82
99
111
118
104
113
105
118
108
121
116
120
103
116
113
110
124
123
113
129
120
126
119
126
123
117
126
116
100
125
124
117
127
120
132
117
139
131
143
93
126
113
91
100
79
111
119
114
120
136
124
94
132
134
100
119
126
108
131
112
111
113
118
101
104
73
93
93
104
104
110
119
100
117
113
120
113
122
121
112
112
92
109
89
104
111
99
109
101
115
103
96
114
95
119
112
123
118
136
118
133
132
97
104
122
120
105
99
119
95
103
116
109
107
109
108
121
121
120
119
111
93
105
52
32
73
39
63
84
34
4
14
25
24
26
29
30
47
37
17
22
9
34
26
33
38
55
51
64
49
57
59
61
83
83
91
104
108
102
112
107
102
97
106
92
91
102
86
99
79
91
85
91
89
89
94
110
97
102
102
96
114
107
112
105
100
113
95
112
98
118
99
118
111
124
111
113
129
98
99
107
111
75
64
86
100
107
94
82
103
94
104
105
109
95
101
102
114
109
111
117
100
93
99
107
82
87
112
91
107
110
109
107
104
121
121
127
106
117
108
119
106
115
106
104
119
113
101
99
91
115
80
111
103
114
106
108
115
111
89
93
92
108
100
107
95
106
93
97
111
113
106
95
109
101
108
86
93
111
90
99
106
90
102
95
100
94
105
97
105
103
101
86
93
108
105
100
99
108
108
101
111
89
104
104
106
121
124
114
124
110
114
123
104
129
116
61
95
104
104
76
83
111
97
108
112
105
111
110
81
98
97
102
117
105
98
110
89
99
114
104
110
118
111
108
122
122
112
114
127
124
111
121
114
122
119
120
112
115
104
115
100
113
105
110
109
116
114
118
115
110
100
109
105
106
97
103
92
99
106
98
109
109
105
112
99
91
105
80
91
108
98
109
102
105
100
113
106
110
102
108
97
111
103
114
112
112
105
98
110
117
120
132
141
125
137
124
139
115
127
120
121
104
121
118
113
123
118
127
99
119
122
103
121
113
100
373
381
847
863
867
866
862
864
865
857
584
601
112
116
106
110
102
114
106
123
106
113
107
117
113
120
113
111
100
112
104
119
135
150
152
137
145
133
138
146
147
152
119
114
120
118
123
115
121
112
124
112
119
108
106
114
113
106
103
114
115
112
111
109
120
108
120
107
121
112
110
118
120
111
121
112
118
110
118
110
118
104
118
109
84
112
93
109
107
101
95
104
102
98
112
87
103
104
119
112
119
113
105
118
113
101
115
104
114
101
112
110
111
104
77
89
113
107
113
107
117
109
116
89
101
99
104
98
114
110
99
107
101
113
101
108
109
109
88
101
110
97
109
100
107
85
81
109
100
116
101
117
110
97
107
98
118
110
108
121
122
105
109
96
107
116
108
100
81
91
94
88
85
94
88
84
93
76
98
99
121
120
117
109
117
123
116
104
111
125
110
103
125
119
123
107
82
57
42
48
30
64
79
94
87
5
6
6
19
34
42
23
17
29
29
21
12
6
9
4
21
21
10
5
5
22
5
15
12
4
7
2
4
5
4
7
29
21
24
24
24
29
17
14
9
17
8
6
33
32
23
42
39
22
35
20
62
54
52
72
69
62
43
32
54
72
39
31
74
31
41
81
2
4
8
20
4
17
17
28
14
28
28
29
6
8
5
6
13
14
25
50
43
35
40
63
70
73
87
88
105
100
109
98
88
97
103
99
102
92
103
94
102
125
119
132
125
134
123
128
120
77
127
64
50
44
86
125
96
85
96
82
59
59
76
76
97
97
105
100
101
90
98
87
81
67
85
80
87
85
86
81
86
81
81
87
79
81
73
85
72
83
91
81
76
90
82
98
91
92
77
87
94
108
107
107
100
98
110
112
93
106
101
91
84
95
86
81
82
98
105
101
115
112
74
115
62
48
113
87
81
77
85
64
47
75
66
65
63
65
66
97
99
99
108
102
104
60
65
68
68
20
48
38
33
65
11
13
27
28
36
25
47
48
66
63
71
62
69
70
85
86
100
93
96
75
89
98
91
106
89
87
97
85
83
94
72
85
91
92
90
92
91
92
94
97
88
87
90
85
97
81
90
76
83
90
74
82
89
81
78
93
73
80
89
83
73
82
88
78
88
70
79
81
82
97
84
73
97
85
95
88
94
84
96
84
96
89
105
90
97
90
102
92
99
97
100
92
97
85
85
97
95
91
98
86
85
96
76
89
96
81
74
94
90
78
86
85
83
84
99
83
92
86
93
86
91
91
97
85
95
85
91
81
76
92
85
99
83
88
82
17983
17984
17980
18023
18003
18013
18011
18018
18033
18029
148
150
151
127
144
141
153
144
152
161
140
150
146
137
191
201
188
172
181
167
171
172
183
109
127
118
115
123
108
93
94
66
109
90
114
109
93
101
95
111
81
109
98
83
93
87
93
92
94
86
95
81
84
95
83
86
79
89
84
88
94
85
83
99
70
81
94
84
83
92
90
89
92
96
78
79
94
84
90
95
93
89
98
90
103
102
104
94
118
102
88
37
60
107
21
93
78
59
40
71
12
19
12
14
15
17
6
17
29
30
39
40
53
54
50
57
71
69
87
84
89
94
88
70
94
97
84
72
94
91
91
103
101
118
101
109
107
116
109
120
105
117
108
116
120
88
22
59
73
31
109
66
101
43
31
18
7
8
21
35
43
56
55
73
25
61
71
35
68
63
62
51
66
7
20
14
18
4
5
6
3
3
18
6
40
36
35
47
57
66
61
73
96
95
112
103
113
108
112
97
85
63
41
38
56
73
51
95
4
14
5
13
29
38
36
31
41
32
40
47
48
59
50
67
58
5
10
22
27
31
32
47
56
61
61
50
68
67
91
84
104
109
116
107
134
128
130
112
126
117
129
113
122
132
115
131
122
117
131
114
97
106
101
110
88
88
74
79
96
94
101
101
91
87
66
100
72
99
97
100
104
92
31
73
90
92
64
22
45
58
59
52
4
11
21
23
40
41
52
48
51
40
54
56
72
58
41
37
39
4
11
25
23
41
41
14
32
10
19
36
6
15
18
10
16
16
17
32
39
33
44
45
54
53
76
79
72
67
83
76
91
87
86
95
85
83
96
81
98
99
95
108
100
102
115
103
100
93
83
104
101
97
105
100
112
98
109
103
107
116
106
115
118
115
115
122
121
115
120
111
119
117
105
92
113
118
77
100
95
111
101
112
100
116
105
96
110
87
104
96
109
98
96
85
105
102
83
99
85
89
70
82
88
84
91
86
89
88
103
94
93
98
104
96
68
89
77
98
97
85
95
77
87
89
99
91
85
101
94
110
96
106
99
108
92
103
91
97
89
104
79
97
87
93
104
99
104
96
111
111
106
120
112
72
101
82
96
84
95
88
91
93
92
70
75
96
88
89
97
97
71
78
86
98
90
95
93
84
82
88
78
94
99
92
95
104
101
93
109
101
105
93
102
95
101
91
101
101
93
81
74
44
64
50
100
75
84
73
81
54
62
61
62
83
84
87
85
91
97
87
98
97
92
98
81
95
104
92
93
87
97
88
88
82
92
86
94
68
87
99
76
84
83
96
88
87
97
83
83
90
98
96
103
109
90
106
99
54
44
121
38
64
78
99
111
2
5
31
40
22
25
19
28
30
51
7
59
4
14
4
24
7
23
28
23
45
4
8
6
6
5
26
42
16
4
22
7
8
7
5
17
5
34
5
9
9
28
20
46
23
33
13
15
36
9
4
23
37
39
34
51
65
38
72
75
58
97
37
23
54
21
71
20
52
61
3
34
21
31
15
24
17
18
26
15
13
7
10
11
3
4
24
32
36
47
45
64
58
71
75
74
86
93
95
86
76
86
90
84
84
77
96
85
85
86
95
79
77
105
91
75
69
39
58
26
70
55
22
57
3
2
14
34
43
52
52
50
65
75
81
74
87
71
72
85
94
89
87
86
85
93
87
73
90
82
79
88
79
92
85
92
88
94
79
81
69
87
83
73
83
98
85
99
79
91
82
99
64
55
46
71
89
72
81
76
75
84
82
70
62
44
62
55
62
61
84
74
85
78
59
82
68
67
67
91
86
87
84
80
85
89
81
82
82
81
91
85
57
70
68
83
85
81
83
85
78
84
83
1356
1348
1346
1361
1359
1376
1363
1376
1382
134
120
134
132
117
103
114
86
95
120
104
111
116
117
112
122
118
112
110
118
125
121
112
117
91
99
77
106
93
106
96
107
104
113
87
107
108
116
109
109
98
107
110
98
101
94
106
98
104
112
114
103
106
112
101
109
90
108
92
103
74
81
86
83
93
78
64
77
86
87
109
109
122
108
120
113
120
107
119
104
117
114
116
107
116
108
111
118
120
106
108
109
98
108
101
111
98
109
97
109
108
114
106
97
111
90
95
95
85
101
102
96
113
104
116
116
130
110
121
105
100
107
108
101
99
109
109
102
105
101
92
95
84
103
96
94
103
91
107
108
107
101
104
110
103
112
87
106
93
110
105
113
107
115
104
117
109
87
107
99
109
97
111
94
101
100
108
106
105
94
110
105
116
109
124
113
135
128
139
124
129
138
140
131
109
131
113
106
120
113
116
104
115
112
117
115
124
134
109
127
102
111
116
109
106
117
101
114
105
99
101
95
104
107
94
103
111
112
99
103
102
115
95
105
86
96
107
104
98
111
85
108
100
83
86
108
88
107
93
103
101
88
115
90
89
108
105
100
115
105
87
155
150
144
150
162
148
145
77
141
82
88
85
94
96
82
91
90
88
108
108
102
112
110
103
114
106
102
116
105
115
111
103
107
91
96
103
89
99
90
93
85
88
87
102
100
105
104
95
101
100
106
109
107
105
99
104
94
97
107
103
93
84
94
102
89
94
89
91
100
82
102
82
101
89
82
91
67
68
99
74
89
90
83
92
90
78
80
80
127
121
129
121
124
120
118
131
111
97
97
104
94
107
105
111
101
108
104
105
105
101
116
113
105
112
103
111
102
115
107
110
105
106
95
97
110
97
99
103
107
96
87
107
95
104
81
84
83
97
115
96
95
82
103
95
102
85
95
102
104
82
100
90
108
107
102
113
96
102
101
109
110
107
101
88
101
86
67
80
97
91
82
95
96
95
104
87
87
91
100
69
69
95
102
95
95
96
92
77
65
62
28
18
94
66
40
65
41
14
12
31
30
27
44
48
44
18
20
42
3
4
13
6
9
17
15
18
7
10
11
28
44
52
50
35
45
19
33
49
23
34
6
5
36
37
48
56
45
45
31
24
29
45
44
47
31
20
21
36
41
36
57
57
44
67
71
83
73
87
85
97
73
93
92
104
91
96
84
93
99
105
90
105
93
111
104
114
104
118
75
56
21
51
32
96
100
62
89
7
14
6
15
3
6
9
4
4
10
21
23
37
35
47
42
45
16
49
50
10
31
28
4
5
13
17
3
3
20
29
26
29
48
64
63
77
59
67
42
49
78
35
21
51
79
11
9
16
20
19
5
3
9
24
3
5
3
4
5
8
5
22
21
21
13
20
28
28
28
43
36
44
51
70
69
70
64
71
70
83
87
86
101
90
101
104
95
97
108
102
88
78
97
90
95
62
50
83
66
71
91
87
89
104
98
108
98
88
87
108
102
107
76
87
109
60
38
47
69
107
105
51
105
93
92
112
112
356
369
370
386
372
343
353
329
345
98
85
106
102
95
100
85
95
103
97
98
109
109
98
92
101
111
94
105
93
102
81
106
82
96
112
101
113
114
131
110
130
111
124
116
121
123
119
107
115
106
98
112
109
100
107
105
112
105
114
108
111
109
115
112
120
112
110
108
92
108
118
109
117
108
112
104
117
115
114
134
112
121
118
111
120
113
116
114
113
98
101
109
107
103
91
100
109
105
106
108
107
87
98
107
100
103
97
99
84
95
102
108
106
109
92
105
99
88
105
105
100
93
107
106
94
110
107
113
105
113
109
116
106
118
113
113
111
115
123
110
107
122
119
120
118
120
117
120
106
120
99
106
113
114
107
113
107
76
57
25
93
84
67
36
43
15
16
30
27
32
31
35
54
46
53
68
9
39
13
37
42
13
3
10
6
8
34
24
22
53
54
45
47
23
42
19
21
29
16
2
5
4
5
5
3
14
5
7
3
4
10
4
22
3
5
18
29
27
54
54
26
29
23
44
23
41
23
31
6
9
8
12
39
50
27
11
29
33
42
19
52
18
9
6
20
3
22
5
35
13
14
18
8
20
13
44
54
58
63
67
66
73
66
85
48
26
41
61
90
93
33
44
77
5
18
13
4
16
7
9
25
23
24
31
33
35
20
36
11
23
4
4
3
24
44
52
56
56
44
84
85
92
100
101
112
108
116
109
121
101
112
88
101
114
111
96
115
86
109
110
110
114
96
108
100
116
115
116
133
100
97
118
114
102
88
90
79
68
101
111
55
59
95
93
111
83
83
73
85
85
104
104
119
112
105
119
119
115
112
111
103
107
97
103
102
93
99
97
106
97
108
96
99
99
90
102
88
107
95
104
78
63
69
31
93
84
57
61
17
11
12
33
36
25
42
53
71
71
97
96
107
81
84
87
127
125
131
119
120
107
121
85
100
101
112
115
103
102
120
110
118
105
122
127
116
123
123
80
93
99
72
121
106
93
100
84
83
93
110
97
110
106
116
104
120
118
95
105
80
126
101
99
106
96
99
81
52
45
41
32
58
93
60
59
8
6
21
21
22
21
34
38
27
16
19
46
38
37
20
8
17
31
32
49
61
60
72
68
79
82
54
26
85
80
83
39
66
48
83
19
4
6
14
5
5
6
14
18
14
34
52
60
54
71
59
64
86
84
104
116
119
126
118
115
122
99
90
124
109
113
101
84
81
110
39
92
61
46
32
34
10
10
9
9
3
21
29
37
50
52
39
60
47
64
79
111
108
65
50
107
48
59
99
52
77
18
4
7
21
28
29
28
48
48
51
52
73
84
57
61
66
77
70
69
64
43
66
65
48
30
28
23
39
48
40
53
55
54
54
55
87
86
104
93
108
96
113
96
97
109
116
118
104
111
105
101
102
107
105
107
98
89
108
98
114
102
86
52
60
77
23
39
115
31
99
75
3
5
5
19
7
28
9
25
30
32
49
56
66
78
85
72
77
73
89
78
99
107
609
601
619
620
631
634
637
620
628
595
118
113
120
100
111
103
107
95
114
115
106
100
116
107
106
100
118
102
106
106
121
108
121
107
119
106
118
105
117
106
118
104
115
108
104
116
115
107
112
110
44
54
63
94
60
84
72
58
80
61
60
79
78
96
95
96
114
76
86
87
95
93
84
75
79
90
87
74
86
80
87
87
81
95
93
91
96
88
80
80
95
92
89
19
64
84
54
43
36
71
81
80
48
61
81
71
70
67
85
79
85
70
93
78
85
85
93
98
81
89
78
85
79
87
69
85
85
92
90
90
96
83
86
81
79
67
85
76
66
76
55
28
36
51
46
21
85
3
6
7
3
16
14
11
9
13
10
8
17
17
22
24
14
15
14
30
39
40
54
57
58
67
67
78
84
81
82
97
70
89
87
82
81
92
89
72
86
19277
19270
19312
19326
19307
19325
19325
19396
284
244
179
213
261
247
249
184
238
175
231
242
160
244
160
174
166
159
161
87
158
71
89
81
44
53
63
68
69
78
55
75
68
66
87
99
99
113
112
121
117
115
124
127
128
108
121
115
115
111
83
93
114
108
96
104
107
96
107
95
116
86
109
109
116
115
129
117
153
138
147
122
144
133
140
131
143
111
103
114
106
115
106
118
107
115
113
117
101
106
114
109
114
114
105
115
108
116
108
114
112
116
107
117
110
117
114
116
108
115
107
121
116
118
112
114
106
114
111
110
93
103
75
54
67
92
84
91
89
91
90
87
67
66
82
93
93
104
102
108
97
115
101
113
105
118
106
95
105
117
104
111
111
103
109
94
96
105
86
63
80
42
70
45
102
58
34
7
24
22
33
37
47
50
54
51
57
60
67
79
72
88
79
91
89
97
85
82
93
99
90
96
85
97
91
100
93
93
92
101
90
84
91
98
83
98
91
98
102
91
91
107
103
90
93
90
101
72
79
104
65
54
92
100
86
96
89
80
102
91
92
110
109
123
116
121
111
112
110
114
111
115
107
107
99
117
109
116
114
113
106
82
92
93
80
104
98
93
106
98
80
92
92
109
110
112
105
103
114
108
117
117
103
116
104
120
111
120
109
117
108
97
110
107
103
95
89
93
95
94
99
80
106
104
89
106
94
97
108
131
118
111
115
124
122
133
90
106
104
111
122
115
92
103
78
116
85
101
100
16
46
55
92
53
74
16
101
16
4
19
16
19
24
22
36
7
33
4
16
4
7
9
35
37
33
40
50
62
60
61
59
59
64
73
68
55
33
26
71
46
8
65
2
3
17
14
42
41
16
17
21
17
36
38
20
5
14
11
18
17
20
35
21
33
39
40
33
18
34
20
11
30
30
46
56
56
64
65
94
95
96
22
90
57
78
75
62
87
91
5
17
26
28
42
44
54
66
60
57
67
69
77
92
83
96
102
90
92
100
73
92
54
96
63
78
46
44
84
106
104
85
76
53
73
72
89
89
84
105
97
109
98
109
96
109
98
100
109
104
82
91
112
111
110
116
114
114
112
111
102
123
121
119
112
103
97
117
111
105
102
118
114
102
109
101
99
95
108
102
101
95
106
103
90
105
99
99
106
107
91
61
40
86
49
107
102
75
103
92
111
101
76
68
88
87
110
109
118
110
120
114
120
110
106
101
111
102
93
115
99
104
95
109
98
125
109
111
118
95
105
127
119
140
118
129
115
121
115
130
131
90
105
133
122
112
114
102
91
58
56
108
57
34
43
56
101
82
64
16
62
4
8
12
15
21
27
15
20
25
19
29
31
17
30
14
4
15
28
35
32
56
19
43
27
37
42
54
51
16
3
19
54
4
7
3
10
4
26
18
10
39
41
32
15
30
23
13
44
5
3
8
12
31
30
18
1
3
17
8
8
6
2
11
3
3
3
7
8
27
43
38
35
48
40
56
74
80
78
69
57
43
87
75
52
88
103
106
97
49
38
48
48
53
106
32
15
35
48
48
41
49
50
69
70
69
69
68
58
68
100
106
114
92
74
72
85
86
92
101
99
86
90
48
58
68
82
51
83
82
98
98
99
56
30
24
50
56
37
56
56
55
3
23
19
21
21
38
47
54
70
53
52
70
74
96
107
108
118
50
48
90
82
85
91
92
103
95
68
84
77
106
75
113
101
103
115
104
112
106
103
112
100
110
104
98
108
85
103
90
94
73
86
57
80
74
82
81
78
75
79
101
93
105
102
112
104
118
110
119
110
120
121
131
112
95
116
107
108
103
108
109
122
101
132
111
120
73
102
87
94
92
79
77
99
97
82
98
99
117
116
105
99
132
108
100
106
116
108
116
108
109
91
111
117
126
135
114
127
122
57
76
100
5
24
91
36
48
121
37
111
7
9
10
18
13
13
28
37
44
51
49
67
84
68
67
75
55
34
79
45
68
78
4
5
23
22
5
6
19
28
21
21
22
9
4
5
22
28
45
44
64
44
22
13
33
58
66
61
38
5
8
25
28
9
21
40
40
40
60
65
56
29
54
65
74
32
12
12
42
37
60
99
73
108
75
8
102
5
6
4
3
16
24
5
4
18
14
24
4
17
4
4
9
10
24
38
38
43
34
40
54
49
66
68
67
64
56
63
57
77
92
92
101
98
100
90
91
103
99
98
105
103
107
106
100
113
110
98
102
100
106
88
83
98
90
91
100
101
96
108
107
117
105
95
108
106
104
94
107
93
91
100
100
94
103
95
104
100
105
95
97
106
106
93
115
110
106
129
125
123
127
140
121
130
97
105
112
93
86
72
100
95
99
99
102
98
97
103
108
99
101
116
111
102
106
104
106
104
85
103
90
92
98
111
97
104
98
107
109
107
109
104
112
100
114
100
117
106
110
100
95
115
98
112
98
109
98
110
99
113
105
113
107
113
106
101
106
85
111
97
97
109
107
89
79
93
112
91
104
98
106
97
99
81
101
100
112
104
103
111
105
107
94
100
102
96
97
86
93
91
90
98
87
87
97
92
89
91
101
91
92
96
85
100
92
102
91
102
93
106
94
110
97
98
106
111
108
110
99
107
104
108
87
96
102
92
102
83
92
101
85
100
84
98
105
109
99
107
100
105
113
112
105
109
99
99
112
112
105
113
102
111
91
109
113
101
110
99
111
99
104
99
109
102
99
111
102
108
96
107
108
97
102
110
108
102
108
97
106
87
97
94
107
98
90
87
98
91
78
84
0
74
93
54
83
78
72
91
83
79
100
78
76
93
93
103
96
91
88
105
95
97
99
106
97
102
83
87
120
99
110
99
104
114
121
112
106
100
110
108
107
100
95
105
97
105
91
85
72
102
83
103
94
101
82
91
84
94
101
90
100
72
47
61
58
82
96
87
91
97
91
79
80
76
88
87
85
77
95
105
85
97
107
96
110
105
100
105
112
110
121
99
99
111
113
75
59
29
96
39
67
47
93
106
5
8
4
3
18
5
8
8
22
41
30
22
37
58
57
68
55
74
76
73
64
62
31
68
71
40
66
16
8
10
27
45
68
77
62
75
80
81
93
80
88
103
110
112
110
96
124
98
127
124
140
118
100
138
98
114
114
102
105
118
72
114
81
90
95
97
115
101
111
109
119
116
129
135
106
102
110
102
114
107
109
102
102
110
110
107
111
98
104
97
92
92
100
98
91
89
84
94
106
100
100
95
114
103
107
97
115
92
101
93
95
109
106
92
91
108
118
110
113
111
106
95
103
89
94
109
101
88
95
105
109
112
106
117
116
109
112
94
94
116
75
94
95
105
101
105
97
106
105
110
118
89
102
114
113
88
102
112
97
111
92
103
109
120
105
123
106
103
114
90
98
66
26
89
34
59
43
81
52
105
4
5
12
14
16
31
18
20
33
50
59
60
38
59
79
77
83
78
89
92
78
82
72
74
86
53
91
69
59
88
83
84
81
88
84
87
88
97
80
54
83
60
95
45
86
39
27
7
14
5
15
4
5
12
13
7
14
14
22
5
20
4
3
16
5
3
9
23
20
6
21
13
4
4
21
32
15
18
34
47
48
40
51
62
66
79
71
84
82
99
90
101
95
103
106
111
119
114
134
120
119
115
130
119
121
130
127
118
120
110
122
113
120
112
119
113
119
118
112
121
110
119
118
111
117
110
118
115
118
116
117
102
99
113
111
104
108
101
105
98
104
93
101
98
101
96
90
76
85
74
92
96
90
97
75
89
92
88
78
90
85
92
88
99
91
93
84
93
90
103
103
92
96
90
106
93
106
89
94
102
104
94
104
98
100
91
98
94
103
108
89
102
91
96
96
103
92
84
94
76
102
96
76
84
84
90
95
84
106
107
107
101
102
101
114
109
114
90
102
94
100
99
99
87
88
96
90
97
96
91
97
87
96
85
80
80
89
98
89
98
95
97
103
97
107
85
105
115
93
107
95
100
112
78
93
107
97
88
104
101
94
101
83
89
89
77
115
101
108
100
115
97
113
102
111
99
108
102
109
97
110
102
107
101
111
103
111
105
115
108
118
110
124
117
122
119
120
111
118
94
116
96
112
116
100
112
101
113
102
107
106
119
110
115
106
115
107
92
104
112
116
104
107
115
101
88
114
107
104
101
95
104
91
109
94
106
98
107
96
101
91
106
98
102
102
80
87
101
90
99
108
88
89
16
37
16
89
82
48
27
69
53
73
18
15
36
35
58
50
55
62
74
65
87
85
108
105
125
107
113
137
122
130
116
111
125
107
125
125
112
120
115
120
116
119
110
108
116
105
114
112
103
108
101
198
199
206
263
256
267
258
279
272
285
193
186
171
129
127
141
112
103
98
85
73
70
56
49
125
6
3
5
13
11
12
10
5
3
5
3
11
15
2
19
17
66
63
71
51
66
83
85
86
92
83
88
113
111
131
99
114
72
35
122
45
82
94
130
5
4
18
7
19
23
14
21
34
46
42
24
8
3
6
7
5
4
9
7
26
24
20
22
16
12
32
50
33
39
43
38
41
34
25
11
4
21
30
32
50
62
58
45
57
43
33
39
53
87
85
112
97
100
35
66
61
62
54
86
95
8
17
37
37
39
31
32
34
36
39
