42
65
114
115
120
48
137
110
141
57
126
140
72
76
125
50
6
38
37
55
48
78
6
41
77
106
117
104
106
139
142
111
69
86
106
57
61
95
128
97
93
120
119
121
88
126
89
78
86
106
89
89
83
88
75
109
91
95
79
83
48
93
120
116
92
132
117
101
277
248
266
258
265
292
268
85
107
39
66
17
50
15
18
277
66
98
34
102
94
6
4
7
5
6
10
7
25
29
37
32
31
31
52
53
62
70
68
66
63
76
89
87
97
97
100
104
99
103
99
104
62
65
74
93
80
108
97
70
69
56
82
107
93
102
102
68
104
77
82
92
90
96
111
107
113
110
103
123
115
108
126
117
109
100
117
121
125
112
127
124
105
118
104
94
83
95
106
91
78
103
107
103
108
104
119
106
124
113
127
116
121
117
117
112
114
101
115
108
90
97
118
81
108
103
97
114
88
104
95
83
67
47
61
46
39
37
93
94
87
93
3
5
12
6
18
18
10
17
5
20
11
18
38
49
59
36
39
50
52
66
63
87
87
99
93
94
104
111
96
127
102
104
116
88
119
117
109
101
117
90
81
102
71
92
96
93
88
108
102
103
97
105
98
110
104
90
109
103
106
102
86
107
97
102
105
92
116
103
113
101
110
112
95
113
106
124
103
69
90
50
111
43
22
83
67
27
109
4
5
18
14
9
11
15
3
22
45
49
59
57
69
77
76
91
100
110
109
88
71
55
104
48
38
57
36
34
29
119
14
9
86
56
39
39
71
57
52
16
47
41
59
47
55
55
54
78
78
93
89
97
87
100
91
105
91
104
96
104
92
105
91
83
78
70
83
90
101
97
93
77
87
92
102
99
116
107
83
105
104
110
98
103
103
85
97
125
119
125
131
133
122
137
126
86
109
96
95
90
80
98
85
91
74
86
83
75
84
88
88
87
91
97
89
101
92
100
100
98
95
84
76
97
83
88
81
91
88
84
88
92
77
78
85
90
85
83
72
89
100
90
99
107
65
43
84
26
33
112
59
94
23
52
106
3
5
11
28
29
21
49
47
60
68
65
68
91
72
75
99
91
84
96
95
89
82
98
82
97
78
91
3728
3725
3730
3730
3724
3720
3711
57
41
42
25
27
28
30
32
33
34
36
37
38
3736
9
9
13
34
31
28
13
12
36
42
39
47
57
13
21
22
44
47
12
41
16
10
8
158
180
177
181
37
33
47
38
32
59
61
3
3
11
15
25
3
5
15
14
14
22
27
35
41
36
31
37
19
12
39
4
26
26
44
56
55
68
64
63
82
89
82
85
92
96
103
104
113
106
108
92
98
102
100
112
109
130
110
122
114
134
124
122
106
122
106
116
110
112
104
89
94
102
82
87
102
94
75
77
69
68
62
64
98
91
89
88
3
11
8
15
17
40
35
17
43
34
45
18
14
45
43
22
11
24
19
5
13
15
21
36
12
9
22
20
4
3
21
12
3
4
10
31
25
41
49
21
41
50
25
23
45
42
27
12
5
18
20
18
19
23
27
45
41
45
23
46
62
69
64
98
60
110
121
122
136
151
161
150
99
88
119
123
117
128
119
108
122
109
120
110
106
117
108
117
124
120
112
111
99
104
112
110
94
96
105
108
102
111
98
90
111
95
105
106
81
92
95
83
89
96
92
88
95
87
97
103
105
102
85
101
96
108
102
106
110
102
109
111
124
108
100
103
65
51
97
32
77
60
90
45
22
8
4
6
40
37
46
49
61
57
73
83
75
76
92
102
105
58
62
54
89
87
86
93
41
65
21
56
40
10
37
11
20
21
38
40
51
50
69
53
55
72
69
86
73
97
94
100
65
34
97
41
17
83
76
50
20
92
14
6
4
4
16
19
19
31
45
44
54
67
66
83
75
89
85
61
44
31
72
65
47
90
81
72
61
53
64
64
61
72
66
84
84
96
100
104
94
103
100
94
77
97
102
87
88
98
105
92
107
91
76
87
100
93
103
109
91
102
92
106
106
119
103
115
103
106
113
88
104
109
112
98
105
99
106
99
117
103
100
100
111
85
105
92
109
118
106
122
108
110
127
127
115
120
117
107
115
91
109
113
110
98
101
103
79
35
91
86
47
47
68
38
46
10
11
21
25
43
65
65
59
72
66
61
73
75
90
89
107
90
106
94
98
107
83
25
62
106
45
59
71
103
33
5
10
2
4
22
7
5
22
34
30
33
37
41
17
24
27
37
3
5
23
33
29
37
36
39
36
44
49
46
59
61
77
66
72
79
75
86
84
90
89
96
84
99
100
90
103
96
106
105
124
111
121
110
119
126
118
127
126
114
124
117
115
122
99
88
107
97
105
91
87
98
87
75
95
96
83
91
83
92
101
110
96
98
106
99
107
96
93
107
109
104
102
104
87
78
96
110
109
102
107
96
112
104
76
74
75
105
92
93
96
92
97
77
93
94
89
99
101
108
105
91
96
114
96
105
93
99
81
70
88
86
110
96
95
85
102
63
112
55
68
67
100
91
50
62
62
59
61
93
103
103
110
72
95
101
85
82
92
89
50
85
79
50
53
72
99
104
96
109
93
105
116
128
103
115
98
103
101
111
112
122
106
110
91
102
91
118
109
86
96
102
94
120
128
127
96
133
88
102
99
92
114
88
93
88
94
77
104
90
117
107
113
111
118
115
109
133
117
99
90
106
94
88
97
75
103
96
91
99
92
90
104
111
89
100
94
96
99
97
103
100
103
97
115
112
121
116
122
114
117
105
112
110
100
97
105
84
109
123
120
110
97
122
110
107
94
102
97
105
105
97
99
101
120
117
116
112
98
114
98
108
111
101
109
98
104
101
108
96
100
95
99
78
87
85
101
101
96
101
94
95
99
94
100
111
94
106
101
104
103
103
90
110
99
107
100
99
93
99
99
106
87
101
97
92
101
95
105
111
100
106
113
100
122
88
111
96
104
87
79
45
25
26
67
60
92
53
16
16
15
19
16
11
6
7
40
28
42
46
12
36
40
46
42
18
42
11
45
7
4
3
14
15
22
19
9
23
8
19
23
33
17
30
19
12
3
3
23
4
2
12
13
31
41
58
62
62
57
42
68
46
55
48
43
40
31
6
3
18
18
32
31
27
10
26
25
41
28
35
39
3
5
8
14
18
26
32
29
13
35
26
22
41
40
31
23
11
8
6
9
19
39
38
53
52
59
56
61
77
81
102
109
100
146
162
146
153
129
130
129
188
168
183
153
127
108
74
54
68
4
15
81
5
5
10
84
82
32
31
27
25
26
47
18
30
29
10
8
10
37
40
61
71
63
56
55
69
62
92
95
88
103
109
101
121
132
116
119
108
116
111
125
122
115
113
113
101
97
113
107
94
116
127
128
113
126
114
129
120
128
112
114
100
112
99
115
100
118
105
120
82
64
42
68
94
48
28
119
102
4
2
5
22
14
16
19
18
10
7
20
18
24
23
6
3
22
3
5
12
21
22
33
31
45
47
50
54
53
62
57
69
61
7067
7102
7117
7103
7108
7109
7107
7110
49
7114
127
87
3
13
10
25
18
19
34
51
34
12
47
14
31
50
10
4
3
2
23
15
38
33
54
52
44
58
78
79
75
104
89
101
105
104
99
97
106
88
40
62
45
24
104
55
95
63
20
8
7
30
12
26
30
13
24
27
35
45
15
4
17
30
37
39
36
39
61
57
59
86
80
87
84
94
69
98
93
87
89
89
99
90
88
81
95
92
93
104
90
95
100
98
93
91
86
89
86
96
104
105
99
98
109
100
104
103
104
86
108
101
100
92
95
78
84
89
97
97
107
93
98
87
99
79
98
87
84
82
101
90
106
96
111
99
107
101
113
115
113
106
112
105
111
108
115
106
113
104
111
108
138
136
129
137
116
138
130
125
137
143
100
114
102
117
100
118
108
112
111
96
116
97
101
116
112
100
91
98
112
95
110
108
107
114
103
122
113
125
106
117
99
83
94
109
90
107
90
85
71
67
88
73
102
91
100
94
100
90
112
93
87
95
96
104
94
83
102
91
102
93
97
101
101
105
99
102
96
108
92
93
96
85
102
88
95
90
91
97
97
97
100
81
89
62
74
88
83
94
95
96
77
74
82
88
79
82
79
128
107
107
108
127
115
122
132
134
87
101
132
96
113
110
98
97
113
114
106
109
123
125
102
117
108
106
103
112
123
128
130
129
105
122
119
127
124
121
106
113
106
95
100
101
105
119
110
100
88
114
116
109
106
117
102
110
108
90
80
111
120
107
105
118
98
108
114
103
120
102
114
110
114
101
110
101
95
108
101
104
89
98
100
89
93
106
98
102
103
109
119
106
122
114
121
113
126
123
125
120
127
112
124
116
121
119
112
118
122
112
118
105
101
107
116
115
102
120
115
93
107
118
117
118
86
65
49
26
73
107
95
36
58
6
3
8
27
17
17
5
35
19
37
37
46
49
57
65
58
46
36
51
39
62
81
80
102
76
105
74
77
90
74
89
87
105
103
105
95
76
59
19
88
96
86
46
41
28
22
4
3
10
15
16
35
46
55
35
31
38
56
56
64
62
84
80
73
80
93
86
96
84
92
109
100
86
102
71
82
92
9
77
16
89
44
56
74
39
9
18
19
32
25
24
71
60
65
76
90
68
62
48
20
11
65
42
81
58
3
7
8
16
20
26
29
38
51
46
38
52
37
75
66
62
69
76
89
76
55
57
54
65
82
83
72
100
106
72
74
78
95
92
100
91
97
69
98
73
80
101
48
15
38
80
99
64
11
26
24
10
19
22
11
4
5
9
17
53
55
17
18
50
18
19
54
7
19
9
5
2
1
6
6
2
3
5
22
16
19
20
24
25
20
30
37
34
35
49
51
47
50
46
26
50
52
30
29
19
8
34
34
4
29
34
4
9
15
12
10
10
18
23
28
19
14
10
29
25
27
35
33
20
17
8
6
18
16
14
32
22
30
19
16
22
18
21
28
3
9
10
13
11
10
16
12
20
22
23
16
24
27
19
19
16
33
31
30
38
38
23
36
34
22
6
27
20
4
3
3
4
1
1
1
4
210
213
4
22
48
57
54
60
58
70
92
64
95
39
86
82
73
52
83
70
85
62
69
59
50
68
77
63
37
25
71
49
48
50
5
16
27
38
52
27
43
19
26
43
30
17
40
5
8
21
32
21
41
46
52
48
64
66
63
88
78
84
89
73
78
84
70
101
67
100
33
75
18
56
52
58
5
19
21
23
8
12
12
16
24
28
34
22
32
18
28
16
10
29
6
11
8
7
36
7
7
10
24
50
33
14
41
59
56
72
73
54
64
68
50
70
53
27
29
64
5
17
21
71
34
51
42
47
59
58
51
49
80
92
79
99
92
87
108
101
91
85
104
100
103
90
81
106
97
93
106
95
106
99
92
87
112
86
89
94
101
105
121
109
124
110
108
101
96
86
80
87
93
83
98
96
86
74
91
91
108
109
78
69
90
60
102
111
97
83
103
112
92
108
109
126
100
109
101
111
110
93
106
65
72
82
104
58
94
82
103
97
86
104
77
96
94
114
112
114
110
90
107
99
97
105
90
74
99
93
100
91
96
91
83
101
96
91
108
102
93
97
92
89
91
91
102
75
45
84
56
63
94
91
72
95
77
73
96
80
81
75
80
70
24
52
52
81
25
5
20
19
30
24
44
26
28
17
6
8
12
8
33
6
14
27
5
14
22
26
32
39
41
44
82
74
86
77
40
69
63
29
51
71
66
60
29
65
72
55
43
68
64
67
80
78
71
93
76
87
75
83
83
104
94
90
97
83
86
103
98
84
78
96
97
93
101
96
100
81
106
93
101
98
92
101
93
105
102
97
106
87
119
111
128
119
113
116
104
101
88
114
101
108
107
95
107
96
103
94
94
94
104
87
95
73
58
41
67
105
33
80
49
92
26
2
7
6
27
36
26
23
15
30
29
30
11
3
10
5
31
19
28
40
56
57
73
57
61
124
123
130
132
142
148
149
155
163
162
110
102
120
118
129
117
114
118
104
119
113
117
109
111
69
83
97
102
94
102
100
103
97
110
109
107
99
111
108
109
99
106
104
90
93
105
96
104
102
106
94
109
101
85
108
100
109
91
100
88
88
101
88
99
107
92
82
108
104
104
93
112
99
85
42
63
33
26
52
69
93
77
4
16
13
28
44
24
16
42
15
25
27
22
8
18
22
24
28
28
38
39
57
62
48
43
48
59
68
33
45
61
18
40
17
11
22
33
33
46
51
50
54
54
59
64
66
69
70
75
66
65
74
70
77
94
89
84
75
68
88
88
93
96
85
79
86
64
84
84
70
97
88
82
93
92
102
94
90
98
101
83
99
99
107
101
101
91
92
81
100
91
96
91
106
97
91
92
104
87
103
96
108
98
104
96
107
100
102
91
101
95
103
92
103
95
102
83
94
91
85
67
69
80
73
83
83
81
81
88
94
90
90
103
97
101
94
109
92
92
91
97
106
93
105
106
95
106
90
99
96
101
95
106
76
88
97
94
77
89
83
94
77
92
82
86
93
97
98
98
104
94
106
87
103
100
93
103
97
101
103
90
100
89
96
94
90
90
98
95
95
85
99
90
111
98
106
86
99
116
102
114
112
99
91
105
106
93
112
108
97
94
101
90
94
102
99
93
101
91
95
103
107
95
110
103
119
105
120
105
122
112
122
108
121
118
113
107
94
108
99
86
102
100
109
104
106
112
107
117
105
117
115
91
100
129
115
127
116
118
119
110
124
77
51
69
90
77
114
112
57
94
81
102
82
62
62
80
76
94
94
75
85
65
92
71
109
97
109
94
110
110
131
124
105
112
121
110
117
120
122
112
104
121
115
106
110
121
110
118
108
83
95
105
114
104
82
90
105
89
94
87
105
94
103
93
94
101
102
103
89
82
105
94
91
106
101
111
106
102
115
123
120
115
91
128
88
95
106
100
102
94
107
101
109
111
95
55
105
59
98
84
76
106
102
103
102
111
78
94
82
100
99
106
89
102
107
94
100
112
108
102
97
110
110
116
126
112
121
122
109
123
114
102
128
105
107
115
120
105
108
115
126
113
117
110
112
103
110
114
34
51
87
62
111
75
69
116
103
93
99
72
62
71
70
82
92
105
101
102
96
83
100
94
106
95
98
82
96
96
97
115
101
100
103
111
116
80
94
94
108
86
99
91
101
93
97
87
104
96
103
101
126
100
116
107
102
108
103
88
95
109
98
107
86
98
97
100
34
89
35
55
67
29
97
91
50
5
17
29
33
32
25
18
13
35
31
24
26
4
4
16
11
3
17
23
12
8
19
24
7
19
19
33
23
20
4
4
20
21
24
29
38
42
51
50
55
61
12
10
10
44
27
32
41
71
3
18
6
15
12
18
11
17
3
3
16
8
35
32
47
44
25
43
45
14
20
39
41
23
23
9
13
15
16
22
16
7
5
13
30
42
52
52
64
64
66
68
66
105
118
98
115
105
123
115
127
131
83
85
85
86
108
19
99
28
83
80
62
43
47
5
17
19
17
15
32
46
46
26
56
40
32
57
46
56
49
44
40
8
9
65
63
37
34
47
43
55
61
62
58
82
69
90
89
97
97
105
112
116
100
110
102
106
83
89
110
97
110
93
100
96
103
97
103
94
83
111
99
112
101
111
100
118
93
107
116
110
87
101
97
102
103
259
260
260
284
274
283
284
304
315
314
186
170
203
186
173
127
115
48
125
166
152
77
4
7
7
2
5
13
40
32
45
45
44
47
68
66
55
54
72
88
98
81
83
110
112
108
116
119
117
117
101
110
61
99
92
90
77
46
62
60
80
11
74
4
8
5
14
28
11
26
9
8
19
39
25
52
69
73
69
80
78
90
88
85
114
124
124
117
133
125
133
127
128
127
111
170
183
165
152
159
142
141
146
155
113
123
105
119
109
114
124
114
129
108
95
117
119
104
117
101
96
106
47
78
110
101
22
12
70
59
39
97
50
3
14
21
16
35
36
63
81
68
85
83
102
82
106
115
111
125
117
91
108
58
81
46
67
119
83
59
77
57
17
55
13
4
6
22
18
26
39
27
59
59
67
60
47
53
50
48
79
52
81
77
5
20
8
18
5
11
27
11
17
22
25
8
4
2
13
11
18
17
37
34
26
51
21
24
7
4
3
20
13
15
25
23
37
15
38
29
19
6
3
20
25
28
41
37
54
58
49
28
59
47
59
24
48
5
23
13
22
37
15
39
34
17
41
15
28
36
38
37
26
21
38
29
37
24
5
5
13
20
14
26
23
47
69
68
52
67
65
78
87
77
88
91
87
73
72
99
80
97
11
94
18
69
46
66
28
7
8
9
5
3
20
17
15
25
23
35
34
57
38
38
57
40
51
82
88
49
84
118
104
115
111
119
126
110
141
110
130
119
106
127
108
114
128
117
131
118
127
116
131
103
111
104
117
112
112
97
110
107
103
111
105
115
103
115
111
110
116
105
118
101
110
98
101
93
104
90
96
102
95
105
89
108
93
101
106
95
106
96
87
77
106
95
102
106
94
82
93
106
108
104
95
88
95
105
89
98
71
92
95
93
102
91
96
94
83
79
98
80
133
143
136
134
132
120
126
60
127
53
119
63
57
59
35
46
22
27
33
34
42
4
14
19
25
37
36
47
46
46
59
59
59
66
70
63
46
57
33
18
31
68
68
15
49
61
7
6
15
30
38
55
50
58
20629
20631
20615
20630
20639
20626
20690
20673
63
20685
56
20669
6
3
3
2
3
3
7
6
3
18
11
3
2
4
1
5
30
21
9
13
3
11
22
15
11
5
23
28
35
37
39
33
28
25
14
27
31
9
18
35
5
3
12
34
33
32
46
58
47
42
25
48
46
61
6
5
32
47
55
20
16
21
38
34
7
2
3
7
23
36
33
48
52
39
46
48
73
86
72
93
90
109
112
99
98
114
113
123
101
110
128
116
126
124
121
122
104
102
110
101
102
117
130
115
116
109
113
123
43
19
62
29
114
33
49
90
67
97
8
9
28
30
47
60
66
57
57
68
78
72
94
95
119
118
125
121
131
122
117
127
116
109
69
88
93
105
91
89
103
97
90
80
101
94
95
109
119
98
88
106
97
111
100
105
118
111
122
94
112
118
119
112
103
122
111
102
104
98
99
109
110
107
95
106
115
109
118
106
118
105
116
106
93
120
104
108
112
105
111
95
106
103
79
97
99
92
93
102
89
94
96
108
101
105
87
36
99
87
33
53
66
54
73
8
20
20
39
46
46
39
50
51
53
72
69
63
65
71
81
89
72
74
60
47
28
55
70
78
86
43
20
3
13
5
6
31
33
44
51
49
61
47
62
57
31
17
64
44
67
52
5
7
3
5
8
19
7
34
55
53
52
68
65
66
64
68
91
103
97
78
48
107
38
82
51
77
20
42
108
6
15
13
16
6
3
5
24
30
25
58
57
68
66
34
65
34
54
44
57
36
59
53
13
13
19
12
15
6
9
33
43
28
34
29
50
44
63
36
19
47
58
8
28
5
5
16
9
4
9
27
11
4
4
4
8
33
10
38
37
56
26
39
21
24
4
8
6
17
13
7
20
22
17
19
22
23
22
15
24
22
33
22
44
49
36
31
46
46
9
6
20
41
43
72
86
98
98
124
105
101
60
105
30
74
51
109
42
121
41
38
5
4
20
4
3
5
13
16
17
26
37
36
65
34
51
25
25
22
43
25
45
20
3
2
4
15
16
12
21
16
3
33
7
7
5
19
15
20
33
28
38
41
43
37
54
59
65
54
57
72
61
69
71
70
71
74
86
88
95
100
99
90
80
76
89
53
84
70
92
80
93
84
69
68
76
75
93
92
105
94
104
97
101
88
93
88
95
71
70
77
82
73
46
77
41
78
39
71
15
30
18
30
56
1
1
6
3
3
6
8
3
8
2
2
6
4
5
7
38
14
44
11
5
5
7
7
4
16
8
18
18
4
17
14
27
30
17
24
7
18
10
3
2
3
21
24
20
26
27
33
14
5
25
12
28
27
4
4
10
7
13
20
28
30
17
27
32
20
12
12
27
31
46
42
59
54
81
78
94
68
84
63
50
30
82
84
13
62
46
59
5
3
17
4
2
19
4
17
10
13
9
19
28
21
29
48
37
47
51
60
61
57
79
47
67
54
52
19
50
42
43
30
41
11
20
41
40
57
53
70
69
86
85
105
104
129
123
130
114
123
135
114
110
121
111
104
110
97
106
92
93
106
110
98
101
103
92
97
99
104
104
94
85
96
103
111
104
103
110
87
93
105
114
109
106
76
95
88
105
102
117
91
95
110
92
102
97
99
80
109
98
132
119
121
129
127
131
138
143
116
138
102
112
111
105
119
117
123
98
95
83
104
128
124
137
139
124
62
129
73
44
55
116
108
60
84
97
89
91
114
113
112
89
110
111
55
44
103
72
52
36
90
80
17
22
25
16
19
29
5
10
17
16
5
34
32
15
26
20
28
12
9
24
37
21
20
17
10
35
32
24
3
4
19
14
11
8
29
22
26
8
7
9
6
4
7
6
24
27
32
26
16
10
28
30
6
3
15
27
33
34
46
38
30
40
26
42
27
22
31
3
5
3
17
5
17
26
27
39
22
21
10
30
13
23
3
15
24
24
31
24
18
34
17
24
10
7
7
7
20
21
24
28
28
33
37
13
39
32
48
15
53
53
42
62
78
62
74
74
70
64
31
28
65
67
60
55
45
38
4
7
5
12
29
24
40
34
32
33
45
43
22
41
55
22
24
54
50
12
6
16
17
37
41
44
40
61
47
70
82
80
77
80
83
86
78
75
91
90
76
76
98
96
97
90
101
95
101
89
106
88
100
82
98
104
98
111
95
98
91
102
111
110
99
102
95
102
94
107
96
84
93
84
103
100
103
108
96
101
106
107
80
111
108
93
88
96
90
100
90
100
88
87
92
106
93
107
95
108
100
112
111
111
120
111
98
100
111
111
104
108
99
108
105
109
100
93
81
99
91
101
105
91
106
92
109
100
112
98
112
106
113
106
108
111
117
125
101
124
115
121
101
116
104
92
112
94
109
106
101
111
113
111
101
108
106
107
96
99
106
101
83
88
87
98
87
95
87
77
101
70
84
90
74
94
87
93
83
100
83
98
90
87
90
74
90
83
83
91
85
91
93
94
85
100
80
93
101
94
113
91
101
108
112
93
102
98
111
96
98
109
107
116
116
109
111
118
102
115
112
94
106
97
104
101
92
104
113
102
102
113
111
105
119
85
115
101
98
87
70
91
82
100
96
88
85
85
99
93
100
82
91
98
104
107
102
117
100
109
99
114
103
97
108
88
90
96
104
92
90
95
89
97
83
104
100
107
96
101
100
104
97
102
90
86
97
97
80
89
87
93
92
86
86
91
90
97
94
94
93
102
102
105
110
101
105
95
100
98
94
84
76
98
90
94
90
93
99
76
105
96
96
96
111
64
44
48
57
73
86
28
30
92
5
14
3
4
13
8
43
29
40
64
62
59
84
77
87
93
89
102
86
113
98
94
111
107
104
113
113
99
108
101
109
101
91
112
76
84
76
48
64
74
48
77
47
66
96
59
100
110
98
95
68
67
66
81
80
99
101
101
46
34
52
93
21
65
66
82
111
6
7
4
27
32
34
45
46
54
42
25
34
53
26
36
4
23
22
39
40
39
36
15
17
32
6
6
23
21
9
30
32
43
39
38
43
40
20
22
29
31
23
38
39
34
53
51
48
41
36
28
45
31
3
5
15
14
22
27
47
56
49
53
50
18
37
14
38
29
48
40
14
9
31
29
31
16
29
22
15
33
49
47
43
7
17
32
42
53
54
63
64
53
55
49
70
60
55
72
87
87
85
106
92
96
100
99
108
107
100
108
116
112
97
112
98
113
98
113
79
100
111
115
106
118
109
105
119
117
97
106
114
90
99
110
96
110
88
100
89
92
102
85
102
81
101
99
113
94
105
104
99
107
100
97
109
103
98
101
67
88
83
97
96
78
107
98
103
103
100
126
102
91
83
96
95
92
96
92
86
99
92
97
87
97
104
100
96
83
88
96
69
85
96
82
68
89
81
91
85
101
83
90
79
88
94
95
100
106
101
116
94
107
95
103
91
86
109
98
95
107
108
103
103
108
111
100
96
96
108
98
109
96
113
106
117
105
122
109
121
108
110
113
117
108
110
105
94
96
102
106
106
97
102
92
89
72
97
81
106
115
91
102
97
106
91
93
108
105
105
117
111
114
106
100
113
93
114
58
55
36
78
46
93
105
68
7
5
7
5
18
30
20
30
17
7
9
17
12
15
4
6
4
15
25
18
50
54
52
66
62
56
58
68
32
23
60
52
20
55
3
19
41
30
47
62
61
78
76
87
94
90
66
14
74
30
50
47
72
6
10
20
6
14
5
9
15
18
36
39
18
14
32
5
8
6
51
35
51
13
12
54
55
67
53
38
52
72
73
74
61
28
26
73
64
57
39
63
14
31
12
24
9
22
8
3
7
12
15
10
37
49
47
26
19
16
4
5
8
4
12
17
14
32
28
24
46
61
40
32
60
47
59
57
77
100
77
84
100
110
93
64
106
26
45
64
78
53
24
6
4
5
3
4
16
19
21
27
24
21
33
40
54
66
60
75
76
97
97
124
75
21
105
46
89
17
110
42
70
73
117
4
9
21
19
34
9
40
45
25
8
7
23
6
26
4
11
12
9
37
46
44
32
24
49
51
63
70
63
61
81
79
92
91
82
89
124
114
94
118
108
66
40
29
76
39
86
4
17
45
41
57
53
20
27
35
55
63
48
56
60
58
69
14
11
5
8
4
5
5
20
11
20
12
19
37
33
38
48
46
44
37
47
31
25
27
53
50
9
8
40
37
28
37
46
29
20
14
40
27
18
8
6
28
41
48
47
65
64
74
61
91
88
103
88
104
107
103
115
106
125
109
108
114
122
106
110
103
119
107
101
100
107
125
99
111
106
114
122
108
121
113
116
109
95
88
101
99
81
71
67
83
98
49
106
94
109
108
98
91
70
88
87
99
106
81
108
99
103
122
107
67
88
90
72
101
100
84
73
99
85
94
91
96
99
98
123
113
133
119
128
143
100
131
110
116
61
73
110
99
78
56
71
65
64
83
83
81
83
85
98
86
78
97
82
95
79
103
91
101
102
111
106
100
88
109
108
110
102
97
86
99
83
91
92
87
89
105
93
89
100
95
101
83
94
92
97
92
94
94
106
101
105
108
102
100
112
111
87
97
106
92
95
110
84
108
106
109
91
108
99
109
98
91
93
89
93
81
96
103
96
92
104
108
111
113
110
112
111
85
104
92
99
96
87
94
87
98
98
92
105
103
109
101
115
99
102
95
66
26
32
63
77
42
82
50
3
2
15
2
5
17
29
13
11
15
9
27
4
9
4
6
3
13
4
12
14
15
31
12
20
45
13
30
75
54
68
49
48
53
62
66
47
52
65
35
73
79
84
97
92
59
64
49
25
62
20
55
65
87
39
4
14
15
18
5
42
41
46
50
64
63
79
80
38
89
43
65
74
81
51
83
24
82
86
83
50
57
67
65
78
78
93
79
87
98
88
98
88
81
95
83
82
96
103
98
97
106
105
106
116
107
88
114
97
97
103
93
109
107
97
98
88
107
102
96
81
100
109
108
87
94
92
93
113
104
63
49
80
32
92
60
34
43
5
8
18
15
34
22
8
26
18
11
28
45
44
47
55
58
67
59
70
73
66
11
61
43
12
35
79
4
22
29
34
48
67
64
75
71
61
77
78
92
86
87
96
81
64
74
87
80
87
76
79
45
41
70
44
85
51
19
26
4
28
39
39
52
50
64
62
79
79
86
93
102
92
62
90
57
21
76
32
78
46
42
4
3
7
24
40
38
52
45
55
59
58
77
80
79
99
92
101
85
83
98
91
72
90
75
81
38
60
45
19
20
71
46
28
78
3
20
32
45
44
41
54
52
61
64
68
75
73
83
73
78
82
76
71
80
78
85
82
93
90
89
99
82
87
85
101
84
92
91
90
96
97
89
100
52
80
45
93
26
62
42
69
88
71
73
72
86
84
79
77
86
90
98
91
93
94
96
93
79
92
97
99
90
99
89
22048
22057
22064
22065
22058
22067
22073
22080
22084
139
130
138
129
134
120
143
134
134
120
149
140
130
135
66
64
76
45
37
126
98
112
59
5
13
15
20
19
20
32
58
69
48
29
26
62
3
51
54
57
36
54
63
58
65
64
69
68
80
91
87
96
105
109
105
115
119
119
102
119
134
142
142
129
143
132
137
125
112
91
110
108
113
109
116
128
134
128
148
139
119
128
140
150
171
182
230
237
201
201
260
240
232
250
182
1840
1732
1736
1742
1753
1753
1754
1749
1768
116
128
134
114
112
124
95
120
105
106
113
102
89
104
111
117
108
127
107
127
112
121
76
101
110
91
113
128
131
90
56
100
21
35
55
45
44
116
4
11
22
31
32
61
53
51
51
50
39
32
48
45
48
66
44
4
14
17
25
31
24
13
12
39
18
27
42
17
15
26
30
32
37
36
40
35
43
66
56
62
56
63
31
12
28
11
58
5
15
12
7
12
31
30
44
33
36
51
53
50
73
87
69
88
67
80
74
76
100
98
96
85
73
56
59
62
62
106
113
5
18
30
30
33
21
34
24
32
18
33
40
58
59
61
60
75
73
82
82
94
105
108
103
123
66
99
54
91
53
32
30
33
64
82
90
16
17
19
15
37
31
37
54
15
41
45
31
36
57
75
56
68
58
53
68
71
73
71
86
97
95
97
94
98
81
88
74
90
90
95
90
79
90
86
102
96
97
105
107
97
105
104
111
109
101
90
101
92
94
94
83
77
101
100
78
88
99
87
94
96
78
86
99
90
104
99
106
111
92
64
96
94
97
103
111
99
117
108
115
114
114
109
119
118
103
112
96
106
94
104
99
81
92
75
97
95
92
91
96
96
104
105
90
108
106
106
96
108
94
97
103
111
121
111
124
106
114
115
100
108
114
116
117
109
103
114
122
105
98
104
99
73
110
87
106
107
108
103
110
99
100
76
112
94
98
108
96
107
100
117
116
128
127
117
92
78
94
103
86
87
82
81
79
94
107
58
44
68
56
105
97
96
50
53
71
53
43
68
60
59
81
81
97
98
109
96
104
107
82
97
106
103
93
104
78
91
87
97
94
92
70
92
81
88
84
90
95
88
107
91
78
101
96
96
114
100
99
109
85
44
111
78
44
34
92
56
68
26
4
9
23
31
39
44
50
61
51
44
63
54
73
71
85
84
89
71
81
79
78
73
86
81
90
100
90
91
95
86
98
121
120
132
125
123
108
124
98
40
63
48
114
40
54
95
40
5
10
1
4
21
17
28
16
18
25
3
2
22
22
40
41
47
45
39
56
40
40
35
49
39
32
4
4
3
24
12
11
12
53
51
63
59
53
66
71
74
73
83
95
89
100
102
100
87
99
89
103
100
110
98
115
89
78
97
104
97
109
97
108
102
104
94
105
98
101
94
102
95
95
101
105
103
101
95
100
107
105
93
104
85
99
106
97
93
106
73
84
99
114
99
99
99
111
109
107
102
93
96
104
105
103
103
94
81
100
89
94
89
84
94
91
86
91
73
88
93
89
79
89
91
90
79
96
86
103
88
94
97
98
82
91
70
96
83
90
91
104
97
93
91
99
103
84
89
88
89
96
89
79
95
85
105
93
93
110
92
102
94
88
105
92
101
99
92
95
99
80
90
96
91
97
101
93
97
93
101
88
92
70
92
87
80
101
86
86
91
84
97
98
98
112
96
107
102
101
103
90
99
82
101
109
93
101
98
88
104
107
103
89
90
90
105
91
103
93
88
97
95
102
109
97
105
94
98
92
81
79
78
94
69
81
91
88
99
97
92
93
105
81
90
93
99
102
88
92
97
75
87
94
106
92
89
81
89
81
92
87
100
91
103
109
100
104
116
115
98
105
105
112
104
102
114
116
107
116
123
125
122
124
110
110
118
86
112
103
91
109
94
87
87
83
88
100
89
91
101
93
98
101
106
117
99
90
98
103
96
106
114
99
76
66
63
111
55
82
46
75
12
29
24
9
11
28
20
6
5
8
13
15
18
18
28
30
35
45
45
40
71
65
76
85
80
82
87
88
99
98
116
104
116
98
106
99
117
120
122
104
98
111
113
107
90
113
110
107
106
96
103
110
114
102
113
118
116
115
119
117
111
121
100
107
116
110
99
100
91
82
84
94
99
92
91
86
108
96
103
111
103
105
107
106
109
96
104
92
91
91
100
89
82
60
52
44
14
28
104
66
72
96
5
15
17
35
38
34
26
27
51
8
42
29
32
3
8
6
21
32
19
19
53
57
58
58
72
70
77
78
78
100
101
96
99
105
99
99
102
98
97
100
113
109
109
114
111
92
109
109
104
88
108
106
96
94
116
99
93
107
97
103
107
98
106
107
115
103
118
80
99
94
110
104
107
104
106
112
89
115
117
100
120
113
120
104
117
102
108
108
112
119
116
109
121
119
120
104
113
112
134
115
109
118
107
114
101
121
109
117
116
91
106
114
101
92
114
111
120
117
115
85
55
33
63
52
23
104
103
68
7
6
22
36
19
11
23
29
33
37
15
34
36
45
40
6
19
28
27
21
18
21
3
4
8
22
9
7
6
3
23
38
38
40
36
33
38
40
37
43
71
72
87
79
83
15
32
72
27
5
8
9
14
30
40
40
28
30
15
44
41
17
25
37
12
11
25
46
45
58
54
62
63
65
63
97
94
104
103
110
110
99
110
100
115
84
98
75
85
94
116
103
124
110
130
120
116
123
105
131
110
96
106
77
74
57
73
34
86
97
48
37
8
21
20
36
43
49
61
52
60
76
65
38
60
66
75
51
17
12
55
6
8
14
16
5
11
15
3
17
30
7
13
14
30
32
22
47
46
49
35
34
49
59
71
60
77
64
73
89
86
100
98
113
105
114
104
112
130
76
93
113
101
106
83
103
78
87
88
92
72
70
87
83
84
84
99
103
115
109
117
113
123
111
125
107
117
104
98
69
56
85
106
44
37
70
75
71
103
76
76
74
78
64
79
97
77
99
180
166
183
384
383
353
382
386
351
382
318
300
309
72
84
72
87
85
101
101
114
112
120
104
108
94
104
105
109
108
109
103
105
107
106
109
88
66
68
80
87
79
86
84
81
83
72
92
90
90
91
101
96
105
107
100
106
97
109
109
104
116
106
112
102
111
105
100
78
87
106
104
92
102
65
16
75
62
60
80
38
94
30
6
8
13
15
3
12
8
29
12
22
26
13
16
11
21
19
36
46
45
64
49
60
53
60
63
83
86
83
90
75
74
42
69
27
68
61
32
91
8
16
23
47
42
49
53
60
53
62
51
85
84
85
100
97
60
49
29
63
101
45
82
67
38
3
3
14
18
18
22
34
44
37
39
76
82
106
103
98
90
111
112
126
41
83
66
125
109
133
49
27
25
70
116
71
69
67
102
54
18
41
22
19
53
70
45
75
61
70
70
88
89
107
106
102
122
125
105
116
107
121
116
127
114
127
105
125
121
116
129
111
119
95
105
194
203
213
204
189
219
207
200
231
208
309
291
288
298
294
257
282
281
223
127
131
128
117
107
130
131
115
115
123
117
109
94
118
110
120
107
103
118
118
100
103
104
130
121
107
110
116
124
117
127
118
120
113
123
111
121
121
107
125
108
90
110
104
113
98
103
87
101
86
95
80
96
78
105
103
116
94
106
103
101
107
114
108
104
97
107
100
116
110
113
114
117
105
122
109
125
117
113
121
118
107
123
85
109
92
108
106
118
106
70
96
75
89
81
104
96
88
101
89
88
90
94
87
49
76
95
59
37
66
103
93
47
88
63
62
83
94
94
111
106
104
110
112
101
112
101
105
92
107
102
93
100
115
112
104
76
99
97
95
112
104
114
103
109
108
119
110
114
125
128
125
102
110
88
92
104
92
102
109
86
100
92
100
96
87
107
102
103
112
107
111
102
112
94
113
98
101
95
102
101
93
103
101
111
97
93
91
58
32
44
70
65
82
25
92
76
91
71
88
83
101
79
96
92
105
100
109
98
115
107
111
108
113
99
112
98
110
117
107
104
110
111
79
98
86
105
118
105
116
109
109
125
111
120
120
133
105
117
105
107
101
98
91
97
89
85
126
108
96
114
108
119
113
126
107
93
99
87
105
92
105
97
105
101
101
98
105
90
114
104
82
61
53
74
88
33
70
9
20
22
37
38
52
20
16
55
43
27
36
19
39
18
8
31
27
32
19
12
8
16
3
4
16
3
13
27
22
20
94
96
107
108
102
111
70
68
66
66
96
59
87
106
57
70
76
67
75
34
25
38
30
20
66
33
73
59
3
14
14
31
9
26
30
14
5
30
48
46
58
58
55
18
62
71
74
41
11
76
74
33
54
3
4
17
17
11
37
32
37
46
46
49
62
78
65
75
82
80
70
84
20
60
33
82
78
41
6
23
21
33
33
37
35
56
56
54
51
71
64
63
81
77
85
89
88
25
81
32
16
53
83
85
66
45
14
11
27
28
41
55
42
24
26
13
43
15
17
9
11
8
10
33
36
42
33
37
24
40
55
57
56
76
75
79
79
90
88
108
107
111
97
103
111
98
115
107
94
101
87
95
101
91
100
85
77
99
97
91
96
79
95
91
100
93
105
98
103
91
91
101
79
99
87
95
85
95
81
86
98
93
86
87
100
96
111
96
108
96
95
108
98
105
103
91
103
86
93
87
99
101
78
98
96
108
86
85
84
102
94
102
94
108
91
101
72
88
102
90
104
91
98
89
92
88
79
100
84
91
91
102
95
97
111
99
92
98
89
105
88
99
91
100
92
100
90
99
87
102
91
91
104
91
103
101
99
106
117
98
93
110
97
96
115
99
89
109
112
105
111
104
104
118
90
104
104
117
92
95
91
96
95
93
82
96
89
97
89
98
88
97
92
101
85
104
69
78
83
85
77
86
91
92
85
100
99
110
121
97
96
117
106
107
100
94
109
97
102
100
109
107
96
114
106
103
112
115
102
110
98
108
97
107
69
80
24
102
36
56
44
90
54
6
8
10
9
14
23
23
4
4
12
13
13
36
50
49
59
66
64
78
72
91
83
80
107
84
85
85
92
91
103
94
70
78
101
92
81
93
89
90
98
84
78
96
90
95
90
101
99
83
106
94
94
86
100
101
86
101
82
95
89
98
88
84
88
89
95
93
83
82
93
75
83
92
83
88
80
68
79
83
81
95
84
81
100
89
97
87
88
108
99
117
103
106
110
102
117
107
94
116
103
96
102
97
107
95
105
96
110
61
93
71
87
103
84
85
80
91
78
69
81
83
85
102
101
86
73
98
85
90
112
100
103
76
68
79
78
97
94
81
92
85
73
85
72
72
86
87
79
92
88
84
97
100
92
94
103
92
115
95
103
94
114
107
116
85
98
107
100
102
95
101
87
73
100
86
19020
18999
19009
19042
19043
19087
19087
153
19092
173
164
167
68
76
70
60
51
161
142
93
83
4
5
7
4
4
26
10
13
18
10
50
64
65
50
65
82
85
92
87
119
112
123
114
134
120
96
32
67
58
116
124
40
90
93
75
4
22
12
11
21
3
10
4
3
66
19
29
31
19
31
41
34
35
18
37
39
10
3
8
21
31
21
18
35
23
4
3
10
10
10
1
13
9
6
8
5
7
4
22
9
4
5
13
11
12
27
35
30
44
45
63
69
67
63
60
69
59
80
78
94
79
92
94
91
122
112
131
128
130
137
118
127
136
105
100
103
89
97
100
98
98
93
105
93
101
103
89
102
108
112
112
101
114
108
117
114
99
114
111
113
108
103
127
96
113
106
116
109
120
114
114
123
54
118
40
83
74
31
71
118
95
33
4
24
28
12
23
6
6
6
6
13
30
23
22
51
49
60
65
65
77
61
79
79
51
53
49
47
47
47
71
81
68
53
5
4
7
8
13
33
6
24
8
8
5
4
8
14
10
22
24
31
8
10
28
4
5
10
17
3
5
3
1
1
19
23
21
20
24
40
27
42
5
17
17
28
28
43
34
51
45
58
60
49
53
68
83
82
95
102
111
117
104
120
104
108
120
123
107
119
109
109
125
127
120
121
110
125
122
120
121
118
124
111
130
111
114
101
115
105
121
123
106
103
116
118
108
119
116
116
117
109
110
117
118
107
107
120
110
116
118
97
106
119
111
118
106
117
117
107
113
113
92
86
107
101
112
101
118
105
105
118
99
68
111
77
76
93
120
108
103
128
117
118
107
121
118
125
116
103
111
106
94
104
98
100
92
101
101
111
113
101
112
106
95
106
103
106
112
108
86
102
100
99
93
102
78
67
95
85
90
89
85
74
99
94
93
112
104
105
113
113
124
122
113
117
123
115
122
120
109
114
105
109
99
98
80
101
98
87
105
94
112
99
113
105
117
115
124
113
124
117
109
123
101
123
108
134
128
109
120
113
131
110
129
100
83
126
87
114
104
108
108
111
110
127
119
121
104
121
122
116
110
113
116
115
108
112
115
116
109
117
116
61
51
79
39
68
99
92
26
17
31
48
52
61
59
60
24
31
21
40
39
56
53
62
6
7
7
3
15
15
36
23
32
17
36
14
11
3
5
19
28
26
37
27
20
25
25
23
3
3
23
14
21
19
37
33
13
37
19
16
9
5
34
33
29
12
19
8
8
5
9
34
29
36
48
55
53
55
68
66
81
85
87
102
100
101
115
111
105
0
106
102
104
94
96
71
100
41
80
67
56
54
85
87
87
78
78
81
73
72
96
94
115
107
114
107
114
95
110
94
95
106
101
90
103
94
82
77
93
93
103
100
109
106
101
107
117
125
105
109
122
115
108
124
112
127
115
108
128
115
116
125
98
126
112
119
116
110
116
108
121
102
111
118
91
100
100
93
100
89
77
98
86
61
77
85
94
93
89
99
91
66
85
81
84
90
77
99
101
86
95
86
84
99
98
90
91
89
100
95
104
86
98
96
91
103
93
102
100
90
93
74
82
69
103
110
104
95
103
101
108
109
111
104
92
105
96
106
107
97
112
104
92
109
107
100
110
106
95
82
90
98
60
71
106
92
103
98
106
95
73
112
81
96
98
92
78
91
99
94
90
94
89
108
96
112
102
106
93
84
103
92
94
105
105
88
95
101
74
88
102
105
94
112
95
108
108
92
95
101
103
84
92
98
108
97
98
104
97
105
106
95
101
108
108
96
116
122
124
115
106
125
118
126
116
117
96
109
99
107
98
97
97
111
104
104
115
108
106
86
109
98
103
98
109
98
102
116
113
104
103
111
101
85
65
78
105
98
89
100
86
78
95
84
99
98
95
100
93
103
90
84
99
91
99
85
102
93
91
97
99
96
97
97
97
110
107
104
97
85
102
88
80
96
78
45
18
60
71
85
19
54
37
3
3
12
12
27
34
34
48
61
62
61
61
79
62
73
71
83
36
84
64
52
91
74
21
31
16
5
5
4
15
21
26
41
41
32
36
53
62
63
74
73
29
69
25
12
66
5
14
55
29
51
44
55
5
17
5
6
6
15
3
13
25
12
37
19
18
40
31
33
15
29
5
19
25
27
34
31
23
38
43
64
65
53
66
53
58
65
55
91
92
86
101
103
84
62
85
99
71
56
21
25
93
65
19
68
82
91
58
45
3
4
26
25
22
14
22
34
46
61
62
58
48
52
55
59
28
62
66
50
45
41
26
34
5
4
21
27
37
36
40
37
48
35
20
45
47
35
25
3
6
6
4
3
11
35
47
53
51
51
47
38
37
54
77
26
50
19
79
16
71
71
11
67
64
5
12
31
36
39
42
44
60
59
69
69
69
77
85
83
90
103
101
88
78
85
95
95
85
105
92
102
92
88
86
99
88
102
82
102
93
101
94
101
90
103
111
109
126
99
105
100
104
98
115
110
111
114
122
117
127
137
142
139
139
131
133
141
134
104
101
109
114
81
90
57
97
72
89
116
108
126
123
116
133
107
102
100
82
91
96
102
104
103
94
104
102
108
110
112
96
88
116
99
111
98
94
99
82
111
97
91
99
112
112
107
102
89
106
93
112
81
85
81
95
92
95
91
116
95
117
105
113
112
112
122
121
132
91
79
100
31
29
73
64
52
98
48
5
8
3
9
3
4
8
11
25
22
39
32
44
31
47
30
51
50
50
47
8
44
65
77
42
16
31
30
39
41
42
54
50
67
75
74
87
68
68
63
66
63
65
62
67
66
4
4
11
5
29
36
28
44
41
46
39
41
38
39
41
55
53
56
40
9
10
26
24
6
9
22
3
24
37
29
50
49
61
65
47
64
70
81
88
97
91
79
59
23
51
38
81
52
52
101
61
4
11
21
40
35
65
61
73
76
72
94
104
96
112
94
125
121
76
117
68
37
24
90
110
106
47
4
24
18
20
39
39
46
59
37
32
50
21
5
21
24
8
23
19
3
2
10
19
19
37
42
49
55
61
58
35
61
30
48
29
55
27
44
7
5
8
8
8
23
15
16
14
42
60
60
76
72
74
81
95
93
110
110
110
143
117
95
105
24
56
125
68
83
13
46
40
32
30
21
35
44
43
6
8
5
