35
37
17
183
181
56
52
173
104
88
88
98
129
122
106
87
79
74
61
44
39
40
63
175
136
101
102
27
96
63
90
60
63
60
104
105
135
135
152
145
125
109
103
110
115
116
115
108
117
107
99
114
109
117
118
109
116
113
104
115
103
114
108
95
107
105
94
108
101
108
111
106
118
109
120
106
118
114
124
120
126
130
116
133
115
81
128
115
106
90
101
108
106
109
107
105
75
98
98
114
113
121
113
128
116
129
121
123
107
108
117
100
110
102
107
100
98
105
106
97
112
114
97
109
111
100
114
106
105
114
108
119
93
118
121
108
123
116
128
122
135
138
151
128
132
128
129
131
127
117
121
111
119
122
121
118
110
119
120
117
96
111
115
115
106
118
105
88
56
79
117
96
77
96
83
93
79
93
70
64
83
84
103
108
94
112
102
102
97
113
101
103
100
104
92
100
105
87
107
81
92
75
89
86
79
70
69
87
94
95
81
103
102
98
105
112
104
100
93
74
87
86
95
101
100
99
101
99
85
97
102
101
110
89
95
91
75
98
90
97
91
107
92
97
92
105
96
109
105
99
105
99
88
101
93
101
89
104
91
93
104
108
98
98
97
108
101
107
92
95
85
73
105
106
92
101
107
105
91
101
78
86
85
98
87
107
100
107
105
109
103
112
98
114
94
108
97
97
109
108
96
113
102
110
108
108
106
108
111
103
114
103
105
110
111
106
114
112
114
118
118
105
121
108
96
87
112
107
97
69
85
96
88
91
79
74
78
89
88
97
76
93
92
89
91
89
93
96
95
87
101
102
117
109
107
84
116
98
106
87
83
85
89
93
82
85
87
96
78
81
95
87
90
73
80
80
89
83
88
81
88
82
91
89
89
81
89
79
90
78
91
83
97
91
99
94
82
94
101
99
94
105
93
96
83
89
105
99
95
101
78
92
107
100
80
99
93
92
104
105
95
92
100
93
103
92
94
80
66
67
88
88
78
79
95
101
79
83
99
101
111
87
97
80
95
88
95
83
98
80
92
70
69
79
85
84
87
100
91
105
102
125
117
132
123
136
108
99
94
89
76
68
63
134
52
34
33
7508
7509
7505
7508
7510
7510
7510
7511
48
7509
23
29
31
53
118
96
95
119
148
148
166
156
170
159
123
127
124
98
108
97
104
109
108
100
109
95
108
105
107
95
99
109
104
108
87
106
100
103
107
102
113
105
113
90
98
110
111
100
107
97
102
91
99
92
81
90
84
77
101
108
97
109
99
105
105
112
114
102
126
94
106
86
100
93
94
103
102
91
103
95
113
112
118
116
122
129
120
149
139
148
166
138
154
147
104
83
60
120
136
99
82
88
13
55
55
74
32
3
3
14
16
7
23
27
37
43
44
44
60
60
73
73
75
83
82
85
95
75
84
94
90
91
100
97
88
94
93
101
87
104
107
109
93
106
98
112
92
94
109
92
93
104
96
98
89
105
98
106
103
101
91
108
84
100
110
102
82
95
103
87
79
73
61
84
71
91
78
90
87
99
98
104
75
88
94
104
107
96
99
109
108
100
112
112
109
123
102
116
105
115
118
109
114
109
120
110
116
113
94
112
101
64
91
101
82
87
95
104
106
110
112
117
119
136
122
111
131
122
106
125
109
118
115
112
109
109
98
109
98
100
94
95
106
111
100
110
102
90
103
98
98
109
105
80
92
103
96
105
100
100
105
106
98
89
109
96
110
104
112
108
111
118
111
110
116
125
102
173
180
167
174
179
171
186
172
98
181
104
93
119
123
110
112
66
90
106
107
87
105
98
82
68
70
91
98
73
132
117
119
117
121
123
93
102
111
110
121
113
114
101
113
111
117
108
123
111
125
119
110
126
130
112
126
126
111
118
107
115
106
99
116
101
111
97
107
104
112
105
105
118
119
107
98
113
106
120
104
110
97
98
105
104
78
50
73
57
37
90
61
33
103
71
38
52
52
66
68
71
92
91
99
107
95
110
95
113
100
101
110
98
103
113
109
97
106
97
92
102
103
96
101
85
93
101
107
96
99
110
111
101
115
106
109
90
113
103
109
53
84
36
43
92
69
63
100
50
76
17
66
9
12
10
5
3
38
24
37
48
48
69
69
85
84
103
97
104
104
97
106
103
85
90
72
106
92
110
99
116
107
118
109
115
109
78
86
112
108
104
97
98
100
98
105
94
91
86
106
81
96
100
101
118
105
106
89
75
106
103
114
104
113
98
107
110
124
108
115
113
112
122
104
114
102
115
101
120
103
116
109
113
115
118
114
118
110
113
90
98
106
98
109
97
114
101
118
105
111
119
122
117
125
119
126
119
127
118
128
117
128
119
126
118
127
119
128
121
127
119
127
117
125
117
125
117
127
120
130
122
127
118
123
115
121
113
120
112
121
113
125
118
127
118
127
119
57
40
33
104
81
73
51
94
47
43
45
50
61
61
81
81
99
98
106
103
112
105
92
112
88
103
98
108
92
95
109
106
93
94
86
108
101
113
105
112
103
112
119
119
117
119
117
137
134
137
128
134
132
134
127
134
105
121
110
112
125
125
132
137
131
130
136
121
134
121
122
112
116
106
121
136
120
90
93
114
98
122
117
114
119
102
106
100
89
82
99
97
98
104
112
105
96
78
109
87
64
72
121
103
125
96
73
105
100
94
84
99
100
104
88
110
105
111
97
106
99
92
84
102
69
81
88
100
94
103
112
109
96
104
80
96
95
111
107
110
98
93
91
109
113
100
99
106
99
110
111
111
118
115
113
111
114
103
116
106
103
116
120
110
120
105
101
116
102
114
110
129
135
123
130
132
126
123
133
94
98
113
107
101
111
102
113
103
110
105
120
112
124
121
123
120
127
119
125
117
113
106
108
107
75
106
61
98
83
91
62
91
104
110
90
107
84
100
100
117
118
74
94
91
124
110
1289
1289
1274
1277
1293
1271
1286
1287
1300
1292
104
78
73
112
122
73
68
32
43
32
36
43
38
53
52
69
75
77
71
38
57
44
27
73
77
101
82
100
86
85
76
84
90
89
101
109
103
111
107
100
96
104
114
109
114
100
88
85
79
68
61
58
48
93
112
36
38
59
62
58
73
71
86
86
82
104
103
94
102
100
103
92
110
92
111
103
108
100
113
106
116
110
105
99
86
98
102
105
99
101
107
105
85
116
85
119
108
119
107
94
104
116
109
92
105
86
95
97
102
89
101
94
102
106
111
98
110
110
116
111
104
112
100
112
94
115
97
80
71
60
54
51
46
104
83
7
18
16
23
31
49
55
51
49
61
60
78
78
94
93
108
99
103
91
100
98
100
95
102
93
97
82
93
78
89
100
95
84
97
86
98
95
96
90
96
95
98
104
99
109
99
106
83
98
107
102
92
103
87
94
88
109
96
88
95
95
76
100
98
92
100
77
63
50
36
30
70
48
85
53
84
62
52
78
57
56
72
72
89
89
99
88
99
83
98
104
94
114
98
107
98
97
110
100
112
108
100
103
110
96
101
95
102
96
115
98
117
105
125
98
110
115
130
112
125
112
123
122
113
94
117
107
101
102
95
98
84
50
73
61
54
78
94
90
102
98
115
108
108
126
125
113
108
109
102
114
103
119
119
289
302
291
301
298
284
272
291
280
125
11872
11861
11847
11872
11857
11898
11888
11910
11894
11910
110
107
98
100
128
116
120
109
119
117
88
101
98
117
116
123
131
131
133
125
118
88
81
48
68
107
59
30
121
44
92
85
82
74
53
136
137
146
151
148
148
155
163
220
153
234
186
193
186
223
242
235
175
161
174
184
109
97
140
76
113
76
91
73
163
239
216
492
507
494
494
533
538
419
410
71
70
63
35
35
36
37
493
550
5
4
27
21
25
47
29
31
43
65
65
84
63
63
63
110
93
108
111
122
134
131
128
135
135
119
129
128
117
125
117
91
109
114
105
116
112
115
112
126
109
110
110
113
121
117
110
117
103
170
155
168
161
164
156
167
157
168
161
110
82
88
102
109
86
96
89
100
97
103
102
97
116
107
121
114
128
121
124
111
119
105
104
117
115
108
108
100
82
98
111
91
106
95
106
100
94
107
103
92
100
95
102
83
101
107
102
112
99
112
111
120
113
128
109
125
118
111
124
109
117
109
120
111
96
116
105
104
114
117
103
118
106
113
111
120
105
119
113
110
117
107
119
119
111
117
109
118
115
120
117
115
109
116
104
118
105
119
111
116
112
119
110
116
107
115
105
113
101
113
107
113
106
114
107
116
108
116
108
117
115
120
113
119
111
119
111
119
113
114
122
117
110
112
93
116
112
98
113
97
100
114
98
109
100
100
99
110
104
111
111
99
118
104
96
60
71
80
27
109
50
91
38
10
46
38
54
57
64
54
79
82
84
67
54
70
8
19
4
15
3
5
22
3
11
4
11
2
3
2
13
14
8
4
10
6
4
7
8
24
29
27
29
31
33
36
44
28
28
6
4
17
4
8
13
14
5
5
14
7
13
7
3
11
27
78
77
91
98
107
105
107
126
127
96
86
135
95
104
106
105
111
88
104
130
108
127
123
139
123
133
120
95
122
109
110
98
104
84
98
80
100
95
106
99
103
96
98
96
103
96
107
92
104
98
101
91
89
76
82
76
63
96
97
99
89
101
100
82
79
104
86
85
80
88
81
85
90
97
85
101
90
100
98
109
98
104
114
95
110
91
103
107
115
102
110
109
113
100
93
102
88
78
79
91
83
91
91
87
104
91
102
104
104
85
90
105
91
103
92
83
84
94
91
99
97
104
115
97
116
114
116
119
115
110
104
112
108
102
107
101
100
98
82
101
93
101
94
113
96
113
101
106
100
108
106
116
113
114
108
106
113
115
108
114
106
113
106
114
112
116
114
115
112
110
116
115
75
88
69
56
95
108
50
98
87
88
85
78
70
87
86
105
119
112
125
112
128
113
130
110
126
113
122
114
123
121
126
121
114
125
111
123
115
102
117
105
106
116
114
119
117
119
128
108
121
112
107
117
118
117
117
108
117
109
116
109
102
117
113
116
115
108
115
107
115
112
114
103
118
115
116
109
112
115
117
109
116
113
110
108
108
86
105
84
97
104
105
87
64
25
42
99
34
78
40
68
3
4
12
34
27
42
42
63
63
77
86
87
96
101
102
96
82
103
103
94
101
93
103
100
104
93
91
97
87
91
105
106
101
119
102
116
108
127
116
113
117
102
95
117
101
111
101
114
109
102
114
100
119
105
95
116
87
72
75
102
106
106
99
107
98
88
113
101
112
110
111
116
101
109
114
111
107
109
101
112
99
111
104
108
120
123
120
130
129
92
121
115
100
98
121
113
105
93
97
73
115
65
42
50
74
33
63
84
89
39
70
40
74
70
65
67
67
69
99
91
101
78
99
90
108
83
101
100
124
112
127
113
125
117
128
125
127
118
127
120
126
118
121
112
114
122
108
91
118
111
98
98
106
92
100
107
92
94
88
87
86
90
103
93
102
79
92
105
96
107
94
97
103
91
104
97
106
95
105
96
104
97
103
95
109
101
96
111
97
101
109
100
110
104
84
90
108
94
96
110
107
100
97
109
92
109
94
81
91
97
86
94
97
80
92
97
95
90
82
89
87
99
89
96
90
99
91
92
103
91
90
100
91
102
91
102
93
105
96
104
80
91
97
77
105
98
110
96
109
109
124
132
126
143
124
112
129
115
122
114
111
124
113
124
127
119
117
105
125
87
118
108
113
34
35
87
65
103
57
79
84
84
73
74
75
60
71
68
87
86
79
100
100
89
99
103
92
95
97
87
97
93
104
91
97
86
94
94
100
81
86
97
87
93
88
97
87
94
97
95
96
92
86
98
92
92
94
82
81
75
92
87
64
81
89
84
86
84
76
80
95
93
91
90
83
101
96
113
110
101
86
97
91
110
112
83
104
90
108
96
111
88
109
102
119
118
112
115
113
106
117
110
116
109
115
117
117
104
118
109
116
112
123
120
122
120
120
120
121
115
121
112
106
114
102
120
118
118
106
103
109
116
114
88
101
117
119
112
91
89
105
87
93
106
102
75
99
108
114
113
92
114
102
103
112
101
86
116
99
95
65
65
107
109
107
101
110
89
100
109
100
102
112
94
101
98
115
120
116
118
102
109
55
40
127
34
33
86
59
127
60
38
38
54
54
75
80
81
98
97
119
109
110
106
117
113
102
112
102
115
99
104
96
111
94
106
98
104
83
105
91
91
103
84
98
94
88
39
58
103
67
67
37
43
38
98
30
51
50
55
40
69
69
71
70
107
106
114
111
123
101
101
98
101
106
112
107
112
115
120
109
129
116
124
119
122
114
124
121
119
111
94
111
117
114
105
110
100
95
102
75
88
101
90
68
73
41
62
86
32
51
14
15
105
91
105
77
79
75
79
86
88
84
106
99
107
86
94
83
96
97
95
90
101
87
90
98
101
101
82
102
98
106
99
96
107
106
89
96
103
102
95
103
92
111
110
118
116
118
108
117
102
112
120
103
116
100
116
99
98
108
103
100
35
96
84
64
104
27
71
52
46
81
78
28
43
43
63
63
61
91
92
101
111
99
100
113
115
95
108
116
108
120
126
110
126
109
122
108
121
112
120
110
122
114
122
112
112
120
120
105
111
101
109
96
107
106
93
106
95
105
101
115
85
99
115
106
109
102
116
107
117
106
108
102
114
103
113
100
113
110
96
108
112
110
113
110
116
114
107
114
124
114
124
116
126
119
127
118
127
120
125
117
124
116
110
119
96
115
100
114
100
115
97
111
91
98
114
100
119
108
117
109
119
103
119
122
114
120
103
110
121
110
127
115
137
129
131
158
150
158
135
141
145
139
128
144
129
117
123
122
139
127
434
430
417
414
404
387
383
371
363
40
23
25
25
30
31
32
35
39
40
42
5
17
11
19
7
4
21
4
7
28
4
9
8
10
6
6
10
13
19
41
34
9
12
4
15
19
4
8
6
4
6
6
4
14
4
26
50
36
55
47
65
66
88
81
43
58
58
70
87
86
87
30
28
27
30
30
26
28
25
28
30
25
78
24
47
48
46
48
80
93
91
110
102
84
117
85
99
121
115
106
116
125
125
109
116
103
98
98
83
79
115
61
53
101
70
39
48
19
46
29
29
52
78
55
53
53
19
34
37
39
31
33
35
37
39
57
100
13
16
22
38
39
60
62
61
70
68
47
35
22
59
60
70
28
17
31
45
44
65
66
80
74
85
90
98
97
102
98
117
112
98
107
95
111
95
101
105
100
91
102
105
74
68
87
109
104
119
108
119
105
91
90
108
111
109
102
114
94
116
108
119
120
106
116
108
114
65
51
90
40
25
67
82
97
52
77
58
41
41
33
38
39
39
42
44
6
16
16
48
53
52
64
72
63
91
93
93
91
91
59
50
79
105
106
86
72
42
51
77
70
78
39
80
52
79
75
104
127
126
124
98
44
48
96
95
76
40
45
114
47
35
107
64
97
100
39
93
75
70
71
88
88
109
104
108
116
110
94
101
105
97
95
102
108
107
100
100
106
113
102
106
118
91
68
80
99
102
92
110
96
103
112
114
111
129
106
116
102
114
100
113
110
117
115
108
85
119
99
107
108
131
116
104
95
106
53
76
80
42
89
63
120
120
115
134
130
54
77
78
95
95
117
118
120
110
118
106
113
121
110
120
108
117
109
113
113
113
113
110
99
97
104
86
100
97
81
86
84
55
49
41
13
85
93
28
65
12
79
36
49
45
66
65
83
84
102
102
119
112
108
116
91
112
104
108
96
105
91
93
102
89
71
98
94
89
89
94
98
88
95
88
92
102
99
88
99
91
99
88
104
93
106
99
111
108
112
106
113
106
111
109
110
103
107
99
109
101
107
96
104
107
107
110
109
102
97
108
110
108
112
103
114
103
118
115
118
109
108
115
116
108
115
107
96
114
100
114
101
116
96
106
93
109
92
105
102
106
103
105
96
106
98
107
103
83
103
99
92
99
109
93
109
101
99
104
101
101
109
108
100
110
102
106
97
107
105
110
99
109
102
108
110
110
103
111
109
111
103
116
107
116
108
117
114
117
110
113
105
108
101
110
108
112
109
112
110
112
109
115
108
115
107
106
114
112
110
117
109
116
108
117
109
116
105
119
112
119
111
119
111
118
111
111
119
114
106
102
104
101
79
88
94
80
69
87
82
90
86
73
94
93
77
95
87
82
87
73
93
69
78
86
97
95
87
103
99
109
108
118
92
94
101
102
89
101
94
100
87
99
93
65
72
83
102
94
94
83
84
90
95
82
74
75
96
97
96
102
103
85
103
118
110
87
101
93
103
104
98
97
109
99
108
95
111
103
115
101
79
100
90
96
90
97
91
99
95
93
93
85
95
68
88
99
80
31
25
62
60
25
45
72
32
44
55
44
64
66
67
89
88
98
86
93
98
101
88
76
94
87
99
88
100
87
84
92
82
93
100
100
95
82
100
89
95
78
89
74
81
89
99
93
94
93
97
107
95
87
78
118
106
104
118
119
120
122
124
97
97
84
92
99
97
95
93
76
91
96
82
93
90
92
85
91
87
99
97
90
100
97
93
87
88
98
86
87
98
100
91
98
95
103
101
95
84
87
95
85
96
96
84
92
99
104
93
105
96
100
91
100
88
93
84
89
87
80
91
94
92
89
81
94
83
87
98
81
97
86
98
93
92
107
104
82
90
89
73
66
91
82
87
91
81
77
84
98
95
93
101
94
97
92
102
98
87
111
88
90
87
97
93
104
77
91
90
96
102
90
92
70
89
93
80
80
102
101
86
103
99
100
111
108
124
116
110
101
113
116
116
105
113
106
109
97
116
103
112
105
108
77
61
42
37
54
102
25
74
92
8
16
39
41
39
40
39
75
68
85
85
100
87
100
98
105
102
94
108
92
103
93
83
84
100
83
100
97
91
98
91
90
96
100
95
104
106
105
98
101
95
107
100
99
103
101
593
580
591
585
586
586
578
574
576
590
95
99
100
90
109
98
112
102
117
109
120
110
119
105
120
109
109
120
109
118
115
107
113
106
115
107
116
107
118
116
124
115
125
119
122
115
123
115
123
114
120
112
120
112
95
117
109
118
105
104
111
116
102
105
112
108
94
119
86
108
110
111
115
111
104
100
109
102
116
104
115
117
106
114
111
118
113
84
58
104
72
28
28
46
91
40
5
19
46
48
92
93
111
112
130
129
150
143
151
138
113
111
108
96
100
95
93
83
90
99
82
93
112
108
117
109
123
113
126
124
127
138
122
115
128
121
124
117
119
117
124
119
111
119
92
105
113
124
109
121
106
109
65
87
105
120
106
99
112
97
110
97
117
88
107
107
117
114
119
111
113
106
112
104
105
94
104
95
84
99
94
89
77
93
85
75
65
60
84
94
75
93
93
86
75
89
62
87
65
85
90
83
92
78
81
88
89
99
91
101
90
92
103
99
90
73
41
52
27
82
100
67
36
39
25
42
41
58
57
76
77
97
97
115
108
118
106
122
114
124
115
114
119
120
113
111
111
83
98
105
99
106
68
68
81
103
108
100
90
107
95
112
113
125
125
122
90
101
79
108
89
107
99
93
99
94
107
88
102
101
115
102
104
118
117
108
118
123
110
115
109
110
101
99
78
102
109
73
92
72
81
19693
19685
19708
19709
19725
19719
19735
127
135
73
85
46
62
145
98
134
125
23
45
93
92
98
66
99
68
97
86
73
111
146
130
141
146
151
168
181
195
192
183
146
165
133
127
144
143
124
145
112
139
101
127
109
118
47
38
124
38
114
100
69
22
33
37
79
13
11
74
5
13
9
45
31
41
38
45
43
41
72
93
70
60
57
62
66
54
90
62
105
63
128
79
94
103
105
92
97
95
104
104
93
80
112
88
106
121
96
97
113
79
92
92
119
106
118
111
122
99
119
116
135
119
129
124
131
120
133
121
133
124
127
118
127
128
112
107
117
107
94
99
97
87
78
74
66
58
49
51
112
115
16
34
30
52
46
65
64
85
84
100
107
106
102
115
115
103
114
100
100
112
137
126
140
124
138
112
136
118
145
112
126
117
121
124
93
108
123
114
101
115
95
74
89
73
112
94
116
114
108
72
71
84
72
120
113
133
118
76
111
91
74
124
139
132
130
139
147
138
148
118
158
118
136
124
105
117
102
121
108
103
107
102
28
107
68
26
58
44
97
136
90
32
49
87
85
64
63
80
80
103
104
111
112
104
121
131
128
128
112
129
127
108
121
117
108
105
112
116
104
129
133
136
139
137
130
123
142
142
125
100
117
94
91
79
19
34
75
56
51
6
20
21
47
51
28
22
44
24
20
45
26
103
119
60
37
114
60
60
76
76
76
100
92
99
83
78
92
101
90
97
84
76
93
85
78
85
85
93
80
94
79
90
86
90
84
92
85
84
83
94
83
94
90
85
81
96
85
73
83
59
75
70
90
123
118
121
125
123
130
129
149
145
91
99
108
89
102
98
92
87
99
94
61
82
100
76
58
67
76
80
91
87
97
96
107
97
102
88
87
83
98
98
107
96
76
89
108
102
106
102
105
94
103
94
100
71
73
101
97
95
105
98
89
101
82
91
100
93
91
95
90
108
94
109
96
98
98
110
101
100
106
93
102
89
90
104
82
100
101
100
91
94
102
102
96
109
89
108
96
90
103
81
90
75
88
89
96
74
103
87
99
90
102
88
105
86
103
89
95
108
93
103
109
104
109
102
112
105
98
108
83
97
105
85
102
88
96
85
98
75
24
29
65
53
89
66
42
89
70
66
87
84
61
80
80
97
95
110
108
97
107
105
99
103
93
105
97
99
102
109
100
115
100
143
143
138
159
157
126
144
140
138
111
104
115
123
101
117
110
117
125
104
131
81
106
97
106
87
101
107
114
106
114
112
92
119
113
99
120
106
114
105
112
109
97
108
91
92
100
74
86
101
89
100
102
100
100
107
83
103
102
99
107
111
102
118
106
114
106
117
113
119
117
116
109
105
120
107
115
115
106
110
117
112
115
104
103
114
113
113
106
114
106
117
115
124
105
119
108
121
113
122
114
122
114
127
84
76
59
97
123
105
104
95
92
85
53
68
66
84
85
97
102
90
107
105
97
107
98
104
105
95
108
99
101
101
114
104
94
108
98
95
91
110
110
98
103
98
110
108
112
94
109
91
105
93
112
112
111
99
99
113
112
87
91
47
67
109
78
41
59
31
106
105
75
123
107
85
79
97
74
91
84
83
95
112
113
116
118
119
93
119
125
99
106
87
95
106
92
99
87
100
107
109
97
114
111
101
118
116
108
112
121
118
107
113
109
122
101
120
111
117
119
118
112
123
124
114
116
112
106
108
101
115
107
114
103
114
108
103
115
112
99
105
112
78
71
93
102
96
104
98
86
91
105
99
81
99
93
94
102
99
78
95
100
96
101
107
96
109
104
95
78
93
93
85
102
94
98
84
100
92
86
94
94
92
98
93
101
90
97
104
84
109
95
93
101
110
99
106
110
123
113
125
117
105
125
105
115
100
104
93
99
86
79
100
94
103
90
108
95
103
97
107
102
102
103
116
90
82
60
46
109
98
100
92
85
68
72
65
84
83
103
103
124
112
130
120
134
126
147
81
127
133
87
118
98
115
128
128
122
108
99
103
108
130
111
118
107
102
118
119
105
111
118
130
110
117
108
120
128
122
110
120
109
119
114
121
110
106
86
104
111
83
95
75
66
95
92
100
95
85
79
102
77
85
94
102
108
83
80
94
93
96
90
84
99
87
84
93
79
94
86
89
81
73
92
94
89
108
98
95
101
106
98
107
105
103
95
103
92
98
98
80
59
71
99
46
39
87
66
102
104
71
59
95
84
83
105
104
127
112
125
116
137
127
119
111
115
107
109
121
111
104
118
112
104
117
104
119
105
109
102
113
110
117
109
113
118
128
120
114
130
99
119
115
101
121
78
92
103
95
87
104
102
99
106
117
102
107
107
123
122
112
109
122
116
120
75
86
108
110
118
108
80
90
87
95
106
97
111
84
99
94
85
106
98
114
96
101
96
100
104
93
98
89
82
103
77
99
89
95
89
97
89
96
72
37
95
86
60
60
59
52
52
103
91
89
94
86
122
124
126
140
138
89
83
87
86
77
106
80
91
82
91
92
98
91
105
98
109
102
80
102
100
94
87
78
91
80
92
86
77
97
81
94
78
90
84
95
98
100
102
118
96
111
106
98
114
97
109
100
103
94
105
84
97
94
101
87
99
88
99
97
79
81
98
93
100
104
97
109
98
111
100
102
96
94
104
83
109
85
93
98
99
89
92
75
109
97
100
99
87
105
78
97
99
92
103
96
104
106
105
103
108
92
102
96
93
102
83
103
95
94
104
92
87
73
99
98
103
91
107
91
91
102
105
95
112
111
99
86
88
95
80
94
96
101
83
95
86
104
91
108
94
97
96
110
99
110
103
118
114
113
107
114
108
113
111
90
110
101
98
104
96
105
94
102
97
102
104
107
93
86
109
97
101
102
121
102
103
117
110
104
104
115
91
108
112
110
94
102
94
106
95
88
94
108
111
93
106
94
92
104
81
77
92
91
93
105
89
79
81
102
95
83
94
73
93
82
87
75
80
85
85
97
84
76
93
78
96
90
95
104
90
82
109
95
94
100
88
97
102
116
102
106
119
106
113
116
109
112
110
78
93
31
66
81
42
10
99
28
5
59
70
69
63
43
60
71
70
87
87
102
100
98
87
105
101
104
99
95
102
107
104
117
100
89
120
123
118
132
124
137
126
130
127
121
88
81
105
126
66
115
119
51
92
53
71
96
70
74
63
65
66
78
64
110
74
111
114
67
110
113
83
115
87
74
125
51
62
16
75
50
39
9
24
27
21
21
24
26
21
54
53
44
55
31
37
37
40
37
26
37
22
50
31
40
22
17
28
18
39
17
35
52
42
26
40
40
51
56
57
64
67
53
62
41
64
64
73
62
69
45
45
51
63
50
1774
49
1763
1765
1759
1759
1743
58
1766
124
109
133
144
127
132
131
143
179
124
139
130
137
135
148
157
125
115
164
115
124
122
113
123
117
127
107
113
84
61
38
87
108
29
103
55
59
8
13
17
15
39
9
32
11
48
27
28
28
31
69
48
27
14
68
68
50
68
3
7
4
3
32
33
27
46
44
48
36
36
50
81
82
27
26
95
71
80
24
28
28
7
5
19
33
32
29
61
77
74
72
62
72
116
110
88
97
89
109
66
95
112
107
102
87
108
99
116
116
129
98
100
92
95
94
141
129
119
104
54
122
80
95
108
133
4
12
19
20
21
12
7
12
7
10
10
15
20
19
7
19
128
21
21
20
21
117
22
21
71
82
64
52
48
40
48
23
48
47
30
48
48
5
19
45
44
64
64
85
84
99
85
87
89
90
106
75
99
91
95
80
75
88
86
95
87
99
82
99
97
97
105
101
100
102
112
112
104
108
88
79
96
106
85
96
101
91
98
93
92
92
77
102
97
82
97
104
103
91
104
94
100
96
106
93
96
87
96
99
92
104
108
111
91
103
94
94
93
98
107
97
97
91
104
103
89
100
89
99
88
99
88
102
92
93
84
101
109
96
100
95
93
103
99
95
94
94
103
109
117
106
130
132
122
131
122
129
125
114
105
120
105
96
108
99
110
103
76
86
104
109
91
104
88
80
101
101
83
91
100
99
133
126
135
133
138
126
130
138
134
89
103
72
57
66
38
21
33
82
47
101
66
64
67
90
90
110
110
128
128
108
100
97
88
97
102
100
98
90
97
97
86
79
96
100
98
101
101
97
85
94
112
94
92
93
80
82
95
93
94
86
85
95
102
106
99
93
106
103
103
100
114
114
105
113
106
117
115
115
109
116
114
118
111
110
117
117
109
115
109
112
106
111
98
111
107
113
111
116
103
116
108
116
105
117
109
106
114
113
111
110
103
108
106
107
95
99
102
106
104
111
99
110
108
110
104
97
107
107
99
92
103
91
102
103
104
103
118
95
102
98
107
98
109
99
107
106
102
106
102
112
107
108
119
113
111
109
116
110
87
114
100
93
110
93
54
97
90
87
73
51
97
84
77
85
82
93
81
75
87
96
91
100
94
99
84
81
68
81
91
73
93
80
83
98
99
91
84
105
99
73
120
114
121
112
122
116
83
125
102
108
89
103
113
96
94
104
79
92
101
100
83
92
98
99
112
105
123
102
112
103
94
117
105
119
108
107
103
117
106
112
106
106
78
96
103
84
94
96
81
92
97
88
107
89
103
84
100
104
109
113
118
110
118
111
121
104
110
113
121
116
123
111
116
111
103
113
102
122
107
105
116
112
111
113
124
121
107
129
122
123
114
102
130
121
112
96
122
113
103
111
102
96
87
96
91
103
82
80
95
105
92
107
102
117
103
112
92
115
104
97
106
92
97
92
95
104
104
95
100
102
96
117
113
121
125
116
128
129
128
131
110
118
121
102
39
22
59
93
82
49
74
105
93
61
53
75
73
102
100
98
136
128
146
137
123
127
124
132
115
112
71
39
36
117
89
80
62
101
97
46
39
49
50
84
50
89
82
125
125
149
137
160
149
152
139
145
130
132
128
119
128
113
121
117
109
68
29
24
52
119
100
82
58
37
4
4
16
2
19
24
34
44
36
54
53
78
78
101
101
114
113
112
109
116
107
110
98
81
72
100
87
83
105
75
97
97
83
102
89
95
86
93
98
97
94
99
61
71
84
110
97
109
105
119
109
114
73
88
100
96
90
94
103
103
110
110
123
121
115
113
79
30
21
91
43
30
120
95
62
48
95
58
53
52
70
69
92
91
90
118
111
111
123
112
118
115
105
116
114
113
123
99
106
107
109
102
124
117
116
102
115
104
116
116
87
91
106
93
92
96
99
101
96
108
88
105
100
100
113
103
114
103
91
112
86
108
100
107
93
104
103
96
97
110
101
118
102
106
114
99
107
101
84
87
66
112
102
63
39
48
87
77
89
72
73
66
61
79
78
77
83
91
89
93
98
92
100
99
96
98
101
54
84
74
66
97
90
92
86
98
83
75
77
95
95
113
113
115
102
116
108
118
94
116
110
104
112
104
110
116
102
118
104
118
112
125
111
116
108
114
106
106
93
95
107
107
94
90
111
103
108
102
106
100
103
107
86
103
104
110
100
104
97
91
103
100
92
79
98
101
96
103
90
107
98
96
100
99
98
110
99
113
105
115
109
119
111
114
121
117
95
103
105
113
122
105
118
105
124
108
109
114
114
112
97
106
83
105
93
107
99
107
100
107
101
90
117
115
120
102
113
46
77
45
103
100
68
85
118
72
100
116
90
73
77
82
95
86
95
110
101
112
100
114
105
124
107
110
102
117
109
117
109
115
110
110
104
95
111
107
98
86
110
97
115
98
105
111
104
121
116
109
115
109
117
110
117
105
118
116
117
121
121
118
125
116
125
118
125
116
125
113
123
114
106
114
119
110
110
117
114
105
117
111
119
105
114
107
112
100
110
101
105
108
99
108
94
101
99
96
100
80
93
100
93
107
99
99
112
111
103
111
104
110
103
106
99
94
107
107
97
19677
19671
19678
19673
19674
19668
19668
19679
113
19666
145
160
159
155
158
165
162
189
180
113
127
99
160
89
124
70
121
87
113
96
132
114
148
149
163
144
116
98
157
131
122
99
85
110
134
129
110
121
123
113
123
104
87
77
97
67
91
95
79
89
117
116
59
60
61
64
54
93
70
42
7
17
18
25
23
28
4
12
7
8
10
3
4
20
4
5
3
32
64
50
55
47
35
56
71
53
49
78
106
77
117
66
78
50
159
131
138
150
150
175
175
194
108
155
134
118
123
118
130
115
125
120
136
136
160
143
168
153
173
155
172
152
165
125
120
135
110
124
115
99
111
109
110
99
110
102
99
108
111
99
106
108
101
108
107
99
105
95
97
86
99
87
93
102
103
93
114
107
98
91
109
86
97
108
94
103
113
100
120
112
111
108
108
113
99
95
107
112
79
103
96
109
96
103
96
101
91
86
100
95
104
97
108
94
101
100
95
84
100
96
89
89
103
97
85
78
75
93
89
95
96
89
105
91
106
105
113
111
112
104
115
112
115
107
115
106
113
105
130
128
131
123
134
131
128
130
134
112
116
112
118
110
118
109
117
108
117
115
118
115
114
107
110
107
108
100
109
100
106
103
106
103
104
97
98
104
103
101
106
104
100
101
106
108
84
97
105
102
90
103
95
109
88
83
98
82
76
69
83
93
92
93
104
95
99
114
96
90
94
87
104
106
100
94
94
93
95
94
90
104
86
85
97
96
92
90
80
97
100
98
105
99
108
100
111
110
100
120
113
112
114
107
112
110
112
104
112
100
112
105
108
106
109
100
110
105
110
102
110
108
112
104
110
108
107
100
107
105
107
100
107
100
106
100
114
108
106
113
111
106
103
111
112
109
110
108
103
112
115
103
116
114
112
100
111
89
103
95
112
91
104
104
66
94
25
60
43
90
22
57
65
39
83
79
53
74
61
73
67
83
81
103
101
117
109
117
110
116
113
120
112
110
118
112
103
99
110
110
103
112
105
110
108
114
107
102
112
116
108
111
105
111
105
110
104
112
109
111
105
105
116
103
108
112
105
115
108
104
112
110
108
114
92
109
107
95
101
96
114
95
110
100
112
99
111
109
112
105
110
102
109
102
109
112
111
104
110
107
104
111
106
101
106
94
105
98
105
99
105
112
97
105
99
97
104
107
87
96
105
95
97
87
92
99
90
102
88
60
53
95
37
69
69
76
23
49
61
31
47
53
50
53
76
75
85
85
94
89
89
97
93
92
98
91
100
81
78
86
97
68
93
83
96
88
58
85
48
41
60
74
82
94
79
96
85
69
61
77
77
94
93
106
98
103
91
103
92
92
103
103
98
92
103
105
101
94
105
96
105
105
101
103
104
93
86
93
75
99
187
176
179
179
186
174
169
186
94
103
95
84
76
70
87
70
68
90
85
94
91
89
70
91
97
88
81
94
86
75
94
84
84
96
89
98
87
109
99
105
99
109
98
107
87
105
106
93
106
94
106
91
102
90
92
91
92
105
79
90
85
68
102
92
68
80
89
87
87
81
88
88
85
110
98
114
106
107
118
117
110
119
116
108
97
105
97
106
96
107
103
99
104
84
90
104
102
95
84
90
101
94
108
92
94
93
103
89
99
96
102
110
95
104
103
96
100
80
96
89
99
91
93
93
95
91
98
86
100
88
96
92
88
98
92
100
94
95
84
101
82
101
92
99
80
87
77
78
74
69
69
72
62
60
52
69
58
49
71
102
97
113
102
85
112
97
95
103
95
88
73
112
98
84
65
105
97
102
91
110
92
108
117
120
113
106
102
114
108
101
78
104
105
111
96
108
99
121
104
107
107
121
113
124
112
127
115
122
115
122
114
121
108
122
113
111
117
118
121
117
109
114
107
105
87
77
92
100
98
87
95
101
109
100
103
95
113
115
123
104
108
119
119
95
109
120
107
107
113
112
101
105
91
109
111
98
101
97
83
92
98
112
94
109
108
103
104
103
111
99
101
95
96
101
103
104
102
101
95
106
107
100
108
100
108
105
105
94
101
109
107
101
103
105
99
105
100
107
97
106
107
96
107
94
105
98
103
99
82
96
86
73
90
51
79
68
54
72
58
84
78
73
94
58
76
73
72
91
90
102
97
105
103
103
94
100
104
85
93
100
86
99
97
104
94
91
105
106
89
101
88
99
89
98
92
97
90
96
90
76
94
98
88
102
90
105
92
109
100
106
115
104
110
104
113
108
103
103
112
109
103
72
99
81
93
61
80
88
69
95
99
89
88
80
97
92
113
104
108
108
109
108
123
109
125
116
107
120
104
115
110
123
120
119
112
121
117
100
129
114
110
124
119
106
122
109
122
119
118
107
123
106
111
120
107
112
103
111
100
94
104
91
115
96
108
98
101
100
99
119
104
107
110
104
116
104
118
111
107
100
116
107
126
109
102
100
105
112
95
104
103
93
103
105
92
105
95
103
91
95
102
107
92
98
93
98
99
93
98
88
92
100
90
107
95
104
93
95
99
97
91
96
102
87
108
94
93
107
94
86
106
98
101
109
92
90
100
102
69
88
94
87
77
92
83
95
87
95
87
89
99
89
79
97
83
96
90
102
81
72
91
89
108
95
113
99
115
108
82
111
101
100
112
114
114
107
120
111
125
114
91
101
123
115
119
110
114
100
105
94
111
86
118
102
106
103
105
98
101
97
91
100
108
89
107
87
98
72
92
91
88
90
99
100
97
116
105
101
111
106
108
112
115
105
114
108
114
115
124
110
124
113
130
122
126
120
125
89
126
112
104
115
101
112
100
103
106
107
90
104
104
96
87
91
104
99
91
103
101
121
85
98
104
102
106
100
113
117
104
114
117
117
107
102
116
121
99
111
108
110
90
110
108
119
111
108
120
114
105
113
110
108
90
120
86
111
108
117
96
110
112
105
114
104
92
122
103
103
93
95
81
75
67
52
62
43
110
65
20
22
21
24
23
20
22
21
21
86
42
62
67
68
64
62
68
115
138
41
35
111
23
54
41
90
18
130
42
40
18
19
102
102
103
574
580
537
492
21
512
502
571
46
536
576
29
7
8
19
7
3
20
10
6
4
4
18
28
15
18
32
9
4
6
14
12
21
24
22
22
22
21
22
23
22
4
24
20
11
13
13
12
44
60
51
57
65
60
39
79
93
92
86
79
112
105
124
107
115
101
67
111
68
90
105
95
101
103
84
103
52
36
46
71
24
58
55
26
19
37
38
57
58
78
78
102
101
119
112
120
118
111
125
91
113
69
72
61
83
103
60
50
98
92
117
129
129
113
119
116
179
145
145
139
135
145
132
142
126
105
116
98
111
105
92
93
80
60
102
72
55
92
82
83
107
84
76
71
93
101
100
68
112
123
91
98
101
99
80
67
87
97
105
79
50
61
39
71
50
22
21
57
21
57
53
51
93
111
111
121
93
79
86
87
62
78
59
79
85
121
98
84
56
22
3
13
14
18
22
14
13
4
4
14
7
30
51
41
41
39
54
59
20
43
23
64
66
57
55
22
59
86
64
94
104
119
119
109
122
121
144
121
98
85
139
44
71
47
111
63
5
3
20
50
49
63
57
74
63
91
90
106
106
98
92
101
107
117
108
113
113
116
129
170
167
160
157
135
145
146
128
126
145
87
100
95
90
85
85
110
105
112
91
100
112
109
106
104
132
104
107
119
119
96
140
116
113
122
71
60
62
57
55
61
55
66
59
54
50
54
54
89
91
98
106
101
106
117
99
104
106
121
111
118
105
115
113
109
113
102
110
101
108
108
106
104
107
109
103
91
113
103
99
111
92
116
100
108
105
105
107
97
99
122
109
106
115
99
118
100
113
97
94
110
106
103
107
99
105
107
108
106
110
102
111
104
109
103
106
95
106
101
107
109
108
106
108
107
110
108
113
106
110
101
107
101
112
105
116
108
108
111
113
109
116
107
116
113
112
109
102
111
108
106
108
100
101
91
102
104
107
98
109
106
106
104
107
100
107
103
105
103
105
102
109
107
112
109
109
112
116
111
117
106
115
113
115
112
112
110
104
106
107
105
105
102
104
101
106
104
107
97
79
96
99
92
107
106
90
106
91
111
100
119
116
113
107
112
109
110
103
108
101
108
101
106
103
105
96
109
105
108
105
105
103
108
106
113
105
103
95
110
102
118
117
98
104
88
96
88
105
96
95
86
93
92
79
99
90
99
88
92
86
79
92
86
101
84
92
86
97
88
89
89
88
99
87
94
93
81
93
82
93
75
89
90
97
104
90
89
80
70
94
62
90
96
92
93
82
93
61
76
75
82
82
95
86
97
91
95
86
94
93
99
92
97
95
99
89
99
86
97
87
101
89
100
111
111
112
114
107
96
109
103
117
94
105
97
113
99
109
107
121
119
121
108
122
120
124
119
123
115
122
114
120
127
124
115
115
123
108
117
93
119
105
117
107
121
108
126
112
125
116
128
115
125
123
128
113
109
124
125
116
119
121
77
91
97
124
99
116
129
121
130
110
109
107
107
116
129
114
130
123
108
119
108
124
119
130
106
107
96
109
103
92
109
114
111
114
98
113
103
126
111
105
117
106
112
109
120
121
126
117
122
129
113
113
104
96
106
100
93
108
84
93
109
103
96
109
85
98
92
24
40
56
14
35
76
51
62
90
85
86
58
59
60
82
82
102
100
115
103
84
60
69
118
94
104
89
83
85
76
94
83
101
100
107
111
97
107
97
72
116
101
95
99
99
100
112
105
76
83
98
84
86
100
94
90
93
93
85
92
96
94
97
91
102
98
107
87
99
99
90
102
113
102
89
97
93
99
114
98
113
105
90
103
116
114
102
111
98
112
114
101
102
118
107
114
122
89
106
112
99
111
95
103
103
84
93
89
90
101
89
100
93
105
105
89
112
106
112
112
108
128
113
102
100
117
122
114
121
113
117
123
135
118
120
124
114
105
112
104
110
98
110
98
107
116
115
70
47
40
31
107
54
76
83
5
26
45
38
58
57
82
81
101
94
111
112
125
121
127
135
95
131
144
138
125
138
123
139
114
111
124
115
113
123
113
127
119
123
122
119
131
109
103
119
109
101
114
102
112
113
107
115
105
94
116
114
102
112
98
104
100
111
102
105
100
105
121
111
127
112
112
117
124
112
121
103
119
107
124
112
113
123
101
121
110
93
95
105
104
101
105
81
64
69
52
79
98
24
92
37
10
9
25
41
40
41
56
56
68
70
76
73
81
79
104
93
109
99
109
108
105
118
106
114
100
114
101
97
109
104
111
86
100
79
94
106
100
90
106
91
119
124
115
130
97
98
75
101
36
77
118
48
72
90
48
71
61
60
76
70
68
95
95
99
109
108
97
101
107
98
102
87
109
95
95
101
111
99
108
113
105
114
97
69
110
114
84
95
110
96
102
89
98
106
89
100
116
100
95
101
104
93
100
71
74
98
113
100
108
97
117
124
115
133
112
110
124
116
107
104
89
106
94
105
93
101
102
89
99
108
108
118
110
125
106
103
113
86
102
96
90
101
92
96
98
93
92
73
68
100
74
105
95
100
91
82
77
101
93
90
92
75
101
100
108
117
101
102
110
110
86
89
112
99
113
102
110
104
94
113
105
118
108
96
91
119
89
87
109
108
100
106
104
114
112
123
99
110
118
116
103
116
102
113
110
112
103
105
93
104
101
104
94
82
102
89
96
90
91
101
94
88
90
94
93
92
97
97
91
103
98
104
107
99
91
97
106
99
107
102
96
107
95
102
97
109
101
108
104
108
88
105
87
93
89
83
81
86
83
87
88
81
95
110
102
56
83
112
65
94
104
123
36
74
93
77
65
62
63
70
63
69
51
60
69
67
91
79
82
94
85
81
97
99
101
108
95
83
101
93
93
100
90
88
96
97
83
76
72
97
85
95
91
91
94
80
79
71
97
56
80
76
45
83
76
73
95
72
78
79
87
81
50
70
78
91
87
85
90
81
85
73
79
76
86
88
83
88
83
89
82
75
88
88
90
80
93
93
81
94
82
93
82
92
97
90
80
91
94
91
80
91
79
94
82
80
79
83
92
77
83
93
82
94
84
96
89
80
89
96
117
107
106
111
118
114
117
112
99
124
101
104
98
92
91
100
91
82
105
100
101
89
82
73
102
101
128
90
97
98
98
100
46
73
88
115
3
17
16
29
31
46
29
28
24
24
45
30
93
93
91
89
67
61
78
78
80
81
77
26569
26585
26602
26597
26599
26623
119
103
121
124
125
105
131
117
113
121
112
79
33
88
101
58
103
86
55
83
65
66
67
108
66
41
66
136
136
152
153
123
123
102
136
81
114
107
106
94
114
112
103
114
105
103
121
118
104
99
98
93
87
105
89
95
97
96
88
90
93
109
94
115
109
120
109
116
115
127
105
117
106
124
118
118
125
126
121
108
126
109
126
124
109
120
95
110
109
109
119
107
98
103
99
80
119
126
115
127
131
123
107
104
120
105
116
116
120
108
117
114
106
116
113
92
104
115
101
114
103
99
111
107
121
116
109
104
109
111
93
87
81
82
77
69
64
58
107
99
101
4
5
19
27
51
55
64
59
71
70
92
90
110
111
105
108
114
107
112
88
102
116
102
116
111
106
114
123
110
115
107
119
114
121
114
124
108
120
131
139
131
137
129
137
124
135
113
121
120
115
116
103
107
99
106
90
103
88
82
101
105
93
103
101
101
105
107
97
102
110
106
93
112
101
105
106
116
99
112
91
102
103
108
109
103
115
105
110
115
106
107
96
122
115
109
112
92
105
113
103
104
88
103
97
85
52
47
37
24
78
70
64
84
54
45
49
56
78
77
94
94
110
102
104
99
110
109
102
90
91
101
105
93
96
106
91
98
103
90
104
87
108
106
109
107
107
101
109
122
123
122
117
95
109
114
107
118
103
116
102
118
104
114
106
107
98
96
94
107
103
98
105
109
98
114
109
117
114
106
100
114
115
104
111
97
116
106
116
114
117
115
109
105
112
105
99
86
105
91
111
107
104
108
94
110
108
129
108
116
107
109
110
117
98
116
119
105
119
118
106
120
110
125
92
105
33
41
116
59
74
48
86
