51
76
102
104
118
56
145
146
140
148
156
124
122
113
95
106
95
102
166
105
116
129
122
130
111
119
128
119
112
134
110
102
91
128
114
144
107
127
123
114
131
98
123
102
86
79
73
99
98
102
96
106
101
113
107
97
115
135
145
144
126
148
113
97
92
106
99
92
107
78
98
79
88
81
82
87
104
97
105
101
111
109
99
115
110
103
90
110
97
107
102
109
103
110
101
92
106
103
106
99
106
99
98
109
96
103
90
103
95
99
90
85
92
94
90
98
92
105
95
115
113
113
115
112
105
105
112
108
96
110
93
118
116
115
101
113
104
119
113
103
113
109
96
107
94
108
103
114
111
107
106
116
120
108
117
105
90
107
97
103
96
103
78
93
102
84
103
96
108
97
83
106
83
91
103
86
97
91
95
84
79
92
84
92
93
101
98
85
90
104
102
103
115
116
101
89
106
99
95
101
81
91
97
100
92
95
112
103
83
97
27
63
37
64
58
91
43
4
4
5
18
35
17
11
29
26
9
25
22
5
16
3
23
23
30
37
35
45
44
62
62
70
78
76
70
99
89
99
86
80
97
87
75
97
89
84
88
82
70
100
89
93
96
103
86
76
93
111
108
108
96
102
110
110
87
84
87
92
94
98
84
94
98
101
99
116
114
116
113
112
104
114
103
113
100
104
115
106
118
100
123
113
127
110
116
117
107
94
109
82
102
98
102
90
109
100
87
89
111
104
96
108
95
93
103
102
96
101
92
95
88
95
84
98
89
95
92
96
99
96
103
63
72
101
82
89
85
43
25
21
81
63
72
53
7
10
11
30
37
45
46
56
64
56
67
59
61
79
84
79
89
94
94
82
95
82
86
80
88
68
84
87
89
79
84
88
89
83
96
88
87
84
90
102
103
103
108
92
106
85
103
111
119
119
100
92
100
98
92
93
84
93
83
74
75
75
74
69
79
89
88
80
90
76
87
106
80
106
86
117
111
114
109
120
119
127
126
110
103
102
98
108
99
107
100
107
94
107
105
107
109
98
109
108
104
110
108
107
93
4591
4585
4592
4583
4594
4587
4595
4589
97
4596
108
95
111
104
111
106
112
105
113
124
109
124
102
111
103
102
111
104
111
109
99
3826
3836
3854
3848
3846
3821
3818
3834
3850
90
165
153
31
50
41
144
109
39
42
101
41
4
20
24
49
41
65
56
73
74
96
95
120
121
130
123
129
127
138
122
110
101
120
135
127
120
91
101
112
119
105
111
103
107
93
121
111
123
123
122
121
143
121
140
127
131
118
118
134
103
115
131
125
132
118
143
141
143
132
149
139
145
138
86
127
105
123
117
143
127
145
134
143
143
155
152
136
136
131
123
119
118
121
102
93
109
127
122
113
94
127
74
118
105
121
117
102
155
153
109
128
137
150
144
142
96
115
101
92
99
91
140
133
152
180
181
185
175
176
191
142
167
144
159
125
52
62
94
69
116
103
132
121
75
126
123
99
100
100
121
120
80
97
91
93
83
66
88
90
94
90
94
99
89
82
98
89
98
84
74
79
87
70
76
88
81
80
91
95
109
97
100
96
100
101
111
97
113
103
104
116
116
101
112
102
114
105
110
102
112
101
110
99
107
110
110
90
107
75
88
106
105
94
79
100
89
98
96
103
109
117
91
97
94
94
95
128
140
132
140
144
133
130
144
141
102
109
99
107
96
101
92
100
82
92
94
88
89
95
97
91
97
93
95
108
106
99
89
100
95
76
101
83
96
108
90
92
98
94
96
72
42
41
41
96
32
62
74
73
100
70
84
46
58
57
55
83
82
101
94
112
99
116
103
110
103
117
112
88
110
102
106
93
107
93
95
106
107
96
96
96
112
105
105
112
110
103
113
108
115
113
104
111
109
100
111
108
111
105
110
107
112
101
111
103
110
104
111
103
115
101
116
106
112
119
121
108
123
115
124
121
121
108
95
118
109
117
104
114
87
100
97
104
113
93
116
109
119
108
102
94
114
107
121
113
104
100
104
103
84
94
112
99
97
108
101
112
106
118
115
103
98
107
104
94
107
96
105
104
101
106
103
98
83
110
94
104
96
102
99
113
99
111
96
115
115
107
119
115
112
108
110
112
100
106
97
102
89
101
96
103
103
101
96
103
81
72
104
85
95
100
98
98
109
97
91
90
111
107
75
38
110
59
32
20
91
54
104
69
19
4
4
11
14
29
36
43
55
53
76
74
93
96
110
109
119
128
125
132
118
128
125
114
122
108
114
113
103
103
112
108
88
98
107
98
107
94
95
110
104
118
117
114
107
106
111
103
93
95
108
102
91
104
92
109
101
112
101
110
104
91
110
101
117
113
108
114
114
105
111
103
89
93
100
93
102
90
95
98
102
94
92
107
105
104
96
101
94
104
91
100
93
99
93
100
94
99
104
96
108
106
115
100
105
97
108
86
99
98
104
97
105
111
101
101
98
82
98
96
79
109
130
135
138
144
155
161
150
137
150
17
74
52
33
62
125
43
90
13
23
21
40
49
56
54
57
56
76
75
87
86
99
98
87
91
87
94
91
80
93
82
99
90
105
103
103
100
88
101
89
100
89
101
100
90
102
92
100
101
101
81
92
94
103
102
96
103
100
106
95
107
97
103
95
101
89
95
84
101
93
98
81
92
85
88
88
88
104
98
87
98
92
101
101
108
101
80
89
97
94
89
97
90
99
91
92
101
95
94
80
93
101
104
90
81
92
97
99
94
100
89
89
103
83
88
101
94
82
96
96
107
97
105
98
96
99
111
113
106
121
109
113
123
116
104
119
107
111
121
120
117
118
106
123
116
114
122
114
105
115
112
104
113
109
101
97
100
104
111
91
109
107
119
117
104
108
117
103
100
118
94
116
109
121
110
112
120
109
127
106
119
105
122
104
119
108
113
104
112
114
115
109
115
113
115
103
121
115
125
119
126
124
127
125
132
113
119
131
116
134
121
117
107
119
105
123
111
113
107
118
123
114
125
119
106
122
107
123
104
111
104
117
115
120
106
105
113
112
107
99
113
95
102
113
102
100
114
107
114
116
110
113
105
122
107
130
115
117
119
116
118
110
118
126
122
110
119
118
105
112
109
88
100
101
80
88
106
97
107
116
105
121
113
117
103
82
90
70
62
55
94
81
89
94
98
98
89
95
123
122
108
100
109
90
105
115
112
109
100
108
101
120
105
108
117
120
112
115
99
117
123
109
97
109
122
112
111
111
88
99
87
102
101
97
95
100
95
100
102
102
92
114
100
122
116
104
130
121
130
116
135
129
120
113
118
105
105
105
103
115
109
97
109
96
111
117
100
111
101
106
99
96
103
115
112
104
109
103
102
113
115
108
90
69
123
102
83
110
99
106
96
100
100
112
108
82
85
105
107
74
101
82
87
89
95
71
96
71
101
95
104
107
110
104
102
100
97
112
108
95
97
103
83
96
87
94
100
90
76
107
106
99
108
116
94
101
110
103
105
99
99
83
78
106
86
99
88
98
100
98
101
84
104
104
114
113
114
101
104
86
105
55
93
74
60
49
30
33
8
6
3
15
5
7
23
22
21
23
30
55
70
63
79
69
71
58
81
81
99
83
94
90
85
10314
10321
10320
10295
10320
56
81
10296
10312
10303
10282
16
6
26
16
23
21
20
26
20
20
19
18
49
18
51
44
15
7
12
4
6
7
6
47
48
38
34
44
65
49
62
49
61
69
82
80
103
117
108
105
129
111
120
122
110
106
111
107
118
97
109
99
99
102
100
99
90
96
94
169
159
157
152
156
169
166
175
164
144
148
147
153
144
157
149
148
140
90
94
98
102
90
101
97
103
99
104
99
98
106
100
106
108
96
103
109
97
103
87
97
114
111
114
102
123
111
120
115
123
113
118
109
114
104
108
112
97
113
110
104
107
90
104
102
94
107
85
104
93
110
100
115
112
115
121
105
115
100
108
109
113
92
111
113
101
118
101
118
96
109
112
93
110
103
116
104
103
110
107
120
101
116
103
118
88
84
81
69
59
44
103
101
53
4
5
6
25
13
15
28
8
46
49
61
53
67
69
83
80
82
101
104
90
99
105
111
100
112
109
108
109
116
112
102
113
87
109
102
96
81
92
99
87
108
98
102
105
105
112
111
122
107
101
93
103
116
104
117
110
104
117
116
119
114
130
108
123
118
112
130
113
133
126
140
119
131
117
131
120
123
109
126
111
121
116
98
120
101
105
113
107
103
122
108
96
108
93
102
105
108
96
99
91
106
102
105
89
101
101
101
96
103
99
107
112
100
108
102
110
112
98
113
102
116
103
113
107
125
111
122
128
115
116
109
121
108
102
95
111
83
96
110
97
96
101
109
112
102
138
133
113
104
114
137
147
131
156
128
114
99
123
122
114
124
127
116
125
127
111
117
101
113
110
113
104
107
116
112
103
95
118
103
109
104
101
116
123
108
125
107
124
113
110
122
109
121
101
113
106
114
112
109
107
98
108
100
110
98
108
77
72
99
91
107
94
92
104
103
82
86
108
101
100
84
96
91
96
89
103
113
77
81
93
88
90
92
77
78
92
92
93
102
95
95
104
104
102
100
81
101
99
105
98
98
91
88
98
86
99
84
78
89
95
101
84
98
89
103
104
97
102
110
97
104
100
106
109
102
91
103
81
103
94
96
89
87
75
103
82
91
78
87
80
87
104
96
90
78
94
85
100
91
103
97
101
92
104
98
102
93
99
96
110
101
101
89
102
99
107
94
81
96
106
112
102
120
102
109
122
118
96
111
118
112
127
111
106
120
113
103
99
98
94
116
86
101
112
101
115
113
84
112
110
100
108
95
107
99
93
100
87
98
104
96
104
105
85
92
70
111
111
112
102
115
108
95
110
92
106
98
108
101
108
100
113
111
114
113
101
97
116
109
103
81
108
101
89
122
111
128
130
121
114
84
114
92
75
109
98
85
109
98
107
106
98
121
120
117
106
110
100
79
91
113
99
107
103
70
92
71
103
111
114
98
110
95
101
88
110
111
124
138
121
130
118
118
134
127
121
107
137
123
99
103
123
132
143
159
181
153
175
181
185
161
162
177
92
48
123
124
56
142
188
83
134
11
4
27
28
53
52
441
431
432
433
430
440
413
430
430
398
11
6
32
20
38
43
41
38
30
32
36
12
13
31
11
7
21
21
48
68
55
66
64
65
66
64
123
115
100
103
89
91
56
59
98
114
4
3
11
13
4
30
10
3
7
13
4
6
3
11
11
27
42
17
19
10
22
53
63
85
54
63
55
52
93
94
109
100
110
120
120
125
124
91
134
98
105
91
106
98
107
98
107
106
96
104
106
90
103
84
85
93
100
85
99
96
91
89
101
92
89
88
97
101
92
100
88
99
92
91
102
110
101
97
108
105
86
98
90
107
106
91
102
98
107
102
119
133
118
117
123
114
119
122
126
118
133
118
130
124
149
157
154
145
144
135
137
124
94
136
247
234
260
250
270
268
275
268
283
273
137
116
139
125
111
127
111
115
104
107
107
115
104
111
104
106
95
102
106
91
107
100
87
104
91
104
92
104
96
102
104
99
87
108
100
93
98
82
91
94
88
96
84
91
95
94
102
102
96
107
107
102
107
109
100
87
97
107
98
98
98
84
103
95
95
111
113
107
105
108
101
112
99
99
74
91
85
98
86
100
94
99
101
83
82
106
100
86
96
91
88
94
97
83
75
98
95
96
102
95
100
85
74
75
96
113
94
109
106
83
95
84
108
82
95
86
89
78
100
114
107
123
116
113
121
105
89
82
115
91
80
88
99
94
102
91
105
99
117
103
97
102
108
97
112
97
97
115
109
98
104
101
103
91
96
103
103
90
106
95
87
109
108
98
94
99
91
82
94
89
79
91
79
88
99
103
98
106
100
104
104
117
114
110
100
109
101
96
105
106
85
96
144
138
154
143
152
146
147
153
123
113
123
115
119
110
117
112
113
122
120
113
114
122
124
112
122
114
117
117
99
106
94
110
99
103
82
97
96
107
115
106
101
113
92
115
101
115
107
118
101
107
100
107
76
98
97
96
94
108
106
109
103
105
83
82
110
103
123
109
100
109
105
101
108
107
116
102
112
108
92
74
62
83
102
95
88
102
94
99
99
76
77
101
102
117
101
113
80
42
33
69
65
58
88
3
7
18
17
41
43
26
19
18
22
13
30
24
39
4
16
14
29
38
37
75
62
85
85
100
108
101
109
134
122
116
108
102
113
115
113
124
101
115
107
115
112
120
114
120
102
113
122
109
107
115
102
110
102
108
99
109
100
114
101
90
102
101
85
70
95
96
85
86
79
97
103
93
70
84
92
91
93
110
108
100
76
100
86
91
78
89
89
86
98
112
112
96
109
104
108
103
117
108
116
116
104
109
99
105
103
84
112
104
95
115
98
107
85
104
113
115
101
100
105
89
85
95
106
106
97
106
89
99
102
110
118
98
112
106
95
100
96
111
95
107
85
98
98
118
105
118
117
118
111
121
120
103
96
118
105
110
121
112
119
111
120
109
107
113
107
114
102
101
109
95
109
96
120
107
105
118
112
122
118
110
99
115
110
92
76
102
103
94
98
91
106
104
105
97
94
91
97
109
112
111
109
95
105
100
98
110
99
98
107
112
104
118
104
120
103
109
102
117
115
115
112
119
116
119
110
111
119
104
112
101
116
101
115
102
121
112
125
119
119
125
122
113
120
114
99
118
107
117
102
119
106
116
106
121
106
105
106
118
111
115
106
108
114
112
114
98
102
102
94
91
96
105
113
97
110
108
112
106
114
96
101
110
108
112
109
102
106
103
107
105
106
96
98
105
114
114
117
105
114
106
125
113
100
126
114
105
99
116
88
100
105
110
91
101
109
121
103
108
87
116
107
100
118
108
110
85
80
106
103
96
112
110
109
116
85
100
101
91
103
113
118
106
127
108
123
108
83
101
91
121
102
97
111
97
112
105
106
104
103
109
108
112
105
112
109
100
109
98
110
123
106
89
111
102
111
93
110
89
93
91
90
100
82
98
99
102
92
102
103
107
94
87
81
101
95
104
92
102
92
80
98
102
97
101
99
101
100
104
110
106
112
102
115
104
117
118
118
90
79
117
98
61
44
51
72
39
4
3
20
3
11
9
43
43
60
59
73
68
87
87
103
92
101
113
101
103
95
81
102
103
95
83
102
93
97
100
92
98
102
103
101
84
87
94
110
107
115
102
112
98
108
118
116
126
97
103
99
116
106
119
114
98
116
101
107
103
93
111
105
117
105
102
107
108
115
119
108
85
114
108
119
109
113
103
84
101
98
62
109
71
100
87
93
73
64
97
64
76
78
77
84
88
101
100
99
99
107
110
108
108
126
124
108
111
119
114
105
113
106
113
101
115
103
117
107
117
111
117
105
108
114
114
107
113
92
106
126
108
120
113
128
111
127
113
103
114
107
114
116
111
121
112
119
113
122
120
100
107
128
121
106
119
110
105
99
105
104
116
102
118
110
117
114
122
111
115
106
113
89
104
114
94
101
76
88
95
95
83
96
89
90
85
85
77
81
81
93
80
84
95
111
102
108
108
124
110
127
113
123
109
113
99
100
107
108
101
110
106
114
117
111
119
113
126
112
122
111
124
128
117
128
112
121
98
107
115
99
95
89
98
105
102
109
107
122
102
122
111
121
98
109
111
106
115
112
120
110
104
120
126
108
119
110
117
123
105
106
112
114
101
114
99
105
88
81
90
57
79
27
38
67
25
51
86
18
40
5
3
22
35
23
23
37
34
32
22
75
95
95
117
105
96
96
122
103
113
113
119
114
67
82
107
97
86
100
88
101
90
98
90
110
109
135
125
123
123
123
138
122
145
114
124
63
88
39
82
33
96
79
51
20
4
13
11
24
22
21
22
24
24
59
13
14
15
23
15
42
22
23
14
16
5
20
23
53
52
72
70
76
72
73
101
100
127
120
108
74
116
96
124
104
127
108
129
119
124
95
118
116
115
99
120
130
140
134
129
112
96
103
111
95
98
88
64
63
68
128
140
145
150
147
152
149
142
139
145
66
7
11
6
5
5
18
7
25
17
35
9
31
7
49
51
4
4
19
9
18
13
27
21
27
4
11
21
5
16
16
10
13
9
16
30
25
15
35
34
27
32
21
30
39
43
19
34
17
27
37
30
39
26
97
29
40
54
44
56
100
98
99
125
125
136
127
148
139
120
115
111
111
118
116
98
114
98
109
104
105
112
121
120
136
135
112
131
112
97
113
102
105
113
119
105
122
124
128
130
79
133
101
90
122
130
115
122
117
108
90
80
73
75
72
70
57
127
3
4
22
30
33
36
52
53
73
70
89
89
104
86
104
95
107
109
118
125
114
120
120
141
118
130
118
131
120
505
527
486
501
468
522
481
512
503
533
128
117
94
101
95
109
110
119
122
105
97
92
105
108
102
107
114
106
108
94
112
109
98
102
94
105
91
109
107
116
107
116
106
123
110
125
119
119
110
113
103
110
101
107
100
106
81
73
36
45
64
29
90
56
95
8
8
23
21
21
45
59
44
47
48
56
48
49
49
35
45
50
23
53
14
56
18
13
86
17
75
74
64
50
40
39
39
59
38
75
70
92
103
104
101
100
89
88
97
96
109
109
112
98
107
105
105
94
106
104
114
107
103
3
71
46
31
81
114
54
77
96
22
29
24
29
81
58
56
55
79
90
89
107
106
117
94
105
84
90
106
105
97
105
92
104
91
104
94
98
106
87
100
96
85
94
75
83
91
88
92
76
85
94
82
82
96
71
89
90
72
86
90
86
64
76
72
71
70
86
78
70
85
63
76
84
79
75
64
83
57
69
93
49
89
81
84
86
60
86
70
74
68
74
51
33
18
57
19
75
43
12
7
20
12
19
18
45
31
45
39
57
57
72
79
79
78
96
87
95
83
91
81
86
60
77
76
96
89
83
73
89
67
81
61
76
63
61
91
82
85
97
90
101
94
108
102
90
110
73
81
94
84
85
94
96
89
74
97
91
90
89
100
79
89
98
92
84
84
77
89
77
64
82
76
62
94
84
103
96
104
102
104
63
93
91
18660
18666
18667
18666
18676
18761
18739
18745
18767
203
181
203
196
18770
124
103
112
138
125
135
144
191
200
188
196
191
181
189
181
193
206
123
127
139
128
145
130
126
121
128
132
115
127
116
122
121
139
133
125
144
120
137
118
113
118
92
102
127
146
133
153
134
146
134
150
136
158
132
122
108
120
113
116
103
99
116
91
113
99
107
103
112
93
82
104
97
105
108
93
90
102
101
65
57
73
71
43
82
84
81
78
76
74
44
67
81
81
100
98
109
98
106
80
69
56
47
43
34
86
66
92
3
19
14
19
7
6
4
25
24
18
20
36
43
46
62
60
46
62
61
71
66
84
91
91
111
103
122
108
103
111
111
100
110
117
91
98
97
89
95
101
97
113
100
104
109
109
108
112
104
141
131
118
126
126
117
120
108
60
100
110
73
64
59
64
68
61
66
63
71
68
89
89
102
99
107
113
123
119
125
107
103
116
115
106
113
104
112
105
118
107
123
121
124
130
112
110
118
119
104
113
111
98
104
99
113
94
55
112
78
105
26
62
55
36
80
5
4
24
6
10
57
54
61
69
78
69
85
87
106
104
115
108
104
113
111
114
114
106
108
107
100
112
101
109
98
111
95
108
101
109
100
107
111
112
113
103
107
100
115
109
95
116
107
114
111
119
116
108
129
113
109
103
104
109
107
97
113
105
107
100
74
89
96
105
112
102
111
98
112
104
106
114
102
111
107
95
106
99
88
92
102
95
102
103
97
101
95
100
109
104
93
83
99
90
96
91
102
102
100
87
95
109
97
87
103
115
103
104
107
113
100
106
98
100
109
100
90
92
100
85
78
95
100
90
89
103
94
89
92
84
104
88
103
96
98
91
99
88
94
99
106
115
97
100
94
110
112
103
107
101
109
102
110
105
107
98
85
96
103
95
101
98
93
96
91
96
88
85
85
97
90
97
92
94
99
91
63
69
80
84
98
94
103
99
91
110
106
78
99
100
108
117
106
116
107
108
107
113
108
119
110
121
122
118
125
123
133
111
120
109
117
107
115
106
107
113
115
104
119
110
115
120
113
128
106
115
122
114
118
106
123
106
119
118
116
122
110
97
118
101
108
109
102
115
110
105
107
83
23
13
98
75
90
36
48
69
12
9
6
44
56
36
46
49
62
60
61
83
93
94
95
84
99
91
104
86
106
105
111
101
93
110
89
108
98
95
105
117
110
126
118
129
123
128
126
126
103
113
100
106
109
112
107
100
116
108
96
108
114
105
117
104
108
115
117
103
106
119
96
109
109
102
105
98
107
113
99
94
110
104
109
100
116
106
96
105
110
103
115
98
99
123
112
123
121
103
122
114
101
92
118
100
95
89
107
90
93
101
95
115
106
114
121
125
118
122
99
110
101
110
83
113
93
98
91
96
80
94
88
95
90
92
91
92
103
95
93
98
98
103
90
103
106
99
120
113
106
119
110
120
114
108
118
114
107
108
102
155
114
84
139
111
99
164
139
153
124
29
31
41
66
79
79
92
115
112
123
112
123
120
135
148
135
142
139
162
147
121
112
109
103
94
178
151
133
5
5
25
19
22
17
18
20
7
4
93
10
5
9
47
33
63
50
62
105
100
107
124
105
138
138
147
124
107
123
121
114
126
118
124
118
141
123
123
124
143
133
143
142
130
149
142
124
137
135
121
117
124
130
115
127
141
133
149
152
150
145
157
155
143
145
128
118
125
126
112
125
116
118
99
125
124
129
119
125
119
118
134
128
108
121
106
121
108
121
108
124
115
184
196
167
193
175
191
181
179
186
115
107
109
125
104
116
109
117
109
117
106
107
106
116
117
103
112
105
114
107
120
110
118
105
114
106
116
112
107
112
98
106
111
117
104
109
115
105
119
115
122
124
114
122
112
120
125
117
113
124
99
115
124
124
111
118
116
104
105
119
113
120
112
123
118
111
105
120
116
114
114
104
96
111
104
119
105
112
106
117
110
133
129
125
111
124
111
105
123
118
114
113
99
113
100
115
106
117
114
120
107
120
112
98
106
113
117
103
111
105
112
103
105
111
111
99
97
119
98
113
107
121
109
69
84
109
68
59
81
119
97
106
102
89
65
69
84
50
55
73
30
19
81
81
71
83
4
3
19
12
9
14
6
23
21
23
25
30
15
28
15
5
13
12
1
3
17
21
25
21
23
18
23
23
40
40
47
44
49
48
50
47
45
45
64
70
73
82
78
76
95
100
114
100
109
96
85
100
107
105
109
107
104
97
96
109
114
107
111
97
109
96
112
100
111
103
101
104
91
104
88
96
110
94
106
104
87
113
94
113
98
112
113
105
120
102
103
96
106
108
113
109
81
95
75
97
92
98
93
98
79
53
91
44
21
32
55
54
61
6
20
7
18
13
7
7
20
17
16
28
26
32
21
37
44
45
45
47
48
68
59
75
75
92
88
95
88
91
90
102
90
100
91
96
101
98
86
80
95
90
96
92
99
95
79
88
91
91
82
101
91
93
93
99
90
92
89
91
73
91
68
72
122
130
129
122
137
135
137
136
153
112
106
97
106
100
105
95
108
101
107
99
108
93
102
100
99
106
90
102
102
91
99
90
100
92
98
90
100
91
83
93
96
85
99
88
100
93
92
99
102
91
100
93
99
93
94
100
84
101
95
94
90
77
87
98
76
95
91
93
93
106
99
116
104
117
103
86
97
96
109
102
79
90
71
103
83
82
96
77
93
80
88
93
91
92
118
113
129
102
98
99
114
109
90
113
102
93
97
89
84
83
94
90
98
93
92
87
87
98
108
89
100
101
96
100
101
109
96
101
77
101
93
90
82
94
90
81
93
86
97
80
94
94
92
74
101
64
93
90
88
79
89
81
91
87
97
95
106
94
94
75
88
96
89
89
101
96
95
97
101
93
105
96
108
83
95
98
83
100
92
107
90
105
90
104
93
108
102
113
100
112
100
118
124
125
112
123
114
122
115
122
116
109
98
105
97
105
92
105
94
74
92
85
71
103
94
89
88
102
108
95
110
96
107
107
128
121
118
128
121
108
115
102
118
110
115
103
116
118
115
112
116
109
92
98
112
100
95
108
85
102
93
106
87
98
99
111
97
109
107
98
103
105
86
107
103
94
93
88
100
95
98
102
101
116
101
111
107
117
106
122
97
112
112
105
107
125
113
105
117
106
119
112
124
113
122
113
118
109
95
101
115
108
100
100
114
101
92
107
116
107
98
103
41
121
81
62
79
91
88
95
83
85
99
61
63
87
86
91
102
83
95
99
98
92
84
80
87
98
103
96
96
75
86
99
90
102
99
103
97
93
99
90
109
90
103
103
91
105
102
107
96
96
107
103
102
93
99
90
98
116
104
116
117
84
98
119
121
105
85
95
82
89
77
91
78
63
57
97
97
114
105
106
112
73
115
106
99
92
99
92
103
88
90
98
100
99
86
89
93
99
94
87
98
88
92
99
94
93
105
99
99
108
97
104
84
95
71
67
84
90
81
91
84
89
90
98
82
82
95
91
104
92
95
99
105
97
109
109
118
100
105
98
102
93
98
91
94
75
85
86
96
94
88
93
89
96
91
93
92
84
104
73
91
96
84
77
87
81
82
88
79
79
97
93
96
94
104
92
105
96
106
101
103
99
103
83
96
99
89
95
93
92
86
90
65
85
86
103
94
97
94
101
94
95
67
85
85
93
90
85
86
91
86
95
97
104
93
92
109
95
96
82
92
87
75
86
98
89
96
81
98
81
78
66
61
53
49
50
99
84
37
29
42
43
58
54
57
57
59
97
91
97
88
85
96
68
68
82
82
81
75
94
83
94
86
78
94
90
98
98
89
94
98
83
97
98
98
87
102
89
99
99
108
94
106
95
103
89
87
94
104
93
85
101
98
109
104
119
112
128
100
108
101
117
103
111
110
110
99
107
110
104
102
106
102
105
107
99
108
119
105
118
115
114
107
103
116
122
104
112
102
108
109
98
107
118
109
98
111
108
93
89
105
104
102
110
123
115
109
123
114
99
122
86
89
109
104
89
99
101
91
101
98
103
86
87
79
101
95
85
103
97
113
99
77
90
79
90
99
114
91
110
87
94
102
93
112
112
90
114
106
108
100
104
98
110
97
99
113
102
97
109
99
109
102
106
104
100
110
108
94
109
98
107
94
117
103
114
102
112
119
119
113
125
113
120
107
117
108
117
109
116
113
134
122
126
128
132
126
126
115
127
118
94
85
100
110
108
95
114
112
101
121
84
91
92
87
96
95
88
89
93
94
101
86
96
92
100
70
79
96
84
95
93
91
72
86
86
92
93
84
76
86
93
96
102
98
114
100
100
111
109
102
107
97
90
103
100
82
93
100
91
79
100
97
101
93
103
101
112
95
108
96
49
60
83
66
73
88
101
91
94
80
98
76
95
67
66
67
67
97
95
98
96
100
75
91
99
78
71
75
100
95
102
91
101
112
107
122
113
89
81
103
91
87
105
102
111
118
103
111
88
106
95
85
94
112
94
103
102
97
104
100
98
97
117
95
116
110
105
115
104
101
109
94
107
100
97
111
109
98
93
105
101
102
109
89
109
102
116
103
111
120
123
109
108
102
98
97
106
109
100
107
96
105
111
108
118
111
120
119
98
103
104
110
105
107
93
104
95
104
86
107
106
119
118
122
109
116
119
111
74
67
97
90
96
86
92
79
93
81
65
99
88
109
120
110
131
129
108
1154
1178
1187
1190
1182
1147
1185
97
1147
1191
1161
114
104
104
113
57
81
103
57
87
59
88
101
107
87
74
92
112
112
107
120
93
79
56
61
60
92
108
106
98
86
137
152
150
136
58
125
48
138
39
61
141
137
10
11
9
9
18
10
29
6
37
6
17
33
34
56
55
62
67
58
56
79
66
85
71
98
100
70
113
104
110
119
118
98
118
119
111
140
114
125
111
114
108
101
112
102
80
106
100
109
96
114
113
127
105
111
135
133
125
112
112
128
127
105
120
117
84
94
137
94
109
121
106
88
105
120
105
91
112
105
121
115
129
119
137
117
120
130
135
108
120
128
105
126
110
121
128
117
134
116
118
113
97
107
129
108
124
114
114
104
104
210
195
214
196
226
205
216
245
249
251
129
149
124
98
143
111
88
141
133
153
129
136
122
97
83
98
98
95
123
124
110
135
123
145
156
153
140
126
127
163
142
134
114
135
129
129
106
97
121
114
98
86
98
76
85
75
77
85
78
74
71
65
55
68
60
71
65
77
66
77
76
71
77
98
86
102
91
107
100
116
110
127
115
104
121
115
110
105
111
95
104
88
104
103
92
99
91
101
98
85
95
82
90
93
101
109
88
77
93
96
99
103
112
91
92
106
103
115
109
127
102
106
97
99
99
102
104
99
86
97
93
98
85
96
90
102
90
101
91
91
102
88
99
103
89
97
94
89
94
90
97
91
107
89
98
98
103
95
105
93
112
99
114
107
115
117
119
113
120
117
110
108
111
103
106
104
107
99
104
101
106
104
108
101
110
107
105
104
105
98
104
101
104
102
102
104
105
98
98
104
124
104
119
130
113
126
116
116
130
133
97
99
95
107
93
99
106
107
94
104
98
103
105
106
100
108
98
99
109
108
110
110
108
95
108
106
104
108
100
97
107
106
104
83
101
104
100
88
103
88
99
90
103
92
111
99
105
107
98
105
105
98
98
91
77
102
92
98
97
96
93
91
84
102
98
80
94
104
93
108
99
112
99
114
98
110
101
104
107
106
104
106
100
105
98
102
96
101
91
101
93
100
99
103
94
107
97
109
99
113
109
114
111
111
104
19832
89
19873
19905
19900
19921
19908
19920
19912
19925
19918
217
271
175
195
175
187
193
204
182
172
127
138
137
125
138
120
180
193
173
172
182
167
185
177
192
189
129
137
136
134
134
123
120
92
127
110
167
163
171
175
179
174
177
175
180
183
85
93
98
95
96
85
100
88
98
156
140
157
153
160
153
160
149
156
165
99
103
115
103
109
111
104
105
107
92
94
107
85
97
77
61
26
28
54
38
69
89
57
11
21
19
21
26
42
58
56
29
31
33
18
50
22
54
74
77
88
77
94
105
103
108
108
112
110
119
107
111
103
109
96
107
96
108
95
88
91
101
102
91
99
89
105
93
99
100
100
110
112
98
110
95
91
91
104
86
92
94
103
107
96
105
100
117
104
113
109
110
120
123
111
121
114
115
101
122
105
113
98
113
105
114
98
114
113
113
110
119
111
115
112
118
110
115
117
123
95
104
118
105
116
103
116
69
107
97
91
91
102
93
100
93
103
101
122
121
110
120
93
110
101
124
124
120
101
119
107
114
105
122
121
113
106
122
132
102
107
123
122
120
112
121
81
112
112
111
89
104
110
113
100
113
104
110
110
91
92
92
105
117
98
112
105
116
101
93
115
92
106
105
116
109
108
116
105
104
115
135
115
113
93
104
110
97
85
94
104
102
92
100
92
104
96
111
97
89
109
81
102
88
97
89
77
95
78
94
91
100
91
89
88
90
89
99
96
100
83
103
90
102
108
97
109
100
97
111
102
116
104
106
87
86
77
75
69
96
74
96
92
99
109
111
113
124
117
127
124
95
112
102
111
102
114
101
118
102
120
101
111
105
103
92
83
94
102
86
75
108
99
97
106
85
94
101
100
109
104
86
97
106
95
95
107
100
91
97
104
87
107
101
102
97
86
110
82
74
97
99
86
101
92
95
94
79
104
98
97
88
110
99
94
100
95
105
80
94
103
98
87
97
92
55
88
92
73
80
100
114
104
113
106
108
92
116
95
115
114
126
113
124
112
126
111
110
118
103
117
116
112
98
102
113
110
114
102
112
100
111
117
124
116
120
106
121
109
105
121
109
120
121
94
36
61
63
81
102
70
41
109
4
14
29
32
40
43
49
16
42
34
42
52
52
40
15
41
4
12
12
32
45
44
57
53
67
67
81
74
74
76
85
101
99
94
102
92
101
103
102
91
107
94
78
94
113
107
109
108
107
105
123
114
99
100
112
99
98
112
107
103
101
97
87
81
101
96
87
98
99
86
81
93
99
104
946
95
955
974
981
1012
994
1004
1042
1025
168
1028
186
102
55
101
33
148
32
52
118
79
31
32
33
63
62
61
3110
3112
3078
3068
3055
3111
3114
3078
3101
7
12
4
26
26
6
62
28
38
23
24
64
87
86
64
139
141
149
153
145
171
134
143
162
120
133
117
97
93
68
80
79
97
82
285
295
293
299
298
302
320
306
105
316
94
112
116
105
114
90
83
113
102
100
106
90
111
103
96
104
120
112
104
117
102
116
103
115
103
119
111
108
116
112
105
106
99
97
104
107
101
103
97
99
103
107
101
107
104
102
94
104
96
92
103
99
102
79
88
99
90
98
102
91
109
94
104
112
114
105
113
105
111
109
109
107
110
102
109
102
113
111
113
103
108
114
112
106
90
105
91
104
91
105
94
111
96
114
111
117
113
116
108
104
110
110
103
104
112
91
106
109
103
113
122
105
101
115
115
99
103
100
113
111
102
112
113
109
115
108
112
110
113
105
109
101
99
81
100
108
97
107
95
99
114
116
107
100
109
109
101
110
102
100
108
106
109
112
109
112
104
113
106
114
106
117
109
121
114
109
121
104
102
114
115
100
111
97
117
115
114
106
118
115
106
114
115
106
107
113
103
112
118
117
101
100
123
127
131
133
146
112
126
140
132
165
164
113
140
90
92
128
66
146
43
84
7
19
33
24
8
35
20
9
10
10
28
29
16
61
55
60
74
83
81
98
99
110
118
115
121
124
115
115
103
115
112
116
123
114
105
93
108
104
110
104
105
96
85
106
90
113
89
73
52
107
100
35
80
45
53
7
26
23
9
28
13
23
23
38
36
37
38
32
66
68
89
89
110
105
117
118
136
127
126
111
125
124
123
116
118
120
109
101
86
118
100
106
99
107
112
104
110
100
110
103
115
99
104
111
112
115
103
115
103
117
108
102
107
128
116
112
125
109
102
127
110
115
97
112
119
105
126
113
124
98
104
105
127
114
108
125
111
132
103
117
105
102
95
117
108
100
111
103
102
113
121
112
113
126
110
97
119
108
119
92
102
94
100
109
94
103
93
102
94
105
93
99
103
82
68
102
61
96
102
82
75
96
98
80
92
98
83
95
86
86
85
104
98
71
72
89
98
80
93
91
91
81
91
85
96
84
89
87
105
92
104
93
88
101
99
100
58
51
69
95
91
76
78
57
81
79
79
77
68
83
83
91
100
88
80
81
95
82
81
88
76
95
84
86
91
62
68
79
91
80
76
92
88
88
96
87
90
86
102
90
107
105
100
99
104
102
106
92
103
97
101
101
107
96
108
101
103
113
112
118
112
112
123
113
120
109
123
93
99
105
102
103
96
106
104
92
94
99
105
109
103
117
102
105
110
108
118
118
109
116
104
115
110
111
116
108
110
98
110
105
114
107
127
112
122
117
125
120
120
112
117
107
117
109
102
114
92
112
109
113
102
98
114
114
101
120
105
118
106
120
117
121
108
115
112
121
118
120
111
112
105
107
115
105
115
109
105
110
106
116
105
114
112
106
112
112
109
112
99
114
99
102
112
113
103
102
115
98
109
100
91
102
95
109
96
107
104
103
98
104
105
118
100
110
105
96
107
89
117
104
115
99
134
120
137
127
114
121
128
129
121
134
106
113
99
85
98
108
93
102
75
101
60
85
57
69
43
94
99
88
106
107
69
89
89
108
107
112
121
117
118
103
100
114
89
95
102
101
89
95
101
99
109
122
114
110
117
107
97
113
99
110
84
97
100
90
103
65
46
51
51
87
44
102
57
80
15
25
16
33
39
29
38
24
23
49
53
9
26
26
50
48
59
56
72
64
78
77
96
97
104
110
78
59
72
99
91
110
116
104
110
118
123
119
114
109
106
120
111
102
109
106
98
86
102
92
112
97
112
104
112
65
86
69
100
104
93
112
107
110
107
117
108
129
124
94
142
144
108
107
122
111
121
106
120
107
121
104
114
111
110
93
109
94
97
107
97
108
106
88
100
102
86
96
99
91
91
99
101
88
102
95
105
92
95
105
94
101
85
92
84
95
99
75
91
81
94
90
90
85
90
68
34
97
47
21
60
70
56
82
7
7
27
25
49
44
53
37
38
52
38
83
82
81
96
83
98
96
95
111
109
111
109
119
113
117
122
94
108
118
111
117
108
105
94
109
97
94
93
108
94
96
108
111
99
116
103
109
118
120
102
113
127
114
133
116
125
111
123
111
120
113
115
107
106
113
104
112
89
111
92
99
96
103
96
112
98
88
112
95
111
109
116
119
114
100
114
109
117
110
115
109
112
110
113
103
113
106
112
102
113
109
113
105
112
110
125
138
124
151
152
146
156
148
161
142
151
131
122
144
117
113
137
88
76
62
100
54
128
52
47
19
38
31
51
68
90
88
91
133
132
130
95
132
130
147
77
108
74
54
79
89
20
20
86
73
50
52
54
57
59
62
65
81
4
8
16
30
21
39
39
51
51
63
56
73
74
70
83
73
77
89
118
121
110
2408
2557
2546
2560
2557
2571
2571
2553
2548
2569
268
144
131
133
142
135
125
658
667
663
630
621
623
672
645
652
125
110
109
99
92
80
80
107
108
116
101
106
109
91
112
85
124
90
169
161
174
172
159
155
73
97
95
88
96
105
125
107
113
107
112
118
90
110
110
109
94
124
105
105
113
92
104
102
92
105
97
104
97
103
99
80
100
46
65
58
97
102
101
103
104
91
104
89
81
83
83
107
114
104
92
115
113
82
51
40
46
105
106
59
69
75
7
16
37
49
42
56
64
58
55
94
93
109
103
94
93
77
119
81
42
30
51
95
38
48
84
66
90
4
4
20
6
10
4
5
16
32
43
46
44
54
53
69
67
76
75
87
98
91
73
61
95
77
91
98
87
104
100
88
97
72
90
90
102
110
116
105
114
102
114
99
116
109
102
113
106
113
107
106
105
112
108
97
106
108
105
94
101
88
85
94
91
89
81
89
90
76
77
87
86
91
81
91
82
90
93
79
96
88
102
82
92
110
98
97
103
98
104
100
105
98
97
107
95
108
99
102
108
99
108
108
106
110
104
111
98
112
100
116
108
115
103
114
107
114
107
115
107
110
100
107
96
105
97
97
99
86
95
83
98
86
100
86
95
94
101
97
98
104
84
101
90
95
89
93
87
93
88
101
88
84
91
85
85
94
101
90
100
88
99
100
96
103
73
97
83
91
73
84
95
83
83
90
92
89
85
89
85
90
95
85
97
90
97
86
90
97
99
94
98
89
100
94
86
84
94
89
78
87
87
93
85
90
79
89
89
97
98
76
87
94
94
91
89
90
94
83
80
74
94
89
83
91
90
91
101
94
87
98
89
100
90
102
96
91
99
98
94
80
87
81
93
80
68
88
81
79
86
86
87
75
84
67
65
83
78
85
67
79
85
75
79
77
66
73
77
74
71
84
79
71
85
113
106
119
112
118
110
108
117
91
126
96
83
93
59
78
84
92
92
97
89
98
91
100
84
97
107
94
96
105
101
95
17196
17192
17222
17287
17312
17306
17327
17320
17330
211
222
192
144
209
122
118
104
117
133
121
115
138
142
110
118
131
118
149
128
136
127
129
118
126
102
121
121
133
120
109
122
110
90
80
101
123
52
60
147
152
54
132
158
84
82
102
103
118
110
115
123
131
102
111
111
96
106
103
113
106
117
109
114
172
176
163
183
153
167
171
152
168
175
104
94
100
107
111
101
108
100
106
108
102
110
97
107
101
105
116
108
97
111
101
112
100
105
102
109
106
91
102
123
104
119
107
115
92
107
109
105
96
113
105
101
74
117
99
84
101
95
84
102
77
94
67
51
89
88
104
104
109
107
105
107
83
112
103
113
100
103
96
106
100
111
110
112
100
105
64
92
30
17
46
54
78
106
71
12
12
29
56
64
62
67
74
81
91
91
88
121
128
118
128
123
101
119
115
113
90
116
110
104
89
103
90
125
124
131
121
136
124
136
135
127
146
116
125
101
102
119
83
99
116
95
105
101
90
98
109
121
105
108
108
122
116
109
129
99
112
119
108
121
113
104
95
111
109
109
103
101
86
107
97
103
101
114
113
98
102
119
110
108
108
122
109
112
110
101
125
105
107
100
109
78
88
97
97
106
101
103
97
71
92
80
118
109
107
99
88
68
77
79
91
92
104
96
90
97
97
111
96
110
109
118
109
117
118
116
124
95
103
117
121
111
104
114
113
108
111
113
109
129
127
116
124
117
123
123
120
113
108
113
111
98
106
123
106
115
104
103
118
123
126
114
118
109
119
117
130
104
123
114
119
112
121
118
116
126
124
121
116
139
113
112
123
108
121
102
105
116
102
125
105
98
107
97
103
92
84
76
85
85
100
94
91
101
105
97
111
111
119
106
102
88
99
78
100
90
91
102
102
85
92
90
94
103
96
96
107
99
112
104
116
115
116
100
81
91
114
79
106
95
101
108
108
98
93
85
103
102
119
106
117
114
109
117
104
116
95
79
113
88
106
98
102
89
97
93
72
95
72
86
96
89
93
96
92
106
97
96
97
107
96
102
91
96
94
68
86
79
97
92
95
94
106
104
87
92
65
93
90
108
77
100
84
111
98
103
111
101
118
97
97
118
117
109
102
108
98
106
108
112
108
96
108
104
99
107
86
107
105
108
104
105
95
99
70
83
100
97
101
82
85
96
93
81
80
94
113
77
91
82
93
99
89
106
93
100
98
108
91
109
108
114
113
112
105
110
103
109
99
101
111
114
106
112
109
113
101
120
125
111
106
119
111
122
115
125
104
114
115
101
107
85
107
96
126
113
119
118
127
121
114
108
82
132
113
110
114
106
100
107
85
95
110
109
102
114
100
108
100
113
95
94
101
93
88
102
76
93
89
94
98
90
81
91
97
106
95
115
101
101
114
113
112
114
111
111
102
109
98
114
102
103
117
118
100
105
116
111
62
107
82
84
131
92
94
18
49
58
75
85
13
4
22
16
21
32
39
41
29
52
63
64
63
74
66
82
82
103
103
111
114
115
108
112
109
112
108
109
82
107
94
102
98
88
97
100
98
98
96
79
104
99
100
89
106
99
104
97
88
111
109
110
96
121
119
116
103
96
125
103
116
106
115
109
103
115
90
88
115
115
109
138
132
144
140
171
135
171
172
178
186
195
206
207
211
182
193
151
177
154
128
175
147
163
165
159
154
307
300
283
281
261
253
250
227
61
6
10
5
9
7
35
15
31
55
57
43
32
53
86
61
64
64
60
47
48
47
61
84
5
16
39
57
48
48
50
50
47
38
46
59
62
8
29
6
62
14
22
16
20
67
87
18
22
70
4
16
12
9
24
23
49
51
47
71
56
77
76
94
94
115
108
122
120
123
115
122
106
124
114
130
121
119
111
131
237
225
231
224
238
223
225
242
248
247
142
125
147
136
133
143
137
123
132
114
100
89
87
81
77
64
58
62
117
110
16
16
31
19
34
38
12
10
40
9
19
32
33
60
53
71
64
80
77
76
78
103
114
120
108
113
119
132
122
141
121
136
129
108
125
95
118
113
95
106
119
105
108
84
100
106
120
126
125
121
124
110
122
115
115
112
102
131
132
123
134
120
144
155
146
148
141
157
128
138
152
139
155
142
131
151
144
145
154
162
152
163
165
152
150
113
148
118
130
107
146
75
118
134
132
127
128
126
150
163
165
134
133
122
99
142
129
128
128
96
96
122
89
95
115
103
86
95
113
110
86
109
106
96
119
113
108
127
121
111
96
89
104
102
102
86
104
92
91
86
91
73
60
65
80
54
63
78
55
43
48
51
64
64
56
67
67
76
62
68
71
53
70
62
49
66
58
60
56
64
58
62
60
56
58
57
63
57
53
65
60
77
78
86
102
112
104
120
119
115
87
90
92
84
101
87
87
93
74
102
95
97
91
93
87
73
91
78
94
84
87
84
75
87
83
87
99
72
99
83
90
99
108
93
81
47
38
28
14
67
57
99
106
94
17
16
19
46
44
67
65
82
80
82
82
100
100
93
99
111
104
88
97
81
66
100
93
96
90
101
94
107
90
104
102
107
98
83
90
99
97
92
97
79
90
73
96
95
108
107
79
87
59
67
100
95
103
106
95
73
89
101
80
86
90
99
79
90
102
94
95
91
91
100
91
83
87
91
98
94
110
109
107
111
118
109
119
118
95
119
81
86
102
94
84
73
90
77
86
78
87
86
86
104
92
86
98
89
99
87
97
84
84
79
74
93
82
85
74
94
90
103
93
93
104
101
96
112
100
92
105
96
105
95
91
98
93
83
103
89
102
91
107
95
106
116
112
104
102
117
96
83
103
108
95
91
107
106
89
92
103
104
85
99
89
83
98
91
93
98
104
81
89
106
92
109
94
67
52
73
101
59
31
24
44
5
4
21
14
35
50
59
42
58
58
56
82
83
91
92
95
110
106
97
96
97
96
103
85
102
92
90
99
100
94
99
105
98
90
96
105
100
105
93
98
91
101
93
101
102
90
76
89
94
95
83
80
91
96
85
94
91
97
100
107
101
109
112
115
100
121
95
44
60
62
82
112
34
71
99
