40
65
326
336
28
356
384
385
412
415
128
111
108
115
116
359
409
139
107
120
147
114
124
86
164
37
134
145
68
113
122
82
78
154
118
73
4
97
97
120
95
121
123
157
125
118
121
121
134
113
146
109
100
119
120
142
119
140
139
129
149
140
138
149
123
113
121
114
122
112
129
120
121
131
124
133
131
126
121
125
126
111
131
129
95
77
110
120
91
55
92
107
95
126
139
68
97
126
127
129
130
153
159
170
164
170
144
148
147
103
173
137
143
163
153
163
130
145
137
128
102
123
106
92
80
93
94
93
103
97
142
126
113
170
136
146
157
176
161
151
104
91
82
75
60
53
107
38
82
63
167
82
123
62
159
110
135
129
380
382
395
374
372
377
350
116
123
103
89
94
98
97
91
71
59
83
86
412
371
351
5
31
27
50
49
57
44
21
19
47
22
6
3
3
4
8
19
23
28
27
36
21
32
45
44
53
53
47
64
60
88
49
90
69
71
19
44
44
42
47
60
79
89
81
85
92
86
84
105
111
108
114
117
106
107
85
102
102
99
107
105
131
155
149
154
184
181
172
160
152
99
97
82
41
91
54
163
5
12
9
3
14
13
32
26
41
40
44
43
45
57
52
34
11
49
64
3
18
16
23
53
50
63
47
45
75
73
87
90
109
108
94
103
99
93
91
115
116
130
106
107
109
109
116
112
84
95
85
86
96
96
95
85
94
95
92
91
103
101
90
104
111
109
108
105
115
101
102
112
89
108
94
84
96
81
91
86
86
78
58
70
72
80
91
89
89
98
88
95
101
101
98
100
97
114
109
90
132
118
121
115
112
128
129
129
119
121
107
108
102
109
121
98
108
106
97
90
83
100
87
86
100
52
96
76
38
34
91
46
36
71
64
4
11
40
44
58
55
63
60
62
82
92
67
37
86
50
84
29
55
93
29
19
29
42
43
61
59
78
79
80
96
95
110
100
109
109
106
108
99
111
108
94
91
109
100
112
106
115
5894
5902
5888
5904
5925
107
111
115
109
92
66
5910
5939
5931
5925
117
20
21
40
30
33
19
12
40
29
11
36
38
24
15
18
24
26
14
4
4
19
20
25
16
44
51
10
20
40
13
15
7
3
7
5
4
5
21
9
35
50
52
52
48
68
78
77
81
93
84
123
113
125
125
133
121
84
42
122
70
117
57
27
55
82
3
3
17
12
12
15
19
8
23
13
14
5
13
28
15
24
7
13
27
4
52
25
35
24
22
46
30
28
28
20
31
4
3
21
33
38
47
52
57
60
71
71
75
84
72
77
94
79
55
36
22
31
59
57
69
7
8
21
6
17
24
22
24
45
45
61
57
63
72
65
78
76
92
88
27
39
15
64
57
80
72
43
4
15
33
23
20
30
51
51
66
73
54
68
69
86
84
95
98
103
109
95
95
21
79
99
26
69
36
84
50
66
86
5
3
13
15
29
46
61
88
85
58
44
60
55
86
94
24
81
81
71
34
52
38
6
16
35
45
47
58
53
67
73
75
72
90
103
102
122
92
105
51
34
89
74
79
47
99
34
17
21
42
23
95
8
68
6
3
8
9
30
5
4
26
27
32
25
42
54
55
48
57
51
69
73
80
61
73
82
73
76
88
89
94
90
101
90
87
82
74
73
104
91
112
80
100
77
34
24
88
66
62
58
4
19
33
37
49
49
67
67
66
76
83
85
86
90
85
45
55
49
32
83
36
69
102
5
5
14
12
4
4
9
10
4
9
4
22
31
20
30
47
54
56
50
63
64
63
70
72
68
53
44
23
81
45
70
32
8
10
26
28
33
36
48
42
39
34
54
21
35
18
27
52
12
48
7
15
24
27
18
15
35
21
13
45
34
9
9
23
28
28
32
52
47
21
44
33
13
4
3
13
7
6
5
2
9
3
18
13
29
23
26
20
11
3
4
14
7
12
21
11
24
43
65
64
79
73
76
74
56
51
25
22
75
54
70
36
11
30
52
58
59
65
79
99
98
94
114
102
93
119
73
98
117
93
53
10
69
22
79
24
80
4
21
37
39
25
26
38
22
41
43
36
18
15
34
32
28
11
30
8
13
16
5
7
4
8
28
18
31
27
43
41
56
61
58
59
79
77
74
92
76
76
96
96
91
101
82
84
94
92
90
90
86
95
57
69
78
94
97
97
97
120
104
73
108
96
92
95
117
106
113
101
92
86
26
49
32
86
62
82
81
8
5
3
24
23
6
20
25
4
15
14
17
22
19
23
17
42
22
10
37
48
50
31
27
35
23
17
59
8
8
14
16
11
22
31
22
8
16
47
45
59
59
33
52
33
71
67
66
65
81
69
81
79
68
47
88
70
34
12
93
65
15
54
103
8
10
17
21
3
20
29
51
36
23
46
32
48
34
41
21
31
4
6
4
21
35
13
24
10
22
34
24
9
29
43
46
53
39
38
50
51
33
47
52
39
45
8
6
32
31
32
31
14
32
34
29
25
5
20
32
39
51
52
70
68
77
73
90
87
98
97
89
98
18
66
58
89
16
106
19
80
42
42
4
23
11
26
16
19
30
3
17
16
23
21
42
39
26
17
8
20
34
38
11
22
32
33
53
50
68
68
85
62
79
47
63
38
81
61
78
25
5
22
36
42
46
21
34
12
48
14
44
36
4
18
18
14
33
36
33
52
50
58
59
67
65
80
81
98
98
107
96
109
103
93
104
55
60
82
39
101
88
70
42
16
7
4
24
24
33
36
40
42
43
46
49
49
68
77
73
68
88
90
80
96
95
111
107
117
96
115
113
67
79
63
34
96
107
43
84
20
4
7
9
4
5
5
21
10
42
54
45
63
57
60
75
93
90
108
91
91
83
65
40
16
13
49
63
105
57
25
7
9
28
44
28
26
15
18
29
33
14
40
8
7
17
25
30
35
35
45
61
62
61
58
74
83
88
92
91
92
108
114
119
99
107
67
99
38
109
75
85
60
89
43
4
28
24
35
53
47
20
29
31
33
50
21
52
8
7
17
39
40
33
47
46
55
66
73
81
91
62
48
59
76
37
84
69
25
55
73
4
4
20
43
43
36
59
61
65
66
162
161
163
152
23
158
153
45
140
52
29
5
4
5
4
14
18
20
27
35
20
39
29
15
28
22
19
9
7
3
8
21
9
16
7
13
14
10
16
15
33
26
28
31
53
51
52
88
63
75
84
89
82
106
89
101
90
102
100
105
104
81
81
58
63
95
23
29
67
40
31
8
10
12
46
44
43
48
10
19
22
22
50
60
70
65
65
81
82
81
104
102
90
86
98
67
61
64
74
61
26
58
14
44
22
29
7
4
7
11
11
12
6
9
13
5
8
9
27
43
102
99
115
127
128
119
45
31
129
120
66
46
124
115
7
12
17
10
9
9
10
16
4
11
25
25
29
53
50
67
49
53
69
43
28
57
6
34
32
47
44
42
49
76
90
49
81
71
35
70
29
60
74
84
83
8
20
49
11
66
54
33
62
9
5
8
7
8
29
11
27
10
12
8
6
5
6
12
1
11
4
36
28
37
48
32
40
67
52
55
61
29
57
45
95
101
72
53
40
15
37
49
32
62
43
9
7
7
8
36
35
4
4
2
20
52
65
70
67
69
60
64
85
81
96
107
110
118
132
141
127
104
86
88
82
95
109
109
102
107
96
101
65
42
62
84
76
89
88
113
126
130
120
116
133
151
120
125
89
145
75
73
1512
1489
1489
1520
1510
1518
79
78
80
92
95
94
111
103
110
100
96
108
96
87
107
77
98
92
91
72
85
94
76
90
83
94
84
98
88
88
88
92
101
100
91
106
93
94
104
111
101
106
111
112
109
92
90
96
111
97
116
101
111
102
113
112
118
96
95
87
105
103
95
110
99
103
107
111
110
125
115
120
111
116
109
112
109
101
100
93
112
103
113
88
104
92
109
118
115
112
117
120
111
89
106
111
108
106
99
110
98
100
103
90
105
91
104
94
100
101
89
105
99
105
111
108
101
106
103
98
110
112
96
106
97
103
96
97
93
86
96
86
79
104
93
108
98
117
108
121
120
102
113
112
108
110
105
112
103
109
107
100
113
108
97
88
94
105
106
93
100
102
98
112
99
98
110
102
94
107
113
100
127
121
90
118
103
112
139
129
141
121
112
115
125
119
96
105
114
96
100
112
109
104
112
104
110
104
77
90
102
93
103
90
100
92
96
81
92
99
112
88
102
95
107
102
87
100
103
87
88
109
91
101
106
103
97
104
110
96
120
107
114
112
95
100
97
99
95
105
95
88
93
96
88
96
88
103
115
110
110
114
120
126
127
104
117
88
117
107
113
95
107
83
101
104
103
98
92
102
85
82
80
85
85
104
94
106
93
109
102
90
109
102
101
112
104
119
113
98
105
97
110
106
88
99
106
93
103
89
107
79
95
100
108
103
92
106
107
95
86
94
103
84
96
96
106
97
97
83
99
89
44
47
91
33
25
55
66
82
5
5
9
23
10
5
13
19
11
11
5
30
7
26
28
22
7
34
29
33
38
37
45
37
35
39
61
62
55
31
59
24
24
58
3
7
3
17
7
16
17
13
22
23
48
48
48
61
44
62
54
49
56
62
57
59
85
90
99
75
51
55
52
32
89
57
96
16
54
65
37
37
41
51
60
36
18
50
40
42
47
23
27
20
4
5
5
6
8
10
25
25
49
43
54
51
39
53
48
56
33
39
55
50
12
25
22
43
59
59
66
63
43
65
27
44
48
46
53
5
20
37
53
48
50
59
20
54
33
38
57
30
39
43
50
52
4
10
10
7
7
18
6
18
23
39
22
30
35
33
49
60
54
80
73
71
82
88
103
109
119
83
102
112
103
55
65
99
16
40
106
17
47
97
4
3
4
24
22
38
59
58
62
55
83
69
80
84
83
81
99
95
86
98
52
80
70
56
91
83
90
74
95
69
25
26
25
46
64
92
68
6
6
25
31
41
38
51
53
54
67
70
68
89
83
74
86
91
104
104
82
109
105
95
93
93
95
88
43
38
26
67
62
45
86
28
14
22
21
45
58
59
69
54
51
66
96
100
91
102
96
115
107
115
95
93
25
46
13
58
103
69
53
48
51
3
13
25
34
27
11
22
25
19
2
4
5
3
22
14
25
43
54
54
56
58
31
13
27
24
29
4
34
10
21
12
17
14
25
7
5
4
5
13
24
20
37
35
50
58
58
54
24
34
23
55
34
57
7
8
26
4
34
14
12
4
3
3
3
4
4
26
6
12
4
14
10
15
7
11
18
5
14
40
32
35
23
15
15
37
25
35
34
24
4
3
19
10
17
7
20
4
3
14
16
9
14
7
45
9
37
11
41
5
3
3
19
15
22
31
49
47
57
34
52
38
52
23
65
49
40
58
57
3
4
3
8
8
28
21
24
10
5
3
16
8
14
12
27
17
13
19
41
3
5
18
31
36
21
16
19
9
22
33
5
8
13
97
49
28
13
25
30
10
9
8
31
44
42
47
56
56
65
72
80
78
89
94
88
105
97
93
117
115
86
92
99
85
86
92
89
82
100
98
87
89
105
105
95
98
99
53
45
97
75
63
36
28
4
14
6
4
28
14
23
40
25
51
22
33
15
23
21
36
12
10
34
8
11
29
33
3
2
14
16
20
41
52
64
51
31
72
41
38
36
67
59
34
49
8
30
28
30
36
37
29
50
49
46
59
45
21
30
24
8
23
21
31
22
37
37
14
35
9
8
6
36
16
8
36
25
3
12
16
7
44
40
55
54
55
37
53
34
36
62
62
68
59
65
102
80
60
49
41
91
44
68
78
52
48
54
9
10
13
13
15
45
43
35
37
39
50
3
15
14
20
7
25
42
40
54
36
49
47
54
53
61
73
64
89
90
89
113
113
109
107
86
96
92
67
35
38
27
95
85
98
122
44
10
18
19
37
24
4
10
8
17
52
29
41
5
17
16
2
4
39
13
39
9
21
9
22
5
9
4
7
8
33
33
33
17
28
25
31
22
2
2
5
28
5
13
29
46
44
52
15
46
24
35
57
49
69
60
44
10
7
6
12
8
4
19
15
11
14
24
14
21
31
45
59
43
39
45
44
7
4
35
17
31
39
22
13
11
4
4
8
6
8
4
23
5
5
24
5
16
5
22
7
7
3
9
19
23
9
6
8
30
30
19
28
26
28
18
38
41
47
28
19
41
17
39
19
24
25
20
23
13
24
37
12
27
25
46
57
67
43
40
42
41
47
46
41
67
63
7
7
26
18
23
23
9
25
37
11
10
34
23
21
38
17
15
39
36
66
34
73
49
38
43
45
66
68
42
56
24
28
23
50
47
13
8
65
65
17
15
36
5
5
2
17
18
17
15
35
18
29
20
25
32
32
7
8
22
27
26
14
21
24
29
3
2
9
6
19
5
33
15
9
3
6
7
20
23
26
40
24
39
55
55
71
70
86
91
87
91
98
97
108
113
110
127
130
117
135
121
135
126
51
124
37
18
91
68
106
84
41
6
7
23
33
16
8
20
21
13
6
4
6
14
13
10
7
5
11
3
3
19
25
15
25
16
22
8
5
7
9
4
18
31
40
41
36
61
70
64
85
81
93
85
84
99
77
93
97
89
69
75
93
94
94
85
92
59
76
71
71
70
42
51
30
56
43
72
30
7
5
23
22
28
39
40
38
54
72
73
83
76
93
79
83
86
76
105
111
98
106
95
105
63
28
44
42
63
47
61
89
92
15
24
23
44
45
73
81
79
99
79
96
74
87
77
83
113
114
110
85
95
78
46
28
82
51
42
15
107
13
8
6
5
17
20
37
39
57
36
39
54
13
31
33
40
31
11
27
45
42
65
47
64
49
43
38
19
61
49
56
30
9
18
18
34
32
42
40
34
10
26
24
17
10
8
14
2
9
10
8
34
30
25
33
45
35
42
53
56
69
68
64
77
83
76
89
96
103
97
111
89
92
116
114
103
113
90
107
115
109
108
113
111
103
113
118
108
83
87
33
94
37
92
52
74
59
3
5
14
19
16
7
4
7
8
6
11
13
25
26
9
16
29
31
34
45
4
4
5
15
4
21
30
43
42
48
35
58
56
53
59
89
86
80
98
100
98
61
88
109
111
123
99
124
119
134
126
83
128
100
104
93
99
100
220
209
207
207
215
220
232
231
243
121
118
128
121
131
116
124
115
103
107
59
56
81
94
115
76
36
33
69
69
82
47
69
69
89
88
108
109
117
109
113
97
109
94
106
97
105
94
109
98
111
99
109
96
89
100
109
103
97
100
89
91
103
71
97
90
97
88
95
105
93
104
93
103
97
102
97
100
94
98
86
104
103
97
88
100
93
105
99
93
96
92
98
95
102
89
102
95
103
101
90
101
84
98
100
79
78
76
76
85
93
89
96
103
103
111
107
112
108
128
90
119
102
112
106
101
103
93
97
99
97
98
77
94
85
91
86
85
91
83
96
97
107
94
101
94
93
97
97
90
109
107
89
104
97
84
97
90
98
86
96
91
88
95
100
87
94
100
89
87
101
77
100
87
91
70
78
82
94
102
96
110
99
94
99
104
114
119
114
77
85
97
87
101
90
79
105
84
89
101
101
97
104
95
105
95
110
102
99
97
82
78
101
88
85
94
90
85
98
95
106
99
101
101
113
110
111
109
113
100
111
103
91
72
64
82
104
101
89
101
92
92
91
91
88
110
101
104
108
109
101
104
119
107
122
120
109
125
105
112
121
84
111
97
113
92
98
61
78
86
86
104
110
108
116
104
119
96
103
96
109
113
102
111
97
107
102
95
115
113
130
106
116
110
106
96
110
112
113
85
101
94
98
104
18311
18306
18343
18340
18348
18351
128
59
81
18362
18358
59
18357
69
146
9
4
10
8
6
24
26
8
6
10
12
21
24
17
8
6
20
30
40
54
68
69
72
86
84
91
75
54
90
87
27
78
62
57
4
4
29
27
6
4
11
6
7
14
20
4
9
7
19
4
8
8
17
38
30
45
42
66
64
60
67
24
55
45
62
70
59
37
44
3
2
7
7
16
19
33
44
40
42
47
55
56
43
69
75
88
81
85
97
93
112
109
153
179
182
165
166
111
23
135
94
121
9
8
130
8
127
9
16
24
19
30
25
33
22
25
33
23
5
32
5
18
20
8
10
6
19
5
4
12
13
24
18
18
3
16
4
3
16
5
4
4
3
1
16
3
3
12
8
2
10
13
20
28
21
15
16
31
28
33
29
14
27
25
20
18
7
6
5
18
7
5
7
7
18
24
30
35
37
35
39
51
50
60
58
58
55
54
60
59
62
56
53
63
52
68
61
64
61
59
59
64
54
59
55
74
59
33
50
25
40
61
45
41
37
46
9
8
5
4
6
12
23
9
12
14
25
7
21
7
9
4
27
26
33
46
37
45
23
43
20
47
17
40
4
16
18
24
19
15
26
33
24
29
29
30
41
35
50
62
53
42
60
55
62
71
72
74
82
81
87
81
92
101
110
110
116
122
113
132
116
127
113
109
101
117
101
116
87
100
114
111
104
89
101
97
96
98
100
97
81
88
95
98
73
85
98
96
89
99
87
97
89
100
79
92
106
95
92
121
107
109
111
131
120
139
128
125
131
116
127
118
117
151
133
125
138
141
125
133
118
85
37
55
81
67
82
49
74
101
77
95
83
63
82
75
75
90
90
116
114
124
115
124
122
122
111
118
130
117
125
111
125
123
119
122
106
114
100
109
98
98
101
85
107
94
95
101
112
98
96
103
110
108
105
99
93
76
94
102
82
102
94
52
71
61
75
90
97
87
90
88
77
66
55
54
68
74
66
66
104
99
102
109
110
87
81
105
102
100
97
105
114
128
118
118
108
37
71
57
29
62
85
105
15
77
92
35
59
69
70
58
89
89
108
101
111
114
107
101
118
111
115
106
84
98
109
100
105
91
81
94
95
107
104
105
108
102
112
94
111
103
108
103
106
113
83
104
111
91
96
106
107
106
100
93
105
71
83
91
41
53
49
71
100
76
89
45
87
34
38
79
71
78
78
95
86
89
104
89
94
92
93
111
104
115
105
116
104
96
101
104
88
102
106
84
98
93
94
103
77
76
94
77
64
108
88
81
100
77
99
66
61
64
71
72
87
97
96
110
102
115
119
98
109
107
107
102
91
111
98
105
96
83
107
95
111
97
101
108
116
106
113
89
85
74
110
97
68
95
81
92
99
90
102
111
105
96
90
80
89
92
100
107
97
97
106
107
104
103
113
111
79
121
90
95
86
97
110
109
83
69
92
93
86
104
113
100
90
91
96
83
83
98
102
105
105
115
100
105
130
120
134
117
104
116
102
118
111
121
99
104
98
103
96
103
101
120
61
85
72
102
111
94
110
104
108
96
85
101
87
82
82
81
110
105
109
87
102
107
94
79
72
69
82
43
77
51
58
8
18
19
15
5
6
7
6
37
17
23
17
9
22
12
35
20
10
8
17
40
48
45
61
62
79
77
81
94
90
106
110
103
120
98
117
100
91
86
104
95
90
96
77
87
72
83
85
90
87
97
89
95
78
63
63
68
30
49
42
94
6
8
21
33
21
21
34
24
26
36
6
17
11
16
15
14
42
43
63
61
52
65
58
73
70
73
87
104
101
106
118
105
108
106
98
108
97
107
101
103
85
94
105
77
87
91
99
65
73
91
71
77
84
86
52
95
65
90
59
80
18
83
43
29
7
20
18
32
15
20
19
28
8
6
14
41
44
52
51
50
58
60
56
53
38
23
64
46
49
48
61
4
3
16
7
19
35
31
49
54
52
69
59
71
66
81
80
79
103
99
97
88
90
106
95
97
96
88
98
95
109
109
97
108
71
102
54
57
86
26
17
81
99
35
4
16
34
49
50
58
53
84
83
100
97
91
118
117
125
131
105
116
109
111
119
132
116
118
99
115
101
100
110
84
100
96
112
84
94
103
116
111
117
106
115
104
112
105
115
111
125
116
110
119
127
112
131
120
127
126
106
112
122
113
110
119
112
114
113
104
92
77
86
120
106
114
105
118
105
81
97
107
98
122
99
105
74
104
89
99
74
93
94
114
113
122
130
120
134
120
139
98
120
114
123
119
141
107
125
116
94
109
108
100
117
110
120
113
97
116
87
102
108
106
99
99
90
65
61
92
47
36
104
49
103
85
74
84
36
57
56
64
67
83
90
84
89
109
95
105
108
92
100
95
87
90
105
99
111
102
110
104
113
111
105
123
115
104
105
90
111
113
100
87
109
74
63
80
97
89
98
106
113
101
98
85
91
105
106
119
121
127
79
38
59
101
88
80
111
28
46
3
13
28
30
31
23
37
8
20
39
28
41
5
19
21
33
27
24
34
57
39
54
63
79
90
90
54
94
91
77
74
77
107
109
109
125
123
121
120
110
114
119
105
116
101
82
99
93
80
85
354
369
364
357
377
362
378
372
116
106
120
103
111
100
100
111
111
98
99
102
87
106
93
105
93
100
90
93
88
88
96
93
90
93
90
51
73
69
57
88
80
75
86
84
84
90
100
87
91
105
100
71
52
70
62
91
74
86
75
83
83
71
62
57
75
68
76
75
95
96
101
90
111
112
122
107
103
114
101
116
114
113
112
113
109
111
118
127
113
122
111
109
119
108
110
101
123
114
118
122
107
119
115
108
128
84
109
122
95
108
106
98
90
77
93
103
93
87
107
100
110
119
105
106
97
104
112
111
103
102
109
119
99
121
109
111
120
119
114
126
116
126
119
128
120
115
129
126
115
111
106
123
118
103
114
106
121
105
104
118
101
129
120
103
125
110
113
116
100
114
112
96
90
100
109
97
115
103
112
107
120
109
110
119
112
104
109
95
109
112
109
96
108
100
110
101
104
115
101
117
90
87
59
50
112
75
107
69
29
8
7
14
4
3
3
3
16
19
11
21
44
57
57
50
52
51
70
68
81
79
86
80
232
192
149
147
176
192
162
168
207
207
7
22
24
11
29
46
49
28
56
51
30
34
26
68
20
37
5
18
5
27
28
16
29
20
29
41
33
36
41
32
42
58
41
35
46
23
38
37
41
27
10
4
14
30
39
64
49
66
115
120
134
132
146
154
135
142
162
124
126
136
118
123
114
103
87
92
107
92
91
107
101
101
95
91
114
88
83
101
104
104
111
105
97
110
111
87
57
80
49
44
93
118
84
75
47
4
4
11
4
5
6
4
5
20
19
32
21
38
46
54
47
53
71
69
78
83
81
87
83
101
111
102
103
78
56
89
103
106
53
41
36
65
81
64
66
59
31
54
60
66
66
92
91
95
95
103
117
101
110
100
105
92
99
90
80
88
86
79
94
73
57
61
53
58
55
51
78
90
95
7
10
6
5
6
2
22
17
23
45
48
48
57
43
22
27
25
36
45
48
39
7
5
11
10
28
23
15
17
13
37
38
35
62
53
57
55
9
65
36
41
20
39
17
5
15
14
15
40
38
31
39
49
49
75
66
64
74
74
71
87
86
100
101
119
114
107
109
93
83
98
83
71
42
52
39
65
111
37
4
9
4
5
5
9
16
13
7
29
30
24
29
21
28
19
7
8
24
24
32
31
29
10
32
16
47
35
25
4
31
27
41
39
39
39
19
34
38
38
7
8
7
7
26
39
26
21
29
39
43
56
62
58
65
66
66
81
53
55
30
66
16
26
68
57
2
4
8
13
14
10
12
26
38
53
45
37
37
66
66
12
26
41
38
47
43
18
9
6
63
31
4
5
4
13
13
19
43
34
33
66
67
62
59
48
69
30
57
38
54
56
61
48
8
21
4
3
4
13
29
34
51
52
24
53
29
30
52
27
38
43
41
18
16
33
29
25
31
20
26
22
29
21
8
49
62
64
55
70
71
77
87
84
101
104
106
118
108
107
112
131
117
116
110
110
110
81
92
105
103
96
90
90
86
100
80
72
73
87
76
91
81
70
66
95
91
82
88
81
99
94
104
91
106
88
100
92
103
103
97
99
103
84
102
96
95
90
90
93
88
89
92
92
74
74
90
100
89
101
77
92
83
90
96
101
88
100
96
95
99
95
94
100
90
96
98
98
99
98
89
92
78
86
83
96
80
93
82
98
87
82
97
93
95
88
100
75
97
90
90
100
104
99
97
105
89
94
99
105
96
94
99
87
100
88
88
103
77
93
83
98
89
107
91
83
79
72
85
95
66
90
101
86
88
95
65
99
97
92
97
90
97
91
105
97
105
93
98
98
102
100
108
98
107
94
107
95
107
98
112
99
110
100
114
107
103
109
112
105
106
104
109
106
106
98
107
105
106
94
112
97
122
102
96
106
96
105
93
109
98
107
99
106
95
105
92
92
86
86
89
98
96
90
96
92
96
97
104
109
94
97
44
29
66
40
72
54
88
18
77
3
4
20
20
28
25
34
20
24
15
33
28
4
3
31
43
48
55
47
69
79
77
93
92
101
34
73
63
91
14
57
26
45
80
8
6
48
45
48
53
55
52
63
79
77
77
77
92
89
56
73
87
72
99
65
64
77
90
77
94
68
69
70
79
76
85
74
101
87
92
93
84
92
98
96
97
88
96
82
84
79
90
92
86
90
76
91
94
87
100
84
86
94
86
85
83
75
85
68
86
71
70
71
87
77
87
86
83
75
80
72
78
91
90
87
91
97
86
89
92
105
96
97
85
88
97
83
95
89
94
62
98
77
66
80
72
87
64
85
77
82
71
84
83
101
92
86
83
97
86
79
84
96
17459
17450
17478
17474
17566
17557
17661
17675
305
294
163
303
138
52
243
259
262
19
13
5
13
17
5
4
25
7
20
5
20
10
12
72
71
550
488
488
487
56
49
56
59
55
65
84
86
53
37
37
75
34
70
76
82
87
59
79
77
84
27
72
41
45
9
18
20
17
8
8
7
16
27
25
38
45
43
40
56
53
66
80
83
60
52
49
12
67
33
57
47
29
7
87
85
68
44
42
27
24
54
34
64
14
3
22
22
30
37
36
54
34
25
71
60
63
53
37
52
32
12
29
49
28
12
33
24
7
5
7
5
30
7
23
5
22
8
7
16
30
22
41
29
20
37
29
32
25
37
16
7
6
11
18
44
22
51
14
46
12
38
40
40
5
16
26
21
23
8
5
7
9
9
28
29
26
18
22
45
265
278
274
245
243
247
277
82
85
115
44
107
42
83
39
58
5
13
4
5
38
19
27
42
37
50
61
25
22
59
42
5
12
5
5
20
18
45
46
21
20
48
45
12
29
6
3
4
3
14
10
13
10
4
6
29
21
39
37
48
47
67
66
82
86
88
102
99
114
107
77
91
65
39
24
26
76
49
101
18
35
50
52
35
36
47
38
22
49
34
50
8
6
8
35
50
59
45
87
88
84
87
52
82
113
14
9
20
118
121
116
101
8
39
33
54
53
36
44
14
21
51
18
39
48
46
3
5
3
25
22
14
5
13
11
6
18
22
32
30
48
46
59
60
82
77
68
67
66
79
91
97
89
119
114
99
129
121
114
131
128
122
138
117
134
117
119
120
116
118
117
120
109
116
99
101
94
78
99
99
99
102
96
95
99
30
67
75
41
61
93
67
61
3
4
18
28
29
27
32
50
61
32
24
30
27
17
59
67
57
47
5
3
9
3
20
10
22
21
24
30
36
43
66
65
69
77
91
86
86
87
104
113
117
109
115
108
116
107
99
112
108
114
102
101
94
76
73
63
67
145
153
138
91
130
121
127
115
119
74
78
8
55
10
4
15
12
25
35
17
15
34
20
11
20
32
43
57
64
66
68
83
74
81
87
103
114
122
104
90
101
107
117
116
129
106
108
108
108
107
121
110
126
118
106
115
92
106
111
34
52
87
80
71
25
67
27
95
3
14
12
19
29
30
20
20
28
29
22
50
46
20
18
17
13
4
4
33
23
37
38
15
32
35
13
31
5
4
31
39
43
54
56
68
66
71
39
19
35
50
46
55
20
36
34
25
34
6
30
3
17
4
12
31
9
8
7
29
46
47
35
54
42
78
69
67
45
62
30
39
12
77
86
76
15
58
3
3
2
2
9
8
3
18
13
13
24
26
42
38
58
70
60
70
71
89
89
89
105
96
20
106
41
89
73
70
75
48
43
9
19
20
34
32
31
45
35
25
33
28
4
18
18
16
28
28
38
39
39
43
69
67
73
70
58
73
82
81
83
104
27
50
59
108
24
93
61
99
69
28
71
8
5
24
37
34
33
55
60
50
58
67
66
77
75
81
88
97
95
79
84
62
69
80
25
59
46
30
90
35
6
20
7
17
14
4
14
25
13
15
5
17
28
42
40
54
50
61
72
62
72
35
45
48
66
82
32
83
62
4
4
19
22
43
47
55
46
51
51
61
68
73
103
100
120
97
117
98
115
116
113
119
121
113
111
94
119
96
85
104
65
75
102
100
97
82
89
76
92
86
86
84
101
91
110
109
100
112
91
106
98
102
101
93
105
100
103
107
95
84
104
98
106
95
103
93
100
91
94
98
104
96
109
97
105
109
107
108
101
81
92
88
75
90
93
85
92
98
92
105
103
94
106
89
103
72
87
79
89
92
84
89
89
81
99
91
98
106
101
94
104
93
97
93
91
92
85
105
95
76
90
105
82
95
75
63
64
58
92
82
84
82
79
93
83
93
20
61
32
67
95
28
78
92
49
42
11
23
38
36
46
49
52
53
62
65
46
31
31
30
18
55
78
51
66
5
3
21
11
38
54
50
55
60
62
59
74
77
67
78
96
85
100
88
100
80
90
85
80
97
83
90
97
85
99
89
92
70
78
87
90
99
87
88
99
97
110
81
89
66
58
34
19
51
16
38
83
84
4
5
6
27
13
20
13
35
20
16
7
5
11
10
22
36
37
30
58
51
70
70
72
78
78
82
80
93
98
90
82
97
60
61
86
77
97
108
93
95
98
87
95
86
85
103
102
109
108
107
109
90
100
107
99
99
98
104
92
100
108
99
107
95
103
100
114
99
117
105
112
110
115
108
119
113
118
110
115
105
112
114
114
106
109
100
105
103
108
106
101
109
111
108
110
112
112
105
88
100
108
106
95
103
90
91
101
108
94
110
98
106
103
93
114
99
113
98
115
102
117
101
121
103
118
110
107
115
113
94
105
120
101
113
100
111
109
100
84
94
106
94
107
81
89
93
95
101
103
86
89
97
101
84
93
99
105
92
93
104
92
93
105
104
109
101
109
101
102
93
96
77
86
105
95
93
93
91
107
92
108
98
111
87
83
97
99
108
107
102
106
96
80
105
98
96
97
114
99
113
107
126
114
119
125
130
122
125
118
117
109
113
86
93
104
106
102
107
100
106
92
94
96
85
91
95
112
103
110
106
119
111
121
112
122
135
125
107
113
119
126
136
77
69
117
108
92
69
67
40
47
110
40
79
86
101
101
129
118
125
96
101
101
110
111
111
117
125
131
127
125
133
111
109
111
125
121
105
94
106
97
116
112
116
103
114
117
121
129
120
123
112
111
120
120
109
117
106
113
106
115
109
114
112
112
112
109
116
116
106
109
106
106
97
111
103
104
93
103
88
83
83
62
110
33
52
41
90
63
4
5
14
16
17
46
53
53
74
73
65
73
62
81
91
74
79
106
103
63
79
37
107
27
101
78
87
39
84
109
37
39
59
63
61
58
45
62
24
58
31
49
59
6
11
4
183
6
16
16
29
19
33
5
88
84
82
103
36
39
41
31
32
64
56
62
53
63
67
57
18
15
14
8
11
5
24
24
42
46
36
23
40
48
49
21
57
5
25
13
16
25
27
42
55
35
49
49
53
38
36
37
85
70
37
35
39
11
19
34
36
30
15
43
44
7
14
12
37
24
28
11
37
16
28
5
11
5
4
22
5
40
35
57
95
115
130
95
117
153
164
158
171
158
183
182
188
151
150
161
139
174
157
163
161
158
74
55
163
56
118
137
112
65
49
4
6
11
23
46
44
44
53
57
58
81
80
92
82
95
87
103
104
113
43
28
117
18
60
61
81
94
75
44
3
12
22
28
29
36
53
39
26
34
52
63
55
21
24
38
28
2
17
21
16
26
15
49
60
47
28
43
68
61
63
87
85
73
83
70
87
100
92
99
94
60
46
58
36
44
98
13
50
29
65
4
26
13
26
12
9
16
6
17
16
14
30
24
49
52
61
54
58
41
23
39
59
53
37
55
50
8
21
42
43
54
44
59
62
64
39
78
37
31
72
75
61
75
17
5
5
6
8
8
22
18
4
13
25
20
11
14
4
21
28
27
43
44
39
46
44
35
11
18
14
3
10
22
18
25
13
40
23
11
43
15
22
6
3
18
4
18
16
11
12
21
19
37
38
30
63
51
64
73
72
72
88
83
82
80
93
107
98
102
50
98
40
34
65
29
18
76
87
37
5
4
26
15
34
44
43
43
69
52
55
85
79
95
97
91
88
118
103
115
101
67
67
68
63
99
52
90
109
79
40
3
4
10
6
9
4
3
24
20
31
26
22
17
8
25
32
24
60
76
78
59
56
72
85
88
83
79
104
103
112
109
48
40
114
73
35
104
45
78
29
75
84
92
104
100
78
69
80
94
87
95
99
99
112
108
114
101
120
96
85
107
117
106
113
116
118
111
108
107
108
103
99
108
101
120
103
119
110
98
120
100
105
113
115
102
106
99
104
114
97
118
110
107
112
109
115
107
125
123
111
123
110
119
107
104
111
112
103
103
111
111
107
115
100
96
108
82
111
100
55
89
78
65
97
92
85
100
99
93
92
93
107
107
112
96
112
103
114
107
101
106
89
70
61
86
59
81
89
81
87
92
94
91
92
87
87
116
114
130
111
115
93
119
100
97
132
92
100
95
101
108
107
113
110
111
92
95
99
117
107
100
111
104
125
112
126
119
128
112
126
123
111
107
107
94
91
92
84
111
103
113
103
119
122
100
103
68
112
120
37
45
65
83
102
86
100
47
56
64
57
56
92
91
107
94
106
102
115
104
93
120
112
116
96
109
112
102
106
104
90
98
116
79
103
100
109
116
116
112
113
107
122
112
100
105
107
97
112
99
112
103
104
109
116
102
117
109
108
116
156
135
149
142
127
117
147
120
89
141
99
85
89
102
73
92
74
95
50
46
33
31
58
72
101
93
73
33
50
42
56
51
72
72
86
84
85
107
102
91
105
98
88
99
100
85
93
89
96
93
97
98
94
104
75
71
89
89
100
95
87
93
97
70
97
75
78
68
92
86
95
85
91
84
76
82
91
79
84
82
95
89
99
90
66
49
92
61
88
106
79
91
7
5
31
32
56
50
62
61
71
69
66
69
67
81
85
86
80
83
83
89
83
83
77
82
93
80
22
47
23
15
57
92
75
42
78
5
6
27
21
32
26
45
54
67
49
65
57
46
73
70
80
87
80
74
79
107
101
75
17
44
80
41
31
92
40
65
118
13
29
27
44
53
59
52
62
69
71
87
85
93
103
91
98
98
96
90
95
101
93
96
85
83
95
82
85
76
82
86
72
75
87
72
70
84
75
76
94
88
74
67
54
59
88
84
45
31
31
30
70
92
56
65
82
27
5
18
21
14
39
37
51
58
57
67
66
79
76
75
18648
18663
18650
104
18650
18651
18653
18678
18674
18641
3
5
22
4
5
3
5
21
4
15
20
14
18
23
22
16
20
23
20
19
30
23
9
19
6
3
15
18
36
43
47
64
57
79
77
81
93
78
83
44
51
29
66
85
5
5
27
38
44
51
48
54
37
56
48
14
52
59
46
13
68
65
5
7
4
4
14
26
9
4
9
14
16
5
19
21
25
25
9
30
7
17
11
9
21
39
12
26
22
34
17
17
15
27
17
23
21
5
4
8
17
10
4
13
12
23
24
27
39
32
30
36
59
59
72
70
88
86
91
103
97
104
100
74
90
51
37
15
80
35
59
5
17
17
16
5
21
41
39
53
66
68
70
22
45
50
54
30
69
51
72
71
6
18
30
28
36
39
62
70
67
64
68
91
88
89
97
110
109
96
88
109
98
103
99
90
94
103
104
93
104
100
30
62
75
92
88
51
49
60
14
18
17
12
9
6
18
13
53
27
47
61
63
65
64
54
43
37
53
19
67
42
39
15
32
5
4
5
6
3
6
21
25
26
25
21
7
59
34
36
43
45
77
47
69
73
89
83
82
83
79
81
86
92
107
48
13
95
69
10
8
24
18
24
26
10
29
28
10
27
3
15
27
19
32
43
45
49
45
77
76
74
85
96
92
107
99
96
106
134
143
127
130
132
116
130
119
130
115
133
119
103
95
69
82
106
14
97
53
122
44
25
17
20
26
22
15
77
53
51
51
73
59
68
67
54
63
47
52
46
61
50
58
72
72
82
79
64
73
60
52
74
84
83
91
94
89
87
50
52
94
53
61
48
3
5
4
3
11
8
8
7
13
3
26
18
29
19
18
8
16
11
4
1
6
13
16
9
10
6
10
5
4
4
4
7
16
11
5
10
31
15
10
6
11
8
11
3
6
13
6
11
3
10
24
12
3
1
12
10
3
5
10
11
26
26
28
24
13
39
26
28
29
32
43
19
10
8
18
8
33
30
2
3
12
1
3
3
4
3
4
19
37
35
51
52
59
58
54
57
50
79
77
74
41
80
26
42
5
5
13
8
8
23
22
26
26
31
25
30
9
10
12
38
41
41
23
36
25
32
21
34
27
40
29
5
7
23
34
32
44
52
54
64
15
38
24
11
43
40
54
28
57
51
4
4
4
15
23
22
14
17
21
6
9
25
36
55
62
61
71
72
73
83
84
52
84
20
14
42
81
63
86
65
18
65
35
26
43
43
42
33
32
61
67
65
72
85
71
94
89
89
90
93
106
111
94
104
82
106
97
93
114
101
105
93
98
86
108
104
108
105
118
107
117
103
108
117
106
114
110
120
117
115
107
120
117
108
111
112
80
35
40
41
92
55
59
101
72
14
12
22
31
33
54
47
37
61
61
56
67
77
76
88
85
87
83
97
85
78
87
87
87
92
88
88
96
99
73
93
80
91
88
91
72
87
73
42
83
22
46
67
32
3
4
3
3
2
5
19
10
19
21
3
14
25
17
12
24
16
8
4
17
8
7
17
4
5
5
19
33
43
46
46
57
66
74
78
79
61
38
48
57
18
30
65
82
30
62
3
13
10
2
28
24
24
34
30
39
53
51
56
30
28
56
26
41
40
33
4
4
25
23
23
39
36
62
20
19
40
55
25
20
58
36
17
11
17
20
32
25
42
45
55
62
64
33
49
47
25
60
22
43
58
4
3
15
19
17
39
32
35
32
38
44
49
50
61
55
61
72
74
72
93
83
86
81
106
100
84
43
29
92
18
17
52
79
66
11
18
35
35
53
61
69
62
74
75
87
79
81
101
102
105
96
112
75
100
53
56
40
87
32
42
7
49
30
24
13
27
12
25
11
23
27
8
18
5
4
3
22
19
18
36
47
56
31
49
34
32
56
43
45
41
53
9
7
12
12
23
37
42
50
43
41
46
46
44
43
45
36
56
54
7
14
33
32
50
52
53
60
73
54
32
43
13
69
71
26
50
52
8
22
29
18
27
19
14
5
3
3
4
6
18
9
7
19
30
4
21
10
9
35
33
58
61
62
53
57
67
66
85
83
99
58
88
45
51
19
65
80
97
33
20
10
19
26
27
26
12
16
17
54
72
78
38
46
66
67
63
68
65
86
86
70
77
48
96
60
52
53
77
75
83
86
56
53
54
95
36
76
52
28
19
49
4
17
32
24
22
24
45
40
56
64
61
16
18
36
19
33
4
3
12
17
45
38
55
60
61
70
75
74
75
71
96
92
94
96
73
85
78
59
79
71
88
81
96
87
83
56
65
51
83
87
73
79
81
71
15
26
24
65
28
61
15
10
27
24
7
28
24
15
11
13
11
13
25
25
48
52
53
47
57
72
75
87
86
93
84
102
95
108
109
110
120
95
100
115
115
90
100
107
122
111
101
113
94
92
105
101
97
54
46
75
57
27
23
23
29
32
29
38
10
51
24
35
9
32
38
4
5
3
28
21
29
38
27
37
50
39
52
45
63
54
36
22
33
51
34
26
35
3
18
18
23
31
34
17
38
14
27
7
26
27
36
32
61
68
63
33
18
64
16
56
35
31
60
27
50
4
21
34
28
38
51
38
26
21
12
51
9
33
57
57
14
6
29
28
27
56
54
68
67
67
36
28
14
69
44
52
62
3
26
33
38
37
8
35
26
33
16
30
18
6
4
19
17
26
18
45
44
35
54
28
27
22
43
26
45
12
12
35
43
43
44
57
54
65
80
71
77
74
90
80
88
96
91
21
87
58
29
83
94
54
31
20
11
30
18
11
29
33
15
29
9
7
19
30
31
31
30
40
37
30
38
33
42
38
39
46
50
51
63
55
69
73
71
83
94
88
97
107
77
98
59
35
29
57
43
72
89
1
3
3
15
14
29
40
37
50
68
70
74
71
91
88
99
86
97
106
117
100
112
103
96
102
115
82
106
93
103
104
93
82
89
101
81
42
55
78
40
84
69
37
99
14
12
24
48
44
50
47
69
61
74
78
76
95
84
74
65
47
36
72
93
12
16
12
30
67
52
61
63
99
112
99
109
106
109
129
126
76
98
145
135
152
135
145
70
144
76
107
142
92
121
116
111
112
138
153
139
158
188
182
149
175
116
169
113
85
90
85
87
87
82
63
78
71
81
78
102
88
103
101
114
116
132
118
121
118
109
96
94
84
89
92
82
91
87
98
93
107
106
110
90
67
39
87
31
99
24
60
47
8
18
2
10
4
66
73
84
81
100
86
67
44
38
39
70
50
79
70
80
78
6
14
15
16
35
24
40
39
9
34
37
12
32
48
27
9
30
12
11
14
4
4
5
3
9
4
7
3
6
23
14
14
4
18
12
21
8
3
4
12
7
29
27
35
17
32
30
45
39
34
40
42
20
37
17
14
5
19
8
15
6
4
3
3
21
24
5
4
16
4
4
16
5
18
6
4
34
20
15
14
26
10
17
26
34
45
63
57
64
54
23
46
58
27
63
72
60
39
56
4
4
2
9
4
5
2
13
15
16
25
34
5
9
27
18
17
50
38
30
33
41
52
51
67
66
80
80
77
87
88
96
30
67
46
92
33
94
59
75
5
13
11
18
33
40
47
46
59
57
76
74
84
74
79
82
46
35
19
62
78
9
12
38
24
36
32
42
38
72
87
95
86
22
52
99
32
71
60
103
54
49
5
9
8
29
30
37
35
61
70
53
72
71
68
82
77
94
94
105
105
82
90
81
67
80
87
81
101
100
102
113
119
111
113
112
132
128
103
107
119
107
95
110
104
96
88
79
79
65
76
102
92
100
89
94
82
71
66
87
87
102
101
105
101
112
102
103
114
110
98
93
110
103
119
98
70
97
87
103
78
88
107
96
97
86
105
111
87
88
80
97
108
102
105
117
100
123
104
112
100
95
104
100
106
105
105
95
109
107
114
112
117
111
116
108
113
98
112
94
105
94
109
103
98
107
104
108
107
85
99
97
113
101
96
114
99
113
111
118
121
101
119
96
114
111
95
80
93
100
81
97
106
92
105
90
108
103
124
99
102
109
118
119
112
121
115
110
114
98
115
105
115
104
97
106
106
104
113
101
103
91
94
87
97
101
91
104
86
104
109
102
108
96
111
100
99
105
102
95
93
108
95
103
96
98
105
104
133
125
144
127
135
130
138
138
143
109
110
124
124
116
121
110
121
113
111
119
97
108
98
90
109
89
94
110
91
96
85
102
104
98
94
107
110
108
106
102
102
118
103
99
109
100
100
115
107
113
102
111
94
107
86
96
108
103
114
107
123
113
139
135
112
142
134
120
122
136
134
121
87
113
104
99
89
95
100
105
98
101
107
103
99
105
54
57
50
41
32
77
65
92
89
11
13
22
8
25
26
26
3
1
18
10
8
3
1
4
3
4
12
10
4
5
29
5
32
27
9
8
12
17
22
3
7
21
37
40
37
41
43
34
66
58
47
92
99
94
64
79
84
64
77
89
80
68
88
86
47
17
59
32
29
75
8
21
35
23
30
37
26
13
42
40
27
52
49
4
4
19
12
30
32
28
21
27
59
66
70
77
73
81
94
101
94
96
113
98
72
67
53
31
51
99
108
77
23
74
5
3
6
28
26
38
33
50
52
60
65
66
56
64
74
75
92
90
97
83
101
95
93
103
80
89
99
92
84
99
88
103
93
89
97
98
96
85
96
80
77
62
82
86
74
67
97
97
98
94
110
95
90
109
91
95
88
102
90
70
79
90
87
96
81
90
90
96
95
99
71
79
86
95
100
93
90
86
89
105
103
93
91
91
73
83
90
98
80
98
90
91
91
87
79
94
23
37
66
50
66
35
49
71
87
70
38
41
79
70
88
80
125
115
124
113
104
118
109
124
116
108
84
77
68
23958
23968
23975
23977
23998
23993
24008
24030
168
172
142
158
101
67
146
28
88
105
133
143
54
8
19
15
28
18
17
7
25
12
17
27
9
7
25
28
29
15
19
23
21
32
50
27
27
45
45
49
50
44
26
39
42
34
47
41
35
2534
2515
2547
20
13
40
45
7
6
4
3
10
19
40
8
28
30
11
38
8
3
0
