28
25
27
30
31
127
101
122
24
115
114
79
123
116
117
109
134
115
108
130
119
109
138
111
133
120
101
105
114
104
122
119
107
108
100
123
87
109
125
147
124
115
140
131
151
150
145
118
82
114
113
97
153
146
116
78
135
125
119
128
92
110
79
101
100
120
183
185
75
184
195
205
206
194
202
132
135
124
138
121
110
238
129
97
124
126
137
129
122
107
127
121
143
134
121
116
120
127
104
122
142
123
96
84
258
251
302
293
281
295
144
144
147
136
146
107
116
114
108
117
107
128
115
102
96
113
104
115
105
106
78
107
89
88
106
100
96
108
98
108
71
111
106
127
112
132
118
138
126
127
142
130
119
125
99
123
119
104
114
103
127
110
109
120
112
120
124
127
120
118
138
130
111
121
111
108
122
113
105
96
106
84
88
86
107
93
83
104
100
114
113
124
112
122
113
117
94
115
117
111
110
101
118
110
101
110
107
114
107
123
117
129
136
141
125
126
110
147
122
137
129
121
131
123
111
132
122
133
126
133
119
145
124
144
147
150
149
150
163
171
163
171
132
162
119
50
24
79
98
152
138
30
57
9
21
56
54
75
73
81
87
98
99
112
110
105
109
113
101
99
106
101
100
74
77
87
98
89
84
85
92
93
102
114
93
111
108
104
113
95
74
99
93
110
114
104
105
88
96
108
102
113
101
108
97
101
107
103
77
101
90
106
100
96
114
110
108
124
109
105
99
112
104
108
100
95
65
62
44
80
50
29
84
101
113
4
14
5
18
3
7
5
18
23
8
30
43
67
44
61
60
45
73
87
88
407
431
424
426
440
438
452
445
454
159
157
140
160
157
143
154
124
134
109
114
107
95
104
96
101
91
101
93
106
105
114
105
110
103
99
116
112
109
100
73
82
94
98
98
92
92
102
99
98
95
94
109
110
122
111
105
117
110
118
103
110
110
110
107
102
79
111
87
103
89
102
95
103
98
103
103
118
108
89
103
93
100
89
76
94
88
103
102
122
110
121
116
135
134
139
123
134
117
127
122
115
117
109
123
115
123
122
103
108
104
94
115
79
102
90
220
211
205
227
209
220
202
221
217
220
102
94
103
101
104
91
6510
6505
6615
6628
6631
6625
6661
6657
6665
241
135
6665
144
132
143
102
115
99
113
114
114
124
115
106
103
117
104
115
107
118
118
125
107
122
109
120
111
100
99
98
114
103
89
106
97
87
89
97
120
94
107
105
120
117
114
95
112
114
97
103
95
109
90
98
89
104
94
105
91
107
89
81
96
114
103
117
110
119
111
112
95
100
118
101
106
99
103
97
81
109
100
95
81
66
43
74
57
116
93
88
98
84
60
58
58
78
91
62
86
78
67
106
95
98
95
96
107
103
115
91
104
85
98
103
96
98
93
108
98
89
107
90
104
92
107
109
96
113
68
61
115
47
95
99
88
97
83
68
83
71
76
91
84
90
85
91
96
108
104
116
104
113
106
116
106
99
115
115
111
105
91
104
93
102
96
82
85
95
94
91
90
96
104
96
104
98
102
112
99
109
107
106
108
98
100
84
74
102
64
53
60
94
86
100
73
51
47
80
88
82
58
60
55
75
75
96
95
108
100
112
105
114
106
111
104
105
95
103
103
83
97
77
87
94
94
94
99
91
104
96
99
98
107
93
102
97
103
98
78
90
96
85
106
98
115
98
105
99
102
99
110
103
108
107
107
95
107
99
99
106
105
93
105
98
102
90
105
95
107
99
85
105
98
104
99
108
82
97
102
84
88
98
91
105
96
108
100
115
105
118
110
119
111
117
108
115
108
107
114
111
103
108
106
110
108
103
111
108
98
109
102
110
102
107
100
108
97
117
109
122
116
125
118
106
118
106
126
196
205
198
204
203
196
204
202
199
198
123
112
128
136
131
141
122
137
123
137
123
114
108
116
115
121
118
118
109
102
114
113
105
110
113
101
112
114
108
109
117
105
93
116
121
111
71
67
114
93
84
106
104
107
99
103
99
89
95
90
106
113
116
95
102
111
97
106
90
102
110
120
105
120
114
120
111
118
105
115
117
108
116
114
107
106
109
108
110
112
102
113
108
114
105
111
116
110
120
109
118
117
114
114
112
118
107
119
111
121
109
115
122
119
109
116
108
112
103
111
105
112
113
117
114
116
104
114
102
116
107
115
112
112
106
90
109
72
103
99
90
82
113
111
112
115
112
112
111
129
109
108
107
105
117
105
116
102
115
102
107
91
94
101
94
104
97
110
94
97
113
95
118
109
126
105
115
119
103
115
108
124
103
98
115
107
86
99
111
111
99
114
107
116
103
106
117
101
122
114
122
133
134
122
133
105
113
94
46
29
73
132
76
58
3
2
19
18
16
17
19
12
52
47
33
54
51
46
68
65
76
67
81
63
70
95
105
96
109
109
99
114
93
109
99
110
98
45
103
47
88
21
72
50
51
75
12
13
13
18
10
4
6
24
33
26
23
24
29
50
17
39
64
14
45
21
63
31
11
17
66
15
16
26
43
29
21
47
15
19
34
20
45
12
3
5
18
4
8
6
4
17
23
14
33
11
8
28
18
54
32
42
54
22
13
7
43
27
10
56
25
3
4
4
6
5
18
22
38
30
46
55
66
78
66
77
89
80
74
99
98
116
69
60
103
38
35
77
114
50
99
86
72
41
51
50
68
71
55
60
75
68
92
98
100
100
94
110
108
124
114
114
108
118
112
115
124
107
123
107
125
113
126
112
114
119
115
111
109
88
80
103
122
105
98
109
99
112
105
120
116
113
112
113
121
121
125
111
107
117
101
122
92
106
133
123
124
130
128
118
125
122
113
105
112
99
113
104
111
107
60
75
81
94
53
87
113
100
88
92
84
44
97
69
70
82
83
83
106
105
107
105
112
105
118
112
74
83
99
112
119
97
112
109
91
89
74
105
97
95
94
103
94
103
96
112
109
122
119
110
75
100
66
95
82
109
100
108
98
83
113
96
114
101
111
103
109
104
81
109
101
104
112
95
102
113
100
104
103
118
112
114
112
119
107
112
105
111
96
109
101
98
116
110
108
111
119
91
104
112
76
100
113
95
109
94
90
109
104
88
89
107
110
93
105
107
85
91
105
99
100
101
101
90
96
108
107
106
106
92
101
96
96
102
91
100
98
51
58
26
45
37
86
62
91
29
89
76
4
3
3
4
22
13
17
15
8
5
40
24
15
16
32
26
53
25
49
29
61
60
76
76
74
96
101
89
76
74
102
100
80
94
100
99
107
98
88
88
100
48
71
79
53
66
81
83
84
100
102
88
86
66
86
95
94
112
105
100
106
105
100
87
110
98
91
102
79
106
97
104
93
106
109
86
82
104
92
119
99
95
102
100
84
106
96
95
85
97
106
102
97
102
98
101
110
101
112
110
108
102
113
108
107
115
117
105
96
103
110
100
122
98
103
7482
7490
7473
7501
7509
7509
7499
7517
7528
7519
150
127
136
142
139
133
118
110
185
178
173
167
176
161
173
181
97
120
111
126
113
117
134
129
185
204
181
190
179
191
243
250
249
167
253
159
176
179
157
167
117
101
109
102
116
114
118
102
97
106
69
100
63
43
35
81
103
48
26
5
3
17
21
33
45
48
66
59
80
78
86
87
82
87
103
100
101
115
120
105
103
98
127
118
121
86
95
102
108
94
66
44
90
21
52
49
97
86
17
15
29
27
38
57
56
42
42
25
53
58
25
81
72
51
65
50
43
69
62
69
60
71
77
82
86
52
46
41
70
92
43
77
37
56
4
5
3
4
11
21
16
16
33
31
28
40
43
44
50
51
63
74
70
38
23
42
13
45
25
19
5
23
13
21
8
10
8
9
9
31
30
38
27
36
14
22
35
52
52
43
42
42
57
69
78
77
75
70
78
97
100
105
104
107
113
109
131
101
112
123
134
108
135
110
103
330
319
325
322
311
304
315
312
310
304
83
80
80
79
73
74
78
75
71
70
75
79
73
71
76
72
77
76
73
77
71
75
79
67
54
78
59
72
62
244
242
252
250
256
257
281
137
139
140
132
122
117
106
108
95
5
5
6
38
42
48
47
74
78
78
74
73
138
138
133
155
139
136
98
137
149
158
146
158
149
150
139
149
124
132
119
134
124
124
117
126
139
140
103
85
81
73
59
47
91
124
119
6
9
10
7
17
11
8
11
35
18
15
18
33
52
50
24
40
42
44
31
4
12
7
13
8
9
33
34
32
46
41
38
54
68
67
58
65
84
67
85
92
105
111
103
123
123
121
110
112
101
115
106
97
97
85
106
103
108
90
98
111
103
109
106
93
99
99
117
118
124
102
106
101
113
111
116
107
110
94
93
91
104
104
97
99
93
104
73
73
91
91
117
106
124
118
128
120
142
133
113
126
119
136
116
130
119
124
119
125
129
133
132
124
125
117
120
112
117
109
109
119
101
110
102
96
104
95
82
93
66
82
66
109
102
110
102
117
115
115
114
113
111
137
117
136
129
129
121
136
130
132
126
100
108
106
116
108
115
100
113
116
93
108
109
102
109
97
109
100
100
110
102
107
114
102
114
93
102
115
101
109
97
103
98
105
86
70
73
37
54
56
49
50
95
37
43
102
92
79
61
48
67
64
78
79
99
99
115
106
107
122
121
115
124
116
113
122
113
93
117
113
100
109
95
95
99
101
87
77
105
98
109
104
102
100
107
92
117
106
113
116
103
124
111
111
119
121
98
105
112
89
49
120
69
98
61
107
51
77
87
93
76
79
57
74
74
87
87
107
108
118
108
106
95
120
117
130
117
132
122
135
130
134
115
125
111
125
123
130
119
128
117
132
124
124
137
121
127
113
110
101
124
119
123
109
95
83
102
129
114
104
96
103
103
102
108
118
117
120
110
116
125
123
115
103
110
95
103
95
107
112
103
111
105
114
107
116
105
114
112
110
99
112
96
90
94
100
110
102
109
108
95
104
105
103
118
109
108
116
100
108
123
110
97
104
89
116
144
129
146
144
140
119
125
121
119
118
98
112
100
109
105
89
100
86
94
111
112
101
107
86
90
101
106
103
94
114
80
101
70
76
69
90
102
95
103
88
101
114
105
95
94
92
113
106
115
107
123
110
113
107
113
116
98
106
123
105
82
95
82
37
63
99
53
91
18
55
81
16
36
17
29
19
30
16
32
34
28
12
21
36
34
46
35
64
66
59
70
68
77
63
18
26
14
69
48
40
29
58
12
6
7
10
11
6
6
7
26
9
25
22
60
57
52
11
11
11
33
43
43
39
49
45
48
82
80
88
87
96
102
93
121
118
106
113
93
97
120
100
108
105
97
67
32
45
16
51
78
45
83
9
13
12
36
58
37
47
35
55
71
80
70
74
72
95
81
79
88
86
100
94
100
108
87
97
108
112
94
103
97
103
94
99
87
88
96
87
94
97
88
100
98
103
91
107
98
110
102
112
100
102
89
109
106
96
91
104
92
97
101
94
94
93
95
106
87
107
99
95
107
111
96
95
104
95
97
105
121
95
95
104
91
93
101
100
81
88
94
76
85
91
78
94
96
93
87
83
90
80
78
100
92
100
94
87
60
75
40
86
97
75
70
79
55
71
54
49
85
85
102
104
106
102
112
111
122
106
94
106
99
93
98
112
102
95
88
99
94
104
113
105
98
111
101
108
113
104
99
107
77
101
90
104
96
98
85
77
73
87
81
73
72
90
85
85
78
75
73
94
103
94
100
94
90
98
93
105
87
84
96
95
96
92
97
76
77
98
84
92
101
71
76
85
79
58
86
71
77
65
93
91
113
93
111
100
110
108
17
75
27
66
90
104
105
53
34
17
46
4
10
5
25
12
27
31
44
47
54
61
73
67
62
45
65
22
75
17
71
40
66
47
27
3
3
3
15
5
10
28
22
8
19
2
25
12
10
15
25
23
38
32
6
2
9
6
12
11
15
13
10
3
3
3
16
3
5
16
14
10
16
42
49
26
19
30
17
12
29
39
21
35
46
46
44
41
59
61
57
21
55
47
36
20
59
4
11
7
4
16
21
6
34
31
44
42
53
52
61
48
45
48
26
48
13
9
7
4
32
48
37
51
53
72
91
90
108
98
109
97
111
118
115
81
120
96
77
73
92
89
75
95
93
93
67
59
91
68
86
91
101
100
118
118
84
65
67
70
89
53
89
43
8
23
36
47
46
49
68
84
80
26
86
49
60
45
75
85
83
47
2
11
26
37
33
41
42
52
49
63
78
41
65
38
78
80
58
30
29
29
81
65
53
57
18
4
14
7
11
3
37
18
30
19
45
17
6
8
24
27
27
15
14
56
65
61
82
68
50
45
12
45
24
48
58
37
46
49
15
60
4
12
9
18
30
28
43
15
32
16
33
46
47
45
25
26
33
51
62
63
74
75
85
75
98
91
97
99
103
107
120
108
107
94
122
116
58
51
75
92
37
87
108
30
8
18
19
22
41
42
35
59
58
72
71
72
73
89
99
100
114
74
36
55
88
17
84
43
106
109
105
10
4
7
5
8
13
11
5
5
4
26
25
7
33
46
26
34
34
44
51
68
16
64
33
37
66
30
13
24
41
62
59
61
76
81
100
96
114
89
110
71
15
101
81
31
57
66
16
16
33
47
59
70
63
73
63
82
84
86
96
102
110
72
117
97
79
108
63
60
104
96
88
88
97
52
51
60
38
95
99
81
73
83
79
94
80
85
87
96
102
103
115
107
112
106
112
113
120
102
112
105
114
100
103
114
100
111
100
113
111
97
112
109
111
100
133
125
132
134
120
126
100
109
106
97
66
62
75
69
68
65
70
70
65
61
56
61
64
62
66
65
65
58
35
49
70
71
78
53
36
43
73
5
9
7
4
13
13
22
10
25
12
22
11
12
28
27
30
50
60
70
65
57
56
77
71
92
90
108
101
116
90
87
115
127
93
104
124
65
76
101
70
119
64
96
77
102
22
75
61
5
3
17
6
25
34
29
37
43
58
72
67
77
103
112
104
105
131
137
126
134
144
147
117
106
132
95
98
128
128
67
50
77
93
51
71
3
9
3
6
4
4
4
10
3
17
14
29
35
41
28
31
16
37
48
44
13
29
31
44
47
45
61
63
82
85
83
95
94
108
89
100
97
108
101
96
61
52
32
43
77
81
34
108
75
94
3
3
13
22
18
13
16
24
33
38
46
41
56
10
41
53
59
30
28
8
11
25
25
22
25
24
34
35
36
22
26
40
43
27
42
45
64
73
85
79
78
92
74
71
77
72
24
101
102
62
53
41
81
46
60
95
23
43
36
35
56
55
72
67
91
91
104
117
97
121
109
114
98
104
104
91
104
105
115
119
110
119
113
131
123
117
108
99
85
118
96
103
100
112
104
107
117
101
102
113
120
98
89
98
109
107
106
110
113
111
113
108
105
115
102
115
80
94
101
113
93
107
108
99
106
95
101
112
113
100
84
110
92
90
77
93
104
85
106
107
113
102
98
98
111
95
103
102
115
105
100
112
114
107
119
106
121
114
119
114
120
113
125
124
109
102
93
109
107
92
106
88
97
100
94
105
84
78
89
107
106
111
109
107
99
106
86
85
100
93
85
100
98
38
82
65
101
37
69
25
97
44
45
13
7
10
25
30
40
6
8
17
24
38
16
42
45
53
53
47
51
49
20
52
55
32
65
45
4
16
18
30
21
32
34
17
21
25
35
5
8
10
18
22
30
30
39
51
47
27
10
49
18
21
33
4
8
5
24
18
32
60
71
61
57
72
71
72
81
96
94
109
111
107
115
125
100
125
99
103
131
117
127
109
118
122
114
133
119
108
108
126
117
131
113
134
88
98
122
106
110
115
111
111
123
139
139
127
123
138
130
137
125
144
110
119
106
105
117
119
113
117
122
108
112
92
99
105
103
101
106
98
109
107
109
114
125
114
129
122
108
101
123
121
115
112
123
111
119
127
119
123
118
131
123
118
127
124
115
117
108
101
113
109
100
116
111
102
106
119
118
106
121
142
149
103
154
146
152
142
149
152
146
120
110
109
115
111
124
119
119
121
110
124
116
125
113
123
111
119
112
122
108
121
111
117
114
110
116
115
101
98
110
103
111
109
102
108
103
95
104
108
99
105
94
105
104
98
107
111
102
106
104
108
96
97
103
81
98
92
90
96
92
92
88
67
78
91
78
89
95
86
102
92
92
104
107
114
110
111
112
114
102
108
97
100
97
106
104
92
89
102
90
101
94
90
105
104
91
107
98
101
91
107
99
96
104
85
106
92
110
104
121
106
112
106
111
107
106
104
106
89
94
103
103
89
105
105
114
100
107
90
94
91
103
106
95
99
91
102
88
105
97
113
105
96
108
105
99
97
105
102
94
86
101
97
88
101
89
91
100
102
93
104
92
102
97
104
98
106
104
105
99
96
103
83
96
91
101
89
77
81
91
97
83
90
83
96
82
81
93
96
94
75
82
84
79
87
93
79
99
92
96
102
108
106
110
108
105
112
109
99
112
113
103
114
104
98
87
112
103
83
94
70
85
90
96
85
63
82
44
33
72
26
83
54
29
62
8
7
24
26
34
39
37
47
50
47
55
50
61
64
58
73
80
90
75
77
85
95
99
76
94
100
101
88
97
91
76
100
90
33
57
31
45
67
96
114
94
88
55
49
71
70
90
89
110
103
116
106
96
65
74
104
112
50
82
118
105
18380
18367
18393
18392
18413
18385
18436
18426
18437
164
182
212
170
147
183
130
261
264
268
231
242
234
255
255
131
258
123
152
132
149
125
169
143
151
153
138
125
140
137
146
153
121
133
125
141
142
117
135
128
115
126
111
106
111
116
121
88
76
102
110
121
111
111
114
99
99
91
70
73
74
113
9
6
29
7
28
29
29
49
62
61
78
77
82
80
93
76
111
107
99
107
105
52
87
98
40
55
94
99
23
66
3
5
24
36
38
33
61
60
31
34
27
59
66
41
68
14
63
71
6
10
7
35
37
31
9
25
18
63
62
25
27
45
25
43
21
5
28
39
45
54
47
56
51
88
88
110
102
124
123
132
134
122
133
119
123
107
63
79
49
27
40
25
115
93
96
5
2
3
5
14
18
19
38
38
32
52
22
59
68
69
94
95
106
78
76
72
87
88
83
103
92
106
78
84
99
109
68
95
94
67
17
56
92
20
78
10
5
7
3
2
11
5
14
24
26
28
12
9
32
40
10
18
42
34
4
5
27
24
25
32
35
39
47
48
486
493
495
503
500
529
112
522
112
165
166
167
175
255
232
219
162
132
212
209
33
128
159
129
4
13
8
3
11
4
7
15
15
23
7
5
15
4
2
3
3
1
3
3
4
11
13
19
11
5
13
13
12
9
4
3
5
4
3
2
7
17
13
20
16
13
24
23
29
22
6
7
4
1
11
13
13
17
17
23
19
31
29
11
5
27
22
20
4
12
22
14
30
28
27
29
14
10
8
32
20
1
1
4
4
14
20
27
33
32
45
44
44
40
22
43
34
9
6
9
14
9
13
33
49
20
25
25
12
45
9
29
12
34
6
4
26
15
22
52
45
49
28
49
64
62
67
75
70
56
67
52
55
75
29
56
64
67
4
5
3
8
30
7
29
26
8
8
4
13
4
20
21
31
36
40
39
63
59
62
45
21
18
24
47
19
50
8
19
33
32
38
37
52
57
55
59
30
41
58
14
29
41
11
7
10
28
46
67
43
38
46
29
68
61
68
58
60
71
77
74
88
98
95
108
95
99
104
106
123
119
117
128
115
113
123
103
113
106
101
117
113
97
110
97
75
103
76
72
96
109
99
111
97
114
100
100
120
120
113
126
119
123
120
116
125
110
122
120
102
114
111
122
113
118
107
113
103
108
116
119
93
116
116
104
122
113
118
103
99
124
106
121
107
113
100
107
102
99
85
111
99
96
108
108
98
101
108
106
85
82
101
100
101
95
104
93
114
99
103
109
95
107
89
107
106
96
95
105
107
100
116
103
118
115
118
92
101
119
107
117
106
116
107
118
126
113
116
108
122
125
110
96
127
124
113
121
110
114
125
91
119
103
106
117
113
107
107
122
119
108
118
117
120
107
106
96
114
116
104
102
111
92
104
102
106
102
103
93
118
99
117
102
114
108
120
114
129
114
128
135
130
141
141
133
138
124
105
111
109
107
115
112
102
80
64
48
34
27
110
94
25
77
44
5
3
16
29
22
24
23
19
3
6
4
30
27
27
26
32
19
40
37
28
25
24
13
28
3
15
10
16
9
7
6
32
32
28
8
36
44
34
30
31
5
3
22
19
18
42
40
50
28
42
32
39
33
30
35
10
7
32
49
51
64
60
66
80
74
91
105
104
64
98
102
50
79
33
32
65
9
11
31
39
54
55
64
61
77
74
91
89
97
109
118
117
104
112
126
115
107
73
54
100
61
63
85
90
92
81
84
54
47
64
51
96
105
104
120
116
126
116
116
121
123
108
116
98
108
96
101
80
107
97
97
93
96
85
97
91
98
99
101
98
105
100
105
108
119
119
119
98
111
120
109
120
115
85
106
107
98
97
98
107
110
112
103
108
121
114
134
117
136
119
136
121
122
117
116
107
111
103
108
100
75
98
90
97
68
101
91
83
87
85
84
88
83
85
64
111
109
107
126
95
94
87
121
112
114
88
98
88
84
102
74
92
76
94
90
100
103
97
102
99
92
101
94
102
104
95
93
99
97
77
84
79
81
90
87
76
84
91
96
95
107
95
96
97
112
98
84
95
105
77
102
65
49
88
72
51
87
84
100
74
56
62
56
63
90
89
103
92
103
95
102
80
95
95
106
104
102
91
102
95
91
100
82
93
103
93
90
43
62
66
26
25
95
53
26
79
6
5
4
2
14
8
20
23
8
22
40
9
12
4
16
15
10
13
16
6
3
5
16
31
42
40
38
39
58
56
68
78
86
76
78
80
85
59
33
45
83
61
79
37
11
67
24
3
4
16
20
9
9
18
12
4
3
17
14
26
36
37
43
17
9
31
45
11
40
29
4
22
14
16
12
24
9
33
39
43
41
67
66
75
70
35
56
14
71
28
73
35
66
6
22
24
46
34
38
31
35
46
44
51
46
36
65
78
76
72
55
82
71
70
83
90
103
103
25
94
66
114
73
44
70
48
57
4
5
3
19
23
20
38
43
40
55
52
66
76
88
81
97
93
100
107
104
101
113
13
68
86
34
35
83
101
114
55
15
52
8
6
31
43
44
51
32
28
18
47
55
41
61
34
14
12
17
29
25
48
53
60
47
60
73
74
63
71
92
82
94
14
85
68
71
29
62
73
84
50
11
31
34
63
61
61
78
77
91
87
95
98
98
106
107
69
23
56
38
25
85
96
72
58
4
12
24
29
33
27
15
32
35
26
42
5
5
20
8
7
19
10
9
6
21
30
31
43
37
46
51
63
60
79
79
97
83
101
90
84
90
111
108
115
109
113
91
103
120
100
124
121
116
118
117
119
100
115
108
111
105
88
108
96
102
101
104
116
106
121
106
131
122
123
129
128
136
134
143
130
118
117
112
135
106
99
118
101
115
99
105
101
96
85
85
83
105
105
96
62
48
53
97
45
87
58
82
26
3
28
23
17
18
19
22
15
3
3
9
19
23
20
37
44
69
50
71
14
36
30
17
33
62
41
64
60
9
8
26
27
38
21
18
37
33
42
11
4
3
6
26
11
8
10
38
49
40
59
68
70
83
81
91
89
91
100
107
96
110
112
117
120
116
123
106
115
121
118
109
119
119
54
79
17
43
108
83
76
45
32
107
8
8
22
18
25
23
35
24
12
44
17
9
47
14
29
8
18
14
16
15
7
12
13
10
3
5
23
25
33
41
43
32
42
31
46
31
41
14
11
9
6
70
66
87
83
42
45
74
72
90
34
90
80
27
25
38
70
71
76
22
68
57
11
20
37
48
41
55
45
32
14
10
48
27
42
4
5
242
10
7
4
2
20
19
17
23
33
36
37
47
31
41
61
65
83
88
83
103
99
107
80
122
116
114
101
120
108
106
102
104
113
61
112
99
64
68
47
95
91
42
4
6
8
10
4
3
24
40
47
16
45
28
39
14
29
42
25
18
18
14
23
24
15
13
8
18
6
15
14
48
42
31
49
49
76
73
89
86
103
101
126
126
149
72
150
107
121
98
93
102
109
109
110
97
115
82
99
103
99
88
49
80
66
29
94
42
100
5
14
27
17
19
47
60
27
35
15
13
57
25
42
60
11
5
23
13
14
17
24
12
11
24
22
24
22
10
13
10
23
24
42
55
53
52
43
26
33
63
22
31
46
5
10
7
4
27
13
18
23
21
21
29
27
47
45
50
61
77
68
71
65
83
81
104
111
123
121
135
130
115
114
106
126
122
135
119
118
96
110
109
101
66
115
76
68
91
117
126
117
92
111
73
90
102
101
89
89
78
116
103
113
110
111
121
110
99
94
110
101
116
102
112
99
103
96
89
88
95
96
84
74
86
90
92
116
99
105
102
97
121
100
84
131
102
109
107
98
102
76
91
89
107
100
102
110
101
105
112
103
119
123
122
116
124
114
124
114
120
114
113
104
112
103
115
101
119
118
114
111
107
102
114
116
112
100
93
104
99
95
106
98
103
91
101
81
101
92
110
99
105
109
107
121
126
126
118
125
111
97
108
117
121
120
112
120
104
111
105
114
115
110
91
91
101
102
89
96
78
95
86
95
101
98
96
109
108
123
122
121
133
130
132
120
137
117
118
107
115
106
109
57
38
76
87
115
98
72
39
46
15
10
10
31
48
71
66
69
66
78
62
64
39
57
40
74
65
43
77
11
13
29
30
53
68
44
45
67
73
71
87
93
95
117
98
107
86
50
42
73
32
67
120
21
53
76
12
8
7
11
4
9
10
12
14
8
32
39
52
55
69
57
55
89
87
93
80
55
94
70
36
75
32
15
20
96
5
17
16
33
34
34
46
56
53
65
63
47
49
80
74
95
101
102
100
120
121
109
85
102
99
101
89
121
103
125
109
93
105
93
99
107
88
103
114
99
100
112
117
96
111
109
118
116
123
115
122
108
119
108
81
110
93
86
95
103
106
104
104
100
90
116
102
118
103
116
97
112
102
117
107
117
110
121
111
118
127
126
118
123
114
122
113
124
116
122
111
122
120
114
122
103
129
106
122
110
124
108
121
111
93
30
27
119
44
75
74
121
53
98
4
23
26
34
45
46
46
73
75
78
76
86
41
50
80
40
61
52
22
47
9
20
46
46
43
62
62
79
72
90
90
87
106
104
108
116
103
113
114
87
88
101
92
99
97
105
116
104
38
72
86
40
22
95
53
99
102
3
16
22
21
43
54
57
69
59
73
53
37
27
50
65
67
62
11
51
4
14
34
27
27
28
38
40
33
10
39
36
6
17
31
8
29
20
18
10
4
3
2
3
2
37
24
27
20
18
29
22
36
22
5
16
23
20
15
17
40
39
47
52
41
55
61
49
62
66
63
76
86
85
92
89
73
97
66
66
99
98
101
99
91
102
84
94
89
88
89
94
79
102
96
80
97
88
96
90
108
99
104
73
84
93
74
84
89
95
84
77
97
85
83
94
75
96
89
82
93
75
56
92
70
75
84
91
84
92
100
74
82
72
73
78
99
90
96
84
88
94
81
104
94
89
73
90
79
84
89
87
74
95
96
88
94
79
49
27
94
21
57
56
36
96
82
72
71
87
61
73
73
87
70
85
84
92
82
40
40
75
82
89
56
71
85
68
85
39
73
64
64
61
85
85
100
81
88
95
89
17719
17711
17710
17747
17737
17762
17778
17773
17811
157
185
168
182
172
170
127
138
103
129
111
153
130
118
132
68
59
47
40
118
124
100
117
80
3
14
22
20
83
101
101
97
53
116
116
115
122
127
139
70
79
137
45
25
34
74
76
64
77
13
46
36
30
18
40
44
25
3
3
34
45
41
46
56
37
51
35
35
54
49
36
9
11
9
13
34
33
42
35
54
37
43
39
43
17
36
49
19
3
3
29
31
33
46
19
38
35
34
24
4
14
17
4
6
8
8
14
13
24
46
48
45
56
75
73
84
84
64
67
57
92
50
81
90
108
90
110
73
89
87
93
90
110
102
46
99
91
30
103
80
57
71
20
9
11
18
35
36
53
46
49
63
81
75
79
67
25
55
43
83
35
86
56
63
3
4
11
4
13
7
12
22
45
53
54
56
75
77
94
93
103
91
44
22
80
96
56
73
37
8
5
10
18
15
20
23
4
7
8
4
10
16
21
32
17
41
31
25
14
17
15
36
32
9
5
7
6
8
17
23
33
23
20
31
17
10
9
28
44
43
47
33
28
13
32
11
43
46
15
35
6
5
11
15
23
37
44
52
48
63
54
63
66
61
95
94
106
103
103
109
111
105
113
110
96
98
105
95
100
105
96
98
70
83
90
98
98
89
95
107
97
102
108
99
98
91
86
84
72
64
111
57
108
45
37
12
7
9
4
12
6
36
36
29
45
44
68
46
78
43
48
49
67
21
75
5
7
5
3
24
16
12
6
4
3
11
24
35
36
42
42
25
29
58
45
49
7
66
50
44
46
59
59
72
72
88
89
87
116
116
135
141
133
138
139
127
108
109
110
55
93
89
17
74
38
21
15
53
23
15
17
33
29
23
31
24
30
35
29
60
61
81
92
97
89
98
104
101
110
108
115
77
98
61
120
85
83
80
109
103
66
86
79
70
85
80
96
104
100
115
120
114
123
115
115
103
124
108
123
102
109
116
108
119
112
111
126
119
112
133
117
132
117
133
127
139
137
105
125
114
128
129
136
124
139
127
146
154
145
161
170
146
154
138
153
141
118
106
128
40
14
27
77
62
70
89
13
25
20
19
16
24
11
13
36
34
34
24
28
34
35
34
25
87
85
104
112
110
85
116
102
110
108
105
105
100
110
108
117
113
117
97
92
115
97
104
110
96
114
102
118
108
108
128
130
130
112
93
116
110
121
99
110
92
103
112
112
103
96
102
99
105
102
101
88
86
81
98
99
103
91
105
106
106
108
89
106
101
112
99
96
111
104
103
111
95
107
101
109
91
103
103
126
114
122
130
122
136
123
137
126
117
117
130
112
113
127
129
114
125
116
124
107
108
118
114
104
112
107
112
108
110
107
108
112
113
104
114
112
116
110
109
89
117
67
108
81
43
60
106
96
85
108
90
92
77
86
85
106
105
119
111
106
114
75
85
93
93
80
107
106
91
106
112
112
111
85
102
123
103
95
95
113
92
107
115
108
119
115
106
96
23
125
43
64
119
90
82
38
5
3
23
17
17
24
6
27
33
9
4
3
25
29
34
31
30
65
66
83
80
93
90
93
86
97
101
94
101
91
100
98
106
106
94
108
85
58
107
44
20
20
102
67
80
36
8
5
15
11
27
18
5
4
3
11
9
19
23
21
10
23
32
45
45
62
59
64
85
80
84
106
107
115
118
109
103
97
74
44
30
85
61
111
49
27
5
4
25
13
10
37
35
33
51
46
72
69
73
54
71
76
52
36
55
72
62
45
18
14
12
12
13
38
44
49
47
48
46
63
63
82
39
29
14
46
49
31
14
4
21
14
25
42
53
70
62
69
67
79
82
52
37
54
60
89
61
75
89
76
30
24
90
8
3
12
24
21
18
21
42
41
8
40
37
5
4
4
16
8
27
29
39
48
42
71
68
71
73
76
83
97
102
94
98
117
128
113
121
106
103
82
111
78
120
113
114
84
12
31
109
101
36
33
6
21
6
9
19
7
17
17
12
4
4
4
11
14
9
3
13
24
21
7
10
9
3
24
25
44
37
56
65
60
75
78
70
76
72
94
101
107
67
82
44
39
39
94
68
83
87
85
65
82
84
94
91
89
81
91
63
71
101
74
86
87
85
98
80
75
92
92
94
108
100
97
90
92
108
91
102
106
94
103
102
112
97
89
109
99
93
109
91
106
108
96
94
78
102
71
56
102
62
99
82
44
35
85
73
73
80
78
57
56
72
72
93
96
93
90
102
85
84
95
69
93
82
90
97
95
82
73
78
77
79
104
91
96
87
77
101
101
96
108
117
93
109
101
121
106
106
104
115
109
113
101
109
96
112
101
115
111
113
107
107
94
113
101
111
101
108
98
95
97
95
96
100
86
91
103
81
100
74
84
92
100
99
90
93
85
97
95
65
80
94
100
91
97
77
85
98
80
100
91
110
101
90
98
114
83
96
91
98
96
97
78
92
95
94
112
104
115
99
108
110
91
91
101
88
102
90
91
100
93
101
105
98
110
108
102
96
106
96
107
99
105
92
104
88
98
105
97
103
90
82
72
94
89
97
96
90
95
87
104
86
104
105
98
123
107
107
102
94
114
88
111
108
108
96
103
93
88
100
91
92
98
87
100
98
103
101
98
87
104
94
106
94
102
96
91
95
100
94
103
89
104
91
114
106
108
108
94
116
102
95
108
70
85
96
91
102
93
93
85
78
70
91
79
81
67
92
77
80
108
95
104
100
103
117
108
120
104
102
99
93
95
112
112
108
106
121
115
114
127
111
116
108
121
115
121
112
120
108
117
72
97
81
107
97
92
100
94
102
87
78
78
91
93
93
94
76
88
76
73
83
83
81
98
84
89
104
93
92
121
112
122
130
121
114
129
126
93
119
107
99
104
108
102
94
106
110
100
118
96
101
116
108
100
101
110
107
99
82
95
88
85
96
84
90
81
98
93
90
104
93
107
93
90
101
99
106
102
89
84
91
80
104
96
88
92
85
91
100
72
98
89
75
83
93
92
82
102
91
108
99
102
103
119
115
123
126
100
113
113
122
124
104
118
117
118
113
118
126
114
92
116
113
104
104
108
115
96
85
95
92
93
108
98
84
108
68
77
94
111
107
94
100
105
92
110
71
82
87
100
93
100
100
94
110
110
96
108
70
86
105
111
113
86
94
89
89
72
91
77
98
100
118
108
95
103
104
92
115
131
112
115
131
114
134
124
138
118
114
112
112
101
113
80
89
104
71
113
106
116
103
117
101
113
98
113
108
105
124
108
116
110
114
118
94
102
105
120
112
98
120
107
125
113
117
91
88
117
83
101
102
85
110
95
104
91
114
106
126
137
128
138
116
124
100
108
113
106
105
103
117
96
111
117
99
118
112
126
112
117
127
128
100
115
113
111
103
89
88
67
56
76
102
100
99
89
91
112
97
115
116
115
115
131
109
117
103
101
111
97
94
112
112
97
109
96
110
89
96
108
103
92
104
81
94
105
86
102
101
95
111
102
94
95
106
95
101
109
98
109
108
100
94
102
99
93
90
100
89
99
92
100
105
96
106
100
119
112
110
104
119
129
114
114
120
90
124
99
106
88
103
107
113
101
114
104
111
110
97
102
101
116
103
104
122
114
104
111
104
115
105
101
116
106
95
98
105
102
82
79
100
96
95
101
100
97
98
94
91
87
106
103
91
370
380
521
513
524
507
523
496
502
526
236
254
93
119
124
133
131
148
142
163
158
168
142
145
147
130
150
80
93
106
132
115
66
70
122
82
63
112
37
69
69
85
71
85
64
76
77
94
94
111
102
106
99
95
119
106
103
114
109
104
89
101
100
58
33
48
101
43
76
27
63
7
4
6
23
16
29
18
37
53
56
24
25
22
39
36
8
5
7
4
4
3
8
33
50
22
37
31
11
32
44
28
36
3
3
12
10
22
28
34
20
15
28
22
23
18
21
25
27
15
25
6
18
16
17
10
7
29
13
26
20
11
43
70
79
70
55
73
75
75
101
98
109
111
108
118
94
104
114
105
114
89
106
78
57
98
43
53
66
107
27
5
4
4
11
19
4
3
15
23
29
45
42
55
13
38
52
27
36
48
56
34
32
10
3
19
9
16
36
53
29
54
17
26
16
29
17
3
5
6
23
10
8
9
11
20
52
68
63
79
65
65
68
99
97
116
118
107
115
109
102
113
111
125
116
106
52
87
70
62
110
80
101
84
98
95
108
72
67
70
68
66
98
91
98
83
97
88
83
92
95
86
101
117
96
100
110
116
111
107
122
91
98
48
114
55
69
61
77
46
3
15
25
37
35
43
46
61
59
67
80
92
79
96
93
97
111
105
102
50
36
81
85
30
104
64
51
116
15
30
34
55
53
54
69
36
73
44
71
46
66
38
59
2
4
7
6
9
8
25
42
26
42
55
64
62
59
14
54
34
42
77
49
84
80
52
5
20
17
18
7
42
62
71
61
61
74
81
94
92
115
114
129
109
135
117
91
120
107
112
116
96
92
82
42
20
45
49
37
79
4
6
6
5
35
46
46
59
69
37
69
51
55
33
71
25
64
28
80
4
14
23
34
44
39
49
52
55
73
72
93
81
84
97
100
100
116
108
126
107
113
113
104
94
101
107
98
94
96
110
100
81
97
97
107
104
113
99
93
101
107
104
79
96
112
100
114
107
93
92
110
102
110
103
110
101
108
109
102
90
97
98
100
108
102
87
100
103
95
103
91
108
91
104
102
91
110
102
120
93
113
96
114
108
105
102
103
100
109
96
101
109
107
99
80
93
86
97
90
103
95
97
109
102
113
117
111
99
105
119
110
131
124
111
117
104
112
128
116
124
94
108
102
117
114
129
125
128
110
125
110
105
89
80
113
96
106
93
65
79
96
80
79
97
90
104
93
91
76
101
105
98
104
96
105
100
120
112
130
110
129
119
114
117
101
110
107
113
107
117
108
113
105
121
79
111
97
97
60
41
44
107
72
82
57
87
83
53
70
44
38
71
71
52
66
70
98
97
97
99
80
67
82
71
73
98
105
88
62
87
68
107
109
87
100
105
84
103
70
82
76
102
98
104
105
94
92
101
87
103
86
93
86
95
78
90
100
88
88
104
86
90
101
99
95
92
90
76
84
90
82
99
86
95
90
102
95
104
104
105
94
102
96
102
95
92
98
100
91
103
96
101
95
103
96
105
97
92
98
96
99
98
86
98
90
96
95
100
88
102
94
90
99
79
99
91
85
100
82
93
92
81
97
83
84
85
95
94
92
93
93
86
92
86
96
94
92
85
95
86
87
98
97
89
88
77
90
79
97
93
88
98
90
101
102
106
92
79
81
20
90
105
64
57
36
44
25
22
78
30
46
57
46
56
57
80
79
77
94
92
85
83
73
95
86
90
83
95
83
91
90
90
74
95
86
94
87
19246
19248
19241
19272
19280
19262
134
19279
86
19270
19258
153
203
95
96
154
97
102
95
186
97
7
4
5
22
6
16
3
2
17
18
22
19
20
11
30
33
4
15
12
18
43
35
35
61
64
78
77
77
107
87
99
96
98
94
120
116
113
137
104
134
143
134
151
129
98
91
98
112
110
108
120
106
111
113
116
90
102
109
115
103
122
109
116
110
122
111
104
98
123
105
120
126
111
122
107
100
110
103
123
103
98
111
100
103
111
109
98
116
110
114
108
116
114
116
105
113
107
111
98
109
101
112
110
108
94
101
115
115
110
118
173
166
183
175
149
124
156
132
148
113
122
81
27
29
32
38
24
61
63
107
21
33
48
47
49
56
41
52
55
79
80
95
108
91
56
64
90
93
109
98
106
105
119
87
97
97
104
91
84
29
49
27
0
63
64
92
39
59
4
5
28
19
39
58
68
69
90
92
94
85
20
101
89
97
66
36
30
62
82
8
23
23
51
42
56
49
46
35
34
42
64
67
89
73
64
31
36
58
87
4
18
7
16
5
14
7
14
4
14
14
22
31
19
17
16
16
29
28
27
38
71
68
54
72
68
79
81
76
73
109
108
120
109
122
114
98
111
96
116
121
108
118
120
116
121
128
99
94
112
82
93
66
81
98
74
608
616
611
631
630
161
624
162
198
199
136
121
126
111
77
120
96
108
98
107
66
77
95
81
92
96
96
122
27
124
79
60
114
105
72
86
88
52
5
5
3
3
12
15
31
34
39
22
14
42
49
4
4
7
15
34
30
8
27
17
10
13
9
14
13
48
45
63
39
39
34
41
52
8
8
33
18
7
20
17
4
11
6
6
5
4
6
5
3
22
4
13
25
24
33
40
39
27
23
51
67
44
5
3
17
5
7
8
9
15
8
8
8
19
10
25
5
11
29
27
12
29
29
46
28
13
13
9
20
21
50
49
45
37
49
68
78
68
77
94
85
81
85
101
95
110
97
66
30
27
80
51
36
33
74
10
25
23
39
40
53
48
46
43
58
61
63
82
65
49
80
83
82
87
79
92
90
92
103
105
102
107
57
44
17
86
99
55
31
61
59
4
6
3
4
3
9
29
25
45
38
39
74
72
66
80
79
98
99
90
97
100
98
113
112
105
99
87
113
103
80
100
73
102
106
102
102
117
128
103
61
66
58
38
70
23
68
78
101
11
12
31
41
54
59
52
76
66
62
43
68
38
56
54
73
46
5
16
20
30
33
43
54
39
16
21
35
42
7
19
21
18
30
32
37
29
50
43
31
47
21
47
52
57
51
56
59
56
74
72
86
85
84
87
96
92
93
108
102
98
114
66
83
83
63
73
77
72
63
94
80
77
55
63
59
59
60
96
94
102
95
84
102
87
90
82
83
104
103
107
95
134
124
133
137
144
136
147
134
137
147
117
95
103
114
87
95
69
97
77
99
86
91
90
105
95
95
103
105
94
101
116
105
112
108
116
112
110
122
118
108
115
102
114
106
95
115
101
117
70
47
110
87
48
101
82
57
44
5
5
15
5
22
25
41
49
51
47
63
79
76
66
79
78
49
63
58
76
71
67
22
71
13
70
59
76
29
14
62
6
7
6
4
17
19
20
37
49
35
59
46
23
53
33
56
38
45
23
40
46
2
13
13
40
41
52
60
58
74
72
75
79
32
37
19
81
77
72
48
13
17
31
46
62
60
69
75
75
94
103
95
112
107
120
115
120
126
101
111
119
116
114
115
127
125
76
107
44
74
47
79
29
116
59
4
4
14
25
18
31
15
32
30
28
3
4
4
18
27
33
43
55
58
71
63
70
78
86
90
100
97
113
110
112
108
111
111
116
108
102
99
88
96
99
110
106
99
118
99
102
113
94
86
97
75
57
46
41
58
22
61
14
26
38
38
23
40
20
10
27
35
25
4
6
27
9
24
34
32
51
43
48
52
65
62
72
71
54
78
81
61
79
68
89
90
65
82
98
72
51
38
54
43
62
12
42
56
4
18
28
17
15
21
21
5
17
28
35
44
49
34
24
12
38
36
21
26
3
7
17
19
29
28
38
32
45
59
52
50
65
49
40
38
75
82
80
98
86
93
80
76
110
91
96
64
73
21
55
18
83
43
73
11
12
6
10
7
4
13
17
8
6
15
25
4
14
23
28
26
29
46
59
66
64
72
72
84
76
96
89
50
103
103
40
27
13
60
74
87
70
8
10
32
29
43
52
52
52
71
56
66
73
80
83
71
69
40
81
49
87
32
95
60
68
4
6
30
40
52
52
54
63
55
51
86
82
82
99
87
100
96
105
93
107
99
110
102
89
96
99
88
99
97
89
96
99
74
86
103
81
101
99
108
94
93
107
113
111
117
104
114
106
108
95
111
116
104
107
58
38
66
44
87
100
81
33
18
6
23
31
44
38
35
54
62
28
13
65
39
6
45
10
9
25
41
43
41
50
46
72
69
71
85
82
95
94
109
103
122
113
115
117
109
122
120
110
119
107
114
111
119
108
96
112
107
124
103
118
103
114
100
104
103
108
96
111
96
103
100
95
100
96
101
96
105
105
110
99
111
111
103
106
102
89
108
101
110
96
101
112
106
111
114
104
125
109
123
120
108
121
118
106
113
119
115
114
108
86
95
100
105
97
103
97
105
83
97
90
105
105
94
79
102
95
108
101
88
87
97
93
98
97
91
103
95
99
108
106
91
107
93
78
98
88
100
98
119
102
115
104
112
111
110
122
108
115
105
110
118
123
118
130
126
132
125
136
124
119
120
107
122
102
125
117
102
113
94
121
118
129
120
105
91
101
133
104
115
112
99
110
104
111
108
115
114
114
111
111
93
108
97
110
111
99
100
113
114
104
122
112
120
108
96
101
94
107
95
112
96
96
107
113
103
113
106
108
100
85
81
69
88
102
99
105
107
98
101
104
119
89
105
101
109
109
101
116
114
129
106
112
111
120
106
100
91
115
106
108
101
103
101
103
94
102
101
107
97
103
109
104
108
105
111
99
117
109
117
129
108
121
119
137
127
124
133
133
125
127
112
98
122
103
95
105
110
105
94
103
99
92
91
100
96
79
94
93
104
89
102
95
90
92
101
106
98
99
99
105
106
97
83
104
66
83
101
84
96
90
91
76
100
101
100
83
90
90
87
104
96
96
116
103
104
95
91
99
107
105
97
98
97
91
101
94
76
94
97
92
98
99
84
97
103
105
97
99
93
99
96
88
96
79
98
92
101
95
104
104
87
98
79
89
105
99
86
101
88
98
104
93
104
98
106
97
100
92
109
93
91
97
82
90
96
90
89
94
83
70
82
94
104
91
94
97
91
97
102
112
91
89
79
79
96
80
82
75
87
78
80
84
84
95
94
93
111
98
112
130
115
132
133
138
126
137
82
113
87
89
120
125
125
117
112
146
121
122
123
123
107
108
96
78
