38
66
175
168
195
39
198
197
193
94
114
73
74
58
172
81
72
104
196
98
198
130
132
113
114
72
67
126
73
144
127
152
151
149
73
746
738
736
735
721
739
741
98
92
107
110
112
108
119
112
125
109
106
118
98
124
108
99
104
123
93
112
105
101
101
116
105
115
112
122
106
153
139
137
131
151
142
139
150
157
159
128
127
139
126
119
126
96
113
123
109
98
115
97
115
98
110
97
100
126
115
120
115
135
133
130
119
126
124
116
103
109
113
122
102
105
115
111
110
124
118
125
122
116
103
106
94
106
99
110
120
98
105
100
103
103
107
115
121
111
109
106
117
113
124
109
122
107
119
104
111
108
113
116
114
112
115
113
109
105
126
114
107
98
106
95
93
117
105
113
106
76
56
45
115
114
91
82
99
85
100
91
90
109
109
126
123
110
90
99
110
100
94
103
94
74
107
81
90
89
100
105
108
105
103
88
105
103
94
112
82
102
113
110
114
107
110
98
123
111
132
123
114
114
112
106
101
84
79
65
65
128
5
11
16
5
19
36
28
52
53
83
86
87
86
86
78
68
67
44
46
3
14
18
18
29
18
27
20
6
26
38
70
59
52
68
103
95
123
127
119
144
46
118
143
78
37
13
141
106
8
5
16
39
65
65
90
73
95
93
107
105
107
136
129
133
75
43
30
100
92
71
10
99
30
68
13
38
10
26
23
25
27
28
38
37
48
19
7
39
37
32
42
2
4
13
7
28
29
25
52
60
69
62
70
89
94
85
104
104
109
98
123
114
102
110
51
72
38
91
76
51
63
102
37
34
101
4
12
14
21
36
36
47
43
55
52
62
35
32
64
14
53
34
30
50
5
27
26
26
42
42
52
50
63
75
67
85
84
76
84
66
33
42
81
26
74
53
90
87
9
7
7
30
31
57
70
69
68
59
63
83
89
102
99
112
118
119
110
117
108
125
122
123
125
124
131
144
129
3
52
21
131
87
118
80
4
34
16
58
63
82
34
15
24
30
28
32
16
4
21
1
13
28
43
60
58
57
100
2901
2900
2935
2932
2955
2943
2938
89
2956
62
55
2956
26
2956
5
7
19
8
7
17
16
32
4
14
9
23
18
27
14
11
3
4
3
5
6
6
25
24
37
38
49
37
49
61
71
73
76
75
77
77
92
101
92
99
111
103
104
103
102
76
118
55
65
31
103
87
17
52
44
58
5
55
6
22
13
5
4
8
30
36
42
42
60
59
70
74
77
79
90
88
90
98
98
119
105
107
112
18
79
76
93
39
101
64
26
58
3
12
4
11
8
26
25
36
35
46
59
59
56
60
67
70
71
67
90
86
82
93
100
102
25
64
88
13
109
44
41
96
29
59
76
5
6
20
21
26
25
23
37
38
14
9
11
16
22
35
4
11
2
11
31
26
24
43
43
44
57
56
49
50
42
64
19
52
31
46
23
8
10
23
3
22
10
11
18
4
17
5
32
53
53
52
63
59
58
76
84
89
98
98
96
111
97
107
116
97
104
98
99
92
100
91
101
98
104
72
30
18
53
76
106
71
45
88
12
10
29
41
38
50
51
56
29
54
66
41
64
54
46
42
38
11
38
34
37
66
66
75
77
84
98
97
112
102
101
110
108
96
104
105
100
107
96
94
101
81
73
96
95
93
99
81
88
79
87
33
30
45
31
58
63
62
47
7
24
21
43
29
7
11
10
5
25
24
46
56
55
66
68
69
71
107
105
125
124
126
126
130
127
139
107
48
76
60
79
118
96
90
118
83
21
40
59
69
4
4
3
12
10
20
8
10
5
4
21
15
28
23
27
28
10
38
13
41
10
19
17
28
35
7
24
28
30
15
14
38
43
42
40
55
61
65
73
73
92
86
90
82
37
61
45
23
105
59
12
72
109
4
4
3
11
4
33
35
27
48
60
71
69
73
82
60
75
87
85
93
95
104
110
80
94
97
84
100
88
105
85
75
25
50
66
16
18
95
62
34
8
16
17
9
14
39
38
44
48
45
72
84
71
81
88
97
89
118
113
115
87
49
38
28
104
91
71
62
2
7
7
32
15
21
25
25
116
8
11
20
23
15
6
2
18
22
43
48
61
59
62
81
77
78
101
87
93
73
99
100
97
89
107
52
85
51
17
53
53
116
4
10
22
46
48
59
58
64
67
68
81
63
85
97
81
65
69
92
43
73
87
97
114
28
11
55
91
25
8
5
10
8
9
12
8
29
7
26
10
19
16
51
53
56
43
49
28
34
92
91
106
126
134
120
133
132
119
131
137
25
76
141
118
15
92
57
12
139
75
9
9
30
39
41
48
37
30
35
26
37
31
32
48
5
5
5
24
5
5
2
15
11
26
6
22
20
24
3
4
3
3
6
7
22
32
29
24
30
40
26
34
40
49
41
37
32
59
44
54
49
64
63
78
77
95
93
98
92
94
70
96
89
100
115
98
105
95
86
57
38
66
83
23
75
77
85
49
3
3
9
17
19
20
35
41
54
52
61
65
64
81
68
67
78
37
65
23
80
60
13
5
5
5
4
8
9
15
28
19
31
48
31
51
61
54
60
76
91
90
109
107
103
105
70
116
110
61
78
94
87
86
94
96
82
100
76
96
81
84
73
88
85
102
94
91
90
94
78
82
92
97
89
80
100
80
61
63
81
74
8
28
88
84
65
26
9
45
3
5
4
4
36
28
39
37
56
58
72
51
25
67
70
53
32
28
31
16
5
3
17
17
29
42
56
43
54
40
32
66
64
77
86
22
12
35
39
71
81
21
4
6
7
10
40
28
36
34
52
49
66
70
19
42
41
68
57
22
20
59
4
3
9
10
18
17
14
4
27
30
54
51
69
68
80
94
85
101
92
110
114
106
102
116
114
105
94
31
53
77
20
104
62
86
40
7
20
18
44
49
41
33
47
42
36
25
51
45
44
43
4
3
19
2
5
11
8
11
29
29
38
14
28
27
33
11
22
24
37
35
45
54
39
71
84
81
97
96
105
95
95
104
94
97
100
97
105
98
101
94
81
7123
7126
7123
7128
7143
7132
7137
7137
124
7159
117
144
127
106
130
55
49
94
110
90
42
11
6
27
30
12
13
44
54
37
55
58
54
55
63
39
36
33
73
76
61
7
6
21
13
11
2
7
11
22
20
8
17
8
7
3
5
11
21
12
31
28
31
50
43
41
61
71
69
76
84
85
87
84
46
80
32
98
24
73
49
71
69
71
56
82
50
26
25
61
52
44
54
57
41
43
21
4
14
3
15
4
4
12
7
9
10
24
15
36
6
18
20
35
3
13
11
21
19
4
4
3
8
11
13
5
7
9
23
23
20
39
11
39
36
10
12
18
14
17
16
15
4
5
10
16
22
27
21
27
22
19
15
10
24
9
3
2
2
10
1
3
4
9
7
76
80
93
48
50
45
51
19
38
32
47
32
34
39
14
14
14
35
41
35
36
33
85
78
79
108
99
92
92
120
116
134
132
135
127
134
138
127
142
127
141
169
163
156
143
166
98
42
150
56
21
115
89
159
5
5
14
13
26
24
4
21
20
34
42
42
35
54
55
46
61
58
28
43
58
74
91
100
101
53
45
38
45
40
56
43
76
39
4
3
3
11
6
20
22
14
7
21
34
47
59
68
57
77
94
81
84
99
107
120
103
92
83
82
55
74
86
85
103
65
42
30
17
74
32
12
69
3
14
12
22
34
28
39
46
39
52
38
53
43
59
62
43
4
25
60
25
16
4
4
28
23
12
46
44
39
44
14
36
56
54
58
73
91
101
112
109
122
124
141
128
126
46
58
77
29
127
105
95
24
4
9
20
23
60
73
65
78
70
70
92
92
105
56
21
107
45
74
89
34
72
104
6
10
24
42
45
28
39
35
26
26
28
5
3
9
19
25
34
34
45
17
44
51
25
47
43
19
8
17
21
6
19
19
18
15
38
51
63
43
30
42
19
30
18
19
32
62
63
39
5
3
4
3
26
12
39
39
30
53
29
27
49
25
16
30
8
19
18
17
18
32
33
48
65
80
79
95
93
107
116
98
92
98
97
98
101
88
76
106
95
89
81
97
49
82
15
24
94
97
111
12
59
74
4
8
21
22
31
40
40
7
18
54
51
35
31
8
8
22
20
15
12
7
11
21
27
17
30
31
42
21
25
40
62
67
64
64
93
93
112
96
94
90
94
98
101
65
109
106
104
55
31
28
68
81
52
4
6
17
18
5
5
15
9
11
6
3
15
8
18
21
4
15
28
26
34
45
50
49
40
42
18
20
57
30
22
32
12
14
9
16
19
8
7
10
22
22
7
5
12
12
23
21
21
32
17
20
11
2
3
11
10
27
38
37
6
21
29
17
33
48
24
39
37
34
60
61
71
86
83
80
56
65
63
65
51
21
23
73
34
54
3
3
16
8
7
10
15
14
28
5
3
10
17
13
30
29
43
30
28
11
20
23
25
5
3
28
29
38
39
28
25
35
38
35
13
24
7
24
32
31
40
50
62
55
25
24
38
17
37
55
22
37
36
53
61
67
71
69
86
45
74
30
58
75
57
44
6
15
27
24
33
35
35
27
21
38
34
64
64
74
44
55
65
65
80
89
90
99
99
92
98
92
92
69
72
62
100
101
83
112
92
105
89
102
84
85
71
69
50
47
41
23
64
48
45
80
4
19
16
23
10
20
22
32
31
41
39
50
54
79
100
82
72
52
41
46
19
48
89
64
67
9
56
39
54
52
49
15
40
35
37
23
4
9
7
38
15
22
42
58
67
68
63
81
72
74
75
74
40
31
90
75
92
14
16
57
65
37
11
21
33
32
39
38
51
45
55
67
65
78
77
67
67
82
31
64
71
61
67
72
36
13
40
3
2
13
12
11
9
7
21
18
29
11
25
25
36
60
58
62
79
78
78
57
72
69
83
89
91
88
88
93
89
43
47
74
28
75
58
62
16
42
4
6
23
33
19
33
37
50
50
21
41
14
29
33
12
6
18
33
40
33
45
56
52
73
74
66
70
74
68
77
72
78
79
81
75
90
63
97
87
81
78
87
85
83
86
74
81
93
93
103
92
89
111
104
76
83
81
99
101
104
94
105
96
89
105
97
93
102
94
85
95
84
84
89
90
84
101
101
99
80
88
95
108
103
80
93
100
95
105
93
108
94
103
94
106
101
105
97
102
93
105
99
103
96
102
96
107
94
108
106
105
110
106
95
108
93
106
93
99
95
105
90
88
111
99
102
109
96
113
111
115
122
119
100
111
112
118
116
115
115
109
117
102
122
121
119
109
113
112
102
116
118
109
102
112
113
106
111
100
116
106
115
110
112
86
99
113
95
109
101
98
110
101
110
111
90
104
99
113
101
77
73
92
98
60
105
94
97
104
98
109
82
83
91
100
99
110
101
111
112
97
106
83
106
82
96
112
106
105
118
107
108
119
111
133
122
108
120
95
124
109
119
122
117
119
97
55
57
51
47
53
93
111
76
4
18
17
20
42
39
47
31
41
56
69
43
66
68
30
42
32
84
60
93
14
39
68
82
11
4
6
8
8
7
5
13
17
31
20
26
4
4
14
14
27
26
35
49
49
53
58
56
65
69
76
77
65
77
66
58
41
47
87
27
84
5
3
17
3
4
24
17
15
7
12
24
10
23
31
50
66
66
58
77
75
89
97
88
116
114
116
110
58
63
100
74
88
58
58
51
67
84
69
7
4
14
13
20
27
39
31
43
41
58
48
62
44
70
57
64
77
87
72
68
67
38
60
27
70
63
71
7
6
9
46
46
38
36
49
47
62
34
22
54
63
19
18
47
33
49
5
3
12
12
24
36
48
55
48
67
72
55
69
61
35
59
46
58
31
18
63
9
8
15
37
7
10
29
19
6
8
13
11
12
31
44
47
41
51
66
66
39
16
36
74
34
31
62
70
52
66
12
10
7
16
9
7
8
33
46
36
28
48
53
50
63
71
73
81
82
112
93
97
113
111
132
130
25
60
84
42
20
107
50
132
12
120
138
75
7
11
6
5
22
18
21
19
28
33
50
60
48
32
45
58
35
27
48
28
6
16
9
13
10
43
43
37
15
20
41
17
40
33
22
12
35
36
49
43
42
59
58
62
59
82
82
98
96
93
124
137
75
103
68
30
43
90
106
110
123
5
4
4
6
5
26
25
23
29
21
23
34
33
31
38
23
13
18
35
35
28
3
3
19
16
13
4
5
8
6
31
16
12
14
4
20
22
4
27
31
25
44
47
45
41
23
25
13
39
20
3
4
11
10
27
10
8
11
31
30
59
56
17
40
3
3
8
8
6
28
24
4
4
5
3
20
12
3
13
5
4
9
29
25
38
30
46
57
67
67
66
86
85
84
92
103
102
105
109
63
71
29
88
25
89
41
95
23
58
4
3
3
17
10
9
6
11
23
24
27
21
23
40
61
65
57
72
59
62
59
75
59
77
53
76
58
73
32
66
24
15
38
57
58
36
56
38
50
50
73
49
60
57
44
43
29
32
46
47
43
57
3
8
41
42
51
53
68
75
89
64
61
29
32
85
59
58
66
56
34
5
4
3
7
5
35
18
29
28
71
34
26
32
57
23
70
39
53
16
28
5
3
11
24
23
18
20
35
38
51
33
33
35
46
44
66
63
56
86
84
90
90
102
96
105
99
99
110
115
113
114
99
118
112
123
111
118
111
43
89
22
58
76
46
52
98
7
5
2
41
24
14
9
12
7
9
4
26
14
30
52
48
67
58
51
48
51
22
34
53
49
46
49
6
9
47
17
44
22
33
27
21
27
22
7
4
8
9
29
48
22
41
52
39
26
35
27
23
39
4
2
9
30
45
37
41
36
46
63
47
51
39
14
44
60
4
23
23
38
50
56
58
53
69
70
90
86
102
53
97
102
76
105
86
95
96
96
101
74
49
84
72
25
76
63
55
30
88
62
80
4
3
2
5
32
15
12
22
33
6
16
14
36
55
59
39
41
42
63
74
65
86
69
89
100
51
80
58
54
79
81
97
77
96
67
85
80
97
94
109
99
127
125
138
131
141
120
122
111
127
134
105
112
140
132
127
138
147
161
160
141
152
180
157
171
164
139
132
137
126
122
118
151
117
132
123
139
95
73
113
121
35
55
104
62
31
6
34
40
43
36
34
32
39
73
73
71
88
54
83
32
30
70
24
14
23
32
44
46
63
62
72
70
74
89
38
79
91
16
60
43
41
86
83
6
4
7
12
18
16
20
8
4
3
4
17
24
26
26
63
26
26
49
51
48
24
25
22
5
2
4
16
26
17
45
52
43
49
69
59
76
71
70
46
55
68
73
64
73
66
40
58
42
41
43
64
74
68
71
71
71
92
99
92
93
97
109
74
93
102
110
98
106
91
76
51
86
65
55
78
68
46
80
63
64
74
77
79
80
98
85
81
65
77
77
102
93
93
94
109
103
110
120
102
90
110
97
103
103
92
90
101
98
87
91
94
87
93
87
102
87
97
90
91
106
106
96
106
95
90
102
99
97
80
79
94
84
69
84
88
91
84
87
82
92
90
88
88
99
90
102
89
96
106
92
84
105
92
98
79
72
83
90
75
66
66
89
64
83
50
26
68
21
53
58
21
5
4
10
19
17
5
12
22
13
5
24
5
23
25
38
56
50
39
26
29
32
34
16
53
19
4
33
41
44
51
67
64
81
83
92
96
102
112
108
98
117
109
103
112
94
103
99
99
103
89
102
98
86
103
96
96
91
102
103
104
95
109
111
93
94
99
104
101
102
100
104
101
93
100
112
101
103
105
105
103
106
98
106
104
104
98
105
101
105
99
106
100
108
101
101
108
86
97
105
103
92
104
92
104
92
104
95
112
99
106
109
103
110
109
102
106
104
106
98
98
106
105
93
108
105
103
106
105
98
104
97
104
97
101
98
103
96
103
101
104
102
103
100
102
96
101
99
101
94
103
98
105
102
106
99
104
102
104
98
101
94
103
96
104
94
106
103
108
106
107
115
114
105
19086
19076
19081
19131
19221
19222
19227
19220
301
19229
236
242
173
133
250
69
65
127
34
105
26
109
46
122
82
98
12
31
37
65
54
61
86
90
84
86
55
110
69
77
87
31
84
87
47
5
7
6
20
5
25
4
12
16
14
10
4
12
20
7
13
10
12
148
47
23
20
58
151
148
150
10
11
8
6
9
8
6
38
49
25
22
17
23
33
20
3
10
19
23
26
16
18
46
57
61
35
51
32
24
58
16
44
49
47
19
4
7
4
4
15
540
772
816
289
298
301
326
322
323
331
350
163
120
76
121
91
109
100
84
86
97
26
45
80
108
49
79
29
83
41
34
63
73
5
2
24
5
5
4
6
5
16
4
17
9
25
20
5
4
26
26
32
29
23
37
43
40
13
20
6
3
18
4
3
31
11
32
43
47
54
47
58
51
65
67
82
80
68
85
84
82
79
46
64
88
42
85
69
19
49
7
6
20
16
18
17
16
42
37
16
22
40
33
36
17
16
35
47
63
63
64
42
65
83
56
33
50
54
62
47
64
37
53
65
56
56
54
48
45
69
75
52
50
66
68
94
80
83
83
41
57
71
32
44
62
69
57
76
45
74
76
94
98
86
102
70
88
72
93
91
102
102
115
104
102
103
96
104
90
103
96
105
97
110
101
103
115
115
99
91
98
113
107
100
111
98
110
60
64
64
56
54
46
102
88
81
6
5
21
25
25
38
52
34
16
36
23
25
10
26
3
3
26
27
24
26
27
29
28
27
27
12
4
20
28
32
42
35
38
51
47
64
67
75
70
64
79
69
63
61
74
58
42
69
37
83
80
28
6
4
17
30
39
29
53
53
69
77
77
89
80
54
75
81
57
75
91
83
82
91
65
56
61
75
72
83
83
88
79
85
85
88
42
22
46
72
79
58
59
5
14
12
24
20
23
18
19
4
24
34
28
24
19
22
56
61
58
50
66
68
70
69
74
65
83
91
74
60
86
71
78
83
85
94
96
92
93
111
103
109
107
83
66
93
103
29
51
40
47
77
10
18
18
22
13
4
3
13
11
10
8
9
3
18
6
20
8
10
37
30
7
21
8
16
21
16
13
21
23
3
15
15
26
25
33
43
55
38
40
11
42
29
25
30
3
21
10
13
10
25
10
9
6
37
36
32
43
29
9
33
35
11
37
44
25
33
30
33
40
46
43
27
23
8
5
19
17
35
33
41
59
32
58
60
29
20
44
64
44
66
42
6
28
22
39
61
60
77
78
78
80
86
93
104
102
118
121
95
101
109
90
117
126
96
101
93
100
106
102
97
104
113
120
117
111
66
62
60
47
69
99
101
83
6
3
3
15
28
25
27
25
18
12
4
10
5
3
13
14
14
18
7
4
14
11
3
3
2
9
14
23
25
11
12
16
3
5
22
19
20
27
27
29
25
49
53
57
62
57
54
47
59
32
20
57
45
30
53
5
18
9
16
15
35
21
18
11
49
34
44
7
9
45
13
44
24
24
35
33
34
18
32
8
36
6
4
6
15
15
33
50
48
48
47
63
64
54
79
79
96
97
93
94
92
101
96
113
97
89
96
83
101
92
83
92
84
65
82
105
79
68
65
82
68
73
75
91
88
106
87
105
102
124
112
120
98
114
102
110
95
90
91
85
112
95
78
90
95
81
99
91
92
77
100
98
86
96
82
87
81
94
80
71
92
80
84
77
81
84
89
97
88
103
93
104
102
104
101
98
85
98
96
88
100
90
101
103
101
114
103
111
117
106
101
111
110
99
103
82
93
97
76
82
78
91
72
88
88
87
101
102
85
102
98
100
105
91
91
103
82
86
98
94
83
97
98
88
99
89
97
18
64
74
80
31
60
37
50
86
7
7
27
26
30
28
30
64
52
73
71
77
76
85
80
33
60
31
24
22
47
76
78
67
3
12
9
11
15
29
33
31
11
10
21
9
19
19
41
36
51
43
61
56
24
58
31
43
43
39
39
59
4
9
7
10
46
43
51
58
51
63
74
74
93
92
110
84
94
95
99
98
104
91
87
99
97
62
46
96
69
55
73
78
95
90
96
77
91
49
80
85
95
96
91
90
104
117
92
114
111
118
98
92
107
91
104
97
96
89
97
111
107
91
102
89
100
98
110
103
85
104
94
106
95
92
102
81
95
96
94
88
95
87
99
90
102
99
90
100
93
108
94
99
94
96
102
86
106
102
90
91
101
98
88
101
86
88
109
94
92
104
107
78
94
99
83
72
92
86
93
85
91
74
90
93
97
93
88
88
96
85
100
94
99
92
86
96
91
100
96
103
99
88
98
88
102
92
99
92
98
88
96
106
103
97
104
94
99
109
112
104
103
82
21
21
34
72
58
90
43
97
52
74
71
84
51
93
64
74
64
68
74
51
75
57
100
102
70
90
104
69
87
106
98
97
105
98
98
84
104
103
100
121
116
108
110
108
105
113
113
109
113
115
102
116
112
110
102
110
88
100
106
97
87
98
87
96
105
99
113
105
105
119
103
113
92
101
114
85
98
77
103
94
90
92
101
72
101
93
78
112
100
116
98
115
103
118
116
122
107
119
109
119
111
111
113
104
54
81
61
73
109
96
51
16
103
33
2
5
5
31
27
24
30
36
56
56
72
66
78
71
86
77
79
96
103
84
100
117
116
70
68
121
99
83
93
92
87
100
94
109
111
129
121
98
101
118
99
102
63
104
76
38
14
68
14
28
86
98
43
11
8
19
29
26
31
33
41
59
31
54
85
61
45
71
40
66
64
78
78
91
90
108
85
77
100
83
85
99
68
85
65
101
93
94
97
98
97
91
77
91
104
95
95
103
105
107
119
100
100
82
48
40
97
69
85
31
18
58
2
4
12
16
5
23
14
11
4
10
6
5
15
9
18
38
20
27
30
26
23
74
76
87
104
76
119
97
91
100
77
296
286
287
83
318
302
315
299
326
5
16
31
38
53
49
54
51
94
91
106
96
99
78
79
82
76
55
65
111
106
58
2
6
6
9
4
4
11
27
5
8
20
19
32
31
33
11
35
37
16
4
13
10
14
14
5
45
27
22
36
43
54
45
48
41
55
71
69
80
76
74
88
93
82
83
109
117
117
121
119
110
126
88
112
118
129
135
121
128
124
129
86
83
114
108
131
116
124
115
128
121
112
108
128
128
113
107
115
118
111
114
119
125
110
121
118
122
115
121
107
126
125
130
118
120
129
141
128
141
121
133
138
123
133
124
115
121
118
122
122
114
119
105
119
110
114
111
118
105
115
114
108
124
118
135
131
146
131
145
142
148
134
119
142
107
140
125
140
108
135
125
128
136
133
145
137
125
81
111
109
57
39
66
121
48
89
18
45
41
66
68
76
74
71
96
61
50
21
73
51
97
4
20
18
11
14
28
40
4
7
15
12
41
38
40
70
71
64
82
94
92
100
114
117
125
115
102
101
124
124
127
140
77
51
127
38
39
50
107
96
66
15
15
28
39
39
46
63
16
9
61
49
13
63
12
61
31
46
8
9
27
39
68
63
40
34
61
68
58
63
59
37
39
15
31
30
27
27
22
28
31
3
15
25
14
18
18
42
38
34
39
18
4
3
15
15
12
15
4
14
27
22
34
67
58
71
61
53
51
66
54
90
99
85
104
94
101
100
99
117
111
107
106
101
36
102
57
46
70
86
64
34
97
32
3
3
16
13
18
21
17
50
42
27
45
39
69
69
94
92
92
58
91
67
60
91
97
112
105
93
88
100
95
91
93
101
80
110
103
99
82
76
79
95
112
110
118
114
110
101
103
102
94
90
107
94
103
94
100
33
100
111
46
70
100
40
79
60
27
25
60
56
44
51
57
31
53
48
9
6
8
7
14
10
11
10
8
9
35
36
15
33
36
27
15
13
21
40
36
60
24
44
57
18
15
54
19
40
45
10
6
8
4
15
29
37
26
51
30
24
52
48
49
59
61
80
92
58
81
60
83
60
93
75
82
97
32
72
22
10
7
5
24
31
25
33
44
60
52
74
65
53
61
65
83
73
93
89
90
103
68
52
70
87
82
77
94
85
53
51
68
79
20
43
32
8
26
22
19
6
11
5
13
15
6
5
21
32
38
48
47
64
65
74
79
78
91
87
92
81
92
93
78
82
102
103
85
97
93
93
102
87
92
91
88
97
95
96
103
106
103
110
110
106
102
90
101
93
92
102
102
103
104
101
95
95
89
86
79
87
72
64
61
74
71
73
91
79
87
96
92
35
50
35
30
86
25
95
94
58
79
25
5
25
40
48
41
59
54
56
66
71
68
93
91
96
90
95
76
93
79
84
84
104
89
104
105
106
102
95
106
107
96
100
86
99
90
84
87
84
93
99
97
106
91
93
83
103
101
107
95
90
101
83
103
101
89
101
94
100
84
99
94
100
95
90
86
101
99
91
102
82
83
105
107
110
97
100
115
110
100
101
103
98
106
102
82
95
73
62
53
93
102
86
90
82
95
77
77
69
97
96
97
96
94
105
88
96
92
87
104
88
93
92
85
76
85
94
97
75
96
89
92
89
115
111
109
111
127
117
132
114
97
128
107
96
109
107
96
107
109
101
107
98
109
106
109
103
102
111
101
109
102
115
101
114
102
113
102
117
109
108
101
110
103
109
98
112
114
113
102
114
102
114
101
115
105
111
107
109
99
111
102
110
103
112
106
114
121
112
117
116
112
116
107
115
111
113
101
114
104
115
103
116
108
112
104
113
105
101
112
103
110
109
106
109
101
109
98
107
97
105
98
105
104
97
109
97
103
101
107
97
108
97
100
109
109
103
96
94
99
94
101
109
97
115
96
110
101
113
111
104
114
104
111
106
109
104
111
111
110
111
102
104
113
105
114
110
89
100
105
99
109
103
114
103
114
105
110
104
115
105
111
110
103
111
104
112
105
116
104
99
104
93
92
98
110
108
96
108
112
105
121
107
108
117
116
99
107
98
105
94
95
106
105
97
109
90
104
98
106
99
86
97
105
104
92
110
102
120
101
94
107
101
112
104
117
104
100
108
106
88
107
105
94
19589
19590
19591
19679
19671
19689
19674
19699
19693
19788
291
286
297
183
180
168
161
155
74
57
191
7
7
11
15
41
22
32
18
26
21
16
40
13
4
19
38
41
41
39
54
74
69
72
97
92
85
97
89
112
97
100
116
15
95
45
55
14
33
81
88
53
4
5
10
5
21
19
8
4
3
9
12
8
20
4
5
19
6
32
49
46
63
62
84
83
87
62
23
80
47
71
32
89
91
7
34
22
35
21
23
33
18
26
20
3
3
22
9
22
15
29
21
17
5
6
11
4
16
27
35
36
26
37
42
22
26
16
23
37
20
9
18
19
30
39
38
49
45
56
66
75
38
30
34
51
39
61
41
76
23
24
10
28
30
43
42
56
57
57
73
83
96
80
92
106
108
114
57
124
48
96
66
15
107
34
86
24
5
4
13
12
12
10
32
31
37
43
42
52
65
45
52
24
14
49
36
12
19
46
5
4
17
19
18
32
38
32
42
62
72
62
91
87
93
93
108
101
106
115
22
40
73
61
108
44
84
65
92
8
20
19
24
32
29
39
45
20
30
23
34
52
59
71
73
79
41
78
59
43
70
20
72
56
68
47
5
2
4
15
5
15
11
21
22
24
44
38
55
64
70
69
87
76
93
91
99
109
106
124
110
124
116
111
111
118
105
102
112
64
86
95
71
84
97
94
92
107
92
81
107
68
77
69
114
102
107
99
99
89
89
48
67
112
15
58
93
67
36
3
21
13
25
11
45
27
33
54
22
58
55
65
73
66
83
11
40
16
41
44
28
12
30
9
29
37
50
53
64
79
76
47
65
54
43
80
74
41
26
76
4
5
21
32
31
46
60
61
71
68
63
71
86
89
95
107
103
104
106
106
100
118
88
78
78
65
60
83
90
25
64
74
23
55
101
30
70
74
81
70
26
74
17
68
6
58
29
9
21
8
5
6
10
5
3
15
5
8
18
18
5
10
19
33
38
41
52
67
49
44
52
58
54
73
82
75
72
77
60
81
68
19
21
54
63
60
72
45
3
2
8
6
27
25
36
42
52
52
69
66
68
78
70
74
101
90
24
47
31
93
84
74
54
64
12
17
10
20
18
12
4
11
6
22
15
30
33
43
11
22
20
31
42
44
25
83
58
47
52
58
49
53
79
90
91
106
93
97
26
92
57
51
80
61
46
60
10
24
26
49
53
48
62
52
54
65
87
98
47
24
95
54
45
52
44
85
98
56
16
3
15
13
32
43
47
46
24
49
52
65
84
41
60
51
35
82
86
62
18
26
55
5
7
34
35
42
41
51
69
65
49
72
81
88
79
87
80
88
60
49
58
86
60
35
22
7
6
33
30
6
9
41
29
56
52
49
63
18
56
35
38
62
22
17
42
59
65
8
11
10
50
30
34
47
46
110
109
130
143
142
212
144
154
194
157
208
136
147
28
48
24
38
118
16
33
32
52
53
61
67
65
76
63
93
41
32
51
76
10
91
58
67
20
24
25
28
32
31
62
54
39
16
56
35
10
3
17
26
40
46
59
51
66
64
55
76
81
73
91
103
91
96
22
78
97
64
35
77
19
80
74
53
4
6
20
35
39
38
50
47
37
31
36
59
22
38
34
46
8
6
9
17
21
23
3
15
17
25
43
54
52
67
66
78
78
91
89
91
104
90
117
95
98
95
109
97
105
80
96
91
96
90
67
67
59
42
80
33
39
83
42
4
5
18
11
15
18
10
33
27
34
29
28
34
30
41
17
27
37
32
7
17
29
32
33
45
46
60
55
71
61
68
71
81
79
89
88
84
104
96
96
107
112
85
98
106
82
90
91
67
82
89
79
98
91
97
77
84
100
94
74
76
81
51
45
26
59
31
101
78
5
4
3
4
23
36
39
32
53
40
51
46
54
59
27
52
66
57
4
13
12
43
60
61
69
61
81
89
91
88
66
92
44
31
19
94
103
59
85
20
24
46
44
63
62
84
82
86
101
89
105
107
110
119
111
96
123
119
114
118
114
98
119
126
110
119
108
99
95
112
100
95
84
100
95
94
95
85
97
91
28
65
69
105
30
81
82
44
83
3
4
3
12
12
32
26
33
26
42
60
58
77
72
64
86
61
78
76
78
83
91
85
80
99
90
90
37
84
37
99
21
94
57
72
45
13
65
34
31
44
39
54
41
27
34
19
37
36
44
6
9
23
23
12
5
6
18
53
4
3
28
26
40
49
47
60
57
64
65
78
41
62
37
72
61
52
55
4
3
18
14
15
26
21
26
25
40
45
55
37
53
66
59
64
79
73
78
77
72
24
87
48
53
91
69
30
83
15
13
29
24
28
22
26
8
5
8
5
8
4
9
11
5
13
15
4
17
18
35
56
51
54
51
67
71
48
68
61
64
19
47
38
6
2
16
3
19
2
10
6
9
29
8
19
42
14
6
3
23
6
3
5
5
14
14
8
5
24
27
32
30
51
64
61
53
40
49
67
33
29
66
52
51
16
52
4
7
22
24
30
38
53
51
63
53
45
35
32
34
48
34
43
8
21
28
21
29
39
45
42
19
21
27
49
60
55
74
65
58
58
62
64
69
41
79
28
12
42
61
56
76
24
79
15
3
5
33
30
23
47
56
41
55
452
445
449
449
449
439
433
433
448
451
7
21
24
25
44
43
51
63
57
60
63
54
66
57
37
55
16
30
49
53
29
59
5
4
17
5
12
19
18
15
14
36
48
45
48
26
40
23
6
4
20
21
27
8
24
11
7
27
12
7
13
43
43
21
34
37
22
24
30
37
21
6
27
4
14
49
52
44
73
65
82
85
85
105
80
16
112
57
104
27
36
78
52
73
89
4
5
12
9
13
26
24
29
40
47
50
58
55
70
66
83
86
72
82
76
75
113
104
108
104
105
115
113
118
90
126
124
96
94
105
109
83
81
55
22
67
104
58
106
31
113
4
21
11
7
22
12
15
21
18
37
45
42
39
56
47
67
58
66
67
82
85
86
84
86
77
87
84
83
50
35
19
106
69
27
101
60
4
5
15
15
13
29
35
47
41
58
62
78
71
77
87
66
82
27
63
54
35
58
52
7
12
15
24
22
15
10
33
9
8
7
17
14
6
20
20
24
56
51
54
72
52
65
75
77
92
94
95
88
100
45
97
99
55
27
83
49
65
5
4
4
42
22
32
34
54
69
54
69
70
73
70
73
77
67
71
64
99
84
78
92
91
101
82
80
93
91
97
97
82
77
87
105
110
98
102
96
106
100
93
86
85
102
94
101
65
67
99
81
65
79
94
91
106
98
89
100
98
110
103
94
90
101
99
96
100
86
97
91
95
71
84
91
81
95
103
83
93
105
104
110
109
115
104
118
102
111
116
106
108
96
85
78
98
105
91
88
98
101
89
106
96
99
110
93
103
97
106
83
104
100
97
93
97
104
108
97
113
99
98
97
109
96
105
96
85
79
85
74
91
64
82
94
76
86
76
87
55
49
48
98
82
90
84
32
68
69
68
86
80
101
100
96
89
95
98
108
104
112
98
110
104
113
111
101
107
105
99
102
82
98
101
88
100
99
88
92
86
111
108
92
108
77
68
41
86
100
103
100
86
91
81
87
88
85
85
92
92
104
93
104
92
109
99
132
127
131
109
118
121
142
131
149
113
128
119
134
125
103
116
141
131
109
101
110
104
92
107
97
91
91
89
93
83
79
100
99
109
106
105
104
112
104
97
94
96
103
101
89
95
78
106
96
106
90
100
102
83
113
95
114
108
107
114
97
123
112
119
106
125
106
104
112
111
101
108
102
113
98
103
109
89
66
106
55
36
20
47
28
97
80
4
4
4
5
3
5
4
9
8
10
29
10
13
33
3
2
18
3
14
4
7
20
20
30
33
41
29
19
13
8
25
24
23
38
31
7
14
22
9
34
7
6
20
17
4
6
4
14
6
4
44
25
41
40
53
51
50
53
75
86
75
88
100
85
99
96
94
91
101
84
99
93
96
84
94
96
91
92
90
95
85
98
86
86
74
89
87
96
99
65
80
91
89
95
103
95
101
93
88
88
90
91
91
105
92
89
95
91
82
93
89
95
90
67
35
64
35
73
84
39
52
21
3
14
22
35
45
54
48
58
65
78
76
83
94
85
102
101
109
83
88
110
98
96
82
87
96
86
107
76
92
89
91
97
98
95
98
109
106
103
107
105
98
90
92
103
100
93
112
107
90
98
101
79
98
89
108
94
95
101
87
103
111
99
113
93
103
93
103
100
106
113
104
102
96
106
108
102
112
104
118
121
106
116
109
111
110
102
92
103
99
79
89
106
95
107
98
108
100
107
100
107
99
104
90
111
123
118
117
122
109
125
121
130
110
117
96
108
100
117
98
113
100
106
95
110
113
106
124
105
117
109
114
114
124
122
112
100
95
108
105
101
96
106
105
93
100
93
96
94
88
77
92
86
97
86
98
88
106
102
109
107
101
94
67
107
52
88
39
56
74
103
16
12
34
33
48
61
58
68
67
84
82
96
85
90
76
71
75
53
107
105
77
85
90
30
70
39
50
56
51
59
62
61
72
85
84
97
87
107
107
105
101
102
114
101
99
113
112
92
95
45
91
57
70
63
69
43
93
28
34
36
47
52
50
71
73
81
96
95
108
100
106
101
103
83
95
88
103
90
115
102
104
112
87
98
50
23
80
60
66
6
32
9
21
24
47
52
40
37
40
43
54
65
50
50
50
52
60
74
84
83
101
90
70
89
87
92
91
91
103
83
92
107
97
87
98
82
90
105
95
105
106
87
97
109
97
85
93
94
106
99
93
106
88
100
109
95
109
97
104
98
103
101
114
111
98
109
110
95
107
104
97
72
82
64
104
53
18036
18049
18058
18067
18053
170
18070
175
202
202
157
130
125
136
126
136
130
130
149
142
127
142
127
139
141
127
124
114
109
136
118
129
118
104
36
33
52
85
112
103
40
45
121
63
11
26
25
15
8
22
17
23
12
11
33
29
20
15
30
25
16
10
7
27
26
44
45
62
40
45
45
16
43
48
16
5
5
19
15
16
26
29
26
25
38
54
52
41
21
42
177
178
178
22
18
177
14
178
26
29
177
170
177
7
5
5
3
21
24
11
22
24
16
10
6
8
25
22
10
5
20
22
41
52
62
56
64
77
72
89
87
77
88
86
66
41
40
63
78
81
17
14
31
42
30
48
51
40
41
46
47
37
53
38
47
52
44
49
55
48
59
57
66
53
61
46
44
49
49
49
62
56
70
51
53
58
58
74
71
75
83
80
80
97
102
94
100
95
113
92
106
116
117
109
112
66
57
69
75
102
93
42
99
90
93
89
63
73
77
87
89
107
102
93
105
86
99
83
97
109
104
94
99
99
105
100
99
117
104
108
98
97
97
97
106
93
99
81
97
88
105
95
101
91
93
101
90
103
98
103
110
110
105
113
107
113
112
100
116
117
91
112
101
96
106
78
92
95
86
96
90
64
68
81
92
88
94
82
97
81
97
96
86
104
55
56
77
92
49
102
96
86
88
101
61
98
59
82
83
79
103
103
106
120
117
114
129
106
102
104
102
92
102
94
110
108
103
117
117
143
135
139
131
133
127
136
139
131
122
126
113
125
123
127
112
101
118
124
110
105
111
113
105
92
107
97
102
104
105
117
106
112
110
113
91
107
109
91
111
92
104
108
115
111
110
124
108
80
88
109
108
98
102
108
85
94
98
105
105
116
103
112
105
105
104
86
92
82
96
95
106
103
92
100
109
104
105
106
115
99
97
101
98
100
95
105
96
99
91
97
56
69
90
32
21
48
64
39
80
5
15
15
37
25
23
28
12
40
45
29
22
39
37
41
33
35
47
52
54
59
66
52
63
75
76
84
78
101
90
83
107
86
94
82
69
38
104
54
79
88
60
61
81
77
88
102
48
14
57
38
75
25
22
3
10
3
2
3
2
8
19
29
27
43
40
71
64
78
78
77
84
105
102
109
98
101
72
110
88
99
93
102
105
84
100
91
92
87
104
108
107
121
116
100
114
111
124
107
114
115
100
92
58
109
80
102
62
65
51
90
82
70
94
88
65
57
78
76
94
92
96
106
100
106
105
112
83
97
108
99
93
78
68
83
95
88
96
89
89
96
92
82
85
85
100
94
87
99
97
91
94
88
99
95
91
84
99
93
87
99
76
88
84
86
90
95
79
97
91
102
103
107
100
90
108
97
95
101
91
100
111
102
105
111
112
101
90
114
108
115
98
98
89
104
107
106
117
98
103
60
104
91
79
93
37
54
50
24
5
5
19
8
14
27
30
39
40
28
55
60
83
81
80
89
50
66
62
77
78
77
96
108
95
80
76
86
80
88
103
104
105
100
103
102
94
114
106
103
122
102
90
51
109
76
45
113
33
66
77
83
79
56
56
53
36
62
53
60
68
71
81
83
99
88
103
99
103
109
113
112
115
100
116
107
98
91
108
104
120
110
96
69
59
89
72
88
100
92
60
99
76
76
90
99
98
99
113
108
96
109
90
98
86
97
106
101
114
106
108
83
67
67
62
44
37
99
102
61
5
5
33
20
32
35
78
93
81
78
95
57
69
77
80
67
39
76
58
74
74
69
84
89
90
81
75
44
41
31
20
72
56
13
54
5
3
19
14
17
8
19
21
5
15
27
20
18
35
29
25
33
34
26
34
36
44
65
71
51
54
67
57
57
54
72
87
93
100
94
90
101
80
90
83
101
94
96
75
78
60
46
24
78
85
28
67
38
4
7
8
26
25
37
31
57
56
56
62
62
61
79
78
92
98
104
104
102
66
79
39
48
99
28
64
116
25
86
3
4
16
9
12
36
33
31
32
33
53
41
29
47
10
36
34
50
4
4
4
27
29
37
46
54
48
66
65
83
83
91
90
102
101
106
93
94
101
20
37
79
92
24
56
76
62
44
22
3
4
17
2
27
40
41
39
23
27
33
37
25
20
36
13
10
30
27
21
27
12
24
7
5
7
28
27
21
25
5
17
24
10
36
27
4
4
37
40
46
45
56
71
72
69
94
91
96
101
98
94
106
96
107
91
101
93
88
100
32
46
35
16
92
66
55
85
73
3
5
9
20
28
28
7
23
25
36
19
27
60
53
44
51
60
57
74
58
34
50
59
43
94
80
93
85
14
69
19
28
36
51
53
67
65
81
71
75
83
94
91
96
86
94
82
94
80
76
85
90
78
92
96
84
98
87
103
94
101
99
110
105
105
83
98
107
93
87
58
35
43
20
89
59
53
75
9
12
18
15
14
5
21
20
13
30
30
45
41
51
49
54
50
54
70
60
68
89
77
52
82
35
63
42
84
88
71
62
79
74
66
57
34
52
38
32
24
53
35
49
21
5
14
15
31
40
36
38
50
52
69
63
69
66
80
83
91
92
97
82
97
71
46
43
33
90
19
69
70
3
2
20
21
13
3
11
5
4
16
17
10
18
16
38
26
5
33
9
9
18
26
23
7
15
11
5
2
24
35
38
55
66
65
57
80
81
98
95
93
99
118
102
86
96
104
89
90
97
93
87
94
85
98
82
92
105
117
96
100
104
118
101
115
110
79
113
65
100
61
90
79
96
53
95
106
124
92
132
105
109
107
95
96
115
114
119
108
108
108
116
103
113
104
107
114
116
104
105
117
119
122
132
136
121
138
120
138
121
136
122
120
115
103
116
114
70
57
78
90
105
103
91
102
92
91
82
95
71
73
98
90
90
97
87
92
98
101
82
102
98
98
98
112
100
104
89
75
96
64
106
96
90
99
89
102
86
93
80
94
94
85
101
96
107
94
109
97
90
89
103
101
96
95
103
94
101
98
104
96
83
106
96
117
101
109
103
112
107
111
106
123
120
92
114
102
112
118
112
107
122
120
101
116
105
115
114
106
95
104
114
109
115
111
112
95
108
105
113
42
55
94
107
65
72
95
99
89
100
97
59
71
71
72
70
122
117
374
350
362
286
278
269
285
286
331
343
8
7
4
28
43
40
27
25
12
41
43
24
45
35
22
4
4
5
3
4
24
15
16
23
37
38
24
5
20
55
4
3
5
15
15
4
27
25
33
46
60
50
52
28
38
69
28
37
25
4
16
14
5
10
10
24
22
31
32
28
37
42
57
55
80
87
85
84
108
108
98
106
108
141
135
152
133
147
157
149
153
160
103
128
100
85
103
90
104
64
85
26
34
40
43
76
4
5
5
28
27
29
46
13
29
11
38
44
34
6
20
19
52
52
48
48
47
63
40
68
55
33
68
81
83
40
43
39
86
46
68
38
94
91
96
5
3
4
13
37
31
34
35
19
22
38
28
15
21
12
25
4
2
3
3
24
13
22
17
23
12
16
30
32
4
6
12
3
3
13
12
28
13
27
6
9
8
41
27
14
31
24
32
28
34
38
22
25
45
5
3
25
22
22
54
52
67
68
66
15
55
19
69
33
23
64
36
51
4
7
10
9
5
3
20
21
43
56
64
65
74
76
63
6
72
42
81
74
20
79
37
19
61
63
11
10
24
39
37
46
45
43
46
31
42
37
30
71
70
71
73
84
44
43
70
62
70
70
63
77
74
47
54
69
68
80
72
93
91
51
24
41
73
88
31
47
37
5
6
5
7
5
39
40
15
24
18
27
6
8
10
9
55
45
55
53
66
67
65
77
63
43
79
75
72
29
26
7
20
38
53
58
59
72
67
63
82
86
98
112
111
111
119
125
116
116
123
81
118
86
71
106
61
86
19
83
63
99
48
31
13
51
8
8
21
20
46
36
52
36
49
65
75
74
73
74
83
77
80
74
69
104
92
104
90
78
105
82
119
98
111
108
120
100
83
117
92
97
57
87
107
86
62
76
50
6
21
20
29
26
16
16
12
18
31
30
27
36
45
51
61
58
63
70
74
73
78
87
83
78
33
32
78
81
67
32
55
80
40
8
15
24
31
21
15
14
23
3
4
4
4
26
35
21
38
62
52
69
55
64
58
50
70
42
58
66
30
56
4
16
28
36
44
45
60
55
58
70
82
80
93
90
80
57
54
88
37
90
18
41
84
17
26
25
40
38
37
52
50
65
56
52
87
77
79
89
94
100
101
93
92
96
97
75
105
47
38
20
51
56
108
89
22
71
4
17
39
56
63
60
69
70
84
80
95
97
91
110
94
103
102
115
101
100
106
111
118
100
103
100
106
95
91
89
12
28
24
51
84
89
33
57
40
68
5
8
6
2
21
2
30
27
11
11
14
45
23
38
18
9
13
5
15
12
40
38
19
20
42
33
46
33
48
45
62
49
47
62
60
62
52
55
57
39
36
62
40
25
71
3
23
24
33
29
53
52
70
79
78
69
75
79
80
92
92
87
107
100
101
95
110
112
105
105
90
101
113
106
104
105
106
96
81
106
55
78
27
90
60
40
42
20
37
48
57
67
64
66
76
74
84
91
88
86
93
91
96
74
78
75
84
93
88
83
99
93
94
92
94
96
98
111
105
106
99
101
108
80
94
108
99
100
91
97
101
97
108
98
112
100
113
99
116
107
118
112
112
117
119
111
119
98
112
98
98
111
110
101
110
102
111
98
104
111
112
103
112
106
112
70
50
94
92
57
105
73
37
