33
55
12
69
48
67
67
67
109
119
66
108
122
100
95
106
107
132
107
136
138
130
133
116
135
110
118
131
142
133
125
102
118
81
82
70
58
91
103
3
5
23
20
26
38
26
35
49
69
60
75
76
61
77
71
87
95
94
108
102
130
120
127
126
135
129
147
134
146
106
98
91
122
129
109
113
96
104
110
108
70
75
107
100
110
97
94
94
79
104
96
96
110
96
110
92
116
102
120
108
120
112
96
116
109
116
112
121
102
118
103
109
119
114
93
124
116
103
106
124
115
102
120
103
104
129
109
123
108
124
109
118
108
104
98
89
96
110
115
98
94
105
95
88
103
96
108
106
94
99
102
105
79
99
107
90
43
75
49
68
59
58
101
108
14
13
29
27
38
51
53
54
30
19
32
31
41
22
30
20
7
6
37
42
29
52
51
69
67
89
88
103
101
110
104
119
108
118
104
100
114
113
101
111
96
109
96
112
101
112
91
110
120
106
107
101
106
100
107
102
112
111
107
104
111
98
35
93
29
53
85
78
107
48
18
63
5
3
18
19
11
18
11
12
13
8
6
4
3
12
26
31
19
29
56
55
67
65
76
68
81
80
96
88
96
114
97
96
101
94
110
97
104
101
90
101
111
100
108
100
115
99
93
105
111
94
106
96
105
108
110
107
113
109
98
109
107
104
105
92
108
111
99
112
102
115
116
104
118
102
100
104
95
100
91
108
91
95
93
89
79
86
89
96
88
99
91
86
95
96
103
95
91
96
84
94
84
97
95
92
78
69
88
81
87
93
92
72
81
87
95
93
98
100
87
77
99
92
99
87
94
87
86
91
100
89
100
92
87
102
87
100
93
94
112
85
102
99
102
93
107
90
93
96
87
103
86
860
857
946
955
1089
1193
1180
1207
1207
503
447
368
373
358
135
254
148
132
116
137
120
151
144
163
134
152
137
147
162
138
147
129
140
128
128
98
112
121
104
116
104
117
104
103
108
98
105
92
122
107
109
100
108
121
108
112
111
108
86
92
91
85
68
49
74
62
56
89
85
91
101
93
113
96
101
93
112
104
113
110
111
98
6409
6398
6409
6466
6470
6472
6453
6463
6484
6490
205
205
217
144
158
171
141
153
128
145
128
104
104
91
82
99
110
111
102
99
118
103
103
115
104
112
101
96
103
72
64
95
85
103
87
103
98
113
103
104
84
98
96
70
74
71
67
64
56
88
97
10
9
20
32
32
47
42
61
60
63
64
80
65
83
83
99
98
109
111
114
106
113
99
98
98
103
100
85
92
104
101
113
123
121
106
121
115
108
107
122
110
97
112
105
122
119
106
120
111
121
116
120
128
109
119
93
116
108
108
101
101
114
111
105
119
103
107
108
123
119
112
123
113
123
115
114
109
109
114
117
102
111
104
101
111
104
112
92
105
102
84
88
94
89
101
89
93
87
78
97
90
90
99
100
89
101
91
100
99
94
82
106
99
98
110
112
104
110
102
100
108
109
95
97
105
102
96
103
90
81
83
92
97
79
93
96
99
85
97
95
102
92
108
93
85
88
86
93
87
93
94
114
95
102
76
96
99
102
113
101
96
102
101
96
109
102
108
102
106
95
109
100
109
95
113
100
114
102
121
109
122
119
124
116
115
126
119
95
110
99
78
104
111
94
106
96
92
111
79
26
101
78
70
34
81
58
11
20
22
54
55
62
53
67
65
83
83
103
103
115
105
115
107
117
105
115
108
114
102
115
108
112
114
99
111
110
97
96
109
111
98
114
104
114
105
117
110
119
110
116
103
110
117
115
108
118
109
111
89
97
112
104
124
97
110
107
119
110
104
109
106
84
104
114
119
130
107
119
112
108
125
114
121
98
110
100
109
109
102
105
109
107
98
109
99
110
100
106
113
115
100
100
115
113
106
132
138
125
127
142
134
127
135
126
111
118
99
114
109
88
100
98
105
109
97
106
100
109
105
109
102
93
88
79
65
115
104
79
106
106
95
105
101
116
116
109
50
93
43
63
78
126
78
85
86
78
78
59
76
76
99
97
117
119
119
100
116
105
112
116
127
113
113
133
115
59
32
109
41
77
107
62
89
6
3
12
8
32
58
48
62
67
68
58
90
87
90
115
106
116
102
111
102
119
100
105
110
97
108
96
105
100
109
82
100
36
23
59
72
92
48
51
11
9
42
41
39
57
41
61
59
61
80
91
84
93
88
81
83
82
86
86
83
68
99
90
88
95
100
82
74
94
87
82
82
101
106
104
112
97
102
109
98
92
104
102
92
104
101
81
79
98
102
100
107
94
100
95
103
83
82
96
90
97
91
88
100
101
91
97
99
97
94
107
97
105
85
97
84
75
99
105
117
85
95
67
79
59
67
41
67
30
8
8
12
16
30
30
34
54
53
46
34
14
45
24
42
12
9
11
35
47
48
45
63
63
83
81
102
100
124
122
126
109
120
122
109
123
122
105
119
105
120
108
114
103
119
109
118
110
116
108
105
111
97
90
114
113
100
112
99
105
118
121
103
101
107
115
125
109
122
109
128
113
109
116
117
105
98
114
110
102
1548
1541
1561
1547
60
1577
1522
80
57
1557
1564
1541
1594
8
8
25
6
24
31
29
50
58
66
64
64
65
110
110
107
127
128
123
134
114
133
98
125
110
140
152
126
137
117
125
124
147
152
155
128
127
118
132
117
129
112
125
113
105
112
126
99
111
125
110
117
111
123
125
82
113
86
113
104
118
118
105
119
86
87
80
80
41
65
54
80
53
59
33
53
52
69
68
86
78
79
79
107
101
86
110
98
112
101
115
109
111
102
119
104
105
114
94
112
104
114
106
117
110
120
108
128
104
121
112
120
107
103
115
103
96
119
116
103
103
115
106
113
112
102
100
101
98
112
109
105
108
105
89
104
81
108
69
67
114
98
92
76
103
73
87
88
59
92
94
59
102
69
87
100
106
102
96
66
78
77
99
99
111
108
113
108
83
111
91
98
112
110
108
96
99
104
108
99
100
104
98
80
61
31
17
77
114
60
41
87
99
69
67
11
68
11
3
5
3
16
43
30
44
47
61
60
77
77
100
100
113
103
115
84
101
106
104
115
96
100
93
107
95
118
157
137
165
159
177
165
168
152
161
261
218
224
206
214
198
208
212
203
116
119
111
121
224
257
248
252
244
266
266
253
258
254
132
125
124
123
142
125
118
105
101
99
85
335
324
354
113
402
149
167
167
182
202
203
95
208
205
112
96
102
81
81
91
86
92
73
75
95
93
100
109
105
112
111
79
95
17
55
68
36
26
78
86
80
47
50
59
60
60
59
78
77
78
98
100
81
88
90
93
83
95
80
81
78
72
84
73
79
66
80
79
85
91
92
94
92
95
84
93
79
76
83
78
66
94
84
99
91
105
98
101
78
109
89
94
79
97
86
91
77
86
81
80
91
70
82
81
81
97
90
102
74
86
97
86
91
97
91
102
95
99
100
93
102
95
101
94
103
93
102
92
7432
7445
7440
7445
7455
7437
7426
7449
56
62
49
39
7432
93
4
2
20
19
23
25
60
46
41
55
76
77
77
123
113
114
90
113
199
195
187
166
182
173
254
245
248
255
171
173
171
68
64
155
27
142
31
51
148
38
48
7
8
15
10
13
4
4
18
8
8
5
15
14
3
9
7
19
26
13
14
4
10
9
1
55
32
51
50
63
64
80
81
83
104
111
108
102
92
103
114
96
101
97
84
101
84
86
86
101
89
101
100
112
97
113
102
119
106
117
100
113
108
114
104
116
101
114
105
105
118
111
118
116
108
114
111
107
94
110
100
107
103
109
106
93
114
102
111
99
112
101
112
98
99
106
99
108
97
106
92
112
95
98
111
103
116
103
117
113
101
108
121
113
127
122
135
127
139
129
136
124
126
117
101
115
100
99
112
105
96
117
103
118
112
123
117
127
124
140
127
124
113
120
112
105
121
113
88
99
90
18
72
86
61
30
37
92
99
39
14
81
27
54
62
60
61
55
65
64
88
101
87
112
117
136
150
139
152
137
107
135
61
77
153
124
57
73
110
78
101
77
101
102
112
126
116
116
94
101
97
80
89
147
133
144
131
116
139
126
126
92
82
78
64
56
54
54
18
27
26
26
28
25
107
109
119
151
149
135
166
117
557
576
567
583
568
542
571
562
567
559
225
207
229
229
221
229
200
230
94
81
191
227
120
103
104
105
108
90
99
89
109
112
108
109
117
105
115
111
117
117
120
118
126
108
110
109
119
86
87
119
88
105
100
119
105
113
95
99
115
109
124
105
107
108
103
97
88
110
113
98
111
100
112
100
106
112
112
120
94
77
68
59
92
84
91
77
86
84
72
72
91
91
102
103
122
109
128
124
143
131
145
133
150
135
100
117
124
115
107
104
104
91
107
91
98
98
112
105
104
117
110
95
113
118
106
123
115
115
101
61
95
46
23
85
84
29
122
113
121
86
103
102
94
55
96
36
94
23
98
46
5
14
3
3
8
8
10
12
10
7
7
21
7
10
16
19
5
34
37
27
36
24
34
27
26
5
4
5
26
5
4
21
12
36
46
74
68
80
88
81
100
95
111
110
119
123
132
106
120
113
105
125
112
137
105
96
104
132
125
110
123
74
105
95
81
72
44
65
100
81
98
41
40
47
4
4
15
6
16
23
34
27
28
18
22
25
7
23
37
30
42
32
58
23
20
21
29
20
35
65
49
16
96
93
261
269
267
282
283
225
282
334
160
138
131
148
318
175
72
91
93
101
76
75
96
101
98
93
100
110
107
95
113
99
73
80
79
97
95
108
97
109
99
110
99
114
102
104
113
112
104
106
95
110
115
102
114
112
120
114
120
112
104
127
118
128
120
107
122
107
114
94
118
103
90
92
100
99
86
99
89
103
96
73
88
93
87
90
83
90
81
97
84
98
84
99
89
99
89
94
99
92
99
77
90
97
85
90
74
88
82
91
90
93
91
88
99
101
95
96
92
106
95
106
95
94
104
90
101
100
93
99
88
96
79
94
87
92
90
79
91
91
77
78
75
93
76
94
95
94
104
97
105
107
84
97
104
108
98
103
95
106
96
102
99
92
103
93
100
74
90
92
82
98
90
74
92
81
89
88
71
81
85
81
78
78
95
91
104
91
96
92
96
107
108
89
102
99
105
101
93
84
102
93
80
98
90
96
84
100
92
92
104
93
98
102
98
106
97
93
100
101
92
95
103
117
130
131
129
125
132
131
132
103
132
106
98
102
100
85
98
69
106
80
87
97
79
91
94
96
74
72
74
90
72
73
88
90
83
102
86
102
95
93
92
107
115
99
99
118
83
97
104
101
90
109
97
101
94
105
109
113
109
105
115
112
72
65
88
103
39
53
109
41
41
4
2
3
19
5
11
4
21
32
23
37
24
23
11
32
4
3
7
21
19
34
53
45
44
52
55
62
61
65
92
91
103
88
108
70
98
100
96
73
108
98
95
107
95
98
114
83
116
102
102
100
99
94
104
103
111
97
114
96
109
102
105
107
108
94
102
109
113
100
113
111
111
101
113
99
114
105
108
95
101
99
107
106
121
118
104
109
109
113
96
93
106
80
104
90
100
93
108
101
108
118
120
118
114
122
126
118
127
120
121
114
120
112
121
112
118
103
95
107
103
110
104
110
88
104
93
84
99
108
111
113
99
128
118
136
132
119
132
123
100
113
113
97
103
96
101
101
83
94
90
90
103
96
102
91
99
97
95
108
102
95
92
98
98
88
98
91
79
86
97
93
89
90
97
91
96
101
89
81
92
70
92
99
74
60
82
66
92
100
107
109
101
96
52
72
72
91
90
97
81
40
28
58
53
71
101
88
34
7
16
7
7
9
8
6
28
35
47
52
50
46
71
79
79
76
118
113
126
118
126
118
130
129
143
115
123
107
115
112
113
106
117
102
107
115
115
110
98
113
120
111
113
106
117
107
115
107
119
116
108
115
110
96
114
101
114
111
114
112
104
111
98
115
100
103
104
97
113
100
120
110
127
116
133
132
136
135
120
122
106
101
94
108
99
108
113
108
118
103
111
122
128
109
126
113
105
99
118
109
102
103
79
111
94
69
88
72
69
102
108
96
111
110
113
120
111
80
118
111
115
108
116
108
117
109
112
120
112
105
97
112
115
118
107
106
117
113
97
100
107
101
108
94
101
103
111
113
98
91
85
94
105
110
105
111
100
110
103
90
118
123
110
98
115
113
112
117
111
98
107
90
104
110
122
115
107
108
115
126
123
140
113
130
112
124
131
113
125
109
119
105
108
102
98
107
92
99
90
98
95
79
83
98
88
79
84
95
87
95
92
98
102
93
96
90
102
94
104
94
93
101
89
85
96
99
101
88
101
96
86
77
70
96
115
99
109
116
117
120
119
116
115
133
130
125
120
140
117
112
134
108
114
113
123
98
111
110
78
53
63
107
39
101
88
27
41
8
39
42
59
50
68
66
84
84
103
101
114
103
105
98
105
82
95
112
94
104
105
101
106
108
114
103
117
109
105
116
116
114
115
117
114
116
102
114
107
107
125
89
100
114
101
107
106
93
104
89
87
86
95
56
70
35
28
79
79
47
90
40
11
26
46
37
49
41
55
45
56
85
84
71
103
103
100
100
115
113
116
101
116
103
114
112
110
106
108
101
113
102
111
104
110
113
112
104
116
110
117
125
106
118
102
117
100
96
95
86
101
95
106
95
80
101
92
103
92
99
105
96
102
102
97
88
108
103
105
100
105
98
98
110
109
111
98
112
99
100
104
97
108
103
94
97
85
109
102
108
99
89
104
111
112
108
108
96
102
96
101
95
94
73
85
94
88
107
95
104
104
124
111
126
125
123
123
117
123
115
128
126
117
101
96
119
104
110
99
110
105
109
106
125
106
110
109
106
115
112
107
106
77
86
64
93
92
99
97
98
95
90
97
87
96
100
99
95
103
96
90
82
73
93
89
93
87
87
91
97
95
91
86
91
95
103
117
111
112
125
118
102
104
106
100
106
99
122
103
114
101
104
132
132
124
127
113
114
103
118
112
102
117
103
103
111
101
93
65
89
73
44
105
52
55
98
97
89
64
66
68
60
59
94
95
105
101
101
93
96
95
106
95
104
76
85
99
99
111
100
101
101
109
108
119
118
101
117
97
106
110
110
123
148
134
126
513
505
511
520
453
496
458
502
485
500
113
127
113
131
98
120
113
126
129
125
123
125
117
118
125
122
114
127
122
130
132
117
108
114
122
121
112
113
110
105
94
93
92
103
92
104
84
97
99
94
95
87
94
88
81
80
68
77
67
74
68
91
76
82
70
90
26
65
63
72
25
54
2
4
8
14
12
8
7
12
8
9
37
36
43
46
43
58
58
56
73
72
89
88
87
81
78
89
77
78
88
88
78
79
73
71
69
63
72
68
73
52
61
60
67
64
59
68
63
47
46
51
52
55
63
67
68
63
73
72
77
77
81
62
63
72
73
66
67
53
69
63
60
57
63
49
48
69
56
45
51
17
35
40
66
32
68
31
4
4
9
5
19
13
306
304
38
40
327
66
62
74
70
72
71
113
106
105
105
116
108
111
89
84
77
72
63
60
55
46
87
108
5
4
7
9
30
38
48
48
32
44
10
35
23
14
11
7
7
8
8
14
6
4
6
39
8
27
3
11
25
14
17
3
6
29
4
4
33
15
20
37
65
63
79
61
81
80
95
96
117
118
133
124
134
127
140
128
123
134
114
128
131
133
96
115
117
112
103
96
105
118
113
117
119
121
123
140
140
128
149
98
128
81
122
108
105
118
85
100
106
110
79
80
76
99
113
123
134
104
93
75
133
127
542
533
525
504
57
58
53
51
59
555
5
3
7
25
3
19
22
17
23
33
21
9
20
7
9
20
43
50
43
55
44
61
61
56
101
86
105
104
117
115
124
121
136
109
115
108
113
111
110
106
108
101
104
92
104
98
100
105
106
103
105
96
106
100
101
108
103
107
104
107
108
98
105
112
112
103
108
110
63
104
52
84
43
92
69
40
90
88
85
88
58
63
61
84
85
95
101
111
94
96
110
111
96
107
102
106
93
103
105
105
94
98
105
104
102
106
95
99
108
106
104
106
104
107
99
98
106
104
93
100
98
81
98
91
106
94
107
94
100
111
115
108
115
108
114
104
116
108
138
135
126
119
124
117
126
119
126
120
96
103
98
111
105
96
114
114
101
116
99
117
102
102
107
104
122
99
117
101
99
108
106
108
101
98
110
110
96
112
101
110
103
108
111
91
112
103
107
97
87
101
97
96
94
98
92
107
92
97
95
102
100
107
100
103
96
106
96
101
97
95
103
101
95
107
104
95
87
83
77
105
94
103
107
93
103
92
106
84
90
84
90
102
101
90
106
96
106
100
101
110
101
87
109
96
103
81
100
95
100
92
91
99
85
98
98
96
90
97
75
103
103
96
71
85
89
96
87
85
85
107
105
117
109
113
123
111
127
117
98
129
98
90
91
98
89
92
82
109
94
109
98
104
109
108
107
116
93
95
89
86
84
77
76
90
79
91
88
91
84
104
94
107
98
111
105
110
98
107
117
104
102
108
111
105
104
115
100
104
113
96
88
107
74
100
83
110
106
97
102
89
95
103
63
92
78
76
98
92
89
100
76
87
98
90
91
110
93
95
99
106
98
92
92
106
98
101
106
108
99
97
106
86
108
99
105
91
89
98
95
89
100
92
94
92
101
99
106
96
104
108
97
105
99
108
103
103
117
91
109
102
98
103
113
103
107
94
108
99
100
101
115
99
108
102
115
107
93
107
105
98
100
88
81
87
94
77
92
88
94
84
98
85
102
91
96
104
91
96
103
104
96
108
96
100
100
98
102
80
90
100
88
101
93
88
94
84
92
98
87
95
55
65
60
76
85
90
100
94
106
96
78
99
78
77
96
95
100
97
90
105
100
98
113
105
114
110
114
93
31
41
82
112
75
48
90
23
4
16
28
38
39
44
45
61
63
70
70
71
93
89
116
122
122
119
108
93
103
102
115
112
72
91
27
46
26
25
81
64
57
25
17
18
48
45
48
73
72
88
71
86
85
86
82
97
94
94
67
76
89
75
82
85
91
82
97
75
91
26
43
13
54
85
18
56
96
8
5
3
7
35
38
52
53
66
68
75
63
77
66
87
64
94
75
87
77
87
78
76
75
100
99
104
106
97
76
106
84
93
86
92
82
93
91
103
79
96
90
72
89
85
89
86
93
93
103
90
100
91
99
99
93
99
94
100
96
89
100
100
21643
21663
21630
33
27
21619
21608
21657
21624
21604
6
3
23
5
19
31
40
58
66
71
77
79
78
111
127
128
139
116
128
137
123
114
108
115
103
103
103
127
115
8
8
5
90
26
10
19
25
23
25
22
23
20
58
69
70
88
87
105
104
103
106
107
119
108
95
120
121
114
116
132
127
142
129
139
341
310
306
324
384
388
381
373
387
191
183
189
176
322
402
342
335
358
343
346
343
348
120
136
113
121
123
116
128
134
124
137
118
131
107
112
41
31
123
79
68
54
5
14
25
60
43
62
61
70
85
85
105
116
123
131
131
123
126
131
135
123
137
126
136
125
121
129
129
118
129
119
128
114
115
107
124
115
121
124
105
113
107
122
106
119
121
112
106
58
57
58
76
109
118
93
36
104
81
58
72
48
76
84
85
105
72
32
98
43
59
84
73
105
92
5
7
22
34
40
45
38
55
56
73
66
89
90
110
109
116
116
124
110
121
112
117
96
101
125
116
127
119
141
129
134
107
120
127
127
104
120
97
112
99
116
79
119
71
95
49
59
107
79
113
99
43
44
45
35
44
29
43
43
45
96
8
20
32
52
43
62
60
76
76
92
93
107
107
116
102
116
104
113
112
108
95
116
104
109
120
124
114
128
116
128
130
131
133
124
143
119
126
119
127
122
129
118
127
121
128
121
121
93
128
100
113
122
111
103
90
83
78
61
49
35
37
5
27
25
38
41
41
64
66
120
122
149
144
137
145
156
155
114
155
86
106
108
121
215
202
169
208
179
167
72
91
179
182
169
169
83
120
122
140
139
156
142
128
136
113
142
135
155
136
147
139
132
143
141
130
111
94
107
101
107
94
111
108
114
103
142
129
156
144
156
140
143
115
151
128
120
106
94
107
106
93
102
87
87
109
102
110
104
113
103
94
105
110
101
95
94
107
97
83
101
99
82
96
80
90
96
85
93
100
87
101
74
68
60
103
89
98
93
105
96
96
107
79
81
96
94
107
100
108
106
107
96
106
111
102
89
110
109
97
109
98
108
95
98
113
104
111
108
100
106
104
106
98
97
105
102
100
102
99
103
93
86
33
105
44
71
26
69
78
97
52
6
5
4
22
43
36
56
48
66
66
82
83
102
92
70
100
84
106
100
76
73
101
88
53
106
108
94
106
93
86
104
105
83
71
35
27
76
82
42
59
82
4
5
9
3
25
24
21
28
25
52
56
56
71
68
50
64
76
76
71
99
90
103
85
91
84
100
100
91
90
107
101
94
90
91
85
97
90
106
94
101
95
102
101
109
101
103
111
96
107
96
104
92
100
106
104
100
104
66
20
84
68
40
27
67
85
43
21
84
97
5
3
15
4
3
20
28
21
9
24
22
18
26
5
6
18
25
14
15
4
42
34
42
39
60
58
66
65
83
83
94
102
101
107
101
107
99
109
101
113
102
103
104
119
108
120
124
110
121
108
112
105
122
103
113
102
111
107
112
99
109
96
102
113
112
115
106
113
110
116
108
114
104
70
99
49
35
22
109
58
78
89
28
83
60
46
57
56
75
75
93
99
93
115
102
95
112
107
96
104
110
107
118
113
109
108
109
119
101
115
105
114
110
86
110
107
94
101
92
93
90
112
104
123
115
136
135
132
125
128
108
116
87
78
67
52
100
102
98
99
104
101
88
93
107
107
120
111
117
108
113
99
111
100
98
107
106
96
70
57
100
75
33
20
89
104
52
20
43
6
34
33
46
54
53
77
76
94
92
113
106
109
110
111
96
104
91
102
92
99
94
94
91
86
98
98
92
102
91
100
91
71
51
80
89
64
72
94
95
81
90
89
91
62
72
73
89
88
79
81
91
97
98
91
87
106
104
97
105
112
106
121
96
105
108
98
111
103
113
104
117
106
118
111
113
119
114
107
110
101
107
101
96
103
101
100
99
87
80
101
84
101
87
93
83
75
78
79
96
101
95
109
104
109
117
113
107
108
106
116
102
105
98
101
92
92
98
98
90
97
86
99
88
96
80
89
95
90
96
90
90
101
97
93
95
103
97
77
85
86
97
82
92
65
58
75
86
80
84
78
86
77
75
74
82
81
83
65
93
76
86
88
88
80
69
76
88
71
76
68
77
86
79
89
70
69
88
91
80
94
52
60
87
43
67
30
73
39
89
79
99
98
95
105
104
97
105
113
120
122
109
121
109
125
118
124
115
109
124
129
117
130
119
95
118
103
105
114
98
96
108
106
88
94
99
99
118
104
111
101
113
100
80
72
80
99
84
62
71
92
49
75
74
94
95
102
100
97
87
104
103
113
100
115
107
117
109
119
112
123
112
119
112
113
122
118
102
113
111
89
107
97
102
97
102
101
89
91
107
114
109
86
113
111
96
101
117
114
103
112
106
117
108
110
116
120
110
109
117
115
113
102
108
104
103
107
94
99
106
107
95
106
89
103
99
126
121
116
106
145
132
147
152
142
161
129
137
121
114
131
123
109
118
108
95
88
122
115
121
105
107
106
103
125
116
112
94
109
94
102
95
110
94
109
105
120
108
113
121
118
98
114
120
105
122
109
130
117
135
120
120
119
133
124
127
106
122
113
122
108
103
118
115
109
106
114
103
110
110
92
103
105
96
97
34
57
90
40
43
76
108
77
98
76
79
78
80
79
83
83
103
103
83
97
123
112
99
113
78
99
93
48
42
90
97
109
81
95
64
82
82
102
101
113
91
103
119
106
106
116
122
102
113
101
113
105
111
105
112
102
114
111
116
104
106
119
120
113
120
114
118
109
112
91
115
108
97
106
95
99
102
109
99
104
98
114
100
116
101
116
105
118
118
111
119
104
99
88
92
100
99
73
85
75
91
73
88
64
90
77
90
95
103
94
100
95
115
110
127
110
116
126
129
127
126
116
123
112
110
121
114
102
103
98
101
79
97
96
91
103
94
82
100
111
116
97
119
113
107
112
114
115
113
103
113
104
109
98
109
102
108
100
107
99
102
110
98
109
105
114
107
127
109
120
115
122
114
122
118
118
108
113
106
117
85
97
818
797
805
813
817
817
831
806
818
126
144
159
155
135
150
138
179
816
167
188
177
183
165
175
169
185
169
152
124
142
132
108
137
125
128
114
124
121
109
116
101
98
102
117
113
95
109
104
101
94
105
90
104
82
80
73
66
55
54
44
85
101
4
4
11
22
5
9
3
5
27
15
29
34
60
59
65
62
81
75
88
90
78
90
92
120
112
122
114
124
114
105
131
108
87
94
105
73
109
97
110
101
103
72
75
104
76
80
72
100
100
94
109
99
75
88
88
102
103
116
108
93
113
109
94
109
97
122
124
102
94
123
127
113
123
117
111
125
102
102
107
119
134
137
122
133
126
132
121
123
103
118
120
111
91
100
88
101
100
124
115
108
123
116
122
130
120
128
121
115
125
101
110
127
175
156
164
169
161
168
166
163
176
175
109
104
113
114
104
107
86
83
100
67
75
67
86
83
75
84
83
92
87
83
77
96
102
102
59
54
72
78
87
54
83
98
105
97
103
112
114
131
119
130
128
93
72
21
105
64
26
52
82
40
3
5
29
18
27
28
39
65
51
70
56
65
65
82
84
77
82
82
113
109
116
109
63
64
100
114
99
92
76
112
54
76
79
101
96
69
122
124
183
161
138
165
165
164
184
180
175
126
117
127
131
119
123
114
120
112
110
100
118
111
85
103
94
111
102
105
95
97
99
83
94
92
104
105
98
107
109
93
112
107
106
105
115
107
106
97
86
109
99
98
100
83
92
100
89
79
86
90
77
78
93
92
93
87
99
85
108
110
89
111
117
123
139
88
73
122
126
88
87
95
96
105
106
113
93
104
104
119
106
115
102
113
98
116
123
116
124
117
121
115
113
123
127
118
109
94
106
98
105
103
105
103
112
109
116
103
113
111
108
115
103
115
108
95
84
91
96
100
94
102
82
91
100
93
109
95
105
90
73
97
90
99
93
105
95
98
103
77
89
98
98
103
92
74
96
88
74
79
93
97
86
98
90
105
95
90
101
90
99
89
95
95
102
93
96
85
97
87
84
96
94
84
95
89
97
84
96
85
96
88
94
82
76
73
87
89
82
90
84
87
81
91
97
89
110
90
101
90
101
101
90
100
91
86
95
90
82
89
79
89
82
87
89
91
84
92
87
92
81
94
85
94
86
85
78
47
69
95
36
61
51
93
86
84
82
97
77
91
76
88
87
99
88
99
88
103
91
104
85
79
92
102
90
101
87
98
86
99
82
91
91
66
90
83
77
101
100
94
99
94
104
94
98
97
91
90
101
93
97
95
90
94
89
95
89
94
96
88
88
98
90
99
90
99
88
97
92
100
93
92
82
90
79
92
82
95
91
97
86
98
84
91
107
91
73
61
78
54
90
100
45
96
87
97
84
69
70
77
77
95
94
105
102
95
101
100
90
95
86
76
87
82
90
84
88
96
87
86
86
96
102
88
98
92
89
104
93
93
98
103
102
91
81
101
91
98
89
86
97
86
95
67
91
85
94
89
105
94
94
105
104
96
94
94
99
104
101
97
92
83
99
93
99
86
98
88
101
92
97
90
93
99
96
84
93
93
87
90
90
79
82
90
78
77
91
88
76
85
92
89
102
91
95
91
90
92
102
103
94
112
104
115
107
105
116
116
97
107
104
97
115
120
105
121
115
119
108
66
101
74
112
104
96
104
107
104
116
110
121
118
120
118
115
105
113
101
118
111
114
121
115
124
127
118
126
117
125
122
116
113
101
103
123
102
114
101
113
110
109
122
111
115
106
115
111
117
107
115
106
101
111
115
102
113
110
112
103
114
108
100
113
113
100
112
106
113
106
112
109
114
115
117
107
120
120
112
116
109
118
105
94
104
112
111
100
113
103
127
112
118
116
121
108
113
122
119
111
111
99
111
113
114
101
93
109
100
101
109
107
94
114
93
100
112
111
100
109
110
88
104
110
102
112
109
101
111
119
108
118
111
121
111
116
102
114
103
114
107
112
99
113
111
107
114
112
109
111
104
111
103
111
104
110
117
97
102
97
91
108
113
99
109
106
113
97
105
112
118
110
110
119
120
113
119
110
112
123
108
116
123
112
120
108
122
109
119
118
119
123
115
110
116
107
117
115
117
115
117
105
117
110
114
105
111
104
121
119
104
104
118
103
109
109
93
116
113
112
114
102
113
108
119
127
109
61
49
84
84
71
100
87
77
98
83
68
61
61
81
80
100
91
106
103
115
114
102
108
111
102
110
109
105
107
101
109
112
99
97
114
79
91
103
99
107
106
103
110
100
100
91
101
94
103
93
95
95
84
66
72
95
85
96
86
100
101
89
109
107
107
112
93
101
120
105
117
104
83
92
57
48
108
57
96
114
98
92
110
100
74
81
81
90
91
109
97
113
100
102
113
116
106
99
113
102
96
109
97
108
96
107
100
109
96
105
117
95
99
95
114
108
111
91
106
113
122
109
99
125
99
113
113
96
104
109
108
98
89
98
101
92
107
96
96
112
98
108
108
122
120
109
116
94
113
101
111
93
101
84
97
78
91
71
90
92
91
117
125
108
110
51
80
96
51
96
111
96
99
88
112
107
67
74
69
106
106
80
106
96
122
100
91
102
95
104
97
103
103
90
100
104
90
106
94
106
93
112
102
103
102
110
102
108
96
106
117
99
112
87
95
102
102
89
91
28
71
58
45
39
87
37
68
89
93
90
86
85
76
74
84
81
89
96
101
90
103
57
87
77
42
30
68
96
52
14
3
16
13
28
28
38
46
46
66
64
80
80
93
108
99
103
97
101
91
90
96
106
97
103
91
106
96
116
115
101
105
112
99
88
103
74
23
56
40
101
20
80
43
87
23
10
10
18
38
50
40
44
56
56
49
78
78
49
94
74
59
81
64
52
27
87
99
77
78
52
67
66
81
80
19701
19748
19752
19773
19776
19780
19799
19788
19811
215
197
157
152
149
126
144
112
132
115
109
124
110
119
111
99
108
116
123
114
134
124
115
128
109
129
131
124
120
118
109
125
123
601
579
603
585
603
608
622
623
616
126
624
130
150
151
152
143
116
113
122
129
119
118
114
115
108
117
109
107
111
110
98
110
108
110
107
107
99
111
109
113
111
116
113
116
106
120
108
118
110
117
108
116
112
115
108
114
108
117
108
108
78
104
86
105
97
105
97
106
103
113
112
116
104
117
109
116
110
115
108
116
109
117
116
111
118
115
116
109
139
126
141
108
123
128
125
115
89
106
98
95
106
97
103
105
100
104
93
108
98
110
96
108
99
105
103
97
103
96
105
98
113
100
98
113
102
98
110
111
98
94
101
109
84
96
112
97
98
109
101
97
108
111
94
111
102
115
103
104
95
120
116
102
116
102
120
103
120
102
118
104
112
103
112
104
109
101
106
109
108
97
112
105
112
104
112
110
107
116
116
108
114
106
114
107
113
106
113
102
116
108
116
108
111
103
114
106
114
107
110
107
99
107
113
109
107
100
106
108
109
106
111
107
263
246
261
269
246
261
257
256
70
20
91
269
262
47
70
59
48
40
12
9
35
50
50
56
56
70
66
88
88
103
93
107
99
100
101
98
104
94
96
96
100
83
92
100
105
100
100
107
106
96
107
100
101
80
67
97
93
92
93
84
101
87
95
77
86
86
85
96
95
83
94
84
85
96
95
77
86
88
93
99
94
106
96
99
111
116
114
94
76
105
93
97
104
104
102
102
103
103
95
109
98
102
101
76
91
99
90
95
87
92
87
106
92
98
88
99
88
94
101
102
94
99
95
99
114
100
116
105
118
106
114
110
117
106
105
112
108
102
105
97
107
98
107
102
108
100
106
96
109
101
107
98
103
100
100
93
106
99
108
104
111
104
114
107
117
109
117
109
109
116
105
112
112
104
104
107
85
88
102
103
89
103
86
72
89
60
52
67
85
101
89
111
102
128
90
115
113
145
144
174
170
129
164
147
145
162
133
114
75
94
132
126
117
93
65
57
73
73
76
72
119
14
12
16
37
61
50
27
29
32
72
47
21
25
18
4
7
6
8
8
3
23
30
23
37
37
59
39
56
64
55
74
74
96
104
79
98
95
116
109
120
112
125
111
143
135
126
138
142
129
133
114
128
120
110
84
112
44
27
69
74
55
100
34
101
94
97
68
19
36
23
51
54
33
32
36
12
45
43
64
63
77
76
98
91
106
106
115
105
99
120
115
110
134
125
117
108
77
119
56
97
117
62
95
79
101
105
84
83
81
104
103
443
443
446
420
427
439
432
443
430
108
440
113
83
99
91
103
79
90
89
95
69
77
63
79
42
86
58
45
61
5
12
11
21
23
22
24
9
34
19
19
7
9
26
11
9
23
3
10
25
30
22
13
9
8
6
4
10
28
24
7
4
2
16
21
24
45
39
52
58
57
68
63
78
77
92
86
80
85
71
84
97
99
72
98
93
96
95
102
105
89
104
104
121
92
107
90
96
96
105
93
107
92
110
99
117
110
119
113
126
113
102
115
123
121
107
103
115
103
113
98
112
109
98
101
93
94
119
120
112
101
96
91
110
118
118
128
116
117
116
113
96
113
107
100
101
111
98
111
106
99
116
114
112
119
116
104
113
104
112
116
101
118
102
94
113
97
98
72
103
87
104
99
106
103
95
111
102
108
117
92
83
92
89
124
113
119
130
133
131
132
136
152
135
122
106
112
114
102
113
101
95
108
105
93
95
96
80
109
93
102
97
118
106
97
87
112
98
109
99
103
94
78
86
85
102
98
104
97
100
94
103
101
96
107
89
99
86
93
96
80
81
92
93
85
101
86
88
89
83
103
104
104
88
99
88
89
82
90
91
74
89
79
90
90
78
78
96
84
96
85
90
96
89
63
51
81
97
74
76
87
82
84
61
63
80
69
71
71
81
83
65
76
86
81
80
94
66
84
85
73
87
86
95
91
93
91
102
90
90
79
88
82
91
88
84
95
98
82
90
110
96
101
97
106
112
122
117
104
127
118
98
117
100
109
92
104
100
107
82
106
107
123
97
108
110
118
113
108
119
104
114
105
112
127
128
118
135
122
114
114
106
100
76
65
62
123
6
10
38
40
28
26
30
38
37
82
83
57
82
88
75
103
116
128
120
102
128
139
139
128
119
111
121
116
123
114
118
110
109
106
105
98
108
95
108
102
110
105
109
105
102
100
122
103
97
84
95
104
104
100
92
106
95
109
101
94
94
113
103
111
110
105
98
85
102
83
100
83
94
100
104
92
98
85
97
85
98
83
88
85
95
104
93
108
97
105
107
100
109
90
107
98
107
98
95
107
99
108
99
92
96
108
100
105
96
81
81
106
81
99
93
83
96
114
99
108
92
109
101
118
108
100
99
92
99
97
94
106
92
92
91
96
103
106
93
102
100
110
104
96
112
96
80
88
88
85
85
75
98
69
61
94
80
94
93
82
110
95
91
93
91
99
98
86
73
49
60
46
33
91
31
82
73
68
96
77
66
64
85
84
81
97
92
92
102
95
114
95
111
105
115
107
103
111
93
111
90
97
84
95
89
95
90
97
90
103
91
45
87
64
80
69
98
58
95
83
96
75
73
61
66
74
73
75
83
91
76
94
73
93
82
83
78
88
97
88
22
60
59
85
39
73
82
19
75
46
3
32
30
36
42
42
60
60
62
62
90
87
82
95
108
115
93
111
100
106
117
120
97
91
115
94
92
101
95
105
73
81
89
96
103
96
97
107
92
89
107
74
102
103
115
101
112
103
106
96
96
111
99
102
94
58
91
52
79
96
41
40
28
68
32
79
5
19
20
23
57
55
60
54
49
79
78
94
96
115
124
93
106
130
121
128
114
138
124
134
134
155
133
116
135
125
139
130
127
111
117
117
103
111
105
116
119
108
125
140
155
143
137
135
121
113
100
83
76
65
50
6
4
4
6
7
5
27
29
27
1897
1897
1918
1918
1938
1939
1960
1960
1979
1980
123
107
110
119
118
107
100
112
116
103
115
107
114
103
116
125
117
147
114
127
138
143
145
153
131
148
141
130
130
127
147
115
126
115
122
135
121
99
112
117
123
133
124
139
122
128
142
139
143
161
159
145
173
165
147
157
135
142
131
147
94
95
115
116
119
119
80
64
63
98
86
128
110
107
90
78
70
61
74
73
93
92
111
106
114
118
120
122
121
120
117
113
128
111
127
116
120
124
131
118
139
146
142
132
133
139
127
121
135
115
103
114
104
111
107
117
110
114
116
116
100
114
107
115
109
108
116
103
113
113
105
114
107
112
105
112
100
96
111
100
113
100
91
103
97
109
106
153
140
141
154
144
157
142
145
158
136
114
108
111
90
102
100
109
113
121
128
110
116
125
127
120
122
108
120
110
114
92
101
113
103
107
103
112
93
84
86
100
88
94
75
87
96
90
98
89
97
98
90
92
100
92
90
94
87
82
92
100
89
94
99
83
89
104
92
97
97
95
92
83
96
84
83
97
93
91
71
86
86
94
81
90
77
78
94
77
82
83
89
76
87
83
94
88
97
91
99
86
98
117
100
99
105
103
98
102
99
100
107
100
88
100
91
99
88
100
90
100
92
91
101
103
91
105
93
105
93
100
90
86
104
105
91
104
92
81
87
45
67
35
78
22
65
29
27
43
42
58
56
76
76
95
95
106
96
104
100
104
97
106
121
114
119
114
91
115
102
115
113
84
113
84
89
91
86
83
77
118
117
124
117
124
112
118
129
129
93
104
90
101
91
101
91
99
101
92
82
89
79
100
90
75
98
91
83
95
92
97
106
91
107
97
89
105
78
87
97
89
94
83
76
73
90
75
98
82
98
102
99
107
110
108
117
85
102
105
94
94
86
99
96
85
96
88
97
72
85
87
94
100
87
92
107
95
91
84
92
106
100
95
91
97
91
99
85
85
69
104
85
79
85
95
81
85
76
88
69
27
81
79
88
18
38
54
46
3
17
14
25
40
34
32
27
39
34
48
35
29
33
37
33
42
3
2
13
23
29
24
45
45
62
62
79
79
94
92
101
91
91
97
94
76
86
70
79
87
86
75
82
75
83
75
82
67
77
78
90
80
98
87
96
86
93
93
90
100
104
92
106
102
106
112
111
100
110
100
93
105
86
91
104
106
90
103
90
104
94
111
110
111
93
108
118
93
101
112
104
103
111
112
103
106
115
101
108
73
111
105
78
91
99
105
107
97
84
98
89
87
118
107
108
115
105
120
115
88
92
136
111
71
86
77
70
102
115
104
90
90
47
16
63
93
36
52
51
110
49
4
17
17
46
44
63
51
68
66
86
85
102
101
115
107
112
106
111
99
101
115
119
107
120
104
84
110
112
108
104
101
107
92
102
92
103
102
106
99
102
94
105
89
105
101
87
82
95
87
98
86
89
101
103
90
92
92
99
105
98
105
98
107
106
99
100
106
108
104
109
105
109
99
110
103
105
77
31
39
84
100
58
19
65
45
25
36
36
51
55
69
68
84
83
96
97
81
91
101
90
82
100
98
88
97
89
82
81
104
101
99
105
94
91
101
108
97
103
99
107
104
93
105
99
106
96
111
95
166
154
171
155
172
161
170
168
173
99
112
100
111
101
108
99
111
104
107
109
106
104
106
99
106
96
110
103
95
104
105
99
89
101
89
88
90
78
103
102
103
102
111
107
81
110
111
100
112
118
106
104
97
103
113
102
110
104
114
110
99
98
112
114
96
91
92
105
101
88
112
110
98
115
102
113
103
121
103
106
116
92
110
97
97
103
106
99
114
104
121
111
122
120
125
115
113
121
111
104
108
101
108
101
105
102
102
93
103
90
103
91
100
93
100
98
80
93
96
89
71
84
96
84
101
86
82
65
86
73
82
98
90
87
70
77
91
89
82
90
96
89
93
100
83
101
100
108
96
117
105
114
118
108
119
102
117
102
108
100
100
109
97
104
100
107
101
106
100
108
95
109
116
103
111
103
118
105
109
101
104
102
113
104
116
110
113
110
114
111
113
104
113
110
89
119
102
119
107
122
109
110
116
111
119
117
109
114
105
110
103
106
112
117
113
120
111
117
110
122
116
113
108
115
113
106
95
107
106
107
113
104
111
101
107
104
114
107
115
108
123
116
120
113
123
112
106
118
115
98
73
39
91
44
126
112
51
82
63
6
10
8
8
16
25
24
25
32
32
49
53
54
67
48
64
66
70
57
74
48
62
64
85
76
70
85
86
75
60
89
89
107
101
112
101
100
99
116
114
103
94
103
90
102
91
81
95
100
63
69
90
96
96
92
96
89
99
97
96
97
103
92
101
85
93
88
72
80
87
81
89
89
91
98
97
94
92
102
62
100
88
71
47
60
78
78
75
83
76
49
50
69
68
77
84
97
90
111
111
123
120
112
121
124
120
118
94
97
103
100
95
80
99
83
76
96
82
93
91
76
89
85
83
85
99
94
82
86
88
76
96
93
82
66
66
60
83
78
85
76
92
83
69
81
88
72
73
74
68
70
83
76
83
73
71
72
86
85
84
100
82
92
67
79
93
78
71
88
75
81
79
59
60
76
80
76
74
71
89
87
73
89
88
91
76
81
89
89
96
90
99
94
86
85
93
88
82
87
96
94
100
86
79
93
80
88
96
25321
25323
25319
25325
25334
25305
25317
25301
42
25309
25311
59
35
4
7
11
8
14
11
16
13
4
5
8
3
12
17
16
42
34
59
55
62
61
78
76
91
92
101
106
94
100
95
93
99
92
97
97
97
102
91
106
94
99
106
98
106
105
91
84
100
93
103
92
100
102
93
98
88
80
101
86
72
93
146
143
130
131
152
133
147
134
152
83
151
150
160
156
148
143
161
170
158
118
113
122
136
112
122
109
111
112
115
180
165
159
170
182
183
200
193
215
126
144
128
151
202
190
201
178
195
169
173
183
168
158
121
119
119
108
108
118
101
99
96
102
102
114
109
112
104
92
105
79
109
92
93
87
64
71
66
91
86
99
85
96
90
96
90
73
84
86
85
114
108
115
114
108
117
119
102
106
97
102
89
93
100
104
102
106
105
107
96
97
38
92
59
108
78
46
68
90
84
73
46
55
66
68
63
85
86
101
93
96
89
91
92
103
88
100
97
99
93
103
101
101
89
101
97
86
94
79
98
73
87
102
90
97
90
104
99
104
102
98
94
108
99
100
115
112
100
113
104
112
108
112
106
107
114
113
105
111
102
102
110
106
97
102
89
83
100
91
93
101
112
96
100
112
98
113
112
109
102
108
97
108
99
96
93
86
77
100
99
94
109
104
99
109
119
90
107
108
117
95
104
91
92
108
83
97
106
96
106
94
106
98
105
95
91
98
104
90
84
96
110
97
119
119
119
110
121
119
142
123
128
102
110
127
113
119
100
110
113
104
111
99
108
102
113
101
94
114
106
116
101
111
101
103
96
95
101
83
99
109
110
96
103
98
103
107
111
105
105
105
108
115
99
114
115
106
96
110
109
97
105
106
96
108
92
102
93
110
82
83
95
104
101
97
100
111
104
97
86
86
99
86
76
103
104
95
92
82
91
69
97
97
93
114
72
80
72
103
88
107
99
105
93
76
83
93
94
93
109
113
100
112
112
104
120
107
123
106
123
100
113
105
106
101
87
105
97
98
105
102
94
107
98
82
91
93
106
92
110
94
106
96
111
101
97
98
110
104
96
110
103
107
108
101
108
101
107
101
112
105
114
114
117
109
121
110
117
112
100
109
117
106
127
119
123
132
117
123
127
115
136
89
97
109
107
96
96
72
82
96
107
111
91
106
110
126
116
94
103
134
107
117
104
115
102
113
104
99
82
92
101
93
103
77
90
90
98
102
99
108
98
108
99
112
95
108
109
100
107
99
109
103
107
112
110
105
104
116
115
117
105
109
104
108
99
91
53
62
72
86
18
106
94
39
53
95
93
37
48
68
68
84
84
99
98
100
113
95
91
91
85
98
86
100
94
89
104
88
99
95
107
95
106
98
104
93
102
90
89
81
99
102
90
94
89
91
106
104
96
109
101
107
101
109
102
97
92
106
103
95
106
104
101
84
113
104
108
102
107
104
112
106
114
128
106
105
119
120
109
103
119
118
108
115
118
109
128
110
122
106
114
113
125
88
102
114
118
109
121
102
113
105
108
82
97
97
93
105
101
98
86
97
79
97
95
100
94
96
91
112
85
102
60
66
105
86
102
100
97
90
112
104
78
84
95
94
56
72
74
106
97
79
71
105
92
99
68
73
94
80
83
93
109
101
112
98
100
105
103
101
106
112
94
96
76
70
90
84
95
90
100
93
83
89
90
76
59
79
91
50
104
74
71
57
66
103
42
74
74
91
88
87
90
89
101
127
110
106
98
103
88
102
94
94
111
82
41
33
64
95
51
104
37
81
0
