190
58
58
56
126
128
171
173
152
149
139
154
180
150
118
97
109
100
121
113
122
128
126
131
120
120
125
131
126
115
130
137
141
132
140
131
125
135
123
117
135
141
123
128
137
132
117
117
111
86
114
106
107
108
98
110
95
105
98
105
80
92
95
104
91
111
89
100
103
69
75
75
62
92
92
101
103
102
94
79
100
99
107
93
101
121
105
115
108
109
103
104
107
98
98
106
93
93
105
108
96
108
103
110
102
74
93
80
100
50
40
58
116
91
106
60
59
67
67
79
79
104
99
97
106
84
100
88
94
89
75
101
95
86
93
82
76
90
111
105
113
109
123
112
89
116
114
113
119
111
115
107
116
111
111
118
109
101
110
101
111
98
102
115
117
108
114
119
107
95
80
106
111
105
110
110
110
109
95
115
111
108
120
106
97
91
101
102
95
104
99
91
104
98
103
95
92
77
87
106
91
105
99
113
104
119
104
62
51
39
120
69
78
75
78
12
25
25
46
62
55
58
91
90
107
118
116
106
131
131
116
144
124
116
109
124
113
107
126
101
114
105
98
114
101
117
110
123
114
133
122
126
103
126
133
127
122
143
102
126
115
118
132
128
106
118
111
114
103
116
114
115
113
111
102
111
104
116
100
97
85
105
117
102
116
104
125
109
125
114
121
100
131
125
108
98
118
104
110
102
113
118
105
120
113
119
101
110
117
110
120
116
109
114
101
110
92
98
121
103
112
90
101
109
107
111
109
114
100
117
101
119
100
104
106
96
107
103
77
83
101
81
93
100
104
87
68
27
24
47
11
60
70
77
90
12
12
23
19
22
8
13
22
4
18
20
10
11
9
13
12
30
54
52
56
69
73
71
62
39
72
50
65
27
59
30
4
4
6
25
8
18
3
8
28
28
34
50
48
63
62
76
71
74
78
87
76
92
83
77
65
90
75
64
60
83
62
79
81
66
78
82
79
66
72
70
74
93
84
78
93
76
98
91
102
94
112
94
107
95
101
97
109
102
107
100
98
105
93
100
96
103
83
95
89
99
88
92
94
76
92
81
88
81
92
94
83
98
99
96
75
93
4637
4633
84
4663
4667
4675
4670
4654
4679
4696
152
161
131
121
136
59
161
88
62
116
153
78
110
42
5
20
19
18
56
58
89
85
104
90
99
101
115
118
121
122
129
115
127
123
129
94
85
118
106
106
105
138
118
113
133
122
144
140
153
132
95
2435
2432
2423
2430
2432
2424
90
2410
152
93
2432
126
142
133
121
131
130
118
133
135
149
143
145
134
135
114
96
112
76
63
91
63
65
60
70
54
47
60
59
61
58
58
48
50
59
69
57
95
91
96
103
99
115
116
131
121
136
106
116
116
119
112
118
115
112
106
110
86
102
107
99
95
108
94
104
109
98
105
98
105
94
99
109
109
108
104
97
94
103
89
98
76
89
82
78
89
87
91
93
77
94
102
92
82
105
97
89
98
100
83
73
63
88
84
66
66
86
79
95
74
95
93
91
81
95
88
72
90
91
93
88
97
89
93
97
85
105
98
91
96
100
96
100
100
105
92
97
104
95
112
93
98
91
102
92
101
100
100
93
85
97
78
96
84
93
83
91
83
96
88
104
90
90
72
99
62
67
30
84
49
20
37
4
8
11
17
26
34
30
51
49
65
55
65
63
81
80
98
98
110
102
109
103
110
107
108
101
101
108
98
106
107
101
101
107
107
101
106
102
110
100
110
98
111
103
111
105
103
110
82
104
95
99
87
95
85
91
86
102
94
96
96
108
98
106
94
105
97
98
87
98
93
103
92
109
97
100
111
113
105
112
100
112
104
105
94
95
106
103
96
103
91
102
97
103
108
110
100
102
97
89
105
108
106
107
96
112
106
121
111
127
119
125
116
114
128
119
111
115
106
108
110
111
88
38
42
98
72
57
93
44
71
2
3
5
4
2
6
18
16
33
31
33
42
47
55
46
43
27
44
9
8
6
5
4
3
23
33
54
45
41
46
32
72
81
79
97
96
113
98
85
105
87
125
110
121
108
107
110
108
116
98
97
111
99
94
109
99
112
99
107
115
119
101
114
93
108
100
88
109
117
104
108
106
113
111
124
105
119
99
98
110
97
110
114
103
123
109
113
106
114
103
100
114
28
59
43
91
76
87
63
38
4
13
10
15
31
5
21
4
9
4
17
29
21
37
29
24
44
11
35
31
7
9
8
50
64
57
59
73
82
78
98
94
105
105
130
129
131
140
135
129
120
70
114
96
79
93
108
100
109
97
117
110
118
117
137
113
120
107
123
117
127
120
134
117
120
132
127
117
120
111
113
105
96
107
91
97
115
99
105
111
105
109
109
123
91
133
56
45
70
101
79
88
97
86
99
105
71
79
88
100
100
111
107
110
107
99
86
87
102
95
75
92
89
98
98
107
102
85
90
68
58
95
89
90
90
91
96
73
91
87
96
98
109
100
108
105
29
77
86
20
74
73
48
41
95
7
8
7
3
7
9
28
46
33
38
48
21
25
24
17
22
6
4
5
5
5
38
38
49
43
47
69
81
79
87
79
96
94
108
83
81
113
102
116
103
113
102
114
103
116
95
100
117
87
111
101
108
100
101
113
104
113
121
130
107
95
103
96
100
108
120
105
104
100
115
123
113
117
100
109
120
124
116
126
116
122
108
122
129
132
131
119
103
94
123
95
76
44
83
104
111
75
54
90
108
99
98
80
71
89
87
93
103
101
111
98
112
99
96
92
110
109
106
105
96
108
91
109
98
105
99
94
105
108
100
108
100
104
92
103
100
101
104
103
99
102
92
84
103
92
64
81
70
40
28
34
91
21
102
52
3
7
7
33
18
34
34
54
56
67
70
61
77
78
76
79
78
96
94
84
97
90
91
85
93
91
89
93
80
88
88
87
98
114
97
108
97
96
105
97
114
105
109
103
91
101
99
97
90
104
93
97
94
97
95
105
96
111
104
100
111
94
110
99
114
111
106
97
99
112
106
108
111
93
111
105
104
114
111
102
105
96
109
103
110
98
105
113
117
105
109
120
116
113
112
107
108
84
97
97
72
86
68
48
54
92
91
74
93
48
99
88
75
74
92
92
108
106
108
99
104
97
112
100
117
99
112
104
114
106
119
106
119
110
119
105
114
104
109
115
93
86
109
97
104
99
105
99
109
100
109
113
122
106
114
112
112
104
111
100
107
95
108
97
96
107
112
100
112
111
108
114
100
113
103
114
111
104
110
103
117
104
119
113
83
55
103
66
28
46
37
73
101
4
7
4
5
29
13
17
15
35
47
47
34
57
64
57
70
72
91
90
115
123
123
96
115
114
114
104
107
110
87
95
105
108
100
114
108
117
111
118
102
103
104
116
85
91
107
113
106
105
118
108
93
118
108
89
98
89
96
109
95
107
97
92
82
94
95
110
79
102
96
128
131
112
4094
4099
4094
4143
4144
4144
4144
4130
4114
790
747
746
4768
786
775
772
778
791
797
134
142
152
127
136
149
120
134
118
135
126
139
128
136
123
124
134
127
124
112
102
102
112
84
92
117
105
127
126
125
130
105
118
121
128
122
106
118
137
120
110
116
69
85
52
57
108
35
99
55
6
5
6
21
6
28
25
26
25
47
62
93
96
97
97
104
109
140
142
138
108
91
110
102
110
103
119
99
105
100
97
103
103
83
98
70
94
85
93
86
93
85
92
71
84
73
95
86
98
92
99
88
102
79
97
95
99
106
81
87
91
97
96
86
93
73
86
85
85
85
74
92
75
89
79
90
83
91
78
80
4007
3998
4020
4024
4023
4020
4015
4025
110
118
124
121
114
125
121
114
166
158
169
165
155
160
138
158
146
149
104
107
100
100
108
107
94
95
101
88
102
88
86
66
92
76
102
99
102
90
104
92
101
88
100
97
104
93
85
109
96
109
78
116
120
108
109
120
106
97
87
86
87
113
95
78
89
104
96
89
95
88
100
92
70
84
70
87
88
92
94
84
102
88
103
95
112
100
116
110
122
115
102
87
126
107
72
116
116
103
125
107
109
124
89
96
93
108
107
123
112
113
94
103
105
122
107
121
117
118
115
110
116
109
101
108
87
105
124
106
110
123
134
122
133
123
107
107
117
115
114
128
128
120
131
120
137
112
135
126
141
131
117
121
109
114
104
119
98
103
112
115
102
113
107
123
112
106
115
104
108
125
118
127
110
121
119
127
82
114
38
67
97
60
39
58
23
135
3
4
13
13
17
27
46
50
58
73
64
88
85
103
99
108
111
102
94
113
116
90
82
105
86
71
79
64
97
101
102
94
87
59
102
90
59
89
104
96
94
64
44
86
94
91
90
106
103
118
107
86
119
86
115
108
88
111
103
103
89
78
97
99
105
108
105
118
110
119
106
123
109
104
100
113
115
103
103
98
101
102
103
105
107
96
108
102
103
94
94
99
100
102
95
111
99
109
120
90
83
65
120
55
36
75
45
102
4
6
4
17
15
5
4
6
4
24
10
14
6
4
8
14
14
24
41
52
42
56
55
74
73
86
85
99
91
111
103
115
108
110
111
99
103
106
101
114
112
100
101
106
110
112
101
105
94
104
109
98
95
105
116
106
119
124
104
118
128
132
122
118
103
116
110
96
107
117
98
23
48
76
80
65
108
58
44
100
9
12
6
9
14
29
25
14
26
20
6
13
6
17
16
3
17
7
14
3
3
7
18
19
7
18
10
19
9
12
10
12
20
21
24
18
49
34
45
46
45
63
62
71
66
56
57
76
76
62
85
78
85
62
97
80
78
98
96
76
102
90
90
105
110
109
93
80
99
114
98
106
130
114
114
110
121
134
135
135
135
118
126
122
128
115
130
126
102
120
114
111
98
107
103
110
101
113
101
103
102
121
106
118
107
117
113
118
110
120
111
118
106
110
117
109
121
116
119
107
119
118
110
105
114
114
103
115
103
111
107
109
100
106
104
116
101
93
113
100
102
110
103
91
115
98
75
82
104
88
105
97
112
110
113
111
105
126
111
118
106
112
104
116
126
116
125
108
121
112
111
119
114
102
88
103
97
101
96
105
99
113
100
97
97
112
101
118
112
108
93
114
114
124
110
118
99
105
115
108
86
91
97
102
95
109
92
97
99
117
109
99
110
83
53
88
120
31
37
62
68
9
22
36
33
29
20
20
21
19
36
33
42
49
26
36
37
26
25
28
34
86
101
103
65
63
102
116
132
134
162
158
182
133
85
113
101
158
113
69
111
71
99
75
106
72
65
87
71
70
129
116
142
122
127
115
273
247
228
207
263
265
265
257
216
202
80
40
74
64
46
53
25
57
33
20
7
3
8
18
4
22
36
51
48
30
61
61
90
91
85
90
63
59
61
89
42
90
5
19
18
8
10
6
9
8
8
32
15
31
40
14
66
57
85
35
54
33
74
72
83
80
55
82
76
119
123
106
106
131
96
131
74
96
120
109
104
101
81
97
80
100
97
130
117
129
108
115
111
119
120
122
127
108
110
105
107
130
124
116
126
117
131
120
126
118
120
102
98
88
73
69
56
135
10
13
18
16
24
19
2
13
5
8
17
13
14
21
25
41
47
70
46
51
62
64
54
79
80
98
106
96
95
72
107
98
100
105
104
90
106
106
122
131
110
123
127
135
129
130
135
123
128
147
148
160
144
143
124
137
125
91
133
136
127
104
124
110
120
115
113
120
118
81
117
103
84
121
137
121
105
116
146
146
125
125
142
135
143
150
147
57
97
111
116
145
129
92
129
114
125
121
69
61
80
80
99
100
109
97
97
97
95
61
80
61
91
75
97
93
95
101
99
94
66
84
85
70
80
101
95
102
126
134
120
134
126
134
73
75
86
82
104
98
115
104
95
111
83
104
92
109
104
111
98
92
103
85
78
75
102
95
90
80
70
101
98
100
85
92
97
103
97
77
104
98
97
109
97
105
97
106
98
128
117
125
119
117
120
123
118
90
122
79
86
97
99
77
90
101
94
100
88
86
100
98
79
99
90
97
89
97
98
93
115
107
118
119
95
106
123
112
119
96
107
97
114
104
98
97
111
114
96
103
96
114
97
114
108
109
102
108
102
103
110
108
100
111
108
111
109
112
103
109
103
109
102
106
103
99
104
106
101
107
104
107
100
110
103
99
113
105
89
108
112
95
109
95
104
116
114
124
119
105
126
118
126
123
100
104
118
105
111
103
113
105
97
85
106
101
94
105
91
108
94
72
103
91
98
90
103
88
104
87
103
93
108
96
107
109
90
107
110
114
99
108
95
105
93
95
109
76
82
94
66
106
57
71
90
84
65
71
86
74
97
95
93
69
79
79
92
96
83
98
90
91
98
94
103
98
80
91
95
91
76
83
93
82
74
91
100
99
97
93
116
96
93
104
102
106
102
99
109
101
106
112
105
114
101
114
104
100
110
114
106
112
96
118
105
105
117
93
117
107
74
90
114
99
104
95
107
94
99
94
104
92
98
98
96
109
106
102
96
111
86
97
91
106
99
108
108
106
115
113
126
111
111
107
112
114
119
124
120
110
118
114
105
102
120
105
114
101
110
96
109
104
116
93
98
117
98
106
103
91
111
90
106
96
114
96
101
104
99
103
113
111
82
88
82
96
92
100
94
114
97
106
105
112
110
106
95
108
82
89
99
94
104
99
115
100
103
106
104
104
115
118
105
109
115
116
116
117
111
118
108
119
113
112
101
110
102
99
84
89
91
73
85
74
90
80
101
93
103
74
83
78
83
85
66
82
64
75
77
83
64
75
88
85
70
70
97
93
96
152
144
85
32
126
76
111
102
113
124
6
3
17
10
20
16
11
22
20
10
17
6
23
18
19
32
29
44
61
59
62
78
76
61
95
89
110
111
115
106
108
106
118
102
93
97
112
77
111
99
101
95
101
81
83
104
112
112
94
108
102
110
109
92
100
96
89
98
85
101
89
102
93
103
107
91
99
108
96
89
125
110
104
123
92
119
109
120
109
103
118
105
115
95
112
107
131
138
112
126
117
113
129
116
109
89
117
116
109
111
96
105
95
103
108
107
123
100
84
99
96
88
86
104
93
104
104
93
110
112
104
98
115
85
100
108
89
95
107
94
109
96
91
85
84
76
109
101
99
79
85
104
97
109
118
116
109
107
118
113
109
121
105
92
51
63
108
32
75
103
48
80
4
5
5
3
20
27
29
39
17
35
15
36
27
41
49
53
38
4
7
10
12
5
8
6
8
4
5
9
2
2
4
20
8
19
48
48
40
57
54
73
70
72
98
95
81
98
89
109
102
112
98
114
108
120
110
126
96
123
109
103
110
100
108
113
106
118
115
123
121
116
131
123
122
84
72
106
115
91
101
114
111
102
108
109
118
95
85
112
101
100
94
108
78
86
95
106
70
91
98
83
110
65
84
78
78
83
83
85
93
87
71
82
89
89
106
92
92
98
77
66
99
49
87
77
65
77
83
81
74
42
53
53
59
79
70
87
61
76
78
93
101
111
98
98
89
103
71
86
87
106
104
106
112
109
119
115
110
117
103
115
109
112
107
107
112
113
90
104
93
104
97
93
96
89
100
91
98
89
96
78
101
89
102
86
100
95
96
76
92
84
103
96
105
99
102
94
51
71
81
49
87
100
89
86
81
89
76
61
61
81
82
101
97
105
103
94
107
109
97
110
103
97
108
103
109
107
87
98
98
98
86
100
94
106
104
105
113
106
117
130
127
114
110
117
112
110
120
92
101
93
101
89
96
103
103
74
86
92
117
106
116
109
113
104
112
73
87
86
69
62
43
80
17
32
55
26
86
98
3
8
17
7
18
13
24
47
41
51
50
67
73
83
92
92
104
110
93
85
92
117
107
117
106
108
67
100
89
113
98
95
106
95
103
106
116
103
110
101
104
117
103
114
117
106
120
111
96
117
109
122
108
102
120
121
113
116
128
115
115
125
98
116
114
104
107
92
104
105
115
106
93
101
100
107
104
92
115
109
90
102
110
115
96
100
107
72
92
99
90
104
119
105
117
104
114
96
79
89
96
106
99
108
98
102
95
107
95
107
92
105
110
99
98
110
108
102
106
113
96
106
101
113
115
118
103
114
115
107
115
108
115
103
115
105
119
114
105
117
104
90
39
59
78
112
51
31
68
7
5
12
19
29
25
22
18
38
55
62
67
69
66
76
84
92
82
105
113
91
102
112
127
113
114
131
124
107
112
96
111
127
123
119
124
113
123
124
104
112
111
109
129
118
135
139
126
135
123
90
58
26
80
104
41
105
69
48
125
4
3
4
21
12
19
21
36
27
9
13
32
4
4
3
17
22
24
31
20
23
25
59
60
61
85
105
85
106
104
127
94
126
109
110
121
127
135
138
121
136
132
135
124
127
128
116
142
139
145
122
132
98
118
121
122
93
96
92
100
113
103
123
117
133
110
126
55
107
79
41
99
41
90
6
2
54
51
48
32
29
22
14
34
30
25
53
4
5
25
20
17
8
5
4
6
21
5
19
42
60
68
57
88
86
90
126
139
132
160
175
171
189
157
176
170
151
131
34
31
53
107
41
124
65
134
86
76
3
3
16
3
3
16
29
24
50
43
58
67
51
51
52
81
78
99
94
113
102
101
109
104
118
113
129
110
125
111
94
116
69
80
110
65
100
107
94
89
111
76
114
90
90
93
94
114
98
90
98
112
106
74
70
81
42
89
21
103
67
32
82
18
6
10
17
15
9
13
9
16
19
10
16
8
15
6
21
13
8
22
44
47
42
14
10
15
10
3
4
4
25
15
11
46
64
60
52
51
41
69
67
69
91
90
89
102
108
103
119
105
121
105
99
107
87
109
99
95
88
100
89
91
100
97
91
107
107
133
132
133
130
131
122
128
121
127
119
95
89
75
90
82
91
93
73
81
96
89
91
105
108
96
81
92
73
75
94
111
104
94
102
95
101
99
114
114
89
118
110
120
110
102
114
121
106
122
111
98
96
94
74
90
84
97
85
99
83
86
99
98
88
86
87
81
89
84
94
84
85
97
98
97
121
86
88
65
74
109
119
98
113
89
87
78
77
72
65
79
73
91
85
93
93
101
91
99
89
99
103
98
84
104
102
91
90
76
96
96
87
97
81
96
92
75
96
91
84
95
88
88
76
94
92
97
80
94
91
94
94
105
95
100
93
72
86
96
78
90
102
98
88
93
99
80
83
94
93
87
69
57
79
78
74
86
57
83
92
87
88
100
99
101
112
84
110
82
90
79
85
75
88
81
90
82
87
83
70
86
75
69
76
84
70
73
93
82
84
83
89
78
89
71
78
84
69
87
75
86
82
85
77
60
76
79
89
80
99
91
84
95
91
81
98
106
93
95
92
81
73
73
73
91
81
92
92
98
89
100
100
105
106
100
95
81
84
97
97
86
94
85
88
80
81
81
90
78
86
82
61
76
71
72
87
78
86
77
85
89
19336
19342
19383
19362
19383
19375
19364
19372
19388
143
120
134
111
80
59
96
35
58
32
51
62
7
6
16
30
37
39
40
35
30
89
98
97
78
72
93
92
105
105
107
97
106
102
121
104
114
133
117
111
121
116
106
102
111
110
101
107
97
118
110
116
108
111
97
120
118
113
93
105
99
101
90
62
53
46
33
45
104
76
100
75
24
26
49
46
61
56
63
58
40
62
61
89
62
58
80
97
82
83
97
83
87
94
100
87
101
78
100
89
98
95
89
100
91
92
98
89
99
88
105
91
94
101
99
86
99
98
104
115
99
108
97
73
80
78
87
67
99
85
82
97
93
108
107
126
118
124
99
98
104
93
114
104
123
108
125
107
117
105
120
118
117
75
110
89
64
96
103
91
100
100
79
54
69
71
84
94
88
95
106
108
101
118
109
100
113
116
107
105
97
103
89
102
95
102
94
101
103
103
89
84
66
91
80
78
112
98
106
98
87
107
99
110
96
102
99
89
89
100
86
75
100
95
98
98
110
78
90
90
101
112
109
110
98
94
101
100
91
92
90
101
113
113
106
122
106
125
109
118
112
121
112
120
104
118
103
114
106
96
108
117
115
114
104
99
109
109
103
115
105
125
110
118
78
100
106
86
113
109
108
96
103
92
78
105
81
97
90
105
102
99
108
89
109
103
90
115
98
96
107
89
108
103
110
106
111
114
130
108
104
110
124
113
112
116
109
111
129
101
99
110
114
111
122
107
115
104
115
108
96
117
110
99
107
93
87
100
98
101
95
107
96
101
101
112
93
109
96
66
54
44
34
32
109
87
74
5
3
3
17
23
28
35
33
62
60
69
70
78
76
84
100
85
100
119
117
118
107
120
112
117
107
116
96
111
100
116
118
100
90
28
83
73
55
39
107
56
25
118
3
3
22
24
46
55
53
66
65
82
75
95
94
107
114
103
103
108
98
54
87
31
15
67
107
44
9
23
81
69
88
101
102
63
73
65
72
93
94
114
104
103
53
85
76
94
31
19
66
86
36
5
3
8
2
6
2
6
18
2
21
23
14
11
14
19
17
8
18
13
21
19
44
61
52
57
54
61
55
91
83
62
106
100
114
113
123
121
131
130
108
94
82
111
130
111
120
104
119
115
111
105
127
136
126
142
151
153
133
150
155
136
166
150
160
172
160
180
145
179
164
113
128
150
160
149
89
118
113
118
109
123
112
152
167
169
160
151
141
157
274
266
238
253
222
262
304
306
344
328
246
246
197
255
247
215
144
117
129
121
114
104
105
107
92
123
106
116
102
115
100
104
115
77
114
114
82
106
92
106
94
102
85
105
87
88
111
100
117
110
130
119
130
124
126
131
78
118
88
62
127
105
53
99
83
88
88
87
45
74
83
48
49
51
55
56
60
81
46
4
23
17
28
56
55
74
75
66
84
82
101
99
118
109
122
111
120
115
119
121
124
110
122
81
88
108
101
65
110
104
114
103
111
88
104
104
115
116
126
77
77
70
67
62
45
115
91
101
6
4
6
4
30
6
24
19
21
5
13
4
6
21
18
31
37
33
33
27
35
17
14
35
33
45
29
23
26
49
6
7
19
16
5
6
16
17
13
23
9
12
38
49
58
74
71
83
83
92
103
115
106
124
125
135
135
136
154
150
129
135
120
124
123
117
135
143
116
133
138
132
618
587
541
553
535
516
508
602
607
572
9
22
37
34
25
23
42
55
48
18
6
9
25
7
17
12
15
18
16
16
9
19
6
12
19
16
22
21
19
34
51
47
37
49
66
63
76
75
92
99
87
96
99
98
113
98
107
85
93
89
101
105
78
92
95
79
84
92
92
84
106
92
102
95
86
104
103
100
109
108
93
84
88
90
101
70
103
91
102
94
101
99
93
103
103
65
70
88
83
88
82
91
70
79
83
82
97
92
77
96
89
85
98
96
90
96
90
95
91
89
89
92
81
100
86
87
80
93
96
78
81
87
70
72
88
91
85
87
99
79
96
95
59
93
93
105
100
94
92
83
103
100
93
91
79
82
106
97
113
106
107
103
113
112
108
120
101
109
95
104
90
86
98
100
102
94
88
102
82
89
100
89
97
97
87
92
88
95
88
88
88
87
77
95
82
69
78
73
79
87
83
83
89
87
88
89
89
91
85
69
101
75
75
70
99
85
74
51
92
77
66
12
25
87
43
13
34
33
46
62
60
67
68
84
84
82
79
98
107
96
109
96
110
98
115
102
110
102
112
114
110
103
107
104
108
105
105
103
93
103
106
103
109
101
108
105
107
110
91
110
102
117
104
116
103
117
100
102
101
113
106
108
97
112
101
115
106
115
107
105
111
112
104
110
102
109
98
105
110
115
109
114
111
114
107
117
109
115
113
114
111
116
107
115
105
102
109
89
62
51
82
34
36
108
99
70
50
12
9
5
14
25
25
40
50
49
58
69
52
66
70
78
86
80
80
97
93
73
89
100
94
100
78
43
88
34
45
96
45
27
63
8
26
42
40
44
57
55
52
75
69
81
91
89
97
87
100
87
96
85
92
100
88
92
86
86
93
82
87
92
98
90
99
93
95
101
102
78
95
72
51
65
78
38
58
89
86
38
90
53
55
79
80
97
89
110
109
118
112
122
110
112
114
102
112
100
104
111
102
110
104
103
114
116
104
123
122
121
109
116
109
112
129
82
132
93
97
88
85
77
65
66
78
64
78
77
79
78
69
52
67
71
53
52
82
70
81
78
93
42
111
112
123
120
119
110
116
119
136
135
125
118
135
125
119
136
125
128
111
114
113
110
120
116
101
114
108
107
97
107
97
99
109
113
99
104
115
98
104
117
120
107
116
114
112
114
111
115
118
116
109
119
108
117
107
103
110
109
105
97
109
103
109
106
88
102
97
89
107
104
95
101
99
92
83
75
95
81
94
88
104
87
99
97
98
98
106
93
95
106
106
85
99
93
86
96
99
105
92
84
98
95
97
93
99
84
92
84
95
90
109
83
90
99
106
100
118
105
94
109
98
93
32
64
54
107
43
48
114
84
72
5
16
30
36
33
49
59
59
61
61
75
62
74
84
82
96
95
111
104
69
95
90
90
111
106
109
102
119
110
117
103
115
112
113
105
109
117
100
112
117
105
120
116
121
113
113
118
123
113
107
121
112
120
118
106
118
111
116
107
117
113
116
114
99
117
105
118
105
118
111
121
114
130
112
112
125
126
114
119
113
115
122
126
84
107
119
96
36
74
61
59
40
3
4
15
6
20
32
55
64
72
66
85
69
73
74
84
69
99
98
102
93
100
90
99
88
83
101
97
100
95
98
107
92
95
111
97
101
107
85
99
84
96
79
104
65
93
91
59
84
110
110
122
107
117
97
111
118
117
85
108
100
117
119
99
105
115
111
109
116
108
90
101
91
101
97
88
100
86
88
96
102
79
103
104
117
109
93
97
109
86
114
111
108
101
111
107
92
95
114
102
109
116
100
104
98
77
85
94
86
105
99
110
98
118
106
114
100
120
108
120
113
116
111
90
114
106
120
105
118
107
117
112
130
118
119
99
107
47
41
57
67
36
80
86
5
5
5
18
27
33
35
37
53
47
44
56
84
81
94
93
100
111
113
104
94
118
113
120
113
112
120
124
117
111
128
111
108
121
109
121
106
126
107
105
119
106
112
115
101
114
102
119
112
116
106
117
115
111
103
106
108
107
100
103
104
98
101
101
109
108
99
88
97
97
102
92
118
102
111
103
116
108
100
110
103
77
82
97
90
86
100
97
86
89
97
82
88
111
100
93
98
113
101
96
84
96
102
84
99
96
102
89
97
107
98
91
85
88
95
76
80
90
74
92
84
101
99
89
94
101
87
86
86
83
95
91
80
75
90
85
93
84
74
98
97
100
95
98
108
106
106
111
101
102
100
102
90
93
106
98
88
101
102
92
92
97
93
75
103
88
87
106
91
75
80
106
111
93
114
108
118
104
97
98
114
107
118
103
99
112
112
100
112
101
110
101
100
106
109
87
99
104
86
92
105
108
92
94
104
97
112
103
105
98
97
88
88
88
80
90
95
84
108
94
104
98
109
102
99
115
80
95
84
102
95
111
99
113
117
117
122
107
114
119
110
106
99
101
90
97
94
97
98
93
101
88
99
104
113
108
121
116
136
119
132
131
130
125
119
112
116
94
126
105
91
107
81
111
118
118
92
100
109
102
83
80
112
114
99
96
492
489
487
473
511
504
504
470
460
451
12
12
24
13
27
29
35
28
53
53
72
87
85
101
94
102
117
99
135
134
143
126
127
137
135
125
122
121
149
130
140
136
129
139
132
127
135
109
136
130
122
110
118
105
115
120
110
118
28
72
50
40
99
106
60
85
78
23
22
13
20
43
49
49
42
14
37
12
33
44
5
22
21
31
34
30
13
34
58
66
58
52
72
69
90
88
106
97
116
118
121
120
114
126
117
123
111
96
129
117
135
120
139
120
135
141
126
126
142
123
139
138
123
133
126
134
126
133
122
132
118
117
133
101
123
119
115
118
101
116
102
112
115
107
120
113
114
128
124
116
137
125
139
130
124
138
140
131
141
129
132
117
130
115
130
118
127
113
112
124
129
104
111
130
123
138
127
143
138
151
165
177
151
165
156
164
155
155
128
135
114
134
130
149
155
140
158
152
143
159
151
135
122
134
113
70
61
35
43
128
83
104
94
13
13
35
35
63
56
63
82
79
73
78
68
74
96
94
105
106
121
108
131
120
139
125
127
111
133
129
122
126
129
122
121
129
76
84
105
103
116
122
110
105
128
123
108
112
105
121
107
103
57
100
86
117
24
80
119
67
42
4
4
5
23
12
23
7
26
34
33
31
21
19
20
7
17
14
29
35
45
46
46
40
72
62
77
74
93
83
94
88
107
107
120
112
116
108
104
111
109
102
107
100
106
103
108
102
104
112
113
108
114
112
113
105
114
106
111
103
113
106
99
109
112
105
110
103
103
112
110
102
106
114
113
106
106
113
109
107
105
108
106
98
106
98
105
98
107
110
88
109
96
112
96
96
108
93
107
110
95
113
103
100
111
97
109
107
104
101
108
99
80
101
99
113
100
114
76
107
89
92
79
99
90
100
91
102
92
75
74
73
101
94
82
102
96
88
98
99
90
105
93
94
100
107
98
110
101
103
111
104
84
89
102
92
96
81
98
80
92
80
96
88
67
96
88
90
89
97
90
94
75
66
89
96
94
100
88
92
92
88
75
88
81
94
86
94
89
97
90
91
92
99
77
64
88
90
78
87
77
71
77
91
80
87
71
87
80
88
73
88
74
85
80
81
75
95
86
93
94
82
83
94
89
81
71
88
93
81
70
76
81
88
95
76
90
84
98
94
103
95
91
95
86
88
96
93
85
93
82
117
110
116
117
107
113
93
106
69
107
72
63
88
80
82
94
79
79
80
90
98
111
88
95
89
94
101
113
113
114
101
108
98
100
106
102
108
95
94
79
18795
18792
87
18833
18824
18847
18845
18846
18859
18848
164
153
131
123
135
117
109
126
127
116
113
119
133
118
113
133
135
122
131
141
133
128
142
0
136
126
115
143
127
129
120
110
108
109
122
102
134
132
145
140
170
171
156
176
156
167
170
171
199
188
197
181
189
186
190
177
175
162
133
120
119
107
120
121
113
109
116
118
110
112
115
100
117
104
113
107
111
100
122
101
118
95
101
113
105
103
114
96
104
96
108
100
110
97
109
119
104
114
109
116
110
112
118
116
114
117
119
113
114
100
110
103
93
104
108
96
105
102
114
106
102
97
86
95
95
102
98
63
74
84
91
74
73
81
60
60
88
107
89
89
59
95
66
68
81
76
81
81
81
93
103
92
91
88
86
96
85
92
89
101
96
86
61
69
46
83
73
96
88
77
85
86
71
97
94
89
74
91
82
91
113
102
109
98
102
104
94
94
95
105
109
106
100
118
111
122
110
104
112
106
116
104
97
123
104
107
122
100
119
110
98
107
115
103
113
110
122
101
51
74
82
60
45
90
43
120
5
3
2
38
15
18
11
16
13
19
5
3
4
4
5
14
12
8
20
35
49
51
46
61
68
86
86
101
93
91
116
107
123
112
107
69
68
62
55
45
35
102
94
83
5
8
9
9
27
33
29
37
33
44
37
43
22
54
44
25
9
4
5
3
23
19
24
26
17
45
39
42
53
52
56
61
47
54
69
55
80
78
85
98
84
97
91
89
79
87
93
89
96
94
83
68
70
76
81
73
83
82
90
74
82
65
86
78
75
76
96
106
99
82
106
98
81
83
95
97
112
101
117
105
105
103
113
111
119
110
106
89
98
99
111
114
108
87
84
112
123
113
123
119
117
85
98
111
89
96
102
91
98
81
89
99
96
89
101
106
91
115
110
117
124
105
122
115
110
116
94
101
107
90
87
91
91
101
106
113
110
101
105
109
110
104
112
110
96
104
109
98
92
110
115
98
88
100
108
91
68
53
67
46
65
76
102
79
72
75
91
75
83
91
90
97
107
111
91
92
92
110
102
110
97
111
100
113
111
102
114
111
100
97
111
108
94
87
94
105
96
106
99
103
107
113
128
109
120
111
105
118
105
116
89
105
95
84
95
90
97
87
95
80
93
106
105
94
1386
1384
1374
1362
1369
1343
1356
1353
1332
40
10
9
5
7
9
18
13
14
41
50
53
70
70
91
92
112
104
84
76
65
62
48
37
99
97
103
11
7
7
11
26
22
22
9
19
40
39
45
62
59
70
61
80
89
85
106
101
103
90
98
64
118
111
114
101
80
75
58
95
95
87
112
135
115
101
97
123
123
135
134
124
125
130
117
131
123
126
116
104
121
108
120
115
103
117
117
110
118
113
95
123
111
98
128
121
84
106
109
94
294
103
322
323
296
299
39
222
313
297
66
290
292
6
6
4
5
4
4
11
9
36
39
18
35
52
50
19
31
43
9
8
22
47
30
20
27
12
16
18
7
28
26
15
7
21
12
26
45
24
44
56
42
54
43
33
32
36
35
95
94
110
109
115
98
83
93
92
93
105
111
123
107
123
122
145
119
130
129
143
122
131
123
120
129
127
125
121
129
134
131
121
131
137
133
146
139
148
140
138
138
146
136
123
128
127
108
122
112
107
122
89
109
103
106
115
100
114
106
117
105
114
93
109
109
107
96
107
93
103
96
88
102
102
98
101
91
84
89
82
94
100
102
93
98
97
93
96
97
110
92
100
99
89
96
94
99
108
87
96
76
89
79
94
84
86
100
106
100
109
96
83
69
97
90
81
95
86
94
78
61
60
78
78
149
148
149
152
158
155
163
161
162
97
101
100
90
105
102
89
80
84
99
98
92
108
96
91
83
103
98
95
109
94
107
96
102
95
107
91
97
96
83
99
86
87
87
70
62
69
96
82
50
84
78
88
86
70
90
61
72
68
70
75
82
85
83
94
80
92
74
82
89
86
81
86
103
88
86
79
93
82
77
85
91
82
82
89
93
81
89
79
106
97
93
101
104
104
108
104
115
104
99
89
93
101
102
91
79
98
92
105
91
99
88
99
88
99
92
96
95
104
100
107
102
111
104
118
111
117
109
114
116
115
112
97
104
97
89
82
98
111
130
115
131
137
147
145
153
151
139
137
106
123
107
103
99
100
105
113
106
98
88
103
85
102
81
98
91
98
97
106
88
87
100
93
97
104
94
96
90
99
81
91
90
95
100
89
106
98
107
97
111
104
109
112
111
97
107
110
86
106
97
103
93
103
83
90
94
85
94
92
110
91
97
93
104
98
100
90
95
94
89
94
87
84
73
91
101
93
107
90
88
94
73
93
89
95
86
90
85
88
84
93
84
89
84
94
72
90
81
89
91
86
87
87
97
85
93
93
75
86
95
82
88
95
82
89
83
98
84
77
69
94
86
92
84
81
66
73
87
87
68
81
87
89
87
65
74
76
93
84
84
82
94
87
92
86
85
80
97
89
105
95
104
102
102
109
110
112
112
110
111
115
102
101
108
100
119
111
102
114
105
94
106
93
89
97
88
94
100
100
99
110
99
101
103
106
73
83
91
114
100
94
102
97
105
91
76
71
103
103
122
122
102
116
118
117
118
77
89
102
97
91
80
105
92
105
91
81
101
103
103
106
58
36
80
14
87
49
66
8
6
8
4
3
2
34
4
12
11
12
21
27
18
64
58
94
64
68
66
46
65
75
43
57
40
66
29
31
34
32
18
23
25
21
22
4
6
4
22
9
4
6
27
31
40
58
57
63
83
79
98
95
110
103
101
117
114
107
112
104
111
103
120
117
122
121
119
114
113
110
115
103
104
95
102
90
101
90
111
103
93
103
103
96
83
104
109
122
101
111
108
114
122
128
127
118
105
118
111
111
103
97
110
106
94
105
98
95
106
108
100
105
96
94
106
116
96
107
116
106
92
116
104
120
101
107
97
104
51
88
77
82
68
26
32
40
114
8
4
6
5
21
24
34
22
43
58
74
80
59
87
84
98
96
112
109
98
123
112
114
98
110
97
85
103
90
101
96
96
100
105
104
109
109
108
116
119
110
113
125
122
113
121
117
125
124
115
108
110
102
117
102
115
116
109
107
112
91
97
122
97
71
94
105
79
99
99
91
88
98
95
78
77
90
79
83
95
43
65
65
50
84
92
106
91
108
87
105
103
123
109
106
117
106
101
89
98
85
94
103
112
103
108
112
107
117
96
43
125
112
22
24
52
68
41
105
89
4
24
33
37
52
54
50
54
70
70
75
62
72
64
89
88
88
83
82
75
86
87
82
80
71
88
71
105
106
114
114
99
99
89
93
90
107
112
103
113
100
122
116
103
111
108
78
93
111
103
105
93
96
86
102
88
86
87
105
104
111
105
116
114
117
104
110
101
92
117
97
111
102
112
102
111
114
117
76
57
32
98
113
93
64
49
37
22
3
4
25
30
23
20
46
50
58
27
27
27
26
50
58
28
35
7
9
18
16
13
19
9
5
20
17
32
42
40
68
67
54
62
65
81
91
83
85
92
101
55
95
78
46
47
98
93
38
48
10
11
28
40
38
36
58
57
69
67
82
75
70
84
84
42
96
75
56
61
102
85
94
90
100
87
77
100
91
87
105
105
113
119
115
119
92
99
109
92
108
101
100
110
102
104
94
108
97
96
82
98
87
90
79
69
85
66
85
84
92
106
88
108
111
111
108
77
117
129
127
104
101
87
106
57
57
61
99
43
32
54
53
84
9
7
9
23
27
31
42
38
43
51
48
47
68
68
82
82
99
100
117
99
104
98
85
99
106
106
109
98
112
99
112
110
107
125
125
118
119
126
109
118
101
98
112
103
94
101
100
102
96
94
84
99
96
96
112
61
79
62
91
73
105
87
101
95
104
103
92
87
108
107
87
94
116
85
104
94
118
104
115
102
115
112
127
129
135
120
110
113
92
101
107
101
104
96
94
103
105
95
98
106
99
106
104
96
102
97
100
52
94
71
62
81
98
92
103
92
106
104
120
119
106
98
111
103
109
100
104
108
112
108
114
101
106
113
89
98
110
112
93
91
101
87
103
95
103
114
99
109
107
128
105
89
114
96
101
83
109
93
97
105
76
99
88
84
90
98
92
103
108
102
102
97
90
106
94
87
86
88
91
79
74
59
49
83
76
56
69
56
64
61
53
62
51
54
64
59
64
76
63
62
71
69
77
77
75
50
18
64
67
44
61
70
21
70
17
32
25
4
2
7
4
2
6
7
9
2
3
4
2
2
7
9
13
5
7
3
9
8
3
16
10
5
8
15
14
4
10
4
10
11
19
22
22
22
45
51
56
47
46
34
35
35
42
31
36
34
6
12
22
18
20
35
23
6
44
8
18
19
19
10
14
7
21
34
36
40
30
22
28
121
125
141
130
70
70
99
100
120
120
128
112
122
110
130
115
121
113
126
120
127
128
121
124
117
122
115
124
125
124
113
131
123
132
111
120
140
148
127
145
124
129
141
143
119
117
133
119
132
138
132
133
118
120
132
122
114
121
128
115
128
120
109
126
116
126
110
126
112
124
119
92
126
99
34
121
21
77
58
64
44
6
5
19
4
5
22
9
29
19
51
48
59
61
73
72
94
93
108
108
102
116
115
115
106
119
107
124
119
137
126
131
103
133
118
128
109
120
111
113
125
132
121
114
116
122
111
123
113
106
117
114
112
113
102
107
114
114
100
104
113
110
99
110
103
100
111
116
102
116
105
114
117
119
110
104
116
105
112
108
88
94
107
97
104
97
106
99
118
102
107
102
115
107
114
101
114
102
122
110
123
116
110
121
123
116
124
121
111
110
119
118
123
112
111
119
109
117
124
105
116
106
118
81
44
72
27
93
50
101
65
111
9
7
5
26
24
37
48
70
68
68
52
70
59
54
79
72
89
86
88
111
104
124
34
22
86
101
92
56
70
101
41
3
11
7
4
16
5
10
24
19
6
7
4
9
12
8
15
7
5
190
20
101
97
114
122
118
150
86
87
87
106
104
100
109
99
119
116
108
120
118
107
115
104
115
118
115
104
107
109
89
106
121
106
98
100
107
109
116
113
106
106
123
116
104
123
110
135
128
151
126
137
103
129
142
101
106
131
101
125
108
110
118
101
95
119
115
126
102
104
104
118
62
37
75
100
46
31
110
57
96
4
12
13
34
19
21
13
16
21
34
4
14
24
28
11
36
29
13
45
19
34
11
9
30
42
42
46
49
57
56
48
59
72
70
79
79
99
100
117
101
118
106
111
91
82
105
71
61
114
85
98
97
85
91
93
98
98
113
113
97
110
84
99
107
102
90
103
85
88
98
97
99
84
101
94
108
98
111
103
110
111
112
99
106
97
104
113
108
101
108
97
107
85
99
113
103
114
99
88
112
96
103
87
91
84
99
70
86
100
83
75
83
87
80
93
78
93
86
98
88
98
94
100
91
75
103
89
98
86
105
93
107
99
107
100
110
104
113
104
103
106
86
106
94
87
100
94
82
73
91
78
90
84
98
89
100
90
107
99
102
96
102
95
97
99
89
95
79
86
94
101
80
85
94
92
97
95
91
95
92
109
106
92
97
99
95
101
103
102
89
99
92
104
97
104
98
116
100
98
110
100
107
104
99
110
101
19458
19481
19477
19514
19510
19518
19523
19532
19522
19540
172
142
162
117
109
132
87
105
121
110
105
98
111
112
97
126
117
132
130
137
130
146
136
124
117
84
48
70
57
101
34
29
29
77
7
13
6
19
16
49
53
54
56
52
77
75
96
99
109
94
174
165
174
186
183
169
177
170
94
180
85
103
95
94
91
84
92
86
82
83
95
93
101
103
107
92
96
91
104
77
89
86
68
101
65
55
92
90
99
78
94
93
104
104
91
104
96
99
94
80
100
100
94
101
89
102
100
118
102
113
105
99
107
117
116
89
110
96
99
101
95
103
105
93
102
97
95
95
113
122
103
98
91
102
109
97
90
113
105
112
93
102
103
103
100
104
73
102
68
106
98
118
105
121
108
128
115
116
133
95
118
115
110
76
38
91
66
55
37
64
59
74
97
3
4
16
9
5
4
3
8
30
28
45
45
25
44
51
26
10
53
31
49
30
46
60
36
37
29
34
45
45
44
72
72
88
87
87
96
98
94
99
93
97
48
82
65
58
76
84
83
89
107
95
113
78
98
96
98
120
112
118
98
108
86
95
80
100
98
98
113
98
109
98
110
101
103
95
94
105
102
97
103
101
101
97
106
105
92
116
105
113
93
101
109
99
110
107
102
111
103
95
114
98
108
113
102
115
109
95
94
96
97
95
73
73
97
88
87
96
77
102
88
91
78
90
84
94
94
86
98
90
89
81
74
102
90
103
92
98
95
93
98
79
88
83
71
99
89
99
95
104
111
103
115
116
115
103
84
98
72
45
63
115
104
91
97
86
78
69
88
87
103
101
115
113
116
108
87
93
109
92
81
97
102
97
102
89
106
89
109
103
115
106
108
98
115
110
104
118
103
115
94
111
102
100
87
118
109
87
112
121
113
92
98
111
102
102
109
101
110
95
97
108
103
97
108
115
95
74
96
82
85
115
105
111
96
101
98
96
110
112
83
116
102
97
85
99
75
86
94
85
93
76
73
84
90
93
77
91
95
85
91
97
94
107
79
92
99
102
91
97
91
100
90
96
89
88
87
98
85
82
94
75
93
80
84
90
89
87
94
91
88
100
96
87
102
94
80
91
70
79
32
30
86
40
32
52
48
64
25
4
3
9
19
20
26
29
48
23
60
18
41
22
51
13
37
39
40
73
83
72
92
94
98
83
82
91
99
113
109
109
107
116
109
115
135
126
97
674
669
682
673
690
694
666
192
88
87
79
58
43
193
681
5
24
29
33
31
55
66
66
70
85
87
119
99
101
87
82
69
69
50
105
116
4
14
22
31
28
47
61
68
69
71
52
23
41
64
32
43
32
8
17
16
12
18
17
4
2
29
39
30
31
27
30
14
25
23
38
36
54
51
69
78
86
99
80
101
99
109
107
127
118
130
111
119
123
108
120
109
94
104
114
101
107
122
123
114
123
124
138
130
134
125
121
130
129
127
129
118
124
109
120
107
127
122
130
122
125
133
138
132
139
129
132
124
107
130
114
131
117
121
123
116
120
122
115
112
98
102
91
101
99
87
100
97
114
99
112
99
100
101
111
106
109
511
507
510
514
524
524
526
529
518
539
126
316
309
312
303
305
316
310
304
318
150
126
128
140
114
124
135
126
138
126
101
94
117
123
111
114
107
103
112
97
98
86
98
106
114
136
141
127
140
128
138
126
140
129
113
107
115
102
115
102
115
100
117
105
121
107
122
121
114
55
101
29
23
20
9
108
76
70
44
82
5
13
12
40
37
37
46
45
46
68
68
85
75
88
90
104
100
106
99
108
112
106
116
107
119
107
121
105
114
122
118
104
104
117
108
115
116
109
100
134
122
141
128
139
130
141
131
149
115
125
105
114
127
108
113
108
115
104
101
108
110
101
87
94
101
99
103
86
107
98
106
109
98
104
110
98
113
94
105
107
102
85
104
90
100
92
74
87
92
86
92
81
81
93
85
96
95
96
101
92
95
101
106
96
100
93
101
97
103
100
90
99
96
83
94
86
90
77
90
79
81
106
90
96
105
106
101
104
109
101
111
100
111
99
106
94
79
89
100
98
92
97
72
85
85
87
86
100
99
99
22
70
52
80
79
45
87
92
33
