989.621900
860.459700
845.828200
955.602300
963.496200
831.538300
901.638400
970.642100
829.844000
852.990800
955.116700
775.455600
909.498200
928.159800
929.683500
905.635500
904.426300
756.728600
944.889200
894.954900
922.600500
710.113700
886.560700
876.076500
787.281400
779.312900
779.812900
779.292000
764.868500
744.190300
724.675300
753.593300
721.941700
716.474200
755.475300
620.516200
741.444600
616.529700
727.300800
625.111400
691.280100
937.613800
715.903800
661.439400
667.541500
613.095500
701.212900
551.422200
538.054400
635.714800
791.433300
634.348500
599.087200
718.423500
718.276100
465.734900
596.093700
547.726500
669.944300
703.087200
386.612700
453.566000
707.688100
522.445900
