30
50
190
30
298
299
408
411
453
469
456
374
526
571
481
594
377
467
530
568
545
546
549
581
546
582
649
650
671
656
684
704
708
742
740
776
775
776
791
827
831
863
833
833
861
925
924
928
956
956
862
776
929
1012
1055
1011
1038
1061
1005
1045
1013
981
995
1036
1078
1051
1030
1057
1051
1081
1056
1066
1007
1016
966
1014
1010
1009
991
996
864
891
973
956
227
991
609
601
952
656
491
406
797
376
785
934
751
572
285
444
987
275
252
214
177
719
638
489
797
690
494
863
880
848
396
867
771
460
494
1017
308
337
197
739
938
486
418
480
374
1014
165
145
507
268
132
131
127
214
254
273
269
296
297
309
313
324
348
350
380
378
405
398
411
384
411
385
379
424
408
411
405
371
408
415
415
543
542
574
575
599
625
625
654
649
611
610
585
577
634
355
454
323
311
316
319
323
326
358
274
646
324
631
648
632
631
536
537
635
369
651
481
633
464
370
421
320
331
658
348
306
527
658
631
561
369
369
495
633
278
635
654
521
7
6
34
25
20
28
38
11
11
39
59
38
46
84
84
102
122
124
46
68
58
104
88
37
84
133
52
62
40
6
7
19
45
59
55
83
98
118
143
138
167
168
219
240
233
259
286
277
307
371
380
398
394
400
412
415
415
424
433
415
440
455
453
481
473
478
515
499
525
518
534
545
545
565
575
591
593
619
614
618
637
636
667
667
681
682
720
718
739
747
747
769
769
790
789
812
817
817
841
833
831
844
837
811
836
849
823
828
846
812
795
841
810
801
819
808
816
784
796
814
814
808
785
803
800
805
776
785
797
809
804
767
786
781
776
796
776
758
780
762
776
778
768
766
775
776
794
756
783
770
781
797
778
784
778
776
792
763
791
779
762
773
774
784
748
766
771
759
758
758
718
739
776
742
685
729
704
719
749
730
693
718
689
754
732
746
753
779
772
789
778
788
773
785
727
767
725
757
752
759
771
760
741
759
745
720
767
745
760
749
743
766
777
751
724
762
755
757
748
747
757
757
770
761
760
770
779
779
764
775
741
752
753
5558
5556
5561
5516
5516
5473
5475
5494
5566
5467
5534
5501
5489
5528
5510
5509
5489
5491
5519
5472
5456
5459
5482
5427
5455
5409
5411
5403
5319
5325
5271
317
218
5179
199
159
5299
5375
5135
5297
5123
293
5257
5418
208
198
5383
5203
5344
201
5377
186
5310
5154
5284
5228
5224
200
162
5192
5159
199
262
196
5
17
17
30
31
41
48
53
63
57
72
78
103
121
100
83
87
78
105
78
108
67
114
99
75
72
74
114
105
57
59
58
59
88
81
83
60
100
57
68
78
69
5
14
25
21
33
25
10
23
35
12
5
17
13
14
12
16
16
42
47
50
51
65
66
88
88
95
99
110
104
45
47
55
94
70
101
49
59
37
74
84
73
96
107
72
99
5
4
7
24
28
32
46
45
62
76
83
74
111
118
129
155
140
121
128
65
92
116
91
84
84
139
71
70
69
106
58
57
99
56
55
56
57
79
154
94
138
125
69
56
5
5
3
5
4
6
20
9
52
95
105
61
57
64
69
60
59
58
64
67
55
45
46
36
68
35
60
80
48
69
89
77
39
3
5
9
8
8
6
21
11
10
35
54
44
39
37
31
29
28
16
14
53
68
46
50
26
9
14
16
19
11
9
21
32
30
50
63
75
77
84
64
52
55
51
66
44
82
62
61
67
45
45
69
5
3
16
18
18
28
31
41
38
57
51
55
76
80
83
85
91
62
25
88
73
35
90
85
52
54
83
55
41
44
5
14
19
25
29
24
39
52
49
58
53
70
87
88
93
90
106
78
68
57
64
51
48
40
96
54
20
71
101
89
3
4
11
21
43
36
35
35
62
60
77
86
84
100
114
122
107
105
108
114
125
181
187
205
203
206
216
222
213
206
212
215
204
214
244
205
241
246
267
258
259
276
275
287
287
306
304
322
322
336
335
356
355
379
378
400
401
419
418
436
435
459
458
476
471
493
493
504
503
529
529
550
550
565
553
573
561
576
558
552
562
564
578
578
576
576
576
582
570
579
554
574
583
566
563
556
577
567
571
565
574
560
570
556
566
560
562
555
549
544
555
567
556
571
555
558
567
557
568
538
551
561
540
549
531
553
542
541
549
529
538
533
539
529
525
512
518
546
550
532
542
539
543
512
530
534
544
550
542
534
555
548
536
551
534
543
549
543
536
525
552
543
534
525
541
519
529
542
530
522
538
539
535
538
538
534
540
536
545
555
550
540
543
543
519
573
552
557
559
544
566
567
578
580
570
572
570
563
570
563
561
563
579
563
560
567
557
568
569
563
578
567
583
580
554
578
569
574
578
574
570
579
576
574
571
550
583
556
574
569
583
575
543
544
558
563
573
563
574
565
558
558
562
568
573
555
553
555
565
570
571
565
583
576
581
568
573
584
586
591
572
568
587
558
580
569
566
576
571
563
536
555
570
569
565
557
567
573
577
581
579
575
579
583
581
571
559
576
569
576
567
590
582
589
571
578
553
576
574
552
559
508
372
316
275
443
194
129
339
341
463
528
287
298
269
252
263
413
432
237
227
220
411
515
204
393
171
161
364
540
144
490
138
117
466
310
565
491
405
177
387
157
143
361
347
450
210
474
249
5
5
28
18
27
26
74
144
132
153
147
156
155
172
173
195
195
214
214
235
234
253
254
273
275
273
304
303
319
315
316
319
345
353
352
369
370
393
388
416
416
431
443
432
443
469
469
484
483
498
497
512
512
531
532
546
547
541
542
557
545
556
547
551
535
543
537
545
549
535
529
543
513
541
526
513
522
528
539
530
511
527
527
538
546
548
538
546
524
531
542
550
547
559
557
551
542
538
553
543
566
556
562
548
539
553
541
549
560
552
564
554
552
565
554
550
565
562
553
561
557
569
558
554
557
579
564
552
548
546
572
549
569
571
545
567
555
550
530
527
544
549
527
530
535
538
550
546
525
541
535
549
546
554
559
566
559
578
565
552
555
546
554
532
550
547
550
550
544
550
542
548
536
556
543
566
549
555
537
545
536
556
563
562
569
560
571
558
560
563
582
561
565
563
590
577
584
578
584
550
565
576
585
582
585
572
587
582
576
584
572
585
574
601
575
590
590
603
594
580
598
603
592
586
597
569
580
595
571
570
561
577
585
573
576
585
586
576
589
577
596
586
586
561
576
579
581
575
589
566
576
579
571
584
588
570
585
581
586
575
578
528
530
526
527
556
490
491
468
454
458
453
454
449
446
429
426
421
411
404
397
393
382
370
367
364
357
346
341
336
326
319
309
305
296
297
287
283
272
268
258
259
246
240
509
485
547
554
476
528
6
3
22
28
42
55
52
78
65
70
13
51
54
21
39
20
42
16
3
5
3
10
19
16
28
14
25
16
7
5
19
28
36
37
61
56
73
86
81
79
100
92
90
109
125
136
141
150
160
148
117
51
158
101
93
134
125
91
100
92
127
80
78
67
150
65
54
161
48
49
62
150
82
115
103
75
100
49
5
15
14
34
32
49
46
52
66
65
90
74
98
151
173
177
188
186
183
209
216
207
221
219
236
237
248
255
263
264
281
282
308
308
317
308
331
330
345
345
368
366
387
395
392
394
412
420
419
436
430
437
457
458
479
480
502
501
502
527
541
541
558
560
578
565
571
559
566
535
545
563
558
560
548
540
563
560
563
556
565
548
559
561
567
8709
8722
8701
8736
8716
8740
8713
8696
8653
8623
8598
8486
8655
8457
8450
8443
8431
8424
8368
117
8511
8682
8501
8478
8602
8456
8620
8635
8583
8664
8696
8550
8412
8383
8392
8406
8534
8360
8523
8693
124
118
8506
8722
8499
8591
8562
8684
8352
117
8738
8461
8576
167
8546
14
4
6
16
16
37
46
56
63
88
87
104
124
84
134
135
138
158
134
77
40
133
160
116
99
157
83
72
57
50
45
141
138
146
147
118
142
112
163
49
43
120
61
94
4
6
4
5
2
15
9
9
6
15
7
19
17
9
27
15
24
37
46
21
35
18
27
15
38
7
3
6
5
42
55
54
23
47
64
45
39
32
18
52
20
60
50
61
43
56
50
5
4
29
17
9
14
12
7
4
14
25
39
47
30
21
43
38
38
27
26
27
7
4
19
18
31
32
37
53
54
67
64
67
67
80
77
93
80
95
89
95
107
121
114
116
128
124
142
149
163
123
88
115
74
65
151
134
50
54
43
37
103
41
153
85
97
53
136
30
69
52
99
132
5
4
11
6
5
8
16
18
14
19
4
3
4
3
3
4
3
3
22
29
22
39
33
37
64
80
68
66
81
89
74
69
36
84
81
69
86
66
43
35
78
32
67
64
78
81
47
76
5
18
22
31
16
22
34
13
24
10
4
6
5
21
38
44
42
68
66
81
81
83
100
65
47
71
87
78
66
38
91
89
51
48
39
35
21
68
7
11
10
15
3
13
6
29
29
38
48
45
38
52
43
24
28
13
36
30
55
42
6
7
29
41
40
37
53
66
76
97
114
110
93
111
124
130
120
142
152
153
147
143
208
270
268
288
280
302
300
314
312
308
308
317
318
326
324
320
341
334
348
351
332
340
333
357
366
367
366
367
386
387
406
403
398
416
426
425
447
446
447
469
470
490
489
513
513
531
532
551
555
554
525
549
535
552
530
550
538
551
551
558
542
552
551
552
555
549
557
552
551
548
540
520
549
544
548
553
554
557
529
551
546
554
537
541
552
546
533
539
535
561
551
564
554
560
550
557
546
559
555
556
566
567
551
572
577
567
570
572
573
580
557
577
545
580
575
568
566
579
566
584
583
568
587
579
577
586
576
586
566
592
577
589
577
594
585
599
592
603
595
590
581
583
584
575
581
572
572
558
586
560
569
565
546
542
567
548
558
537
563
572
560
571
581
579
572
574
558
539
575
565
582
571
573
575
576
586
571
585
585
592
588
591
588
593
584
591
583
589
576
584
571
587
572
571
560
582
575
552
590
578
578
592
588
581
572
584
584
603
597
590
604
606
606
597
608
604
598
601
596
583
597
585
595
579
570
584
580
581
570
566
565
560
563
556
557
528
556
545
537
561
558
567
564
562
558
543
545
566
559
545
557
573
532
541
548
557
558
545
541
564
561
498
525
514
555
542
561
547
553
540
549
538
551
532
552
547
540
561
549
568
554
556
552
558
558
569
546
553
565
558
549
554
564
563
562
569
575
549
558
561
562
550
520
560
546
546
560
563
565
537
551
543
563
563
577
572
569
568
565
559
558
563
551
577
567
549
550
557
532
553
564
572
559
572
573
552
568
546
546
553
566
556
565
578
572
567
561
575
561
573
548
550
568
568
576
579
565
580
563
563
577
549
572
558
562
557
563
560
575
565
577
579
578
585
578
592
590
599
597
591
569
576
575
567
573
551
563
581
573
573
561
549
564
556
561
562
554
561
547
558
556
540
555
541
534
547
536
529
516
549
547
552
551
564
550
562
551
556
551
564
548
553
549
546
548
545
545
538
534
527
551
550
560
568
554
564
536
470
466
459
433
433
429
431
443
522
402
406
391
393
381
382
368
359
355
355
343
343
333
325
320
315
306
309
482
264
254
241
495
453
305
484
259
506
411
432
406
526
540
219
288
243
231
301
555
9
6
7
43
53
52
57
72
53
62
69
67
65
57
79
72
58
76
104
109
110
109
106
104
161
161
170
167
196
203
193
207
196
220
225
218
233
231
249
245
258
266
264
256
265
266
266
264
323
322
335
336
335
335
330
335
336
334
351
334
405
406
425
426
443
442
461
461
481
481
499
500
523
536
522
524
523
520
527
526
504
516
518
527
522
531
540
532
530
539
548
547
547
534
549
548
532
537
551
525
551
519
524
541
539
540
540
562
562
578
561
574
591
579
590
584
573
594
583
593
582
572
582
585
582
576
589
582
592
591
591
590
605
592
603
604
594
589
597
594
587
600
589
600
592
603
595
607
605
591
593
613
610
599
593
600
587
592
599
593
602
588
585
603
590
592
586
603
601
596
585
597
586
586
580
597
595
583
588
594
593
572
588
601
587
606
584
599
585
592
574
593
592
583
605
614
593
597
608
601
608
609
601
609
594
610
606
614
604
612
602
613
606
609
618
601
597
611
604
598
613
600
618
600
617
616
607
600
598
607
606
587
597
591
597
586
598
591
588
604
594
581
595
585
578
572
564
581
561
585
580
583
571
579
555
562
562
569
558
573
569
576
565
579
567
572
581
584
573
590
571
584
566
572
580
585
587
586
591
582
591
584
585
596
599
580
579
580
569
563
586
570
602
584
595
584
609
602
587
590
598
575
577
572
617
605
601
586
611
556
604
335
561
187
181
131
412
361
377
598
335
491
313
302
274
299
474
221
187
507
211
182
575
445
531
423
160
119
399
382
101
569
443
543
342
500
240
202
460
521
112
112
348
312
250
478
191
393
248
8
6
6
3
3
5
3
6
17
26
10
22
35
19
19
48
55
66
37
38
52
49
62
58
35
44
41
62
40
52
4
12
22
20
31
29
41
35
39
39
51
12
22
44
21
62
52
15
42
10
18
15
17
16
5
22
21
29
40
48
48
64
66
20
72
51
69
40
55
43
23
54
32
5
18
26
26
33
34
39
50
48
52
57
67
24
63
45
26
65
34
53
38
48
51
36
10
8
7
4
16
19
34
32
54
58
50
63
23
43
42
62
40
30
18
46
65
47
50
5
4
4
13
19
39
35
43
37
53
61
72
85
86
104
108
105
95
53
36
81
68
45
16
13
54
70
59
23
40
3
3
7
5
9
7
20
26
29
38
28
18
30
47
57
50
75
53
67
65
26
66
37
35
24
45
38
36
37
63
61
3
18
18
37
54
69
47
62
58
60
44
66
81
40
22
19
78
82
43
30
29
33
22
14
23
22
40
37
66
57
78
69
82
82
97
24
43
69
36
78
42
28
30
89
58
97
57
53
81
26
39
76
11
25
24
24
23
15
20
3
13
10
3
16
16
18
25
14
3
4
13
13
19
30
10
7
22
8
8
19
20
37
43
48
47
52
65
64
75
86
94
104
107
122
131
124
140
140
220
217
230
232
241
236
242
234
230
247
252
243
246
251
235
285
281
294
288
303
296
311
305
313
311
329
331
347
346
364
365
379
377
375
401
398
400
424
422
442
444
460
460
476
476
496
496
513
514
532
524
530
523
536
527
533
540
547
549
550
548
558
547
534
551
545
544
547
525
527
544
548
537
547
539
540
532
519
536
528
541
531
534
534
536
528
540
535
543
540
534
543
537
540
531
539
538
539
532
518
514
538
535
523
534
522
531
550
541
536
547
526
547
539
550
533
531
543
547
532
547
530
540
530
539
528
532
530
544
541
541
535
537
526
543
536
483
492
519
511
508
525
491
512
469
455
510
471
135
125
433
519
317
304
478
298
301
285
269
267
240
413
235
375
362
204
177
358
152
159
120
433
126
97
96
434
432
275
252
233
180
195
400
350
110
323
213
170
339
342
421
7
9
32
8
12
11
18
30
11
18
15
17
50
44
62
61
81
84
95
119
139
153
153
162
173
198
204
197
210
212
224
226
238
241
237
239
241
263
270
270
267
260
294
295
311
308
310
323
330
329
324
352
351
370
363
378
380
382
380
381
405
405
421
418
438
438
454
449
468
468
487
487
506
504
522
526
531
523
530
522
534
525
535
528
541
518
520
520
512
517
517
537
529
531
542
532
548
533
542
554
525
543
533
542
536
537
517
534
545
534
538
546
525
536
545
530
546
525
532
539
538
526
539
533
538
531
538
536
542
535
533
540
540
530
521
537
527
513
531
542
528
538
537
523
523
528
515
512
521
499
535
527
526
543
538
516
528
538
525
479
464
522
489
449
432
482
503
457
519
536
438
515
481
420
435
269
149
81
330
318
300
316
446
423
280
474
246
226
259
211
375
188
189
145
359
353
79
502
333
80
80
79
80
440
292
234
459
217
180
387
81
79
495
366
294
398
80
343
403
81
177
3
13
23
39
58
51
71
66
94
103
135
161
175
174
185
191
197
198
199
220
220
242
229
247
247
264
264
269
280
282
283
284
306
305
322
322
336
332
348
346
359
370
370
382
382
400
399
419
418
438
437
450
449
450
465
472
487
488
504
505
525
519
529
507
518
523
515
539
527
536
519
528
516
526
518
517
527
525
518
509
526
506
500
528
519
537
522
526
520
532
525
531
519
508
528
517
522
510
511
502
503
509
512
503
495
493
394
361
435
175
324
425
438
289
268
239
479
230
399
510
204
382
193
457
158
144
111
377
129
167
98
365
94
73
454
331
306
294
278
238
312
225
184
137
126
526
107
70
343
356
242
211
138
405
472
4
6
22
22
46
55
85
101
116
115
143
144
145
142
176
176
182
190
191
183
215
206
213
204
236
235
253
253
269
268
267
293
293
313
314
315
327
319
316
314
328
316
319
370
367
374
364
365
365
406
406
424
416
428
429
428
452
451
453
480
475
478
481
498
493
493
499
502
502
499
491
503
491
496
497
498
501
492
501
488
494
500
492
505
494
482
453
454
453
481
480
502
501
520
511
491
492
513
514
516
521
520
514
516
503
491
402
485
316
436
212
215
277
395
454
274
265
256
375
366
495
238
353
425
342
208
191
178
139
315
160
112
305
301
286
84
334
386
242
365
229
318
504
185
152
117
110
414
95
465
247
164
128
4
15
15
17
23
14
4
4
21
19
6
8
7
6
10
25
33
20
15
31
25
23
3
16
22
10
24
21
31
18
10
10
23
23
39
34
37
43
43
53
51
64
77
76
74
77
85
74
63
74
63
37
30
54
20
54
72
40
29
71
21
3
3
5
30
24
52
58
75
84
86
88
86
127
179
192
185
201
203
205
207
209
204
208
218
224
199
196
215
209
240
249
249
256
267
268
278
284
284
277
283
276
311
310
326
326
342
352
353
365
366
380
380
380
313
378
382
197
377
302
257
251
379
255
247
248
241
380
221
212
382
191
186
159
126
351
139
105
336
328
76
100
118
88
382
258
376
250
369
234
362
199
345
151
134
310
381
252
382
210
158
3
58
67
121
120
118
141
140
153
153
169
167
171
170
171
212
212
230
230
249
249
267
266
267
294
286
302
301
318
318
335
334
350
351
365
365
384
385
403
402
423
424
438
439
439
464
464
484
484
499
499
519
520
534
528
532
548
543
535
529
549
525
533
539
539
553
549
553
546
552
549
553
544
554
544
541
558
545
557
547
534
538
545
552
545
553
542
555
541
544
532
534
549
532
523
533
529
530
518
526
540
530
522
526
518
496
468
515
446
483
425
503
487
454
523
442
505
488
485
502
465
482
503
491
503
493
487
499
496
494
505
477
500
508
500
490
501
494
508
500
499
505
497
506
488
492
501
495
523
510
521
506
518
508
495
520
509
510
489
473
486
486
502
502
518
511
520
521
533
506
506
519
525
521
527
532
522
524
528
532
541
528
532
533
526
535
520
535
521
533
520
529
527
525
510
521
539
524
514
525
518
522
529
509
536
515
516
508
524
525
517
530
518
533
518
515
514
528
529
527
520
523
524
523
517
525
519
520
523
526
520
524
522
520
523
520
504
522
522
511
515
510
523
521
527
518
518
516
521
514
519
495
512
510
512
515
513
500
506
513
523
506
516
506
507
515
499
490
485
515
509
498
504
491
472
495
485
483
499
494
490
497
482
495
476
486
486
484
475
480
480
480
492
487
483
476
478
493
488
476
483
492
487
493
496
494
492
494
477
473
498
481
490
486
476
462
478
492
473
476
484
478
481
479
486
474
481
469
460
431
422
413
451
443
453
460
450
457
456
461
458
456
447
455
435
442
453
452
450
454
457
448
458
450
453
443
453
435
445
444
444
456
449
427
440
442
452
445
442
457
453
459
456
460
451
461
427
462
434
435
435
454
453
468
466
473
472
459
463
479
480
477
473
466
476
483
475
483
481
473
478
477
471
21496
21494
21505
21501
21489
21497
21496
21517
21502
21526
21519
21512
21554
21553
21566
21565
21559
21553
21597
21608
21604
21614
21625
21607
21609
21622
21678
21671
21686
21676
21690
21688
21695
21687
21750
21738
21754
21735
21748
21741
21745
21741
21741
21741
21748
21819
21811
21805
21818
21818
788
799
793
788
800
790
789
769
790
767
782
769
752
798
793
799
795
754
747
763
750
759
745
755
748
756
690
690
694
682
694
688
691
686
652
648
655
654
660
671
658
669
669
683
619
608
625
619
636
623
621
633
626
613
632
621
617
638
629
635
636
636
646
609
599
610
599
615
608
613
602
614
620
618
616
623
613
636
622
639
627
697
687
687
681
690
680
683
672
675
683
654
676
632
639
662
660
645
644
657
648
656
660
650
656
651
669
644
642
649
629
620
637
629
618
629
617
620
624
608
620
607
617
605
622
602
605
597
607
592
534
603
534
547
527
548
543
530
538
530
539
532
544
532
537
537
549
541
547
536
543
547
534
526
547
532
544
530
516
540
535
530
533
536
528
521
535
524
540
536
539
529
539
537
538
541
539
517
532
542
531
547
529
530
537
538
532
529
536
519
538
526
525
535
534
521
528
535
523
534
536
534
538
522
542
536
551
537
538
538
542
548
543
552
535
554
538
553
545
546
558
557
544
556
542
551
541
532
550
537
544
537
546
536
516
527
533
540
552
535
550
553
548
537
545
552
551
546
545
553
551
548
553
545
551
539
551
530
543
547
539
557
541
550
552
535
545
547
550
552
542
553
541
550
539
552
549
563
548
547
559
553
547
540
540
544
556
548
560
563
562
553
553
560
558
537
548
556
542
549
542
540
554
541
558
544
560
548
548
553
560
556
558
548
558
540
558
540
537
547
547
535
546
539
528
542
534
535
529
526
527
493
457
420
465
508
442
532
430
424
466
466
509
516
495
496
503
507
502
514
512
517
508
522
520
523
514
517
505
524
520
529
521
536
524
539
539
556
538
550
540
547
547
556
555
554
553
551
558
569
528
507
507
528
527
515
515
546
541
537
541
552
551
567
568
578
578
593
588
569
576
589
588
575
575
589
589
580
584
573
586
572
587
570
581
569
574
566
574
561
580
566
577
566
565
573
578
565
576
569
582
570
564
576
537
550
527
498
513
518
545
533
553
543
557
551
542
558
549
537
550
527
526
514
533
511
536
529
529
527
527
522
525
512
523
507
520
525
518
518
507
493
454
506
511
474
463
484
494
478
496
482
493
460
472
473
493
492
512
495
515
516
528
521
526
513
527
517
519
532
531
532
531
521
523
549
530
541
535
545
545
541
550
543
554
538
554
549
565
550
559
548
550
528
548
547
572
573
587
576
576
590
587
576
594
581
592
588
582
594
588
596
594
582
594
583
580
593
592
583
589
585
596
583
584
592
593
586
596
591
596
598
585
598
586
596
583
586
599
605
589
569
597
502
303
302
298
291
286
412
270
237
185
155
111
310
560
463
488
544
590
436
514
257
389
523
229
359
379
199
206
176
169
537
145
128
480
419
278
242
216
348
330
401
453
445
577
369
329
351
147
9
10
25
34
36
38
49
59
53
86
105
146
140
158
157
176
168
184
182
189
190
210
210
229
227
242
239
270
270
267
297
307
309
327
327
329
347
347
368
368
383
385
400
404
392
160
131
399
401
371
385
354
368
399
319
346
399
311
266
276
400
212
256
251
193
162
176
399
400
158
402
400
400
83
107
399
336
287
400
187
149
116
140
398
401
404
402
305
199
93
236
400
6
17
15
6
3
2
21
5
26
17
9
27
8
27
59
58
20
47
45
38
65
31
18
36
68
43
23
77
41
62
10
8
26
22
10
35
37
42
58
50
50
60
60
48
46
45
26
63
31
66
23
27
28
46
57
70
79
82
95
93
107
110
115
120
116
113
114
137
132
151
147
142
153
152
159
171
201
185
89
67
65
212
108
136
92
87
78
67
208
68
65
64
154
63
60
191
112
60
60
91
212
77
182
132
106
125
158
166
134
60
62
63
4
3
27
21
38
24
36
35
11
27
20
9
8
29
16
15
24
26
25
40
33
50
12
27
34
24
6
11
3
6
3
7
32
22
32
51
61
74
57
28
62
59
54
46
61
68
32
29
19
65
77
45
70
41
80
4
3
11
4
9
10
11
23
21
17
21
31
42
15
44
42
27
41
24
38
34
5
15
29
30
35
48
51
37
17
16
53
37
15
39
4
7
7
20
23
36
29
41
42
58
30
35
32
57
54
49
27
5
17
32
32
43
57
59
59
79
63
84
66
88
90
97
120
150
156
112
166
73
151
75
63
60
140
66
48
53
46
41
108
34
80
142
62
154
44
163
95
120
52
8
18
39
47
69
67
91
159
177
177
192
194
201
209
209
204
211
227
238
237
256
256
275
262
276
277
294
292
303
310
321
320
340
339
358
358
375
373
391
392
406
408
423
431
432
450
451
424
451
449
484
484
502
503
521
515
534
529
539
536
540
535
542
536
549
531
550
547
553
545
536
544
523
539
550
544
538
553
542
549
543
553
539
525
544
534
544
537
542
531
543
533
541
542
548
550
541
517
544
542
536
534
550
544
532
534
522
545
516
533
527
528
539
537
517
526
504
521
526
524
527
531
539
500
458
504
456
421
442
421
471
515
492
478
491
503
507
493
496
508
510
505
502
510
494
503
511
513
516
505
517
508
505
508
518
505
505
520
505
513
499
514
515
517
497
512
511
511
517
510
516
525
502
520
476
448
454
478
479
496
497
531
550
549
563
542
551
558
552
537
510
519
480
449
530
527
490
457
551
541
471
547
499
534
403
375
338
336
476
211
453
429
271
308
473
249
525
482
232
392
209
204
202
153
384
132
442
532
118
115
365
106
436
336
108
496
313
415
410
255
239
389
507
116
118
108
328
268
224
187
368
6
4
10
26
24
37
53
55
54
56
80
67
98
126
133
97
85
82
69
61
154
140
96
93
155
117
84
148
121
81
146
80
71
119
69
63
101
60
100
98
100
87
103
77
63
123
85
100
58
58
143
9
30
40
47
10
29
35
14
18
33
43
36
26
6
8
28
25
30
37
48
46
46
30
57
60
59
61
86
74
76
59
63
96
88
83
96
101
111
120
122
82
66
55
42
65
88
83
75
59
75
53
52
87
53
58
112
66
73
85
5
14
14
15
12
17
3
2
23
15
15
32
21
34
27
35
17
56
69
40
39
42
76
37
44
53
40
85
65
103
112
109
116
114
111
68
58
53
40
25
21
112
83
64
43
27
19
73
24
55
4
5
2
9
11
10
28
36
38
44
38
18
34
9
28
22
3
3
10
6
14
4
12
6
34
32
40
52
52
52
45
60
48
70
64
77
97
96
40
59
27
84
24
22
41
58
99
29
23
55
38
8
22
22
35
25
31
25
21
7
14
27
19
30
35
22
21
40
38
33
3
12
26
34
34
45
45
43
55
48
72
101
69
91
85
87
103
90
93
84
119
124
131
144
163
164
203
134
113
138
141
132
127
131
105
101
92
207
92
88
84
177
75
73
71
66
60
51
65
46
48
45
148
96
171
79
69
165
211
140
211
94
90
106
88
50
119
176
77
63
199
5
28
30
69
80
72
111
130
143
157
163
163
184
184
200
201
214
216
231
231
246
246
259
258
278
278
295
307
296
306
330
331
336
335
345
351
351
370
368
388
387
390
415
413
422
422
437
435
436
456
463
472
468
471
484
484
500
508
507
497
514
502
517
507
518
507
519
511
509
520
521
523
519
526
526
517
523
525
504
528
511
509
518
509
521
513
515
520
514
526
524
517
526
520
531
526
523
530
530
517
508
508
507
522
501
532
509
526
528
521
544
533
538
525
525
536
538
526
535
526
534
528
507
518
526
531
526
526
533
524
524
540
526
534
489
463
401
441
331
313
302
302
295
292
285
283
277
271
270
264
259
255
256
251
239
233
230
222
407
177
370
382
349
376
423
344
513
416
473
213
457
396
187
500
389
443
481
349
223
195
520
329
206
13
17
22
35
53
71
86
90
87
87
85
92
95
135
124
108
121
111
134
113
84
56
55
109
51
44
44
42
50
42
100
40
99
89
79
53
121
133
124
83
41
5
20
31
36
49
59
64
66
70
94
95
107
149
176
178
174
202
196
207
211
225
222
236
225
229
231
245
235
248
249
260
259
283
279
280
306
307
325
325
340
340
355
365
364
363
394
395
411
405
410
428
428
443
455
455
468
484
470
484
470
507
506
505
529
517
514
511
495
516
505
520
506
500
516
511
490
498
505
493
487
496
483
502
470
497
478
475
492
482
477
486
481
458
479
481
474
482
477
479
477
491
481
498
487
497
490
504
504
507
514
506
487
473
497
472
504
503
514
503
513
513
504
514
516
489
509
513
504
499
501
522
513
531
517
523
519
529
522
533
531
537
534
523
544
532
532
537
525
538
531
528
537
536
528
522
513
526
528
519
525
520
499
515
524
524
522
529
521
514
507
524
520
523
528
531
531
547
527
544
529
525
511
533
499
434
477
507
517
454
533
468
491
447
515
507
502
481
495
468
501
481
498
490
499
478
479
493
491
499
496
501
489
495
499
501
491
490
490
502
488
498
496
497
499
499
488
499
475
419
490
484
448
402
486
460
474
450
454
464
465
463
483
483
480
492
480
498
488
494
480
494
491
501
487
481
494
492
490
497
492
462
468
486
479
485
496
487
512
502
510
504
507
503
506
514
515
510
462
527
507
492
491
507
506
523
523
518
519
517
537
523
527
521
534
503
517
534
515
532
511
524
518
519
530
540
529
537
531
549
538
532
555
546
536
544
544
517
531
523
526
515
516
529
523
521
511
513
525
513
522
519
509
520
512
521
515
525
512
481
518
480
259
258
251
249
243
238
240
232
228
220
220
210
204
201
192
192
184
181
177
485
302
418
426
293
411
512
277
272
502
387
453
356
374
335
320
526
301
291
463
398
376
454
348
433
315
4
12
25
27
44
64
58
28
56
54
86
67
45
41
31
29
25
57
47
73
37
78
77
46
6
8
5
5
4
3
19
10
28
17
31
39
40
54
66
87
104
120
135
149
149
159
172
185
184
170
174
170
184
173
163
173
146
151
153
150
155
159
153
156
153
156
160
161
158
162
166
169
172
174
172
149
160
157
155
172
171
173
172
173
171
173
160
180
147
171
161
173
22
33
30
47
65
67
71
89
96
99
105
102
117
119
126
124
148
140
116
146
146
116
141
125
86
136
80
68
53
65
51
114
51
104
126
96
79
116
52
81
124
51
5
14
13
22
31
21
36
26
9
34
6
23
5
4
12
15
4
17
29
38
30
50
57
58
75
81
78
88
89
101
103
102
97
68
69
85
105
98
67
57
114
48
51
83
94
69
31
86
111
7
17
16
32
35
17
20
19
33
22
6
24
17
22
8
9
5
5
6
5
12
23
16
23
39
24
51
20
18
37
44
19
27
42
7
18
20
19
20
32
34
22
25
10
18
32
49
61
67
76
83
86
61
91
60
47
39
69
64
37
75
52
78
34
89
51
12
11
21
13
18
15
4
3
18
22
30
46
54
70
66
70
93
94
73
40
83
103
98
75
81
48
42
99
101
91
105
80
82
46
45
78
6
21
21
31
38
48
44
47
52
39
53
11
43
40
20
34
64
15
4
14
9
14
32
33
44
46
60
73
83
70
92
97
94
110
119
109
73
112
74
110
57
117
112
44
102
46
37
33
51
114
81
70
55
40
112
83
86
86
103
4
2
14
20
37
16
21
33
12
10
15
2
4
3
3
3
16
30
38
36
33
54
34
43
17
18
16
43
56
45
48
8
19
31
31
38
50
46
57
65
74
75
90
103
114
31
76
72
99
58
56
52
44
40
30
43
86
75
84
93
108
27
86
62
42
5
29
50
61
78
85
73
68
67
64
73
86
49
81
26
33
70
54
61
51
52
37
80
84
36
46
4
14
24
29
44
58
61
71
79
88
79
90
89
94
106
75
99
69
68
58
42
44
86
38
34
31
60
77
96
96
72
84
4
33
34
30
49
64
62
106
115
124
140
128
141
179
19784
19784
19804
19803
19821
19821
19827
19827
19843
19857
19857
19873
19873
19892
19890
19904
19905
19907
19901
19893
19900
19891
19921
19931
19939
19946
19945
19939
19957
19956
19964
19965
19980
19960
19981
19987
20010
20011
20032
20032
19986
20058
20058
20078
20078
20096
20096
20114
20122
543
540
529
513
513
498
519
509
515
510
571
567
567
560
546
556
533
557
555
556
557
550
571
572
585
577
636
629
642
635
648
642
639
649
655
631
636
683
661
678
678
664
665
649
656
634
670
671
663
669
658
667
666
666
674
685
698
681
692
624
635
623
640
642
629
650
650
656
644
659
630
636
634
648
645
650
603
605
597
603
607
611
600
604
592
614
609
571
574
580
561
575
571
563
566
581
578
565
571
565
563
574
570
557
566
564
560
552
559
557
561
556
546
519
524
543
536
531
543
529
514
533
537
529
525
537
534
528
528
533
550
534
550
538
541
530
540
526
526
536
547
539
543
519
529
546
525
530
528
506
520
513
523
515
500
484
515
508
480
500
502
484
491
508
508
492
498
516
508
509
500
520
502
514
499
480
493
501
475
467
492
481
492
474
481
493
485
502
470
466
487
476
484
492
477
496
498
500
486
484
490
478
502
495
492
502
500
493
507
489
508
500
513
499
508
502
524
503
519
507
515
505
528
517
523
535
528
525
526
527
541
539
541
533
535
545
526
538
531
535
544
553
534
546
539
542
543
532
550
537
537
539
471
462
191
478
110
376
329
356
491
528
530
509
294
262
286
539
252
235
226
202
216
497
185
422
182
153
415
124
398
105
74
78
95
369
335
278
302
442
454
434
146
390
76
359
249
199
131
314
179
5
14
24
16
28
88
129
126
125
144
138
157
157
175
175
193
193
208
218
216
234
232
232
257
256
269
279
281
292
291
316
316
334
344
343
342
371
371
385
402
396
415
415
433
431
428
436
429
407
391
371
352
288
182
440
118
431
327
429
440
312
429
293
399
432
278
250
267
255
212
218
434
171
159
357
428
138
435
108
319
293
421
278
381
200
429
162
341
264
230
136
184
340
5
3
23
4
11
16
27
37
35
47
53
60
66
68
40
37
50
18
25
71
51
11
8
17
22
22
24
20
33
19
23
5
3
11
22
17
7
22
15
10
12
5
10
3
4
3
4
11
7
8
10
39
16
39
12
12
8
7
21
21
26
26
37
38
39
71
65
36
42
76
32
31
30
51
60
37
63
30
55
28
7
6
11
36
46
28
42
35
40
38
23
21
51
50
53
40
5
17
17
37
41
40
50
48
64
71
70
65
80
88
89
57
93
53
71
34
75
29
70
62
37
96
49
26
7
9
7
32
42
21
21
8
18
16
24
25
48
46
49
57
61
76
89
89
101
90
105
99
86
85
101
71
79
60
81
48
88
47
45
99
59
77
74
50
5
8
24
4
19
7
32
35
25
18
42
28
26
52
14
13
22
23
43
57
33
5
17
34
44
55
64
61
26
38
54
24
50
42
27
40
51
30
3
2
25
30
40
27
36
17
17
38
21
21
27
16
8
25
24
60
69
84
18
60
47
31
20
31
53
35
44
51
81
78
4
22
32
36
29
42
50
53
60
43
17
57
40
37
20
20
5
4
5
18
28
31
41
47
45
10
30
32
12
17
8
16
38
40
46
52
54
69
62
19
37
21
16
34
66
40
68
44
4
5
34
30
19
55
56
75
85
47
43
54
65
35
56
51
57
83
95
96
70
14
87
76
52
30
53
51
64
58
51
52
71
69
52
61
50
46
50
135
155
153
183
126
113
113
115
114
122
126
129
130
132
136
132
111
141
144
149
153
154
141
145
149
154
155
112
115
115
115
135
112
117
137
131
134
158
134
159
113
129
116
117
114
160
163
128
120
8
5
18
20
24
27
19
32
20
24
17
16
4
4
10
10
28
29
37
43
40
31
39
60
42
78
76
69
94
82
86
85
85
87
91
94
104
122
139
137
137
135
148
130
169
192
217
228
263
231
249
248
262
260
262
274
271
286
283
290
298
308
305
296
279
272
272
282
283
280
284
288
291
295
279
273
295
295
298
296
300
304
306
309
314
272
295
297
252
236
238
236
232
224
222
195
289
254
292
290
284
279
278
313
271
271
307
285
298
272
208
267
271
22
21
39
41
55
53
71
99
100
110
118
66
66
122
91
65
59
56
46
45
71
79
70
82
38
34
103
61
98
7
6
31
29
31
48
61
73
84
86
87
102
111
118
132
141
133
99
64
68
121
49
73
91
133
69
140
114
68
101
58
124
56
97
113
110
58
127
58
8
8
9
8
29
44
24
38
32
40
34
77
73
83
73
85
87
83
77
80
95
109
144
119
63
53
44
72
113
74
65
131
61
134
54
53
56
107
43
85
43
44
49
102
123
65
59
104
88
149
77
56
149
60
54
5
7
18
19
14
29
30
28
26
46
46
68
180
178
181
186
195
193
209
199
217
216
231
228
235
235
254
253
269
271
285
286
304
304
323
323
341
342
360
359
378
377
403
404
395
432
433
450
451
468
469
488
486
501
500
518
519
539
537
555
555
568
561
579
564
575
564
582
565
574
560
571
563
564
570
584
565
581
565
572
565
574
566
579
565
578
564
567
560
572
561
572
547
545
555
536
556
544
560
544
541
556
555
544
560
547
564
545
563
544
562
551
569
549
568
553
566
548
563
556
558
570
571
562
558
578
573
560
571
559
569
557
573
555
573
556
568
561
572
559
578
563
570
562
577
561
570
578
564
575
577
574
575
568
572
565
574
567
576
571
575
568
567
574
569
567
570
562
568
560
565
564
565
563
565
554
564
560
558
564
564
560
566
559
565
562
563
561
556
564
541
560
556
566
551
560
548
548
558
537
548
553
541
555
538
548
535
545
534
524
544
532
534
537
530
538
534
536
528
534
537
530
532
530
532
530
530
527
528
521
522
528
527
519
524
528
511
530
513
508
522
499
513
506
494
493
493
487
488
505
467
453
520
469
496
497
494
491
489
471
479
479
490
480
490
481
486
479
488
477
474
485
486
473
485
475
484
486
489
487
491
489
483
469
470
494
483
488
483
492
490
493
492
507
440
441
464
442
441
489
489
507
505
507
519
525
522
530
517
538
523
522
537
538
513
530
518
511
520
528
525
526
530
528
525
530
519
514
531
513
525
524
516
525
514
514
522
522
518
505
509
521
516
494
474
495
493
484
476
508
489
501
517
496
507
509
509
504
507
514
502
498
515
505
504
514
519
502
505
507
511
516
506
517
513
517
511
502
516
512
522
516
518
516
523
525
517
530
523
540
526
528
522
519
526
512
506
535
530
535
539
532
538
527
529
521
513
525
533
536
524
525
538
527
548
550
546
553
555
548
553
548
564
551
560
539
387
546
532
60
556
515
485
367
351
337
304
317
292
279
456
256
224
193
176
168
503
112
105
412
248
437
73
404
81
423
296
525
376
332
463
283
236
227
158
126
100
402
497
439
344
207
139
475
146
9
6
17
54
77
126
138
138
157
157
175
174
192
193
208
205
207
231
241
240
257
255
267
253
262
242
238
225
245
260
243
264
241
260
241
240
267
230
223
251
187
264
253
197
251
150
248
126
134
126
94
113
246
87
249
268
244
259
242
230
253
165
158
269
251
105
245
242
241
206
72
232
179
11
9
5
13
13
36
147
159
158
148
179
177
170
196
195
215
216
228
229
244
243
259
260
258
281
280
295
293
292
297
323
322
341
339
354
354
368
369
385
384
398
395
397
395
332
392
226
133
366
335
315
313
285
274
398
389
392
246
241
215
396
387
172
170
148
194
394
125
378
107
105
392
77
354
396
342
392
262
388
201
374
143
89
293
220
161
113
255
397
171
5
29
21
30
41
39
42
15
35
35
20
38
39
6
7
4
5
37
29
24
34
44
44
46
36
66
69
74
68
90
96
66
83
96
93
106
102
118
27
75
104
61
60
100
43
37
91
110
90
70
46
42
25
77
45
73
40
10
23
32
30
48
47
44
42
66
29
37
43
59
39
35
23
55
3
23
31
27
36
36
57
68
67
89
89
76
107
100
106
107
104
105
106
132
144
151
166
187
187
223
222
211
218
226
226
238
223
225
238
242
235
232
252
251
252
267
265
284
273
288
287
304
298
309
311
311
312
342
341
359
353
369
365
370
370
352
368
353
350
350
371
352
428
427
425
452
449
449
474
474
492
474
468
473
498
504
504
503
512
499
508
489
492
469
503
498
495
511
483
495
509
503
493
507
498
479
492
514
513
492
506
494
437
491
463
461
462
488
489
502
503
504
522
515
511
496
493
485
481
482
478
462
436
436
422
412
408
376
379
382
384
387
383
374
373
365
359
345
346
343
332
328
319
316
293
295
297
295
297
285
281
277
268
263
258
250
246
240
240
227
224
222
509
526
3
5
11
10
11
26
39
49
11
9
42
46
5
10
8
4
4
25
25
8
17
15
11
7
10
8
16
14
44
39
11
17
24
15
12
49
3
13
26
18
51
57
55
79
76
65
66
100
132
141
144
154
179
209
215
227
231
231
244
246
252
254
263
245
261
259
269
278
286
286
302
301
320
319
335
335
344
342
349
346
340
362
360
361
385
385
402
402
419
418
436
438
454
455
462
458
461
481
481
497
498
514
507
527
521
522
532
517
533
515
532
515
523
522
516
529
506
516
514
528
513
517
509
512
505
508
498
519
506
515
507
511
492
510
502
500
506
514
490
511
502
506
496
497
504
494
495
509
510
502
510
498
499
510
507
496
500
510
502
489
513
509
505
511
504
512
510
513
515
512
499
504
514
506
517
510
515
524
522
507
503
497
528
518
514
529
527
519
518
507
524
519
525
512
515
523
516
499
523
512
519
512
516
513
499
501
508
511
505
513
507
504
494
512
508
500
517
515
513
514
501
511
500
491
510
499
484
497
500
485
496
507
491
498
484
494
491
493
501
498
477
469
483
492
457
490
468
486
468
487
493
482
486
484
471
486
486
484
486
498
494
482
500
500
495
498
492
501
494
503
496
490
505
503
505
499
517
504
498
495
514
513
525
519
528
527
536
527
529
536
540
533
513
542
536
529
556
548
562
562
551
539
553
536
550
549
542
540
558
550
540
555
538
545
545
528
537
539
525
538
540
528
530
520
511
537
521
535
518
514
519
525
513
517
511
507
501
498
510
504
516
498
499
490
509
504
497
500
507
501
515
496
511
511
501
506
515
507
510
496
508
496
515
507
511
498
514
514
521
520
521
515
523
524
529
511
522
510
506
521
514
521
510
524
512
513
524
513
517
518
500
510
506
516
515
498
507
506
486
489
497
496
497
509
496
501
503
492
493
506
508
497
499
503
509
502
497
503
499
502
498
507
501
506
514
503
515
502
513
494
514
508
507
524
511
508
520
513
503
512
509
503
486
513
506
501
515
519
514
515
505
534
512
522
514
522
512
523
513
512
519
509
496
490
513
510
498
506
494
512
518
504
518
507
500
512
499
511
504
512
499
507
453
470
486
440
501
471
462
493
503
495
493
501
507
505
504
503
511
479
497
500
500
495
506
495
492
479
502
502
494
508
506
492
504
501
511
508
521
503
505
494
507
496
496
507
504
502
506
498
503
509
505
477
484
482
494
493
503
510
514
512
525
512
520
516
509
513
524
523
511
525
502
521
510
504
519
512
522
510
523
511
513
518
515
514
527
517
517
528
533
522
534
523
537
529
542
538
541
533
527
514
525
535
530
534
531
536
540
538
547
549
542
545
535
541
546
538
539
534
540
530
538
538
537
510
525
507
533
526
533
531
526
535
530
532
531
527
532
526
529
533
518
515
527
524
513
508
513
516
523
496
509
501
516
506
512
503
512
507
484
495
497
496
483
494
501
496
503
507
498
500
495
491
485
509
501
495
501
502
512
509
499
495
491
502
506
499
504
501
488
495
499
502
508
499
487
507
515
513
504
512
510
511
512
516
508
507
509
502
501
502
518
512
508
527
535
511
523
516
506
516
503
513
508
522
506
514
510
517
516
515
509
512
526
532
513
512
509
496
524
523
510
520
511
507
514
519
511
513
501
494
527
513
518
523
535
534
537
531
537
526
521
538
519
530
537
533
539
540
534
544
530
525
546
533
551
536
547
540
554
540
540
552
549
539
550
538
547
537
549
538
538
553
553
537
548
537
549
541
546
548
540
549
536
553
534
545
528
532
547
526
528
542
537
534
543
529
537
529
528
538
536
529
537
531
532
528
534
531
533
530
535
532
535
528
535
527
536
525
537
530
539
529
539
527
538
533
541
527
529
541
547
531
529
549
543
535
550
531
531
546
522
530
543
540
528
541
528
539
527
534
527
538
529
532
546
544
531
544
532
543
531
529
542
540
529
530
548
518
526
544
532
530
533
527
536
534
538
531
539
536
532
524
528
523
529
527
531
524
532
529
532
518
536
529
540
528
544
527
543
530
545
21586
21597
530
21593
21588
21577
21609
21575
21558
21577
21576
21565
21573
21579
21582
21580
21568
21573
21561
21552
21581
21583
21564
21585
21591
21585
21590
21589
21575
21581
21652
21638
21643
21636
21645
21634
21633
21644
21648
21638
21606
21636
442
440
430
402
280
251
153
103
358
373
357
21590
461
341
21573
301
293
21626
441
21584
261
21610
247
414
21570
166
149
106
393
126
482
415
363
442
130
21624
305
276
440
180
493
136
21555
381
449
268
353
182
9
10
13
6
7
7
9
30
4
6
12
42
60
41
76
46
12
11
27
29
78
74
7
4
5
5
15
7
17
31
15
16
7
4
2
6
12
12
