33
302
120
388
386
389
423
422
440
443
463
404
386
418
410
457
445
440
391
442
439
442
519
395
437
401
460
413
433
499
502
488
503
517
536
527
499
486
485
498
498
497
499
479
506
451
502
444
504
501
507
375
414
372
497
505
461
499
433
421
373
489
500
416
520
541
572
571
479
499
496
495
510
512
536
535
542
531
535
529
531
526
545
545
558
557
523
530
517
536
524
517
486
522
366
365
385
384
403
403
400
419
420
437
435
436
458
458
469
470
485
485
503
503
517
517
525
522
513
524
521
513
503
517
504
511
500
517
504
504
520
517
499
502
501
507
496
512
499
510
493
490
482
492
498
486
493
493
486
489
488
492
473
485
483
478
482
491
469
489
478
463
473
481
480
471
473
479
480
483
488
481
485
478
487
477
485
473
480
469
478
460
471
473
467
471
461
455
465
475
475
466
474
485
461
469
469
462
472
465
453
443
471
475
470
485
471
473
482
474
475
475
491
497
491
475
482
490
480
516
500
518
507
502
508
491
521
511
514
525
532
531
517
524
537
532
519
530
490
506
355
466
442
431
401
382
373
369
347
308
530
298
270
458
404
485
286
290
264
317
449
524
411
316
393
477
339
506
457
444
489
464
463
463
460
459
452
463
450
457
451
462
454
457
429
438
406
321
327
332
330
350
349
363
363
305
333
333
327
327
353
341
354
341
341
386
387
403
402
417
417
418
441
441
455
454
473
469
467
468
486
473
487
468
480
456
478
474
480
479
469
478
472
453
470
459
479
471
465
474
470
471
482
475
490
477
475
485
480
493
479
476
488
498
471
497
471
484
471
463
471
462
470
475
461
463
476
477
470
479
459
472
460
472
445
464
464
447
457
463
452
455
459
455
458
465
456
447
458
457
481
472
482
475
477
466
483
472
480
477
485
484
470
482
477
485
476
481
483
490
490
492
490
489
477
484
486
475
472
478
483
469
468
473
467
466
475
457
470
470
475
473
474
470
479
466
474
476
437
465
440
451
448
436
433
444
419
432
439
425
429
422
437
417
428
422
411
420
430
420
431
428
419
8080
8081
8066
8111
8111
8104
8123
8120
8138
8129
8134
8133
8123
8131
8128
8125
8126
8134
8141
8110
8135
8048
7991
7937
8129
8056
8041
8023
8018
8111
7988
7974
7961
8094
7943
8079
293
7953
8072
8091
8103
8024
8012
7983
7967
7928
8062
8004
8123
8087
438
406
439
445
437
419
432
438
424
427
434
435
428
433
440
434
440
452
394
274
277
279
294
285
302
302
318
317
318
316
349
349
362
374
374
397
397
414
411
415
414
431
430
448
448
465
466
481
481
478
499
499
514
515
525
532
523
513
515
521
517
517
507
531
529
511
513
503
506
513
495
506
504
493
493
505
504
498
495
496
515
526
522
537
534
521
530
522
527
537
538
531
539
532
537
529
505
529
529
542
532
535
540
530
539
539
531
542
537
547
541
549
543
545
556
548
540
545
565
556
571
563
576
577
592
583
595
599
606
576
591
579
593
583
591
585
591
571
597
584
598
586
600
590
602
589
600
589
593
594
605
610
617
610
623
613
611
629
612
619
621
615
624
617
635
627
626
620
624
632
619
632
629
608
618
609
597
614
610
604
600
609
593
606
590
591
599
578
603
567
569
582
574
576
580
576
572
569
577
578
563
576
561
568
555
556
569
570
555
551
561
560
546
562
543
550
543
549
542
540
547
558
541
530
548
535
533
543
543
536
544
534
542
533
545
543
553
550
565
548
561
539
550
538
554
541
550
543
544
560
557
544
543
554
500
521
535
512
535
543
533
520
542
529
531
544
539
531
544
533
531
541
544
526
529
522
537
528
538
544
531
540
532
544
532
545
551
551
537
545
552
551
547
516
490
457
535
407
487
363
418
251
445
509
360
419
503
322
461
305
295
420
422
471
273
265
391
368
377
344
324
337
530
289
283
266
396
430
392
390
409
398
414
441
451
453
431
434
418
425
426
414
357
227
240
240
258
257
266
265
281
281
293
294
285
314
313
322
322
291
338
352
353
339
374
375
389
390
407
405
418
419
432
430
436
436
461
473
474
474
460
460
505
510
522
512
524
515
526
531
536
531
539
519
527
540
533
541
542
547
527
556
537
550
539
526
569
567
565
575
569
576
567
588
559
569
565
572
564
570
578
566
559
579
578
577
573
570
576
584
579
556
565
575
551
553
559
555
563
552
560
564
550
541
561
566
555
565
554
555
548
563
545
546
545
566
559
560
579
555
565
562
561
503
459
462
364
343
289
262
413
404
553
380
516
545
483
365
522
534
314
327
306
298
429
424
400
386
462
343
446
279
504
460
372
440
451
499
497
498
498
489
500
481
497
494
487
498
485
492
486
498
269
438
278
288
288
286
314
313
330
329
345
346
363
362
383
384
401
394
415
414
431
432
433
456
456
475
475
491
491
510
511
486
479
475
469
463
454
446
444
433
423
419
414
403
397
386
382
385
386
509
288
342
246
325
168
295
372
349
511
267
253
236
198
332
217
186
186
316
173
488
216
280
274
497
208
504
166
361
509
309
13
7
20
69
90
103
103
94
93
91
86
91
77
95
94
90
91
95
86
93
94
87
86
90
91
79
69
78
89
91
88
95
91
86
79
78
90
93
93
46
47
66
126
127
142
142
161
161
175
174
173
175
205
204
201
220
211
198
211
220
201
208
266
267
288
288
303
301
294
318
317
318
339
339
358
358
373
373
389
389
405
416
416
431
432
449
449
467
475
476
464
447
464
476
457
487
501
490
503
504
506
499
493
505
461
498
463
467
465
494
492
511
505
516
502
510
503
502
509
518
511
527
516
525
514
509
514
518
523
489
516
521
503
494
522
509
504
499
511
496
513
496
506
505
500
517
506
508
496
506
502
519
511
513
520
501
527
512
515
491
505
510
498
509
497
508
494
486
502
478
491
496
497
498
496
477
503
500
481
491
495
492
510
493
494
496
502
492
488
498
494
501
489
493
497
499
493
499
486
480
474
466
469
477
492
483
476
478
482
459
479
485
480
485
482
490
487
481
495
480
489
495
499
490
491
496
484
491
491
502
495
493
510
505
496
495
503
497
496
498
510
506
512
506
513
513
505
503
514
521
520
531
518
527
509
512
524
525
514
521
528
522
528
529
522
539
523
535
524
540
523
533
523
540
526
542
527
529
529
541
532
545
536
544
540
548
538
550
541
550
541
547
549
547
539
549
538
550
537
544
524
534
552
538
544
544
535
542
535
541
533
531
542
543
537
541
536
543
539
544
537
544
541
543
532
539
546
545
536
542
545
533
544
530
543
542
536
542
533
528
529
514
534
528
539
528
519
535
531
524
527
521
537
524
533
532
530
524
530
524
531
529
524
526
528
527
520
525
518
524
518
522
511
520
507
516
512
518
506
516
509
517
515
516
511
514
512
514
507
499
505
503
514
510
519
517
526
518
526
521
526
527
518
524
522
524
517
528
514
521
525
507
516
522
525
509
513
491
501
502
518
513
518
499
512
516
502
514
502
501
516
514
503
512
505
507
502
509
497
511
505
501
509
517
501
505
512
499
513
503
513
505
516
506
510
503
507
502
480
510
500
496
504
509
495
504
504
511
500
501
487
491
496
491
491
493
500
497
504
514
513
505
515
516
521
527
520
530
518
524
530
529
510
510
523
523
517
513
520
526
511
519
511
519
515
523
516
526
521
522
522
523
531
528
533
536
521
524
544
521
535
543
534
545
552
554
550
555
531
539
533
535
543
526
537
534
512
531
518
528
515
521
516
530
527
509
500
508
516
512
494
515
497
509
482
491
503
490
496
488
494
478
489
503
505
489
498
491
496
489
500
485
494
473
477
474
478
465
470
464
461
453
453
443
447
468
464
458
453
466
458
453
461
453
463
450
461
446
455
458
446
460
454
462
454
457
467
462
459
459
454
467
438
448
449
448
442
450
437
448
437
446
440
454
439
437
442
450
437
425
432
441
433
445
453
439
432
440
433
443
437
439
451
455
440
448
441
439
439
456
455
456
447
459
450
460
453
455
445
439
454
443
444
443
445
451
444
431
447
443
448
449
438
450
440
451
444
445
450
9949
9920
9936
9952
9948
9957
9948
10015
10012
10023
10012
10027
10032
10024
10036
10037
10036
10031
10033
10046
10025
9947
9984
9841
10017
9951
9993
10022
9934
10007
9985
9893
9969
9867
9996
9986
10029
9849
9910
9952
9931
9936
9924
9903
9885
9861
9909
9856
9881
553
649
641
641
648
637
627
627
584
564
581
573
613
621
608
607
617
610
621
593
614
561
496
411
403
462
405
403
437
437
438
461
460
474
474
491
491
711
712
732
732
787
786
798
798
817
818
836
837
852
813
800
852
798
818
820
827
807
825
815
827
770
787
771
767
776
781
775
777
773
768
776
770
788
777
791
788
789
776
776
782
788
781
787
778
788
573
587
578
585
583
539
547
545
532
545
532
546
536
539
526
539
527
520
528
532
549
543
528
531
546
545
529
527
545
524
533
537
542
535
548
536
546
529
533
542
540
542
535
532
543
537
543
532
544
535
543
540
539
519
539
533
546
529
542
530
547
530
544
535
548
545
542
523
537
534
523
531
518
529
518
521
532
511
521
529
514
519
503
513
520
513
519
501
519
513
514
521
526
513
522
515
520
512
519
513
512
527
522
513
510
511
520
517
511
519
518
511
513
519
521
517
527
510
521
526
538
525
537
525
526
539
543
528
532
530
549
540
551
543
550
543
552
550
553
539
551
544
544
551
551
540
546
554
549
552
551
556
554
551
547
557
551
558
558
549
558
552
559
555
561
553
560
549
560
552
552
558
552
559
561
552
559
557
551
558
556
544
553
547
543
551
549
538
551
539
541
547
527
503
504
526
542
518
534
528
534
532
532
526
537
540
528
522
535
528
533
527
523
530
539
523
542
531
543
541
545
542
544
541
524
537
533
545
561
552
553
525
542
520
538
563
553
560
542
554
538
560
481
486
484
475
464
511
445
419
409
393
344
553
300
507
524
371
369
366
540
453
331
333
312
438
292
287
503
461
226
233
384
453
315
554
423
269
226
323
248
489
402
419
446
419
427
417
433
432
295
227
187
202
201
213
213
227
237
237
257
256
274
274
287
287
288
277
287
284
277
290
278
290
275
278
289
287
288
289
275
437
449
450
451
438
483
477
500
501
500
525
524
539
534
544
537
547
541
551
538
552
541
551
540
560
551
567
555
564
549
551
563
560
529
489
453
472
472
468
470
490
488
506
506
522
511
516
515
513
514
540
558
547
537
538
546
542
544
543
550
546
545
549
545
550
543
550
553
555
543
541
549
553
541
517
551
530
542
537
546
542
545
552
548
551
544
539
531
543
540
547
540
535
544
533
530
511
519
519
515
536
533
519
531
517
518
526
513
515
497
513
508
514
508
516
481
457
503
337
403
380
361
450
501
334
328
305
423
469
410
295
461
272
460
520
352
430
344
286
280
395
370
313
293
424
415
458
447
445
452
451
456
454
456
449
455
447
451
474
457
471
461
472
449
468
461
413
330
313
300
316
328
328
345
349
350
373
373
399
410
409
411
424
422
437
436
437
467
467
490
488
511
510
529
529
545
540
543
543
551
530
535
494
537
526
542
506
556
512
536
525
538
536
538
529
538
521
541
537
544
543
528
541
555
547
553
545
530
542
534
544
537
543
543
551
543
551
537
538
548
546
535
545
536
545
535
548
549
542
555
548
563
544
529
524
528
553
553
565
571
571
560
565
555
548
556
561
553
540
553
546
563
563
557
556
555
568
566
553
559
554
572
553
551
564
559
546
554
546
540
571
564
573
572
566
573
569
570
571
559
571
570
566
571
553
572
549
565
576
557
576
572
580
569
576
584
589
587
573
591
570
593
589
588
575
555
570
536
502
492
544
480
586
515
563
522
570
563
573
588
555
566
548
557
546
563
549
558
547
561
547
542
555
551
547
540
551
521
521
539
539
556
543
529
546
537
545
538
550
527
540
541
540
547
532
481
554
513
481
509
508
522
521
537
534
553
545
540
553
550
545
549
543
546
557
541
557
554
540
543
532
542
531
548
534
531
548
539
537
533
535
515
531
535
539
540
537
545
543
545
538
527
536
543
539
529
543
541
546
547
557
561
551
563
551
549
562
549
559
554
545
533
553
494
396
297
439
415
484
523
392
372
513
346
304
281
449
471
503
397
354
354
325
274
473
424
386
484
316
335
533
436
462
485
484
479
501
470
478
475
476
480
468
484
472
478
486
487
480
471
490
474
474
473
399
420
420
397
439
385
394
407
408
386
432
430
428
446
444
445
447
446
489
489
484
476
363
332
311
444
475
400
411
389
487
488
343
485
456
326
313
290
267
282
428
390
370
470
482
432
490
476
350
452
273
527
517
509
516
525
519
522
526
522
510
518
499
502
516
503
496
519
449
368
300
323
321
321
342
346
355
352
347
356
352
341
344
349
341
412
413
407
421
317
416
410
408
413
420
381
398
414
362
351
334
324
416
308
299
405
419
340
413
410
366
413
392
433
481
473
478
464
464
477
442
458
480
462
461
457
462
433
445
430
433
422
430
429
402
427
325
436
362
327
320
320
342
341
364
363
386
386
406
407
426
419
440
440
459
458
479
477
489
490
490
524
518
481
444
395
491
318
286
278
402
450
465
369
369
444
358
368
484
331
325
523
523
409
509
281
451
367
298
307
505
408
394
439
368
371
420
462
475
434
448
424
417
135
106
175
399
173
395
361
115
271
110
107
110
107
105
174
411
105
465
174
114
116
115
455
383
177
357
267
273
323
335
373
387
387
371
409
410
427
413
367
282
239
239
253
254
272
272
289
290
299
292
309
311
318
318
312
309
314
321
312
309
281
314
320
309
322
313
312
310
323
309
308
325
275
322
256
323
320
312
322
322
249
314
322
316
297
293
464
450
456
444
443
453
438
453
446
452
457
451
468
292
448
373
320
263
279
279
295
295
312
312
332
332
351
351
367
367
386
386
401
402
401
403
437
445
436
444
446
479
479
500
500
520
520
536
536
558
551
554
541
546
559
546
545
563
550
563
552
546
558
557
565
573
552
547
559
540
552
559
565
558
547
575
560
555
566
556
566
563
567
555
549
545
571
570
571
578
542
551
572
553
571
560
561
553
575
571
576
567
586
582
596
586
585
575
577
575
577
588
586
588
578
577
585
589
574
586
578
582
581
583
591
565
575
571
579
587
579
556
571
570
582
581
581
574
564
587
574
597
591
598
606
596
588
608
601
604
590
587
584
589
596
602
586
575
572
597
463
450
392
283
456
428
552
510
411
377
530
359
517
538
352
329
490
296
496
572
476
418
381
304
314
437
531
346
401
442
442
423
435
464
455
472
494
431
328
235
171
415
157
131
448
158
462
159
455
161
478
157
150
133
422
133
173
136
136
174
134
171
170
177
141
133
432
171
173
195
157
325
319
352
365
367
382
408
407
426
427
445
438
453
466
385
403
405
277
272
271
267
276
289
289
323
323
338
341
341
338
363
372
370
391
390
407
408
431
432
447
444
448
462
480
476
477
488
478
476
510
523
522
543
543
581
580
595
581
595
581
581
593
602
587
599
585
594
594
610
607
560
616
589
597
584
578
590
566
566
581
580
587
582
596
590
598
571
604
584
593
589
599
563
514
478
339
430
409
549
379
539
471
391
340
337
500
290
315
264
263
551
441
418
398
587
304
497
550
268
567
355
285
367
433
433
435
452
461
459
457
432
427
409
441
396
450
422
437
418
424
435
399
398
291
290
303
303
288
287
315
306
316
316
333
331
329
332
360
360
331
381
381
394
393
407
410
411
427
426
445
446
464
463
478
479
476
495
497
497
490
502
485
489
495
495
502
503
514
506
510
488
507
503
516
511
507
520
512
526
512
510
519
511
522
520
538
526
542
534
545
519
505
511
514
523
513
498
512
506
506
519
522
513
524
521
528
523
525
533
538
526
532
538
539
530
528
519
538
536
530
533
540
509
519
532
530
511
533
520
539
522
527
537
534
528
533
531
535
528
526
523
524
530
535
528
522
537
535
534
545
536
542
539
536
543
539
542
529
526
538
533
530
521
526
532
520
511
526
515
511
508
525
495
529
515
519
519
529
522
503
524
512
521
506
514
492
501
508
504
508
515
512
510
504
515
516
506
504
511
512
505
516
504
499
514
476
506
487
505
505
514
501
518
512
503
518
522
515
523
518
523
516
527
519
527
515
518
514
515
525
517
526
520
515
526
512
526
520
523
526
515
525
519
525
520
522
512
520
518
508
519
514
501
511
516
516
509
537
504
525
515
527
510
511
516
511
515
507
513
502
516
505
520
509
511
524
523
505
523
520
526
528
515
529
526
535
524
528
540
537
525
535
537
529
533
538
540
536
544
539
551
543
546
550
563
556
559
553
567
550
559
551
566
556
573
568
569
575
575
569
567
574
572
560
569
574
566
577
573
562
566
570
557
564
544
559
536
547
558
557
558
554
559
553
552
541
553
546
546
553
549
548
548
550
550
548
547
539
542
533
539
531
538
519
531
524
526
511
521
522
515
526
517
529
516
506
525
518
524
517
518
528
529
519
531
504
508
508
523
516
521
520
523
512
524
511
509
521
510
519
514
512
514
506
510
492
499
501
514
510
499
490
505
499
500
492
510
500
499
491
503
490
501
489
500
489
488
462
482
423
375
440
360
350
335
452
404
320
478
398
426
307
297
473
293
381
280
273
244
257
423
443
329
393
282
271
338
313
364
381
389
407
413
426
420
428
422
430
427
432
420
420
424
425
419
355
422
250
248
248
263
265
265
277
284
278
282
313
312
333
333
350
349
362
358
371
374
374
391
390
410
409
426
426
441
439
461
461
481
481
499
500
511
516
524
510
514
522
518
526
514
529
519
532
521
535
525
538
527
533
529
537
536
546
528
537
537
546
538
534
462
468
544
517
524
488
484
458
508
505
521
511
523
520
507
521
507
517
505
519
503
497
516
508
513
510
489
511
497
494
499
479
502
484
502
486
494
481
497
482
482
476
490
480
472
483
482
457
484
478
436
465
446
446
458
459
461
478
482
482
495
504
506
480
497
485
496
496
490
494
488
484
481
488
480
490
495
481
474
489
495
482
488
495
490
478
474
477
491
482
482
486
487
455
475
462
477
473
478
476
473
481
464
482
474
472
473
493
486
481
499
498
483
502
492
493
494
508
505
502
508
489
517
504
510
508
510
510
514
499
504
529
511
523
515
501
491
530
511
530
529
526
534
532
535
526
537
534
536
532
536
527
517
532
535
527
532
522
528
521
509
517
513
525
489
505
498
515
502
494
497
517
519
520
518
523
503
522
511
516
507
514
511
504
511
501
511
495
505
509
501
494
514
508
510
502
515
508
516
510
514
509
519
519
500
517
507
514
523
530
514
528
527
509
529
508
525
518
527
521
517
507
512
504
518
511
510
524
521
526
519
525
530
521
514
526
522
513
513
524
518
495
516
504
499
508
501
504
510
510
505
458
439
466
511
447
487
474
504
500
479
500
489
501
497
492
505
498
493
504
501
485
494
490
501
467
473
497
483
489
479
481
481
477
485
475
487
477
491
483
485
491
499
486
470
490
486
489
481
472
486
426
476
436
451
453
466
456
463
425
379
343
312
292
461
420
464
405
319
401
464
393
315
287
304
270
362
437
448
241
355
330
325
450
388
277
251
366
330
256
439
446
420
437
445
439
448
438
427
443
438
446
417
420
444
427
373
291
273
272
273
271
290
290
304
304
325
325
342
343
362
362
381
381
397
397
414
414
432
431
447
447
462
463
479
479
495
495
513
505
514
501
509
524
515
527
517
519
525
508
530
515
534
510
529
518
502
509
512
508
516
504
494
517
508
515
513
506
514
505
504
511
508
499
513
506
516
505
509
519
512
522
523
520
526
510
491
494
526
515
526
518
535
516
524
518
524
519
527
520
535
525
524
532
542
542
544
550
549
533
544
537
542
547
547
545
545
538
545
533
544
541
546
539
535
543
543
541
535
543
542
537
540
543
541
533
520
528
528
546
539
556
540
546
540
556
541
541
545
543
540
533
540
537
537
526
537
535
527
533
534
527
519
516
529
533
521
533
516
516
530
531
515
514
521
529
511
510
522
509
526
518
507
507
500
511
511
501
493
499
502
491
498
486
492
465
476
488
490
490
485
487
473
470
482
482
478
484
494
488
495
494
506
502
511
493
501
510
509
514
524
508
523
512
521
512
522
511
489
493
508
497
504
518
516
514
516
518
514
530
516
524
511
515
522
513
499
511
517
512
522
514
528
502
515
507
516
494
529
520
512
483
496
489
494
496
491
491
504
504
481
490
493
497
490
489
480
491
514
514
525
502
512
506
512
506
510
518
534
524
542
554
545
551
552
557
570
571
563
572
564
571
567
577
574
586
585
587
589
606
587
598
589
592
596
598
585
599
588
601
598
602
609
603
590
599
593
586
597
607
591
595
587
574
591
585
589
577
545
568
554
548
544
544
552
545
524
541
540
532
541
534
549
532
532
544
537
527
534
522
523
534
533
519
537
527
523
537
534
517
530
517
532
517
534
528
532
527
505
513
525
526
523
525
522
523
516
528
517
532
517
530
521
528
516
527
509
528
521
534
521
532
521
533
520
534
521
536
523
521
532
518
515
536
529
519
515
523
520
512
520
502
511
521
508
520
510
489
519
510
518
511
530
515
530
514
526
514
513
528
530
515
526
515
518
510
525
513
522
509
508
519
518
506
501
512
493
510
498
501
512
509
503
514
507
519
494
516
508
508
515
504
508
516
504
521
519
509
504
503
505
502
512
500
22036
22033
22054
22057
22026
22046
22034
22021
22044
22018
22045
22043
22050
22048
22053
22051
22049
22046
22051
22048
22067
22049
22061
22054
22066
22052
22073
22068
22053
22066
22048
22056
22060
22073
22075
22066
22074
22064
22078
22081
22071
22084
22075
22079
22082
22098
22085
22094
22103
590
558
544
568
555
560
571
566
580
569
583
561
569
555
562
553
568
562
566
559
560
572
557
574
570
554
549
557
550
561
565
561
556
559
538
536
545
519
548
561
561
551
554
505
538
535
514
546
552
541
555
548
556
545
562
560
568
560
577
571
565
586
567
579
566
580
579
575
582
575
580
579
573
585
575
567
564
585
577
558
578
548
570
521
553
567
563
554
570
563
561
554
573
554
535
551
544
550
551
536
563
554
560
550
542
551
548
538
540
532
540
529
528
535
513
540
525
533
528
521
516
527
523
516
520
525
511
526
516
508
517
496
485
485
484
510
519
505
526
511
514
511
510
514
513
500
511
496
514
513
518
504
508
514
493
503
514
504
499
514
499
504
500
504
511
508
502
506
521
517
507
514
503
506
501
503
503
505
500
494
480
480
492
507
505
508
490
503
514
497
500
485
501
489
497
481
490
496
470
486
483
477
471
492
485
490
489
494
492
489
485
478
480
447
458
424
441
417
364
346
317
395
392
253
413
194
197
174
171
160
156
154
151
156
150
148
200
335
306
299
291
288
378
432
270
273
243
361
233
215
212
210
466
406
289
261
383
341
87
366
354
199
214
3
200
163
169
160
173
173
182
197
196
188
219
185
218
219
250
249
268
278
277
268
275
313
311
328
328
344
344
386
387
401
399
402
426
426
445
445
462
460
482
482
497
499
511
514
513
536
535
538
555
545
554
560
546
558
544
541
553
551
567
557
576
554
564
556
557
563
559
561
568
558
557
546
563
552
561
554
537
529
546
533
531
530
541
535
533
525
530
522
527
517
530
528
530
528
533
525
532
541
542
535
546
539
550
540
546
541
554
552
553
546
546
518
540
524
536
525
541
538
547
540
549
543
543
550
542
548
551
544
550
541
555
552
558
556
563
569
551
559
576
572
560
576
561
578
566
580
565
555
577
573
576
569
556
555
575
561
564
566
557
548
563
574
553
562
570
556
564
556
554
541
554
552
545
527
540
533
551
545
550
541
550
533
549
540
533
548
542
552
546
542
541
535
542
520
495
504
527
514
509
517
520
507
493
517
493
513
484
486
511
513
519
508
512
507
517
527
521
517
522
512
519
503
522
521
538
511
521
502
504
494
503
486
503
491
495
486
488
483
484
468
478
456
482
474
489
489
484
483
497
488
483
484
477
486
489
492
492
510
494
508
478
490
494
508
509
508
509
498
512
502
505
510
505
511
510
510
509
521
519
525
523
529
517
536
527
524
543
541
547
537
547
548
562
550
567
559
567
569
573
569
576
590
577
580
596
581
593
593
593
589
595
582
589
576
586
577
591
579
593
582
596
588
597
593
586
597
602
582
569
594
581
582
597
586
572
591
584
598
585
580
594
585
593
600
584
594
596
589
591
584
589
598
586
589
581
596
582
590
579
587
580
589
581
592
581
592
581
581
596
598
580
595
579
588
581
600
585
594
587
601
593
596
595
603
628
603
610
617
584
617
605
609
605
591
579
587
602
575
585
596
590
601
600
595
603
603
596
609
601
609
600
614
601
614
613
495
443
560
506
472
398
535
372
362
590
333
365
318
309
292
313
553
486
449
572
552
382
514
341
337
288
428
527
593
469
425
495
514
443
426
386
364
267
486
261
120
99
98
267
437
261
392
514
411
483
162
336
352
272
100
407
459
267
372
263
107
269
98
260
262
100
265
100
319
312
350
365
367
382
303
313
188
218
193
191
205
204
216
217
231
230
246
245
259
260
260
284
283
300
300
319
320
336
336
352
352
367
375
368
377
391
382
389
402
395
401
419
420
441
439
450
449
468
468
488
487
505
504
499
485
492
500
501
481
488
503
495
490
490
490
472
484
475
458
487
488
479
482
475
487
474
486
475
480
474
478
474
483
471
475
467
481
481
485
470
487
479
480
473
479
475
485
473
486
471
482
470
479
471
464
489
475
478
486
481
481
489
479
491
504
485
485
502
503
520
502
508
513
506
523
517
506
511
506
508
514
510
511
493
511
505
515
504
514
512
495
506
512
516
504
515
504
507
502
493
507
501
490
507
505
511
514
500
516
508
514
517
505
513
517
508
522
507
514
505
509
509
523
517
526
504
516
535
524
542
530
541
537
535
546
545
536
545
539
553
555
542
554
533
546
540
538
543
530
530
540
542
544
529
544
544
533
537
529
534
523
536
521
539
523
530
526
530
526
530
521
531
522
531
525
513
498
508
521
507
518
506
518
507
515
515
504
512
484
494
506
492
499
494
509
506
486
505
498
508
508
505
514
488
485
516
509
505
494
510
511
509
494
486
505
493
499
492
495
500
501
477
487
489
474
493
493
486
495
484
496
489
500
491
493
503
503
486
500
511
502
526
521
532
539
533
524
539
544
537
527
505
518
526
540
536
553
540
559
547
556
547
548
557
552
554
549
562
562
554
548
574
564
581
564
577
570
570
575
572
567
581
567
576
568
587
573
584
580
589
576
580
571
574
561
571
573
558
568
536
551
550
564
555
509
569
500
543
535
514
555
548
537
555
542
544
554
543
552
534
557
549
532
505
523
555
510
487
543
497
532
525
528
533
530
524
518
503
524
510
503
517
502
510
521
506
508
514
513
507
503
514
519
507
513
513
513
504
526
517
511
529
528
521
540
523
535
525
529
497
509
519
538
530
497
512
507
526
525
524
550
541
553
543
546
546
540
553
559
561
569
571
566
584
565
576
566
560
572
569
565
576
572
566
569
574
578
569
571
553
549
511
483
421
489
359
570
265
509
534
402
440
332
471
313
301
289
266
248
239
439
425
531
407
369
492
293
439
226
343
377
387
328
438
401
414
407
460
450
457
462
457
454
441
466
446
453
323
309
451
325
323
308
394
326
323
337
338
357
357
372
375
375
397
397
415
414
433
433
444
447
455
449
466
466
485
498
497
484
522
523
542
541
560
561
567
570
559
578
568
584
572
578
569
585
571
586
578
588
579
591
592
575
535
548
541
550
540
536
519
539
537
537
547
537
550
548
550
544
557
545
557
554
558
551
558
550
561
554
559
553
556
549
551
548
535
538
509
517
553
541
553
542
548
539
549
536
553
539
531
548
515
542
530
530
537
524
535
537
545
536
527
538
540
533
538
530
536
529
535
528
537
530
537
529
532
539
512
531
517
528
509
531
519
525
507
497
515
515
527
524
520
527
527
518
509
504
524
521
527
498
529
515
529
521
539
523
541
531
543
536
545
543
536
545
545
539
549
542
548
540
548
541
547
539
542
541
547
545
525
534
543
549
542
533
516
540
547
552
510
547
539
526
527
535
512
530
544
532
537
530
532
532
532
539
535
525
510
513
529
520
505
513
491
500
508
501
504
502
487
505
492
507
491
482
496
498
487
496
492
498
491
508
485
506
485
499
494
499
497
498
474
487
486
474
494
502
495
486
495
500
501
491
512
504
515
514
516
510
519
511
530
516
523
516
528
522
529
516
535
507
526
499
516
526
518
522
535
537
520
530
520
537
524
522
529
524
524
530
521
531
521
535
534
545
548
531
534
542
541
525
533
534
518
506
510
517
520
511
524
516
518
507
515
517
514
501
499
517
510
514
490
466
491
510
499
490
472
506
497
502
490
505
497
504
497
502
505
505
503
521
500
493
496
478
499
492
497
500
489
507
491
502
495
510
493
508
504
514
498
486
499
511
488
500
504
502
506
500
507
490
507
480
475
492
491
507
506
517
505
523
516
511
524
519
507
505
508
517
513
499
503
512
513
516
503
508
503
513
503
513
506
489
502
509
496
507
495
500
506
508
492
503
509
515
507
506
467
484
417
496
484
452
232
349
341
399
464
324
314
386
299
301
267
260
253
362
221
423
356
341
406
439
373
276
381
242
433
311
281
378
393
408
392
434
415
428
432
427
431
441
437
432
437
445
447
259
257
267
389
267
292
294
311
310
329
328
347
347
350
351
360
375
375
386
381
381
405
406
409
408
306
280
405
408
410
378
370
347
361
327
335
404
302
408
403
416
395
408
408
402
320
410
285
384
402
408
465
475
466
478
462
462
468
459
445
467
465
456
470
450
463
470
468
480
473
480
470
423
474
373
332
345
339
363
365
384
385
400
401
415
412
415
433
434
453
451
468
467
481
481
493
502
509
506
509
513
515
528
524
509
523
506
525
527
509
524
518
518
528
529
517
521
499
510
518
507
523
517
526
462
511
473
487
491
515
500
490
493
484
479
485
468
494
486
491
470
481
470
493
469
470
459
486
493
501
490
496
480
500
496
511
511
488
516
503
483
497
483
493
502
504
495
502
497
493
503
502
485
505
508
496
502
501
520
521
511
507
501
509
508
490
499
499
512
508
514
513
530
537
546
540
518
555
518
530
502
519
528
519
499
513
519
513
526
511
517
519
518
516
514
518
499
505
494
516
506
508
491
505
502
488
491
503
503
502
492
500
500
509
489
501
502
488
507
503
493
504
492
500
486
488
482
472
496
488
498
481
497
480
488
465
500
453
497
491
498
498
503
495
505
497
500
501
511
493
513
509
509
523
517
514
525
510
526
512
515
524
523
515
526
523
531
522
535
520
537
520
527
516
520
521
536
519
537
521
528
519
523
492
511
510
530
529
537
535
532
534
537
535
540
537
540
539
537
530
535
537
529
540
541
534
530
538
534
531
535
530
515
538
521
526
536
509
532
496
501
517
528
520
531
520
533
518
517
516
531
530
532
524
531
528
513
523
520
519
532
522
524
504
521
530
519
522
529
537
519
526
518
529
522
540
525
544
505
505
537
522
529
509
529
521
525
532
539
522
528
533
538
541
539
537
541
543
537
545
540
529
535
526
534
536
527
540
542
539
535
546
547
524
527
538
543
528
529
539
519
543
526
529
522
507
528
515
531
522
540
537
532
556
537
530
517
532
543
546
530
529
532
526
522
544
531
541
534
540
533
535
543
542
530
544
533
525
532
556
545
563
554
545
552
556
545
554
547
563
550
556
568
560
565
562
555
562
560
557
558
550
553
556
557
549
560
545
555
548
554
564
566
541
550
548
545
544
541
544
536
541
543
548
546
541
525
525
518
531
524
524
519
531
529
526
524
526
522
516
506
524
529
513
516
516
503
520
511
535
516
525
518
530
519
532
521
532
517
519
531
522
529
520
521
534
532
516
535
529
537
530
548
534
553
540
553
542
539
553
555
545
543
563
540
550
539
530
533
549
554
552
534
545
529
544
545
525
534
527
504
496
526
456
543
446
478
468
436
518
482
514
515
518
507
515
499
511
506
520
504
501
492
509
506
499
507
505
505
497
491
498
499
490
503
495
505
500
490
506
497
503
494
505
498
484
507
495
498
475
505
505
473
474
490
485
486
503
503
522
521
536
527
516
526
534
528
523
535
521
535
508
518
517
516
530
517
515
512
533
530
528
519
527
527
521
528
513
523
520
538
519
523
532
538
522
540
523
537
521
531
515
523
523
532
532
529
533
521
526
525
533
530
504
525
522
521
513
511
527
525
519
524
525
515
539
526
517
517
513
525
527
518
528
531
529
530
527
526
529
529
526
517
515
524
511
524
510
527
500
525
509
502
515
492
504
498
491
482
490
492
496
490
494
473
474
496
484
477
496
488
495
490
488
497
484
472
494
492
472
490
494
483
492
480
485
481
473
489
455
450
476
491
465
490
483
499
492
483
492
490
489
506
485
492
493
499
485
501
504
513
504
508
501
501
501
493
503
509
500
493
506
500
496
500
507
501
500
491
507
500
504
497
502
483
496
491
485
493
492
485
483
481
492
498
483
498
487
483
488
491
486
484
465
455
401
383
449
319
363
349
338
335
328
307
290
299
286
287
270
478
258
241
416
221
215
221
348
406
365
426
253
436
237
389
358
476
450
445
451
461
464
465
458
454
471
458
467
460
462
473
469
404
299
329
315
315
335
318
320
323
323
346
345
366
368
366
388
388
390
388
387
426
426
444
443
461
460
477
478
492
492
507
506
502
532
531
533
542
530
540
528
537
531
533
539
525
539
532
519
538
526
538
519
529
530
527
508
491
527
519
524
517
530
516
466
524
488
475
532
473
502
475
511
504
517
504
515
513
504
500
496
512
513
517
504
523
506
516
506
498
518
511
491
506
501
509
514
509
503
485
515
515
522
515
516
507
494
520
507
508
497
512
519
518
499
479
479
493
499
499
520
524
519
502
512
504
521
519
529
517
518
518
511
507
514
499
501
512
490
482
501
502
515
490
494
488
495
501
490
491
472
511
480
488
500
467
486
497
492
470
498
493
492
496
496
496
503
497
496
489
497
491
502
486
495
498
496
490
498
493
497
499
482
488
485
501
492
500
478
497
493
479
504
483
478
490
489
489
466
446
499
474
475
468
476
476
473
496
474
483
474
474
482
481
469
456
473
473
484
486
484
451
464
465
471
461
468
482
468
456
478
478
472
480
478
462
479
468
0
475
460
460
468
465
464
459
448
473
466
459
458
471
477
472
485
475
472
463
474
468
446
458
444
466
467
444
445
469
465
464
466
451
443
464
459
462
455
439
460
447
445
428
461
420
438
452
454
446
443
452
451
442
456
450
457
454
435
462
447
453
452
452
444
456
440
456
456
462
425
458
445
447
446
452
463
453
451
459
439
461
449
453
461
451
457
461
467
450
458
22429
22416
22417
22411
22424
22428
22429
22443
22456
22440
22443
22451
22452
22453
22471
22468
22475
22457
22473
22471
22481
22479
22479
22473
22467
22474
22483
22481
22457
22463
22464
22463
22460
22470
22479
22487
22476
22488
22472
22443
22473
22466
22451
22460
22442
22489
22470
22480
22495
531
517
529
526
513
511
517
504
504
506
495
490
475
501
468
479
461
486
475
479
476
482
465
481
472
462
470
466
448
459
460
480
488
476
448
486
439
493
463
427
441
442
455
454
448
474
470
481
472
484
482
480
473
493
491
497
494
509
512
501
512
504
506
494
489
501
473
493
484
473
493
498
495
494
494
503
493
433
453
412
482
379
367
348
390
284
250
228
402
412
265
262
240
466
420
405
216
208
207
443
357
318
303
493
277
385
431
222
485
208
339
311
243
326
368
420
431
457
450
447
434
447
447
436
436
346
348
361
359
360
380
382
400
400
322
417
301
300
317
319
336
335
356
355
360
361
364
363
356
341
335
272
354
332
343
351
331
327
326
308
370
343
307
299
283
356
266
340
341
340
343
337
333
366
343
300
365
469
458
473
445
462
474
465
478
469
477
464
475
466
475
461
463
470
469
461
447
446
465
465
484
358
377
376
395
395
412
413
427
426
442
442
460
459
478
485
487
486
477
519
517
537
537
554
553
573
572
585
581
592
575
576
582
587
574
574
567
573
587
571
578
564
581
572
533
542
580
543
550
538
552
542
536
545
542
530
541
523
531
533
540
536
527
544
528
545
536
544
532
531
537
535
528
530
523
507
513
525
524
511
513
507
500
496
506
512
522
475
502
514
478
494
473
490
513
496
508
491
506
511
500
438
453
271
467
398
494
363
351
448
325
296
478
290
278
247
253
252
405
482
371
332
308
412
317
420
384
342
431
375
385
422
421
435
429
421
421
410
422
423
435
433
413
415
416
408
424
406
419
252
277
390
286
285
294
293
294
320
321
331
339
341
331
340
368
368
367
392
392
396
400
401
391
394
392
400
350
313
403
231
392
204
399
322
405
299
286
384
279
264
355
365
230
221
207
334
198
379
302
400
375
247
246
390
324
403
342
308
362
363
418
440
432
432
450
436
432
340
179
236
212
231
231
245
238
237
261
270
271
285
295
293
312
304
320
332
332
351
352
372
378
373
396
406
397
432
431
447
447
471
471
479
476
487
479
486
448
444
427
402
425
478
392
375
415
487
465
477
476
477
469
470
504
512
490
503
499
488
503
500
476
269
460
412
396
376
350
486
425
316
309
419
510
183
163
299
163
448
387
384
339
444
464
162
159
334
406
329
363
410
410
425
425
444
445
466
467
486
486
505
505
525
526
531
522
534
532
547
527
501
398
375
362
377
378
377
406
407
407
412
407
409
410
410
461
460
479
480
490
498
498
507
516
517
533
534
551
552
568
572
561
538
556
533
552
549
524
545
548
539
552
539
540
550
542
554
541
553
554
542
549
541
540
548
570
580
555
570
515
498
468
464
460
460
455
449
442
443
478
408
358
349
555
285
516
234
373
361
329
334
288
311
415
239
514
382
397
218
207
538
514
430
420
267
298
249
400
232
199
486
507
263
374
370
348
378
384
166
298
148
176
175
194
194
216
216
228
227
243
244
246
265
263
261
279
279
296
297
315
313
336
336
355
356
377
377
393
387
409
421
421
437
437
434
464
462
486
485
500
496
463
520
522
541
541
562
561
575
561
578
570
571
585
577
555
562
574
585
570
564
573
563
576
575
582
570
573
567
582
565
572
585
565
578
575
567
563
556
575
545
536
559
553
560
546
546
537
536
524
539
524
547
563
542
553
541
551
534
524
529
514
541
516
516
534
517
542
527
542
519
535
527
544
525
520
515
521
527
526
527
508
526
521
525
524
526
536
523
530
537
535
532
541
543
536
552
541
551
538
528
547
497
511
531
517
528
527
525
531
529
519
531
528
514
513
494
508
523
512
510
512
517
496
511
506
513
490
505
519
504
504
512
517
506
514
505
513
504
509
502
499
511
486
511
501
517
530
526
517
521
527
519
519
538
531
503
503
494
418
370
420
307
257
391
473
373
520
453
476
365
447
343
326
521
317
296
288
271
403
393
523
463
332
431
277
464
376
360
423
392
410
418
417
454
454
449
452
447
445
460
465
453
462
453
320
407
307
305
320
307
319
319
335
334
354
342
356
357
358
376
385
384
401
395
404
403
420
419
438
437
458
458
479
478
486
499
486
523
525
498
485
524
567
557
572
564
568
556
567
556
551
539
548
532
542
531
533
524
530
518
508
517
521
528
518
526
511
531
522
532
530
518
532
526
535
526
534
515
527
529
518
531
517
538
531
558
558
575
573
572
540
568
558
557
552
554
559
570
558
578
570
587
575
597
583
594
587
582
599
597
613
602
625
602
607
593
601
590
586
581
578
569
568
575
557
578
583
572
570
553
579
579
570
578
559
568
551
549
563
555
558
566
559
537
544
556
521
535
549
535
532
526
534
504
525
511
496
523
513
509
488
501
501
495
501
509
520
513
521
513
518
530
523
492
516
519
522
491
499
524
502
517
511
488
502
506
498
492
500
498
492
497
493
496
490
493
500
492
491
503
496
483
506
493
505
509
491
473
490
478
409
384
376
364
354
355
458
404
281
252
223
432
324
451
312
323
402
350
283
267
260
343
244
208
194
422
338
302
292
376
340
484
440
471
227
204
293
365
382
398
399
393
404
394
406
390
403
407
321
263
224
241
239
236
239
253
254
272
273
292
292
309
308
306
334
332
352
352
368
367
384
383
403
402
421
420
439
438
447
447
465
464
483
483
500
501
498
525
524
536
530
533
540
540
540
542
552
540
528
548
538
556
555
543
560
545
544
551
543
551
556
542
538
527
541
538
550
547
539
544
537
552
538
540
546
544
536
532
533
520
531
538
545
538
546
539
532
519
534
546
539
541
545
537
545
524
540
535
529
529
535
537
539
531
537
526
539
529
529
539
536
539
536
520
538
527
533
512
525
533
512
524
523
505
515
491
481
501
493
514
518
515
480
501
494
504
485
490
484
496
497
490
488
485
495
495
477
495
487
500
467
487
490
495
483
491
478
480
471
461
474
466
483
472
479
473
480
474
489
476
490
482
493
485
465
494
481
482
500
496
506
476
501
496
497
503
505
503
508
487
504
494
506
484
504
493
504
505
497
502
483
485
512
498
510
504
521
512
514
513
505
499
474
452
474
514
497
471
449
487
466
500
515
473
484
487
506
507
504
494
484
484
494
499
485
508
497
499
491
488
493
498
488
486
485
478
497
487
489
485
489
482
460
455
488
475
477
465
475
482
461
479
412
432
432
452
453
470
470
486
486
498
465
481
482
494
493
513
498
504
517
507
513
504
509
509
518
527
525
519
530
521
529
538
531
541
535
537
542
529
546
544
554
551
557
540
557
544
561
550
548
559
547
560
535
553
545
554
552
557
551
555
554
554
543
553
545
552
544
527
550
560
554
532
545
550
536
547
536
547
536
547
535
538
545
551
538
551
534
545
531
545
533
532
539
528
541
539
537
530
527
531
512
533
522
538
524
530
527
529
528
538
530
540
537
541
538
539
536
527
539
530
531
533
527
535
533
517
525
529
523
524
520
536
526
520
520
535
514
522
505
516
509
492
514
509
505
512
508
521
513
521
509
501
507
490
517
511
528
510
512
501
509
495
503
487
502
501
507
504
497
506
507
499
508
514
507
490
509
493
509
502
479
498
492
486
493
502
489
495
490
499
490
483
494
493
490
494
488
495
485
495
494
502
477
485
491
495
482
500
486
480
493
496
488
487
488
486
488
489
487
491
491
496
474
476
483
488
474
481
483
479
478
491
483
486
494
493
481
474
492
483
482
482
497
489
474
497
487
496
486
495
488
499
497
499
499
495
488
485
494
494
486
494
477
476
492
489
498
491
501
495
503
497
495
492
510
494
502
511
502
513
506
510
505
510
510
480
499
499
471
501
465
498
483
497
495
489
502
489
491
503
480
483
500
480
495
486
495
486
485
492
487
482
494
481
485
494
483
486
479
495
485
490
483
490
490
500
486
491
483
482
476
463
470
496
476
471
481
490
482
502
508
502
535
528
528
510
500
515
531
521
522
533
524
535
518
533
539
547
536
527
546
538
546
540
527
530
550
534
541
536
526
539
518
540
529
533
534
537
543
542
549
547
564
536
535
543
531
543
515
505
537
519
496
505
521
500
520
519
523
517
534
515
528
518
532
517
523
515
528
537
535
529
535
522
529
535
525
529
545
536
530
537
540
523
532
540
540
531
540
526
532
518
530
518
527
520
525
530
535
533
517
525
530
532
519
530
518
533
531
518
510
520
501
524
513
510
526
503
524
509
498
491
509
499
504
483
501
466
484
499
502
501
491
494
491
502
498
502
502
499
507
505
508
500
516
513
517
508
512
502
517
496
476
492
511
524
518
510
518
500
509
528
513
516
515
507
525
515
528
522
528
529
535
527
534
524
525
525
540
533
536
551
538
546
526
550
533
534
543
535
540
542
536
531
551
543
530
527
541
543
521
530
529
540
548
541
536
543
538
549
541
549
538
546
542
542
549
541
549
524
535
552
542
539
536
533
517
542
535
530
544
547
532
532
542
531
536
530
526
535
524
528
535
526
536
532
538
533
537
536
531
529
527
527
536
537
535
539
527
537
535
538
534
527
526
536
528
532
530
511
513
532
539
528
536
540
544
525
533
540
528
524
516
547
533
544
549
539
540
552
553
536
526
532
539
541
542
535
550
535
545
532
551
540
536
559
536
543
550
537
535
547
540
548
550
537
554
550
540
539
552
540
547
540
547
542
556
555
538
535
550
538
549
545
539
537
554
537
543
548
539
546
527
544
537
552
540
542
539
535
536
529
538
531
534
536
539
529
543
532
538
529
529
537
540
534
539
536
546
529
519
513
531
543
505
537
537
527
529
541
539
537
530
532
530
520
524
518
530
510
522
531
525
532
534
523
536
526
540
533
545
536
531
529
514
542
530
538
525
539
530
530
539
547
526
529
536
530
546
535
520
509
510
527
527
536
528
540
503
523
455
452
429
253
249
241
234
227
223
211
207
199
193
186
494
179
174
165
165
161
159
518
297
326
270
263
388
381
490
459
369
477
351
329
282
267
396
513
449
317
501
413
406
339
294
363
188
