35
143
158
171
184
389
405
192
104
200
447
448
469
471
482
483
506
529
504
563
567
569
591
604
703
603
546
583
721
527
720
704
752
753
770
771
788
788
803
804
796
820
819
833
833
850
847
849
875
876
894
885
893
889
901
894
900
892
701
696
660
658
669
671
658
665
656
643
663
660
648
640
647
639
642
634
549
546
556
546
523
551
537
528
536
525
539
535
541
533
551
529
538
550
541
551
545
558
546
568
558
568
566
564
552
561
553
561
550
563
550
558
560
557
549
540
556
549
557
549
548
555
547
554
553
549
550
548
551
543
548
539
549
537
543
550
550
542
550
542
531
546
547
540
548
541
550
538
552
530
532
538
530
536
536
531
545
534
548
538
537
544
540
547
555
545
553
548
561
563
582
584
592
583
597
595
598
594
602
602
603
586
577
577
561
557
596
588
544
486
363
521
466
547
449
515
413
510
377
530
432
395
417
495
473
451
389
431
564
564
557
561
578
590
584
566
563
573
586
607
579
609
587
619
615
608
622
469
421
422
431
435
423
520
602
433
470
422
424
437
435
434
433
609
470
435
436
436
433
431
596
581
604
618
621
617
668
669
622
634
629
593
584
590
580
584
589
601
583
542
558
513
500
482
499
541
436
328
334
325
337
344
339
342
365
365
375
373
377
387
395
402
399
407
407
422
420
426
424
434
438
437
457
455
463
461
468
449
454
471
460
462
455
472
462
446
456
457
454
456
453
452
451
453
468
445
456
446
454
444
458
450
451
457
445
437
453
439
439
433
451
443
449
444
454
445
441
447
422
445
441
430
436
447
438
448
448
438
444
427
439
436
434
449
433
447
449
440
450
449
432
438
443
450
439
428
446
438
434
444
432
434
446
441
433
435
440
452
447
428
440
445
436
445
434
443
434
425
440
432
449
439
446
434
435
443
446
437
442
449
439
450
441
431
439
7920
7977
7972
7943
7947
7959
7971
7994
7987
8006
8000
8004
7994
8025
8010
8024
8010
8007
8014
8000
8012
8006
8008
8011
8006
8017
8007
8011
8016
8021
7995
8004
8003
8016
8025
8042
8036
8032
8040
8035
8047
8038
8046
8041
8053
8044
8051
8057
8069
589
598
519
524
521
539
528
537
529
530
533
529
545
538
530
551
536
553
552
567
560
557
579
578
584
587
578
589
584
595
572
610
582
585
595
594
784
769
772
759
745
765
769
778
772
792
806
812
816
807
797
812
813
807
818
804
821
808
823
816
819
816
801
823
815
808
817
816
803
808
806
811
813
781
795
798
805
803
796
783
796
780
788
783
608
609
611
620
621
604
626
618
626
612
613
602
591
581
591
571
589
586
593
580
608
584
601
610
598
604
599
604
588
607
600
607
603
590
597
607
600
589
577
588
580
597
594
600
596
604
590
596
589
610
594
600
581
589
589
602
605
594
608
600
604
596
575
590
569
596
606
565
525
518
500
535
475
591
586
482
552
495
584
568
575
568
574
574
585
583
576
584
579
599
583
565
593
586
602
593
608
611
588
592
615
608
615
623
613
592
610
604
582
568
615
605
617
605
612
626
596
538
527
558
552
553
575
575
593
573
588
593
581
585
586
585
623
616
634
612
620
624
616
616
625
624
591
631
607
623
627
609
621
612
598
603
613
610
599
605
587
587
584
601
595
589
578
587
573
584
581
567
565
564
578
570
574
561
573
570
590
573
587
588
596
594
544
557
543
541
547
529
522
535
529
512
529
518
517
514
508
519
506
510
503
519
502
515
502
520
510
527
503
517
510
512
527
525
495
500
511
515
525
530
522
530
523
535
525
517
526
514
526
516
525
523
526
520
528
515
526
517
517
528
519
520
510
530
526
520
523
517
523
519
509
513
520
524
512
514
520
505
515
518
516
516
507
512
511
491
515
510
503
487
474
498
507
474
490
504
487
500
489
500
499
480
487
496
492
497
492
500
486
488
493
497
490
500
489
492
486
494
488
497
493
493
501
502
495
507
505
499
512
512
505
513
501
515
504
524
517
527
511
518
508
519
514
532
525
526
539
535
527
534
524
534
528
524
534
534
527
530
532
538
521
517
527
528
526
525
520
523
520
513
523
512
509
519
515
507
521
509
521
511
523
509
526
511
522
509
509
523
510
494
503
503
509
487
507
500
506
496
500
512
496
508
519
508
514
507
515
504
501
499
506
505
507
501
494
512
499
504
515
509
503
512
506
514
503
515
502
499
512
513
502
513
497
503
498
498
504
505
483
499
500
494
491
504
485
422
474
507
433
453
489
468
459
470
478
466
461
473
480
492
483
493
480
480
475
480
484
480
503
495
497
506
484
504
497
510
499
500
511
500
493
510
513
501
506
519
517
511
523
516
528
522
537
532
541
528
513
533
517
517
518
508
540
553
562
549
562
548
569
575
582
587
581
588
580
605
594
584
598
606
589
604
595
605
604
665
672
679
669
681
663
661
689
659
668
681
688
676
691
677
692
685
673
685
667
689
683
697
688
705
691
705
705
706
687
682
690
491
596
650
575
640
698
543
551
681
505
663
499
621
605
593
569
626
529
572
556
569
553
568
558
577
553
535
566
555
548
559
545
548
542
548
557
560
543
542
540
548
523
538
511
534
509
527
526
519
529
484
404
415
421
420
437
434
455
454
471
470
487
487
505
505
523
523
541
532
531
543
537
530
541
529
534
546
541
531
541
532
532
549
544
531
536
530
539
528
545
532
548
545
549
546
549
544
555
548
557
544
555
552
555
549
559
553
557
547
559
556
559
552
558
546
558
551
555
543
552
542
551
543
550
543
549
546
549
542
547
541
547
545
546
539
544
539
525
546
534
534
547
545
532
549
533
549
532
544
532
550
535
546
535
547
534
540
533
545
532
545
534
546
534
537
548
550
541
546
559
558
546
547
558
547
564
563
549
567
551
552
564
552
560
555
565
558
569
556
570
558
575
559
567
561
578
567
604
589
587
600
598
586
603
597
593
593
599
592
599
597
589
577
601
420
564
557
473
480
582
440
522
508
585
489
543
532
451
431
500
460
415
553
545
556
544
552
546
543
544
536
540
531
536
538
523
508
500
508
506
499
506
505
501
508
495
483
503
446
463
473
494
488
463
478
477
396
395
410
415
416
412
411
447
448
467
466
483
483
503
504
518
512
500
464
434
458
352
504
473
424
415
397
397
364
374
340
479
462
447
485
387
442
411
500
490
501
499
1475
1447
1450
1448
1472
1459
1465
1472
1470
1456
1473
1461
1476
1451
1468
1461
1469
1463
1473
1469
1462
1473
1413
1470
1339
1373
1347
1356
1356
1354
1346
1350
1391
1390
1409
1409
1428
1426
1447
1446
1468
1468
1488
1488
1490
1512
1498
1490
1503
537
535
542
529
526
531
532
526
518
517
530
510
529
518
519
524
519
512
523
506
518
499
512
502
502
517
505
497
512
502
496
491
503
497
507
492
498
490
483
495
476
469
489
476
467
445
444
464
475
479
468
471
466
467
475
467
470
459
472
468
470
471
474
462
465
473
477
469
471
473
475
468
478
477
480
473
479
473
477
470
478
468
482
471
475
482
481
475
483
482
485
482
483
478
482
477
490
476
484
477
482
477
482
477
484
481
487
486
475
485
486
478
485
475
488
478
485
476
484
478
477
482
9528
9523
9509
9520
9508
9516
9516
9535
9524
9525
9535
9541
9536
9546
9538
9544
9539
9528
9536
9521
9540
9529
9535
9553
9548
9558
9548
9563
9506
9438
9530
9497
9413
374
362
364
353
349
350
345
9472
9545
9458
9520
9448
9539
9436
9421
9414
9489
323
315
9526
9482
9465
9510
9427
9554
407
441
443
459
440
426
436
443
456
509
507
504
513
500
503
485
496
497
489
385
325
328
342
342
358
359
372
381
381
403
403
423
422
438
439
454
454
474
475
490
490
491
488
525
525
536
541
558
558
577
577
589
595
589
603
601
601
612
610
552
552
555
559
552
548
558
555
565
562
658
650
642
656
639
645
691
684
672
686
688
656
653
686
668
653
635
673
684
676
677
643
672
615
671
626
670
639
678
671
677
668
679
668
675
663
667
654
674
671
671
677
668
653
656
673
678
678
671
677
588
572
597
574
519
548
507
527
583
475
539
397
391
384
471
483
395
393
476
392
392
480
485
365
473
429
486
380
448
395
521
521
518
531
515
520
507
537
536
528
514
522
512
503
531
508
517
530
517
522
517
510
518
509
518
519
502
499
523
515
520
494
391
390
406
406
424
424
437
434
435
454
459
458
457
477
477
494
494
509
507
505
510
517
512
506
505
519
491
499
502
503
500
486
485
480
475
481
476
481
491
485
491
499
502
486
528
528
523
504
515
520
519
527
508
514
508
508
515
521
505
505
523
521
530
523
528
532
525
534
527
540
512
522
458
426
359
509
450
530
445
417
500
381
370
519
452
517
487
416
396
471
483
503
414
456
438
445
463
475
467
460
472
463
471
454
452
462
450
469
451
461
467
451
470
470
458
447
464
452
457
451
448
454
426
386
353
389
370
368
381
387
382
394
394
397
409
406
418
423
424
436
426
425
448
448
456
463
453
470
467
466
474
474
468
486
477
469
484
476
474
468
452
473
483
457
468
474
471
470
466
480
483
476
470
482
474
475
486
480
480
484
478
476
483
486
468
484
484
494
495
495
477
484
506
496
507
500
512
508
509
504
504
517
500
511
511
511
514
520
509
499
513
511
518
517
503
515
530
525
529
531
536
529
547
534
543
512
533
529
504
429
344
437
493
416
514
391
472
460
372
365
353
455
447
487
408
484
422
383
454
493
447
450
443
427
425
423
408
485
408
326
298
470
404
484
393
316
355
312
171
129
455
123
382
339
232
343
126
122
285
225
124
390
290
291
321
343
352
348
379
378
404
418
417
418
418
416
462
462
485
408
332
365
364
340
362
338
375
375
396
395
411
413
414
413
455
456
481
486
482
467
473
477
479
481
478
460
450
454
443
420
485
365
346
470
327
486
406
371
468
372
481
357
482
481
342
428
482
409
323
466
380
466
472
417
418
441
409
448
439
444
450
466
473
487
486
477
402
289
301
303
327
326
348
348
366
365
366
352
376
363
368
370
388
388
397
392
408
407
419
422
412
414
434
433
452
461
460
476
484
484
483
484
483
519
517
532
526
535
532
554
525
535
549
553
572
515
507
500
509
500
493
494
486
498
486
487
486
491
500
493
503
493
498
473
483
507
492
505
510
493
501
512
514
508
494
502
513
512
502
495
495
498
507
506
488
512
500
496
516
484
537
520
512
526
513
525
515
511
517
512
511
512
521
509
518
513
494
502
515
512
507
498
488
474
493
491
486
504
496
510
502
508
497
498
498
480
479
499
495
504
494
499
482
495
488
474
493
486
488
498
494
504
493
499
493
492
485
476
487
495
504
496
467
476
444
495
424
414
444
478
498
435
406
466
492
482
495
482
482
494
480
484
487
498
497
480
496
491
501
490
501
494
498
492
500
500
492
481
503
489
494
488
499
489
505
498
507
483
469
494
495
477
488
486
453
454
458
466
461
477
488
479
488
477
475
500
506
487
508
494
506
506
503
505
491
501
504
501
496
506
507
501
488
502
507
495
505
502
508
503
508
502
509
510
495
498
480
503
511
520
518
498
497
491
502
509
498
482
502
498
508
519
512
516
499
491
500
507
501
501
519
502
512
512
510
523
522
516
513
522
502
523
521
521
528
509
526
520
522
533
524
538
534
524
527
521
534
528
534
510
532
530
517
515
491
535
508
503
503
527
538
527
526
515
540
517
533
521
534
526
529
521
508
520
507
507
514
496
514
501
503
471
494
493
491
489
473
481
476
484
482
480
479
446
468
459
447
483
471
459
468
475
487
465
458
459
474
472
488
487
478
466
474
463
464
456
475
475
468
472
469
477
478
463
477
474
485
479
492
477
489
488
497
488
499
477
488
485
476
479
484
476
489
486
485
485
482
493
491
481
494
485
477
488
477
470
487
482
476
483
474
462
480
474
484
470
472
488
474
482
490
477
483
475
465
471
477
473
470
472
477
475
470
477
476
472
484
482
484
486
489
475
474
490
476
487
487
497
495
495
485
504
501
507
491
509
504
519
517
526
537
560
541
550
566
554
567
573
564
582
572
531
577
532
520
597
531
546
604
632
630
630
621
618
605
597
596
582
571
567
561
553
548
540
534
521
515
505
494
491
485
456
425
424
423
411
393
394
390
378
373
361
354
598
557
546
588
486
571
539
8
5
5
44
48
17
16
61
72
70
98
112
149
94
120
134
118
115
112
140
132
94
142
136
122
123
115
94
117
99
205
205
218
220
226
241
242
243
247
251
254
256
260
263
267
271
273
277
281
285
288
291
295
299
303
282
177
181
185
189
194
197
190
195
199
203
207
208
210
214
217
222
226
228
223
227
226
240
243
226
227
234
227
224
243
5
3
22
20
19
47
68
108
128
123
123
129
146
146
147
173
174
189
189
211
210
223
220
223
240
241
258
258
266
272
283
283
299
299
317
317
333
341
340
362
362
340
381
395
381
408
407
408
920
933
932
951
950
980
982
998
1007
1007
1002
1013
1006
994
1021
1002
1007
998
1015
1014
993
1428
1432
1000
1451
1438
1442
1446
1452
1445
1459
1442
1466
1433
1476
1486
1493
1482
1494
1503
1517
1505
1517
1486
1493
1498
1483
1503
1497
1501
992
1006
1008
1019
1015
1004
1010
997
1015
1015
1026
1042
1038
1048
1052
1036
1045
1046
1052
1041
620
619
625
601
613
609
625
606
589
607
600
599
591
581
584
572
551
577
567
543
568
547
554
560
563
563
580
574
582
568
578
598
547
609
539
562
588
585
577
545
571
565
558
561
548
553
546
551
545
537
541
533
531
544
549
546
551
538
548
539
544
542
550
545
553
555
543
555
558
543
553
540
550
543
550
541
559
548
554
521
526
488
500
501
514
515
530
523
531
523
533
522
530
521
532
489
512
423
374
468
354
309
497
476
526
356
451
443
323
412
482
405
394
369
436
519
332
389
340
349
464
444
450
452
459
464
449
462
463
454
446
444
458
455
450
460
450
458
456
450
456
449
456
314
401
445
318
318
315
339
338
356
357
370
371
384
384
402
402
418
417
436
436
453
453
471
472
489
489
506
501
514
507
515
511
517
509
515
513
501
520
518
514
509
499
511
506
515
500
516
503
511
504
521
513
526
509
511
510
520
506
501
511
511
528
498
511
508
519
520
511
516
506
515
501
511
501
512
506
488
469
494
481
510
494
488
491
487
492
489
499
498
492
503
490
507
495
508
503
511
505
512
510
514
503
516
515
525
523
529
523
542
526
521
521
530
509
538
541
527
539
529
520
546
532
515
625
613
592
620
601
597
601
606
646
636
659
657
657
643
649
638
655
640
644
653
650
631
652
645
649
642
656
645
655
637
635
650
646
631
640
626
623
639
635
633
628
628
642
630
645
639
645
643
653
652
564
566
575
576
586
571
581
564
550
556
546
553
545
561
551
553
546
555
540
557
550
560
547
566
552
544
552
559
549
562
549
555
547
563
550
552
565
557
549
551
567
567
551
565
551
561
547
562
552
559
546
553
543
557
542
557
544
553
550
553
543
555
548
545
552
550
539
531
528
543
530
511
533
526
522
529
506
514
526
520
500
512
525
509
542
528
539
528
528
541
537
528
537
524
529
521
527
514
528
523
538
526
539
526
528
536
538
524
538
531
529
529
527
524
526
523
526
533
524
527
527
540
532
543
536
555
547
545
555
550
556
562
538
560
542
536
546
544
536
545
532
543
546
541
547
541
552
541
551
537
548
545
542
550
545
553
539
556
544
542
549
531
539
553
538
547
527
547
535
550
547
550
551
544
550
549
537
557
541
558
543
557
544
553
543
561
544
561
545
545
552
541
555
549
541
534
546
540
539
546
543
532
543
533
536
549
549
536
536
548
550
552
552
549
552
550
567
549
553
542
555
542
554
543
552
541
539
548
548
535
540
533
547
532
528
542
534
526
543
528
527
537
541
528
516
524
538
523
535
521
514
527
515
502
521
528
515
524
518
505
526
518
518
525
526
518
525
523
523
529
528
523
528
521
525
527
520
530
530
535
537
519
531
544
534
549
534
544
537
544
544
543
546
552
558
540
554
558
563
554
557
573
565
571
564
568
555
565
561
560
550
551
557
542
559
548
534
555
558
549
558
548
552
540
548
541
546
554
543
551
557
566
528
493
504
448
441
438
435
430
420
422
416
407
406
492
539
545
327
312
383
515
372
461
375
362
451
337
357
333
557
393
382
474
394
338
480
312
516
503
525
516
539
531
533
520
553
545
531
541
553
399
306
302
314
331
332
331
335
335
369
369
394
392
393
430
431
448
449
474
474
498
499
527
528
551
551
574
574
591
603
603
626
625
644
655
655
675
670
673
660
658
665
661
668
665
665
655
647
634
648
643
614
641
632
658
642
641
658
650
660
656
642
634
615
643
623
654
632
640
606
625
611
628
621
609
599
622
612
632
628
612
624
610
604
617
608
600
608
602
610
572
555
531
502
474
400
414
533
376
393
485
351
593
464
582
427
434
518
400
489
358
329
558
558
369
447
462
450
471
476
461
471
482
465
474
484
474
471
455
460
458
456
458
464
445
461
459
449
458
401
415
416
432
366
432
431
375
356
376
375
388
389
388
400
399
408
406
405
443
442
460
460
476
476
492
492
504
505
505
521
506
513
510
506
496
499
488
490
502
499
478
492
483
492
491
479
491
509
492
500
491
509
490
497
505
507
503
502
513
500
507
506
521
502
521
520
535
514
520
512
521
511
522
511
519
513
518
520
516
522
526
521
533
523
534
529
532
526
531
526
537
531
539
543
528
530
542
535
519
531
527
543
535
528
527
538
526
542
524
541
521
530
523
537
520
530
523
536
523
534
524
525
532
539
529
547
526
533
540
528
539
531
539
536
529
536
527
529
542
533
540
543
539
536
540
534
533
538
524
532
535
518
539
526
539
534
527
540
525
517
539
525
542
528
525
538
541
525
537
523
503
537
523
510
531
519
542
533
548
501
510
511
496
526
526
527
525
532
516
521
517
502
520
525
513
527
513
523
514
532
514
511
516
512
522
517
523
521
513
519
501
519
512
526
470
482
506
512
490
504
502
500
517
497
493
504
480
493
478
459
473
473
486
485
505
499
503
493
505
503
502
487
497
490
502
491
499
495
480
485
477
485
492
467
470
489
482
466
502
495
491
507
479
481
496
498
494
494
513
505
514
514
510
510
515
511
523
514
523
513
502
521
528
523
501
522
519
515
500
505
486
467
492
518
475
519
502
507
523
509
498
530
490
516
545
561
521
535
542
541
516
532
534
539
530
528
540
524
532
537
507
530
518
524
515
539
516
520
529
528
527
536
515
522
521
517
513
509
471
484
483
501
511
511
526
527
524
502
518
515
517
542
534
517
512
512
520
518
515
518
501
518
509
512
512
502
504
512
508
510
518
517
503
510
506
518
517
518
515
525
528
520
522
511
510
511
504
505
487
480
481
484
483
473
473
442
435
481
454
441
427
437
432
445
446
463
454
481
477
540
537
604
607
616
623
611
646
638
720
719
726
724
719
725
712
701
719
715
699
708
711
716
732
731
743
738
755
751
761
758
764
745
769
757
772
772
790
784
806
801
815
815
814
833
796
774
784
727
717
730
669
665
670
668
671
647
634
650
586
567
582
570
588
582
594
588
590
590
595
593
594
596
591
584
569
592
579
584
578
573
586
584
589
611
569
579
567
588
588
577
572
599
583
592
587
576
583
595
588
578
590
588
581
586
578
584
576
581
578
579
566
574
564
558
566
558
546
557
549
558
556
551
553
551
534
547
551
547
551
541
550
560
545
550
532
551
555
546
544
537
530
536
527
538
542
533
525
524
542
526
542
538
540
529
535
524
523
489
436
423
411
405
386
396
379
459
438
518
466
496
507
473
520
478
371
450
358
479
490
482
466
484
479
479
482
486
459
467
466
467
469
457
457
464
471
467
445
435
450
426
450
445
459
449
459
448
464
425
437
383
367
382
385
383
391
395
395
409
422
423
441
450
450
467
467
467
486
490
493
487
491
488
503
495
499
506
515
500
514
503
497
503
500
493
488
497
470
487
520
454
494
466
538
489
480
487
524
513
512
527
516
533
528
23161
23165
23184
23194
23223
23233
23228
23216
23245
23253
23242
23255
23265
23260
23276
23273
23280
23271
23298
23286
23307
23297
23300
23291
23303
23319
23325
23332
23333
23330
23335
23323
23336
23315
23323
23291
23289
23290
23290
23291
23289
23878
23879
23904
23905
23919
23903
23924
1253
1216
1235
23913
23919
1195
1231
1208
1227
1210
1216
1204
1207
1210
1181
1193
1195
1189
1181
1194
1174
1182
1174
1172
1173
1173
1175
1160
1163
1111
899
1078
995
1124
897
451
1144
416
409
1129
1054
895
434
902
388
375
1034
1086
893
491
507
489
513
490
491
525
516
517
489
496
511
500
524
509
526
507
515
510
515
496
506
500
516
508
511
492
447
501
382
382
400
400
410
408
408
412
406
457
456
472
472
491
492
508
507
525
526
542
541
533
546
557
545
584
593
545
605
595
607
574
605
593
578
576
588
584
578
587
579
594
583
592
570
575
586
558
557
572
566
571
564
563
571
543
544
559
559
567
565
570
568
564
558
551
564
550
562
563
551
560
550
555
482
451
457
436
347
345
443
355
494
549
424
406
409
393
548
374
366
467
425
340
330
316
304
379
321
415
429
445
451
453
446
454
444
458
454
367
424
385
412
405
446
329
270
395
204
170
174
427
356
351
438
264
374
266
341
267
290
327
327
345
345
363
357
377
379
376
405
403
404
425
425
444
444
455
458
455
465
480
467
462
454
465
458
458
377
432
374
373
381
391
393
393
403
409
404
427
425
442
441
442
468
468
488
488
509
509
513
533
525
531
519
519
533
508
530
515
529
523
532
524
532
522
531
524
526
526
529
537
536
532
535
530
548
539
545
537
541
535
541
529
538
540
537
529
544
534
536
551
553
541
548
539
526
550
534
551
539
541
532
523
554
540
558
543
533
514
556
539
532
518
551
553
555
547
554
548
548
542
548
550
545
539
523
509
491
477
467
459
456
531
485
502
523
545
512
519
518
496
515
535
526
538
529
542
535
535
540
548
546
565
533
528
523
537
535
531
518
516
523
559
551
565
559
572
560
575
571
577
571
575
583
588
578
563
550
547
557
547
556
565
565
579
578
591
575
593
589
554
563
593
555
568
548
569
554
546
549
535
549
535
547
545
546
529
540
517
507
502
444
378
357
344
493
440
390
373
371
358
405
342
397
307
325
460
474
411
466
317
424
503
405
416
406
458
461
458
456
467
465
484
468
475
470
484
478
487
480
469
479
473
461
468
456
466
447
464
414
327
325
334
341
353
352
369
368
374
366
382
381
379
405
404
421
421
434
434
453
454
468
467
481
480
481
507
483
490
482
497
501
494
505
491
493
477
491
487
489
490
495
482
499
511
504
480
497
489
495
472
501
495
507
480
490
498
496
502
493
496
495
500
507
497
509
498
508
498
506
507
494
499
484
506
483
496
503
497
512
511
493
484
483
442
482
459
455
493
491
446
486
469
455
477
479
479
478
479
646
629
636
634
648
599
568
599
631
577
546
622
599
590
637
627
558
594
657
670
716
707
715
719
712
660
591
588
590
635
679
590
712
698
591
590
725
590
671
691
590
652
569
713
738
732
743
746
747
572
727
596
579
549
508
507
532
531
546
547
565
565
580
579
598
600
606
603
587
568
532
522
532
478
517
445
415
429
410
398
413
426
425
444
444
466
466
487
486
504
515
515
529
530
531
532
544
543
535
519
548
543
551
551
559
503
513
478
534
486
527
561
493
548
560
553
561
569
558
555
564
561
552
565
558
568
557
575
565
577
582
568
571
562
574
583
584
585
571
586
571
582
578
593
581
596
583
591
571
576
592
585
601
595
543
533
591
588
581
598
598
614
615
628
617
627
614
625
620
629
625
628
616
626
625
612
606
614
593
624
578
580
565
576
608
595
611
592
596
610
603
591
585
612
604
607
600
610
609
605
586
610
598
600
604
581
582
570
584
592
580
600
589
595
594
595
587
589
583
586
580
595
581
581
590
571
582
579
573
576
555
584
593
594
599
601
596
598
589
583
591
574
587
561
583
582
566
573
562
569
543
558
548
549
560
554
549
555
544
544
522
528
531
518
509
531
524
520
525
528
521
529
529
517
527
521
522
530
492
507
517
518
508
512
507
517
503
515
493
505
503
497
506
496
493
493
506
498
498
504
496
497
504
493
484
502
496
490
501
491
499
495
504
497
500
494
472
495
465
440
456
410
481
427
502
420
447
494
486
478
496
470
483
470
458
480
468
472
486
486
493
485
476
474
484
482
475
496
485
489
493
498
479
488
486
479
473
478
487
457
491
478
470
459
480
486
480
487
458
471
457
455
461
472
470
489
488
499
507
494
499
488
484
492
492
492
502
484
499
479
491
498
498
496
508
508
505
492
503
494
503
505
504
517
503
520
517
499
530
515
508
520
510
521
520
512
530
507
518
521
518
529
521
527
532
517
530
512
523
515
520
521
533
523
534
524
530
542
518
539
534
540
529
537
541
540
534
540
538
532
543
543
540
543
536
542
536
541
530
544
536
544
537
546
544
546
535
549
537
543
550
549
546
549
546
550
548
547
563
562
546
546
557
556
544
554
541
558
543
560
544
533
553
541
543
550
555
543
552
540
558
543
554
544
561
549
567
562
554
565
564
552
554
566
570
565
559
580
573
573
583
588
576
599
593
605
595
603
602
608
613
618
610
623
619
630
635
624
646
633
641
644
630
642
665
655
666
661
667
653
654
667
664
657
649
659
647
654
652
643
657
649
642
655
644
653
637
653
635
640
651
619
597
628
585
611
649
623
549
565
604
536
593
574
620
590
577
566
580
568
554
564
571
565
552
539
542
552
555
525
543
542
529
550
549
534
547
526
534
550
535
515
525
532
516
531
520
515
501
508
505
501
479
488
487
487
461
498
462
501
501
494
494
511
511
521
508
503
520
512
523
515
499
518
507
514
508
514
505
513
523
516
497
508
515
505
506
496
497
506
503
508
509
514
522
499
524
510
517
510
512
506
518
511
519
513
519
519
524
531
512
505
519
504
489
508
503
511
496
502
507
511
503
517
500
514
501
504
513
498
475
508
490
498
495
505
506
508
514
518
516
487
429
396
352
334
504
409
462
464
380
503
376
437
485
345
321
471
389
360
448
330
366
422
464
479
484
477
489
479
489
480
484
480
485
480
485
480
493
486
498
491
494
473
509
483
508
494
495
508
501
452
408
406
397
389
410
402
417
419
436
436
454
453
470
472
488
490
505
506
523
524
541
539
541
542
544
523
535
525
529
541
537
511
531
529
527
535
522
514
528
525
530
521
519
519
531
524
501
508
487
526
518
522
510
534
518
515
530
528
523
530
527
521
526
518
527
515
524
522
521
519
520
521
507
526
519
502
518
513
512
527
510
521
519
527
513
500
502
518
519
517
509
519
521
509
520
510
501
513
501
505
525
535
514
532
518
530
523
530
523
532
526
599
584
596
569
560
586
515
576
429
552
505
545
483
467
538
433
450
410
567
527
532
490
475
466
411
499
446
662
628
644
650
635
656
645
673
652
668
663
662
669
666
654
677
651
676
667
680
666
683
670
624
631
481
481
581
513
512
449
449
451
452
491
491
491
518
516
533
534
558
554
575
576
597
597
627
628
664
649
635
621
643
642
665
664
669
677
672
659
677
660
661
651
667
658
644
674
662
635
642
659
657
647
651
632
633
631
629
630
641
655
654
644
642
636
624
642
630
644
641
627
630
614
626
612
585
612
604
591
602
594
596
582
586
583
576
581
574
572
566
576
570
563
581
570
573
577
583
572
589
579
586
580
584
580
591
583
601
590
586
578
585
578
583
576
594
591
582
573
571
579
598
590
600
597
601
596
583
590
590
573
576
589
589
598
596
595
587
599
589
584
595
584
593
590
578
573
560
567
583
580
567
577
548
572
564
557
574
565
536
550
557
549
543
556
534
540
552
551
542
514
554
521
528
520
529
522
531
530
529
531
538
525
534
522
534
527
520
545
528
529
519
529
525
519
525
517
519
528
509
509
515
512
519
527
500
508
509
519
527
515
528
522
522
523
538
521
538
520
535
518
534
532
506
528
521
527
515
531
516
526
515
526
519
517
533
496
515
494
533
496
532
519
532
528
526
534
497
513
516
526
536
533
528
533
537
529
536
534
521
528
524
531
509
525
532
520
513
521
516
527
515
527
517
531
514
516
518
509
521
508
494
516
499
491
514
502
493
489
487
507
500
500
511
510
499
488
501
500
492
506
515
521
518
528
527
525
514
531
525
524
533
542
547
537
545
541
556
544
553
541
552
541
539
550
523
528
549
540
549
542
543
541
561
560
576
546
550
551
522
433
386
457
432
515
432
405
496
396
473
347
348
464
488
344
529
544
373
478
503
367
432
469
460
470
471
463
457
453
446
464
458
464
458
459
452
454
477
466
476
469
476
455
468
475
447
466
470
428
428
385
384
372
371
388
387
404
404
421
421
435
428
446
446
464
463
482
482
501
501
519
514
535
531
533
541
548
550
532
547
541
529
547
533
547
533
541
534
543
537
548
538
545
537
530
550
549
549
560
557
541
558
544
552
544
552
545
546
563
559
550
566
549
547
554
529
551
544
550
539
543
549
549
542
548
549
554
541
542
535
533
534
542
530
538
533
527
518
507
514
527
517
517
514
509
493
514
498
511
511
500
505
499
503
491
500
497
495
493
486
483
495
484
492
498
489
480
491
482
488
486
488
475
464
485
483
482
466
477
460
472
481
477
478
480
481
481
482
492
476
493
473
491
489
500
500
493
501
492
509
498
493
510
499
510
504
512
512
517
512
517
512
521
523
516
518
529
533
520
535
519
520
534
524
524
521
534
534
526
506
523
519
534
525
532
532
536
527
531
513
520
533
525
531
521
528
527
516
518
518
525
505
512
533
525
529
519
534
523
531
522
525
513
525
513
526
534
533
527
536
516
535
525
474
516
489
501
506
501
627
650
643
655
644
657
651
657
667
672
660
1268
1260
1273
1265
1275
1269
1284
1293
1280
1296
1278
1302
1297
1298
1288
1294
1284
1296
1281
1295
1308
1302
1301
1312
1307
1301
1309
1299
1307
1262
1145
1144
1160
1158
1175
1176
1195
1186
1203
1203
1197
1207
1201
1188
1202
1190
1195
582
590
576
1187
1186
601
592
576
587
598
580
589
575
594
577
593
579
588
580
592
579
597
576
576
565
576
562
551
549
563
554
563
550
570
559
577
569
568
577
560
560
570
573
577
579
595
564
587
577
575
558
579
568
577
547
572
552
547
549
535
496
509
522
532
496
512
484
482
494
485
478
480
476
470
473
465
464
469
469
460
465
451
437
448
423
432
420
408
385
397
387
385
393
392
346
357
330
343
343
335
330
343
344
358
354
354
343
358
351
349
355
358
328
287
251
277
324
316
279
301
272
323
339
341
306
358
354
254
290
316
313
329
322
335
327
330
328
328
330
335
336
341
337
340
345
351
331
341
347
334
332
352
329
340
332
341
328
331
326
321
324
337
318
256
1175
1194
1196
1216
1219
1217
1249
1250
1270
1271
1274
1288
1275
1301
1302
1318
1337
1333
1342
1352
1357
1350
1364
1362
1370
1378
1388
1377
1388
1384
1394
1390
1396
1409
1415
1427
1427
1438
1437
1445
1446
1453
1443
1446
1460
1451
1480
1479
1484
580
581
579
570
574
562
576
579
564
577
573
568
566
572
577
582
507
557
573
548
483
447
441
514
433
520
406
391
404
487
468
420
497
533
460
395
469
503
509
505
512
504
510
489
501
458
445
443
492
503
497
486
505
514
516
508
516
508
516
523
514
524
519
534
527
497
455
428
421
443
441
463
462
471
472
460
469
476
475
474
510
512
504
498
506
512
506
508
509
655
649
661
661
669
656
677
675
663
672
686
680
638
672
655
659
652
637
634
646
632
616
599
610
638
631
616
661
638
640
609
602
594
558
562
565
567
569
571
559
559
454
429
417
618
444
420
633
421
422
474
483
476
465
484
485
470
482
463
452
477
477
467
451
469
449
408
426
416
462
419
401
450
404
470
477
435
434
455
369
448
366
420
420
448
448
453
480
481
502
502
522
506
526
524
530
531
545
546
566
561
566
556
530
539
538
555
549
555
542
556
543
554
532
545
524
521
539
507
503
480
496
485
448
425
505
402
398
369
540
448
496
490
338
473
329
426
314
448
376
356
348
322
514
387
411
411
407
436
436
432
433
436
426
441
428
435
431
431
428
429
434
424
431
431
413
355
274
290
290
21627
21630
21629
21693
21717
21721
21711
21714
21714
21708
21707
21707
21710
21707
21708
21710
21706
21708
21707
21709
21707
21708
21708
21709
21720
21709
21706
21852
21868
21858
21843
21804
21780
21812
21794
21799
21784
21847
21750
21746
21718
21710
21726
347
21820
21828
21735
21835
21767
21867
371
21755
522
521
405
605
418
413
430
431
445
440
447
443
447
358
420
472
258
306
284
303
303
304
318
335
329
319
330
368
368
383
380
383
402
400
419
413
431
429
431
508
519
519
534
534
547
561
560
581
581
602
602
615
622
613
618
618
622
623
615
612
626
614
621
624
628
637
590
644
601
608
599
622
614
631
615
604
610
616
607
621
620
631
614
618
611
613
623
626
550
566
557
560
566
570
570
571
564
571
564
560
556
547
568
564
562
562
554
565
557
561
551
560
553
565
562
551
557
547
559
563
553
558
560
561
553
565
571
554
550
565
549
566
556
559
536
539
552
558
539
549
556
545
556
547
552
547
554
548
549
559
554
549
549
548
562
550
555
549
548
534
551
545
564
553
555
549
569
567
550
525
553
533
578
565
551
567
552
519
464
570
500
428
544
500
346
462
474
501
394
535
368
481
358
557
524
448
440
410
374
324
417
330
386
481
477
479
474
482
482
489
498
484
485
482
458
485
487
478
465
478
448
441
470
462
468
460
426
313
338
339
351
353
353
353
388
389
404
404
422
421
439
440
455
455
472
471
488
487
495
497
497
521
503
515
521
513
498
532
534
523
509
515
517
529
520
535
517
526
519
512
528
524
517
524
513
525
509
521
497
484
490
496
502
476
500
516
508
514
510
502
489
499
506
515
504
499
512
501
515
508
496
505
501
501
520
520
530
514
508
523
522
519
520
514
521
513
502
509
515
504
523
514
512
526
508
513
499
497
524
503
527
519
526
516
502
534
507
507
495
503
496
509
508
492
498
498
475
522
528
529
520
503
512
487
457
493
479
519
453
474
514
499
528
521
529
522
513
486
502
529
538
468
455
481
505
472
499
501
461
526
510
492
485
481
454
504
528
452
465
514
465
493
575
573
578
571
551
498
526
534
519
529
519
499
502
453
434
364
298
304
310
313
282
240
242
244
244
247
249
249
204
207
209
212
215
180
181
173
171
163
164
153
154
143
387
453
334
319
442
309
310
298
473
411
475
531
481
297
421
475
384
10
21
22
76
62
29
45
68
38
21
25
33
64
27
27
32
5
21
6
16
2
3
11
10
7
24
37
35
51
64
84
151
135
135
125
132
111
107
109
112
113
114
115
116
117
121
122
126
126
126
128
128
130
131
133
133
135
136
138
110
123
121
126
126
110
134
108
124
111
122
123
126
4
20
10
24
30
11
19
4
15
15
26
28
49
50
42
132
128
141
140
136
136
110
119
122
109
167
172
176
180
126
128
128
127
128
108
106
111
106
108
138
185
109
127
110
136
127
109
127
358
388
390
419
420
441
442
442
472
473
488
491
489
519
533
534
551
544
554
408
333
336
362
335
334
357
356
376
375
392
392
391
426
427
440
454
442
454
452
489
486
506
506
524
524
537
536
554
553
570
569
581
574
568
577
564
566
566
582
571
583
572
579
579
581
571
590
582
586
593
607
589
603
591
603
592
602
591
599
594
600
598
582
597
590
595
605
585
579
583
595
599
588
600
590
596
584
593
581
594
581
590
583
594
574
578
576
558
552
564
557
540
555
549
555
532
549
549
536
551
532
537
529
533
527
537
526
526
519
515
528
526
512
530
513
529
523
532
516
538
525
547
531
522
525
531
528
543
543
528
541
529
514
532
526
526
495
512
482
503
467
496
513
537
534
518
529
520
505
524
517
525
516
522
511
519
518
523
516
524
506
521
526
511
519
507
512
516
509
498
488
492
490
483
488
467
478
485
475
479
473
475
480
476
477
477
457
449
455
454
457
456
478
470
478
494
470
485
478
482
488
481
477
479
478
470
474
476
474
470
482
481
474
479
479
486
475
483
468
473
471
480
480
495
480
488
489
475
477
488
487
481
489
479
480
469
490
486
478
493
476
485
483
441
473
470
488
476
486
441
444
460
485
495
472
488
486
487
482
508
495
496
507
512
498
510
509
506
513
496
506
487
507
501
503
502
511
509
522
513
518
517
514
523
523
522
524
528
535
524
530
529
546
538
552
540
556
554
576
575
591
550
528
536
559
560
546
571
553
564
559
551
561
550
567
554
563
563
563
554
570
565
572
557
566
569
582
565
577
571
576
562
576
572
579
571
579
571
573
566
571
566
563
572
568
573
562
558
572
536
551
559
559
551
567
558
568
559
549
540
536
527
520
510
507
494
496
489
483
467
469
454
438
441
442
422
417
405
394
387
379
370
364
351
336
331
321
316
310
298
294
284
275
276
260
256
241
239
229
227
209
201
190
175
163
549
165
182
184
201
211
210
211
245
245
272
272
285
298
298
323
325
344
347
345
373
377
377
378
377
409
410
447
448
470
471
494
508
521
522
522
559
560
583
598
599
618
621
644
660
674
675
699
699
723
723
646
559
624
569
606
577
593
608
601
594
604
598
550
456
448
500
403
474
464
488
496
583
442
487
429
414
383
542
527
495
606
560
574
602
498
487
495
510
481
524
514
535
514
528
520
528
515
526
517
509
522
499
520
512
513
529
523
531
535
539
524
511
487
420
398
406
415
416
439
438
438
439
457
458
482
480
500
500
518
517
529
537
547
544
546
567
578
578
577
584
577
579
561
584
549
560
539
549
555
542
538
549
549
550
540
550
538
546
539
544
547
527
549
540
551
543
548
528
532
543
535
532
549
535
526
520
533
509
522
525
520
523
525
517
524
507
520
506
504
516
489
511
503
491
506
508
498
494
485
489
488
500
511
499
512
497
507
502
511
503
498
498
511
498
508
498
502
508
483
506
489
486
495
505
494
505
503
512
500
515
500
499
497
511
513
501
511
517
505
514
505
523
525
523
541
540
537
541
550
533
547
541
529
539
538
530
542
536
531
542
545
536
529
541
538
543
526
531
544
540
555
537
547
553
555
550
559
551
566
553
562
551
558
545
565
563
560
560
567
555
557
558
549
565
564
548
539
551
542
531
542
522
517
533
542
545
528
548
537
534
530
540
529
530
544
523
508
512
512
502
533
525
535
538
534
539
539
537
538
528
516
519
1479
1466
1472
1479
1466
1469
1483
1489
1482
1472
1482
1485
1470
1456
1452
1458
1481
1472
1466
1466
1483
1477
1496
1487
1488
1464
1464
1473
1456
1473
1471
1483
1472
1473
1470
1487
1454
1467
1477
1468
1464
1473
1463
1475
1506
1494
1476
1498
1476
1504
558
572
550
559
568
549
563
557
564
558
575
567
574
573
557
580
573
573
583
581
595
591
578
583
590
592
579
575
567
568
520
376
571
552
435
579
423
541
496
405
568
405
534
406
548
365
504
485
586
424
509
469
488
479
489
475
480
487
454
481
437
462
450
479
452
455
438
453
442
453
443
447
441
446
443
442
426
432
432
439
315
396
339
338
349
349
359
362
360
384
384
400
401
415
417
427
427
444
444
461
460
476
475
482
481
476
482
476
475
483
480
490
479
471
495
492
478
491
458
475
447
480
464
435
440
485
475
491
477
480
488
471
469
494
481
491
485
500
485
495
484
492
497
501
497
504
495
504
492
492
504
507
494
506
497
497
509
502
506
512
506
520
506
513
514
523
514
517
529
491
506
509
525
526
544
543
544
540
550
548
556
550
568
549
562
554
571
555
566
558
573
542
558
559
551
559
555
552
561
561
553
554
561
557
558
559
551
559
554
560
557
559
553
560
553
559
562
554
550
558
555
546
554
547
555
547
560
547
557
549
555
541
551
545
540
551
544
552
552
555
559
558
541
554
560
573
574
561
572
565
570
564
574
566
574
558
536
545
564
569
576
561
558
572
569
546
560
549
547
564
549
562
555
563
562
549
561
558
564
558
556
566
571
564
567
563
576
576
564
572
561
557
567
548
555
555
544
552
539
555
545
539
556
531
552
549
560
557
551
546
560
547
560
557
563
549
563
557
536
567
548
561
545
555
541
548
546
542
553
545
551
553
551
538
554
546
531
543
529
534
545
552
538
548
547
543
533
528
512
515
503
525
533
548
527
510
494
530
507
531
520
535
515
519
529
518
529
528
537
535
530
540
541
534
564
552
563
538
556
562
548
552
537
550
560
564
552
566
563
559
749
757
751
746
736
739
737
758
751
761
774
777
792
792
878
839
839
809
860
722
778
658
817
769
637
850
793
708
668
666
644
773
641
807
746
739
859
858
858
697
644
755
690
791
749
800
791
782
789
593
605
603
599
604
598
599
597
574
590
583
562
565
556
296
387
279
278
286
293
332
331
347
356
356
373
372
390
388
410
410
424
423
423
423
452
453
449
447
450
455
446
448
454
513
508
508
496
516
507
505
496
503
489
482
495
500
473
494
479
541
570
575
572
536
535
524
565
566
565
539
559
551
569
579
578
577
576
583
581
570
581
579
590
576
583
581
579
556
567
562
583
583
603
599
611
604
617
605
614
611
619
624
625
623
621
618
640
633
650
598
570
562
572
557
563
556
540
563
571
539
581
547
531
563
493
445
583
383
517
570
420
587
412
506
580
489
540
398
374
467
439
433
405
455
512
473
549
528
518
501
543
574
559
587
573
578
592
594
582
589
582
596
588
596
603
596
586
588
579
578
576
619
454
416
543
442
427
449
448
487
464
470
485
473
465
465
552
542
542
540
539
537
538
502
479
412
527
539
540
424
429
534
491
387
538
542
540
458
535
404
368
403
341
465
440
542
544
520
502
526
450
553
437
434
381
349
269
266
442
553
463
492
274
272
443
268
268
437
552
435
371
270
471
484
525
385
398
424
436
457
456
474
473
489
489
502
505
504
528
529
541
541
542
445
446
467
390
328
318
311
341
340
356
345
355
355
345
349
352
345
411
423
432
427
423
442
458
454
447
454
456
457
455
453
443
433
430
422
459
447
387
371
337
329
279
264
454
454
424
417
389
454
348
271
454
448
366
313
398
299
466
463
462
465
484
457
449
446
468
468
482
469
484
476
483
483
404
413
412
399
435
434
444
445
463
462
465
485
412
395
376
384
399
399
416
415
435
435
452
451
469
466
467
490
490
515
514
536
549
548
557
549
556
545
551
555
560
552
556
554
548
557
511
435
483
525
534
456
557
417
502
553
496
466
452
431
472
508
523
521
529
532
510
530
522
533
520
509
531
514
524
522
533
528
521
524
521
515
502
515
507
518
505
521
508
526
508
517
504
505
517
521
502
462
437
435
436
463
460
462
488
486
498
498
516
516
531
531
551
548
554
552
556
555
546
555
563
553
541
546
542
536
553
531
543
537
541
545
530
546
541
550
541
547
539
542
535
542
543
531
541
543
530
542
541
521
540
534
543
545
553
540
555
550
558
544
553
545
553
540
548
555
557
543
556
547
560
552
569
561
573
564
557
571
564
582
560
543
526
522
504
486
453
461
470
566
540
475
567
494
575
566
577
568
575
564
583
593
579
583
593
593
580
588
580
596
589
601
589
598
591
602
591
599
592
592
604
595
606
610
613
610
618
607
606
618
578
477
473
471
472
474
476
483
556
557
582
581
592
592
616
601
549
594
566
584
558
614
649
631
656
649
662
660
651
662
651
678
664
674
669
671
663
654
665
647
652
658
661
649
656
652
656
647
639
642
658
607
628
634
636
673
671
686
692
689
680
691
688
696
678
689
673
694
635
655
632
645
637
638
619
631
619
611
630
598
581
620
600
593
604
591
597
606
612
602
610
601
610
603
606
610
597
593
606
589
601
597
571
577
582
566
580
578
568
565
577
576
566
570
564
579
578
564
573
561
573
557
563
555
565
550
541
553
551
548
546
556
544
551
543
557
537
545
542
531
532
540
527
539
520
536
525
531
526
531
538
520
513
503
509
514
493
527
522
518
515
500
508
489
522
491
509
508
504
509
524
509
506
507
513
520
519
528
521
532
521
514
525
531
538
527
519
529
537
530
519
513
536
526
522
525
532
539
529
533
534
543
515
517
528
525
502
518
512
505
522
520
506
521
512
515
489
523
506
505
503
505
514
486
492
489
486
517
495
497
485
476
495
482
492
467
485
476
484
489
485
500
480
507
489
492
503
494
482
499
492
497
495
499
493
379
350
417
405
402
437
475
371
451
330
433
333
461
412
490
380
350
486
455
339
373
451
461
461
469
470
479
471
477
468
479
483
462
477
467
473
470
476
455
473
471
467
475
465
478
460
468
474
431
444
383
367
368
361
385
384
405
404
414
415
441
441
459
458
466
466
484
483
493
492
510
508
519
519
24075
24081
24080
24069
24074
24079
24116
24141
24141
24128
24128
24129
24123
24101
24087
24077
24079
24032
23915
23960
23901
23903
23895
23882
23877
23873
23863
23851
23846
23835
23829
305
231
193
191
187
178
180
183
163
24147
24043
23974
24068
24049
23958
23924
24114
23909
24036
23942
7
23982
24022
24097
24018
24006
23997
24141
133
134
144
149
126
112
110
113
119
126
121
125
143
136
140
143
146
149
152
155
158
159
164
167
170
171
175
176
179
182
186
189
190
193
194
194
196
196
197
198
198
197
197
181
170
139
133
130
4
17
19
9
37
36
48
59
60
62
111
89
66
64
62
65
65
80
65
76
76
66
65
98
68
94
64
64
63
65
91
92
85
0
