93
121
126
116
139
138
175
179
181
211
224
223
225
260
284
297
311
297
140
259
342
312
181
175
371
373
361
573
373
575
599
608
609
634
630
635
662
679
695
695
708
729
747
764
745
727
659
629
611
740
684
753
767
661
670
652
678
668
629
668
764
599
608
729
703
747
667
624
705
704
723
730
711
719
683
697
520
519
507
524
520
488
508
515
509
514
516
520
525
527
515
510
508
518
482
512
509
452
505
407
403
393
396
412
412
433
434
445
450
463
463
484
484
486
515
513
520
521
552
552
547
562
568
562
559
559
565
564
572
568
558
558
564
554
551
568
558
560
546
539
555
551
542
552
551
545
547
557
555
539
545
526
518
539
553
536
548
541
559
543
558
539
557
533
548
548
546
549
551
561
553
572
554
572
565
588
581
590
589
589
595
601
598
609
620
610
613
621
619
619
644
637
647
641
653
648
598
644
600
582
579
660
642
650
636
623
593
639
648
653
666
658
653
667
699
696
681
672
688
708
685
693
663
698
689
696
690
676
666
695
660
693
691
667
679
691
688
686
688
689
684
667
677
653
663
653
578
603
647
608
607
613
623
611
636
634
629
477
442
421
355
648
590
638
524
581
412
390
356
393
364
603
464
442
640
533
566
441
523
512
545
552
543
553
533
537
529
541
520
523
530
536
533
526
531
541
540
542
537
539
519
526
523
536
519
531
502
434
408
388
399
406
405
424
424
442
442
460
460
475
474
485
486
498
499
514
514
521
526
524
538
536
539
524
537
523
525
518
495
487
462
344
309
410
397
383
369
358
368
340
333
312
326
443
417
518
470
478
511
420
404
460
435
405
410
426
446
450
441
446
444
452
449
454
448
446
450
452
435
445
450
454
446
444
423
443
437
325
388
289
291
302
303
290
315
312
314
335
345
344
334
346
370
376
389
389
409
409
415
414
415
446
444
453
459
464
466
452
465
454
482
441
471
437
473
459
464
462
470
465
482
480
469
473
470
481
488
480
487
499
491
499
502
491
493
477
486
501
503
508
496
484
506
498
500
494
486
490
494
491
8711
8689
8733
8736
8733
8744
8727
8758
8769
8768
8792
8786
8788
8787
8812
8819
8817
8830
8858
8845
8836
8846
8840
8835
8853
8845
8853
8846
8855
8848
8863
8864
8866
8856
8846
8848
8841
8870
8841
8862
8854
8867
8862
8892
8892
8911
8898
8912
8899
670
8912
692
668
676
679
663
669
658
657
582
638
566
604
619
640
621
626
628
651
647
645
649
645
652
645
633
618
641
653
645
652
640
644
651
646
650
646
646
657
655
693
686
708
662
678
664
667
682
678
667
669
664
678
668
663
674
654
668
672
661
612
614
633
632
651
641
630
662
650
637
631
639
634
639
638
647
622
640
631
651
638
651
644
646
663
661
646
666
647
637
615
623
615
627
624
616
622
611
625
612
620
612
617
620
618
616
616
604
615
601
606
597
608
599
601
589
575
598
560
587
580
585
578
580
565
548
576
565
566
550
548
542
537
555
538
531
521
531
523
530
521
528
516
514
527
524
513
506
519
507
513
505
511
501
511
498
507
495
506
497
500
513
502
509
510
508
518
520
490
503
509
498
510
513
499
512
501
513
507
511
522
514
518
529
517
518
513
502
512
520
514
511
513
507
529
514
501
501
525
514
524
512
523
517
525
522
527
523
533
522
530
533
524
526
516
519
532
527
520
512
533
516
534
517
516
531
521
514
524
499
517
519
518
511
527
516
533
523
526
525
528
541
534
518
512
516
522
542
518
533
538
540
552
545
552
544
533
554
540
552
546
551
541
560
565
551
561
553
558
563
569
562
566
556
570
562
572
560
575
565
564
565
552
574
566
558
549
572
571
559
578
569
557
566
528
577
567
569
560
561
570
574
537
551
546
552
544
531
546
550
538
552
545
556
552
538
555
542
547
558
542
551
555
543
554
540
560
552
555
564
543
562
551
572
562
570
555
571
560
568
559
578
557
554
547
565
566
575
567
574
566
570
578
579
583
588
579
597
586
578
570
576
575
564
575
580
568
577
567
575
567
579
580
568
578
571
578
523
514
508
493
356
451
563
576
522
426
405
412
391
373
480
465
554
443
431
472
364
543
381
552
562
565
571
566
571
581
589
599
593
616
607
617
603
626
609
624
618
638
624
636
630
644
639
651
645
648
602
553
479
491
491
534
529
529
528
586
598
598
599
631
632
654
668
667
689
689
688
712
711
719
746
735
743
718
690
602
565
488
412
556
672
519
622
591
698
614
479
464
734
416
581
630
545
502
676
455
644
437
528
541
563
534
548
545
536
522
495
515
506
514
506
511
496
508
492
493
484
492
490
500
472
417
477
324
333
340
340
361
373
372
393
393
409
421
432
432
452
453
472
473
494
487
502
516
515
528
528
553
553
574
557
568
585
579
576
590
583
559
584
585
566
572
573
567
575
575
572
592
582
573
573
568
567
574
560
572
562
573
560
574
561
568
567
576
563
561
575
567
560
565
554
555
556
559
548
558
534
542
537
551
551
540
539
520
528
533
542
528
543
533
544
549
534
539
533
547
533
529
541
522
535
540
525
541
539
542
536
540
533
532
524
537
532
521
531
511
519
529
519
519
543
537
542
533
540
535
537
541
551
542
551
539
555
549
561
552
563
552
565
555
551
561
564
560
567
561
572
560
563
554
563
552
562
552
563
552
547
553
549
552
548
549
529
542
545
538
546
530
534
536
543
530
527
534
518
532
528
519
523
525
525
511
524
518
522
515
497
516
513
515
506
496
518
478
496
490
499
487
493
499
502
495
503
493
504
498
497
510
514
514
509
521
514
511
527
521
519
510
527
535
521
529
523
536
515
524
534
528
532
524
515
538
524
518
535
525
526
542
552
533
544
576
569
583
581
594
589
602
597
562
584
605
598
580
575
631
620
640
632
644
635
585
644
611
601
604
642
628
620
649
652
645
653
658
656
670
668
667
673
664
660
651
639
655
680
667
675
664
664
627
644
637
633
637
633
607
631
582
645
613
608
617
605
613
589
572
622
623
552
599
580
598
551
530
582
528
587
587
608
601
602
597
604
591
592
602
592
577
581
589
571
588
560
574
581
574
580
578
572
578
578
556
485
481
527
566
548
514
559
466
486
515
508
501
495
460
472
473
481
462
470
469
483
482
500
499
490
505
502
491
502
499
499
480
482
499
485
494
487
489
499
474
484
483
493
496
496
484
496
493
472
421
431
432
429
455
454
472
472
486
485
504
493
510
510
511
526
525
519
533
521
529
524
526
532
531
526
537
527
540
527
533
528
543
543
541
520
528
527
525
506
523
528
535
530
506
532
521
518
529
523
539
530
543
522
530
528
521
513
522
517
519
499
511
514
500
510
491
496
509
497
509
507
495
502
496
504
491
498
487
489
484
490
478
482
491
477
480
479
489
491
500
491
484
476
485
484
482
482
475
485
462
475
481
469
482
485
477
496
475
474
479
487
479
487
479
466
486
488
458
485
468
474
463
459
470
473
474
464
474
470
481
470
475
470
479
472
476
469
442
449
458
477
406
475
429
425
419
470
463
467
450
465
459
462
452
462
459
478
463
457
466
460
467
456
474
464
477
478
475
477
469
476
462
479
477
477
478
472
475
470
473
466
464
475
476
466
466
476
470
469
441
451
453
453
473
465
478
472
476
463
470
486
477
487
480
497
480
10759
10755
10847
10841
10854
10852
10866
10855
10920
10924
10936
10928
10944
10937
11028
11027
11031
11031
11025
11023
11105
11096
11099
11110
11090
11099
11110
11177
11171
11175
11183
11176
11184
11190
11250
11236
11256
11252
11262
11261
11268
11274
11277
11259
11274
11263
11274
11268
11281
1001
1015
932
938
926
935
923
845
913
850
866
865
853
866
783
799
792
797
799
715
789
701
729
724
736
728
667
667
675
661
675
672
673
594
616
614
626
614
622
611
599
608
589
597
582
608
594
604
596
580
604
596
594
576
592
579
589
582
583
597
557
573
595
566
557
560
553
564
540
522
552
556
547
557
544
557
543
554
542
584
565
567
563
574
572
566
571
564
569
571
589
579
599
596
592
597
587
601
584
670
653
674
667
682
682
690
678
689
686
691
684
662
676
696
697
696
645
686
693
707
708
719
707
728
717
727
735
714
716
701
702
716
685
661
676
651
706
704
637
668
630
645
646
650
636
685
679
585
607
576
690
608
594
588
604
588
610
593
622
612
604
618
622
584
594
594
590
595
617
558
585
594
538
582
532
603
513
554
561
559
565
580
577
551
571
560
580
565
580
610
611
627
628
641
595
601
578
584
584
595
590
598
593
575
596
588
585
578
562
549
560
538
545
563
522
535
546
531
557
535
542
522
534
539
539
538
553
548
562
561
563
575
571
577
572
582
580
579
575
560
567
543
556
568
555
550
561
538
550
541
526
547
522
518
551
538
555
546
554
549
559
550
555
544
556
560
560
552
550
542
558
535
548
562
545
551
551
551
557
541
547
527
543
531
551
531
532
544
525
522
545
518
532
524
532
517
495
514
504
516
523
531
522
511
508
515
513
496
511
503
497
505
503
492
503
492
474
498
495
492
474
480
489
493
476
460
475
474
491
479
499
497
477
490
500
490
502
474
491
500
503
505
495
492
487
514
501
519
517
503
507
508
514
519
514
508
524
511
509
525
520
519
521
515
519
520
525
509
510
527
516
531
522
537
529
549
540
535
521
514
533
539
530
524
523
535
537
539
537
516
450
529
488
467
475
512
525
537
465
509
517
506
520
495
514
516
512
516
508
504
515
508
511
507
513
504
511
508
495
506
498
492
499
496
478
484
490
503
480
479
492
492
505
511
518
505
512
500
512
493
484
466
477
484
486
495
495
514
514
531
531
532
523
529
536
538
531
543
540
542
527
544
538
546
539
547
538
560
548
554
545
553
568
554
573
565
553
573
541
523
495
517
505
524
561
540
541
540
541
528
542
529
527
536
539
531
536
530
530
539
530
539
527
528
501
516
508
457
521
499
476
516
464
484
501
447
521
466
473
474
490
503
500
492
499
479
495
489
489
484
493
485
483
486
476
491
488
494
479
472
480
481
467
472
493
483
489
494
492
496
488
507
506
500
503
501
509
482
506
495
497
508
489
492
512
492
510
511
499
489
491
502
502
514
506
514
495
514
512
521
504
514
503
489
510
507
518
524
516
535
527
537
529
522
512
528
519
531
521
514
528
525
521
528
517
527
518
528
520
529
527
524
536
535
521
530
541
534
548
531
540
530
541
530
537
531
538
532
538
532
547
539
537
554
536
546
546
539
554
538
552
539
537
548
532
536
543
515
521
541
533
545
538
543
538
526
532
537
531
535
538
535
533
535
530
533
522
542
528
541
526
543
529
546
531
546
530
543
532
537
528
517
530
530
529
520
535
538
522
517
498
474
445
510
408
389
380
381
376
370
362
359
356
352
346
339
332
331
322
319
309
307
301
300
290
288
280
284
278
280
270
272
259
255
243
240
242
225
493
517
416
441
433
417
459
391
465
528
421
482
305
329
46
43
56
105
153
151
143
169
168
183
178
177
196
196
208
218
217
229
231
228
247
248
232
265
266
292
292
303
313
308
324
323
343
342
337
338
369
362
377
377
389
399
397
410
413
413
412
437
437
473
473
480
497
497
509
496
498
504
501
495
547
560
1014
1004
1026
1014
1021
1015
1032
1023
1042
1036
1055
1037
1027
1022
1024
1024
1025
1015
1011
1022
1026
1026
1040
1019
1028
1017
1029
1018
1036
1025
1031
1031
1043
1030
1043
1033
1009
1004
1022
991
1017
1006
1016
999
1004
1024
1015
1027
964
507
513
477
484
504
499
494
504
489
495
498
482
489
488
495
498
481
490
497
494
503
502
494
493
486
499
488
501
490
497
499
498
489
495
484
499
499
494
501
497
496
509
498
505
512
476
457
463
449
510
489
497
497
473
469
473
475
496
491
484
466
462
462
459
451
440
496
433
433
424
424
470
486
504
495
476
458
474
516
507
525
518
534
524
528
540
521
540
532
545
533
468
319
491
445
536
427
539
423
447
424
352
478
476
455
545
551
445
433
356
313
316
514
311
517
567
566
567
600
600
626
618
629
608
630
625
638
635
620
639
611
642
627
633
643
590
616
622
598
619
622
567
411
407
613
410
469
446
464
463
476
473
475
505
506
522
521
540
541
558
557
576
578
588
577
588
599
598
612
600
607
585
599
583
581
594
594
589
576
607
558
587
559
584
567
564
563
581
581
597
588
590
590
595
575
594
595
601
583
593
579
583
591
568
586
575
581
576
576
583
588
575
592
583
599
590
575
562
573
560
570
568
560
566
563
553
556
565
564
553
560
563
555
562
561
555
560
554
564
552
563
548
560
547
555
547
545
562
565
577
574
561
578
560
577
576
578
564
576
567
568
575
568
573
574
567
574
568
576
574
552
572
569
564
570
567
567
565
567
555
567
556
561
547
554
563
550
549
561
551
565
539
555
548
554
536
543
537
523
532
526
523
529
522
533
533
520
532
520
534
523
522
534
533
524
519
529
523
518
533
532
524
526
546
533
538
533
535
507
451
482
378
347
530
524
418
398
513
478
377
385
460
507
498
439
410
472
384
363
352
430
439
496
521
525
514
527
514
528
513
512
518
512
522
503
516
512
517
510
434
489
463
258
301
500
296
453
448
262
259
503
246
470
376
299
296
259
261
300
267
262
396
432
431
447
447
464
481
481
500
516
516
524
531
523
511
527
520
517
529
530
519
520
522
513
531
526
368
472
365
366
352
362
407
420
420
406
418
462
476
462
500
498
512
511
530
527
527
530
527
576
576
592
586
587
578
601
583
602
593
600
600
607
596
505
482
468
439
426
503
557
488
596
533
548
563
482
467
523
438
536
603
496
574
432
585
580
612
604
604
600
605
599
607
573
611
597
610
609
610
602
632
601
551
619
387
523
572
306
314
323
330
317
450
312
542
305
591
531
325
321
615
313
316
313
304
393
391
512
335
389
526
538
536
553
553
572
562
574
572
587
556
574
564
568
560
571
532
551
529
547
427
446
326
344
343
359
358
374
375
383
402
383
416
416
439
453
453
472
471
489
487
505
516
529
516
529
553
553
577
577
585
578
583
590
587
594
588
596
593
597
590
580
584
593
599
577
597
585
595
587
599
585
600
588
601
591
607
595
603
613
612
622
606
604
625
610
602
604
602
597
585
604
601
596
606
603
596
595
581
571
585
592
595
580
599
578
588
573
578
579
584
577
579
578
584
573
567
572
557
564
558
574
562
577
563
561
580
571
556
550
566
558
569
556
566
554
561
556
563
531
557
542
549
566
557
572
562
572
564
554
525
495
471
438
495
333
458
434
508
394
410
532
397
362
371
513
451
421
422
481
577
410
565
548
349
494
507
472
458
313
286
386
412
373
339
340
342
487
322
303
447
439
499
371
335
430
289
401
419
392
319
319
314
315
312
311
330
330
341
343
359
360
360
360
387
387
412
379
308
332
309
300
320
310
308
320
348
311
348
367
367
390
389
407
406
419
419
435
434
446
453
459
445
474
471
483
477
499
497
517
517
532
526
531
540
533
534
522
524
552
534
550
543
557
530
523
539
528
542
543
540
536
544
541
540
562
549
545
555
558
555
538
553
554
564
556
544
585
585
590
589
596
580
585
592
599
592
598
583
603
561
557
590
567
513
551
577
379
328
499
485
471
457
436
416
382
351
348
546
529
519
467
388
365
488
427
402
516
528
523
535
551
513
542
581
595
585
592
578
593
584
581
570
564
582
593
602
591
374
548
379
370
379
379
396
393
403
395
415
407
403
421
423
422
439
438
457
454
472
463
480
479
495
494
514
512
531
527
538
539
555
554
571
570
567
584
594
595
582
589
587
595
558
560
552
566
577
560
547
555
544
530
551
543
546
539
545
538
547
544
547
538
547
543
547
534
538
545
545
533
536
544
543
535
537
516
524
537
524
536
525
538
526
537
530
515
534
522
537
535
543
546
543
540
551
557
556
552
537
547
541
559
543
563
559
558
565
569
556
561
554
565
553
565
553
570
554
562
552
560
554
552
568
567
557
557
556
568
560
565
553
564
555
562
555
563
537
557
553
561
550
549
561
559
550
548
555
553
546
558
537
548
541
548
546
541
548
548
544
550
548
550
542
549
541
546
548
548
536
545
535
548
546
540
549
549
537
550
538
552
541
556
548
542
555
552
544
549
549
537
534
547
533
547
528
542
540
535
542
516
525
537
522
539
530
521
535
516
529
519
525
520
528
510
520
522
512
526
532
532
530
529
509
526
508
533
519
521
525
514
524
510
523
512
517
511
512
518
520
515
503
516
524
521
521
519
529
531
524
536
518
540
534
542
533
548
537
536
545
540
533
532
527
543
534
543
531
540
531
542
530
525
543
526
530
521
522
532
516
523
518
532
519
524
528
539
527
538
530
533
525
525
538
541
528
540
533
540
538
538
540
518
537
526
526
538
529
543
539
531
544
536
546
537
545
535
546
531
542
530
540
539
528
537
552
542
535
548
546
548
556
554
547
551
541
549
543
537
547
548
542
533
545
544
542
544
532
540
533
542
544
547
546
548
543
553
544
478
456
528
519
554
443
437
409
489
439
386
501
367
369
395
508
541
463
427
402
469
548
699
688
692
669
653
690
672
699
695
696
680
673
670
665
657
655
637
631
628
615
610
600
592
582
576
575
558
544
504
504
176
178
180
170
167
166
166
157
160
164
167
169
172
176
178
179
184
185
180
182
180
183
181
186
179
181
70
184
114
178
144
154
147
159
164
160
159
162
161
161
170
171
159
160
164
169
163
175
175
176
163
161
159
160
169
160
161
162
632
631
648
643
664
665
678
678
688
691
691
714
714
732
733
750
750
756
754
769
764
781
774
762
777
779
333
712
364
354
353
362
370
378
377
395
394
411
412
426
425
441
441
457
457
476
476
495
494
510
504
511
506
502
516
510
505
508
504
518
502
513
501
512
501
503
514
513
506
516
506
520
509
522
512
969
992
983
1007
990
982
992
983
1007
1000
996
1006
1011
1012
1022
1017
1016
1026
1022
1029
995
977
1003
964
991
1010
1022
1039
1049
1066
1051
1071
1062
1085
1076
1083
1076
1087
1095
1100
1088
1097
1086
1108
1101
1170
1164
1175
924
713
1178
714
695
712
708
722
707
726
715
706
715
705
713
708
704
712
704
673
707
650
643
668
666
678
688
688
703
704
689
693
686
690
678
683
672
680
675
675
673
694
680
687
696
682
610
619
606
618
606
610
614
622
607
622
608
608
626
620
607
608
615
571
595
586
601
617
605
608
609
617
588
595
603
592
592
582
575
581
589
585
571
580
570
576
562
569
561
541
577
536
527
569
542
558
538
543
535
526
542
524
535
516
526
521
513
513
504
512
512
496
480
480
497
497
508
500
484
490
479
471
488
485
476
487
477
482
466
472
454
473
486
462
453
465
480
459
472
401
460
369
392
462
361
359
345
325
343
310
299
291
449
390
463
423
315
418
408
377
461
454
465
463
467
453
455
456
466
470
461
464
477
476
466
477
465
481
475
480
492
485
482
484
491
476
488
491
495
493
486
485
389
386
401
392
412
401
421
420
420
419
433
432
446
446
462
471
471
489
482
486
480
483
479
486
479
486
478
491
483
478
487
467
484
472
476
478
478
457
468
473
461
458
467
446
464
446
455
456
452
439
435
446
446
452
411
415
430
398
444
434
456
437
426
466
458
468
461
463
469
453
470
467
474
469
477
467
484
473
480
475
494
482
500
485
494
486
492
482
508
491
494
490
502
496
512
496
472
464
481
506
514
483
497
517
502
506
481
494
492
498
503
504
515
508
503
512
23447
23455
23466
23432
23455
23363
23418
23389
23372
23400
23418
23345
23339
23332
23313
23308
23290
23455
23426
23457
23383
23338
23310
23356
23299
23322
23460
23390
23395
23397
23466
23427
23396
23355
23348
23320
23317
23313
356
23402
111
92
23372
23333
345
23364
273
23329
23376
92
23438
23401
23321
92
23383
23390
23448
100
50
82
82
139
149
149
167
167
184
184
201
198
219
218
234
234
251
252
268
269
274
283
284
298
299
316
309
328
337
333
334
336
333
336
356
354
349
346
345
342
341
337
338
368
359
341
355
347
360
351
350
348
337
353
454
465
482
472
483
477
479
483
469
481
468
483
468
472
465
480
445
464
474
470
464
471
475
447
417
427
464
417
454
384
446
397
365
399
371
378
379
382
381
402
403
417
411
427
427
438
436
438
463
462
476
477
471
491
479
483
483
483
478
473
483
478
477
483
485
481
484
478
487
481
487
478
487
485
466
485
483
496
496
504
495
503
495
503
491
501
494
491
490
498
500
482
505
490
503
500
487
480
500
492
497
499
494
506
502
497
500
493
497
507
493
466
459
487
477
447
491
481
481
490
475
487
477
481
468
475
468
482
478
461
481
472
472
461
484
475
481
480
465
483
475
475
449
438
489
445
418
410
454
369
468
335
475
352
353
332
427
411
475
353
392
381
380
417
431
453
453
463
451
445
449
454
453
471
471
478
464
457
469
475
459
453
467
466
471
452
470
456
465
463
466
457
474
440
368
362
382
396
380
397
397
428
428
450
448
471
471
480
481
481
478
482
512
512
542
537
551
544
551
551
563
555
565
549
566
569
575
568
577
566
566
583
566
579
571
571
552
565
579
590
594
582
592
591
592
598
598
590
600
597
563
565
581
563
574
572
552
556
554
571
570
576
585
577
552
560
564
551
563
556
563
550
562
535
546
535
555
547
541
549
558
557
543
563
564
548
564
550
547
537
545
533
540
541
543
533
538
533
537
544
556
542
557
545
552
544
545
559
560
547
550
561
554
560
557
566
553
564
553
552
567
540
561
550
552
531
549
541
539
494
491
534
513
515
527
504
498
498
491
496
484
481
474
479
465
470
462
465
455
443
446
448
437
440
428
444
427
445
431
422
422
424
409
406
397
394
388
391
381
382
373
375
378
363
356
361
361
356
350
353
355
358
347
351
351
354
348
345
342
340
339
338
342
338
432
508
501
515
523
534
534
250
262
538
542
490
250
526
530
504
330
331
349
349
364
362
378
380
398
397
410
411
431
432
447
447
447
476
475
493
492
491
492
492
492
492
492
561
562
582
582
600
601
622
624
544
533
537
521
528
520
523
471
481
482
495
500
503
498
493
486
481
476
467
462
460
441
450
496
434
497
698
685
701
689
671
686
694
702
681
666
665
687
687
703
703
687
701
694
714
698
656
708
577
484
511
640
628
486
483
486
613
649
485
483
603
664
677
621
483
591
687
483
484
583
714
714
716
740
750
745
554
560
566
550
550
568
593
578
580
556
591
566
393
331
534
464
569
553
369
378
377
369
408
410
427
428
449
428
465
478
476
494
492
488
491
492
491
495
491
494
489
491
492
568
584
570
565
569
581
583
585
599
581
579
606
591
573
560
571
570
579
580
562
570
570
606
582
582
610
608
620
595
609
596
599
619
620
627
608
595
615
609
620
614
575
564
579
580
580
611
610
623
623
632
631
608
632
589
590
600
611
611
619
605
608
610
595
604
583
587
589
593
601
592
596
584
584
595
573
558
572
559
572
559
569
554
558
547
540
546
527
552
537
549
534
542
538
541
540
532
543
533
546
547
532
545
540
551
545
544
538
548
540
544
539
545
543
546
548
545
556
542
536
543
528
539
529
516
538
537
523
539
522
534
522
532
522
536
523
502
521
535
528
520
538
522
535
522
537
524
532
524
540
526
533
526
540
525
542
529
527
541
533
527
543
525
541
538
535
531
520
537
536
532
534
516
531
530
531
530
513
526
517
525
510
528
530
519
530
525
509
528
525
518
523
516
525
519
523
512
518
521
509
522
510
515
509
521
507
510
504
505
511
487
494
514
513
501
514
505
518
522
533
530
538
537
556
531
544
547
538
540
562
551
557
551
561
555
567
397
487
543
476
527
552
439
514
427
522
400
395
460
559
499
558
463
451
412
484
422
556
558
548
528
543
543
556
544
557
551
544
542
540
546
546
532
544
537
544
534
546
541
530
543
530
538
532
535
528
546
512
428
455
434
432
432
456
456
479
478
494
495
518
519
535
534
534
528
554
553
552
571
568
574
561
555
565
558
562
541
554
548
560
551
543
547
527
534
537
534
547
538
530
524
531
508
521
483
503
494
503
509
506
502
500
508
482
469
480
461
473
464
403
436
375
373
362
350
348
338
326
398
401
387
280
272
272
259
323
310
280
252
420
294
213
437
183
414
182
235
220
181
169
147
146
199
124
208
192
300
134
196
255
156
219
224
238
239
163
111
112
111
91
80
81
86
75
73
71
75
50
72
77
67
70
61
59
75
60
81
51
58
73
80
60
74
70
86
61
57
3
3
1
8
12
12
11
27
49
21
67
33
29
13
31
56
55
5
6
2
46
47
33
47
42
151
195
193
199
210
207
217
217
244
226
243
250
248
246
274
261
275
253
254
254
252
274
269
267
265
272
251
259
269
257
254
249
248
263
250
252
258
446
444
465
461
478
477
497
492
511
511
528
528
545
546
559
558
506
482
454
409
304
308
308
551
283
287
291
292
295
297
300
301
304
305
308
310
305
299
290
286
276
271
261
288
244
535
286
284
284
537
224
232
447
221
193
184
290
286
517
468
256
494
290
475
204
144
174
227
162
154
156
162
161
178
178
195
195
219
219
240
239
254
255
270
267
270
291
291
308
309
327
327
322
326
329
325
328
333
325
310
330
322
326
331
332
323
324
334
334
320
321
315
319
329
324
333
323
328
327
332
491
483
484
483
474
481
484
473
458
469
469
451
462
445
443
470
451
462
461
453
304
382
319
318
298
286
284
284
298
326
326
347
347
361
358
380
392
379
360
412
412
425
429
430
448
448
465
465
478
479
487
476
495
488
486
503
492
487
487
493
494
487
500
482
492
478
490
484
480
494
488
498
488
489
486
487
478
491
487
494
495
478
494
361
368
455
486
490
377
478
355
332
314
422
401
394
388
423
326
434
465
416
347
471
469
459
474
463
476
467
477
474
472
474
485
470
492
479
498
457
458
449
449
442
446
441
445
440
435
421
397
346
348
350
305
305
308
312
315
319
320
323
326
330
335
337
340
344
348
352
355
351
476
326
476
469
347
334
417
407
426
421
423
420
430
381
402
380
180
394
410
215
208
229
229
254
256
282
283
300
301
330
330
346
353
355
354
382
381
404
405
427
427
426
428
466
469
471
471
470
473
469
473
471
474
473
536
524
532
542
548
558
558
531
537
529
548
546
571
582
597
591
584
567
543
577
596
576
481
504
561
566
533
517
546
518
482
550
534
553
559
544
551
568
553
535
550
518
536
540
535
551
555
553
613
613
632
631
653
648
656
632
643
642
631
617
610
627
617
605
604
590
603
592
558
495
522
524
541
541
559
559
577
578
598
597
614
612
589
612
625
575
589
565
549
539
562
558
548
558
556
548
503
554
510
491
499
496
505
494
510
498
492
503
492
481
502
493
500
491
485
502
491
494
505
481
466
503
488
476
476
464
484
473
476
465
480
471
478
482
486
478
492
491
496
483
497
496
480
499
489
494
489
496
489
503
492
480
496
490
501
492
492
501
489
495
499
491
504
502
505
488
501
495
506
499
498
502
508
506
497
513
512
513
499
517
504
511
505
515
505
519
506
493
506
516
515
503
519
502
516
511
516
512
523
514
511
512
524
511
521
510
525
516
524
515
525
520
525
513
527
517
533
530
531
534
535
523
533
528
535
533
536
534
538
531
547
531
532
543
540
528
530
544
520
529
533
536
526
537
525
541
525
538
526
543
527
543
528
533
546
543
520
529
535
531
534
542
539
532
507
528
536
515
530
520
529
524
525
531
534
525
536
529
526
527
514
533
536
526
530
534
526
529
511
508
521
526
528
528
519
517
498
522
522
510
526
510
504
517
499
489
514
506
493
505
495
504
489
487
485
499
466
489
498
485
500
491
502
492
496
500
478
490
507
505
514
505
495
500
497
487
508
511
518
525
509
527
498
512
514
521
497
514
508
519
496
508
517
525
513
516
522
523
521
510
522
522
516
520
518
512
512
494
517
509
491
523
516
508
522
509
501
501
538
524
541
530
530
538
539
531
529
538
527
536
524
537
540
529
534
528
538
520
526
528
513
532
532
535
532
535
517
532
522
532
524
531
519
525
526
515
515
527
528
536
524
516
507
528
516
498
519
501
447
473
456
488
475
473
463
455
477
467
482
476
485
498
489
491
486
492
497
505
503
509
496
500
502
495
503
503
499
511
496
498
508
509
504
512
498
510
497
512
509
511
511
505
503
501
512
510
530
529
547
524
518
518
538
541
533
631
517
624
940
933
949
922
937
925
891
881
902
922
929
920
927
927
933
909
917
923
928
948
937
948
930
939
937
935
945
924
961
940
930
912
845
680
919
864
832
934
802
891
817
373
880
358
872
865
941
953
341
333
949
694
354
358
826
898
456
430
427
417
416
403
407
400
399
403
405
375
371
365
352
356
351
339
333
329
328
324
325
264
187
190
192
166
429
429
5
20
31
32
28
48
33
25
15
39
38
12
14
13
13
13
1
4
9
4
24
10
33
8
38
22
12
25
46
21
9
13
15
11
31
92
55
55
55
54
54
86
53
54
55
52
55
54
56
58
90
73
54
56
56
188
203
221
244
272
123
234
123
267
122
268
117
114
110
110
111
158
125
119
233
273
117
232
275
289
328
331
334
329
336
324
325
129
130
133
122
326
277
333
129
335
332
131
336
132
325
124
330
330
274
129
129
336
325
326
277
354
353
370
369
380
380
398
396
415
426
426
426
414
456
457
473
472
413
346
305
282
300
301
317
316
337
337
350
350
384
385
401
409
407
407
399
429
431
452
452
473
473
490
500
499
514
514
530
531
547
539
525
533
545
540
529
542
536
543
545
553
532
539
533
547
553
538
552
532
555
547
552
551
541
531
524
549
526
550
532
518
523
535
529
538
535
543
525
536
530
534
536
535
524
530
520
534
542
536
534
544
549
542
549
551
544
548
544
541
543
528
540
522
522
534
483
445
388
328
399
410
472
390
381
367
458
450
348
497
311
523
466
498
335
424
515
321
357
423
451
451
427
436
457
449
459
434
431
456
438
441
451
430
446
442
442
437
444
444
453
452
452
440
415
413
428
365
359
345
352
350
369
369
384
382
382
408
409
429
428
448
448
466
464
477
477
493
485
490
503
504
497
492
491
507
507
517
510
516
494
486
488
498
458
472
447
465
490
427
440
480
462
486
483
472
487
481
490
482
492
485
485
492
491
484
493
485
499
483
481
499
490
481
488
482
491
484
496
494
501
500
499
510
506
500
514
503
511
505
519
518
513
512
481
484
484
485
515
514
529
524
540
529
535
527
533
530
528
531
530
533
536
527
541
533
544
538
545
543
547
542
546
548
550
543
567
577
562
576
564
574
563
568
575
560
580
566
571
578
580
573
580
567
582
560
533
548
549
441
570
384
361
351
316
413
400
501
493
481
373
518
460
534
464
581
432
421
515
396
368
337
472
328
347
490
451
466
473
459
476
459
459
476
477
460
453
475
476
461
478
467
456
452
388
284
289
289
312
311
329
329
330
359
359
377
376
394
395
414
415
426
426
427
427
427
427
426
427
488
487
500
502
508
507
491
496
492
486
476
472
462
454
445
435
431
432
433
410
405
401
397
394
387
371
365
350
344
343
328
320
312
303
303
291
284
275
263
259
255
235
212
214
214
191
191
192
192
191
499
2
4
5
17
12
13
17
60
56
84
45
41
36
17
50
41
62
6
81
16
109
136
116
127
134
147
146
156
156
184
184
210
210
210
211
238
240
264
263
280
291
292
325
323
323
353
353
366
377
377
394
393
416
415
431
430
446
447
460
465
479
465
479
502
500
516
516
528
532
531
530
557
544
556
546
548
538
499
510
526
511
526
506
506
525
521
516
522
515
524
521
493
473
503
507
494
497
497
500
497
480
491
498
488
501
500
506
497
505
512
520
508
517
504
518
507
516
490
503
507
509
500
503
512
510
499
492
491
505
514
509
516
506
515
505
512
505
498
505
508
507
502
505
497
480
487
491
503
499
492
499
506
495
502
490
498
493
482
496
488
495
492
495
488
493
477
486
486
481
491
495
470
487
493
481
470
474
486
477
487
480
467
490
457
478
482
474
482
475
483
483
471
476
483
492
484
478
483
493
470
476
493
481
489
460
463
408
424
385
375
437
472
362
354
337
317
482
444
392
426
344
312
398
329
362
437
432
443
483
481
470
482
459
480
490
488
484
500
499
498
499
489
503
494
501
498
491
502
506
502
510
499
504
475
362
412
381
379
385
392
401
403
420
418
432
428
446
445
462
462
480
480
497
500
509
500
533
534
548
538
544
523
529
548
540
535
548
551
534
541
512
538
523
517
518
537
521
502
509
491
523
517
487
495
507
514
509
510
519
515
507
517
509
509
520
516
506
491
504
514
492
509
506
497
511
510
506
502
494
492
498
497
484
488
506
485
483
493
507
499
503
500
512
501
500
510
487
504
549
542
544
554
543
543
544
567
566
570
562
22409
22406
22438
22448
22445
22454
22478
22468
22489
22489
22487
22474
22501
22509
22476
22481
22499
22361
22419
22250
22240
22238
22328
22325
22224
22213
22207
22194
22495
22413
22395
22394
22444
22348
22232
22224
22437
22312
22476
22257
22462
22344
22324
22276
22263
22401
22418
22446
22372
22379
459
462
430
420
405
396
386
365
365
262
191
117
105
109
113
114
118
121
124
120
123
489
485
515
502
3
14
10
4
15
15
17
23
30
34
39
45
49
56
82
109
189
187
205
197
212
214
213
299
299
310
322
319
314
316
320
322
326
328
331
334
337
338
333
336
340
343
345
348
350
352
355
358
357
359
363
365
367
370
373
376
378
382
384
388
390
385
373
369
361
360
351
344
266
263
261
320
310
317
322
321
9
27
26
42
42
32
34
33
66
27
19
40
43
51
13
48
15
13
14
10
10
7
14
21
25
29
21
15
8
6
10
35
7
8
41
4
4
12
24
19
41
129
128
160
160
178
179
197
196
211
212
233
232
251
246
251
273
271
295
303
303
304
302
343
343
364
365
367
388
401
401
418
418
439
439
459
459
481
481
502
502
522
522
543
544
562
563
583
583
604
605
594
611
598
583
609
600
610
600
617
603
613
601
598
611
622
605
613
600
616
609
606
605
621
615
619
617
602
609
623
624
617
624
612
624
621
597
617
622
603
613
599
600
593
589
605
566
558
543
539
584
602
588
573
567
543
553
540
554
546
533
533
524
525
532
525
533
525
522
514
529
511
517
496
502
510
513
511
504
515
503
498
508
505
496
506
486
495
501
452
462
467
485
478
474
488
501
464
480
476
470
486
488
488
487
504
503
488
498
499
506
507
516
528
502
509
494
511
498
506
509
502
504
513
499
489
475
496
493
509
492
485
494
479
493
475
488
478
472
492
479
479
496
492
502
489
500
496
497
505
501
498
498
494
488
501
486
488
489
499
499
490
480
494
485
481
487
464
468
467
489
477
489
479
490
486
497
490
489
499
498
487
494
479
496
494
489
501
495
500
509
486
507
499
508
496
496
508
487
495
504
498
478
479
492
505
484
481
498
470
493
481
492
490
502
491
504
511
497
491
511
485
503
510
489
496
505
508
503
511
518
521
521
531
527
536
526
527
515
528
518
531
523
510
534
524
536
529
539
524
542
542
548
551
555
554
538
540
553
544
549
549
555
545
534
546
543
518
533
530
517
521
521
527
529
514
526
532
522
515
524
516
521
516
509
516
513
509
517
493
511
499
494
512
474
503
487
496
503
496
503
497
505
488
506
499
506
524
517
535
519
531
525
528
521
527
521
522
522
513
503
487
517
531
464
495
469
468
526
525
514
534
526
533
536
526
543
532
534
540
535
536
517
523
518
516
523
523
542
530
523
542
478
489
533
548
510
520
500
507
513
488
473
479
515
511
528
523
536
515
456
464
491
492
492
492
484
469
472
466
451
444
444
431
421
421
408
405
389
369
370
373
368
347
344
342
329
330
314
315
289
291
291
292
293
281
281
256
256
250
252
245
235
220
201
193
192
191
191
490
490
492
4
4
5
29
13
17
34
32
54
55
13
20
30
3
4
26
22
46
39
22
32
26
37
45
25
44
11
25
27
44
56
103
98
83
105
77
84
91
114
172
172
174
200
203
203
229
221
228
237
244
245
259
259
277
276
293
292
312
312
331
335
343
317
337
319
335
346
353
335
371
373
394
393
409
425
408
425
426
461
462
480
479
479
502
498
499
402
483
363
442
424
433
503
398
492
454
379
371
476
451
361
345
502
489
484
331
422
388
453
457
470
449
412
387
458
285
372
350
272
347
358
427
307
418
404
255
255
204
86
376
447
332
296
119
349
328
276
224
245
317
325
320
326
346
345
347
376
375
244
341
395
276
291
291
295
294
315
314
323
327
326
344
343
352
353
369
373
370
393
393
392
391
393
396
429
438
437
452
452
472
482
471
482
503
502
518
519
536
537
540
553
553
551
542
551
529
543
540
537
541
526
540
529
528
536
504
535
497
524
481
487
515
531
526
514
541
522
504
525
496
514
514
514
507
523
542
537
528
529
546
547
511
511
479
449
428
369
293
275
468
421
380
506
356
341
537
446
329
320
498
275
405
463
360
486
430
409
395
539
405
431
464
457
464
457
448
471
447
461
469
472
458
459
457
461
453
481
468
468
474
319
407
328
322
342
342
363
363
375
377
392
393
408
408
406
427
422
431
422
479
493
493
512
510
509
538
533
561
562
573
558
566
572
589
578
597
583
584
572
588
609
599
603
614
617
613
610
609
603
621
612
628
616
622
611
608
598
588
595
605
571
607
608
585
590
638
632
629
630
621
608
603
597
620
612
610
628
619
620
629
626
621
636
627
641
635
645
654
632
632
618
631
585
621
614
601
635
617
630
609
622
610
599
576
575
589
613
614
619
630
630
634
620
588
571
566
594
600
499
449
302
403
373
390
536
476
465
578
442
280
528
430
546
488
350
339
330
511
556
416
356
434
440
433
442
452
431
427
440
447
437
451
429
419
451
441
436
439
449
449
436
451
440
424
387
385
401
400
413
415
365
340
357
349
366
365
382
383
400
399
416
417
417
435
436
449
457
457
474
474
490
489
495
488
504
491
488
496
488
489
484
495
489
498
497
481
487
503
508
494
509
505
511
506
518
518
507
522
519
528
519
531
517
527
518
533
520
519
515
501
536
532
519
535
524
539
530
542
533
526
531
543
526
536
544
535
542
550
533
531
542
559
541
555
538
538
551
520
527
541
529
534
525
513
532
521
528
513
523
511
511
515
517
509
514
509
512
505
521
520
515
509
514
508
511
495
493
507
508
511
505
503
509
505
489
506
508
507
505
517
500
501
505
484
508
497
489
496
496
503
498
494
482
504
486
494
483
501
505
498
503
491
491
503
486
504
494
502
501
494
504
489
504
487
498
504
513
498
497
499
512
499
514
507
505
509
501
514
486
507
515
514
517
503
528
514
510
511
520
521
524
511
521
518
532
521
542
529
516
535
536
538
537
540
551
532
547
544
549
538
552
545
552
535
551
543
551
543
558
543
550
557
555
538
545
571
560
565
579
562
561
559
554
564
556
574
561
574
565
569
550
537
546
560
551
535
549
531
547
543
550
548
546
548
521
535
515
507
548
536
525
525
530
519
532
525
511
529
524
530
514
532
519
534
518
501
523
516
509
503
514
509
513
507
502
507
498
508
502
507
512
515
499
514
508
491
512
500
507
495
510
502
509
501
507
505
498
519
515
503
508
511
513
492
499
504
511
507
502
493
494
502
516
511
497
506
501
513
506
506
500
507
502
516
504
508
519
517
515
524
520
516
521
517
527
526
528
524
533
523
528
517
531
521
532
524
529
508
531
521
516
525
508
503
524
529
516
515
523
528
511
525
527
520
508
518
507
515
516
508
509
504
514
501
492
497
508
494
513
504
505
513
491
512
499
507
495
489
502
508
499
512
513
501
517
506
505
513
485
488
493
511
501
508
506
497
500
508
494
481
500
492
499
498
496
503
494
491
491
483
506
499
505
499
494
501
485
484
481
492
492
484
492
477
490
496
489
504
485
473
488
479
479
488
476
463
472
470
462
446
465
487
479
488
488
492
497
475
500
493
495
502
494
500
493
487
493
487
510
501
501
506
490
490
491
511
495
499
500
507
499
495
501
501
494
501
489
502
490
495
500
504
482
492
495
505
504
529
526
668
681
682
646
664
654
650
656
648
646
645
654
640
640
637
630
627
630
585
606
593
614
560
573
602
606
568
591
545
530
538
611
2216
2219
2223
2233
2223
2231
2225
2232
2229
2235
2224
2250
2239
2263
2252
2236
2261
2090
2239
2099
2104
2104
2111
2147
2134
2150
2166
2154
2160
2136
2126
2153
2106
1967
2091
2150
2107
2162
2163
2128
2123
2095
1958
2124
1958
1955
1958
2127
2109
578
2112
571
564
594
579
596
593
589
596
599
591
558
538
581
544
589
570
512
552
533
543
553
538
529
516
510
499
526
528
515
430
422
452
428
425
440
451
450
467
453
467
478
470
490
489
511
518
497
517
519
521
496
496
544
544
548
536
553
546
559
561
538
539
551
531
530
520
525
557
547
563
563
585
579
581
588
579
598
592
577
588
571
583
571
585
573
579
565
576
567
580
567
567
574
554
560
536
540
566
540
556
555
572
567
554
504
475
564
570
528
432
429
419
497
512
458
426
539
526
479
536
582
575
584
576
586
579
590
583
598
572
582
585
577
583
572
581
574
578
565
563
575
575
572
590
581
589
582
588
578
590
588
587
584
572
461
583
479
476
473
456
484
484
504
503
522
521
546
546
565
569
576
585
571
571
576
564
577
575
565
566
560
583
581
588
604
601
589
599
601
596
603
593
614
593
604
598
588
596
581
595
575
582
594
589
582
573
590
591
526
469
408
390
482
531
555
433
578
507
402
378
371
494
335
586
457
432
543
500
343
325
445
564
419
530
514
524
508
530
513
528
520
536
517
526
515
532
524
542
540
516
536
514
529
514
536
553
551
376
486
339
413
346
355
352
349
346
353
344
339
343
341
352
338
354
334
484
349
351
350
347
488
525
524
539
533
543
544
542
535
538
540
540
538
538
535
531
534
539
533
543
534
542
530
529
549
541
541
397
387
394
360
400
396
494
386
386
393
378
382
374
390
370
355
398
390
384
401
375
373
400
379
391
528
541
529
507
493
495
481
470
459
460
453
505
512
522
436
429
450
482
482
474
439
246
250
450
421
249
247
250
266
249
251
428
253
411
376
254
246
252
252
440
462
253
251
249
248
252
413
413
436
437
450
449
454
401
422
397
408
409
410
410
406
404
405
470
472
501
502
445
528
356
355
382
383
405
414
423
424
459
460
466
491
493
514
526
528
553
554
575
574
575
615
616
617
646
645
664
672
655
664
659
664
654
662
655
656
649
649
648
615
619
619
614
631
625
649
637
633
639
637
628
634
618
634
617
615
627
603
614
596
614
609
594
592
603
590
597
589
600
575
589
579
580
574
588
582
566
580
564
573
581
559
567
565
584
571
563
552
575
559
573
573
567
580
555
561
553
550
553
552
539
531
514
544
538
545
532
537
527
540
531
541
539
519
547
533
548
541
542
529
529
540
541
519
519
529
528
535
543
539
529
532
523
536
543
531
530
532
531
535
533
559
531
557
554
543
556
557
568
556
554
548
566
560
563
554
555
560
563
551
559
545
557
536
548
529
531
537
522
529
524
505
515
501
531
539
510
545
526
477
518
490
503
517
508
526
526
521
525
520
491
507
509
514
452
450
480
421
398
385
325
300
433
356
458
355
355
345
346
406
446
311
291
464
268
369
375
492
417
504
324
266
390
379
388
435
439
458
442
466
451
439
421
441
439
446
440
455
446
458
458
467
452
407
296
318
317
337
331
351
363
352
362
353
389
389
407
406
424
444
444
457
462
459
459
498
500
508
498
509
537
536
554
555
576
576
589
582
597
580
589
584
589
583
582
566
557
581
586
578
585
575
579
572
582
568
583
568
577
564
586
576
589
568
581
591
573
587
600
579
586
595
592
593
607
583
584
598
602
603
612
614
626
607
613
603
624
613
634
617
635
650
652
641
666
649
666
655
675
669
670
661
681
665
683
673
683
676
659
684
671
684
673
667
652
657
657
674
633
677
641
664
626
632
661
671
652
643
644
661
673
660
662
675
663
578
685
676
689
689
665
667
655
675
656
672
646
659
656
631
643
650
657
648
643
638
641
631
628
627
643
629
621
639
623
622
622
635
618
632
607
624
617
628
668
650
667
649
666
649
640
649
635
652
634
612
621
609
594
597
575
564
610
592
595
582
591
587
585
585
599
584
586
574
587
580
588
577
583
576
578
573
566
575
563
573
557
560
570
568
579
565
561
500
563
506
518
508
512
505
493
508
502
504
498
495
508
509
493
498
499
509
505
503
504
494
504
511
508
491
496
512
502
505
518
505
512
513
509
518
515
519
508
505
499
501
503
506
514
496
512
507
504
516
504
533
521
514
526
516
528
515
524
518
521
515
526
519
528
528
537
539
529
522
509
495
506
525
493
467
514
498
497
497
494
487
476
487
480
480
487
466
470
481
479
487
499
483
483
482
481
478
466
470
466
455
486
452
459
458
466
466
469
460
459
473
452
434
456
446
469
447
465
451
459
446
435
449
459
448
460
462
441
444
454
458
457
453
451
21029
21038
21010
21007
21004
20989
21009
20997
20993
21014
20956
20943
20973
20884
20856
20850
20853
20850
20853
20841
20841
20840
20841
20846
20850
20856
20853
20846
20835
20828
20813
20815
239
20969
20927
20904
20965
20894
20869
20859
20943
20929
20869
20987
20976
20974
20901
21033
20919
20883
20961
