44
75
45
47
78
732
759
761
753
289
273
769
504
267
483
606
514
516
284
468
636
504
625
390
374
404
833
397
412
745
344
547
752
821
292
419
401
428
400
1000
802
385
821
587
594
879
290
143
979
292
281
272
279
144
136
41
71
27
85
81
10
17
45
14
87
161
156
103
134
181
270
281
351
307
297
377
440
436
501
540
586
594
605
667
761
680
873
866
931
939
1001
996
1061
1070
1094
1090
1128
1152
1186
1127
1267
1246
1306
1299
1352
1356
1441
1439
1517
1514
1582
1579
1646
1624
1622
1643
933
1648
793
752
1485
1495
616
499
826
1620
1491
1574
1602
1478
1634
1480
1590
1543
1519
1384
1478
1122
1186
1521
1595
1006
1503
856
677
549
1481
1481
1406
1264
1235
970
1036
643
1459
1087
1492
1307
1704
1750
1775
1483
1479
1705
1559
1545
1555
1639
1691
1686
1636
1767
1754
1770
1840
1895
1921
1917
1939
1918
1827
1902
1913
1933
1838
1894
1924
2129
2190
2186
2299
2300
1819
1539
1570
1572
1647
1650
1693
1721
1697
1698
1812
1813
1870
1867
1857
1705
1780
1845
1906
1880
1787
1917
1909
1975
1965
1956
1925
1955
1924
1921
1912
1972
1901
1956
1930
1940
1883
1890
1957
1808
1807
1809
1892
1890
1945
1924
1877
1964
1883
1905
1838
1908
1888
1904
1840
1892
1853
1903
1869
1869
1815
1815
1786
1771
1826
1837
1833
1863
1874
1879
1821
1850
1742
1807
1759
1846
1805
1789
1742
1819
1795
1809
1768
1744
2875
2936
2939
2863
2861
2694
2828
2702
2740
2833
2929
2750
714
2532
2457
2781
2431
2343
2658
2243
2683
2374
2815
2093
2143
2676
2140
2617
2085
2885
1940
1884
1856
1819
1753
590
414
2598
2834
2553
2865
2488
2291
2201
2041
2018
1776
527
2007
338
2467
2137
1853
2263
1456
1406
1513
1789
1783
1859
1675
677
693
1052
773
760
820
817
911
904
926
928
989
990
1045
1045
1113
1043
1107
1220
1215
1255
1283
1309
1305
1357
1360
1461
1469
1570
1604
1666
1667
1671
1675
1674
1660
1667
1663
1675
1674
1996
1999
2075
2076
2148
2148
2127
2096
2062
2074
2078
2002
2061
2039
2063
2051
2070
2015
2018
2063
2070
2019
2068
2015
2062
2071
1927
2067
2077
1966
1959
1956
1970
1962
1830
1803
1914
1837
1787
1727
1819
1772
1564
1626
1623
1671
1667
1696
1700
1741
1708
1621
1472
1437
1484
1428
1555
1526
1634
1680
1599
1580
1604
1611
1568
1591
1570
1609
1569
1618
1572
1600
1593
1563
1525
1554
1559
1536
1557
1555
1583
1557
1572
1546
1605
1581
1620
1603
1609
1642
1639
1606
1634
1589
1603
1584
1602
1621
1651
1544
1532
1528
1572
1530
1565
1589
1659
1660
1714
1715
1720
1745
1737
1744
1703
1731
1681
1717
1674
1658
1693
1670
1690
1658
1698
1677
1708
1709
1697
1718
1697
1712
1689
1671
1647
1718
1679
1645
1637
1654
1680
1689
1700
1644
1673
1653
1658
1673
1655
1664
1649
1652
1689
1676
1628
1651
1603
1654
1568
1604
1573
1607
1589
1549
1569
1554
1562
1549
1571
1569
1617
1617
1600
1561
1596
1575
1591
1550
1548
1547
1560
1565
1549
1563
1540
1572
1545
1547
1548
1573
1566
1627
1544
1563
1560
1584
1592
1551
1560
1357
1245
1414
865
1442
1378
1048
1007
1334
998
1296
1228
879
738
1469
762
691
635
1218
671
1530
499
456
399
373
334
424
1126
1148
1070
942
783
824
543
616
1187
1091
275
1482
736
581
309
917
520
1245
1059
1030
1058
1086
1261
1143
492
541
533
509
584
583
619
624
620
696
698
760
759
805
804
829
834
891
892
946
940
982
979
976
1000
991
991
985
1062
1060
1103
1104
1107
1102
1104
1211
1207
1263
1260
1304
1301
1304
7656
7655
7779
7809
7808
7798
7588
7480
7315
7216
7038
6890
7370
7271
7225
7572
7260
7889
7156
7135
7083
7108
7686
7535
6974
7027
7466
6940
7452
7666
7726
7424
599
6841
7649
471
7594
7289
7820
7858
7335
7709
7507
7032
6959
6925
7390
593
488
365
7181
6886
7767
1147
894
1140
925
369
369
404
402
448
447
490
488
528
524
566
568
608
606
652
649
686
684
723
723
774
774
778
833
833
853
847
856
849
548
232
832
827
802
793
788
767
852
781
695
681
615
577
847
801
511
845
382
839
352
437
264
844
228
836
851
796
848
727
623
531
461
336
289
860
745
648
484
302
730
401
858
807
835
688
819
187
245
244
218
161
222
215
148
153
123
103
95
120
96
90
248
87
186
206
169
160
228
154
209
227
227
164
125
88
99
86
7
8
17
35
33
69
74
77
82
192
268
293
330
331
366
366
363
421
417
438
454
466
468
516
517
560
557
606
604
653
653
698
697
755
755
792
773
774
777
776
796
773
738
776
737
775
912
918
969
967
1017
1017
1024
1078
1077
1121
1093
1129
1159
1147
1106
1042
1172
1141
1066
996
1160
1170
1071
1016
941
972
1060
1115
1142
1093
1133
1107
1149
1110
1088
1116
1117
1103
1095
1129
1144
1116
1050
1075
1072
1109
1112
1157
1158
1202
1205
1183
1240
1211
1168
1203
1122
1066
967
1083
648
808
798
1031
770
773
715
657
828
827
821
580
584
489
469
826
1180
391
373
314
285
245
299
802
345
1038
790
733
1107
685
604
825
507
630
427
804
256
801
541
440
820
1154
821
738
716
720
306
294
319
318
315
370
375
381
381
417
416
452
453
485
486
516
512
514
564
565
589
588
588
594
588
591
589
586
584
595
596
588
587
586
800
799
835
833
864
865
901
900
951
952
999
985
1021
1032
1066
1053
834
784
492
888
225
726
983
767
955
637
911
1022
516
850
935
487
483
485
875
807
477
471
472
444
796
416
1065
341
280
1010
259
712
707
496
491
473
969
390
299
381
731
481
455
493
354
826
887
866
793
369
299
331
330
375
374
414
412
413
463
484
492
493
497
496
595
589
632
635
677
675
709
708
704
780
778
837
837
873
873
909
906
950
973
969
964
1014
1012
1044
1044
1078
1051
1091
1119
1089
1164
1164
1197
1194
1199
1232
1212
1210
1227
1180
1217
1234
1231
1228
1247
1260
1266
1262
1228
1230
1247
1218
1257
1185
1231
1237
1222
1221
1221
1224
1179
1199
1204
1152
1180
1198
1169
1192
1168
1193
1190
1188
1162
1196
1185
1207
1196
1203
1187
1213
1173
1190
1173
1178
1195
1184
1166
1205
1168
1175
1194
1187
1172
1189
1174
1176
1193
1198
1179
1206
1189
1196
1229
1192
1230
1217
1232
1207
1214
1197
1210
1217
1198
1211
1198
1215
1189
1204
1204
1190
1205
1202
1173
1154
1181
1154
1175
1164
1167
1148
1175
1153
1189
1161
1191
1172
1176
1178
1183
1168
1145
1122
1149
1164
1122
1102
1155
1141
1173
1155
1132
1139
1135
1094
1121
1138
1113
1139
1150
1153
1124
1147
1124
1114
1143
1133
1144
1144
1163
1132
1114
1139
1128
1169
1142
1151
1138
1148
1166
1164
1149
1176
1130
1093
1111
1137
1139
1116
1133
1142
1155
1150
1157
1132
1122
1132
1120
1122
1126
1124
1129
1116
1128
1149
1129
1128
1153
1128
1149
1167
1158
1168
1163
1162
1189
1170
1199
1196
1191
1198
1209
1195
1195
1222
1191
1217
1204
1207
1187
1205
1190
1210
1161
1101
975
336
1176
773
908
692
739
719
1000
658
1144
578
600
1014
505
1124
938
444
477
461
371
903
864
352
307
302
778
806
825
1036
1071
621
551
533
1175
431
268
882
645
388
1050
964
798
775
860
882
910
767
354
359
351
347
400
418
415
412
419
487
486
520
518
521
574
575
618
619
637
637
677
677
707
705
745
744
775
776
808
807
842
840
879
879
914
914
946
967
967
994
995
1023
1021
1026
1074
1067
1107
1029
1079
1094
1117
1095
1092
1092
1075
1086
1044
1065
1064
1099
1081
1074
1101
1090
1078
1095
1050
1069
1076
1016
1001
1058
1036
1069
1046
1053
1062
1058
1068
1052
1071
1054
1037
1061
1045
1017
1074
1048
1058
1025
1048
1025
1055
1047
1037
1052
1052
1046
1059
1039
1051
1036
1034
1060
1054
1039
1037
1067
1050
912
502
798
775
274
687
661
1009
624
589
567
490
584
963
787
853
462
443
783
414
786
948
360
373
308
298
984
274
935
734
694
639
659
529
450
397
338
716
1024
868
459
747
892
419
711
640
35
665
619
671
37
47
39
459
7
9
37
84
96
120
146
179
189
217
245
259
271
267
231
235
265
223
275
334
357
360
391
458
402
382
248
214
397
255
242
414
422
230
429
221
373
217
448
181
180
359
174
360
172
138
122
121
118
249
115
455
245
382
237
240
216
175
142
124
259
297
340
241
209
141
238
150
21
95
199
278
277
300
291
297
303
275
305
379
382
421
420
455
454
483
483
508
510
548
550
580
588
586
614
651
590
651
616
697
695
697
740
740
779
781
808
805
800
844
844
880
878
913
940
911
912
969
941
969
1008
989
1025
1028
999
1015
1001
1046
1045
1053
1039
1006
1045
1036
1032
1023
991
983
1017
1021
1006
1030
1015
1049
1035
1054
1037
1057
1021
1057
1041
1073
1057
1073
1060
1070
1086
1061
1078
1086
1085
1098
1075
1091
1106
1102
1127
1113
1094
1132
1108
1082
1069
1094
1100
1101
1087
1088
1084
1076
1107
1087
1090
1112
1110
1121
1092
1127
1135
1113
1139
1107
1096
1125
1113
1107
1122
1111
1097
1124
1091
1120
1062
1110
1080
1085
1090
1051
1070
1076
1049
1072
1075
1024
1072
1048
1056
1062
1029
1051
1073
1041
1046
1077
1030
1047
1072
1056
1067
1049
1064
1041
1049
1069
1067
1051
1057
1045
1078
1055
1085
1069
1083
1077
1060
1074
1063
1048
1072
1046
1073
1053
1073
1047
1070
1059
1088
1063
1065
1089
1072
1087
1093
1059
1045
1090
1075
1093
1060
1094
1077
1074
1106
1101
1087
1112
1088
1118
1092
1126
1091
1117
1090
1118
1087
1107
1082
1083
1108
1074
1099
1052
1076
1090
1076
1052
1090
1098
1064
1085
1060
1064
1085
1089
1021
1058
1039
1087
1070
1097
1057
1085
1055
1069
1054
1069
1055
1064
1051
1046
1040
1015
1054
1032
1033
1019
1047
1015
1041
1014
1042
1030
1006
1014
999
1036
1032
1035
1031
1036
1031
1066
1026
1061
1030
1051
1037
1062
1057
1064
1059
1061
1023
1048
1005
1035
1059
1032
1049
1040
1046
1016
1038
1014
1049
1033
1030
1023
1042
1070
1067
1067
1036
1069
1059
1082
1070
1086
1071
1089
1062
1076
1095
1104
1083
1088
1066
1087
1074
1093
1078
1096
1082
1095
1081
1089
1077
1083
1105
1116
1102
1121
1081
1114
1080
1099
1119
1106
1137
1111
1142
1123
1157
1142
1165
1152
1145
1130
1119
1146
1148
1124
1159
1131
1123
1150
1150
1126
1127
1155
1156
1122
1144
1123
1153
1119
1112
1134
1138
1112
1126
1101
1115
1086
1128
1099
1126
1077
1091
1067
1064
1090
1085
1069
1082
1065
1077
1083
1066
1074
1079
1064
1063
1076
1059
1048
1067
1053
1065
1070
1041
1055
1047
1007
1025
1039
1002
1011
1019
1027
979
997
1001
997
994
974
979
940
925
979
909
970
947
975
959
940
954
936
960
933
957
960
926
949
893
930
926
898
906
912
923
918
916
911
925
873
904
851
916
859
872
891
884
836
798
737
854
658
802
590
855
447
272
517
498
685
749
641
486
638
638
408
353
719
324
371
608
291
261
222
235
543
156
784
566
531
781
437
432
404
710
301
627
157
802
471
415
579
706
213
11
25
93
69
68
81
55
53
71
48
82
74
62
62
65
57
47
72
51
58
11
38
54
33
60
100
100
122
106
122
125
134
161
153
116
76
104
129
86
132
133
62
63
106
160
62
157
93
77
9
6
32
7
21
56
64
32
49
68
79
76
103
81
50
71
57
21
24
38
77
25
62
85
106
15
101
25
20
70
63
40
7
38
79
91
94
139
158
162
174
187
189
218
228
182
187
213
194
157
142
214
186
229
215
135
123
217
188
182
215
169
160
122
120
11
8
5
3
6
26
29
62
60
38
59
32
45
77
42
49
9
9
12
5
43
41
60
60
66
83
83
72
96
71
21
53
28
68
93
31
99
7
8
11
10
7
22
14
17
38
58
67
51
33
48
17
35
9
7
29
9
13
21
14
35
65
68
70
56
51
32
35
76
73
79
83
88
20
37
70
98
95
98
81
77
86
60
46
52
101
73
27
57
8
32
28
29
27
47
32
6
51
14
39
45
21
55
90
85
61
71
79
98
97
113
118
147
134
146
161
188
298
286
317
305
330
325
324
323
347
366
369
382
378
403
403
425
410
414
464
464
495
495
520
519
533
540
543
543
584
611
580
611
650
651
583
695
694
733
690
721
720
787
787
823
823
845
846
881
883
902
914
921
903
909
909
892
931
920
895
893
924
927
901
925
914
934
921
920
942
934
925
906
939
928
946
963
937
965
956
944
965
975
996
978
927
944
957
965
951
978
940
941
958
945
941
889
910
875
948
927
958
935
949
915
930
930
949
952
955
922
943
931
911
931
907
909
931
919
936
934
909
900
930
927
912
945
925
929
953
929
930
968
933
926
948
962
951
970
944
970
959
970
963
977
966
978
973
974
960
981
970
976
980
969
996
976
963
997
973
990
971
990
1002
960
1007
987
984
1003
961
929
944
990
977
964
949
970
944
958
960
945
940
956
943
973
968
968
952
963
964
984
983
964
969
961
974
965
978
965
961
969
965
947
943
971
984
976
971
922
951
991
934
974
970
969
974
970
958
945
973
957
987
956
985
987
995
987
982
974
998
949
987
951
993
933
918
811
944
894
849
870
967
829
908
870
901
888
892
873
905
898
887
901
902
909
878
882
868
898
877
891
888
907
899
875
904
881
903
875
882
844
846
862
859
867
858
867
863
853
828
873
872
762
851
797
762
824
770
858
867
866
892
888
909
891
888
890
931
928
910
922
932
921
920
910
931
924
912
917
894
894
918
903
885
902
892
898
917
914
936
912
930
926
924
961
927
927
948
926
912
814
797
902
913
894
791
862
788
928
915
915
922
926
912
933
914
910
898
906
876
895
913
895
915
895
843
868
894
865
894
870
916
922
903
920
900
919
896
916
913
910
922
875
890
889
913
899
887
866
874
894
897
844
843
851
874
875
905
892
909
909
878
893
889
890
913
891
902
903
915
901
923
908
907
902
911
904
891
907
900
927
923
940
935
925
937
926
946
918
935
930
948
915
942
950
957
942
971
945
944
968
930
949
920
899
952
939
888
890
922
918
904
927
907
935
950
937
920
903
916
906
894
899
889
919
899
903
925
861
895
922
878
867
883
871
867
854
872
869
834
848
851
838
847
826
843
822
820
839
836
813
827
820
821
833
813
845
844
872
859
853
859
857
837
863
849
870
876
855
863
875
830
855
842
855
832
836
809
847
844
870
834
854
837
850
850
855
851
864
835
867
867
891
860
882
862
885
862
887
863
863
858
866
872
826
808
853
864
838
870
848
854
853
837
863
827
815
837
846
811
839
835
823
822
838
820
819
805
814
862
833
853
845
859
845
868
844
830
840
864
835
868
845
874
846
871
839
844
858
855
825
862
842
839
844
854
851
872
848
823
849
832
835
848
824
856
849
839
844
857
842
830
843
866
846
873
855
832
837
872
860
850
869
839
841
828
840
807
841
848
842
811
808
785
831
818
805
838
831
840
849
829
858
850
873
845
805
834
849
847
842
846
818
830
825
614
620
840
416
675
190
593
712
762
567
520
750
489
552
441
848
397
349
698
314
274
685
258
644
204
263
166
670
154
778
567
548
513
452
376
297
235
218
164
585
735
475
793
819
412
331
602
630
637
654
254
631
280
278
308
307
339
340
370
370
394
406
406
429
429
454
455
485
484
514
513
542
544
567
565
590
576
606
607
615
629
631
658
657
673
672
663
699
700
725
724
758
757
782
772
781
822
823
854
850
855
871
832
866
862
863
832
843
823
861
859
843
855
847
837
813
848
859
856
837
848
840
856
825
855
835
833
819
845
846
820
842
854
836
852
840
858
839
852
839
840
861
857
840
851
840
828
843
810
850
830
835
857
828
851
841
837
818
825
843
839
828
833
836
818
809
808
837
827
854
833
840
827
840
835
842
785
827
749
770
804
732
817
820
791
824
814
829
819
828
806
807
819
810
818
811
797
831
822
800
820
801
812
804
794
784
819
799
807
820
807
815
811
815
797
788
810
779
812
785
803
795
786
763
767
786
765
763
763
760
755
757
782
748
792
759
768
770
763
775
774
757
771
759
729
746
762
749
766
746
752
766
762
773
780
763
775
762
778
789
768
789
778
750
776
768
768
767
785
765
799
785
810
797
808
774
795
788
789
793
807
805
793
780
780
814
809
816
830
814
820
810
816
825
810
802
789
796
806
788
808
781
801
783
804
786
784
803
804
787
805
792
783
769
797
806
805
787
787
806
791
799
800
794
781
750
803
603
749
795
622
289
279
266
262
256
247
249
228
202
196
200
196
369
642
332
619
746
300
598
596
563
571
520
536
790
477
719
476
671
452
662
410
349
378
345
723
771
544
506
455
395
329
508
420
751
690
23
25
45
129
168
191
224
208
250
247
236
273
272
296
296
320
332
332
363
364
392
409
409
391
442
438
441
475
475
505
503
534
534
559
558
582
583
605
597
616
591
605
603
618
667
667
695
695
723
713
708
721
712
723
788
785
805
803
814
795
817
806
813
820
821
822
802
828
798
809
824
819
830
819
822
826
822
837
822
836
807
837
817
833
816
833
843
804
787
808
819
839
811
838
827
848
823
822
843
844
838
832
814
858
846
871
845
855
875
881
859
878
873
851
859
877
874
881
870
869
852
836
871
869
873
871
873
859
870
883
859
883
856
867
870
809
853
868
841
839
862
851
866
860
857
861
857
860
841
858
854
841
853
835
832
834
824
805
824
815
802
795
804
819
805
812
793
807
801
791
826
795
815
793
809
797
798
779
795
778
776
785
796
771
787
765
795
791
781
798
772
788
793
749
796
767
785
788
770
773
769
760
766
781
782
765
786
769
770
780
798
796
777
800
797
776
791
772
792
788
760
781
791
773
796
790
793
795
803
807
790
804
804
794
804
816
828
801
814
736
581
713
672
714
189
538
532
507
485
695
470
686
455
391
383
355
812
747
350
635
296
315
630
285
270
201
604
787
700
775
507
431
431
352
326
286
273
569
555
407
235
778
646
222
521
554
577
588
545
653
300
378
282
281
302
302
332
331
354
354
382
382
416
404
433
432
462
461
459
460
515
512
534
535
562
558
589
589
622
619
643
630
659
659
677
687
707
706
736
737
766
764
794
793
823
821
850
852
859
874
879
864
879
875
885
880
884
881
891
879
871
873
840
886
874
905
877
885
877
890
896
874
900
871
898
894
897
887
896
892
903
891
900
893
884
899
898
887
892
889
893
883
892
881
895
891
886
896
895
858
878
897
876
873
894
883
865
870
869
873
890
854
851
873
836
845
834
848
830
845
842
857
854
881
838
861
836
846
822
790
817
835
845
860
838
835
861
837
852
834
852
830
848
823
839
820
834
830
825
822
840
822
829
808
811
833
828
833
827
793
789
831
826
823
840
818
818
836
833
799
812
835
832
851
847
851
840
851
846
851
847
822
825
817
838
823
821
822
823
817
828
803
830
822
818
785
814
807
816
805
800
785
789
775
792
803
792
805
801
796
780
800
779
771
780
789
789
774
779
787
776
770
758
743
739
713
733
702
713
705
692
688
686
688
643
670
701
684
701
674
677
681
674
678
687
681
692
667
684
680
697
699
673
686
683
680
657
672
676
685
657
672
679
676
696
678
669
676
686
655
671
681
665
694
692
701
698
719
700
719
707
719
717
729
726
700
703
718
731
722
730
717
713
722
714
727
719
713
719
726
719
730
711
693
712
733
703
701
703
727
720
713
718
719
733
737
769
747
767
755
746
753
744
740
752
732
746
736
750
744
757
760
748
20342
20353
20348
20367
20352
20366
20358
20382
20390
20174
20130
20292
20267
20347
20375
20323
20156
20144
20096
20086
20278
20030
20018
20253
19985
19994
19932
19929
19902
19869
19838
200
226
234
20206
20189
20168
20111
20049
20310
19967
19957
20219
20238
19857
20344
20319
20023
19887
20370
19941
20201
621
651
639
647
631
644
637
578
310
285
283
308
308
320
321
345
344
369
370
387
406
419
419
446
446
471
471
470
526
527
560
564
598
600
632
647
646
648
646
649
707
716
716
711
759
773
773
810
812
838
838
833
833
849
824
846
829
836
849
843
842
847
845
841
860
856
838
855
853
850
830
843
823
843
835
842
835
813
838
829
775
790
827
760
814
778
771
774
784
774
806
791
826
825
810
776
789
766
744
762
761
780
794
783
740
770
760
730
751
748
720
736
719
726
729
720
719
681
692
710
706
715
719
686
706
713
704
687
721
679
694
667
680
697
698
720
711
715
705
698
718
672
708
651
679
693
684
678
676
691
688
709
683
690
696
714
712
710
710
722
721
719
735
722
741
696
730
723
730
720
738
725
739
728
743
730
742
735
743
737
751
737
739
740
716
761
734
745
727
746
735
751
755
751
749
756
753
755
756
753
752
737
717
735
750
745
754
739
751
750
744
753
763
738
738
759
727
739
747
754
737
746
718
731
730
747
747
743
725
742
741
746
723
727
747
739
741
751
688
729
751
703
736
675
742
725
747
734
760
735
749
739
754
745
730
730
754
740
748
745
754
753
743
761
762
759
760
744
770
753
763
773
783
761
776
772
780
765
791
789
797
781
800
770
783
781
772
782
770
578
701
630
253
162
215
501
527
463
712
456
711
447
409
434
402
383
365
415
353
309
715
594
287
688
229
647
197
175
542
484
514
722
620
349
321
265
562
659
711
606
293
174
671
571
487
498
55
123
39
70
56
54
42
39
43
205
70
41
71
41
507
40
67
407
5
16
38
41
73
71
70
84
56
45
30
52
78
102
49
88
13
39
56
43
72
86
99
108
85
70
57
45
104
61
99
105
128
139
125
130
151
129
114
111
98
90
93
96
97
102
104
106
111
113
114
118
133
128
119
115
133
144
7
5
6
17
5
13
26
4
34
40
23
21
27
20
5
7
21
19
37
10
39
35
35
22
22
38
35
38
53
64
65
90
89
116
132
107
48
121
138
125
69
73
99
94
62
92
77
70
65
86
65
9
9
19
37
32
33
49
62
63
79
68
85
95
97
101
101
109
155
137
131
69
62
121
124
117
64
90
97
73
95
59
47
67
70
65
45
155
60
57
12
20
7
40
53
66
52
60
19
47
67
41
63
16
38
70
65
15
14
39
56
55
68
84
84
68
53
75
17
71
44
38
21
6
4
7
4
45
80
68
104
143
139
155
171
210
210
227
251
266
289
275
329
327
356
350
383
380
395
393
416
395
405
413
417
434
420
441
448
445
467
469
477
497
488
489
489
490
548
549
573
572
594
594
622
621
650
638
660
670
671
673
674
675
710
722
720
719
757
774
774
780
793
756
785
774
777
760
775
784
763
771
756
763
782
755
754
776
785
782
777
779
769
736
768
744
736
762
745
758
749
762
696
731
709
740
725
743
749
733
750
732
738
738
742
755
746
731
740
761
723
678
641
619
706
557
539
533
525
526
606
461
355
499
243
209
568
431
403
399
558
653
755
368
510
742
343
630
287
296
688
487
271
486
238
714
187
578
414
667
321
261
224
588
449
397
341
487
198
15
25
37
35
73
141
185
208
205
196
244
245
267
267
291
292
312
315
342
343
352
342
351
350
349
345
344
348
429
429
455
454
477
473
476
502
510
509
510
548
545
563
562
588
585
586
622
622
646
647
670
669
691
689
701
699
683
708
715
691
684
688
684
697
684
695
684
681
710
610
686
656
645
643
658
659
672
673
663
680
686
699
685
706
688
712
698
714
713
713
705
709
697
711
700
707
690
699
720
720
699
718
699
721
704
721
709
733
712
734
719
740
721
740
723
743
732
740
742
745
725
744
734
733
743
758
746
741
763
737
743
734
758
733
734
750
750
733
748
743
722
731
725
745
747
734
737
727
738
725
739
724
742
723
745
727
750
728
738
719
733
716
740
716
734
718
730
712
730
717
718
726
720
709
736
728
721
737
719
740
708
720
698
726
719
729
722
698
726
733
720
715
741
732
718
738
714
712
734
712
700
717
727
734
712
697
708
732
724
716
723
713
713
722
717
714
712
721
711
720
693
727
709
722
707
723
736
715
737
718
736
723
710
720
726
728
717
725
730
713
724
714
727
712
735
715
732
715
736
724
685
715
691
680
687
705
708
720
718
704
709
718
708
697
701
709
704
700
699
688
689
677
669
700
685
674
691
690
673
682
660
674
687
672
668
683
697
687
697
694
691
689
675
659
651
645
685
661
674
680
659
670
694
692
680
679
675
648
661
664
657
658
674
681
641
659
665
622
632
668
634
682
657
678
661
672
658
675
658
665
675
677
662
669
670
672
661
658
661
647
599
625
624
594
608
655
599
585
665
664
645
664
657
676
664
664
670
664
679
673
686
660
674
688
669
627
636
637
689
668
658
692
669
634
693
670
683
693
674
667
683
695
672
518
648
482
579
686
177
120
495
638
459
432
622
388
403
662
350
311
579
344
298
519
275
517
221
199
241
187
167
579
518
599
511
451
418
341
375
292
360
617
517
144
306
261
150
465
315
580
148
465
326
246
269
271
249
291
253
268
263
267
292
293
289
331
330
359
359
381
380
408
408
426
432
450
452
472
473
497
495
522
522
542
543
561
560
585
587
601
603
605
628
642
634
652
653
674
674
696
696
705
716
700
714
712
711
702
717
705
699
711
719
723
720
714
703
706
693
706
697
701
698
697
694
690
698
666
692
681
675
694
653
662
671
665
672
698
671
645
685
681
680
687
688
676
679
698
687
700
687
696
704
710
703
688
693
700
707
700
712
700
673
594
553
535
662
438
417
354
330
303
617
146
440
456
651
437
428
640
395
386
685
689
308
625
291
541
236
220
212
560
206
497
196
504
117
579
408
345
265
514
160
130
469
372
603
577
249
186
273
10
63
112
148
169
186
233
244
244
232
241
279
269
294
294
318
313
318
344
336
358
345
360
359
380
380
404
419
405
434
434
434
522
524
549
549
571
575
574
571
585
572
624
627
641
614
642
664
664
688
689
715
715
737
737
757
748
769
757
750
750
759
749
759
740
758
749
763
743
754
768
726
745
774
762
752
782
771
761
770
756
719
708
709
721
731
710
735
722
745
740
728
718
736
736
741
718
736
733
741
727
735
723
734
731
728
738
727
735
744
736
751
734
751
741
750
733
745
749
749
712
732
733
745
721
731
751
737
756
738
733
750
737
727
740
727
739
722
724
740
739
722
740
724
740
726
723
732
739
722
740
724
733
724
746
725
725
737
749
723
738
722
725
745
736
727
753
731
732
721
740
741
744
742
722
750
740
752
735
748
738
759
742
753
740
744
732
749
754
742
752
755
737
761
739
749
739
737
760
734
757
745
729
718
740
724
719
731
718
718
738
697
736
711
717
706
703
713
708
704
709
699
721
704
703
694
697
716
682
692
710
688
702
691
702
700
698
696
686
668
687
693
685
675
685
676
665
685
682
689
675
685
695
696
679
682
697
698
689
685
688
693
691
686
692
696
686
683
692
684
700
700
690
711
690
689
704
706
682
686
696
687
707
687
687
671
677
694
685
683
663
645
663
673
647
674
672
668
672
671
663
636
662
650
651
664
662
651
663
654
681
655
661
677
674
659
681
668
677
668
662
691
683
664
676
660
678
672
680
674
690
694
684
701
691
708
679
686
696
703
720
711
697
712
707
708
707
698
705
718
710
720
697
726
728
721
707
712
723
730
685
703
708
706
708
702
709
699
698
701
686
697
670
692
679
657
560
626
688
573
268
182
540
351
518
308
278
243
242
505
211
473
172
164
127
476
140
597
445
454
674
408
373
397
530
552
319
324
490
192
578
630
153
92
410
642
381
324
293
220
116
361
235
428
487
420
424
415
405
419
415
108
415
108
110
419
121
417
118
421
117
115
420
110
109
106
421
246
110
125
100
100
121
414
107
123
422
116
417
100
408
6
25
20
29
58
56
71
72
138
113
98
104
105
108
105
109
114
121
128
131
134
138
137
119
119
121
115
120
135
116
125
117
117
112
100
118
132
109
118
120
116
137
141
118
6
4
28
26
38
56
25
25
42
32
45
23
37
6
3
24
6
8
4
12
13
34
46
50
55
68
67
86
92
55
51
29
88
79
66
53
17
81
27
32
30
29
26
27
72
91
102
104
124
122
145
107
114
149
210
225
229
229
237
237
268
251
270
268
282
281
298
299
301
294
295
319
319
341
340
342
341
332
342
329
335
250
193
170
339
338
340
341
344
343
340
337
337
342
298
302
342
282
266
317
340
213
337
199
340
167
341
145
130
339
331
333
329
343
240
342
220
180
340
342
343
150
5
339
18
6
11
4
6
33
19
39
58
57
78
56
44
42
44
24
76
36
55
10
7
30
40
52
51
76
30
67
58
43
90
26
64
80
62
34
23
67
31
23
47
45
65
73
97
89
91
67
82
86
64
85
66
39
42
66
59
35
98
101
37
10
21
30
54
40
51
53
39
33
36
32
21
63
55
6
4
28
14
43
42
62
61
57
39
59
62
72
32
35
13
66
17
6
27
31
47
49
67
77
84
83
94
112
125
172
222
230
228
240
240
255
244
266
249
264
267
275
270
272
293
290
311
311
324
324
349
348
361
367
366
389
391
412
413
433
433
462
451
461
470
473
450
474
461
448
529
528
550
548
559
565
575
576
575
606
598
606
596
575
597
611
601
589
595
610
606
597
604
603
614
599
615
605
616
607
601
611
613
590
616
612
615
626
601
619
612
618
621
625
638
636
640
584
629
614
624
21300
21292
21287
21321
21304
21266
21257
21217
21212
21194
21199
21230
21281
21117
21090
21188
21048
21179
20981
20959
20917
20921
20915
302
211
210
208
21073
21251
21176
21004
21013
20982
20975
21312
21133
20959
21280
20945
21098
21260
21080
21063
21023
21147
20969
21109
20944
21196
21038
21247
21281
21153
3
5
15
22
14
51
70
37
69
53
34
45
35
71
74
74
70
24
80
88
49
28
6
5
7
14
11
10
13
6
25
11
35
38
82
103
119
123
142
136
154
152
147
162
187
221
240
272
275
277
275
275
322
322
341
340
354
354
371
352
371
368
364
371
390
392
376
386
386
399
398
413
418
433
427
429
430
431
488
477
505
504
523
525
512
538
536
538
566
567
588
588
606
586
595
598
633
631
646
648
631
637
621
638
609
642
639
629
621
635
605
623
622
631
609
619
622
600
615
593
615
610
627
609
583
587
606
605
574
566
613
593
585
599
598
604
590
607
601
627
609
623
631
630
638
629
624
637
627
625
615
641
622
638
639
624
632
625
607
632
623
637
627
646
631
633
633
642
626
618
634
624
635
620
635
632
636
633
600
633
615
627
623
614
637
618
628
603
648
617
630
615
625
614
627
614
619
601
613
629
616
616
631
621
609
619
597
614
624
618
624
615
612
618
618
611
620
629
647
639
645
631
645
637
643
619
617
613
631
630
613
646
639
647
637
660
662
661
636
649
658
651
646
656
647
659
649
653
666
660
654
665
664
670
653
672
664
679
665
667
662
665
664
655
663
654
629
647
631
648
635
627
635
642
627
639
640
653
651
665
663
646
638
629
611
637
524
629
548
566
607
534
585
587
641
574
583
607
598
601
586
600
586
592
600
601
584
582
597
583
585
604
596
593
598
611
597
619
612
623
621
622
630
634
622
639
636
624
617
611
643
628
634
638
635
637
621
615
573
592
590
600
600
620
623
612
619
623
620
642
655
595
604
582
602
634
614
624
597
583
581
574
565
561
546
542
529
518
516
518
601
574
441
506
364
468
250
207
190
316
444
309
414
250
405
251
378
600
371
480
189
189
189
184
330
440
290
249
235
208
348
337
284
239
441
496
393
4
29
19
17
15
25
21
33
29
51
32
17
23
5
6
13
12
20
6
18
14
48
56
51
23
35
54
28
46
31
38
12
13
28
28
47
38
50
75
88
98
122
140
129
132
130
185
265
257
252
275
291
290
273
302
301
327
316
337
336
352
350
373
346
362
375
390
391
411
410
428
447
444
468
470
492
493
514
511
530
519
532
545
545
565
565
583
593
593
612
611
637
636
655
654
677
676
686
682
691
672
674
683
704
692
681
680
677
679
653
669
681
666
657
660
660
683
669
691
677
698
681
702
687
703
694
700
684
621
637
604
633
420
411
410
401
554
350
319
244
207
189
185
554
525
539
706
382
516
495
338
659
308
288
486
262
581
221
474
207
473
681
564
654
614
394
361
328
279
454
440
586
379
693
238
508
15
22
27
24
38
39
36
30
16
9
21
16
20
8
5
2
11
9
27
24
34
43
10
21
23
8
41
5
25
37
11
40
27
14
21
28
13
11
10
32
28
18
22
18
35
39
56
45
33
16
4
19
32
40
54
38
35
15
44
52
40
23
13
45
18
26
28
54
71
55
27
64
16
29
13
61
24
49
5
4
13
11
4
9
5
11
24
37
44
58
59
58
69
66
187
186
202
201
216
210
225
222
234
230
218
229
242
241
243
239
273
272
243
239
301
301
317
315
332
331
352
350
367
379
366
378
386
386
411
408
428
428
441
439
438
441
467
466
466
402
363
319
278
210
386
436
430
336
463
461
286
419
308
417
242
451
229
222
194
174
202
370
148
117
462
107
126
80
350
318
261
398
250
178
186
164
146
465
90
338
317
267
456
80
359
462
275
185
138
133
134
150
162
167
167
165
159
202
202
218
218
235
237
257
256
271
271
286
278
279
306
306
320
319
320
343
343
358
358
380
379
396
395
412
413
425
418
436
434
417
456
456
472
471
469
496
496
492
511
510
528
522
532
530
534
475
441
406
488
513
394
333
363
459
319
309
283
296
275
253
260
234
424
236
387
188
482
163
414
202
381
370
148
130
121
111
359
524
344
437
277
244
195
155
141
337
223
178
147
499
463
352
349
376
313
128
140
149
150
152
167
165
167
191
191
189
214
214
227
229
227
260
259
264
265
265
284
284
284
308
307
324
324
331
333
333
360
359
377
377
396
395
396
403
402
401
430
430
450
450
466
467
485
485
493
501
501
512
507
500
514
495
514
496
510
518
511
522
516
523
514
500
515
503
517
524
519
516
520
515
525
518
531
519
522
534
517
533
516
514
527
522
522
542
532
540
530
520
528
516
515
518
528
503
510
512
512
521
528
513
519
498
492
510
510
505
505
503
525
520
506
522
514
530
523
512
527
517
529
521
525
514
529
521
531
489
344
456
194
374
378
365
354
326
318
483
296
277
273
257
441
228
212
266
415
185
153
519
133
142
111
501
428
464
339
316
275
430
227
176
407
120
386
480
276
246
163
395
507
209
457
465
463
388
456
285
207
196
206
213
221
217
219
243
242
259
267
266
258
288
288
303
302
317
317
332
332
343
344
359
360
370
372
374
395
394
409
409
406
427
428
440
441
451
451
469
468
479
482
480
497
499
481
499
496
493
497
490
498
496
493
498
500
477
487
491
504
498
504
493
497
492
496
491
497
491
483
497
491
494
486
495
478
491
485
490
482
464
493
490
499
493
487
475
495
489
499
492
503
492
474
492
464
453
500
482
500
485
483
493
498
490
497
494
499
493
493
474
486
489
483
491
487
494
490
500
492
504
489
487
491
508
501
501
520
504
491
514
513
505
504
500
500
500
506
494
492
508
502
498
489
476
488
494
493
509
498
509
500
485
509
501
511
509
514
507
512
498
493
515
502
515
513
515
502
497
512
501
514
513
517
503
511
509
527
511
524
506
526
524
530
517
522
533
539
530
544
528
533
529
534
542
542
533
537
531
537
528
541
529
517
532
533
512
525
536
524
510
494
515
523
529
522
528
504
533
521
529
525
531
524
538
527
521
510
508
519
517
506
517
508
521
507
515
505
513
509
516
510
524
515
518
511
524
513
526
518
517
534
532
525
536
515
522
516
509
528
519
520
508
518
518
527
517
510
517
517
529
519
528
516
514
525
512
533
514
504
521
518
521
513
518
512
518
510
511
507
514
511
512
509
513
502
511
500
497
482
508
494
510
504
490
503
495
513
511
501
489
498
491
502
500
494
482
475
499
496
499
499
494
499
493
501
495
511
498
510
503
506
499
495
483
480
475
467
460
457
449
445
438
435
428
430
425
420
408
405
502
494
377
397
385
391
439
444
452
441
450
440
455
439
451
446
439
445
449
437
453
441
437
443
448
437
446
427
433
431
424
440
343
444
333
321
347
347
346
362
362
379
379
394
393
411
410
423
424
438
438
453
454
469
470
484
479
467
478
483
485
475
486
475
489
486
492
482
493
481
488
491
496
484
485
494
480
496
489
498
495
493
483
506
501
483
483
480
488
497
488
496
481
497
462
463
472
489
498
473
491
479
490
484
489
483
490
490
497
481
487
499
494
485
465
478
480
482
489
500
485
501
491
494
501
511
497
513
497
511
507
511
497
516
505
522
515
503
520
523
518
530
514
497
497
523
533
532
549
539
555
537
539
562
554
543
538
556
548
562
554
558
548
554
534
547
547
562
533
553
498
518
541
510
533
521
528
517
526
512
519
507
507
524
521
505
514
506
519
513
510
509
507
508
515
523
498
515
498
511
495
498
503
496
499
508
492
485
487
494
500
503
501
507
510
498
491
483
472
472
494
485
456
510
511
501
513
503
500
517
507
523
516
508
511
503
514
501
521
507
518
508
515
511
500
518
509
516
512
517
520
515
512
523
522
514
521
520
526
528
515
505
518
499
508
516
526
507
482
482
499
499
517
516
502
522
521
524
512
516
483
482
505
494
510
522
511
518
504
518
493
505
514
505
501
495
505
501
507
499
500
493
506
483
505
497
510
507
497
508
504
498
489
504
485
482
490
502
500
492
501
489
496
486
481
488
485
493
488
480
470
479
489
489
505
503
505
516
513
524
519
517
517
534
522
537
517
525
540
527
538
529
546
537
521
540
533
545
534
553
539
544
541
552
535
549
555
558
551
554
547
560
551
558
557
564
553
571
562
566
571
561
549
566
550
573
562
560
563
544
552
535
544
542
552
537
538
517
530
538
519
523
531
526
530
523
519
530
521
533
526
538
534
528
546
531
533
542
534
542
550
533
544
533
541
535
544
505
519
514
532
525
530
544
530
547
527
534
528
538
528
533
529
548
535
540
548
548
549
551
544
549
548
552
546
549
535
540
558
554
524
535
528
537
527
508
531
525
510
524
516
520
510
517
512
526
515
531
523
511
510
522
513
518
519
518
511
516
505
514
503
517
511
492
513
482
506
475
469
463
453
490
500
479
482
490
474
480
488
478
484
484
489
497
481
497
503
509
494
501
492
502
489
500
490
493
485
473
460
481
458
485
494
495
493
492
486
480
490
492
484
468
487
473
456
456
464
462
449
449
461
466
478
478
498
494
502
485
496
498
477
496
494
482
482
487
487
478
485
465
447
337
444
297
262
410
362
315
380
300
471
287
276
436
251
362
244
224
195
189
458
168
178
166
157
129
134
116
113
328
314
374
272
232
216
208
481
382
340
124
370
435
176
351
321
381
347
373
317
334
355
234
157
186
159
188
188
207
206
224
225
243
243
260
258
272
272
285
297
281
285
300
316
316
301
335
332
347
347
360
356
355
386
386
397
397
415
415
433
432
446
439
459
459
479
479
496
496
508
514
524
523
513
526
525
516
513
524
513
515
528
530
522
530
520
529
527
529
455
443
306
288
157
489
323
115
111
410
417
258
250
396
242
378
461
224
389
221
371
195
492
204
359
193
347
514
439
153
342
141
125
116
506
424
476
275
269
234
204
188
180
338
438
313
298
521
144
185
55
66
59
58
60
60
66
70
74
80
83
88
92
95
98
97
101
104
110
113
62
60
59
61
61
59
62
60
60
62
60
5
15
16
36
45
42
65
55
70
69
78
80
116
207
205
215
210
228
227
242
227
242
230
244
237
237
238
253
254
262
267
265
283
277
293
292
290
309
309
321
329
323
328
348
347
365
363
381
381
390
393
393
420
419
436
436
453
453
470
470
486
486
496
503
510
492
503
491
486
470
484
452
478
489
503
466
473
493
486
479
493
493
486
499
487
495
489
506
505
504
505
495
495
511
499
517
497
509
512
502
516
509
516
514
488
495
515
504
506
495
507
497
510
485
502
496
481
500
494
503
494
509
495
490
479
497
493
506
495
505
504
498
498
504
502
503
484
495
477
476
507
499
514
491
498
506
493
490
498
493
485
463
491
453
431
473
432
482
476
483
473
461
473
472
481
474
481
465
480
484
474
482
468
478
453
468
476
474
480
474
481
472
475
472
466
467
474
471
458
472
476
471
468
475
484
469
461
468
475
468
441
470
453
454
464
466
466
479
463
466
461
468
482
480
477
472
466
491
490
477
490
491
489
487
488
501
503
490
507
503
483
491
498
497
505
484
499
483
488
499
489
494
513
500
509
512
511
513
493
506
502
501
513
501
499
510
504
519
512
512
502
523
509
501
486
505
506
512
480
473
509
493
502
501
494
484
491
482
505
494
493
487
492
501
490
509
493
497
496
511
500
502
490
492
487
498
490
495
487
502
490
499
493
502
493
504
499
506
501
491
511
509
514
513
527
499
508
512
514
499
515
499
496
503
510
490
502
499
504
503
512
495
505
497
477
479
492
490
497
472
493
489
491
486
472
485
490
497
484
493
482
496
490
497
485
492
487
497
489
490
467
473
488
473
479
471
482
495
483
482
507
498
504
511
507
511
494
511
494
507
494
505
491
504
489
494
511
504
510
497
500
500
498
507
503
511
499
505
491
505
497
505
494
506
507
494
505
507
491
508
510
509
518
511
521
531
519
528
526
519
509
511
503
511
515
511
527
512
513
519
526
513
519
514
516
516
516
497
503
512
502
523
515
512
504
512
505
507
506
516
514
493
509
495
497
462
477
487
496
502
465
481
489
473
479
471
481
473
475
480
461
474
480
479
466
468
472
466
471
456
470
465
478
473
470
456
466
463
483
474
477
462
464
476
477
465
473
464
463
473
471
471
470
477
465
467
475
478
479
491
489
462
469
473
478
449
467
472
454
476
462
462
460
459
464
464
471
465
467
470
459
471
424
446
456
454
466
464
459
467
461
449
457
473
461
450
461
443
453
451
465
455
451
459
451
463
450
434
448
433
447
453
467
445
454
459
428
450
449
445
447
455
457
446
448
453
446
440
457
440
452
456
431
452
443
443
459
449
460
457
453
455
460
448
456
450
460
21173
21174
21188
21174
21186
21184
21188
21191
21185
21192
21202
21202
21180
21195
21191
21197
21182
21204
21211
21213
21207
21199
21221
21235
21244
21230
21232
21233
21239
21229
21240
21232
21241
21239
21242
21257
21248
21244
21255
21249
21256
21256
21260
21264
21264
21261
21273
21275
545
21261
553
534
520
525
543
543
551
548
546
562
549
600
603
616
593
580
586
588
583
590
591
559
589
580
559
553
561
559
574
562
574
562
570
577
584
584
561
549
546
537
532
525
521
515
576
553
844
836
853
846
835
848
846
867
859
864
855
867
857
870
862
830
818
829
818
831
839
841
830
843
835
843
841
856
841
861
848
853
846
858
848
852
842
851
841
592
800
609
608
608
634
634
653
654
673
570
561
543
672
572
549
570
567
552
557
550
563
550
547
558
542
557
519
538
545
529
543
533
532
546
535
520
534
520
535
517
517
525
532
515
525
517
494
504
532
513
526
510
509
512
520
499
471
463
504
484
275
227
209
189
133
111
104
397
324
446
413
277
515
267
390
235
246
221
366
212
195
177
164
134
159
330
415
422
124
446
296
265
378
483
353
362
335
134
325
327
294
440
128
343
3
33
40
50
64
95
109
127
125
147
168
168
186
186
207
207
218
211
232
233
247
240
246
266
264
272
271
284
283
301
301
310
316
328
329
345
346
359
359
363
370
372
390
390
410
410
424
419
438
437
453
444
452
464
465
470
480
466
471
472
481
496
510
506
491
499
505
508
497
499
507
502
508
511
502
507
508
520
513
510
521
519
511
498
521
507
525
511
524
516
519
517
530
516
547
536
549
537
548
548
553
538
549
555
553
538
528
534
549
547
547
558
560
560
558
564
555
560
562
560
550
540
560
552
563
549
553
544
546
542
548
537
537
509
501
496
486
483
473
455
442
432
428
420
416
416
403
399
387
388
376
377
379
364
355
351
346
337
330
325
321
311
310
299
291
287
278
276
261
263
259
257
250
239
241
242
531
553
522
511
4
5
16
37
41
28
24
20
15
29
38
23
17
26
3
19
9
10
17
53
48
72
70
81
70
90
110
123
127
109
131
92
75
112
67
71
78
63
91
89
111
76
108
71
74
76
76
76
108
62
111
112
78
79
77
70
87
77
77
80
4
5
5
3
7
6
22
4
21
25
3
2
3
2
16
23
24
18
37
31
33
32
47
60
62
56
60
95
80
86
88
80
84
107
107
129
106
111
124
134
163
187
204
201
215
202
210
217
201
219
219
232
200
196
181
182
202
174
166
113
184
184
201
184
184
183
183
175
198
175
174
211
177
192
202
164
132
174
190
188
124
233
228
185
212
184
199
229
199
191
228
191
175
192
150
189
140
122
177
176
227
380
307
324
332
141
330
154
141
154
184
185
204
204
220
220
224
246
245
262
263
281
280
298
298
315
315
316
342
343
342
342
388
388
409
409
428
423
441
441
455
457
454
456
460
461
497
496
504
505
506
529
535
532
546
543
548
535
542
571
539
542
552
549
548
546
538
548
538
544
548
537
539
553
538
555
545
556
554
542
544
546
545
522
536
529
544
540
528
542
539
532
501
504
500
490
493
488
488
491
478
465
463
440
438
433
430
420
412
412
404
403
395
393
388
382
377
368
360
357
359
537
323
297
281
235
289
345
516
254
319
523
227
214
523
304
521
287
264
343
212
221
246
15
5
5
25
27
28
26
43
41
32
68
67
75
73
92
92
88
47
64
62
86
45
41
101
18
36
87
92
94
83
66
91
49
83
67
6
4
9
4
3
3
7
6
4
3
19
22
38
36
47
45
58
64
66
80
78
93
95
114
81
100
114
100
88
91
121
102
97
83
95
101
80
101
121
119
73
59
59
105
85
82
76
101
38
4
14
15
13
46
49
15
27
30
20
54
47
44
40
42
46
54
52
18
35
7
9
22
21
43
33
43
52
46
61
67
71
78
79
81
111
90
35
62
53
56
92
65
35
34
41
69
37
35
88
58
80
36
36
80
36
42
36
44
4
15
12
15
30
38
40
26
38
35
16
21
25
32
5
5
14
14
7
20
18
4
6
4
16
4
25
26
35
34
58
71
67
77
76
83
79
90
90
106
116
108
105
37
71
102
55
52
64
88
89
92
68
38
82
33
80
4
5
6
23
14
25
14
25
81
76
110
149
139
154
154
165
167
163
185
184
197
193
207
215
215
231
230
239
242
227
246
247
263
269
268
283
291
291
305
305
314
314
303
173
313
103
302
85
307
282
268
253
307
261
220
194
184
170
159
147
302
125
117
312
316
95
86
300
294
276
306
235
230
305
204
149
304
102
304
317
301
300
243
126
300
306
141
307
209
