58
111
139
139
147
157
165
174
182
180
188
195
202
209
217
226
231
241
245
252
258
265
275
286
292
297
302
309
316
325
332
337
342
351
351
359
366
375
382
391
399
407
415
423
428
434
441
451
456
461
463
470
455
459
461
459
461
462
463
464
482
496
502
507
510
513
520
521
525
529
535
544
548
559
564
568
571
577
580
585
585
591
598
604
603
605
610
614
619
624
630
640
641
647
654
658
664
666
665
673
681
685
688
688
690
692
693
696
699
702
687
677
680
678
687
690
692
691
691
689
686
679
676
665
665
667
665
664
667
662
662
662
660
657
660
659
656
653
649
644
638
632
633
629
628
624
621
615
619
623
618
618
617
614
611
609
607
605
603
600
597
593
588
586
578
576
573
574
574
576
580
580
580
582
580
578
578
578
576
579
579
580
578
577
578
581
581
580
581
582
583
582
582
581
583
584
587
586
584
586
585
586
587
587
585
588
588
590
588
591
592
593
595
595
594
592
589
591
590
585
584
584
584
586
587
588
588
587
587
587
588
587
588
587
591
588
588
587
588
587
585
586
607
606
605
608
605
606
608
608
609
608
609
609
610
611
611
611
611
608
605
642
637
635
633
631
629
626
623
624
623
621
620
615
613
610
609
607
604
601
599
598
594
590
585
580
578
574
573
570
569
568
543
542
540
533
532
529
524
522
521
519
518
518
515
512
512
509
508
506
506
466
468
468
469
470
468
467
469
468
467
467
467
468
469
468
466
465
467
466
465
463
464
465
466
468
469
469
469
469
469
467
467
466
468
467
467
468
468
466
464
465
464
462
463
462
462
461
461
460
459
461
460
459
458
459
461
460
461
460
458
458
459
458
456
456
457
457
458
459
462
460
459
460
460
460
461
462
460
463
462
462
6266
6279
6279
6282
6283
6285
6288
6289
6290
6289
6291
6292
6293
6295
6295
6298
6299
6300
6303
6301
6302
6304
6305
6306
6309
6310
6310
6312
6314
6316
6315
6318
6319
6321
6322
6324
6324
6325
6325
6328
6329
6329
6331
6332
6333
9023
9035
9032
9025
9022
3214
3196
3188
3181
3173
3165
3158
3150
3143
3137
3130
3124
3116
3108
3100
3090
3094
3099
3089
3083
3074
3065
3057
3057
3048
3040
3034
3027
3020
3013
3008
3014
3006
3008
3003
2994
2993
2988
2980
2974
2967
2960
2953
2946
2938
13
47
113
129
137
144
154
153
153
161
169
177
187
195
202
210
230
240
250
258
266
276
284
294
303
312
321
331
339
349
357
367
377
380
389
399
407
414
423
431
442
451
460
469
479
489
498
508
511
522
531
540
548
552
553
555
553
555
554
555
557
558
557
558
559
560
548
548
548
548
549
548
548
546
548
547
546
545
546
546
545
545
544
542
544
544
543
545
544
545
544
542
543
542
543
542
542
541
541
541
541
540
543
542
543
543
544
550
541
532
522
514
504
496
516
625
626
626
624
624
621
622
623
625
623
623
621
621
619
622
622
621
621
620
619
619
619
618
618
618
617
616
617
616
614
614
615
614
613
612
613
613
612
612
612
613
585
587
594
603
610
618
626
635
526
523
525
523
525
525
526
526
526
524
524
524
527
526
526
521
522
521
522
522
522
522
523
522
521
521
521
522
521
521
520
520
520
520
523
523
523
521
523
524
523
523
523
522
525
527
527
528
528
529
532
533
536
537
536
539
538
538
537
539
539
542
541
542
542
545
548
546
548
552
554
555
555
556
555
556
558
558
558
558
562
562
563
564
563
563
563
564
562
561
562
562
565
565
564
561
564
563
563
562
560
560
556
555
556
556
558
558
557
557
559
557
556
557
559
557
559
560
560
559
556
555
556
555
556
556
557
558
561
565
570
573
576
576
575
576
576
576
578
581
584
585
582
581
582
582
579
579
581
584
586
589
593
597
598
598
598
599
601
603
601
603
604
601
600
598
596
597
596
594
598
601
603
607
605
606
604
605
603
601
599
597
591
592
592
590
592
593
591
590
591
591
593
595
595
596
597
599
599
597
598
595
594
591
588
587
588
586
585
585
589
587
587
589
587
588
589
590
590
589
587
583
580
576
576
574
573
572
570
567
564
564
567
565
565
565
564
564
564
561
557
553
552
549
549
548
546
545
542
541
540
539
536
537
537
537
535
533
535
533
529
530
528
530
530
530
528
526
525
527
525
525
525
525
526
527
527
527
526
526
526
525
523
525
523
525
524
523
523
524
524
524
524
526
527
537
547
547
547
547
546
548
548
547
546
546
546
545
547
548
549
549
550
548
549
550
551
552
552
551
552
553
556
556
557
556
557
557
556
558
558
558
560
558
559
560
561
561
561
560
561
561
564
563
564
544
543
544
543
543
541
541
543
545
545
546
546
546
544
543
542
542
541
543
542
542
541
542
541
542
541
539
540
540
539
539
538
538
538
530
522
514
504
501
491
481
472
465
457
449
441
432
421
411
402
394
384
375
425
425
425
424
422
421
421
421
421
422
421
421
422
423
425
423
423
423
423
422
423
422
424
422
421
421
423
422
423
422
379
382
390
397
405
412
421
430
438
447
454
462
470
477
486
493
501
509
517
525
527
526
527
527
529
529
530
530
530
529
533
531
530
529
526
529
526
526
526
526
527
527
526
526
527
527
526
526
526
524
525
524
526
528
527
528
527
527
527
525
526
526
527
528
528
527
528
528
528
528
528
528
530
534
536
538
537
537
537
537
534
536
537
537
538
536
538
539
538
540
538
539
538
539
538
538
538
538
538
540
537
538
538
536
537
537
537
536
537
539
538
538
536
536
535
536
535
535
534
536
536
536
535
531
527
526
527
526
525
526
526
525
526
525
526
525
527
526
527
525
526
525
526
525
524
525
524
526
525
524
526
526
525
526
526
524
524
527
526
524
525
526
527
526
525
525
526
525
527
525
525
527
527
527
528
528
527
529
527
528
527
528
527
530
529
529
528
529
529
530
531
532
532
532
534
534
535
533
534
533
533
532
533
533
533
535
534
532
533
534
533
534
532
532
535
535
535
536
535
536
535
534
534
534
536
534
534
534
534
533
535
533
534
531
533
532
533
531
533
532
531
530
530
530
531
530
529
529
529
530
548
551
552
552
551
551
551
550
550
550
552
550
549
549
551
550
551
549
551
549
549
547
548
546
545
547
549
548
550
551
551
554
555
559
559
560
560
882
886
889
890
891
891
892
890
891
890
891
890
889
871
868
868
867
868
866
867
868
867
866
865
865
868
866
864
865
863
865
863
864
864
866
865
866
865
864
861
862
861
861
859
858
856
853
851
850
849
528
521
519
518
515
516
517
516
516
517
517
516
517
516
516
517
516
517
516
515
515
515
515
515
515
514
515
515
514
515
515
515
515
515
514
514
515
515
515
515
516
515
515
515
514
514
514
514
514
514
516
515
515
514
515
514
513
513
514
513
513
513
530
533
536
535
536
535
535
538
537
538
539
539
538
540
540
539
539
539
540
537
537
540
540
541
540
541
544
547
547
547
550
553
556
558
561
561
562
565
566
569
570
573
573
576
576
577
579
579
581
583
569
569
566
567
566
567
565
566
567
566
568
568
568
566
566
569
572
575
575
583
578
583
584
584
587
588
585
582
583
583
579
577
574
574
574
572
572
568
567
565
564
562
562
564
564
564
561
561
558
555
552
549
549
548
548
547
548
546
546
546
543
543
543
543
544
541
538
534
533
530
528
524
523
523
521
519
518
517
517
516
516
516
515
513
510
513
513
513
514
513
512
512
512
508
508
507
508
507
509
508
508
509
509
509
511
511
510
511
511
511
511
512
511
511
511
512
511
513
512
513
513
514
513
516
515
516
517
518
518
520
521
521
522
522
520
519
518
519
517
518
520
532
533
11085
11080
11076
11068
11062
11052
11047
11039
11031
11024
11014
11006
11000
10992
10984
10976
10969
10961
10953
10945
10937
10929
10921
10913
10985
11039
11039
11039
11041
11040
11039
11041
11040
11032
11024
11016
11008
10998
10991
10982
10975
10967
10960
10953
10943
10935
10926
10918
10897
10887
266
251
251
251
251
317
325
334
335
335
336
335
334
332
332
332
332
330
329
326
326
325
324
324
317
257
249
239
231
222
214
274
222
228
292
300
307
316
324
331
338
346
355
411
419
429
435
445
453
462
472
480
489
496
504
507
507
458
461
468
469
470
469
467
468
469
468
467
467
466
465
465
465
466
465
465
464
462
463
462
463
455
446
378
373
365
433
432
433
432
424
417
407
350
341
398
399
398
397
396
396
397
397
400
399
398
398
395
396
336
340
347
356
364
373
393
401
411
419
427
437
444
453
461
469
478
487
496
504
511
521
529
536
545
553
563
565
566
565
557
560
568
576
539
548
550
552
549
552
551
550
550
549
548
550
550
551
551
552
553
555
555
555
555
542
543
544
541
539
541
540
539
539
539
539
539
538
538
537
540
537
539
539
537
537
535
537
536
537
539
539
541
543
545
543
545
543
544
544
545
545
545
545
546
544
545
545
546
544
544
542
542
541
543
542
541
542
543
544
543
544
546
545
545
545
559
558
560
559
558
558
556
556
556
555
555
555
555
554
553
555
558
557
574
579
584
586
588
590
589
594
592
598
599
604
607
610
614
617
616
617
618
623
630
638
646
652
655
656
658
658
657
656
657
660
644
647
645
646
648
649
650
651
653
656
657
656
659
661
662
665
662
660
642
639
633
631
629
628
627
623
625
621
618
613
610
607
603
603
602
601
601
596
589
581
574
567
564
562
563
565
568
568
569
565
565
564
564
564
563
563
564
564
565
563
567
567
566
564
553
555
554
553
554
556
557
557
559
560
560
559
557
560
559
560
559
559
560
558
561
562
562
565
564
566
566
568
568
566
564
561
558
559
560
562
565
567
568
566
566
566
565
568
569
568
566
567
565
566
565
567
572
572
571
569
570
570
570
573
574
577
576
573
571
574
575
576
577
577
575
578
576
568
561
552
567
569
569
581
584
586
589
586
582
581
577
575
574
574
571
573
570
565
562
561
560
557
556
555
556
553
549
547
547
546
544
542
538
533
532
529
528
527
525
526
523
523
521
520
519
515
502
505
504
511
513
511
521
509
502
500
495
498
498
498
498
499
498
499
499
497
498
496
496
496
495
495
497
495
495
495
495
495
495
495
495
497
496
497
496
496
495
496
496
496
496
495
495
498
500
502
502
503
503
504
504
488
488
492
496
494
494
494
493
493
494
493
494
494
493
494
491
495
495
495
496
496
497
496
496
497
496
496
496
497
496
498
498
498
499
498
499
499
500
498
499
501
502
499
497
496
496
497
497
496
495
495
495
495
495
495
497
496
496
496
497
497
496
496
496
497
497
497
497
496
497
498
498
498
498
497
498
497
497
497
494
494
495
494
494
495
495
494
493
494
492
491
489
490
489
488
488
487
486
487
487
487
488
488
488
488
487
487
487
486
486
487
488
487
487
486
487
486
487
487
487
487
488
488
488
488
488
489
489
488
488
488
488
489
488
488
488
488
489
489
489
488
489
487
488
489
489
490
490
490
490
489
489
488
488
488
489
488
490
489
488
487
487
488
488
488
489
490
488
490
490
491
489
489
488
490
489
491
490
491
491
491
490
490
490
490
491
491
491
492
492
492
492
493
492
493
492
492
493
493
493
494
494
495
498
501
501
504
504
505
507
509
511
513
513
514
514
516
517
517
519
521
522
521
524
525
528
527
530
532
534
556
560
562
567
570
572
575
575
577
582
582
583
595
596
597
599
598
598
597
597
597
596
596
594
591
590
589
590
589
586
585
583
582
580
580
579
578
576
575
574
572
570
572
570
568
567
566
563
562
560
539
535
533
527
527
523
518
517
517
514
513
510
498
497
497
497
498
496
497
491
485
477
472
466
458
451
443
435
428
421
416
407
401
395
387
380
372
366
360
352
344
338
330
323
316
308
301
295
288
281
275
268
260
254
246
237
235
228
219
211
207
199
192
184
178
170
161
155
28
42
57
88
121
132
139
147
155
163
170
178
186
193
201
209
218
220
229
237
246
253
262
262
270
278
285
293
301
309
318
326
334
343
345
353
360
368
377
385
393
401
408
418
421
428
436
446
455
462
469
473
481
489
494
492
491
491
490
491
491
491
491
491
492
491
490
491
491
490
489
489
489
490
489
489
489
491
491
491
491
492
492
492
491
491
492
491
492
491
491
492
493
492
491
491
491
489
488
489
490
490
489
490
490
489
490
489
490
490
490
490
489
489
490
489
490
490
490
491
491
491
504
506
510
513
517
520
522
523
523
523
523
522
524
525
529
533
535
537
539
543
546
550
550
553
554
555
555
556
557
557
559
560
561
562
565
567
568
568
569
572
573
573
573
575
580
579
578
580
583
584
572
571
568
566
566
564
564
563
566
565
566
566
569
568
565
566
564
563
562
560
558
558
558
556
557
558
561
563
564
565
564
566
565
564
563
563
565
566
568
568
571
573
573
574
573
575
576
575
575
577
576
576
575
578
578
578
578
578
576
580
582
584
583
584
583
583
583
584
583
583
583
578
582
581
580
577
576
577
578
577
579
579
580
580
583
581
579
578
577
574
572
571
572
572
572
572
571
571
574
573
575
576
577
579
578
575
575
581
582
585
582
586
588
591
591
589
593
593
596
599
591
600
600
602
607
608
609
607
606
610
611
611
609
609
607
609
615
627
632
636
637
641
641
645
643
644
650
650
650
649
647
646
644
643
646
647
649
644
647
644
645
644
644
645
648
650
647
650
647
640
641
650
649
651
649
651
650
653
654
661
662
659
658
658
656
652
648
632
628
624
622
617
613
611
607
604
599
596
592
589
590
590
587
585
582
579
576
571
565
564
560
556
552
548
544
543
539
536
535
535
533
528
525
520
516
513
509
505
503
493
489
489
489
490
489
491
490
490
490
489
488
489
490
489
490
490
491
492
493
494
494
496
496
496
495
497
496
497
497
497
497
497
496
492
497
496
497
497
496
493
494
494
494
497
496
496
497
497
496
494
495
495
495
496
497
495
496
497
496
497
499
499
498
497
497
497
496
495
494
493
493
493
492
492
493
492
493
492
493
492
492
493
494
492
493
492
493
493
494
494
495
496
495
495
492
494
495
494
495
495
495
496
496
497
497
499
498
499
498
498
498
498
497
497
498
498
499
500
500
499
499
500
494
485
478
471
466
466
473
473
475
474
472
474
473
473
471
471
470
469
468
467
468
466
467
468
467
467
466
466
465
465
463
461
461
459
459
460
458
457
457
453
457
455
454
452
454
453
453
453
451
436
437
444
451
460
466
468
473
473
472
472
472
470
469
469
469
470
471
470
469
469
470
470
468
467
467
468
468
468
467
468
468
470
470
471
472
470
471
471
472
472
472
475
474
474
474
474
474
474
474
477
478
480
479
477
482
482
482
484
484
484
484
484
484
485
486
484
484
483
480
482
482
481
481
482
482
481
482
482
481
480
480
478
477
476
475
476
475
475
476
482
486
488
497
498
499
502
503
505
506
505
506
504
505
505
504
502
501
499
498
498
498
498
499
498
499
499
499
497
501
500
500
500
500
498
498
498
498
500
499
508
509
508
507
508
508
508
508
507
505
500
495
493
483
481
480
476
476
475
473
472
470
471
471
470
469
469
471
472
472
472
472
471
470
470
471
471
471
471
472
472
471
472
472
473
473
474
474
472
473
464
464
460
464
465
464
465
464
464
465
465
464
464
464
464
464
465
463
465
465
465
464
464
464
464
465
465
463
465
464
466
466
465
465
466
466
465
464
464
463
463
463
464
464
464
464
464
464
464
464
463
464
464
464
464
463
464
465
466
466
466
466
466
465
465
466
465
467
464
465
464
464
463
463
463
463
464
464
462
462
463
462
462
462
463
463
463
462
462
463
463
463
462
463
463
463
461
461
461
461
462
462
463
464
463
463
463
461
463
463
462
462
462
462
462
464
463
462
464
464
463
464
465
465
466
466
465
464
464
463
460
461
461
461
460
460
460
460
460
461
460
462
462
463
461
461
462
462
462
462
462
462
461
460
461
461
461
461
460
461
460
460
459
460
460
458
458
458
458
458
458
458
456
456
457
458
458
459
458
459
460
462
463
463
462
462
462
462
463
463
462
460
460
476
477
481
484
487
492
492
497
497
500
500
499
499
499
499
501
505
507
510
513
515
518
526
533
538
542
544
540
546
550
552
555
558
561
562
639
641
644
741
743
747
751
752
754
758
761
765
766
769
770
754
755
756
756
756
753
753
750
752
753
757
761
763
768
770
768
772
772
769
770
772
771
765
761
758
758
755
760
763
763
767
765
765
765
767
693
695
693
598
596
598
595
595
595
594
595
595
597
596
600
601
600
598
593
593
593
594
595
595
595
595
595
597
596
595
596
596
599
599
601
604
605
605
607
606
606
603
598
592
579
570
561
551
579
580
581
580
581
582
584
582
584
586
585
582
579
580
580
582
582
580
583
585
586
588
590
590
589
587
588
587
587
585
587
586
585
583
583
582
580
577
575
577
575
576
576
579
585
579
581
592
601
609
597
595
594
595
596
594
591
592
592
591
590
595
597
597
596
596
596
596
595
595
596
596
595
593
594
592
592
592
589
590
590
588
588
591
589
588
585
583
582
581
581
582
579
578
578
578
580
580
578
580
579
577
577
576
577
579
581
579
580
579
577
576
575
575
574
574
574
573
571
572
573
571
571
572
570
578
573
575
576
577
577
579
580
579
581
582
584
587
586
587
587
587
588
590
590
589
589
589
591
592
593
593
593
593
594
592
589
588
588
587
587
591
592
593
591
590
592
593
594
594
594
596
595
593
592
591
592
593
592
592
593
593
592
592
590
590
588
588
587
590
588
589
589
589
589
590
587
586
586
585
585
586
585
582
582
583
585
586
585
587
586
583
583
583
585
583
583
582
582
581
581
580
580
581
584
584
584
581
580
580
580
580
580
581
582
582
583
580
580
578
580
580
580
581
581
581
584
584
586
585
584
585
586
589
589
592
591
592
593
594
593
591
591
592
592
592
593
596
593
595
596
597
599
598
596
595
595
597
597
597
595
595
595
593
591
592
593
595
595
598
595
595
593
593
593
593
593
587
579
573
569
566
569
570
569
570
568
568
567
567
568
570
569
565
572
573
569
573
572
571
570
571
565
560
556
552
545
539
532
525
520
518
517
519
517
517
517
518
516
515
517
516
513
511
520
521
519
526
533
538
544
546
540
539
539
540
540
540
540
539
539
538
540
543
536
537
536
536
537
536
537
536
541
546
551
556
562
569
574
580
586
590
592
592
594
595
595
593
593
595
596
596
600
601
591
588
589
588
587
588
589
588
590
589
590
588
588
589
591
591
590
592
591
591
592
591
591
591
590
593
592
592
590
590
593
593
591
589
590
590
589
589
589
589
588
589
588
589
589
589
589
590
590
591
589
593
594
597
596
595
592
593
592
593
593
595
597
595
594
594
593
591
590
588
587
585
585
586
586
585
588
588
590
590
590
591
591
594
593
593
592
592
593
591
590
589
589
590
589
590
588
587
585
585
585
583
582
581
580
578
579
577
577
577
577
575
575
575
570
573
574
575
576
577
579
580
581
581
580
578
577
581
584
585
586
588
590
595
600
603
607
611
613
614
614
619
620
620
623
625
630
635
638
640
645
648
652
656
658
660
663
669
672
673
675
676
675
678
681
686
690
695
698
701
703
704
706
708
713
717
721
721
714
716
717
715
710
706
703
701
701
699
700
703
704
698
702
700
701
700
700
698
700
697
695
696
694
690
690
692
692
692
694
693
692
695
698
700
697
693
692
692
688
687
689
689
690
689
690
687
681
679
682
685
685
685
688
690
694
694
694
695
694
691
690
692
689
694
695
697
696
693
688
688
687
684
684
690
690
688
685
681
681
684
684
678
676
672
678
678
673
670
667
665
661
655
649
648
641
638
641
638
633
629
624
625
623
618
614
611
607
606
602
603
603
600
598
592
589
583
582
581
579
575
572
568
565
563
559
559
555
558
552
549
544
548
547
546
538
537
537
537
535
534
532
533
535
534
533
529
528
530
528
529
526
523
522
523
520
518
518
517
515
509
507
508
507
510
507
506
505
504
506
508
510
511
512
508
508
507
505
501
502
500
498
497
496
496
496
495
494
494
495
494
492
495
495
495
496
499
498
497
499
498
501
501
500
499
501
500
499
499
501
503
503
502
502
500
500
500
500
500
499
499
499
500
497
498
498
498
500
503
503
503
503
503
503
503
502
503
502
502
503
503
502
503
502
502
502
502
502
503
502
502
501
501
501
501
500
502
502
501
501
501
501
502
23630
23638
23644
23646
23649
23648
23650
23659
23663
23666
23668
23672
23675
23676
23677
23681
23680
23674
23678
23683
23687
23691
23694
23696
23701
23702
23703
23709
23716
23719
23723
23725
23727
23730
23735
23739
23742
23748
23761
23769
23770
23772
23775
23778
23778
23782
23785
23787
23788
23793
665
665
669
667
667
670
661
661
660
659
659
657
656
656
655
654
654
663
664
666
663
662
660
658
657
655
652
651
646
644
2216
2221
2221
2218
2215
2212
2210
2202
2189
2185
2184
2183
2179
2175
2172
2168
2165
2164
2163
2158
2156
2150
2139
2137
2136
2136
2134
2132
2130
2129
2127
2124
2120
2121
2133
2133
2134
2131
2132
2152
2152
2154
2153
2151
2151
2152
2152
2152
2151
2151
574
571
571
572
572
572
573
574
575
574
574
575
577
580
583
585
587
589
592
594
595
598
601
602
602
603
604
608
608
609
610
613
615
613
602
600
600
599
596
574
571
571
571
572
573
571
574
573
576
580
589
590
591
590
584
586
583
580
579
579
577
574
570
567
566
565
560
554
550
546
545
542
540
540
539
538
536
536
536
534
531
528
525
523
518
515
512
507
505
504
503
501
498
495
491
487
484
478
473
467
454
451
448
445
441
442
442
442
437
436
440
443
447
448
448
449
452
456
455
458
456
457
458
457
455
453
451
450
452
449
448
449
451
450
453
456
459
462
460
460
460
462
466
469
470
472
474
476
478
481
484
484
486
488
492
491
490
490
492
490
487
484
482
480
477
474
472
469
466
466
465
467
467
468
471
473
473
472
471
472
474
475
474
478
478
476
475
478
480
480
479
479
478
478
480
480
482
479
476
473
471
472
468
463
460
463
468
470
470
471
474
476
479
481
484
486
487
487
490
490
492
495
496
497
495
497
499
501
500
496
490
481
473
464
466
468
467
465
466
461
466
467
468
470
471
471
470
475
478
482
485
489
494
500
503
504
507
509
514
515
516
516
517
518
519
520
525
526
527
529
529
528
528
528
530
532
533
533
521
527
537
546
556
568
578
581
583
586
581
585
588
588
588
587
587
587
589
588
588
589
589
588
587
588
588
587
584
584
583
584
580
586
586
585
585
584
587
587
586
586
585
583
580
579
576
570
570
570
570
565
561
559
559
556
554
554
553
551
549
545
542
538
535
532
531
531
529
528
526
526
524
523
523
522
521
520
518
518
518
516
515
514
514
513
512
512
507
507
507
507
506
508
523
524
524
529
529
528
529
531
533
535
535
534
533
528
526
525
525
525
527
531
534
534
532
528
525
523
522
522
523
522
520
518
516
516
516
516
516
515
515
515
515
513
513
511
509
511
513
516
517
520
506
505
506
507
506
508
512
514
514
514
514
516
519
526
529
533
535
539
541
543
543
544
548
552
557
561
563
566
567
569
575
576
581
581
583
584
584
587
589
589
591
596
595
598
602
601
600
597
598
595
596
598
598
599
599
599
600
599
600
601
602
600
602
598
599
599
598
598
597
595
597
598
596
598
597
595
596
597
599
596
592
596
593
595
594
592
594
594
591
592
590
589
589
589
591
588
587
587
590
589
590
591
588
588
588
588
586
586
585
586
587
586
586
587
587
586
587
586
588
589
589
591
590
588
589
590
589
587
588
588
588
586
585
583
585
586
585
587
586
586
586
588
586
588
588
591
591
592
590
592
593
590
590
591
593
591
589
589
591
589
589
590
589
643
645
647
640
634
624
616
608
599
594
586
577
568
559
550
542
535
529
522
515
508
500
491
483
475
468
460
452
443
437
425
416
409
400
393
386
376
367
360
353
344
334
330
321
314
304
299
290
282
274
211
202
147
161
173
184
195
207
220
232
239
249
259
272
282
293
305
314
326
339
348
358
367
381
394
405
418
430
443
456
468
479
491
504
517
529
539
550
563
575
586
598
608
615
631
642
652
661
670
678
685
694
696
689
686
683
678
674
671
664
670
667
665
659
659
655
652
652
648
643
643
638
640
635
630
628
621
617
612
609
605
602
598
595
591
587
585
581
578
573
581
579
579
580
572
569
568
568
569
569
569
569
570
570
570
570
571
571
572
573
572
571
571
572
572
572
574
573
574
574
576
577
576
574
576
577
577
577
578
579
578
578
579
578
578
579
580
580
579
581
570
569
569
569
569
568
568
568
568
569
570
569
568
569
569
570
569
564
562
563
564
565
564
564
564
564
564
564
564
563
562
562
562
562
563
563
563
563
563
562
562
561
561
561
562
561
560
558
563
562
562
561
562
562
563
565
564
562
560
558
558
557
558
557
558
556
558
563
565
565
564
564
565
565
565
565
565
565
566
566
567
567
567
567
566
565
566
566
566
567
567
568
567
567
569
568
567
567
567
568
567
567
566
566
567
566
565
568
570
572
572
571
574
574
576
575
574
574
575
575
575
575
576
577
576
576
576
575
575
575
574
575
575
576
576
577
577
576
577
578
578
578
579
579
579
579
579
578
578
579
578
578
579
579
580
581
580
579
578
579
578
578
577
577
575
576
576
576
574
575
574
579
582
581
581
582
585
589
590
589
590
589
590
588
588
589
589
589
589
589
588
590
589
589
589
589
590
590
590
591
592
592
592
592
591
591
591
590
590
590
588
586
586
585
585
584
583
582
583
584
583
577
575
575
575
573
573
569
571
570
570
570
571
571
570
570
569
569
570
569
571
566
564
566
566
567
567
568
568
569
568
569
569
569
571
569
569
573
572
572
575
577
576
577
579
578
581
579
580
580
578
577
574
576
576
574
573
574
573
572
572
574
584
581
578
579
577
576
571
566
562
564
559
553
550
544
540
535
531
526
522
519
511
497
489
483
494
494
494
496
500
503
507
510
510
511
515
521
517
518
519
518
524
519
514
512
508
502
500
497
492
486
472
471
471
465
463
460
459
458
457
458
459
465
469
475
478
481
483
487
487
480
484
492
500
507
510
508
506
501
498
496
491
489
489
488
486
483
490
489
493
491
488
491
494
499
502
508
510
512
517
517
518
519
523
525
529
534
540
544
549
553
555
551
548
548
548
553
550
547
550
552
553
551
549
551
550
550
551
553
551
549
548
549
546
544
542
538
535
536
533
533
535
535
535
535
534
535
533
533
530
534
539
551
561
577
585
598
611
622
632
640
649
665
672
682
691
698
710
718
726
738
746
760
766
775
784
794
800
809
821
830
836
845
867
875
891
894
897
901
905
907
908
908
909
911
913
912
914
913
915
913
911
902
889
877
866
852
841
829
818
808
800
790
784
771
764
756
748
739
729
716
708
699
692
682
674
668
661
653
641
633
626
617
598
591
576
577
574
570
566
563
562
560
560
556
555
554
555
555
556
556
556
559
560
560
561
561
561
562
564
567
565
564
565
565
569
572
570
571
571
573
572
572
571
570
570
570
569
570
571
570
571
573
573
573
572
571
572
573
576
576
576
577
580
582
584
588
588
587
589
591
592
592
589
590
588
589
592
591
588
585
586
586
584
584
581
580
579
581
580
581
582
585
584
587
589
586
589
586
589
587
587
585
586
586
587
586
587
585
581
583
584
580
579
580
580
578
579
578
593
595
594
592
594
592
593
593
590
592
591
592
592
592
593
594
595
597
598
596
598
595
595
594
594
595
591
591
590
592
590
589
589
589
586
586
588
588
589
589
590
590
590
590
589
587
584
584
584
585
568
564
564
564
562
563
561
558
563
563
563
562
562
563
561
560
558
558
560
562
562
560
561
562
562
562
563
563
565
564
566
567
568
568
571
572
570
569
569
569
571
571
571
572
572
572
574
574
573
572
575
575
575
574
575
577
579
578
578
579
580
579
576
579
581
580
582
581
578
577
576
573
573
571
570
571
571
571
569
568
567
567
567
567
563
562
564
563
563
563
562
562
560
558
561
563
562
563
566
566
565
569
568
569
570
567
563
565
563
560
562
564
566
562
562
564
561
561
563
565
566
569
569
570
568
568
569
569
569
568
568
569
569
567
568
566
569
567
567
566
566
567
565
565
564
564
563
561
557
557
555
554
554
554
554
555
556
554
553
556
555
555
554
555
554
553
554
554
555
553
552
552
553
552
554
553
554
554
551
552
550
549
547
548
549
549
550
550
543
546
545
545
546
547
546
546
546
548
552
555
560
560
558
559
559
560
561
564
565
561
562
561
561
559
559
560
562
561
561
559
559
560
559
560
561
562
561
558
559
557
559
557
560
561
562
563
564
567
573
573
571
573
573
574
574
575
574
574
571
567
565
564
567
565
565
566
566
565
565
567
567
565
566
565
568
569
568
568
569
570
570
570
569
569
569
567
564
568
566
570
570
573
575
574
573
573
573
573
571
569
571
571
570
570
569
569
569
571
570
571
570
578
578
579
578
577
576
576
578
578
577
580
577
578
577
576
576
575
574
575
575
575
575
575
575
577
580
579
583
582
582
580
580
580
580
579
579
579
581
581
581
579
579
579
579
579
577
574
577
579
580
575
578
581
585
588
589
590
592
593
597
599
601
602
606
606
609
615
617
618
620
623
625
630
632
634
637
637
636
640
642
642
644
646
648
650
651
651
652
656
659
659
664
664
666
668
674
678
674
677
681
681
680
678
677
679
681
683
679
678
679
682
680
682
677
677
675
673
672
671
671
668
664
661
659
658
656
656
658
656
657
661
662
663
660
660
663
667
667
664
663
661
660
660
660
659
658
659
661
655
653
651
650
652
650
645
646
644
646
648
648
650
651
652
655
655
656
657
656
658
655
658
661
661
662
664
665
662
662
663
675
675
671
670
669
667
663
660
658
660
654
655
655
654
653
651
647
639
636
639
639
636
634
631
630
628
626
625
627
624
620
617
614
611
609
609
606
606
602
598
601
598
598
595
594
592
591
590
590
583
569
564
564
564
563
563
563
560
561
560
558
559
558
558
558
559
558
560
559
558
557
556
557
557
557
557
557
556
555
558
560
574
575
574
578
578
582
585
591
594
597
600
604
606
610
612
617
620
625
630
634
638
642
643
647
651
652
657
659
662
670
672
676
678
682
686
691
697
698
701
701
709
712
717
721
725
727
733
737
735
736
726
727
725
727
732
731
729
728
728
728
726
727
729
728
725
721
719
715
712
709
705
699
697
695
690
688
687
686
678
674
671
670
666
663
659
657
647
648
647
645
641
638
634
629
626
623
615
611
609
607
602
591
595
598
593
590
585
582
579
577
576
572
568
566
564
562
562
562
562
563
563
562
562
563
561
560
561
560
564
562
571
575
574
572
572
573
574
574
574
573
572
572
572
573
574
575
577
578
577
577
574
577
574
575
574
577
577
576
577
576
576
576
576
576
577
577
575
574
575
574
573
575
575
575
579
579
580
581
580
579
569
567
568
568
569
569
570
571
571
570
570
571
568
567
566
567
568
567
568
568
567
567
567
564
561
561
562
562
562
563
563
563
563
565
563
567
568
570
569
569
570
567
566
565
564
564
564
564
566
565
565
565
565
566
566
567
567
566
567
567
566
565
568
569
568
566
564
566
563
563
564
565
568
570
571
568
568
568
568
568
567
567
565
565
565
564
562
562
562
563
561
562
563
564
565
563
563
563
560
562
563
564
564
563
562
561
557
557
557
554
557
558
557
557
558
561
560
559
562
562
562
560
560
559
562
564
565
565
564
565
566
565
564
564
565
565
568
567
567
567
569
569
570
570
570
571
570
569
570
571
569
568
569
569
569
571
572
575
578
584
584
585
581
583
584
584
585
586
585
584
584
584
584
584
584
582
582
584
583
582
582
584
583
583
584
583
582
583
584
584
584
584
583
582
582
581
583
583
584
584
585
585
584
584
585
585
585
584
582
579
579
576
578
578
576
577
577
590
589
589
590
590
590
591
591
592
588
591
592
592
592
593
593
592
592
591
592
592
591
590
590
590
590
591
590
589
589
589
590
589
588
587
588
588
21797
21811
21815
21818
21828
21828
21897
21902
21906
21908
21977
21981
21985
21981
22016
22017
22016
22014
22013
22012
22011
22010
22008
22018
22021
22024
22026
22026
22023
22021
22021
22020
22017
22016
22015
22015
22015
22019
22020
22022
22021
22021
22018
22015
22015
22014
22013
22012
22010
22008
790
791
788
786
774
773
700
693
689
683
615
610
604
591
556
553
551
549
549
547
549
546
547
535
531
526
522
520
521
523
521
522
523
522
522
520
516
515
512
508
508
507
508
508
507
508
508
506
505
504
492
495
491
490
490
490
491
491
491
490
491
492
491
493
492
493
497
498
496
497
495
495
492
492
491
493
491
490
489
489
490
488
486
485
488
487
488
486
486
485
483
484
483
483
482
480
479
482
482
479
480
478
479
479
479
477
477
479
478
477
477
477
479
478
474
477
476
476
478
478
479
479
481
481
481
479
480
479
480
476
478
478
479
481
479
477
476
482
482
483
486
485
486
490
494
499
502
504
507
513
517
520
523
526
545
549
550
553
555
556
559
561
561
565
568
570
573
575
576
578
582
585
587
591
591
594
598
602
604
611
613
615
618
619
623
626
630
626
629
632
633
635
636
635
634
631
634
633
634
632
632
631
632
631
614
614
614
615
614
616
616
616
618
616
617
617
616
616
617
616
615
616
616
615
614
612
611
607
605
603
601
597
594
595
603
611
616
614
611
609
607
606
598
600
597
595
591
586
586
583
581
579
576
576
575
575
574
569
566
562
560
558
556
553
551
549
546
542
538
538
537
536
535
534
531
531
531
532
529
530
531
529
532
528
517
509
500
502
504
504
501
501
499
502
502
502
503
505
504
506
505
508
506
503
503
502
497
503
503
505
504
505
501
505
506
509
512
515
518
517
515
513
513
516
516
516
514
515
517
513
511
509
508
512
509
510
513
512
510
510
511
512
517
517
518
518
517
518
515
514
516
514
514
512
512
513
514
515
515
514
512
513
513
511
511
512
511
508
507
503
503
504
505
505
509
510
512
512
513
514
518
520
519
518
517
516
516
517
518
515
515
513
510
510
511
512
508
508
508
506
506
510
513
514
515
514
514
517
520
522
525
525
524
523
523
523
524
526
528
527
528
528
526
524
523
521
519
520
519
522
522
523
520
523
522
523
520
517
518
519
521
521
522
521
521
520
523
524
524
525
524
524
523
520
517
517
518
518
518
517
514
516
517
516
515
515
513
513
514
515
513
514
514
516
515
515
513
516
515
514
511
514
515
514
516
515
515
519
520
522
522
524
523
525
524
526
524
525
523
527
526
524
523
525
525
525
525
525
522
523
524
529
529
531
532
532
535
536
539
538
539
555
555
559
563
566
570
571
572
575
578
578
580
582
583
587
588
587
588
589
589
590
591
595
595
597
602
601
602
603
608
613
612
616
617
618
619
619
622
623
624
622
622
626
625
625
626
626
623
626
628
615
617
614
612
613
613
614
614
613
614
614
612
614
613
614
613
613
613
615
616
619
618
618
616
616
611
611
611
610
609
607
606
602
600
598
595
592
592
590
590
590
587
586
583
582
581
579
578
577
575
571
567
563
563
560
555
556
555
553
549
548
547
547
547
545
545
543
540
537
533
530
530
527
522
523
525
523
521
518
515
515
516
519
517
520
523
523
521
522
519
519
521
522
524
525
524
523
521
521
524
525
525
526
524
525
521
522
523
523
524
525
523
521
518
520
520
522
525
524
526
528
526
527
529
528
528
531
534
533
534
534
532
533
533
531
529
529
529
529
529
528
526
523
523
522
526
525
524
522
518
521
527
527
532
534
534
531
528
528
526
526
526
527
527
525
524
521
522
520
517
517
517
517
515
517
515
513
511
514
511
509
509
509
508
508
509
509
507
507
509
508
509
507
504
503
500
499
498
499
501
498
493
488
485
483
481
482
482
484
483
481
482
482
482
483
482
484
484
483
483
482
483
482
483
482
485
484
482
479
481
482
483
480
481
482
483
485
485
484
482
482
482
482
483
482
483
483
483
483
482
484
483
486
488
488
489
490
492
491
491
492
490
489
489
489
486
486
484
486
486
484
486
486
485
486
485
482
485
485
483
482
482
484
484
482
480
481
483
481
481
482
484
484
483
484
484
483
484
485
484
485
485
483
481
482
480
480
478
480
480
480
479
479
479
481
482
479
481
478
480
482
482
483
484
483
485
488
487
493
489
482
475
466
457
465
469
469
470
473
472
473
474
475
476
477
479
480
484
485
487
488
491
493
496
500
501
501
504
504
507
505
508
511
511
513
515
517
520
523
524
525
525
526
527
529
529
532
534
518
527
538
549
559
567
569
569
569
568
568
571
572
571
570
571
573
572
573
573
573
573
572
570
568
568
568
571
572
573
573
572
574
574
573
575
574
575
573
574
573
572
573
574
574
575
574
574
573
572
573
570
571
570
571
571
572
572
573
574
574
570
570
570
572
570
570
570
569
570
569
570
570
570
572
571
570
569
570
569
565
569
568
569
567
568
565
563
564
562
562
563
561
561
562
560
560
560
560
562
563
570
577
578
576
575
573
572
572
570
570
569
571
571
570
570
629
625
619
612
607
604
605
614
616
619
624
624
624
624
627
623
621
618
619
617
618
622
622
621
622
622
621
620
618
617
617
617
616
616
612
605
597
596
596
597
598
599
599
598
598
600
600
600
601
601
542
548
552
558
564
565
564
552
551
548
545
543
542
543
544
546
547
550
550
550
551
550
550
546
551
551
551
551
553
553
555
554
554
555
556
556
557
557
557
558
557
556
556
557
557
556
556
555
555
553
554
552
553
553
553
552
553
554
553
554
554
554
554
555
554
555
554
554
554
554
554
554
554
554
554
553
553
553
554
553
553
554
553
553
553
553
554
552
555
555
554
554
554
554
555
556
555
557
556
556
556
556
556
556
555
555
555
556
555
557
556
556
556
556
556
556
555
556
555
554
556
555
554
554
554
554
554
554
554
553
553
553
552
551
553
552
551
550
550
569
570
570
570
569
570
569
569
569
569
569
569
565
570
569
570
570
569
570
570
568
567
567
567
567
567
566
567
567
567
566
566
566
566
567
565
567
566
566
566
566
566
566
566
566
566
566
568
567
568
547
547
546
546
546
546
545
545
545
545
545
545
546
546
546
546
545
545
545
545
546
546
547
547
547
546
544
547
546
547
548
548
547
547
546
548
546
547
548
547
547
547
547
547
548
548
547
548
548
548
548
549
549
549
549
549
550
551
550
551
550
550
550
549
550
549
551
551
551
551
551
551
551
549
550
550
550
551
550
550
550
550
550
550
550
551
551
552
552
552
551
553
553
553
553
553
554
553
552
552
552
552
551
552
552
551
552
551
552
552
551
551
551
551
551
550
549
549
549
548
549
550
550
550
550
550
550
550
551
551
552
552
553
553
554
554
554
554
553
553
553
552
552
553
552
552
552
552
552
552
552
552
552
551
549
552
552
551
550
551
551
551
552
550
551
551
551
552
552
551
552
551
551
552
552
552
552
552
552
551
551
550
550
547
547
547
547
547
547
547
547
552
558
558
560
560
561
561
561
562
562
563
564
566
566
566
566
569
569
571
571
571
574
576
577
578
579
582
581
583
583
583
586
586
585
585
587
588
589
589
589
590
592
593
595
596
596
597
597
598
599
595
590
588
588
590
592
591
591
591
592
591
591
590
593
592
591
591
590
589
590
589
587
587
586
586
585
583
584
583
584
584
580
580
580
580
580
579
579
579
582
582
580
582
581
581
581
580
579
578
578
578
578
579
579
579
576
576
574
574
573
574
573
596
596
596
596
597
597
598
598
598
597
596
597
597
597
597
599
598
598
597
598
600
601
601
600
601
602
602
601
601
600
602
602
601
601
602
602
603
603
603
605
604
603
603
602
605
607
607
606
607
608
585
584
585
584
585
585
585
584
584
585
584
585
584
585
586
586
586
586
588
587
586
586
586
586
586
585
585
583
583
584
582
583
583
584
583
584
583
583
583
583
582
583
582
583
583
582
586
586
586
585
585
585
585
586
585
585
584
582
585
584
584
583
584
582
583
582
582
581
582
583
583
583
581
581
581
584
586
586
587
588
587
587
588
588
589
588
588
588
588
589
589
588
588
588
587
588
586
585
585
586
586
586
588
586
586
585
585
586
586
587
589
589
589
589
590
592
591
592
591
591
590
589
591
593
591
589
587
586
586
586
585
584
584
583
583
583
582
582
582
583
584
584
584
584
585
585
584
584
585
585
584
585
581
582
583
583
585
584
586
586
583
583
582
582
582
581
582
580
580
579
581
580
580
580
580
580
581
583
582
582
583
584
585
583
585
584
586
586
586
585
585
585
586
585
585
585
585
585
585
584
585
584
584
585
584
584
583
584
581
583
582
583
584
585
586
585
588
588
587
588
588
587
587
587
587
587
587
587
587
587
586
587
586
586
586
586
585
586
584
584
583
584
584
585
585
584
584
583
584
583
585
586
586
586
587
586
585
585
584
583
583
583
583
584
581
581
577
577
577
577
576
577
578
577
577
576
577
577
577
576
577
575
576
577
577
577
576
577
577
577
586
587
586
586
585
587
587
587
587
586
586
586
586
586
587
586
586
587
587
587
589
590
590
589
593
595
597
599
600
601
602
601
600
600
601
601
602
601
599
598
600
598
598
602
599
607
610
613
614
608
610
610
614
617
617
621
623
624
625
625
625
626
626
626
623
624
624
625
624
623
622
622
624
625
625
623
621
621
621
622
626
629
634
635
638
639
640
640
647
650
651
652
654
652
657
650
649
648
648
648
646
647
645
644
644
643
641
642
645
649
650
651
650
653
655
657
657
662
665
668
669
673
672
671
673
675
676
676
680
679
678
677
672
670
671
675
675
675
676
678
681
682
684
684
687
685
685
686
689
688
688
686
688
689
689
687
690
689
687
683
684
686
691
690
696
693
693
692
693
692
692
690
693
695
695
697
698
701
700
699
699
701
706
707
708
706
706
705
707
706
703
701
700
700
698
696
696
692
690
689
693
690
692
695
695
696
696
695
697
697
700
698
697
693
693
691
693
692
690
686
688
681
675
666
665
662
659
656
653
649
650
643
641
640
637
633
631
627
624
620
620
617
614
610
610
611
612
612
611
608
603
604
600
595
593
589
591
591
593
588
588
587
583
582
579
575
573
574
570
573
571
574
580
581
580
581
583
583
582
581
581
583
584
583
584
586
586
587
586
586
588
588
588
589
586
586
584
585
586
587
588
588
589
590
590
592
591
589
587
588
586
586
595
596
597
597
598
598
598
596
595
596
596
596
597
597
595
596
597
596
596
595
595
595
595
592
592
596
595
595
597
598
601
599
601
601
601
600
599
598
599
599
598
597
597
596
596
596
596
594
593
592
583
582
582
583
582
586
584
584
585
584
587
587
587
586
586
588
587
590
589
591
591
592
591
591
590
588
589
589
587
586
583
583
583
582
586
587
586
588
589
589
589
590
590
590
591
589
591
593
593
593
593
593
593
593
593
590
593
594
593
593
590
593
593
593
593
591
594
591
591
590
590
589
589
588
587
586
588
587
589
589
590
590
590
590
590
589
589
586
588
590
589
589
589
588
585
587
587
586
586
588
586
587
586
586
587
588
586
586
587
584
587
585
584
585
587
588
584
584
585
582
583
584
585
586
586
585
585
586
583
583
582
581
581
580
582
582
581
580
580
578
579
580
581
581
582
580
581
582
583
583
584
583
584
583
583
582
583
582
581
581
582
581
585
584
582
584
583
583
583
583
586
585
586
583
586
587
587
587
587
588
588
588
588
588
586
587
588
589
587
587
587
587
585
585
620
622
622
620
621
619
620
620
621
621
621
620
620
617
613
608
609
609
607
607
608
607
611
605
598
591
580
572
564
556
547
539
531
523
515
507
497
503
527
527
530
530
530
528
530
529
527
527
527
526
490
488
488
489
488
487
488
487
484
484
483
482
481
485
488
490
491
489
487
486
485
484
426
431
441
449
458
465
473
481
489
499
509
509
517
526
536
544
553
549
546
545
544
544
544
544
543
543
543
544
544
543
543
542
550
552
552
550
553
553
553
552
552
553
553
554
554
570
570
571
571
571
570
570
569
570
570
570
570
570
572
571
580
580
590
607
608
607
608
608
609
609
608
608
608
609
608
608
608
608
608
608
608
609
598
597
597
597
596
596
597
597
597
597
596
596
596
580
580
579
579
576
581
580
580
579
578
579
579
579
579
579
570
569
559
542
541
541
541
541
541
541
541
541
22947
22946
22947
22950
22952
22951
22951
22955
22955
22956
22957
22958
22959
22959
22959
22960
22958
22960
22962
22966
22967
22968
22968
22967
22967
22966
22966
22966
22967
22968
22971
22971
22971
22973
22977
22978
22978
22977
22979
22979
22980
22976
22982
22984
22985
22985
22986
23001
22997
22989
574
568
561
551
562
562
567
565
565
565
565
565
564
565
566
565
567
568
565
562
562
564
564
565
566
568
568
570
572
573
572
570
571
571
566
566
567
568
567
566
566
567
566
562
563
563
562
521
527
537
547
562
571
582
585
577
581
580
582
582
580
579
578
578
579
578
578
578
578
578
576
576
576
576
567
558
550
541
531
525
516
508
498
488
480
471
462
453
445
436
427
418
409
400
391
383
376
367
358
349
338
325
314
306
297
288
281
270
261
253
246
237
229
220
210
200
192
184
174
163
158
149
141
