28
60
92
92
93
154
193
205
233
153
151
249
58
272
215
274
201
272
273
305
305
300
332
333
333
468
469
317
334
494
487
485
486
488
508
484
551
553
570
585
585
610
609
620
636
628
635
569
628
620
670
686
708
706
717
734
722
724
714
674
661
657
663
697
682
660
701
647
669
697
725
700
705
698
687
717
611
587
589
595
587
598
587
594
600
599
600
604
613
593
594
603
603
611
621
619
621
615
629
637
632
641
626
632
647
621
632
655
644
656
652
658
657
668
639
651
657
668
654
665
623
617
626
610
611
599
624
612
563
556
549
506
470
557
474
464
451
431
429
670
344
335
323
276
269
390
595
539
472
578
413
519
282
387
662
385
381
236
226
286
221
195
175
615
481
327
402
253
320
214
588
178
207
306
243
180
528
347
5
5
23
35
20
42
23
17
34
29
38
18
18
16
38
45
55
84
92
91
106
115
121
123
137
153
144
142
161
162
164
187
164
182
123
196
205
47
200
124
178
115
115
181
89
87
169
57
84
171
143
136
124
163
183
146
110
104
114
43
158
86
167
158
6
3
19
17
18
13
20
11
8
8
44
64
62
88
89
112
110
127
151
153
167
177
191
202
243
241
257
255
265
250
257
266
287
293
289
312
311
325
323
330
321
322
329
342
326
348
346
347
356
353
367
368
361
365
365
381
377
380
399
398
406
406
418
419
425
427
429
454
454
472
472
491
492
503
510
507
496
500
501
513
494
499
470
490
490
485
539
530
532
542
537
532
539
534
549
534
536
545
531
530
523
537
546
551
552
544
524
541
535
541
532
545
529
523
528
521
517
509
514
525
520
507
501
495
502
492
509
498
506
495
510
501
454
500
499
455
465
447
462
452
458
464
464
454
462
471
455
467
460
471
473
450
470
457
469
461
455
461
460
455
457
442
452
461
452
458
442
440
457
449
454
448
459
461
451
447
452
454
439
446
451
436
445
456
442
453
446
459
443
452
443
451
441
456
446
453
446
451
453
435
426
453
451
450
443
446
452
448
445
458
450
449
447
454
463
452
452
451
447
457
456
457
458
5082
5091
5077
5089
5079
5082
5091
5088
5089
5095
5087
5107
5110
5112
5105
5106
5118
5097
5106
5112
5106
5113
5107
5084
5100
5088
5082
5118
5101
5098
5094
5103
5094
5091
5091
5102
5103
5090
5092
5105
5093
5090
5101
5098
5099
5106
5095
5110
5112
5113
475
488
481
3667
3668
3784
3775
3772
3783
3796
3766
3775
3783
3776
3779
3781
3779
3787
3770
3777
3731
3769
3768
3762
3754
3755
3754
3775
3767
3771
3769
3754
3774
3777
3782
3786
3778
3782
3783
3783
3781
3785
3769
3776
3784
3791
3797
3794
3796
3791
3794
3794
3812
604
515
480
491
481
478
479
501
489
495
503
497
493
491
508
499
505
511
507
515
519
511
508
519
500
513
527
529
533
515
520
520
509
497
517
515
515
516
520
523
531
516
530
512
517
517
536
516
519
527
530
519
531
527
539
540
515
544
526
515
518
501
525
521
514
515
520
520
514
499
518
498
491
511
524
515
509
519
514
514
527
499
528
518
529
527
512
530
535
518
529
515
518
532
522
528
531
520
512
540
528
545
536
544
540
553
547
557
549
561
561
571
550
539
555
581
574
578
587
596
562
596
587
585
593
582
600
598
600
575
595
593
592
608
587
619
594
611
631
616
624
639
636
651
635
648
638
652
623
639
631
656
637
649
642
654
655
641
655
641
639
646
628
635
652
658
660
652
649
661
661
660
659
672
645
617
636
624
636
615
626
610
620
624
607
619
604
603
606
594
589
599
605
580
584
559
595
580
595
575
551
587
564
558
555
567
561
567
558
558
538
564
561
542
558
528
547
539
550
540
558
546
551
550
538
556
548
540
555
550
554
548
551
548
547
545
526
546
531
530
539
533
542
534
529
530
530
542
541
528
521
529
546
547
533
543
533
532
542
545
535
551
529
519
537
532
538
521
529
546
533
535
535
515
523
522
532
514
535
527
527
527
535
515
530
528
519
533
526
533
524
530
520
539
525
525
528
525
529
520
519
535
530
511
525
507
521
509
514
516
500
495
508
506
515
510
507
513
510
510
502
513
504
504
504
517
515
520
518
522
514
526
514
525
521
532
526
531
524
528
521
537
534
537
495
468
411
369
335
314
430
246
203
193
508
475
354
357
535
424
528
285
515
278
412
481
226
403
211
496
376
194
156
154
116
136
107
444
321
300
261
244
394
466
144
365
451
302
265
175
327
173
225
3
15
12
36
55
57
84
86
75
51
50
71
63
84
81
60
58
55
52
73
85
49
51
72
62
52
51
70
77
84
8
14
29
29
26
66
56
75
91
92
101
102
107
106
100
53
117
52
66
53
96
122
86
36
97
107
84
63
45
71
83
46
4
6
25
15
13
34
27
6
24
48
64
71
71
83
92
105
122
117
135
152
153
169
148
170
133
116
98
158
66
127
127
125
141
143
114
99
168
96
160
86
83
68
147
155
115
133
82
150
96
137
7
6
29
45
38
33
56
47
62
78
89
75
83
63
66
50
44
51
30
34
36
54
48
81
78
65
9
10
28
27
22
36
35
48
67
69
64
51
42
41
40
36
51
79
50
37
38
64
50
60
4
20
44
58
69
79
78
86
88
85
98
86
103
78
60
60
101
116
17
98
92
81
55
49
58
91
62
11
28
39
41
57
55
50
68
67
75
84
82
95
96
117
141
147
135
133
137
169
159
172
154
165
181
147
89
70
122
124
110
98
143
129
133
167
120
81
142
48
46
161
127
101
177
81
93
76
4
3
3
3
4
3
17
29
15
40
65
65
77
68
65
68
78
120
131
144
144
178
173
186
198
205
173
164
197
185
209
210
206
232
274
273
282
284
278
281
293
303
307
306
299
313
299
297
303
318
310
308
328
335
335
341
346
339
345
349
348
358
366
363
372
364
383
384
397
396
417
417
428
428
445
445
443
468
469
491
490
507
507
506
505
519
500
516
515
508
525
516
492
496
511
482
502
497
500
494
509
509
499
508
499
505
504
511
511
502
508
507
517
503
502
515
513
515
520
510
513
459
511
446
452
460
431
495
497
479
480
488
486
494
487
496
504
486
470
475
483
495
488
508
492
504
510
502
496
507
498
507
504
507
493
504
492
511
501
511
502
497
484
504
497
500
484
472
474
487
440
487
494
461
460
484
487
488
506
505
539
533
545
533
527
545
537
545
545
551
536
543
529
538
531
524
533
519
531
513
521
496
482
451
508
475
447
388
388
373
346
295
243
406
353
442
290
514
435
225
209
221
194
189
365
173
162
158
145
403
327
126
113
396
300
316
459
262
245
420
204
477
177
417
137
318
112
251
428
139
5
17
16
24
36
46
41
32
62
80
92
85
116
159
166
175
177
178
188
185
191
202
197
220
200
219
235
234
246
240
250
251
233
280
279
291
301
301
314
315
313
344
343
363
362
376
375
392
391
409
410
426
425
424
447
447
461
463
463
486
486
502
500
470
477
467
491
498
499
497
511
499
506
497
454
495
500
462
477
455
470
490
481
479
467
468
477
468
475
456
473
463
471
454
462
447
463
449
462
445
448
444
448
448
454
435
441
439
455
437
425
443
421
451
434
435
452
449
435
436
447
453
461
454
416
457
418
439
439
447
447
451
473
465
463
463
477
467
459
440
457
457
453
475
473
476
465
452
470
465
474
467
468
460
451
466
465
452
468
469
459
470
457
471
457
466
465
476
465
466
479
464
479
467
469
471
468
459
463
470
449
439
468
444
466
453
443
464
460
462
468
461
460
455
458
468
466
465
464
443
461
8827
8829
8843
8842
8906
8900
8908
8904
8905
8904
8916
8898
8904
8906
8888
8913
8907
8912
8903
8911
8903
8914
8909
8914
8924
8909
8896
8910
8891
8890
8904
8907
8918
8914
8924
8914
8937
8919
8938
8936
8987
8970
8982
8992
8984
8996
8995
9000
8995
640
626
623
629
566
633
564
577
584
568
570
580
572
579
555
577
563
585
585
596
582
588
595
575
584
592
596
596
607
597
613
612
605
593
587
570
586
595
615
612
612
566
568
580
567
567
581
578
553
569
570
620
616
618
620
620
623
612
599
591
588
584
584
562
606
558
547
623
598
571
589
576
582
584
583
586
580
587
587
590
589
584
582
578
592
591
592
596
600
573
557
570
559
573
560
570
561
561
552
518
519
509
513
497
492
487
501
454
506
507
478
459
478
480
480
477
511
511
531
524
529
528
544
533
534
528
531
530
528
524
531
510
516
529
523
526
528
507
518
530
523
511
497
510
500
510
491
508
505
517
505
515
517
517
515
505
511
507
508
507
505
515
507
505
496
498
488
507
493
496
490
490
494
500
508
512
503
511
499
501
510
488
489
470
459
508
489
478
501
499
497
510
505
478
428
465
492
493
474
423
463
446
500
448
478
490
489
510
492
490
495
493
508
502
492
494
495
511
501
521
511
520
508
513
504
511
499
513
501
508
511
469
470
486
488
487
504
505
515
502
493
508
515
522
521
521
469
476
482
482
496
502
502
516
518
525
519
512
514
521
499
505
512
512
497
487
512
497
491
491
479
493
495
483
484
489
486
479
486
468
481
462
467
491
488
487
497
487
474
496
473
487
489
481
490
483
485
486
478
483
482
487
472
461
473
486
478
485
481
487
484
496
488
488
496
488
494
482
467
484
477
496
492
479
495
487
487
501
498
483
482
499
501
496
511
501
492
502
514
514
521
509
518
519
509
521
518
520
515
510
480
507
428
343
403
293
236
103
465
473
398
316
307
262
274
446
253
246
229
384
434
205
371
493
175
164
150
359
462
133
121
113
417
346
343
329
392
215
334
372
213
166
141
412
475
180
280
16
28
37
51
52
68
61
90
129
122
143
150
188
191
204
206
219
208
228
239
251
248
265
265
283
283
301
299
348
359
359
383
383
400
399
407
407
429
429
445
444
473
457
470
457
447
473
511
504
523
521
537
549
549
563
574
572
573
572
574
605
606
618
608
605
595
600
587
599
586
596
587
576
584
599
593
603
592
553
564
567
551
557
551
557
543
546
534
560
561
558
575
565
577
589
578
572
566
567
561
568
566
572
561
578
561
574
567
579
588
583
589
582
577
581
587
593
570
580
573
576
588
587
568
575
569
576
562
563
572
567
574
559
577
572
586
566
576
570
557
573
558
566
555
553
562
563
560
570
563
566
559
569
562
571
558
561
556
568
557
559
568
555
565
572
564
562
544
561
561
579
564
573
558
570
564
554
566
546
564
554
566
557
558
558
545
542
523
552
553
533
556
515
525
438
414
340
331
328
324
316
303
294
292
291
279
276
272
267
260
256
255
240
234
222
224
216
210
407
382
356
473
451
505
431
542
426
477
486
173
364
375
393
465
347
210
192
169
492
182
534
4
19
7
9
16
9
10
31
31
14
29
24
27
4
5
4
12
11
23
6
7
21
43
46
52
37
44
39
30
44
41
64
22
61
65
15
51
9
4
11
18
22
22
19
23
33
40
44
20
18
9
30
10
20
34
8
17
29
27
20
30
30
21
17
27
19
21
17
24
15
12
4
3
7
6
26
23
30
37
35
17
50
22
20
15
67
61
59
47
56
3
5
25
5
3
19
19
4
14
16
34
43
67
35
26
32
18
21
18
20
16
44
3
2
4
16
25
22
35
49
41
54
41
31
42
42
27
13
28
5
5
31
14
8
20
11
5
6
22
30
23
37
44
42
58
59
69
88
92
100
92
74
73
89
69
59
50
39
55
31
108
42
88
107
57
99
28
53
71
5
3
18
6
10
31
24
42
35
38
45
56
48
64
79
18
56
67
32
54
62
60
41
23
36
82
39
19
5
16
12
3
23
17
28
24
37
34
46
47
49
66
77
77
75
90
87
94
91
102
106
120
129
117
123
124
127
105
111
121
62
88
59
62
124
83
80
69
94
40
74
45
12
13
34
31
11
26
30
10
5
4
14
17
24
24
21
41
40
50
47
37
16
25
6
29
39
53
57
48
57
54
64
20
21
67
54
20
24
50
32
8
9
6
7
5
4
19
21
40
26
36
12
12
33
21
27
4
6
5
19
18
5
3
3
18
19
9
4
12
2
11
11
7
20
17
33
32
8
16
2
11
14
22
8
8
8
36
34
36
43
42
40
64
61
73
86
83
94
106
95
93
55
109
76
68
64
87
50
87
86
100
91
48
39
66
77
41
9
19
31
35
44
45
52
62
63
59
86
61
76
88
80
75
53
33
63
102
75
57
46
26
28
104
30
77
46
86
102
44
72
3
3
17
12
5
11
8
6
20
21
27
36
38
54
55
72
81
92
96
118
140
138
151
164
163
174
179
191
183
194
273
271
287
286
307
296
304
311
305
306
320
256
312
196
323
317
88
252
132
221
211
310
215
295
205
283
199
198
197
318
194
281
192
190
179
136
258
95
256
314
321
234
231
220
224
151
208
202
208
194
181
159
117
88
80
291
217
207
269
115
203
317
3
12
24
18
39
45
29
45
11
20
41
24
23
4
19
40
42
34
68
22
55
56
51
66
46
70
17
52
8
18
16
46
53
45
31
66
21
10
36
12
23
68
4
12
12
8
3
3
9
5
9
53
52
51
44
39
49
61
33
29
44
50
47
44
50
65
3
6
27
30
44
26
36
30
32
33
12
42
5
4
23
26
13
9
7
25
22
4
6
9
22
19
18
22
32
43
54
58
57
59
58
57
71
68
78
73
78
113
121
116
122
136
135
132
152
117
110
157
108
80
73
118
60
41
37
115
28
30
154
128
77
110
39
157
113
102
10
16
34
33
45
65
62
76
83
85
101
104
103
119
111
80
43
110
105
120
108
63
112
107
91
82
64
48
94
52
66
6
6
4
23
15
16
20
49
57
55
55
77
77
93
72
52
47
45
90
40
88
42
76
71
87
54
68
77
49
26
5
18
34
32
41
44
58
37
34
56
33
54
39
43
22
3
15
23
20
29
44
48
48
66
76
85
75
86
69
69
56
97
46
89
43
33
29
60
48
42
44
77
59
20
4
3
14
15
34
32
51
48
59
68
67
50
73
39
33
18
71
48
38
15
13
68
88
3
18
19
32
16
55
79
78
84
73
100
93
99
94
96
82
111
101
122
111
91
108
46
53
108
83
78
113
104
58
103
4
3
9
23
21
30
26
42
44
45
47
91
108
115
129
76
58
46
92
123
82
73
60
57
50
120
102
79
71
53
29
105
126
122
34
7
19
44
47
60
58
50
68
59
98
109
139
152
150
165
179
115
134
122
110
109
105
104
101
105
91
92
72
141
69
178
68
64
138
62
63
59
59
58
54
190
182
165
149
71
74
64
127
56
186
111
145
76
62
3
7
5
11
5
4
3
3
10
23
31
25
24
41
41
51
51
47
49
65
49
53
25
30
10
36
33
56
42
8
4
15
12
18
24
7
3
17
22
30
10
39
19
23
33
28
20
39
29
38
60
63
32
14
17
43
44
24
44
9
10
11
32
31
41
25
25
36
37
51
32
21
12
4
4
2
22
8
19
2
19
6
14
29
32
41
50
58
68
67
80
69
17
16
72
15
31
57
54
43
74
34
46
5
3
28
2
3
25
19
31
11
22
11
19
31
23
25
6
19
15
16
21
18
48
42
36
45
65
36
28
48
22
16
21
74
70
31
19
26
58
4
8
6
19
17
3
14
7
22
5
16
17
9
17
29
7
28
27
19
9
20
4
6
10
4
23
13
16
39
56
69
74
52
54
71
42
68
65
37
25
62
47
29
40
2
4
11
23
30
23
19
23
64
69
53
76
74
54
79
92
88
117
127
120
134
123
123
129
46
135
101
98
131
90
89
125
70
126
55
74
31
28
140
123
93
85
113
60
148
28
116
82
96
33
7
27
30
43
46
48
62
62
79
77
72
75
84
100
108
115
114
128
142
185
203
195
211
197
207
213
224
223
233
231
237
233
252
251
267
254
264
265
275
273
289
288
287
311
304
321
322
321
342
341
358
364
364
358
364
392
392
406
405
404
425
423
424
425
450
450
468
457
467
482
475
461
482
472
480
469
475
480
485
489
491
482
491
487
488
497
490
490
483
494
486
499
504
476
497
482
484
484
488
495
494
483
492
504
497
497
489
492
498
504
496
514
494
511
507
517
507
515
508
504
516
511
508
486
518
494
504
498
507
497
492
500
495
503
480
489
458
463
449
475
497
472
481
474
479
479
487
484
492
485
479
500
488
492
481
499
479
492
498
496
486
498
488
496
491
503
507
495
501
498
508
505
516
511
516
527
499
524
510
510
520
449
448
447
481
495
425
439
447
519
440
433
440
505
512
503
518
516
513
510
521
508
510
486
505
515
507
504
504
518
509
516
517
515
514
505
509
501
523
515
520
507
508
518
500
518
508
501
509
504
514
492
507
456
467
469
473
484
485
502
501
517
516
532
533
527
541
535
529
528
537
531
528
527
508
521
531
527
529
523
527
532
531
524
522
532
504
530
515
503
512
503
506
508
483
501
509
507
512
501
504
494
478
482
507
494
494
500
490
477
500
472
463
497
486
493
484
496
491
493
492
496
494
485
485
486
499
492
502
500
499
480
491
492
503
501
495
493
462
476
480
499
466
451
488
495
486
492
493
469
489
471
492
504
496
504
494
507
498
513
501
500
512
506
508
503
488
482
491
500
504
500
499
504
495
508
498
505
496
487
491
503
484
508
498
509
499
514
481
489
495
492
493
509
515
510
522
522
520
520
521
512
516
518
514
521
511
524
510
522
509
528
517
523
519
526
536
524
536
535
524
512
505
511
517
519
513
516
522
526
532
536
520
499
509
503
508
488
473
486
498
502
503
518
516
514
505
496
478
471
488
503
513
517
497
508
493
508
504
493
504
501
493
499
488
489
478
498
493
499
502
491
494
462
487
489
498
506
472
481
503
497
496
496
486
498
505
489
481
495
493
496
486
495
492
497
491
498
491
493
494
502
501
510
505
508
498
497
501
512
505
504
498
508
506
505
507
510
496
487
502
496
507
504
517
519
520
486
498
499
510
487
503
511
512
496
514
509
520
509
525
514
516
512
506
501
513
511
498
510
508
507
505
485
492
499
493
484
504
486
502
502
512
494
504
496
506
496
487
501
509
503
490
498
486
505
490
491
498
487
499
496
489
501
487
492
495
491
493
481
486
483
482
499
484
498
489
495
488
489
479
491
489
487
491
501
493
492
489
499
504
494
505
494
495
505
493
505
492
505
507
498
496
502
501
471
481
489
496
486
492
479
496
497
492
486
475
497
502
494
512
504
511
499
515
503
510
506
520
510
517
516
524
501
512
521
512
525
518
515
533
524
519
526
510
519
523
526
517
527
519
533
520
529
522
530
525
526
525
537
514
522
537
537
518
480
327
272
265
262
246
247
250
240
230
226
224
211
202
197
194
184
310
494
390
405
514
375
458
357
527
452
430
172
444
419
292
143
133
125
392
411
501
368
339
323
158
144
284
470
349
299
167
5
15
14
25
32
28
48
47
50
49
51
73
79
85
91
97
105
117
117
116
128
133
153
157
105
135
136
50
52
113
137
103
90
148
83
151
79
71
82
69
61
66
116
118
146
116
115
106
144
125
149
151
88
68
72
132
19
12
24
27
21
24
31
34
28
30
8
7
7
32
38
40
34
25
50
56
66
75
71
85
76
89
103
109
108
123
62
111
106
114
121
109
66
64
60
52
33
50
30
95
98
76
86
76
99
72
122
35
75
120
54
11
22
29
30
30
24
16
42
56
67
49
10
21
28
41
23
14
25
12
5
8
9
6
12
9
9
9
17
22
31
89
93
22
94
13
86
25
87
5
17
19
28
24
28
41
76
83
96
95
44
110
58
60
15
56
19
12
24
33
36
47
4
4
4
16
14
10
4
20
22
4
21
10
11
3
14
17
17
10
28
32
33
25
23
20
5
4
3
11
16
16
5
6
3
6
10
8
7
11
8
21
10
11
21
22
28
22
10
11
13
15
11
26
19
20
32
42
53
31
10
23
10
58
35
19
10
11
30
31
42
21
22
7
25
33
7
12
19
11
10
20
6
19
5
6
3
19
35
41
51
60
86
76
70
58
44
40
61
73
78
24
23
52
85
32
50
41
30
13
10
11
32
30
5
23
20
18
33
32
40
62
73
85
46
71
44
41
34
33
44
20
61
69
34
31
42
4
25
34
37
36
53
60
61
60
69
76
84
83
89
93
98
99
101
33
86
57
45
84
34
37
74
59
107
56
77
110
9
22
40
47
55
62
35
33
38
38
33
48
58
45
38
52
31
49
64
4
19
6
18
15
6
19
39
41
55
61
80
71
83
85
36
79
51
78
51
50
74
37
47
58
70
83
40
59
4
3
3
5
8
28
27
25
43
58
57
41
76
84
95
108
65
45
38
101
93
64
62
102
54
90
53
44
43
97
104
87
69
65
96
74
37
64
51
4
3
9
10
25
40
39
51
54
53
55
81
59
66
54
79
45
57
49
15
40
24
11
13
23
45
35
32
21
34
25
24
42
43
38
22
35
40
8
3
24
5
12
14
32
18
42
29
27
55
36
17
38
45
62
64
76
70
85
88
81
84
114
112
128
132
133
141
142
140
153
148
211
232
239
243
258
245
243
257
262
260
273
274
275
263
285
288
270
285
271
268
278
302
302
317
317
318
339
338
368
367
385
385
401
401
414
414
431
441
455
454
472
474
471
471
472
466
278
256
471
362
347
334
458
328
457
443
307
433
279
278
479
229
211
202
189
396
408
224
387
172
475
151
141
125
386
106
115
370
97
479
293
301
484
418
477
263
189
157
369
329
187
471
7
13
16
19
12
19
24
23
21
38
57
58
57
77
75
70
71
80
80
88
86
84
87
104
76
19
91
62
48
38
33
89
92
103
101
65
24
28
40
38
61
76
85
66
43
41
24
65
45
79
28
82
43
47
4
7
3
4
3
3
11
8
15
13
43
37
56
40
60
72
73
97
103
101
114
111
122
136
127
135
153
156
154
168
179
180
182
201
216
270
268
279
279
289
285
273
269
309
306
290
308
304
307
321
317
336
322
334
341
356
354
374
375
390
391
409
399
411
403
418
417
432
433
453
452
466
468
470
495
489
511
510
528
529
551
552
575
576
584
596
588
583
584
594
597
596
600
580
587
592
593
596
582
593
580
594
591
591
556
588
568
571
579
585
576
595
580
575
581
574
580
574
590
578
593
582
586
587
572
588
595
582
589
595
583
582
598
582
599
576
584
592
574
593
581
586
579
589
561
554
346
316
291
237
368
148
136
359
394
474
544
532
456
437
425
281
501
299
259
400
518
229
359
195
187
218
162
483
169
137
107
571
481
411
265
265
524
209
182
374
106
448
336
382
249
119
494
326
26
36
31
35
16
16
35
29
37
27
24
7
15
14
10
7
5
17
16
30
35
47
36
52
23
28
40
42
44
24
5
3
16
4
4
16
12
2
11
16
28
36
30
43
29
16
52
50
39
24
13
4
11
5
20
36
31
48
49
41
35
43
69
61
21
53
64
18
62
28
56
8
18
28
45
53
54
71
59
65
58
53
65
58
89
94
67
75
78
81
72
33
31
30
40
35
81
46
3
4
3
1
5
31
29
46
43
43
61
63
49
62
51
56
81
77
70
75
86
94
101
110
90
74
83
98
98
108
99
122
108
48
76
47
93
92
44
111
81
83
20
115
102
84
4
18
28
31
22
29
36
19
8
20
3
7
11
18
15
4
4
4
9
10
31
52
60
48
69
80
87
81
83
36
95
59
48
94
56
47
29
79
70
62
38
92
64
83
5
8
7
7
5
20
7
10
32
16
21
19
3
18
15
26
27
46
45
44
60
63
49
71
86
87
75
91
103
128
140
151
149
133
94
88
106
102
144
93
85
86
74
82
63
63
52
131
153
142
140
105
91
143
133
73
47
126
60
145
13
11
8
9
11
21
23
20
52
39
27
64
49
54
63
62
64
96
60
38
44
18
55
20
24
57
91
5
4
5
14
27
29
24
42
44
39
19
28
10
22
36
49
36
21
48
11
25
38
39
28
4
15
35
42
28
18
25
34
33
15
40
22
4
5
14
15
27
38
31
46
30
46
45
54
27
23
28
58
55
7
5
6
17
14
18
7
8
5
20
29
22
20
28
19
21
57
54
81
69
88
80
85
88
87
99
93
108
131
130
114
68
84
86
112
122
54
65
112
48
132
35
31
66
145
50
53
108
123
52
135
4
6
11
5
13
3
3
4
27
38
32
32
48
53
50
54
58
46
63
83
86
99
92
109
106
113
103
110
120
149
108
144
132
124
91
72
118
137
55
55
105
122
54
53
50
94
82
147
58
51
95
57
3
16
13
7
4
25
23
6
17
8
18
18
38
25
28
6
17
40
53
57
61
71
78
75
98
96
107
101
119
104
98
97
116
67
86
49
62
115
89
118
46
116
90
64
100
38
14
12
14
48
60
48
44
76
40
31
45
29
48
50
43
27
74
4
3
8
25
24
30
34
46
24
23
41
57
44
59
32
55
29
4
3
18
7
25
26
39
30
27
33
61
61
77
91
60
47
33
16
58
16
50
31
29
68
45
52
4
7
6
9
29
48
27
44
46
44
61
17
41
37
33
30
60
41
15
57
5
15
13
26
23
23
35
31
33
35
41
37
56
50
82
62
45
26
23
21
48
35
71
19
43
65
6
3
7
8
6
5
50
46
58
29
27
10
17
43
35
37
9
32
4
4
5
3
13
2
22
5
7
6
5
7
5
3
8
7
16
26
25
15
33
26
30
46
65
67
66
77
91
100
84
50
42
44
76
47
75
72
87
88
50
73
69
88
3
6
25
26
33
32
52
53
78
80
76
73
89
104
107
111
105
130
127
148
139
138
130
139
146
175
167
169
156
185
185
185
94
157
104
178
176
218
67
51
47
201
44
215
145
195
206
72
99
70
160
48
45
152
122
74
59
4
3
8
20
29
37
27
18
30
31
19
3
4
6
4
8
7
8
19
14
8
4
13
25
34
41
45
41
45
64
75
57
77
49
39
74
28
20
88
79
68
41
26
86
66
31
4
17
31
37
36
45
54
54
57
62
75
83
93
97
96
109
110
118
118
127
127
139
146
167
157
111
125
83
75
77
72
75
78
81
84
88
72
155
107
105
95
126
95
145
159
81
119
118
135
103
166
96
146
95
17
16
18
39
41
37
77
99
92
95
102
103
99
109
114
125
125
141
149
163
180
195
203
225
224
240
240
257
251
265
258
271
269
259
277
272
271
282
274
274
291
304
310
309
322
322
331
331
346
345
354
369
371
378
387
376
378
377
377
387
377
378
435
440
434
439
441
463
464
485
484
501
499
494
507
495
506
488
491
494
466
499
482
506
507
499
496
499
511
470
494
481
496
488
501
492
497
480
488
495
481
282
197
188
117
460
412
348
318
306
457
298
305
474
275
256
468
205
219
411
190
186
184
410
161
147
357
126
89
98
388
82
471
387
486
276
255
408
403
162
104
74
73
335
264
230
399
495
328
244
390
10
24
23
37
39
53
60
106
106
108
116
135
168
154
163
165
176
177
198
197
212
211
219
227
227
247
255
256
247
283
283
296
297
314
314
331
341
342
349
350
360
352
351
362
349
367
363
347
401
401
350
349
350
449
450
458
458
457
457
493
493
497
509
502
514
506
505
513
505
488
494
496
503
492
501
481
507
500
518
492
504
481
494
499
503
496
508
501
495
507
495
487
468
347
212
182
86
74
339
314
465
313
296
464
262
261
454
252
280
220
203
191
169
468
419
165
134
126
117
99
372
84
77
371
106
320
304
467
260
472
222
405
155
394
358
471
474
239
135
467
319
404
370
7
9
11
7
20
31
47
46
56
66
80
79
91
88
96
109
127
144
130
144
138
152
155
163
165
150
166
126
132
136
163
131
121
139
103
147
83
165
69
85
72
59
50
132
119
118
101
150
128
131
8
13
9
13
5
9
7
9
13
17
4
14
29
33
44
45
56
56
59
68
80
85
98
97
115
126
139
146
146
172
179
174
198
211
250
248
257
259
274
272
290
286
293
295
309
303
320
317
329
331
345
340
343
360
361
378
367
380
379
397
395
414
415
432
429
427
427
432
435
441
449
456
453
452
468
469
487
484
485
513
514
534
533
552
545
559
543
558
544
540
480
499
515
496
519
537
552
529
513
515
520
524
516
519
517
518
510
519
516
498
531
516
529
515
507
517
516
509
522
501
501
515
524
500
509
506
522
494
502
504
509
516
519
505
461
445
485
493
468
475
463
477
477
479
477
510
504
477
525
513
518
512
521
500
526
518
508
513
525
514
504
511
511
505
519
517
507
514
520
530
523
540
518
519
529
529
526
530
527
529
509
519
501
478
497
490
490
505
503
507
527
493
511
516
515
510
487
530
482
495
520
513
497
510
501
503
513
477
497
476
494
494
467
491
479
492
483
487
464
477
479
491
481
475
448
473
455
465
475
490
489
486
475
488
480
481
472
484
482
485
477
481
483
489
494
496
503
505
474
494
507
500
508
499
504
501
501
509
508
510
515
513
517
504
508
503
518
510
518
506
530
519
503
510
518
504
518
522
519
511
499
502
499
497
489
494
500
509
500
512
511
500
502
498
503
492
497
504
492
485
481
490
493
490
493
498
494
494
501
513
502
513
509
511
507
520
515
516
522
517
508
505
504
516
516
520
512
522
511
524
523
533
534
529
533
489
488
510
519
503
512
517
503
517
508
515
509
525
516
514
508
522
530
508
514
507
524
512
496
517
506
504
497
493
488
489
503
496
504
498
511
509
522
500
484
509
500
503
491
500
481
489
493
489
468
487
489
503
493
491
504
505
491
501
476
504
489
500
498
508
501
508
506
509
516
504
525
513
513
520
509
521
517
519
525
518
507
493
510
517
505
511
503
516
507
504
497
504
505
484
519
509
508
517
485
479
373
347
347
339
337
277
275
429
496
225
387
139
294
467
473
284
355
440
439
466
276
501
429
269
244
241
328
234
224
204
191
165
163
158
127
305
363
432
246
455
207
328
398
176
313
405
181
6
6
26
14
24
16
25
68
69
100
100
117
112
126
122
125
123
149
174
175
124
103
156
68
63
178
126
173
113
94
175
85
81
73
144
68
64
140
126
117
177
174
81
70
65
175
179
172
135
76
10
20
37
39
45
34
35
32
18
47
17
45
35
43
20
11
30
28
41
52
61
77
97
104
83
108
85
121
107
74
98
93
88
72
96
116
96
115
128
97
131
100
119
108
83
114
96
118
26
120
133
107
7
6
8
33
45
11
27
36
21
12
21
4
3
15
7
11
22
27
34
42
51
67
99
93
115
133
137
107
93
118
48
105
99
100
125
90
94
80
75
71
128
114
143
59
50
62
103
101
97
127
79
117
73
66
64
58
141
149
130
78
61
3
5
20
12
23
31
22
36
36
57
61
61
68
85
94
19387
19400
19416
19416
19481
19484
19480
19509
19509
19524
19523
19537
19537
19537
19557
19555
19555
19549
19549
267
272
246
249
251
272
286
244
19554
285
19553
148
19557
267
250
254
274
250
249
282
285
273
235
199
221
248
184
175
286
168
247
161
248
162
250
272
19552
247
232
19556
19556
253
246
286
254
17
19
21
38
29
36
25
26
28
13
3
18
10
16
49
35
45
26
47
37
18
21
19
21
25
34
19
14
31
29
41
40
39
57
67
78
66
67
80
85
97
121
61
144
156
162
153
174
172
185
184
198
147
138
115
153
138
155
151
124
168
111
102
100
163
165
144
60
58
137
115
74
62
135
77
194
102
54
4
16
23
27
39
40
59
68
68
99
115
57
88
79
80
115
97
113
60
56
82
48
34
95
93
32
57
52
43
53
46
77
5
16
18
24
22
36
24
26
34
9
9
3
2
15
26
34
46
47
47
58
71
74
82
91
45
66
54
54
35
89
40
31
68
66
85
33
50
75
64
5
22
27
34
37
43
43
30
19
46
11
32
41
6
6
23
35
40
40
46
58
71
68
84
99
98
114
39
81
101
86
69
108
39
84
48
112
53
25
72
39
86
3
18
24
19
12
16
18
4
14
13
3
9
13
14
24
15
21
28
16
27
32
37
15
40
23
18
20
4
4
19
23
33
35
40
39
58
56
66
77
66
16
42
38
26
25
62
52
74
44
4
3
12
15
2
3
12
8
14
4
24
19
23
42
38
7
31
34
8
5
14
11
14
39
32
59
63
63
74
86
97
107
121
146
159
157
178
189
196
226
241
246
244
259
258
267
276
274
282
287
284
276
281
291
289
280
292
319
317
329
330
336
344
351
346
348
344
350
391
384
404
408
406
397
403
437
426
450
448
468
468
464
494
494
513
525
525
543
515
439
385
536
259
188
131
91
413
472
378
366
345
330
347
527
445
469
284
543
279
246
270
234
432
197
174
411
139
111
77
126
385
382
355
315
244
205
492
430
154
106
408
484
453
164
499
214
326
4
4
20
12
34
37
57
55
49
64
63
136
182
180
198
209
201
220
208
224
223
227
226
246
256
255
279
279
290
287
284
282
288
286
342
286
341
286
367
366
381
377
380
412
411
429
428
447
441
455
455
453
476
475
497
509
515
512
516
508
505
515
487
515
561
547
554
547
554
548
548
546
539
556
556
545
527
548
523
541
535
537
537
535
543
543
523
531
555
534
529
549
540
543
526
543
538
560
548
547
563
566
559
574
565
571
569
575
552
545
547
563
565
580
566
559
576
563
565
559
567
568
569
578
566
568
571
562
572
565
579
570
578
584
614
611
604
602
576
579
577
574
566
566
556
557
522
523
511
513
499
490
478
475
465
460
451
446
441
440
428
421
416
419
404
405
394
393
390
381
374
367
361
356
349
342
332
331
319
316
306
304
298
268
601
12
11
28
40
57
14
42
57
40
38
23
27
10
12
13
14
25
45
52
58
58
76
84
87
98
98
118
119
108
111
135
131
147
148
156
155
75
143
118
146
110
148
148
79
135
109
106
132
68
151
158
155
168
198
252
242
250
266
270
274
214
219
225
237
237
249
257
245
266
265
281
281
293
293
309
310
330
324
338
342
358
342
374
387
387
406
407
426
419
437
438
436
461
466
467
471
469
503
514
515
513
506
501
494
488
478
476
478
465
461
456
449
437
434
423
427
429
420
424
409
403
396
385
389
384
387
377
367
358
354
345
342
331
328
322
322
326
312
304
307
289
285
288
280
514
514
514
514
516
5
5
15
18
19
23
36
43
31
39
15
17
37
41
43
34
13
59
46
39
59
63
74
83
90
78
37
64
84
55
43
47
23
27
88
100
81
58
101
33
91
47
70
21
4
2
3
3
5
11
3
19
20
15
31
38
52
61
64
31
56
67
40
38
44
42
66
55
73
41
35
52
33
5
5
14
13
3
4
4
17
9
9
21
43
41
69
47
46
41
44
56
65
66
80
74
99
110
92
66
57
49
50
54
82
63
57
55
85
83
74
72
61
55
53
12
24
15
32
40
18
41
30
25
39
8
7
9
35
32
23
15
9
5
3
8
16
7
17
36
13
22
27
10
8
22
26
10
17
18
3
12
28
39
38
31
37
39
35
34
77
77
75
71
83
89
95
66
71
69
63
83
76
79
87
78
96
50
96
21
16
14
78
107
98
44
25
47
74
6
7
25
22
20
17
24
19
19
55
35
27
30
22
38
4
3
23
25
21
31
23
42
53
72
25
64
66
47
33
28
36
77
32
58
44
80
41
82
55
37
4
22
23
39
46
48
50
41
34
46
10
32
29
44
5
16
32
32
35
30
51
63
65
59
40
34
26
63
33
65
53
21
8
5
21
20
24
14
5
24
45
69
74
73
74
91
79
80
80
79
69
58
81
80
84
60
55
46
78
73
89
66
77
8
19
26
19
16
30
2
4
15
23
35
33
65
71
82
86
88
95
105
116
114
124
126
126
122
138
93
147
115
102
128
136
94
138
95
70
121
70
57
121
113
88
53
128
89
97
52
12
8
6
8
18
39
48
61
71
91
87
91
113
111
145
167
174
173
187
187
208
202
228
238
228
238
273
273
290
290
286
276
303
299
289
300
289
292
302
336
330
350
334
345
349
343
383
386
379
378
405
397
407
408
410
425
429
428
448
462
459
459
468
472
455
454
457
456
497
505
506
524
522
542
542
563
558
567
557
574
560
561
566
574
580
561
569
563
580
559
568
558
552
571
538
581
561
559
565
534
542
548
536
549
537
544
544
534
517
525
530
507
526
504
525
518
517
536
544
523
536
520
521
533
547
521
533
531
539
528
530
529
479
528
503
499
480
526
476
530
538
538
496
525
511
509
516
504
517
500
516
511
522
517
510
512
521
523
530
523
522
519
532
529
527
531
518
531
511
511
510
507
525
519
518
532
478
500
422
420
494
363
422
486
246
364
202
177
167
147
150
153
147
140
277
257
366
221
228
466
215
366
523
194
351
345
327
334
322
297
400
426
525
282
387
266
365
182
422
405
312
411
169
305
244
11
30
43
40
51
38
32
35
58
66
54
63
61
73
76
90
86
100
108
119
125
136
196
191
210
221
208
223
222
235
222
219
236
236
264
255
272
273
291
293
293
314
317
301
316
342
341
332
357
359
377
377
402
402
421
430
429
428
420
455
460
459
466
465
464
385
359
309
288
154
470
89
376
400
462
451
466
284
258
238
450
435
218
211
411
171
179
146
465
139
89
91
117
126
459
336
294
271
230
192
214
402
378
313
229
128
327
468
463
422
8
9
6
9
8
23
26
6
12
3
4
8
7
20
37
48
60
53
60
80
80
111
112
124
114
72
68
96
123
140
71
127
92
41
29
26
125
85
69
143
53
102
60
3
12
9
6
19
16
29
54
60
82
64
51
59
74
74
63
57
66
62
42
36
53
55
25
17
23
18
21
16
16
16
13
6
6
14
25
41
51
34
13
42
43
23
57
52
39
20
26
26
46
9
8
27
27
27
27
44
56
55
74
62
68
68
42
51
37
39
63
67
44
80
95
93
27
104
35
33
92
33
45
47
37
16
8
6
23
34
29
29
54
47
55
65
37
63
33
15
44
53
31
39
34
4
16
29
37
40
46
46
47
55
54
55
72
67
41
44
48
22
75
39
69
29
22
19
56
30
4
13
32
48
60
61
72
84
95
92
121
113
124
124
122
138
147
159
137
70
143
123
108
111
104
133
88
84
124
58
48
46
125
141
110
159
54
162
130
145
106
100
52
7
29
21
29
23
24
22
35
28
32
7
17
14
25
14
18
20
10
26
35
45
44
55
56
70
72
63
44
39
61
22
78
25
49
42
13
70
7
18
39
50
51
51
75
104
110
112
105
124
133
145
145
158
150
168
236
235
247
250
257
258
272
271
285
280
283
298
284
299
282
296
290
316
307
320
312
325
323
332
323
318
328
335
342
345
351
349
362
362
378
378
389
386
389
407
408
419
419
416
436
451
435
463
455
434
450
479
463
471
465
472
462
462
467
458
451
459
474
466
460
481
467
462
463
469
472
467
472
468
474
471
478
477
463
472
470
481
470
483
464
476
483
477
494
488
500
488
504
501
507
506
517
510
519
511
525
508
506
517
506
495
483
493
476
490
518
515
508
501
516
510
522
517
532
522
513
528
512
523
533
535
534
520
526
524
536
540
525
531
523
543
519
538
519
526
518
528
515
513
530
486
507
509
526
494
511
505
514
511
529
513
528
511
505
508
501
529
522
513
531
533
517
519
523
518
525
531
517
529
523
526
533
544
535
533
539
532
530
500
514
538
530
526
531
534
526
542
528
539
540
532
550
521
535
535
528
542
535
532
523
531
532
527
539
532
513
527
516
509
513
502
513
497
520
503
514
504
518
506
514
506
504
515
513
505
520
501
498
498
508
508
516
504
522
523
509
525
508
520
509
513
507
493
518
507
506
509
517
517
525
514
520
509
503
527
500
511
514
511
525
524
509
503
511
526
509
488
496
504
508
490
490
492
494
500
488
512
496
483
493
507
489
505
498
501
496
491
495
496
483
493
499
480
499
481
505
492
493
501
508
495
508
500
505
503
511
496
497
517
495
511
515
503
509
525
513
516
505
502
507
515
521
520
530
518
526
516
519
506
506
510
518
517
509
514
503
504
496
503
505
501
510
503
494
506
512
519
508
518
514
516
511
509
509
507
515
513
500
504
503
515
506
515
497
479
497
495
486
494
501
486
498
506
506
501
510
505
512
507
518
516
532
510
519
515
519
530
513
524
519
521
512
517
538
516
491
514
504
522
508
511
518
521
512
520
516
530
522
524
507
518
516
522
537
529
541
534
551
544
549
539
549
547
519
529
522
516
527
527
510
505
495
501
519
517
518
508
502
519
500
520
507
517
513
516
525
504
523
525
528
515
519
534
513
487
505
521
498
518
476
511
484
492
476
506
517
511
495
499
491
497
495
495
474
488
491
482
501
497
488
493
494
483
480
483
491
485
467
480
484
480
479
481
468
474
472
481
483
464
465
451
456
461
453
456
470
452
449
449
465
463
467
465
464
465
471
465
459
468
475
463
462
460
459
473
459
460
460
472
471
462
464
464
474
469
476
468
469
475
467
462
476
484
458
476
459
472
474
477
475
485
483
488
472
486
478
478
466
485
481
478
466
493
487
490
488
497
484
492
500
504
505
499
517
505
495
489
500
491
490
479
499
487
481
466
498
489
483
506
492
508
493
498
505
511
503
504
503
511
507
500
510
511
497
507
505
502
507
521
511
494
506
503
514
499
488
488
516
500
491
499
505
497
500
507
514
508
494
512
504
522
521
532
522
526
513
517
513
510
522
519
512
501
524
509
517
500
510
505
509
514
520
505
511
503
514
506
513
505
508
498
506
508
501
518
511
515
522
504
521
512
517
498
487
507
516
497
489
513
498
510
498
505
498
500
504
494
486
505
495
494
486
502
493
504
506
500
506
496
483
494
504
495
491
499
486
492
498
493
504
498
495
503
472
500
482
489
480
489
483
491
484
485
495
472
472
472
492
497
504
496
479
493
490
504
494
509
495
510
506
510
517
509
503
512
502
512
504
511
489
504
497
498
514
502
499
505
511
508
503
495
487
504
502
507
511
524
496
510
505
519
505
519
510
503
516
514
520
528
511
517
498
526
520
519
505
522
501
513
509
509
522
504
515
514
496
500
512
508
526
519
530
516
537
519
524
523
529
531
526
532
541
538
518
526
512
522
525
534
534
513
500
507
518
504
498
516
486
507
518
504
519
512
510
508
512
498
513
504
519
507
494
481
494
507
468
502
474
501
489
497
489
493
486
488
480
481
473
471
463
453
480
482
471
469
480
473
478
469
476
474
471
462
477
478
466
475
473
472
474
468
468
463
472
467
471
451
458
472
463
474
472
469
482
492
473
477
481
485
489
490
493
470
475
484
480
490
488
470
466
474
468
480
480
476
483
483
487
469
468
477
467
473
488
472
479
487
470
486
477
467
481
477
469
477
470
472
468
460
467
448
461
419
436
458
466
389
426
400
404
433
443
455
438
435
436
445
437
21197
21168
21181
21180
21187
21199
21258
21272
21260
21267
21253
21282
21276
21279
21272
21276
21275
21276
21277
21273
21273
21263
21278
21273
21289
21276
21292
21173
21191
242
21252
21228
21172
21181
21274
341
247
247
21180
220
21174
239
211
191
21283
21175
169
168
21251
134
105
98
21163
21157
85
60
21148
54
21133
21125
316
302
21278
217
468
156
21169
151
88
131
21142
21265
244
177
124
21176
72
3
11
20
18
39
52
82
129
127
134
127
148
147
161
171
167
168
170
172
211
211
221
222
226
224
224
225
224
223
252
245
274
284
284
284
317
317
336
358
363
360
338
389
390
407
408
429
430
450
453
476
486
476
511
507
494
488
508
503
527
521
534
527
534
532
533
536
536
554
539
531
527
539
508
514
544
543
551
543
553
553
547
556
532
549
543
552
525
538
540
520
539
534
538
533
535
527
531
524
505
514
517
524
519
527
491
529
488
512
489
506
509
500
502
491
502
494
493
485
499
493
498
493
471
490
486
491
488
502
493
491
502
498
487
502
485
496
493
493
493
499
498
488
499
489
500
488
500
489
497
488
496
492
507
499
512
500
514
509
520
513
521
514
528
512
524
525
536
528
530
518
532
527
544
526
542
535
537
543
551
544
543
561
560
556
537
563
566
574
562
570
562
569
558
565
558
569
573
562
576
563
573
565
572
563
569
561
566
572
556
569
553
545
558
556
557
555
556
536
544
555
543
541
559
555
529
538
529
528
537
528
516
523
519
509
518
524
524
521
507
519
521
515
517
539
529
534
525
538
526
529
521
538
525
542
528
540
531
540
533
537
526
544
532
538
527
532
528
518
530
523
541
527
534
529
535
527
532
495
502
521
511
524
517
519
521
506
516
510
526
510
526
519
515
511
504
499
510
501
505
513
520
502
513
501
512
500
506
500
491
503
481
494
500
492
490
479
477
478
502
492
503
491
497
498
489
489
490
502
499
484
499
487
495
487
486
485
486
506
502
496
486
504
503
502
517
502
520
508
525
517
503
506
523
510
520
515
520
519
533
523
527
527
542
534
546
554
558
568
553
547
544
532
552
532
540
547
541
553
537
543
549
532
544
536
542
528
545
522
541
530
502
513
537
496
528
530
551
531
487
473
519
477
540
430
396
360
327
363
216
168
151
278
448
409
254
259
377
443
337
343
272
222
459
332
445
209
423
301
170
476
308
149
159
275
221
312
170
195
507
173
388
249
216
246
288
522
