16
30
73
187
94
206
193
203
209
224
225
235
213
231
236
243
252
269
270
290
291
311
315
305
343
342
360
359
376
375
388
399
400
413
420
428
443
442
462
462
481
480
494
503
504
521
521
537
538
553
552
567
568
585
589
570
579
582
570
576
582
576
575
580
576
571
578
571
556
567
561
563
555
554
552
541
553
544
554
556
549
547
561
550
562
552
555
560
555
560
548
555
558
546
556
547
547
559
554
544
557
547
545
550
538
546
538
541
534
531
544
540
548
541
541
533
546
533
544
528
536
525
539
530
538
540
532
535
534
537
532
541
525
532
522
534
523
527
517
523
514
514
517
527
523
515
512
521
514
518
523
526
531
519
538
524
539
528
536
526
538
532
531
529
524
525
535
531
525
531
546
537
545
538
546
542
547
550
550
546
550
552
545
556
548
554
544
559
552
561
555
563
564
560
567
564
559
566
556
567
560
562
550
548
562
557
545
555
551
553
556
545
560
553
565
547
555
551
555
554
555
569
557
558
551
554
547
558
550
553
561
546
556
542
552
544
546
541
545
541
546
540
536
541
540
532
546
539
559
553
543
557
547
552
540
550
542
540
542
555
542
554
543
551
557
548
552
562
554
560
556
543
547
555
551
546
554
552
544
554
537
537
547
532
537
545
536
549
547
549
539
535
540
542
531
528
543
602
593
600
593
602
614
606
615
629
624
625
634
614
630
618
628
640
623
632
633
616
632
624
620
623
625
624
635
628
620
625
630
629
632
631
639
630
640
643
628
645
634
639
634
638
639
638
649
632
568
571
570
566
572
567
550
556
554
549
551
546
544
553
546
542
538
536
536
529
534
540
531
543
535
527
538
526
537
529
530
536
523
533
526
523
524
524
532
520
516
520
524
513
522
523
509
509
522
518
521
511
522
514
513
517
519
507
511
521
522
511
514
508
509
518
517
519
509
508
520
522
506
510
517
516
507
526
514
515
516
513
518
516
515
517
514
518
505
522
514
520
519
508
508
521
519
518
520
520
514
518
515
527
518
525
511
519
521
523
5112
511
5113
5117
5127
5125
5116
5111
5129
5120
5128
5115
5134
5124
5119
5118
5128
5112
5111
5120
5109
5119
5115
5117
5124
5126
5131
5119
5127
5116
5126
5124
5131
5121
5134
5132
5118
5134
5126
5127
5131
5137
5120
5127
5130
5119
5147
5138
5146
4080
4071
4058
4048
4048
4033
4034
4030
4013
4011
4005
4007
3992
3993
3988
3979
3980
3975
3967
3962
3958
3960
3956
3947
3942
3937
5133
3923
3958
3945
3941
3931
3929
3924
3930
3922
3919
3912
3914
3912
3901
3892
3897
3896
3882
3873
3946
3860
3945
3975
303
278
156
140
131
134
135
139
143
148
151
155
160
160
163
165
167
170
174
176
178
179
182
186
189
188
190
192
196
200
201
203
202
205
208
212
213
215
215
209
210
212
215
217
218
222
223
225
3977
8
159
147
168
168
178
194
191
214
202
228
228
236
254
246
268
270
285
294
284
310
321
310
336
345
335
356
364
370
379
393
392
410
409
423
423
440
439
449
460
473
473
483
493
504
503
513
529
524
534
543
544
551
536
547
554
546
537
552
535
540
545
546
548
540
539
538
537
536
563
544
554
560
553
543
555
553
557
547
550
546
549
546
541
547
553
548
541
552
548
542
555
546
547
549
551
547
544
556
551
548
553
563
565
577
560
579
570
568
588
579
577
578
567
577
574
574
580
556
565
557
572
557
567
574
565
562
566
566
564
566
571
565
563
574
570
568
580
567
571
577
573
572
575
577
575
577
578
578
576
577
576
560
547
556
550
553
552
551
543
551
540
554
550
559
545
544
549
560
551
550
545
554
545
547
548
539
548
553
553
555
548
539
552
556
543
547
545
558
550
548
547
555
560
541
552
559
546
548
546
550
548
535
550
541
542
541
538
541
544
534
535
543
542
536
535
538
542
529
540
542
540
546
538
540
539
543
541
531
544
529
543
534
533
526
524
536
523
518
533
523
520
527
512
530
521
524
525
523
539
547
555
548
558
557
570
553
574
565
569
568
575
574
576
587
586
604
599
586
610
598
608
608
607
610
604
612
611
620
619
615
624
623
628
621
633
633
634
645
628
638
649
635
636
644
639
646
649
636
655
625
637
634
625
618
618
622
609
619
616
609
617
619
607
602
603
582
597
596
574
584
574
575
563
574
569
563
569
578
577
583
587
577
581
575
573
571
564
568
556
563
562
553
558
563
555
561
560
541
551
543
548
552
542
553
556
543
554
546
549
543
550
537
547
539
539
546
537
539
534
541
545
535
545
547
535
544
547
524
535
527
531
535
527
526
531
534
527
534
529
539
523
534
537
524
533
526
530
523
529
535
529
529
522
530
518
528
517
522
527
520
529
523
525
529
527
530
533
524
534
536
523
545
542
545
538
548
545
538
544
537
545
532
547
538
545
539
533
540
533
540
533
540
527
537
537
531
538
531
540
538
532
538
543
532
542
544
537
544
532
542
532
543
536
537
530
540
538
531
540
538
531
529
522
521
526
517
521
526
515
526
526
519
526
519
527
525
518
525
529
519
529
520
529
532
520
527
530
524
533
531
524
533
520
531
523
527
521
529
521
527
520
524
532
522
532
535
522
533
535
523
532
533
527
537
534
528
536
523
533
524
529
534
524
534
537
524
534
536
524
534
535
528
538
537
531
539
537
530
538
536
530
536
540
530
534
540
527
538
537
532
537
548
534
543
536
540
543
535
539
544
537
540
534
542
541
534
544
538
546
540
551
538
551
541
544
542
547
546
538
547
534
540
531
533
532
536
533
526
534
527
529
521
527
532
524
526
525
520
520
520
527
528
523
524
524
524
522
532
525
529
523
527
533
537
524
531
531
539
533
535
546
545
539
553
566
562
557
565
571
575
567
576
589
583
593
584
583
593
594
588
600
602
585
584
578
577
575
568
561
558
551
548
539
535
531
524
511
501
500
491
487
490
477
478
472
455
458
451
433
435
429
417
407
393
390
386
366
359
357
354
352
337
334
328
326
322
313
303
301
297
593
9
42
157
158
182
181
191
212
213
229
230
246
245
260
262
270
268
284
282
299
297
313
312
327
327
342
341
358
357
372
370
385
385
400
398
414
412
427
425
443
442
456
458
471
468
484
482
501
501
517
515
521
530
529
513
524
521
508
507
511
509
510
515
514
508
517
513
512
522
511
517
521
515
520
515
515
519
520
516
515
521
516
509
517
523
513
517
516
521
522
516
522
519
522
516
524
518
535
539
535
528
537
539
532
544
545
543
538
547
547
538
542
531
536
530
527
535
534
530
525
536
527
525
520
531
530
532
531
529
537
533
526
538
539
526
539
531
532
533
521
520
530
531
524
524
524
504
500
501
505
510
498
500
495
498
506
498
506
495
496
501
502
496
495
503
498
497
501
498
490
497
503
496
496
500
496
492
497
500
488
497
492
496
494
493
494
493
501
491
495
487
504
502
496
508
505
504
507
511
500
504
508
507
502
507
507
501
506
506
505
501
502
513
505
506
499
510
511
506
516
505
505
514
520
506
513
509
512
511
499
514
505
502
503
507
507
498
506
513
507
507
506
511
507
511
504
515
504
508
512
501
510
506
505
503
503
509
499
502
506
508
507
509
501
512
507
506
504
500
503
498
507
507
494
504
501
504
503
502
507
507
502
505
504
505
511
503
504
499
500
497
492
503
503
496
503
490
504
497
499
498
504
504
499
498
510
500
503
509
495
498
506
507
502
499
505
509
496
508
515
506
511
498
512
508
517
513
504
511
502
508
507
514
505
516
508
505
510
512
511
511
509
506
500
507
504
498
503
508
502
498
492
502
507
492
499
499
475
474
485
485
496
488
493
500
490
489
484
490
490
482
487
485
492
494
485
489
490
487
494
481
490
484
488
495
503
502
517
514
516
520
531
515
529
539
529
542
535
542
550
545
553
549
560
549
12034
12051
12022
12058
12054
12054
12055
12048
12044
12056
12059
12045
12060
12053
12063
12062
12056
12065
12058
12063
12056
12066
12060
12072
12064
12058
12076
12061
12069
12076
12070
12058
12063
12051
12057
12048
12042
12044
12040
12042
12034
12046
12043
12056
12039
12048
12035
12042
12032
579
568
566
544
545
552
545
551
558
563
550
561
555
566
552
544
560
555
538
536
526
522
517
512
503
497
493
471
467
466
448
436
431
421
416
408
408
402
393
385
377
366
351
342
325
322
318
313
305
302
295
290
279
275
271
250
243
236
236
219
215
209
205
194
193
183
4
20
19
42
80
163
163
176
183
183
204
202
213
214
228
236
245
254
244
267
262
263
276
270
286
286
316
330
317
342
349
361
360
376
390
399
375
408
419
430
430
448
445
461
461
481
496
496
514
514
533
533
544
545
553
546
554
540
533
524
527
528
521
527
534
524
525
531
532
520
522
521
523
522
523
522
509
503
512
501
510
498
513
499
510
502
509
501
506
504
505
503
496
502
491
498
482
497
480
478
489
483
479
487
496
503
491
507
497
506
499
511
498
504
496
505
496
504
503
509
507
500
503
496
503
496
501
506
496
499
503
495
503
495
494
501
499
492
487
501
494
487
497
488
497
489
497
488
495
485
489
492
499
490
492
495
503
493
502
493
502
492
499
489
498
489
497
489
483
493
493
492
497
491
498
491
500
488
501
495
496
490
496
490
497
486
496
489
496
484
496
489
494
498
489
498
489
499
491
501
494
505
490
498
492
504
488
493
495
494
495
488
496
490
496
488
495
488
495
485
497
490
498
491
497
489
499
492
500
493
500
493
500
492
495
495
502
495
503
496
502
495
504
493
491
496
501
491
500
490
497
498
491
497
489
492
486
494
488
496
485
495
485
494
486
497
488
497
488
495
498
493
497
505
503
496
501
502
504
502
498
511
503
515
506
514
519
512
516
515
524
525
517
523
528
517
525
532
519
525
542
529
539
545
545
544
554
546
551
552
559
554
550
556
558
565
562
558
568
555
557
557
555
570
560
567
557
562
550
558
550
549
533
540
547
554
539
546
553
538
557
542
555
550
554
550
547
544
550
548
545
543
554
541
553
547
543
544
537
550
538
536
550
555
546
550
543
558
556
546
557
570
563
562
569
556
559
565
562
577
572
568
576
570
572
568
574
568
567
574
567
559
565
561
553
572
572
577
579
571
571
590
574
581
604
600
599
604
599
599
595
615
600
603
603
588
603
589
598
602
596
599
599
592
598
591
602
591
595
595
589
602
587
593
603
596
605
607
615
615
621
617
607
604
602
586
580
576
561
557
555
529
522
518
481
480
482
470
463
460
450
435
429
424
416
410
398
392
380
370
360
356
352
346
329
325
320
320
314
300
287
283
277
273
257
238
233
225
213
203
89
91
94
96
99
100
102
103
104
107
109
111
113
118
120
122
125
127
130
133
134
136
136
225
240
258
240
272
273
290
289
313
314
337
336
361
360
381
380
403
407
412
402
414
445
445
467
480
467
494
414
403
414
427
426
442
450
451
469
477
492
478
507
522
520
533
545
560
570
579
561
593
606
598
596
605
611
595
613
600
612
602
597
601
608
592
612
595
606
575
579
588
589
584
585
601
602
605
605
609
603
611
606
609
596
617
604
613
612
611
618
615
611
619
616
622
609
615
614
625
616
627
611
628
618
627
611
633
611
620
613
629
620
627
612
622
608
618
621
632
638
625
629
639
653
659
844
858
860
853
853
844
842
841
838
833
835
827
827
820
821
824
820
814
815
806
805
797
797
792
791
781
781
778
781
774
776
766
762
759
762
758
760
753
755
753
755
750
747
739
732
726
717
717
711
707
516
509
504
503
503
501
506
502
501
501
498
498
496
497
494
491
492
491
489
487
486
487
486
486
486
486
485
483
489
498
502
504
512
509
507
508
504
506
503
501
502
500
498
497
496
493
495
495
494
490
481
474
465
456
452
441
434
426
422
414
404
399
393
388
382
373
366
437
446
452
455
457
463
463
460
453
445
442
426
410
399
395
382
367
377
362
377
405
411
405
416
409
448
442
454
448
450
457
412
406
405
421
422
442
441
460
460
473
484
499
499
521
520
533
543
554
554
565
574
567
577
574
564
537
531
539
548
555
555
572
577
577
590
597
610
628
627
640
637
638
640
601
611
616
614
606
612
610
611
600
602
590
581
596
588
591
593
595
586
585
570
579
578
579
582
570
581
570
569
572
562
569
561
571
563
574
564
566
559
564
557
564
556
567
555
544
552
551
538
550
535
530
544
540
540
531
535
535
539
538
527
541
540
531
546
531
534
537
527
529
537
537
530
540
533
539
527
539
532
532
524
533
526
527
532
522
529
531
524
534
527
530
537
538
529
526
533
533
538
528
532
535
537
526
534
528
533
543
534
539
532
536
525
536
529
524
530
534
528
532
517
533
525
531
524
531
525
529
520
525
525
534
538
539
524
534
520
532
525
524
533
535
520
529
523
530
522
522
518
529
523
525
517
526
516
533
522
521
529
519
520
529
533
527
532
550
540
540
533
532
542
536
539
536
548
548
540
546
539
548
530
527
533
535
526
536
528
531
524
531
518
531
524
535
528
538
537
546
538
538
531
539
532
539
531
539
532
542
526
536
526
537
530
538
526
523
516
521
526
513
524
518
528
516
506
501
513
496
491
489
481
472
498
471
498
494
489
501
492
494
497
489
496
485
483
495
491
482
489
480
490
479
485
488
480
479
488
486
478
481
475
477
469
475
476
472
478
483
471
475
471
478
468
429
473
436
448
449
434
460
471
471
486
493
499
487
503
490
504
497
494
511
506
507
498
510
505
524
514
526
527
538
531
528
537
534
557
542
552
560
559
569
566
573
583
607
617
609
604
614
609
614
630
621
629
618
627
638
630
637
641
636
643
647
655
645
654
663
668
665
671
667
677
670
679
663
666
666
676
680
668
674
673
675
680
689
670
685
670
676
683
670
683
663
675
637
642
646
631
641
651
649
649
647
641
653
644
648
640
642
637
647
630
639
631
639
629
630
632
627
619
632
616
624
616
634
624
619
616
618
610
618
612
604
614
612
612
604
606
605
594
600
602
596
587
608
587
595
600
592
599
598
597
596
608
589
592
590
605
597
583
601
586
576
589
577
585
593
581
590
584
596
588
590
583
584
592
584
571
588
565
581
583
574
575
566
561
574
574
582
569
564
577
560
562
571
568
571
569
577
569
573
559
572
559
568
574
579
561
583
568
579
585
577
575
582
581
573
586
580
585
580
571
573
587
576
573
581
588
574
582
594
579
592
583
599
587
592
589
604
593
597
598
597
603
607
594
598
597
609
600
592
581
597
592
591
595
584
590
576
597
588
580
590
580
580
587
594
586
581
592
587
586
586
587
584
593
577
580
587
576
587
586
574
569
583
583
575
575
557
568
558
567
548
557
559
554
564
550
565
566
556
555
567
567
559
568
559
560
551
558
558
560
559
551
557
556
560
552
549
562
555
554
545
564
560
544
554
564
560
551
556
555
548
556
550
545
554
564
561
562
564
570
569
567
581
562
575
566
555
560
576
568
576
567
564
575
564
563
556
563
564
566
561
554
553
566
549
555
543
561
550
550
555
571
556
568
557
567
565
562
590
572
585
575
589
577
589
580
584
594
603
591
583
590
607
591
602
591
609
599
601
593
603
608
602
611
611
609
615
617
618
625
629
627
629
645
633
638
626
639
637
641
645
626
636
622
639
630
639
638
617
625
612
621
622
614
616
628
623
605
599
609
613
603
596
603
601
594
598
591
597
589
589
593
585
587
577
588
573
574
569
576
563
556
556
561
555
554
561
560
553
567
548
560
549
563
551
565
544
561
550
549
546
551
551
545
551
544
554
547
557
545
552
547
544
552
555
549
555
549
553
560
552
559
552
561
555
564
557
565
561
559
567
567
564
570
563
569
564
569
561
565
558
567
561
559
566
552
565
552
565
555
554
562
566
569
564
561
564
563
570
563
570
569
565
558
569
566
554
565
559
565
558
565
559
564
556
553
561
552
560
559
558
553
553
564
560
546
559
549
563
550
565
552
554
557
562
562
551
562
548
558
548
560
553
553
560
549
556
545
548
552
547
538
553
546
552
554
547
557
549
554
546
554
550
547
557
545
558
546
559
552
551
554
563
555
558
551
555
547
554
547
552
545
555
548
558
545
552
553
547
557
550
559
553
563
549
563
550
564
555
563
556
566
553
565
552
560
554
551
559
562
556
562
561
555
562
555
560
554
563
557
569
558
561
554
561
553
560
555
563
556
567
557
565
559
566
559
556
563
568
564
557
562
555
563
555
563
558
562
554
563
557
563
555
565
559
557
565
557
566
550
564
552
568
559
566
559
560
563
562
571
560
572
566
560
563
570
569
562
569
562
567
560
567
559
560
568
581
575
586
572
587
582
575
579
586
581
571
581
574
579
571
582
574
573
579
579
584
576
581
573
578
570
579
571
579
572
572
581
578
561
576
562
575
568
571
568
579
571
577
569
573
570
566
575
564
560
553
565
560
554
561
561
554
564
548
562
553
560
553
560
552
559
555
551
562
555
556
549
555
551
543
557
549
545
550
558
549
554
547
561
556
549
554
555
559
562
544
550
560
564
553
565
557
562
555
553
559
559
552
562
554
548
561
559
554
549
543
554
542
532
521
534
528
521
521
515
512
513
503
503
509
495
500
498
474
469
461
458
449
476
486
489
490
483
483
477
466
456
451
454
440
441
428
430
423
414
402
404
391
391
384
373
364
366
355
357
354
350
352
348
345
339
341
330
333
326
320
322
314
311
307
310
273
269
270
272
274
275
276
270
254
243
238
498
9
123
116
137
148
135
159
170
169
184
185
200
206
209
223
223
238
248
248
264
273
273
287
300
287
310
317
330
329
347
346
363
375
363
386
397
398
414
414
429
428
446
457
445
466
478
488
466
497
509
508
518
518
507
516
509
512
498
509
506
508
500
508
508
506
501
508
503
495
504
504
503
506
506
500
507
510
495
499
493
502
500
495
502
491
492
493
493
489
491
492
480
490
488
483
495
489
487
490
489
484
491
485
488
479
490
490
483
494
494
488
494
493
487
493
497
487
497
501
489
491
486
494
491
497
495
500
495
503
509
509
519
519
523
528
522
532
535
538
534
536
541
543
541
550
539
552
545
552
541
552
542
552
556
548
548
555
553
549
549
544
553
548
550
546
550
549
547
546
549
550
547
545
548
548
536
535
532
526
527
530
532
521
517
520
524
527
529
529
531
528
529
530
525
524
520
522
520
523
521
524
540
528
526
574
576
575
577
588
589
577
591
585
587
585
578
589
587
593
598
590
593
601
607
598
609
601
611
601
606
615
614
605
619
609
612
623
612
623
622
627
617
629
619
631
624
636
626
635
625
636
628
635
579
621
582
574
572
585
576
579
588
580
586
590
583
584
596
581
586
578
591
596
587
581
584
596
584
583
587
588
587
590
577
572
568
574
572
559
558
563
563
551
552
550
550
553
546
545
544
549
551
540
550
548
543
546
547
538
545
545
536
530
541
528
530
540
522
521
512
514
519
506
510
514
519
500
511
509
511
502
512
495
490
504
512
499
507
519
511
516
503
514
520
510
518
504
514
520
509
513
514
512
518
508
504
515
515
500
508
504
509
512
511
509
507
515
508
514
525
517
521
511
522
524
507
517
521
510
515
502
506
513
517
510
508
507
510
504
517
504
508
511
510
508
510
504
502
509
512
506
504
502
502
511
510
501
510
511
508
515
507
512
507
505
512
500
500
501
502
501
507
497
500
495
500
509
502
497
505
503
501
511
496
505
508
511
503
497
501
505
508
498
499
495
497
503
497
499
494
508
495
503
497
499
506
509
502
494
509
493
499
500
503
499
502
512
504
505
504
500
503
509
505
503
509
493
504
506
500
490
506
499
490
507
496
503
505
493
504
509
496
500
500
511
514
500
508
512
515
498
511
504
510
500
498
500
510
502
501
499
502
502
495
504
496
492
502
508
492
504
495
498
501
496
496
500
498
500
507
512
497
505
508
508
505
510
499
507
497
499
503
503
498
501
499
497
504
503
487
495
494
503
493
506
499
498
495
491
497
506
509
499
498
502
503
500
504
503
501
498
503
502
508
502
513
504
505
502
512
505
503
524
510
526
515
510
505
508
507
518
525
519
527
516
527
525
535
523
540
537
534
540
538
543
549
547
555
557
553
572
561
577
589
574
581
588
592
579
593
591
601
596
596
592
595
610
606
609
609
608
588
597
593
593
611
603
617
602
602
598
597
602
591
592
596
586
586
590
587
584
591
584
570
577
567
578
570
576
565
554
563
552
545
539
533
546
533
538
530
525
533
522
531
522
525
530
523
521
524
518
521
531
520
527
525
514
522
529
519
530
523
526
530
530
530
523
539
531
536
526
531
519
529
520
530
523
518
528
531
526
528
527
532
526
538
520
533
524
535
536
542
532
535
527
527
520
530
520
525
518
527
514
523
517
521
515
526
510
521
510
521
513
517
512
515
522
512
522
512
523
513
522
511
520
524
519
529
520
524
517
524
518
523
518
523
518
523
517
523
516
521
515
522
517
25210
25204
25220
25216
25219
25212
25214
25206
25203
25196
25194
25215
25188
25233
25219
25211
25205
25196
25197
25198
25189
25181
25180
25177
25168
25163
25154
25149
25143
25128
25123
25115
25111
25106
25101
25091
25087
25078
25073
25063
25059
25051
25046
25038
25033
25023
25019
25008
335
307
299
222
214
206
207
207
220
223
224
232
239
245
25224
4
5
34
81
92
105
117
132
215
216
232
241
235
252
249
262
275
272
286
284
299
297
309
304
321
321
330
329
349
341
357
358
368
382
403
419
419
437
436
454
453
462
463
480
480
497
496
512
524
524
537
555
555
577
571
583
587
571
590
568
575
573
567
573
579
572
569
575
563
572
572
561
571
574
563
575
574
567
573
566
573
568
571
554
552
539
538
537
528
527
523
519
511
549
501
497
495
484
483
481
463
466
454
451
445
438
436
506
433
430
421
420
417
406
403
397
385
379
372
360
354
347
337
332
324
313
308
297
293
284
279
270
264
256
248
433
10
121
120
134
146
154
146
167
176
176
194
194
211
219
219
234
235
243
263
263
282
284
287
289
291
292
280
322
323
326
328
330
332
335
337
339
342
344
346
348
350
353
356
359
361
363
365
368
370
373
368
365
359
349
350
345
335
327
323
314
311
303
292
322
289
391
392
402
386
393
364
386
363
400
416
416
433
261
277
276
291
291
305
306
320
327
329
341
340
357
356
372
382
372
385
392
391
403
402
409
413
425
434
424
451
450
468
475
477
491
490
509
499
521
525
520
528
526
521
524
515
526
496
510
486
494
494
491
483
497
501
490
499
494
503
505
504
505
500
505
513
501
516
507
508
507
516
512
525
510
515
519
524
528
510
514
513
513
520
515
514
517
516
516
523
517
513
515
521
526
516
510
514
520
520
513
514
518
525
512
516
517
512
524
515
513
515
501
514
502
509
515
507
518
511
510
509
512
510
508
510
510
510
509
508
512
509
513
517
506
518
516
513
515
514
512
515
514
515
513
512
516
514
516
516
514
518
513
517
523
519
519
524
514
523
522
522
529
522
521
519
522
521
519
529
522
522
521
520
524
518
523
524
511
520
519
521
505
520
514
515
517
506
503
505
512
518
507
505
505
508
502
508
510
505
496
500
501
511
501
500
498
501
500
502
500
502
506
496
500
504
499
503
501
499
500
496
508
501
494
498
497
496
494
506
515
511
499
511
508
512
511
509
514
512
512
515
507
518
511
516
509
520
510
511
503
517
509
516
499
514
513
506
504
508
494
503
501
507
500
510
510
505
513
512
510
515
511
505
520
524
513
516
511
502
501
499
514
507
507
506
505
509
508
503
509
511
503
513
500
522
508
527
536
520
537
536
545
545
551
552
559
557
575
562
584
576
586
569
589
582
593
585
582
585
594
601
602
593
603
591
614
606
606
613
608
613
610
625
618
618
629
623
639
629
630
630
638
624
626
626
633
624
628
631
615
629
614
624
622
621
622
605
612
609
606
615
602
605
612
604
610
613
617
604
610
600
609
609
610
598
601
610
596
613
614
605
611
594
598
608
591
583
588
586
597
584
586
587
585
592
574
592
583
579
571
576
577
575
571
570
570
571
568
571
568
566
564
551
571
557
557
551
557
556
553
552
562
545
549
555
545
545
545
552
538
537
545
548
545
546
543
541
532
546
545
538
541
542
549
541
534
535
543
537
532
538
545
538
533
541
529
536
531
544
541
526
535
525
539
531
536
531
545
533
555
555
544
558
552
555
548
560
547
552
544
550
545
542
555
553
567
562
569
558
567
560
563
568
568
575
568
573
575
581
586
578
580
587
592
591
595
591
597
602
604
594
599
607
602
594
603
598
605
598
584
587
595
583
583
594
591
593
594
599
593
591
598
597
604
594
601
604
589
591
590
599
606
585
592
594
591
602
580
588
582
591
576
590
588
587
600
586
598
586
592
590
591
598
585
590
605
603
587
597
609
594
601
600
603
621
613
625
624
621
608
628
608
613
616
623
615
611
623
618
630
618
619
616
621
617
625
619
632
623
628
610
631
620
613
606
621
607
623
611
616
609
622
613
604
610
612
611
609
611
602
610
595
611
603
580
582
590
588
586
599
595
583
596
599
582
590
591
591
599
597
592
591
600
598
583
575
561
562
552
547
536
538
531
518
515
502
504
498
488
482
472
460
456
450
451
438
440
437
425
413
415
403
404
399
388
382
365
359
351
347
343
336
581
319
307
308
298
286
318
272
265
257
276
21
77
114
127
128
141
154
140
169
167
184
186
192
201
200
214
226
238
226
249
259
260
277
278
295
294
313
313
330
330
344
357
357
371
376
389
376
400
410
410
425
425
440
452
440
463
474
473
487
501
500
508
516
513
510
521
524
511
527
511
518
516
511
506
514
502
516
507
514
501
513
508
498
491
502
500
490
496
490
488
496
490
483
495
481
490
483
488
483
479
482
480
484
480
493
483
489
490
486
482
496
491
492
494
492
487
493
494
505
490
495
504
496
507
507
504
511
504
508
516
504
518
530
518
529
521
528
538
530
529
543
537
536
537
544
546
538
550
556
550
557
549
551
552
546
556
545
557
550
552
556
548
555
549
561
554
551
555
543
554
547
548
552
546
545
555
556
554
555
554
547
556
552
546
552
560
551
555
560
552
557
561
553
559
543
553
546
549
548
538
549
553
546
550
555
544
555
555
549
571
563
556
564
550
562
564
559
557
555
561
549
565
563
556
567
555
566
558
556
555
558
565
553
561
569
553
563
566
561
553
564
550
561
551
559
563
552
563
566
559
561
567
560
559
559
557
565
553
564
552
546
554
556
550
550
560
552
556
561
555
548
558
557
551
558
546
558
553
563
557
550
553
602
594
600
593
598
596
591
603
590
585
597
588
585
596
587
588
573
580
585
572
577
584
576
574
576
580
572
572
577
580
565
576
568
564
572
569
569
563
569
569
557
556
564
551
559
553
560
562
556
561
498
515
509
511
511
506
514
500
503
514
500
512
506
517
508
512
519
513
513
522
516
515
509
516
505
517
516
509
512
513
509
506
517
507
513
521
506
512
518
512
505
515
514
508
505
514
519
505
508
506
514
513
512
502
511
517
502
508
508
509
506
499
511
502
510
503
504
508
501
503
501
493
510
503
499
502
505
500
504
504
497
498
509
512
521
518
512
530
517
532
526
539
535
530
544
548
534
538
531
529
529
533
521
526
520
524
529
525
548
562
563
558
580
579
585
578
592
579
583
599
599
593
597
592
608
613
613
609
607
594
617
602
592
618
602
603
601
605
593
602
603
590
604
596
594
601
594
601
609
625
619
622
617
625
620
619
621
628
578
583
585
587
574
566
567
570
572
564
564
549
559
550
564
557
563
552
547
537
541
557
559
552
565
558
570
565
576
558
569
561
565
574
573
572
580
562
580
572
560
577
579
564
578
591
605
595
593
605
612
603
603
613
607
605
623
613
623
621
614
628
628
633
614
616
613
623
615
608
608
601
605
619
606
603
604
594
595
585
580
570
566
554
547
546
543
534
531
522
519
510
507
497
477
467
465
454
450
441
437
427
429
417
404
395
389
378
381
375
362
364
352
354
350
343
334
337
326
329
324
316
290
293
288
281
283
594
10
142
146
153
173
172
196
195
215
214
224
236
244
263
275
262
297
289
307
318
319
335
333
343
359
374
372
382
399
397
414
413
422
438
438
469
468
488
487
515
516
532
533
545
562
561
576
576
587
598
600
616
623
615
615
621
606
623
610
632
624
635
626
623
636
628
627
640
631
641
640
640
646
654
647
652
644
655
648
641
646
655
652
648
647
645
655
642
649
630
646
644
643
649
629
647
638
648
656
659
652
661
654
671
673
665
672
669
672
657
673
672
673
663
672
676
668
665
652
657
660
651
652
648
643
645
652
640
639
643
641
648
634
639
630
631
624
616
612
621
626
609
610
613
613
607
596
607
592
597
583
585
578
581
563
561
565
568
550
557
546
550
548
554
537
540
542
538
547
547
544
539
539
552
541
542
536
549
541
540
539
545
550
540
548
538
540
539
541
547
533
544
550
541
539
544
546
543
542
539
548
537
538
539
540
538
541
526
531
527
529
529
529
523
536
526
533
523
524
526
520
527
525
521
533
525
524
517
522
524
522
512
511
517
512
512
515
525
509
515
518
520
514
504
517
515
518
520
517
519
519
520
517
514
524
512
516
520
526
514
530
521
520
527
512
522
511
521
525
526
518
516
521
522
517
529
521
523
527
528
527
516
529
526
531
528
526
527
538
529
529
522
524
530
521
518
516
524
520
523
518
521
529
518
544
542
556
545
548
542
543
552
555
543
538
544
551
552
548
544
555
546
554
545
553
547
538
552
554
542
552
560
549
548
544
551
551
545
548
560
555
551
565
566
567
564
569
569
576
568
562
577
563
569
537
550
535
545
540
547
548
550
538
555
547
549
554
545
548
550
546
548
535
549
548
537
550
547
545
543
551
534
544
553
545
542
548
547
544
541
538
547
534
535
543
543
547
556
541
562
553
557
556
555
562
562
570
562
571
562
572
558
559
572
569
570
572
573
576
571
580
576
575
587
588
596
585
583
596
597
595
597
605
598
610
610
608
615
608
609
611
602
611
605
607
611
607
588
586
593
593
582
581
595
581
585
597
592
581
591
579
587
577
586
592
584
583
577
584
578
584
586
583
581
595
583
585
581
585
594
578
586
577
588
578
569
578
567
565
567
559
563
557
566
558
560
545
552
557
549
547
538
540
543
548
531
536
536
531
536
540
530
536
528
529
517
521
528
517
523
523
513
515
515
498
495
503
495
495
489
487
482
486
486
482
484
494
481
493
491
484
492
495
488
498
495
488
498
496
485
495
502
495
499
486
498
486
489
496
482
494
493
485
483
492
491
501
492
486
498
498
492
501
498
494
503
492
499
502
492
499
492
497
484
498
491
492
487
491
486
494
484
483
488
489
484
492
481
492
485
487
475
487
475
479
482
479
475
489
486
474
483
486
480
483
490
478
482
489
486
474
484
485
484
480
482
490
490
478
491
480
483
477
489
485
478
485
492
482
496
483
494
487
492
479
490
481
491
480
495
483
488
493
492
501
486
500
494
493
499
492
495
489
497
486
492
489
486
488
488
483
491
486
498
498
491
493
482
483
492
506
511
502
510
505
512
502
506
500
504
502
499
508
509
503
509
503
508
502
507
505
512
503
509
510
503
507
513
506
509
499
509
505
505
510
506
514
509
508
514
507
510
496
511
505
504
508
493
503
500
498
497
492
493
502
492
502
494
499
490
503
498
496
496
492
499
489
498
506
496
509
501
505
504
503
501
510
497
511
498
505
499
513
505
508
496
501
507
501
506
497
502
510
502
507
500
507
506
512
503
509
511
501
507
494
507
494
504
507
498
502
496
515
514
517
518
519
509
515
519
525
526
531
535
540
538
544
543
548
548
551
552
560
557
567
571
564
567
568
577
581
579
590
594
593
592
592
603
598
607
605
609
610
614
613
621
624
621
628
631
636
627
639
638
641
643
640
640
638
640
640
639
640
641
638
635
636
638
639
641
642
642
645
648
647
645
505
648
655
647
647
645
632
644
641
630
638
625
631
622
621
625
630
624
629
627
625
613
624
611
617
603
612
600
606
593
597
587
598
588
595
583
592
583
581
585
586
573
578
567
571
561
567
554
563
552
537
560
546
556
557
547
552
545
549
543
548
546
552
546
552
544
557
544
558
545
552
544
551
545
553
546
551
545
553
547
555
547
545
553
552
544
544
552
557
546
552
545
555
549
559
553
560
554
561
554
561
553
561
553
559
553
552
560
563
555
561
554
560
553
559
552
560
553
588
588
594
594
597
589
590
596
602
594
603
596
596
599
587
581
588
584
570
585
571
585
574
587
575
586
573
587
575
575
589
590
576
590
578
592
579
593
581
596
583
597
587
599
587
601
588
616
603
618
568
577
587
586
572
584
570
582
567
581
568
581
575
585
581
593
587
603
596
602
591
601
594
602
594
603
596
604
597
603
597
596
604
596
603
603
596
602
595
602
595
601
594
604
596
604
597
581
588
586
579
585
577
584
577
583
576
585
578
585
578
587
580
588
580
590
582
589
583
590
583
590
583
589
583
590
583
589
582
588
581
586
579
586
575
586
578
585
578
577
585
585
577
583
576
584
576
584
575
584
576
584
577
585
578
585
577
583
575
582
575
580
572
580
572
581
573
580
573
581
574
582
574
582
574
581
574
582
575
582
575
582
574
582
574
582
574
581
574
582
573
581
574
579
572
579
572
581
571
580
573
573
580
578
572
578
571
580
573
578
586
588
580
587
581
586
579
586
578
576
584
582
574
582
574
581
573
580
574
579
572
581
574
579
572
579
573
580
573
581
573
578
571
580
573
581
573
580
574
23807
23801
23806
23812
23800
23874
23880
23873
23879
23861
23873
23875
23877
23882
23893
23894
23882
23894
23880
23892
23880
23894
23893
23903
23911
23908
23916
23908
23913
23905
23914
23906
23965
23958
23967
23959
23965
23958
23965
23957
23963
23956
23964
23957
23962
23954
24026
24019
24027
792
793
796
798
784
801
723
723
716
721
715
721
714
713
688
703
691
703
704
696
756
748
737
739
751
728
736
718
725
719
732
720
732
668
680
667
678
666
678
665
677
666
676
663
676
664
677
598
610
597
611
599
611
601
610
598
611
598
611
599
597
610
611
599
628
616
629
637
625
580
573
575
585
591
585
607
596
615
603
609
609
620
608
622
610
625
619
624
622
628
615
629
617
629
623
630
624
638
626
639
626
642
629
642
633
646
633
633
646
646
641
637
646
636
621
622
629
625
618
622
630
619
623
615
615
603
594
607
605
611
598
602
608
595
599
602
603
590
606
607
599
601
608
595
608
621
622
609
621
610
624
622
613
624
618
623
618
613
631
613
614
614
604
617
620
611
613
600
595
605
601
594
597
595
599
596
597
595
590
600
586
579
575
581
587
572
577
581
572
577
570
574
568
560
547
545
537
546
545
533
536
535
536
534
529
538
529
527
541
538
530
528
531
531
532
537
530
538
542
526
531
534
539
540
537
540
539
539
537
528
540
545
534
531
535
543
533
526
538
525
543
534
522
535
536
533
525
536
532
531
530
533
523
524
532
538
525
526
535
524
541
533
533
534
531
532
528
533
527
540
529
528
528
541
532
539
523
541
530
531
529
536
534
538
535
537
535
546
534
529
526
542
531
549
535
543
552
545
530
548
539
542
542
540
542
539
540
538
534
531
536
535
539
544
542
532
546
546
549
534
553
543
526
543
533
533
540
526
537
539
525
528
535
533
534
522
524
527
534
535
533
530
536
522
529
525
535
533
539
527
535
534
548
538
546
542
532
541
544
546
534
543
546
544
544
542
542
549
534
541
543
543
543
553
551
553
550
549
550
550
560
551
550
558
544
563
554
554
550
562
551
560
549
565
555
561
551
538
554
548
548
548
532
538
539
548
538
541
539
534
531
538
524
521
531
536
521
525
532
516
532
533
524
523
532
520
522
533
524
525
522
535
602
612
608
618
624
624
618
627
624
633
632
645
642
656
659
669
676
678
676
687
691
690
691
700
704
707
707
720
719
726
730
733
728
737
743
744
744
749
749
761
763
767
776
777
775
789
793
795
792
721
726
727
727
730
725
729
733
732
734
737
737
736
738
735
732
525
741
727
725
732
719
712
723
721
706
699
711
693
709
696
696
699
684
692
679
668
682
673
660
652
665
655
645
635
639
626
618
631
607
623
614
608
593
637
627
623
626
611
626
617
603
603
590
591
590
569
578
577
569
564
577
560
576
562
564
560
557
564
559
571
558
559
560
563
554
561
557
550
564
554
554
561
557
551
554
554
557
544
552
547
555
546
511
518
515
517
506
503
512
505
498
505
509
502
508
503
513
502
512
504
504
498
494
503
500
494
507
505
499
500
506
499
504
492
498
496
507
500
502
497
500
500
496
501
507
500
495
501
505
498
495
492
499
484
497
491
485
493
495
490
501
489
491
496
485
493
482
491
482
490
482
488
480
492
489
494
482
481
489
483
484
493
482
492
483
491
475
487
476
487
481
483
478
488
474
475
483
480
474
488
481
490
483
494
483
494
493
489
489
492
481
493
485
491
485
495
488
496
491
496
490
498
485
499
489
493
487
497
483
495
489
491
485
490
485
493
487
493
487
494
488
495
488
496
490
494
482
496
490
495
488
485
491
489
485
489
494
488
492
483
492
481
491
479
489
477
488
477
489
480
492
483
483
493
490
486
492
492
486
484
489
489
482
486
493
483
490
496
490
491
496
495
495
489
500
496
493
499
489
497
498
499
498
502
506
495
498
493
502
496
502
496
501
503
491
494
488
496
485
501
488
500
489
503
495
491
501
487
495
486
490
486
494
494
492
486
489
480
485
490
487
482
486
489
477
483
491
483
476
482
479
474
483
475
478
473
474
464
475
471
470
467
476
466
473
476
470
465
474
467
462
467
462
466
473
457
476
474
467
472
478
479
473
479
478
477
482
480
472
478
478
473
480
468
475
469
478
482
472
482
485
482
490
481
490
482
495
484
492
485
488
493
492
492
482
477
491
475
492
480
479
490
487
478
485
495
477
484
480
483
493
481
486
494
483
490
484
486
484
490
488
477
490
485
500
473
472
474
467
459
454
443
445
433
435
488
439
457
459
466
448
445
456
443
448
448
465
465
475
470
476
476
483
478
487
467
482
478
474
482
470
482
470
472
486
483
472
489
484
481
494
487
492
485
443
439
451
455
468
487
465
504
516
529
540
552
559
528
530
531
531
542
533
553
540
535
542
551
553
559
550
544
553
559
564
566
556
564
572
556
563
558
567
562
560
555
548
564
557
550
547
541
548
537
538
536
527
536
529
523
507
524
505
501
490
493
481
474
467
482
471
486
486
494
494
503
491
486
487
483
471
482
489
478
479
469
483
474
473
478
471
467
476
471
474
469
474
469
483
479
469
473
474
480
479
481
488
482
485
492
482
489
485
489
483
489
484
490
484
488
482
486
482
487
489
491
490
499
488
485
480
477
491
486
494
489
496
492
501
490
507
495
499
516
502
511
519
519
518
520
520
529
519
526
517
517
517
518
518
521
516
527
522
530
525
534
528
535
534
539
540
545
549
547
558
564
566
574
572
534
585
573
579
579
576
570
575
568
575
579
568
582
573
564
558
564
561
558
553
558
547
560
558
558
558
561
569
558
566
559
563
555
572
556
559
552
560
557
555
561
572
561
560
559
563
563
552
570
569
560
559
551
561
556
570
568
560
565
554
568
569
559
575
566
573
563
580
566
570
571
570
572
580
565
575
574
555
545
558
569
556
572
559
1181
1173
1189
1180
1181
1191
1188
1181
1179
1187
1179
1180
1162
1142
1156
1145
1158
1145
1148
1153
1151
1145
1148
1145
1137
1143
1136
1136
1130
1138
1132
1126
1138
1139
1138
1139
1140
1141
1145
1139
1146
1134
1153
1153
1145
1164
1144
1150
527
1138
528
525
532
533
530
539
532
529
533
528
535
541
535
530
536
538
533
542
542
535
544
550
538
535
541
543
542
541
542
538
551
543
543
528
538
541
539
539
536
535
537
538
535
534
538
538
528
524
534
535
533
536
522
531
531
525
526
524
526
531
522
519
528
530
530
524
520
527
530
521
521
517
526
519
526
514
530
521
521
522
514
527
516
534
524
523
523
528
525
516
529
528
513
530
520
526
525
529
518
521
523
519
533
527
525
524
531
533
522
528
526
529
518
528
522
522
520
517
522
520
520
529
519
520
519
525
514
523
533
523
527
523
527
522
513
525
523
522
521
524
522
524
519
519
528
523
536
532
522
535
534
523
522
519
520
530
523
518
519
515
523
529
529
518
525
532
539
527
530
531
528
533
522
530
520
529
520
534
525
515
526
523
520
521
529
521
517
518
524
524
523
516
523
523
521
523
518
508
521
523
510
519
521
524
526
523
527
528
529
534
525
521
531
530
529
527
522
532
523
527
525
526
519
529
534
525
526
521
575
567
568
577
989
1004
998
1019
1012
1024
1015
1028
1019
1024
1033
1023
1033
1033
1032
1041
1030
1036
1036
1045
1031
1045
1040
1050
1043
1037
1051
1035
1050
1041
1050
1042
1041
1052
1051
1038
1052
1039
1043
1052
1051
1046
1054
1051
1063
1074
1023
1014
1022
1020
609
582
590
583
584
567
574
570
563
574
555
563
550
553
551
550
541
547
535
536
528
534
544
523
529
533
516
515
525
520
518
510
517
504
515
508
511
505
513
512
512
505
497
505
490
487
483
490
488
483
488
483
489
482
485
479
493
480
494
482
494
481
495
489
492
492
487
493
487
488
490
489
490
486
495
484
495
486
490
496
493
486
487
494
482
494
483
495
484
492
485
491
490
485
482
474
485
484
474
486
474
482
483
478
481
490
472
468
480
478
466
476
472
465
480
469
480
469
482
474
484
476
483
476
478
482
473
482
472
479
470
480
470
472
479
466
477
467
478
469
473
466
472
483
478
475
491
477
489
478
488
481
477
481
488
477
486
475
485
476
484
478
487
481
482
475
475
484
475
486
474
481
469
476
482
469
475
466
476
467
483
473
480
487
472
482
471
476
479
472
480
475
486
473
480
484
469
478
466
474
476
471
475
468
481
476
479
477
479
474
480
473
481
476
477
489
480
480
474
477
472
478
479
484
471
480
475
485
484
485
485
482
492
479
478
487
483
485
486
480
486
480
488
483
494
483
495
485
495
488
485
479
486
470
483
477
478
472
479
473
479
474
474
478
482
470
481
471
473
485
480
484
477
483
478
479
486
478
479
479
485
485
478
480
485
483
493
484
487
482
485
480
484
478
484
478
483
478
481
482
484
486
480
484
494
493
493
494
500
506
495
505
501
510
505
510
508
504
501
510
513
509
514
515
509
522
508
519
515
527
525
519
525
533
527
521
531
526
526
532
547
546
550
555
554
549
550
555
557
559
567
554
570
557
570
564
574
564
565
565
559
558
567
559
573
578
569
575
580
568
575
573
573
572
563
568
568
574
570
582
566
572
574
575
569
577
573
566
572
550
581
556
544
546
562
544
554
548
552
552
546
541
553
542
549
539
548
541
532
535
538
526
536
524
519
528
522
521
519
523
516
518
516
510
511
518
513
504
509
506
500
497
496
488
505
486
501
502
490
484
494
489
488
481
495
477
486
486
480
480
488
477
477
472
486
476
476
483
487
488
476
490
485
475
489
484
488
485
483
483
493
486
478
489
478
494
534
528
527
529
533
540
529
539
530
533
533
533
531
538
531
542
541
545
528
536
544
550
549
551
552
554
555
552
549
560
551
551
554
547
545
544
553
557
548
546
543
549
549
548
546
547
549
547
547
498
547
507
508
496
501
499
498
498
499
498
499
496
490
483
499
486
492
491
485
484
473
492
479
463
472
472
471
468
479
466
466
474
471
468
459
471
460
474
465
474
465
460
467
453
466
462
465
454
455
463
467
455
456
461
460
456
459
465
467
457
468
464
464
467
464
465
469
468
467
468
475
474
469
470
478
470
471
465
476
467
468
477
470
482
474
473
471
478
475
476
484
473
483
484
484
482
484
485
493
490
477
486
489
476
489
492
483
483
481
481
491
483
480
479
482
475
485
474
482
481
474
481
471
481
470
486
487
477
477
486
489
479
473
487
482
474
485
467
480
473
467
476
468
478
477
468
469
467
478
473
464
473
476
473
479
474
475
467
478
466
478
470
479
467
472
474
473
470
474
479
471
470
471
481
473
465
470
475
478
468
471
470
467
486
477
486
485
484
495
495
494
504
500
493
498
499
500
497
506
507
508
509
501
502
508
505
495
508
508
526
530
531
531
530
537
527
539
532
532
533
532
538
527
528
539
531
531
533
520
524
531
533
538
517
531
518
512
514
522
514
512
512
516
517
521
519
510
522
516
518
509
515
518
518
516
517
525
518
508
494
504
500
490
498
488
500
500
502
499
502
498
501
508
500
515
514
507
507
520
511
514
514
510
504
519
509
512
514
512
510
516
513
510
513
514
507
517
519
515
512
518
525
514
515
516
508
515
519
510
525
525
518
509
517
526
520
515
525
528
527
525
532
518
527
520
522
533
519
524
531
523
524
527
517
529
525
528
532
523
522
525
519
527
518
518
527
516
516
514
515
756
742
757
768
753
768
760
762
748
743
758
788
780
762
777
768
763
761
771
756
774
762
774
775
774
767
773
771
764
774
777
772
779
780
777
767
755
756
748
732
734
718
718
711
695
693
683
682
674
420
411
407
387
380
370
370
357
357
347
346
302
297
293
290
286
286
271
252
245
235
227
218
210
203
194
188
180
176
169
156
143
768
130
137
121
