34
174
202
202
222
84
212
259
249
267
212
211
212
218
302
300
326
328
264
325
267
247
210
391
391
211
320
276
213
212
320
425
428
425
440
429
427
439
495
488
481
487
478
480
465
469
471
473
476
479
482
467
464
439
406
392
394
484
392
488
316
390
489
482
391
390
392
488
359
398
272
481
399
324
387
368
398
292
484
326
233
393
382
394
259
150
187
125
125
188
162
161
161
169
174
177
180
184
188
192
197
201
206
211
214
219
223
227
231
234
161
240
238
162
219
237
227
227
225
163
219
239
218
219
202
177
238
166
229
240
218
240
161
215
171
241
239
218
327
227
158
133
119
134
133
174
172
198
197
219
228
222
230
253
222
277
278
299
299
319
320
318
320
318
318
320
319
385
403
386
420
421
441
442
473
488
480
496
519
524
575
578
579
574
572
548
539
532
506
495
477
471
454
451
430
414
413
415
281
282
279
274
260
258
247
240
226
222
220
215
210
207
275
547
382
359
330
316
314
311
505
514
545
543
546
319
372
399
351
315
40
364
88
89
75
77
78
80
80
80
81
82
83
83
84
85
84
84
84
85
85
86
86
87
89
90
47
89
86
86
7
13
10
4
6
5
17
13
19
25
16
25
43
55
33
30
58
85
78
137
194
197
207
199
198
210
205
179
176
161
219
166
164
170
173
174
178
179
182
183
187
188
190
192
195
197
198
199
190
189
190
188
173
171
154
144
177
179
218
161
160
161
180
164
166
180
166
178
176
174
160
178
165
177
165
176
165
3
13
11
32
33
145
143
186
188
226
226
228
233
234
239
230
247
234
234
241
245
237
247
238
237
358
245
233
433
451
450
451
476
485
485
506
508
524
523
545
544
564
565
584
584
606
606
626
627
625
657
656
670
668
672
635
670
678
633
624
636
584
513
515
516
515
556
546
568
569
588
532
537
537
557
557
575
576
578
597
571
572
590
584
601
582
601
587
592
577
575
588
580
565
571
555
553
544
544
549
524
544
535
535
541
540
542
512
506
525
533
499
520
510
490
429
445
459
499
515
455
476
507
478
477
496
498
492
474
477
482
469
465
477
459
473
469
452
460
477
460
479
465
475
465
474
470
475
480
488
480
483
483
497
488
7882
7897
7866
7891
7889
7876
7850
7823
7832
7826
7830
7857
7859
7880
7882
7823
7826
7827
7886
7865
7829
7824
7848
8311
8311
8315
8324
8325
8332
8333
8331
8330
8330
8330
8348
8352
8340
8356
8346
8354
8348
8341
8352
8343
8343
8330
8349
8353
8344
8345
958
941
941
818
440
437
460
458
473
471
455
447
466
473
471
470
470
471
472
475
527
525
524
543
528
523
488
504
468
514
503
535
523
508
512
500
497
504
501
501
505
503
487
500
490
497
477
498
489
495
486
492
481
494
476
493
496
498
494
502
497
506
498
496
494
474
478
488
489
478
465
456
487
480
496
497
486
455
471
472
488
489
503
504
489
483
502
500
457
489
488
456
443
477
466
499
497
493
503
497
503
506
498
483
507
493
504
495
499
493
486
496
497
500
462
474
483
493
453
488
450
479
485
506
496
429
489
346
476
308
422
406
367
436
353
452
345
335
506
317
302
463
369
454
366
322
388
367
470
406
404
413
453
466
446
456
444
444
448
447
426
450
434
432
433
446
452
452
462
437
458
436
371
293
290
293
302
302
318
327
326
340
341
358
352
365
364
376
381
391
391
406
405
407
429
428
427
455
454
471
466
483
482
500
494
501
491
501
494
486
512
504
497
516
518
481
509
499
503
509
499
513
508
520
505
480
492
520
469
501
509
501
503
497
504
505
507
510
500
513
515
522
521
520
506
514
536
520
530
525
528
534
525
540
531
526
527
532
522
529
533
521
534
513
525
533
528
528
524
524
530
520
531
525
533
520
501
502
515
519
527
529
529
519
530
517
538
519
530
515
517
520
508
502
514
506
507
516
503
514
500
507
494
510
496
508
497
487
485
495
491
489
486
493
497
487
497
487
490
492
494
491
481
485
482
498
488
498
468
501
487
488
496
502
495
492
493
512
510
495
494
519
513
512
528
534
519
524
519
515
526
520
526
516
522
523
533
531
526
532
512
541
519
514
526
521
527
539
540
531
538
547
544
539
548
534
532
515
538
524
528
513
520
534
525
525
524
544
531
541
532
539
539
544
550
538
546
544
536
544
533
537
544
535
547
545
541
537
545
542
540
537
547
547
535
563
534
511
524
532
532
535
536
526
515
536
524
521
520
534
528
508
531
524
540
522
512
526
509
519
515
505
508
502
511
488
509
501
467
486
475
439
453
465
475
457
483
493
500
507
497
508
493
479
477
398
451
369
363
362
356
354
349
347
343
336
326
323
311
305
294
295
286
266
253
255
257
256
255
222
481
390
369
501
447
222
223
211
409
178
409
517
382
373
436
192
460
460
420
200
72
98
84
123
123
138
139
155
155
175
172
202
425
230
228
253
255
272
296
311
271
317
319
323
323
325
322
309
307
323
317
317
304
306
271
306
314
318
314
309
311
324
322
306
296
317
307
468
471
468
452
470
446
471
449
322
404
346
431
421
318
374
465
410
420
413
409
420
422
420
409
346
426
238
160
156
184
150
150
155
159
156
154
160
179
178
181
192
192
195
192
217
218
231
233
235
251
245
246
262
264
274
276
288
288
297
295
305
304
315
315
325
333
334
344
344
344
344
344
348
366
354
362
352
354
347
357
338
347
348
351
350
358
358
352
353
354
352
362
350
355
359
357
354
362
351
356
351
354
351
347
351
1566
1566
1569
1573
1579
1565
1605
1597
1619
1624
1631
1625
1623
1651
1651
1667
1659
1685
1680
1692
1689
1704
1707
1715
1729
1729
1748
1747
1741
1736
1736
1737
1736
1733
1735
1724
1719
1729
1710
1717
1738
1757
1753
1751
1744
1770
541
520
1762
560
1771
1771
573
516
532
531
572
523
552
610
618
620
632
630
613
631
629
615
620
614
606
641
653
653
565
639
615
535
557
521
373
376
365
435
418
555
376
497
519
462
366
367
446
363
545
366
368
368
364
364
498
378
374
424
493
578
546
571
582
556
560
549
540
532
528
517
509
485
476
454
440
439
440
427
403
341
137
143
120
94
4
580
577
4
547
17
63
63
54
58
54
6
4
11
13
16
52
37
22
15
47
21
23
18
4
13
11
30
22
25
39
7
13
35
15
50
51
63
33
29
45
44
75
160
163
159
156
176
176
196
183
188
161
163
163
168
185
172
160
161
167
168
179
164
178
168
168
169
169
162
167
164
189
163
169
165
163
165
168
168
341
355
388
417
416
437
434
456
455
469
470
484
484
497
493
487
488
499
484
339
430
320
313
332
331
329
357
355
370
373
372
400
394
414
414
431
430
446
441
460
460
480
480
492
494
493
525
519
540
541
556
592
592
605
597
608
607
607
595
594
615
598
610
610
607
611
608
593
583
595
611
580
597
566
584
592
581
580
589
572
563
573
590
571
585
569
570
562
545
570
509
509
549
432
417
374
368
324
557
256
396
386
534
369
354
481
344
324
427
309
402
265
513
540
337
285
264
446
296
496
522
384
399
444
441
445
450
450
426
495
443
421
443
453
434
445
441
444
432
413
379
445
325
297
293
294
309
305
310
338
338
356
354
364
365
365
387
396
387
411
409
410
433
435
447
446
464
464
478
478
486
493
494
511
511
526
508
524
510
526
501
487
498
506
518
519
522
483
438
385
496
321
277
277
262
260
252
245
354
346
513
438
473
300
432
292
454
513
404
378
356
239
340
321
413
465
368
339
402
285
446
419
433
429
417
418
432
435
440
8961
8962
8993
8967
8986
8900
8851
8824
8854
8847
8864
8864
8879
8903
8906
8906
8879
8899
8908
8908
8905
8910
8909
8908
8909
8902
8908
8909
8901
8906
8908
8908
8907
8911
8904
8900
8908
8907
8898
8903
10493
10488
10494
10539
10541
10519
1962
10517
10537
10503
10556
2007
2034
1998
2013
2005
2012
1990
2000
1965
1966
1991
1994
1975
1936
1816
1817
442
442
480
496
496
481
547
548
606
603
640
641
671
683
684
684
684
684
711
715
725
718
726
724
725
783
752
718
740
656
722
710
710
722
735
728
744
721
745
739
755
765
771
776
792
770
790
792
776
786
795
779
783
722
692
610
565
631
603
564
476
719
473
472
664
442
457
775
767
648
522
472
474
585
562
551
565
561
599
598
427
423
405
391
364
359
344
328
319
318
247
247
157
158
159
93
552
601
582
476
446
485
426
522
568
511
521
457
37
46
18
14
30
15
29
26
34
9
6
10
21
29
26
24
38
19
20
22
2
1
4
15
3
20
17
25
31
94
100
117
112
23
10
20
29
5
2
5
15
20
7
26
25
38
5
12
18
19
15
13
20
17
7
9
20
2
4
5
36
2
10
12
7
14
23
25
19
5
23
22
38
31
7
4
3
3
6
8
33
5
30
14
3
2
4
4
2
3
3
7
5
13
16
11
21
40
36
51
56
52
63
62
72
100
101
110
110
489
489
515
514
533
535
543
549
561
560
582
583
594
601
599
623
624
641
639
655
645
669
669
688
689
706
706
725
726
742
743
725
775
775
794
795
813
814
835
833
855
857
875
890
877
876
894
914
908
921
554
545
543
546
539
529
539
534
525
542
542
529
542
523
544
551
541
542
552
557
558
557
550
557
552
561
547
562
553
573
569
567
556
557
549
539
566
539
549
566
560
563
568
580
581
578
595
592
580
584
606
597
609
605
602
603
590
605
588
596
584
587
579
586
574
543
555
567
589
560
572
579
571
582
562
599
593
601
593
601
591
584
609
588
587
587
610
599
591
591
611
603
605
599
609
599
609
598
612
591
595
582
592
580
601
591
609
594
601
594
608
605
623
612
615
593
586
613
612
624
623
617
604
609
618
594
580
577
587
600
602
598
592
606
593
607
591
603
588
599
587
599
583
595
581
597
580
590
582
601
583
600
589
604
591
593
610
595
608
616
598
594
603
596
624
638
637
633
644
632
646
637
642
648
641
637
659
643
636
633
641
636
633
624
633
624
616
603
626
613
600
617
588
604
612
596
588
607
623
605
610
617
615
609
607
610
602
613
589
619
616
625
615
588
583
600
590
587
566
563
546
516
495
478
467
466
460
460
445
445
442
434
412
415
420
510
521
487
538
552
506
416
592
574
516
510
506
494
489
475
468
458
447
450
452
526
430
322
212
189
189
174
169
172
175
178
183
182
183
185
185
184
186
186
188
191
191
192
194
194
196
197
197
199
201
204
394
406
385
373
358
337
349
412
7
10
9
49
68
71
144
140
126
127
115
137
113
112
112
114
114
116
123
127
131
135
140
114
150
155
159
163
104
103
104
139
101
105
141
111
114
105
115
103
117
164
129
129
138
104
104
101
113
112
140
334
442
443
307
463
244
208
213
206
205
230
231
241
239
242
269
273
281
280
301
302
315
318
313
340
339
360
359
379
385
387
384
414
414
432
433
433
432
469
469
497
497
515
514
532
531
553
551
569
568
580
588
592
586
595
583
581
589
593
594
592
588
598
590
600
590
581
573
583
594
589
597
595
610
590
562
583
525
592
574
551
554
550
580
567
578
577
572
482
332
454
464
441
410
494
502
590
379
387
519
360
339
367
542
533
430
399
351
522
476
563
418
483
478
462
406
270
294
469
66
438
359
411
353
432
326
390
470
257
285
351
379
356
358
311
386
448
311
212
84
239
287
287
300
304
311
265
282
281
301
300
315
316
316
340
340
355
355
359
376
377
377
408
408
429
428
446
447
369
396
396
384
403
410
402
411
436
435
452
461
452
462
486
486
508
506
508
570
570
590
590
607
596
602
535
403
516
512
494
480
445
545
468
590
501
414
553
434
578
465
572
611
436
518
489
396
562
546
555
561
564
557
570
569
576
557
567
555
567
564
561
569
537
555
520
536
540
500
501
494
487
497
457
496
323
333
333
352
356
357
373
371
389
402
403
422
415
433
426
434
432
427
425
428
427
426
427
512
512
532
532
553
533
553
537
537
530
517
549
559
550
563
551
559
567
560
571
561
567
579
568
582
573
586
587
581
599
590
579
584
577
588
579
579
583
582
576
565
567
559
556
552
553
570
562
582
582
594
585
592
575
587
575
570
583
560
585
567
566
570
577
567
574
551
558
567
572
556
553
564
550
558
564
545
560
550
556
545
542
549
541
555
554
525
539
530
544
529
539
535
520
528
508
534
516
520
513
519
512
518
521
514
521
519
491
499
523
519
500
513
512
516
512
511
523
521
526
523
523
512
518
523
524
516
508
516
523
513
525
527
525
524
528
525
533
522
539
525
541
527
522
539
532
530
531
541
539
540
533
539
530
537
539
543
540
556
554
530
544
540
547
557
542
541
546
555
542
556
542
545
560
557
545
560
552
556
548
560
547
562
548
556
549
566
549
567
551
565
553
571
555
558
559
570
567
572
564
573
565
570
564
570
568
568
561
567
578
561
577
559
570
559
559
569
574
555
552
562
554
563
560
560
548
561
558
563
556
563
554
560
553
558
552
560
547
560
548
549
556
553
545
543
547
539
527
546
534
550
535
550
548
536
542
535
535
543
539
532
540
534
536
550
536
555
540
546
545
556
547
555
553
556
550
556
548
559
552
557
551
560
549
555
562
561
555
562
553
565
563
568
561
593
591
597
590
602
595
603
584
574
593
598
589
577
582
594
594
586
585
594
605
576
507
591
540
518
499
493
571
443
470
527
439
588
454
551
557
478
541
529
555
550
541
549
546
532
546
519
525
539
518
507
515
513
499
513
502
512
490
491
515
499
496
541
531
530
508
518
531
497
536
538
534
536
527
527
550
551
568
570
570
570
571
582
582
584
584
569
561
555
544
539
528
523
512
512
494
489
484
473
469
459
569
467
465
480
563
552
557
533
557
589
603
610
603
598
595
595
586
595
600
610
533
591
602
550
569
558
477
493
495
510
511
533
532
551
558
543
559
558
578
590
591
611
610
627
627
646
646
669
670
686
697
699
723
620
632
723
626
644
626
623
607
606
598
602
601
607
579
611
614
612
615
585
598
588
575
567
555
551
604
521
537
576
512
521
547
563
575
568
579
581
574
581
576
577
589
587
557
554
503
503
566
505
525
577
535
548
583
541
555
544
561
547
561
549
582
573
566
560
557
571
572
573
480
512
470
502
469
519
518
542
542
562
563
585
590
553
565
586
597
577
589
587
581
552
550
503
502
503
587
559
553
553
553
578
580
580
583
591
564
565
615
613
611
581
583
576
562
614
570
584
568
545
562
591
563
601
599
620
604
622
623
613
613
615
602
587
604
605
631
607
625
623
636
600
570
563
570
542
570
569
547
619
570
615
637
613
599
592
591
590
614
566
601
587
582
580
607
607
620
612
608
599
537
508
606
513
500
517
544
485
612
611
633
572
630
665
646
657
636
618
601
604
568
564
566
564
641
581
617
616
638
637
648
656
659
651
629
657
636
615
634
632
644
645
645
659
618
648
631
640
639
655
656
645
641
652
654
671
669
683
680
682
571
630
529
533
559
534
517
533
502
492
497
510
509
524
525
540
532
528
531
523
515
526
523
515
517
508
510
516
500
519
505
520
503
512
505
499
501
493
500
510
496
508
497
477
483
505
500
495
502
496
498
491
481
501
500
496
485
499
485
495
493
493
490
491
472
482
491
473
481
491
481
471
485
476
483
474
483
482
473
491
471
461
483
480
477
486
482
498
479
476
467
485
487
481
481
478
470
485
499
463
494
483
502
492
497
491
501
500
482
487
504
498
509
505
515
510
530
517
537
528
529
528
522
528
538
534
529
537
530
541
533
544
537
540
520
502
534
509
495
535
532
536
523
529
520
520
533
526
514
522
530
523
511
526
530
529
531
519
526
524
509
503
505
515
516
511
511
504
493
503
511
500
512
496
515
509
521
511
525
512
518
512
516
508
494
494
513
514
525
510
530
522
536
544
551
533
543
535
539
544
548
517
485
449
426
407
402
391
387
379
377
368
367
363
355
348
345
337
334
325
325
323
313
313
301
297
292
268
270
274
269
262
261
253
249
246
236
226
429
504
455
409
486
547
533
479
462
499
476
532
4
14
26
16
8
18
7
5
5
8
9
37
52
55
80
22
21
31
26
36
28
17
16
17
13
18
15
20
19
45
43
44
63
64
62
65
22
25
40
57
45
78
66
72
30
35
28
31
72
165
164
149
165
133
167
164
166
179
194
194
214
212
206
206
206
208
204
292
293
315
314
335
335
362
364
387
387
413
412
434
432
432
469
469
490
491
507
507
522
524
543
543
563
563
564
594
594
618
618
620
597
615
616
629
630
651
648
626
645
646
636
644
655
627
627
644
596
580
640
607
617
622
608
607
616
613
596
610
593
585
599
572
574
590
580
570
584
572
591
590
586
572
583
563
591
583
557
580
564
569
567
561
573
569
588
556
575
572
568
579
580
565
574
563
561
573
563
545
561
531
548
557
546
533
531
511
540
391
370
484
417
403
490
500
326
457
321
445
424
299
284
518
409
385
471
351
368
344
491
437
310
479
326
469
456
474
470
463
453
471
457
467
456
456
472
469
477
475
469
483
468
483
476
487
441
377
337
337
355
355
377
377
396
397
420
420
439
439
457
457
480
480
501
501
519
518
539
538
556
555
577
576
593
586
586
598
580
594
571
584
577
583
586
574
590
574
588
591
580
582
584
588
565
572
582
570
580
577
571
579
574
565
572
562
564
559
561
551
530
546
554
533
547
527
538
545
542
540
546
537
543
528
539
547
535
529
529
537
547
549
544
551
541
549
539
530
539
516
539
531
548
550
541
554
542
545
557
559
536
531
547
543
549
541
547
549
540
556
533
533
550
553
550
567
533
544
550
538
550
530
533
515
512
509
502
488
491
479
475
465
465
454
455
448
545
386
256
226
361
343
324
300
300
292
275
267
534
428
421
235
427
346
415
321
380
243
368
404
282
398
473
469
482
468
460
454
470
479
357
271
252
240
258
257
279
278
296
297
317
325
324
344
343
360
360
381
379
393
390
391
422
422
452
453
472
471
495
493
495
529
528
551
550
571
571
592
606
605
624
625
642
641
648
646
663
649
664
648
660
652
652
657
657
635
630
614
540
551
505
425
406
531
399
384
378
515
364
364
562
481
597
448
650
589
580
526
340
310
498
410
471
568
616
349
304
288
432
325
405
431
415
431
430
461
473
461
475
459
472
467
461
467
357
273
251
242
245
262
260
276
276
283
291
298
292
291
314
316
333
325
336
341
339
340
367
367
384
384
396
397
413
413
423
427
439
439
459
459
471
473
473
488
504
501
519
510
516
510
506
515
503
499
508
510
500
513
504
498
513
508
500
509
500
508
500
510
503
522
503
509
509
509
517
510
514
503
511
505
512
500
508
509
504
509
500
495
503
505
498
499
490
480
492
496
509
487
486
498
499
491
499
486
498
505
495
509
502
479
475
469
485
469
454
475
479
489
472
484
483
482
471
484
475
492
477
486
481
479
478
473
473
478
466
480
481
480
478
472
463
474
460
459
466
464
472
489
472
472
476
461
470
475
475
466
475
468
474
473
487
480
492
491
491
482
491
465
463
465
477
462
463
464
472
467
448
460
458
452
451
462
460
452
479
468
475
467
473
481
470
479
479
469
480
479
476
492
484
473
489
476
490
484
488
475
485
479
467
480
472
466
460
457
471
465
494
492
488
497
500
491
491
499
506
510
515
526
517
533
525
539
542
522
504
505
509
507
507
500
516
521
518
523
519
527
525
523
523
529
24228
24235
24252
24244
24238
24226
24244
24223
24172
24212
24205
24178
24222
24051
24213
24160
24146
24127
24182
24111
24066
24047
24039
24039
24240
24169
24259
24149
24213
24105
24080
24041
24097
24135
24205
24214
24208
24211
24149
24134
24155
24125
24123
24127
401
24216
120
110
109
396
109
24212
107
263
24155
417
103
106
93
90
93
24184
108
108
99
113
24157
101
105
263
262
202
194
208
209
222
221
223
257
267
267
289
289
308
325
330
323
319
354
353
368
369
368
401
403
428
428
446
446
456
455
462
453
487
487
504
503
519
519
539
539
556
555
573
573
592
606
592
606
552
623
562
554
565
557
574
570
559
587
558
566
548
519
556
535
533
549
549
563
553
562
557
569
545
545
538
554
555
547
557
537
549
549
558
553
575
568
579
573
582
575
583
568
556
586
576
553
546
546
579
569
583
540
571
548
567
569
568
573
580
582
596
583
599
585
598
601
591
599
556
590
576
536
510
484
457
546
493
487
583
580
471
562
579
523
588
603
594
602
606
590
600
594
576
579
579
597
598
611
616
617
607
597
605
601
600
594
587
581
569
563
550
552
552
531
516
509
487
421
421
597
384
382
420
381
356
355
380
398
411
435
434
435
458
460
460
473
467
468
453
457
458
451
446
461
431
454
441
438
449
456
440
351
454
350
350
368
368
390
389
411
417
421
425
429
431
435
438
442
443
436
439
444
445
440
444
448
451
450
441
444
440
440
441
416
411
419
401
398
390
382
381
376
368
354
357
356
343
336
333
324
317
309
303
297
287
283
274
404
412
8
21
30
32
40
48
41
21
10
27
31
19
15
11
11
31
43
19
24
34
30
22
55
7
6
9
16
15
11
17
33
41
19
41
33
46
34
43
23
24
29
3
15
27
9
20
20
7
11
13
26
23
20
26
29
21
5
29
25
10
8
16
30
12
8
11
28
45
45
49
55
78
93
100
155
166
163
183
180
188
176
208
210
223
235
234
253
253
276
275
289
289
312
311
326
325
344
345
353
361
373
372
414
415
438
438
459
458
477
478
478
507
507
522
520
523
558
558
574
574
600
600
619
620
596
604
596
616
631
588
622
608
619
608
584
596
611
607
593
605
605
586
578
602
580
591
568
593
577
581
535
571
556
544
542
545
541
532
537
522
530
531
529
527
509
511
522
487
521
508
492
504
551
540
547
545
453
435
479
444
520
416
503
377
399
396
359
512
345
372
542
497
451
405
425
361
459
484
547
531
505
500
514
542
534
571
564
575
569
585
596
587
597
605
601
609
620
607
612
623
631
638
580
594
557
585
471
414
443
443
462
475
475
503
501
502
534
534
556
557
579
581
584
574
569
553
553
553
591
591
609
610
611
676
677
694
693
688
662
686
674
677
677
680
662
676
663
675
658
665
652
640
647
639
632
622
636
627
609
615
620
593
617
586
590
592
585
588
579
590
575
567
576
575
573
563
571
570
574
564
571
515
525
533
503
504
533
503
518
495
489
500
489
479
493
488
497
501
497
502
512
496
506
496
497
508
491
491
498
512
498
509
492
509
514
504
501
499
489
511
499
510
517
487
521
477
497
501
499
495
495
483
494
485
473
488
490
499
500
508
500
506
489
509
501
501
492
505
494
498
511
503
499
508
503
501
508
513
500
508
515
517
510
530
514
531
523
513
535
526
520
520
528
530
505
528
527
533
538
523
530
534
539
543
539
555
538
543
551
545
549
537
555
552
545
552
545
539
551
549
547
552
545
548
545
549
543
550
548
551
549
549
541
545
548
549
537
546
549
524
545
541
535
549
535
543
518
536
525
530
529
534
537
534
527
514
547
543
540
537
546
533
536
536
529
534
528
530
532
529
509
531
501
516
531
514
515
504
521
517
506
498
510
503
500
509
507
502
518
504
505
503
519
509
519
511
509
524
499
511
523
518
511
492
522
498
485
484
507
497
482
500
483
490
501
482
488
499
490
497
493
504
501
485
494
501
503
511
491
506
499
508
494
503
507
512
501
502
492
494
491
501
497
485
484
495
512
503
494
514
494
515
503
516
509
520
528
521
537
535
520
501
497
502
531
519
518
535
531
514
523
536
525
532
525
535
535
533
534
541
541
550
549
546
538
528
550
516
484
540
433
488
428
394
369
509
339
374
344
501
325
452
536
405
450
387
474
357
336
430
530
314
328
487
467
470
464
454
463
471
470
447
459
467
457
472
454
459
460
456
464
439
451
443
455
446
410
408
346
318
325
333
341
339
340
362
362
379
378
378
378
379
375
428
429
445
455
455
446
454
488
488
507
501
508
504
503
499
513
505
512
504
504
514
514
505
515
509
517
520
509
518
524
517
529
503
514
525
524
513
522
514
527
521
527
535
531
524
534
502
479
470
350
322
479
322
310
420
504
415
487
505
504
433
395
441
385
361
460
348
402
397
336
495
368
1322
1343
1325
1338
1305
1282
1270
1246
1221
1204
1179
1173
1161
1162
1112
1112
1112
1114
1115
1116
1117
1118
1119
1120
1120
1120
1121
317
181
161
160
162
162
162
162
162
161
161
161
161
153
152
1300
1230
1276
1186
1261
1241
1209
1267
1319
1292
4
5
5
16
47
46
47
74
39
46
89
119
131
131
136
189
186
168
181
184
206
200
211
213
211
213
247
246
273
274
296
298
310
316
334
334
360
359
378
377
389
397
411
412
431
431
449
450
468
457
481
474
490
490
511
507
510
508
411
506
506
474
443
412
515
405
511
514
376
481
510
514
461
410
453
399
509
483
465
457
444
431
423
421
404
401
384
382
369
357
351
344
334
330
317
304
300
296
509
282
273
469
217
504
474
140
147
91
140
129
140
126
128
130
126
142
145
146
148
149
148
142
136
136
138
138
142
144
146
147
149
150
152
134
133
132
137
125
137
136
133
130
139
137
127
126
133
128
133
125
137
133
133
132
134
19
7
9
87
89
153
143
133
134
135
138
140
142
135
145
150
153
147
154
132
154
153
144
152
137
135
132
133
145
155
145
144
141
146
137
140
146
155
137
146
450
466
478
515
514
511
511
515
510
513
517
514
518
511
603
525
523
310
250
262
263
282
293
293
290
291
295
333
292
351
359
350
355
392
397
396
419
418
438
438
458
458
458
483
484
502
501
520
520
520
553
552
568
547
532
502
520
519
541
541
558
557
577
578
592
581
582
596
584
597
581
566
598
580
567
584
565
574
588
592
598
572
594
584
571
584
564
573
558
562
544
556
559
560
550
561
549
532
523
553
557
552
543
532
519
524
533
540
532
511
522
526
513
521
503
507
507
509
505
488
507
507
499
497
508
503
512
500
492
504
497
494
495
486
503
493
504
500
494
507
506
515
507
510
499
491
505
500
510
509
513
514
513
510
515
523
525
523
529
527
536
528
533
544
544
526
542
579
566
566
574
572
567
573
568
564
579
571
587
575
577
581
571
572
586
581
595
582
597
577
598
597
604
594
600
593
580
601
588
584
580
590
583
591
600
599
584
566
577
587
571
569
576
584
567
586
566
552
555
560
550
520
456
459
449
444
427
531
372
424
327
314
384
360
349
357
336
331
489
544
313
311
292
272
481
391
466
503
509
406
299
464
413
284
421
436
477
460
472
478
478
477
470
474
479
471
540
536
547
309
313
313
315
318
310
314
319
320
318
318
317
317
318
317
322
357
317
319
335
340
341
338
333
323
321
312
304
300
295
281
275
271
196
189
320
323
311
315
322
317
314
312
445
319
323
318
312
325
7
14
26
25
32
39
39
29
23
45
38
35
27
47
25
7
14
29
30
55
54
134
171
183
188
187
172
152
147
161
141
186
137
141
173
156
159
170
152
154
181
151
149
143
138
159
154
145
184
162
326
325
341
341
355
355
351
352
375
376
388
386
390
405
407
406
430
442
429
442
462
460
467
414
411
413
413
469
409
412
456
475
475
498
496
518
518
539
539
557
557
469
580
469
469
487
486
509
508
530
524
535
528
538
536
534
550
531
543
545
535
542
548
552
534
552
546
558
550
555
540
553
543
558
556
554
533
536
551
550
558
536
532
554
558
523
527
510
558
542
552
547
538
548
538
553
551
552
548
541
542
535
540
554
526
532
544
540
534
553
537
553
536
554
544
553
546
565
563
560
573
564
578
559
576
569
576
573
560
584
586
575
592
591
567
595
605
583
569
560
570
571
574
561
569
559
567
556
552
564
562
539
547
559
548
558
547
539
525
549
544
554
546
539
507
518
526
524
540
536
532
524
528
526
533
524
542
520
526
519
531
524
528
523
516
534
517
523
516
535
544
529
548
531
550
538
540
533
514
553
530
499
544
539
546
541
532
533
551
548
548
540
551
552
571
560
557
553
527
534
467
527
446
506
438
424
404
413
475
520
488
453
499
518
510
528
523
530
520
535
520
540
529
502
512
522
506
517
496
519
519
542
535
543
538
539
544
534
541
539
544
548
555
545
547
541
551
561
557
581
566
592
592
528
543
533
532
557
578
557
594
598
615
622
609
617
605
617
606
616
607
613
604
616
610
596
603
628
625
603
592
599
613
582
535
527
547
563
595
556
587
516
574
590
599
596
593
602
594
585
596
576
576
568
567
567
586
585
583
590
564
578
569
572
563
579
569
566
577
578
554
564
559
577
567
567
559
583
572
569
588
536
516
526
524
521
549
548
558
559
573
574
573
591
581
583
585
567
558
545
525
570
515
538
506
581
545
556
564
560
578
554
541
531
551
553
549
553
542
555
547
536
566
543
549
539
544
519
534
538
551
539
523
533
543
529
521
521
531
513
521
539
532
530
516
513
527
531
512
486
486
500
500
514
515
526
531
522
533
521
510
489
513
514
506
513
496
507
430
434
421
418
406
403
394
387
390
392
389
391
373
370
368
358
354
349
351
340
331
329
322
321
315
315
307
306
300
297
292
286
284
281
284
287
283
285
264
266
249
474
439
454
487
513
455
446
496
8
7
9
9
6
17
16
27
26
39
23
21
28
8
5
3
20
8
23
32
45
74
86
76
68
71
71
63
63
71
60
68
82
69
81
70
68
71
61
69
68
70
69
70
60
69
67
70
11
21
46
47
47
85
88
112
131
165
165
170
185
185
205
204
213
213
212
241
240
251
261
250
260
274
274
287
298
297
321
321
335
335
349
330
332
353
352
351
378
377
390
385
398
400
400
420
420
417
439
438
459
459
468
478
472
470
478
487
492
558
552
569
555
562
570
575
576
570
559
566
565
560
573
553
554
567
566
548
557
548
549
551
565
558
570
561
562
561
574
581
570
577
569
568
578
574
577
577
585
570
583
576
589
582
597
589
596
588
528
529
550
528
536
530
541
535
536
538
535
535
537
537
529
540
522
537
533
537
543
556
549
548
538
542
541
544
519
532
540
531
520
536
545
549
540
546
542
547
553
559
549
544
543
537
529
556
545
556
555
557
552
546
552
539
552
541
560
546
535
550
545
566
559
570
560
570
569
570
575
559
563
559
571
571
568
550
579
580
570
580
576
570
581
574
567
579
565
578
569
579
572
592
576
588
569
591
585
589
604
595
588
602
588
599
589
603
591
596
603
605
597
601
594
594
601
584
593
583
586
598
600
598
595
585
597
599
589
606
587
593
599
591
575
588
584
593
579
584
591
590
594
580
592
554
578
569
590
576
582
567
533
525
554
569
487
586
542
578
477
481
511
507
541
558
547
552
540
544
527
523
511
537
527
529
522
521
512
509
510
505
494
499
497
503
479
473
470
486
477
470
640
637
634
612
547
575
584
550
603
611
597
609
626
588
558
557
587
603
617
677
675
755
2918
2914
2935
2919
2927
2927
2932
2949
2956
2957
2938
2939
2940
2949
2939
2934
2928
2942
2931
2913
2910
2922
2884
2919
2663
2663
2580
2582
2625
2549
2405
2886
2600
2612
2696
2575
2614
2905
2905
2687
2482
2612
2564
2484
232
2613
218
2698
2905
239
2583
2614
2617
440
509
509
499
510
517
509
531
532
542
442
347
346
368
372
339
353
352
376
377
409
407
425
426
447
461
478
490
489
515
516
542
559
571
573
595
606
616
615
632
645
645
672
674
672
716
716
738
739
755
752
734
697
554
535
523
502
494
490
460
631
585
471
569
428
407
714
370
737
345
331
681
321
539
672
656
749
479
415
393
581
444
608
641
365
551
539
549
540
538
539
512
490
528
506
499
479
504
490
19952
19881
19950
19883
19925
19926
19933
19934
19959
19960
19986
19986
19987
19987
19987
19990
19993
20019
20021
20032
20030
19886
20032
20031
19888
19901
19941
19941
19971
19970
19993
19992
19996
20016
20027
20015
20033
20031
20049
20036
20063
20036
20048
20055
20047
20054
20059
20055
602
603
612
585
605
609
566
544
559
580
575
540
543
580
572
581
594
594
598
610
616
615
612
631
608
615
630
630
648
629
629
637
638
652
650
656
649
659
658
653
645
624
574
557
616
610
584
576
601
632
616
625
615
618
625
631
638
601
636
612
632
625
606
597
591
613
620
609
617
609
595
619
623
612
627
630
627
617
622
610
610
636
596
607
592
604
590
597
553
587
528
539
534
558
558
539
558
556
559
585
560
537
592
575
552
588
575
592
589
588
608
576
542
540
566
578
576
563
578
549
571
563
543
576
536
555
558
544
552
561
528
561
541
554
556
545
537
527
523
536
534
535
551
540
546
518
534
533
537
553
531
529
533
548
550
561
546
551
555
567
549
572
561
537
537
560
555
567
559
574
575
557
554
559
572
573
573
560
557
565
574
560
561
573
562
545
561
568
563
581
568
580
575
591
573
565
534
479
505
496
337
448
442
574
426
391
409
368
470
528
363
547
350
467
321
514
464
581
414
384
350
312
555
521
510
514
512
522
523
519
537
519
533
522
523
523
537
524
505
521
529
512
519
529
522
346
475
370
371
388
389
399
400
398
427
424
443
441
443
467
467
493
491
518
517
536
546
536
561
560
578
578
598
591
600
591
611
602
608
594
608
602
612
598
609
592
562
574
603
595
597
627
611
571
624
617
618
611
611
623
631
616
632
721
694
661
642
700
549
535
529
516
503
496
494
477
470
455
449
435
428
414
410
394
383
367
369
372
374
367
338
326
320
302
296
285
278
266
255
245
239
208
585
681
624
598
548
653
574
623
571
677
565
4
2
4
5
4
28
21
28
30
33
26
23
13
43
35
7
5
4
4
14
12
19
17
32
31
35
32
38
69
94
86
108
125
123
141
142
139
168
168
189
188
187
215
216
232
233
241
240
239
263
262
280
280
297
297
295
320
308
331
332
347
359
361
349
360
390
391
400
407
417
418
437
425
442
442
462
462
480
479
492
496
499
494
498
528
520
539
530
535
530
524
532
520
513
533
531
525
540
537
537
526
540
528
534
542
551
537
538
532
530
538
540
549
547
535
541
544
534
539
526
529
514
524
525
538
513
525
532
524
518
532
520
538
519
524
518
500
515
514
504
517
509
499
514
519
511
527
511
515
521
532
515
524
512
521
503
511
512
519
527
512
512
509
517
508
517
501
510
520
513
509
512
523
531
499
523
526
533
522
525
506
516
503
513
525
511
520
540
524
535
523
528
536
546
527
530
535
541
530
541
529
539
530
546
530
526
542
535
531
516
538
526
527
542
527
539
532
532
541
542
546
544
548
557
551
535
544
533
552
544
556
545
555
544
547
540
550
535
551
535
549
537
548
538
551
537
556
539
552
538
554
539
541
556
554
548
566
550
563
552
565
561
568
559
551
565
567
566
550
559
552
556
565
573
557
564
556
568
556
572
562
558
572
574
561
570
563
580
565
577
563
573
561
576
559
576
559
556
569
565
555
565
553
570
552
564
538
547
559
551
556
548
552
547
550
552
552
545
553
541
553
540
548
536
554
561
568
550
550
564
551
566
560
549
569
551
563
551
552
568
570
554
552
568
570
553
567
558
561
567
560
569
566
569
567
568
576
582
568
581
571
591
577
573
585
577
585
584
584
582
586
577
559
585
575
569
572
551
571
570
563
566
573
583
569
575
567
562
1298
1286
1286
1273
1302
1260
1249
1254
1237
1271
1226
1217
1279
1246
1273
1264
1260
1254
1249
1247
1242
1234
1229
1226
1214
1210
1207
1201
1187
1190
1163
1142
1122
1246
1278
1265
1177
1227
1218
1207
1158
1198
1178
1230
1183
1243
1126
1188
1137
1119
5
7
48
119
149
145
160
161
176
176
192
202
199
192
201
227
227
244
238
255
253
269
268
286
286
301
302
317
317
337
336
352
362
360
370
352
377
371
405
404
423
422
418
433
433
460
460
478
479
499
497
518
518
538
531
542
535
539
544
554
540
552
543
557
544
553
534
554
540
561
554
560
559
558
554
561
558
559
552
560
555
561
558
571
573
574
559
572
566
576
578
569
581
591
582
582
572
583
573
585
578
571
581
559
574
570
576
562
882
894
912
902
923
916
933
924
931
941
940
919
935
924
929
942
943
929
949
936
941
933
948
935
948
934
936
963
954
959
950
958
956
966
944
959
957
960
953
959
951
958
948
960
952
965
961
955
978
618
589
585
575
542
530
524
515
546
560
557
572
575
575
600
592
610
591
609
593
607
596
612
612
604
610
574
583
556
567
586
578
586
587
577
563
586
586
574
587
576
594
575
588
575
583
571
581
584
470
445
449
452
454
448
442
433
411
556
372
361
352
335
334
319
322
292
450
390
573
561
444
315
307
289
418
448
274
447
262
250
373
208
231
448
319
509
260
223
277
274
251
16
244
505
288
404
238
96
274
5
5
4
13
20
24
10
29
4
18
11
25
26
29
35
53
39
34
21
59
31
19
61
69
103
128
148
146
157
156
176
169
188
189
208
201
209
233
234
249
247
268
268
286
287
301
306
323
323
342
340
341
366
378
378
396
396
412
413
431
432
447
447
463
461
474
473
487
478
480
499
501
500
521
521
497
527
513
521
520
518
531
509
507
496
529
531
513
511
520
503
524
514
507
512
520
511
530
523
511
521
521
519
531
527
517
510
497
519
518
509
511
502
519
529
525
534
529
531
537
543
525
546
546
558
556
530
541
540
556
554
551
559
567
542
566
572
569
551
571
541
556
549
572
578
566
579
574
565
578
580
577
581
580
582
579
581
585
601
581
591
572
582
566
573
579
572
580
584
574
546
557
557
579
572
583
574
584
577
585
576
583
578
588
581
594
581
580
586
589
576
585
573
579
589
590
564
576
570
582
579
583
583
569
584
591
579
596
588
599
593
575
1534
1525
1540
1540
1532
1520
1513
1547
1530
1541
1527
1545
1544
1558
1554
1549
1551
1558
1550
1553
1544
1549
1540
1551
1543
1550
1536
1546
1538
1545
1528
1542
1531
1545
1535
1543
1545
1534
1528
1523
1507
1525
1511
1534
1518
1523
1508
1526
1519
595
581
570
589
580
592
577
579
569
560
580
570
556
572
559
567
562
553
559
565
557
558
550
568
555
550
557
546
551
556
557
555
555
553
538
556
554
552
550
548
560
549
570
568
560
527
562
503
541
548
519
487
496
548
556
552
554
542
554
552
552
569
540
561
529
538
552
548
531
534
544
524
549
541
542
534
542
530
528
542
526
538
541
535
514
548
531
528
532
514
510
514
523
499
509
509
481
473
465
480
478
496
495
506
493
480
484
484
491
493
481
491
491
502
491
493
496
476
484
481
489
492
478
487
495
493
486
496
478
485
495
475
483
503
482
499
500
499
491
502
509
506
518
503
506
487
477
496
509
516
511
516
521
519
524
525
531
520
536
529
530
527
518
520
548
543
554
548
561
552
559
554
558
554
562
554
549
544
553
551
564
576
560
549
559
552
558
559
561
543
553
561
543
552
535
546
532
531
548
557
546
549
542
535
551
541
538
541
531
554
539
558
539
525
549
535
539
528
534
539
528
534
527
532
524
530
519
521
547
558
535
535
527
518
516
511
506
543
493
552
511
524
516
516
511
505
514
515
500
486
495
472
486
460
468
465
460
461
514
512
504
497
507
516
518
511
528
535
522
501
513
544
544
554
562
546
565
563
536
477
544
478
513
510
512
537
542
535
566
536
552
536
530
527
525
527
529
525
515
515
517
544
445
433
408
547
568
535
400
371
370
370
354
315
295
268
543
424
453
567
370
334
281
566
357
306
503
538
555
547
563
562
572
577
561
570
567
562
455
219
232
244
244
262
262
275
275
290
290
306
302
319
315
333
332
348
348
362
362
378
376
377
387
398
397
397
413
420
431
431
449
452
459
460
470
472
473
494
494
509
494
513
512
515
504
513
503
505
355
454
494
392
461
405
443
474
368
487
352
341
437
323
519
316
299
410
422
385
373
429
314
336
434
421
449
439
382
387
377
362
364
362
353
351
346
336
327
324
317
312
313
402
146
132
419
126
146
146
449
186
148
146
130
131
128
130
129
132
145
394
145
414
145
260
146
438
144
130
297
178
108
107
56
59
62
64
67
68
297
61
108
56
55
55
106
298
56
57
70
107
108
55
57
56
72
9
22
21
52
100
141
139
156
145
161
160
163
189
190
206
206
224
223
249
248
237
239
239
277
278
274
299
299
305
325
306
304
314
339
342
325
370
369
382
383
380
404
402
408
408
427
424
427
443
456
458
456
456
490
489
496
491
491
489
495
474
491
483
478
485
492
481
491
480
493
492
502
477
491
480
497
486
492
486
491
488
498
496
507
502
518
487
500
495
494
508
496
501
508
500
496
492
496
497
507
505
519
493
499
512
507
519
509
516
505
520
509
526
520
513
532
528
513
518
523
521
504
512
517
498
474
486
504
514
512
509
491
458
442
434
369
349
397
269
371
421
466
331
315
479
303
297
444
284
277
251
386
368
338
308
404
272
491
413
390
483
399
442
436
428
443
446
453
448
440
445
462
463
463
469
435
452
453
336
260
252
268
334
259
280
410
255
258
269
272
257
270
252
253
266
474
259
258
254
253
258
257
470
421
443
470
471
489
489
509
510
531
530
550
533
537
533
556
545
540
533
549
535
543
537
542
534
539
530
420
513
403
392
404
404
419
418
432
435
447
446
466
459
479
478
769
771
766
771
772
775
778
780
776
764
760
754
742
740
725
718
709
705
695
681
669
665
650
646
770
634
636
617
606
597
584
599
571
633
576
551
545
546
536
533
772
521
516
512
503
495
133
129
560
659
526
556
10
13
18
4
7
7
15
7
7
2
4
34
22
27
55
24
71
81
112
107
58
57
65
58
52
56
55
52
51
54
53
51
71
52
58
84
50
19
14
9
18
11
19
18
16
41
60
57
86
85
87
93
183
202
210
226
218
234
234
257
256
268
263
280
280
298
294
298
297
299
299
353
351
359
330
333
336
340
343
336
336
337
327
336
337
337
369
369
416
415
416
415
465
466
466
508
509
534
519
554
547
563
562
569
583
595
583
604
591
575
580
523
593
566
567
494
545
465
494
433
494
488
416
440
594
417
422
493
518
517
534
534
552
553
573
575
595
596
605
562
596
571
542
516
531
589
503
578
559
538
535
541
538
535
521
538
527
529
542
526
542
542
537
532
515
514
488
479
469
465
500
500
532
546
532
548
540
531
531
625
636
620
607
575
567
555
555
536
510
497
499
501
503
505
506
503
500
488
481
477
466
457
448
441
426
426
414
403
397
391
382
380
382
369
349
343
338
316
305
287
271
207
208
207
208
593
582
613
579
4
10
5
7
7
16
28
33
14
23
24
15
21
49
17
51
146
144
170
175
177
186
185
211
211
228
232
229
234
239
232
219
223
227
233
231
220
221
239
229
220
219
228
226
223
221
234
220
229
346
347
229
347
346
221
388
430
438
437
437
438
480
480
501
501
489
518
512
508
521
523
497
486
500
487
499
496
460
398
370
368
358
350
355
359
362
366
358
354
366
370
373
357
375
300
371
368
342
339
342
355
376
376
344
375
323
377
318
368
306
371
367
366
338
270
367
358
405
411
473
458
471
458
453
470
458
446
443
450
423
326
437
253
217
233
233
240
240
234
262
263
282
276
293
293
309
311
311
334
334
350
351
362
363
360
392
394
407
406
408
432
432
450
451
465
467
464
489
414
423
336
485
407
389
369
449
354
322
292
311
451
321
466
406
380
354
342
287
463
434
479
492
412
431
446
437
440
436
441
450
447
449
453
427
435
444
442
446
440
452
435
448
436
443
434
427
433
411
343
441
333
320
333
333
350
350
370
370
388
384
382
407
407
423
425
437
436
437
457
452
468
467
480
480
25413
25420
25402
25373
25355
25407
25324
25295
25259
25388
25315
25309
25366
25306
25280
25349
25269
25430
25232
25401
25415
25421
25283
25342
25238
25340
25390
25371
25298
25252
25395
25402
25407
25384
25377
25376
25368
25366
25363
25357
25345
25348
25349
25341
25341
25339
25336
423
395
379
315
222
225
221
182
175
179
183
186
191
193
190
194
198
203
206
211
216
218
222
220
223
25390
25399
3
5
4
17
23
25
42
34
35
21
23
23
17
31
8
28
26
13
18
30
15
10
2
4
18
8
8
19
27
28
27
40
32
36
53
30
33
10
46
34
7
27
28
42
39
52
62
79
80
78
92
89
61
75
64
92
73
56
45
56
68
44
64
62
37
74
55
68
39
37
44
15
9
11
8
13
15
9
5
21
20
20
35
33
24
15
31
4
3
21
35
30
20
17
16
33
38
23
4
7
7
21
2
15
2
15
10
4
12
4
5
10
13
13
3
26
14
23
36
46
59
75
83
77
102
101
129
178
177
191
185
185
208
209
228
228
247
247
254
255
263
276
275
278
278
304
304
330
330
348
347
370
370
376
376
398
397
418
417
438
438
456
454
472
464
478
478
488
495
488
505
504
512
516
530
529
544
539
549
526
512
547
526
521
514
521
511
525
517
502
524
517
532
536
517
510
497
516
501
496
503
497
501
513
508
526
524
524
514
525
523
534
522
544
550
545
557
542
550
562
534
566
554
511
507
489
501
546
523
542
514
532
535
566
553
490
488
549
568
527
527
504
507
543
519
484
507
488
483
513
521
521
515
514
538
512
484
480
470
472
453
453
435
425
417
421
413
397
399
396
388
362
361
352
352
357
361
365
368
370
338
260
214
214
215
212
212
211
210
208
186
186
185
180
182
511
526
492
5
3
12
22
10
18
10
21
29
45
43
28
29
40
16
37
19
35
4
7
6
5
3
3
3
30
36
40
42
43
69
74
72
73
72
75
77
68
69
67
68
69
67
7
10
26
24
7
12
29
28
43
40
28
44
56
91
72
54
54
54
56
58
57
59
61
63
55
56
81
77
