43
110
111
114
139
148
146
173
140
218
164
119
147
217
188
191
259
280
298
318
320
338
339
361
259
444
299
462
443
359
490
464
279
491
522
523
547
548
566
568
592
581
592
616
616
636
644
644
645
678
674
660
671
635
668
676
665
670
684
692
691
704
682
703
681
663
656
644
662
657
659
651
656
647
662
661
591
591
617
616
620
610
614
607
598
608
611
591
617
618
637
635
638
632
636
626
623
639
643
652
660
666
677
646
675
667
665
661
672
665
672
677
683
677
689
676
692
686
695
689
700
696
709
702
708
697
704
696
704
715
713
711
699
699
711
702
709
653
710
678
695
671
662
651
687
668
659
683
675
661
619
675
671
681
672
665
741
734
731
724
725
707
690
715
702
690
701
696
708
708
691
702
694
678
691
688
674
624
637
676
664
650
666
660
654
659
656
647
659
636
643
641
643
654
638
650
642
639
629
636
628
608
615
586
598
531
525
521
534
527
520
538
535
545
534
533
520
526
521
526
515
515
525
524
518
515
526
518
482
502
502
513
509
510
515
519
507
517
519
520
523
517
510
526
514
517
527
517
528
513
530
525
530
515
529
509
451
477
411
499
443
460
472
441
492
393
378
388
361
405
368
520
426
456
525
347
493
495
458
496
492
496
498
499
485
494
467
474
495
485
481
512
500
506
500
504
493
509
508
493
510
511
509
526
482
443
442
457
458
439
437
445
444
457
464
472
473
408
401
383
380
381
483
481
436
413
474
477
477
470
447
378
479
475
463
442
430
473
482
481
471
504
473
466
455
468
463
441
459
464
448
460
437
437
430
450
438
444
432
443
420
436
425
443
420
430
433
379
329
317
349
322
340
339
351
351
365
364
379
380
398
397
413
412
420
419
418
442
442
455
441
450
456
450
444
442
454
457
449
435
464
457
440
464
436
454
444
454
454
462
460
466
461
468
456
477
471
475
465
480
464
465
468
464
473
483
472
478
461
472
463
464
470
468
464
468
461
476
476
479
472
557
559
568
563
569
560
568
545
553
567
556
562
556
566
573
575
574
552
562
564
8186
8238
8227
8255
8272
8206
8174
8164
8160
8151
8148
8130
8235
8239
8227
8266
8213
8254
8182
8194
8168
8194
8189
8266
8272
8246
8251
8323
8334
8343
8270
8255
8282
8281
8287
8300
8305
8304
8318
8304
8303
8297
8314
8290
8302
8338
8344
8353
747
743
752
671
675
666
680
671
644
543
556
544
562
574
574
592
557
573
572
597
598
618
625
645
645
665
668
668
632
597
633
615
564
543
623
517
490
574
528
655
439
535
508
440
667
505
470
585
587
609
603
594
587
598
601
567
581
573
575
558
543
560
557
562
549
560
551
546
557
550
527
546
547
506
524
394
488
381
382
389
387
388
415
415
434
433
447
442
441
465
465
464
489
502
502
524
532
532
547
545
542
549
540
542
525
534
550
541
544
538
537
522
530
547
554
542
552
539
541
550
543
536
543
550
563
540
549
537
554
540
557
544
545
557
535
550
508
520
524
536
526
517
499
514
523
520
530
519
524
514
528
519
533
525
528
526
535
542
540
506
538
516
529
512
476
417
414
414
401
400
388
381
371
372
346
332
438
527
496
426
438
332
458
324
488
319
297
473
360
331
437
331
515
449
457
409
417
427
418
393
433
450
451
437
432
447
422
440
420
445
426
441
346
289
294
294
314
314
333
332
336
342
342
343
370
370
382
388
399
399
389
427
443
442
461
461
474
475
502
502
474
533
533
540
541
511
521
521
541
541
558
558
557
549
561
559
574
562
578
567
560
550
565
552
559
565
545
556
569
563
576
563
565
566
573
570
559
571
569
569
563
573
558
558
550
564
542
560
545
563
543
540
549
548
551
543
555
550
541
553
548
562
565
565
569
545
568
565
564
548
557
535
549
544
528
558
550
536
526
546
534
542
538
524
525
539
538
549
548
543
526
550
559
560
577
572
578
572
595
572
574
599
589
594
597
590
610
599
606
593
613
601
616
598
536
520
513
510
500
503
587
548
465
459
450
442
434
417
408
393
377
371
362
356
352
332
331
311
296
291
283
268
260
246
238
229
207
201
191
584
564
544
498
497
549
567
455
543
572
465
482
603
8
16
15
29
32
166
181
199
198
212
233
231
233
231
267
268
295
296
323
321
322
347
346
360
358
357
363
362
399
397
414
414
432
432
448
448
465
464
485
485
499
498
512
512
516
515
536
545
556
555
572
570
588
601
586
606
589
557
478
434
548
393
357
363
464
514
364
361
351
430
583
534
421
398
512
524
363
452
487
415
466
486
475
483
457
472
476
462
477
466
487
477
548
524
540
539
538
553
521
551
529
542
554
547
554
544
549
489
489
490
512
513
533
533
551
551
570
568
505
498
510
505
510
534
537
539
534
535
572
572
580
584
573
590
578
596
590
583
587
579
504
579
518
505
506
518
506
508
497
503
514
508
515
508
482
505
488
498
498
504
511
515
509
517
507
515
497
506
519
506
507
518
510
509
509
527
517
504
527
519
505
523
522
520
507
509
510
513
499
525
525
515
528
518
513
530
522
535
527
527
544
533
527
540
532
544
544
526
555
535
512
515
537
529
537
525
533
538
545
539
557
542
550
544
559
555
553
549
552
527
546
548
549
540
541
548
557
541
553
544
541
550
546
538
544
547
547
540
540
551
550
537
551
539
543
556
541
550
549
544
550
556
555
548
559
560
558
556
559
541
527
551
549
543
553
550
547
553
551
553
534
553
545
558
546
543
550
554
542
560
544
554
544
554
542
559
541
555
543
552
547
560
548
567
554
550
540
558
567
564
554
564
554
563
549
559
559
545
543
555
545
548
560
533
546
529
538
527
514
529
522
520
527
523
516
514
526
524
517
521
509
517
514
509
516
514
504
496
509
456
484
495
455
474
506
490
486
484
476
465
458
474
466
475
463
473
464
465
456
396
385
383
460
473
357
350
341
420
401
439
412
425
371
368
333
429
446
475
457
464
484
472
478
476
467
473
477
483
488
477
494
496
484
479
497
493
501
500
501
512
513
509
521
515
515
519
482
522
500
499
519
463
453
446
445
463
460
462
477
481
479
501
500
516
516
514
531
536
516
533
527
540
535
533
531
541
522
533
527
535
532
522
533
525
501
509
523
530
523
514
520
509
518
520
430
414
403
433
477
471
509
517
395
378
497
375
371
495
401
378
454
457
418
535
547
558
544
546
550
560
552
548
536
535
518
511
503
496
488
481
473
464
461
788
783
796
796
816
795
807
800
814
803
764
687
806
722
723
743
712
732
724
723
738
759
761
761
785
785
818
817
842
843
847
844
827
838
833
843
790
798
799
838
840
863
870
871
890
890
912
912
939
940
654
639
634
608
570
580
629
594
650
622
585
632
617
642
603
628
614
618
620
631
620
623
597
621
614
612
627
612
620
617
614
600
619
600
836
826
823
852
808
822
826
802
813
822
823
803
820
824
809
809
824
800
824
816
771
780
777
801
802
801
812
793
813
821
806
820
813
828
819
823
815
818
797
801
793
796
768
781
805
800
788
797
803
553
797
551
526
579
581
569
569
577
575
573
562
569
561
565
555
557
547
556
547
554
534
552
550
536
551
524
553
550
518
547
550
537
538
556
532
537
539
539
545
551
532
553
543
543
561
542
538
539
548
528
555
556
530
531
555
548
540
540
550
537
554
550
552
544
555
553
545
547
550
541
540
541
555
543
558
545
534
536
550
543
558
560
567
565
574
568
591
583
572
564
574
572
571
556
552
560
566
577
560
572
553
558
556
548
556
550
564
549
559
547
549
548
558
549
558
549
12771
12768
12791
12787
12800
12779
12796
12787
12805
12788
12791
12798
12773
12771
12753
12773
12778
12778
12772
12773
12761
12765
12765
12768
12769
12759
12767
12759
12762
12776
12768
12756
12765
12747
12754
12753
12747
12760
12749
12758
12746
12739
12750
12730
12747
12735
12744
12741
12743
12742
527
494
499
489
497
491
477
490
472
481
481
463
465
455
452
444
434
431
426
423
418
407
404
400
389
390
377
372
369
360
363
357
347
342
337
328
324
316
314
309
310
299
299
286
283
278
269
271
258
251
248
244
234
236
222
219
214
210
472
491
3
25
33
32
49
51
71
644
849
848
1953
1952
1940
1953
1983
1983
1997
2007
2017
2021
2018
2020
2020
2071
2070
2071
2086
2070
2072
2132
2137
2141
2156
2179
2178
2208
2210
2236
2237
2257
2256
2275
2275
2298
2299
2332
2333
2356
2357
2356
2356
2398
2399
2356
2400
2399
2430
1934
1728
594
592
585
556
596
646
579
619
624
625
636
635
645
611
606
562
604
613
536
604
605
555
550
610
591
572
578
568
579
577
580
573
579
578
565
564
553
552
542
541
545
543
550
523
561
555
555
562
575
551
564
501
521
508
512
533
532
546
538
539
534
536
528
537
512
482
526
494
495
513
513
514
540
540
535
545
534
548
527
540
532
525
532
524
534
526
536
530
533
527
535
523
531
534
520
548
520
531
514
517
535
536
531
545
538
536
540
528
544
534
552
560
549
566
558
569
567
570
561
571
564
571
561
575
549
568
566
558
571
577
582
572
581
567
576
577
565
576
568
579
574
582
588
589
579
586
581
583
597
572
598
579
596
574
583
586
597
586
597
606
597
582
594
576
595
588
579
590
583
579
599
583
589
592
589
586
606
601
574
603
595
603
595
609
599
609
607
602
576
556
590
577
599
579
569
590
582
591
589
590
582
576
589
577
584
581
575
576
562
582
575
583
572
579
577
567
565
570
572
555
508
546
557
533
564
480
540
536
535
528
538
524
520
526
515
526
524
515
503
519
510
516
529
532
496
507
504
501
492
499
492
500
498
502
494
496
487
470
473
489
493
485
497
490
499
488
502
490
483
504
485
464
463
470
497
511
511
496
516
528
536
524
545
544
542
549
548
552
570
561
562
561
555
546
559
557
549
564
553
538
553
548
566
569
562
574
562
554
540
572
546
565
575
550
567
569
580
545
578
565
575
564
559
555
565
559
573
571
570
555
568
556
568
556
571
560
566
571
557
569
575
572
550
551
582
576
592
572
581
574
587
574
578
570
564
563
583
581
581
559
572
573
534
564
553
555
578
578
594
587
596
584
604
602
601
581
593
585
603
586
591
595
585
571
588
601
597
587
598
591
609
592
604
596
603
602
597
610
606
598
601
589
606
600
613
621
595
586
574
628
593
601
599
588
598
589
588
569
589
597
580
597
586
602
590
607
606
608
599
605
602
603
582
596
599
605
589
596
583
580
592
587
581
583
595
591
593
582
592
579
582
595
594
586
587
588
577
583
575
600
591
600
593
601
607
607
600
615
605
556
564
584
533
539
620
618
527
580
563
527
476
540
417
559
456
434
498
529
569
424
492
403
545
466
447
481
509
493
506
508
509
516
517
506
523
513
523
504
504
497
509
491
505
475
485
478
492
491
479
486
483
473
462
475
475
495
494
460
385
391
392
417
417
433
434
443
443
463
463
477
477
477
478
478
476
513
518
515
538
537
547
521
482
480
472
508
377
493
356
426
467
411
502
396
448
439
340
328
546
414
384
351
460
369
442
462
453
462
443
452
457
433
425
443
441
436
440
451
451
411
436
434
433
450
448
460
454
447
460
386
451
390
408
406
345
327
345
343
334
325
344
384
384
399
400
416
416
431
430
445
445
462
463
480
480
495
487
475
502
494
479
491
493
483
492
472
480
477
494
483
493
481
488
482
489
483
485
491
482
488
483
483
493
485
481
506
506
513
512
520
519
493
501
521
532
517
526
552
550
547
560
553
564
551
573
565
591
590
559
616
595
592
600
607
601
613
616
618
615
623
617
638
632
656
643
661
629
630
616
640
644
657
653
655
663
657
666
659
661
645
675
674
677
670
677
677
678
677
666
675
624
606
662
576
635
549
666
560
614
647
651
643
631
642
648
641
646
659
591
588
495
554
652
517
495
579
564
493
491
475
614
440
421
495
482
426
534
453
459
528
532
529
527
514
526
508
519
489
500
472
485
444
425
425
440
438
440
460
461
446
453
475
456
469
449
426
467
323
411
317
319
355
355
353
381
381
398
398
415
415
434
434
457
452
452
484
484
503
503
523
518
532
520
535
523
529
525
534
523
531
526
540
528
538
528
536
531
543
544
544
531
550
551
564
572
561
556
549
570
569
569
577
564
571
564
577
568
581
571
627
614
618
605
605
621
609
587
596
600
594
594
587
585
597
588
592
590
575
578
599
591
594
575
584
589
583
561
568
586
584
576
579
564
554
515
537
488
563
496
542
500
574
481
527
534
545
545
541
538
496
492
496
480
487
493
485
501
495
498
489
500
488
502
493
498
501
503
480
488
494
485
493
481
498
495
470
483
483
504
492
498
489
482
485
459
489
447
447
462
463
472
479
485
485
481
486
469
501
497
501
489
503
500
487
479
487
491
478
487
480
482
469
482
471
481
471
479
471
469
465
456
464
467
481
470
463
470
458
452
441
459
441
432
328
376
355
363
416
349
316
357
447
383
390
419
441
433
311
404
351
394
412
420
437
438
440
445
435
446
440
449
436
446
434
445
435
446
443
434
451
443
434
439
442
436
430
439
434
431
447
339
418
375
354
354
376
375
386
386
402
413
405
406
411
413
413
415
417
419
416
416
400
393
386
378
374
369
364
365
355
353
344
339
331
322
320
314
310
311
299
296
293
285
285
269
247
186
240
221
232
200
278
263
193
283
412
406
206
263
406
7
5
23
43
37
53
67
67
66
149
147
150
164
164
186
187
187
186
200
201
202
217
218
216
241
241
252
253
262
261
275
285
282
296
299
313
313
332
332
351
351
369
369
385
384
398
397
418
419
437
437
456
456
474
473
494
494
510
508
523
515
520
530
523
520
528
528
518
530
516
530
526
526
545
549
542
549
542
532
550
532
540
550
500
517
518
530
525
537
525
539
524
531
524
538
529
543
524
542
529
541
531
524
522
536
529
534
530
536
516
542
532
528
528
534
542
546
539
543
532
517
498
544
526
519
529
516
535
527
530
498
498
521
499
535
535
549
547
551
550
554
546
557
545
557
554
552
557
557
544
567
546
560
553
559
554
566
560
554
555
549
533
554
547
555
545
536
546
552
548
552
554
540
479
499
492
522
489
513
564
467
546
534
522
515
522
515
503
529
511
499
512
506
510
506
500
505
513
504
496
468
479
458
476
840
832
845
849
854
855
843
836
851
858
844
851
837
837
855
830
834
846
846
842
841
810
801
801
820
838
859
821
840
837
834
829
832
824
823
815
809
808
804
799
845
820
792
799
758
763
417
415
410
404
397
390
379
375
371
365
359
358
358
344
337
332
797
848
314
308
306
298
297
294
282
793
285
279
327
855
265
324
6
3
26
14
4
20
10
4
6
16
31
38
37
42
19
18
37
37
5
8
5
5
3
23
29
32
38
39
25
43
13
23
30
9
12
7
5
28
8
26
45
27
26
26
34
33
27
42
32
43
27
62
32
29
31
30
13
120
99
118
114
99
112
117
157
159
176
188
189
209
210
231
232
258
259
280
281
302
303
334
334
352
354
370
373
402
403
370
375
433
434
459
458
480
480
503
520
521
547
561
562
580
597
577
596
620
609
627
629
583
609
610
613
612
628
628
654
641
658
645
1538
1524
1530
1533
1513
1533
1539
1528
1485
1514
1499
1548
1542
1564
1558
1560
1547
1586
1577
1582
1561
1580
1570
1589
1523
1547
1539
1566
1580
1538
1526
1538
1533
1532
1514
1522
1514
1507
1501
1491
1499
1490
1469
1477
1469
1463
1477
1450
1437
1451
558
541
529
544
527
524
506
453
454
462
461
456
442
455
445
455
424
427
407
428
416
411
410
393
412
416
415
438
437
431
426
438
446
443
451
453
454
466
465
472
470
477
471
469
487
480
501
494
508
502
517
520
514
513
535
525
539
533
542
546
560
553
557
565
547
547
533
513
566
559
541
549
543
551
541
548
543
548
546
553
543
542
536
551
552
560
544
539
512
547
523
558
541
531
549
531
548
533
545
531
533
543
524
544
525
537
536
527
531
521
530
538
543
545
516
531
525
523
483
525
411
458
430
434
506
525
407
390
467
363
447
417
395
377
500
523
474
454
454
453
470
459
472
466
473
489
475
481
474
481
472
472
477
476
483
473
473
483
487
480
485
460
457
450
397
464
450
315
354
315
330
358
358
379
390
390
412
410
424
422
444
444
465
466
485
485
504
505
516
506
519
498
509
505
496
503
518
509
505
501
513
513
508
519
521
514
500
512
521
501
508
519
441
470
489
490
508
507
508
538
539
548
547
541
553
537
548
523
551
546
546
543
531
553
537
548
537
514
504
531
541
446
431
402
495
481
474
513
473
465
423
539
411
518
443
538
528
524
524
540
545
524
539
538
552
544
552
540
553
545
548
550
549
553
543
562
545
550
542
555
555
568
549
558
565
578
567
590
583
579
578
602
600
620
621
577
548
566
564
562
597
597
620
619
637
631
644
635
654
634
633
640
635
643
642
640
646
642
650
645
654
645
649
642
629
654
652
643
661
636
646
633
635
630
632
620
616
619
609
608
599
601
582
593
604
591
596
591
581
586
594
585
583
591
598
595
594
570
577
581
589
573
574
585
581
572
571
561
567
557
563
553
544
530
561
542
539
533
550
552
536
552
545
550
537
539
526
535
532
515
535
529
525
519
522
528
524
504
516
498
522
503
509
494
486
493
490
492
478
489
488
482
477
474
467
491
482
477
489
490
478
480
473
492
488
500
495
512
509
503
491
494
505
506
496
506
513
513
502
518
502
521
514
531
515
520
527
525
516
531
542
534
541
546
552
549
561
566
552
569
551
557
564
572
570
574
571
565
575
573
567
568
547
556
580
565
584
573
568
565
556
545
533
530
526
577
559
510
518
541
534
530
541
536
529
536
532
528
535
545
524
529
518
522
512
500
519
506
516
504
518
503
508
497
507
486
492
494
496
491
485
493
487
496
469
472
471
479
442
432
477
454
449
468
480
468
481
500
500
494
504
519
525
515
529
518
524
518
520
531
532
526
544
536
539
537
542
555
558
546
563
552
568
557
577
569
575
568
579
573
585
576
590
584
583
596
591
572
581
589
571
563
579
572
581
588
586
586
578
586
571
587
571
578
563
572
574
565
574
561
492
462
444
441
429
398
375
426
482
533
416
554
540
389
455
562
509
358
521
478
378
409
501
523
508
509
519
506
525
516
502
509
512
519
519
520
512
532
517
531
529
529
506
499
524
475
470
515
459
461
491
534
423
412
421
435
436
451
450
453
476
476
491
492
507
506
525
524
539
527
531
539
539
543
530
538
572
569
564
567
576
558
575
567
580
568
586
557
543
557
570
535
550
525
506
518
492
517
517
538
538
560
559
565
576
565
582
569
596
577
593
583
596
598
601
584
554
553
533
535
531
535
536
534
528
519
583
520
589
559
546
568
563
551
559
557
561
556
540
522
457
402
538
506
427
415
464
526
369
480
500
539
439
538
391
562
396
350
446
453
466
447
453
455
377
375
372
374
394
394
393
414
413
429
428
446
445
461
462
475
455
467
456
465
458
448
468
457
405
375
422
374
363
372
373
387
388
402
402
419
418
432
430
429
452
451
467
467
464
479
478
461
478
467
481
471
471
471
482
483
482
488
497
482
484
478
484
481
475
460
478
474
474
469
476
482
478
473
468
480
459
475
464
476
469
460
463
469
465
472
469
466
474
468
472
438
468
445
455
465
454
426
472
459
469
457
462
458
461
464
457
466
455
458
451
458
472
452
460
438
466
20198
20192
20194
20251
20241
20241
20229
20207
20194
20184
20160
20224
20161
20138
20210
20175
20113
20208
20206
20212
20225
20195
20251
20228
20287
20370
20371
20340
20335
20366
20375
20351
20351
20374
20375
20397
20368
20375
20358
20286
20353
20189
20388
20368
20604
20607
825
800
804
696
597
599
600
601
600
603
604
607
609
610
611
606
606
607
610
611
611
611
612
612
615
609
492
420
420
400
20352
20379
20345
20327
6
9
27
13
24
24
57
71
223
193
196
191
187
202
206
205
220
219
232
236
237
254
253
274
273
294
295
302
313
322
321
339
339
360
359
378
377
398
395
412
410
430
429
452
449
469
469
491
492
514
512
531
530
558
558
579
580
593
585
596
600
596
593
583
606
592
625
615
629
619
623
619
622
619
625
588
599
611
620
595
607
577
549
563
547
584
525
562
534
511
589
613
560
548
528
523
541
542
568
555
549
570
547
570
568
561
567
547
562
573
588
579
590
581
600
599
580
571
592
581
600
598
612
601
604
613
600
612
627
616
558
557
606
608
588
581
574
603
607
618
617
640
641
662
665
664
693
693
714
713
722
706
704
729
713
707
715
705
704
723
713
700
703
711
715
696
707
704
705
703
697
668
685
687
653
667
676
674
646
664
618
656
614
627
631
633
632
616
614
621
617
609
602
625
605
619
618
608
609
592
586
590
578
584
571
569
577
582
557
557
549
552
544
536
545
547
533
528
540
524
538
529
528
536
558
559
537
554
548
563
543
561
544
548
554
567
569
501
512
493
417
452
455
433
544
428
411
483
393
549
471
561
439
399
533
471
527
513
524
519
524
529
536
530
540
531
538
532
542
531
536
542
540
551
537
526
541
531
540
533
545
533
555
547
545
538
503
499
520
519
536
454
476
476
478
487
498
497
488
530
530
548
548
563
556
570
569
564
575
583
576
578
573
559
569
567
568
570
563
574
551
562
544
541
554
540
546
553
553
545
548
526
540
529
540
535
529
535
535
537
535
512
516
522
528
531
533
539
527
477
510
485
500
491
498
486
477
478
464
458
362
468
332
413
400
446
402
387
389
483
354
323
488
419
391
439
344
430
522
484
497
495
484
496
496
490
501
491
495
486
497
508
498
507
503
495
486
505
483
494
492
485
484
395
453
381
380
398
391
402
401
420
416
436
435
453
452
472
470
488
487
505
504
518
519
538
537
548
558
556
540
564
562
559
562
559
559
560
561
554
556
544
557
548
557
562
560
551
562
562
566
568
568
556
572
564
569
552
579
557
581
569
578
561
551
565
568
562
555
565
576
575
565
577
578
568
568
565
574
581
578
588
575
580
591
589
577
587
570
586
584
595
587
593
587
593
579
595
584
594
585
578
590
587
577
576
579
586
595
567
594
567
558
578
592
586
579
599
578
560
569
570
583
588
576
569
581
582
572
568
574
576
569
568
569
579
566
561
570
573
547
555
565
559
566
564
541
566
548
560
547
550
562
560
547
555
562
568
556
569
565
566
548
530
562
550
563
548
535
539
561
536
534
544
535
549
538
544
542
526
543
521
539
520
532
538
547
528
573
554
572
561
569
567
569
574
571
575
568
588
574
590
589
583
572
584
575
582
581
584
587
591
580
570
573
585
597
590
594
600
605
616
605
604
596
605
593
602
588
601
593
613
605
578
576
592
579
594
589
599
588
593
596
590
577
569
578
556
579
560
565
553
558
547
550
564
552
555
562
557
547
548
541
545
527
538
533
544
531
538
545
531
543
530
540
538
530
525
534
512
528
511
535
525
515
525
532
528
510
522
504
493
481
484
489
494
431
452
393
373
381
357
444
436
437
512
401
469
363
412
461
473
508
502
499
482
507
489
509
499
505
496
491
500
474
499
486
481
506
490
500
500
498
508
504
493
491
500
499
448
330
329
444
443
350
332
339
331
330
327
318
320
390
393
340
451
333
380
370
368
337
363
344
350
326
444
330
388
334
392
393
314
501
499
507
505
511
501
460
443
434
185
451
476
313
286
480
312
175
169
418
379
497
284
432
315
518
304
305
320
318
316
338
338
352
352
370
369
383
383
398
397
418
416
439
439
458
457
474
461
471
470
463
473
441
489
483
464
391
399
399
418
417
433
434
465
465
479
479
501
501
517
516
537
538
554
548
554
567
559
579
579
579
577
585
584
586
575
596
557
551
531
597
518
572
567
534
579
558
537
540
555
554
571
573
592
588
589
571
587
580
586
595
571
583
536
574
558
564
549
560
565
575
571
562
553
561
554
573
570
519
563
542
512
548
531
549
540
516
512
528
511
523
512
419
519
490
522
430
445
506
404
530
479
454
422
379
467
394
522
466
503
490
503
490
482
466
466
491
491
490
503
492
483
479
458
486
436
493
452
448
473
459
413
274
278
281
283
285
364
413
276
291
284
291
439
417
406
453
276
291
398
285
277
276
415
277
290
277
415
291
533
541
543
531
547
571
588
584
585
573
590
579
589
573
589
563
591
589
592
613
521
349
307
307
312
296
341
333
354
354
370
371
386
377
378
391
402
407
407
425
426
445
445
461
460
473
473
490
490
506
508
506
528
528
548
547
560
548
565
559
565
558
561
550
539
557
538
546
541
548
534
532
528
534
543
556
529
541
535
539
534
544
540
538
542
531
538
524
548
534
543
533
522
531
526
537
524
539
529
540
534
538
545
533
547
531
507
530
520
528
524
538
530
538
525
537
526
525
534
522
525
536
524
533
541
537
521
535
538
526
533
522
535
521
536
523
539
528
534
536
540
537
543
534
540
534
544
531
530
543
543
530
539
532
534
548
550
537
549
537
547
535
546
533
532
544
532
542
540
527
545
528
541
534
541
543
548
546
546
537
549
547
549
551
552
543
540
552
550
552
552
550
556
548
556
545
559
556
546
559
559
553
557
559
562
551
608
606
608
606
613
606
614
610
608
609
615
599
614
616
605
612
597
604
613
601
615
612
619
617
616
614
613
615
604
612
587
608
605
613
596
597
615
596
608
588
595
588
585
595
592
584
590
587
588
531
540
526
535
527
529
522
529
525
532
530
536
530
536
534
534
536
542
536
535
528
528
531
517
526
520
533
519
523
532
521
539
525
538
524
538
524
531
522
542
538
537
544
547
536
544
537
545
547
554
534
551
549
550
567
553
566
553
561
573
576
558
570
553
570
561
574
567
573
559
570
578
592
576
567
576
583
600
584
602
586
606
595
603
595
600
602
605
598
604
595
611
606
608
626
632
626
601
608
626
609
631
630
667
674
670
678
690
682
667
680
657
654
842
836
847
836
850
1797
1785
1807
1815
1761
1793
1787
1811
1804
1810
1810
1817
1821
1808
1807
1825
1801
1818
1817
1796
1823
1809
1805
1815
1822
1790
1815
1788
1797
1782
1771
1783
1781
1738
1794
1718
1706
1744
1722
1720
1723
1702
1721
1721
1738
1557
1561
1555
1557
1551
614
584
594
588
577
592
572
560
542
563
564
552
557
542
541
555
519
544
554
535
543
528
541
539
530
538
532
534
537
553
523
541
537
530
542
540
493
466
527
454
490
466
554
520
512
519
536
533
532
517
550
545
557
554
559
557
576
558
574
555
559
554
547
546
545
539
569
582
574
602
582
600
616
602
615
595
608
599
607
604
600
539
554
617
555
540
588
604
602
619
611
610
634
631
639
638
625
644
627
649
627
635
633
637
647
639
640
641
641
504
645
512
651
609
578
596
622
603
627
625
643
632
611
645
632
626
618
637
630
641
639
637
617
623
620
631
634
658
655
626
609
624
608
608
613
610
606
605
605
603
580
604
567
575
587
571
554
549
571
556
482
567
520
493
529
532
484
557
550
547
541
504
517
526
523
543
544
518
533
535
527
529
522
525
531
531
493
499
510
517
498
492
504
501
526
524
524
525
518
526
518
532
518
515
524
520
507
507
500
501
480
477
474
491
479
490
506
507
507
518
522
518
524
524
493
528
513
514
497
503
514
500
498
490
499
502
502
517
493
507
508
474
487
516
480
500
493
502
502
505
487
493
484
499
494
509
507
515
508
503
513
504
511
498
507
490
482
502
500
496
501
496
492
512
504
520
504
512
519
526
522
530
530
540
526
521
531
514
534
529
522
529
511
527
534
535
541
522
533
540
545
538
540
548
550
538
535
540
545
534
524
528
549
562
557
551
556
570
557
567
565
573
559
563
555
536
555
548
538
537
562
520
532
533
519
522
494
366
439
413
484
477
393
475
487
395
461
382
447
360
388
429
531
420
472
440
425
378
400
466
340
331
458
432
312
300
294
395
367
354
375
421
320
402
451
445
467
478
480
461
480
481
490
376
443
374
400
383
392
398
398
415
415
392
304
318
320
336
334
348
351
350
367
367
386
373
392
385
405
405
420
433
432
444
419
437
456
467
481
467
474
494
492
513
508
519
530
530
525
540
537
528
543
536
536
535
547
535
550
539
554
540
543
556
551
545
548
564
561
550
553
553
561
568
548
533
562
538
551
540
535
556
550
563
568
556
564
552
561
566
565
564
551
541
556
556
567
563
564
552
564
569
556
560
552
572
555
548
565
554
563
553
564
557
562
555
557
547
535
558
541
547
545
547
544
545
550
547
544
554
552
536
526
513
543
541
537
553
552
538
551
531
528
550
527
539
554
549
549
561
551
558
550
556
541
556
535
550
543
556
535
544
533
545
542
532
530
526
526
542
520
548
540
554
546
555
553
559
545
561
558
574
576
557
574
564
551
555
549
562
561
566
563
568
567
567
556
566
559
564
563
569
575
567
574
568
575
581
573
579
568
590
599
590
588
588
599
587
621
595
602
597
608
596
609
596
595
589
597
590
602
587
598
587
596
600
593
598
576
590
601
584
595
586
581
593
599
588
589
608
596
597
608
574
587
591
576
592
584
578
577
591
581
592
590
592
601
603
591
583
565
574
580
572
559
584
569
589
571
572
586
586
574
587
575
584
570
584
555
567
583
566
577
586
578
594
569
543
528
565
556
565
553
565
549
541
523
517
565
510
524
530
520
528
530
527
543
534
524
506
519
527
515
527
520
513
510
513
505
519
509
513
506
499
490
498
491
484
499
497
488
503
496
469
477
492
492
484
498
484
492
484
494
486
501
494
483
490
479
488
489
487
493
501
498
503
496
502
487
493
506
497
506
498
501
483
491
493
510
499
503
501
510
490
465
481
492
492
536
524
543
534
515
489
512
485
479
488
538
507
492
498
496
516
505
439
432
404
423
488
395
536
478
524
487
444
404
476
488
458
535
523
533
536
522
522
548
555
529
517
539
551
519
523
524
527
546
538
543
512
517
516
537
536
557
556
557
581
588
541
489
578
583
576
533
534
534
571
571
601
602
622
623
548
567
552
554
555
552
554
555
596
574
594
586
528
591
602
587
577
588
587
574
589
571
591
565
603
593
608
609
595
595
587
601
609
588
0
591
551
581
568
571
569
594
588
604
603
567
574
598
579
572
573
584
563
562
503
467
427
522
481
459
522
523
450
518
410
397
434
496
524
420
579
398
529
526
502
494
509
513
504
505
506
515
512
503
506
510
494
517
504
501
493
503
628
616
578
591
602
588
606
619
614
604
579
504
507
504
505
502
507
503
535
543
555
556
575
574
592
593
611
611
629
628
641
636
644
637
642
631
645
636
627
642
636
627
640
624
620
634
624
627
638
497
526
515
480
502
501
518
512
524
514
533
518
532
518
504
509
521
522
532
531
543
532
532
536
527
536
525
535
532
534
525
512
531
520
537
522
522
535
536
526
541
528
527
545
544
530
546
530
547
544
543
546
542
534
538
536
538
535
532
540
534
526
513
527
520
525
532
539
525
527
537
543
530
536
533
534
521
531
530
533
531
527
535
537
526
529
544
542
527
540
527
536
529
536
526
537
526
545
529
544
527
538
526
544
528
535
529
542
523
528
536
547
549
551
542
545
542
542
538
545
534
519
546
532
549
533
533
546
543
532
543
533
549
533
529
515
547
534
522
531
524
526
524
517
527
528
526
535
524
534
533
539
528
535
533
538
530
536
538
545
538
532
529
531
528
530
522
528
530
536
534
551
528
542
530
548
532
532
543
545
532
548
532
535
541
542
551
541
541
19935
19941
19940
19936
19942
19950
19948
19956
19944
19940
19933
19923
21033
21038
21038
21036
21018
21050
21069
21078
21099
21092
21069
21086
21128
21137
21162
21140
21109
21161
21115
21151
21134
21128
21148
21155
21157
21150
21157
21148
21156
21158
21160
21142
21153
1447
1592
1576
1548
21129
1452
21139
1440
1443
1441
21120
1546
1444
21109
1574
1440
21099
573
612
608
634
635
641
606
613
599
586
535
554
549
537
515
538
538
536
520
535
545
545
558
544
548
516
355
350
350
357
400
353
354
538
351
349
468
356
354
553
349
347
353
524
509
464
464
505
507
520
520
537
524
516
528
518
533
518
530
531
510
518
522
501
521
529
510
365
315
318
321
313
313
315
476
521
463
506
494
315
487
312
314
528
313
314
463
422
316
311
317
414
447
448
461
460
461
492
492
495
476
488
491
485
493
483
485
491
479
494
484
477
494
485
487
477
419
363
358
358
378
379
400
400
420
420
438
438
455
465
464
464
463
498
497
514
510
524
525
546
545
563
557
569
559
561
561
578
576
576
572
569
581
566
559
580
580
578
585
579
591
598
598
597
587
575
590
581
592
586
580
590
590
582
592
581
593
586
598
585
577
599
597
590
608
593
601
590
529
569
503
566
464
451
513
528
402
430
488
397
480
548
578
431
408
472
442
549
491
491
493
507
499
505
492
499
496
484
507
505
508
500
497
506
490
482
503
492
498
504
492
500
490
503
435
488
438
490
372
372
393
394
415
415
431
436
451
448
451
477
476
499
500
515
515
532
531
547
548
567
567
578
571
581
569
588
580
576
583
579
570
554
564
556
573
576
559
570
558
562
575
548
570
533
548
562
550
549
569
567
553
560
562
549
561
551
555
541
542
511
492
551
525
543
501
554
567
548
564
558
573
563
575
568
571
574
569
578
568
583
576
586
599
598
607
582
596
606
598
598
589
579
579
566
581
571
576
575
582
570
578
586
566
569
555
553
553
541
556
531
544
545
526
497
522
523
460
491
464
476
461
454
470
439
442
446
443
427
390
418
401
393
417
390
362
360
381
375
364
369
373
371
361
353
360
357
354
351
353
351
353
349
352
353
353
353
345
349
351
353
358
351
349
357
362
361
371
370
371
371
368
366
370
372
369
369
373
358
371
379
359
374
376
372
363
368
370
369
377
371
368
378
370
381
382
381
386
385
381
385
379
383
382
454
453
464
459
464
471
471
477
482
488
493
485
495
481
466
448
419
438
377
425
453
405
397
389
446
381
366
363
476
431
461
489
400
371
426
477
469
462
477
519
508
516
508
517
524
537
545
559
551
564
499
483
494
482
481
482
475
491
482
488
482
498
447
401
399
418
428
428
406
406
404
399
397
419
428
440
439
451
459
459
477
478
489
489
520
507
518
506
543
545
550
521
481
470
541
533
539
495
521
520
516
522
509
507
517
525
514
520
528
526
518
509
522
515
522
520
498
508
513
520
518
521
513
533
513
525
523
497
513
481
507
490
505
504
497
508
491
494
489
497
507
496
469
469
484
485
480
485
478
502
497
507
489
497
484
495
480
471
461
487
487
475
482
472
474
488
484
475
463
473
482
488
475
482
472
486
473
488
482
490
481
486
481
493
487
490
504
507
493
492
485
495
485
493
483
484
484
494
498
493
493
499
496
506
500
504
495
504
488
505
498
502
507
514
491
501
509
496
502
496
512
498
503
497
501
507
496
496
503
487
481
499
496
490
498
492
489
498
490
484
503
491
500
495
500
494
504
498
504
495
504
499
495
490
487
490
472
493
487
475
494
488
499
489
496
492
504
501
508
506
508
503
522
510
526
518
524
535
537
539
541
543
537
538
544
547
543
555
548
554
546
551
542
550
546
544
543
549
562
561
564
561
579
574
575
582
589
591
611
609
597
611
612
591
598
588
575
596
596
607
604
600
606
574
512
544
522
577
532
554
471
439
454
492
592
506
459
432
481
589
575
581
571
578
590
576
594
577
569
565
552
547
541
531
519
515
507
497
493
483
483
469
470
471
462
442
440
437
438
419
420
407
384
386
295
290
286
289
291
293
296
299
302
305
575
306
303
298
287
306
280
306
302
370
351
377
384
128
154
130
101
120
221
220
247
259
258
246
281
294
293
311
317
296
320
324
336
334
353
351
368
368
370
362
376
375
394
394
406
404
408
432
431
449
448
466
465
484
482
497
495
488
488
507
506
524
521
540
541
560
596
601
595
592
589
573
582
575
575
573
565
569
559
547
548
554
542
534
537
531
541
525
535
509
480
456
464
488
390
353
404
458
438
437
412
372
371
343
421
333
497
404
464
518
522
386
493
479
486
475
453
446
457
456
466
464
465
471
472
470
486
475
492
486
504
495
510
508
517
509
516
374
400
512
455
399
393
411
410
426
419
437
436
455
453
474
473
492
491
510
509
528
528
546
544
563
556
567
560
574
562
578
551
544
563
565
562
552
564
551
564
556
555
562
560
558
560
556
557
545
560
557
567
549
563
555
556
568
551
572
556
562
554
562
555
559
555
559
547
551
559
537
548
558
555
545
545
563
551
540
543
554
551
548
564
550
547
559
557
554
554
547
555
545
554
547
547
554
532
555
553
554
538
549
537
547
535
548
533
541
535
542
530
543
542
545
537
554
552
534
559
544
559
551
557
550
556
548
557
553
565
546
559
545
547
548
562
543
540
558
555
549
554
539
539
544
527
532
549
566
566
560
575
562
568
564
581
574
588
576
589
594
586
593
580
594
588
587
579
593
582
596
586
584
591
588
591
578
585
585
565
590
577
590
578
593
584
591
573
590
583
595
583
601
604
589
551
598
560
569
586
564
562
555
560
564
554
546
550
543
525
533
550
527
513
535
510
509
518
513
518
505
511
517
478
498
491
487
512
498
499
507
500
484
501
496
477
497
493
480
465
451
481
475
485
477
464
473
458
455
486
479
484
478
467
482
484
474
485
475
488
486
489
483
497
496
490
509
504
491
484
495
497
486
488
497
495
493
499
494
500
486
490
499
484
490
485
503
492
509
497
517
519
518
528
527
496
505
497
510
515
515
522
512
512
532
516
525
533
543
544
542
538
547
546
537
544
542
550
556
549
554
560
548
561
541
550
559
553
541
534
552
565
527
569
575
563
581
572
584
594
662
651
671
652
645
662
637
682
671
674
668
684
649
685
669
660
667
641
668
659
668
668
673
682
667
712
718
709
719
704
695
1719
1710
1708
1733
1732
1737
1746
1748
1738
1746
1744
1780
1770
1770
1779
1769
1755
1755
1732
1668
1681
1675
1658
1652
1669
1670
1682
1674
1680
1665
1671
1679
1687
1659
1686
1668
1685
1668
1657
1680
1667
1626
1642
1652
1642
1632
1629
1632
1661
1661
638
608
622
624
608
609
589
581
604
614
565
567
575
582
581
583
571
590
583
585
577
595
582
595
597
605
601
595
584
575
617
604
621
615
631
610
621
636
624
633
636
619
652
651
658
646
663
640
631
651
643
629
606
619
641
650
603
625
663
669
644
646
672
676
675
668
657
648
617
616
683
628
600
670
660
663
650
632
631
649
654
651
644
653
638
638
631
638
625
623
634
599
617
584
597
576
591
572
560
586
556
582
561
543
566
576
585
585
553
566
587
571
560
558
515
487
466
519
429
377
359
454
516
395
442
472
546
362
490
341
329
420
488
458
386
352
417
444
433
450
442
468
458
474
466
475
473
480
469
481
475
487
487
490
486
492
496
493
480
498
483
496
497
468
461
421
405
405
405
424
425
425
454
454
455
438
431
433
455
408
455
410
454
437
451
413
453
454
413
435
548
539
537
539
525
528
546
533
527
550
532
525
519
534
529
523
521
532
530
536
512
515
505
524
521
536
530
524
526
536
497
528
530
470
524
486
486
473
477
488
495
499
499
520
519
538
536
530
535
536
537
563
564
571
560
578
546
553
557
564
535
505
493
491
482
468
469
462
440
442
437
431
421
414
394
529
551
508
543
365
359
343
366
384
329
315
304
280
299
334
403
362
276
391
444
423
435
418
407
443
443
460
449
446
456
446
455
436
451
441
362
360
321
321
318
316
315
314
317
355
355
367
367
385
385
403
403
422
422
433
421
432
422
431
430
465
463
465
489
501
500
515
516
533
524
536
524
534
531
517
526
516
521
515
524
528
515
498
510
503
525
510
514
502
516
503
507
509
513
496
508
504
513
506
513
508
505
517
518
510
527
531
543
531
554
531
540
528
524
521
540
527
532
542
541
536
548
536
546
548
530
540
538
529
551
543
527
525
551
545
547
541
553
542
544
555
556
557
558
555
559
547
560
554
542
546
560
551
566
534
548
541
546
515
517
532
547
532
544
529
531
543
545
535
544
533
512
485
518
488
532
502
502
522
515
515
537
536
550
543
540
553
537
559
527
541
562
564
557
569
555
567
553
569
562
571
560
572
562
573
566
577
565
563
574
580
574
582
584
581
556
580
577
583
565
571
560
558
566
554
571
571
588
577
582
558
581
569
576
574
549
562
546
575
548
577
567
552
539
553
540
531
533
546
536
532
536
525
529
522
536
521
526
517
525
512
525
516
517
510
515
497
505
512
513
500
508
506
519
506
518
510
499
513
517
512
497
504
498
510
515
504
500
521
497
498
488
512
503
507
504
498
493
512
506
508
514
497
515
509
516
510
518
507
514
517
513
500
520
512
507
510
516
503
511
506
515
507
503
465
492
485
477
488
497
502
496
497
498
478
471
484
478
487
480
497
495
490
479
484
496
496
493
494
483
489
484
478
473
488
478
491
476
480
471
480
481
480
477
488
477
488
473
474
467
472
464
466
469
467
473
461
477
471
482
472
485
482
484
464
486
482
482
493
480
492
469
482
477
456
463
404
484
423
476
434
434
445
406
472
462
459
470
464
473
466
458
459
466
461
473
473
471
447
455
467
470
472
461
466
468
461
481
468
469
479
478
475
467
471
467
469
475
478
471
476
475
467
463
481
478
476
442
489
457
458
455
458
457
488
483
496
496
474
477
495
484
494
495
479
479
482
497
495
497
509
489
496
505
498
508
509
489
499
489
498
491
501
500
489
502
500
490
502
490
512
504
510
504
512
504
511
507
519
509
508
509
533
533
557
553
545
545
536
531
530
532
517
519
504
499
501
501
496
493
475
448
486
413
480
396
335
458
382
398
440
353
375
426
473
339
407
323
543
430
541
400
361
466
457
519
485
475
514
505
514
510
468
488
195
311
471
194
496
462
195
283
282
297
298
299
293
330
342
342
342
339
384
383
404
404
429
422
449
449
477
477
501
502
500
502
505
507
510
511
508
505
495
464
465
465
445
444
441
440
439
438
409
386
386
388
380
372
366
341
342
343
337
325
322
321
307
287
280
265
250
240
224
213
191
180
173
501
502
502
500
501
16
15
16
46
42
45
13
32
40
11
6
3
3
33
27
52
79
117
117
134
156
157
156
169
179
178
192
194
200
201
219
219
235
235
244
248
247
266
265
282
288
288
302
301
317
316
318
343
342
359
358
379
378
376
393
401
400
391
425
424
435
435
450
449
465
464
462
486
486
501
487
501
497
497
502
491
519
509
537
531
527
540
543
534
532
487
459
451
478
468
548
499
524
534
506
508
444
536
526
539
534
540
533
544
536
545
538
549
535
537
542
544
540
544
552
539
532
541
548
544
557
556
564
552
563
542
545
526
519
528
521
520
530
534
513
461
508
481
479
500
499
516
517
535
534
553
551
561
547
546
558
557
552
558
547
563
549
554
542
542
553
538
557
541
553
546
552
556
540
541
551
529
549
535
547
539
541
546
537
544
523
509
517
539
531
534
537
537
531
536
524
533
522
523
509
499
531
518
525
526
515
526
520
522
524
514
520
526
524
524
522
531
514
516
513
515
515
523
513
502
507
506
510
519
524
522
515
516
500
502
500
514
493
496
495
496
486
485
468
459
493
463
482
488
467
485
485
467
491
494
475
482
471
482
475
474
473
476
463
469
469
471
466
469
455
464
480
468
454
468
466
458
467
445
438
457
451
449
438
428
466
454
421
457
466
461
470
471
465
445
462
456
447
455
464
430
428
451
442
451
451
464
450
453
455
464
462
459
454
465
463
444
465
453
459
455
463
452
464
453
468
468
475
472
468
463
454
480
443
440
440
468
467
466
471
459
459
467
465
431
444
418
383
376
371
368
363
351
347
345
342
331
326
321
312
310
306
305
296
293
283
281
271
272
260
261
248
239
238
233
226
226
208
212
214
217
200
198
194
185
425
395
382
416
449
390
402
463
2
4
15
12
22
26
24
44
71
97
22214
22213
22212
22213
22212
22203
22201
22204
22200
22209
22200
22206
22204
22214
22213
22199
22209
22333
22390
22384
22422
22425
22447
22447
22464
22464
22483
22483
22503
22504
22526
452
433
22528
433
456
482
483
492
536
478
444
432
444
416
418
421
420
417
417
417
417
430
417
443
431
433
432
433
430
415
417
424
443
539
608
610
626
605
621
602
611
607
602
606
604
595
603
585
574
600
597
579
572
590
580
566
578
574
514
504
465
406
377
421
395
392
408
407
399
426
428
440
442
453
455
456
449
453
452
488
489
505
503
508
519
509
518
494
501
501
507
496
509
487
497
491
498
489
506
506
500
511
501
516
502
514
506
503
495
505
518
521
493
504
487
495
476
505
515
485
514
511
499
500
526
518
504
529
522
516
525
530
527
537
530
537
538
546
528
545
540
543
537
549
527
547
538
544
555
541
543
555
544
551
559
546
564
556
567
546
546
560
559
547
558
550
555
533
552
551
572
560
560
559
570
562
563
573
577
568
566
577
566
559
570
559
565
554
561
554
558
553
561
562
570
548
556
579
561
561
574
570
561
571
560
567
560
572
560
570
564
569
575
586
574
585
578
595
584
599
587
599
579
589
577
595
592
594
607
596
610
605
597
611
600
615
606
605
593
615
603
611
596
615
612
606
610
620
612
620
611
625
618
629
609
625
596
625
582
592
605
614
568
557
600
590
533
567
526
500
515
373
470
369
365
362
350
350
351
325
314
305
293
290
277
268
251
246
220
222
223
210
183
176
173
174
177
179
440
398
387
517
378
582
447
415
426
552
565
370
462
380
479
419
