42
96
85
83
85
83
171
205
98
84
83
201
263
273
285
283
307
305
306
305
320
320
321
350
300
314
314
332
332
345
349
347
375
378
385
375
402
402
418
418
440
440
463
464
482
482
518
514
539
539
561
549
570
573
568
585
587
606
586
594
592
615
606
616
603
598
612
589
610
583
594
578
597
584
588
581
583
576
588
577
579
569
589
588
593
581
533
542
518
509
587
581
567
551
558
562
531
540
526
538
533
525
530
525
513
524
534
537
531
535
537
530
546
540
550
521
526
538
535
513
551
548
544
552
547
554
556
540
543
531
512
546
538
525
525
560
542
498
513
512
512
510
495
511
513
509
483
524
523
531
530
527
529
534
532
524
525
541
542
533
539
515
528
503
494
512
524
526
527
533
538
540
525
519
541
538
549
537
553
551
575
575
565
544
575
534
569
548
546
543
532
532
556
545
548
549
554
585
574
592
592
594
571
583
578
584
589
569
579
579
585
589
566
569
570
570
564
583
560
565
568
561
570
558
562
560
564
544
560
558
561
559
571
546
568
562
565
537
565
556
527
538
553
538
550
549
574
570
590
583
589
586
598
581
594
596
559
570
585
585
594
598
591
594
600
599
602
610
624
606
620
609
601
610
606
586
619
625
616
626
602
618
605
586
594
606
597
590
595
588
609
600
603
609
597
587
589
578
575
560
568
572
569
567
553
543
540
531
538
539
530
548
525
556
544
548
540
540
535
534
535
524
514
526
501
510
499
509
496
502
489
511
487
497
483
494
487
471
492
463
488
468
475
465
471
458
469
466
452
441
456
443
451
454
448
439
452
439
451
448
445
449
449
427
438
438
421
428
430
439
434
437
442
423
422
445
437
436
442
428
440
445
438
437
451
427
430
441
444
435
432
419
419
433
438
442
432
435
442
429
441
450
434
441
433
438
447
429
423
441
434
435
432
446
447
427
440
9034
9036
9056
9038
9050
9050
9062
9072
9069
9083
9083
9093
9080
9093
9088
9097
9092
9101
9101
9111
9110
9118
9115
9129
9111
9111
9110
9130
9123
9134
9129
9139
9147
9141
9135
9150
9142
9155
9145
9158
9150
9160
9144
9155
9154
9171
9154
9173
9166
600
567
568
556
562
552
560
0
549
548
529
544
530
543
529
546
529
535
528
543
527
535
522
534
527
535
523
531
519
531
518
510
534
518
528
521
526
519
527
524
530
528
532
528
535
527
534
527
535
532
537
535
538
529
545
538
544
542
553
545
564
549
567
552
565
552
572
557
575
565
583
569
587
572
587
574
587
573
591
580
605
590
598
607
605
602
608
601
611
604
589
601
608
619
603
626
610
612
614
612
616
609
611
618
619
616
618
615
608
614
617
615
623
618
605
621
606
620
605
613
611
551
576
561
571
536
594
588
606
600
584
588
582
576
587
599
585
604
590
609
601
595
595
604
607
591
609
603
600
609
610
610
591
614
610
609
582
600
584
593
595
571
600
596
594
596
592
588
578
580
595
577
565
546
559
558
574
572
589
581
592
581
568
579
592
573
555
564
549
544
521
554
536
525
445
428
430
421
416
406
400
403
400
388
388
382
372
370
363
359
359
355
337
330
327
324
314
307
303
300
290
551
479
492
495
291
536
453
511
462
374
393
403
392
406
406
398
402
395
398
396
401
392
258
255
246
245
262
263
269
263
278
278
290
292
292
316
317
333
334
352
352
367
367
384
384
400
418
424
424
443
438
454
453
469
469
482
493
483
507
508
521
511
515
507
495
503
507
496
510
503
510
506
510
521
510
521
509
518
508
520
498
507
513
498
507
515
503
510
513
511
502
507
513
477
492
476
489
489
498
487
492
497
480
496
490
475
472
486
502
478
483
488
494
492
493
494
496
509
495
501
481
492
496
486
494
489
489
495
492
496
483
501
490
501
495
489
502
475
465
454
482
499
491
502
495
509
496
513
505
514
492
511
494
496
508
507
505
496
511
505
519
505
498
507
481
496
513
505
500
508
498
503
508
501
485
497
504
505
494
505
516
520
510
518
520
510
514
512
512
512
528
521
523
533
534
524
516
518
530
530
523
527
508
515
529
519
526
523
522
522
540
529
521
538
529
525
543
543
564
542
559
556
551
566
557
561
560
576
560
576
565
575
563
583
565
582
571
574
568
586
574
581
601
600
610
592
611
616
628
619
628
620
628
627
646
633
641
613
619
654
646
661
672
672
650
643
635
663
670
668
644
674
636
659
665
680
665
680
691
684
674
664
688
685
669
676
666
632
676
665
663
622
640
653
650
643
638
637
637
650
648
633
631
639
629
625
615
611
621
646
634
580
606
580
579
597
596
616
609
623
602
589
580
606
599
598
604
598
577
593
583
583
582
579
592
598
591
603
586
604
593
600
610
597
599
592
602
599
597
590
602
596
608
603
603
586
599
596
613
613
602
593
586
604
589
602
587
581
580
596
602
594
589
607
597
583
571
585
577
582
575
578
577
589
585
581
568
578
548
570
563
559
573
557
577
566
574
561
578
557
560
563
557
533
549
550
537
543
524
493
504
478
514
532
528
510
515
513
523
501
510
496
488
493
480
501
498
508
518
501
508
504
505
497
504
502
511
498
514
504
506
505
518
509
502
496
502
496
491
498
505
503
506
489
509
502
511
500
493
509
500
498
517
517
534
527
528
535
543
536
544
537
554
541
549
538
549
544
544
537
543
534
543
536
541
536
539
537
540
533
534
526
532
529
535
533
534
526
536
534
534
532
534
527
533
530
531
524
529
520
526
519
528
518
527
513
523
514
520
511
519
513
519
511
517
514
518
513
521
519
520
513
517
511
518
510
517
511
517
513
498
519
512
502
515
518
504
510
504
516
503
514
503
516
505
518
506
517
505
497
514
508
513
505
515
508
515
509
514
516
506
503
496
516
513
506
513
505
511
506
507
512
476
511
486
503
492
508
491
499
503
501
510
505
516
505
509
519
505
515
519
510
503
487
508
519
507
502
487
507
501
506
501
499
511
500
504
505
508
513
505
507
507
522
510
512
507
504
497
511
516
514
513
500
505
503
516
512
515
513
518
493
501
500
493
508
492
500
493
498
484
487
480
472
472
489
485
490
490
481
486
483
475
464
480
470
478
470
459
475
473
420
453
425
435
480
442
478
461
454
456
450
449
456
459
447
447
457
457
460
462
464
452
459
463
464
458
465
461
450
446
457
463
465
453
463
452
468
458
464
464
464
475
473
454
469
471
478
485
473
482
482
452
484
471
455
487
487
490
501
500
493
494
501
493
498
505
500
454
469
484
454
449
497
505
486
489
506
495
508
505
511
504
506
515
521
509
526
514
529
515
528
519
520
533
540
528
526
537
538
525
541
531
538
536
548
531
537
530
539
531
546
539
541
553
544
556
552
539
518
520
518
510
519
521
520
554
568
564
557
570
559
570
563
561
567
558
570
571
557
576
560
566
552
539
542
561
543
536
516
504
524
522
520
514
516
513
507
505
501
498
497
496
498
479
440
457
436
423
454
469
486
483
448
445
450
435
412
454
426
451
454
453
447
404
421
390
431
451
445
413
445
438
450
449
470
456
470
471
467
468
477
476
474
470
483
464
496
493
484
507
494
512
470
485
485
475
488
492
492
509
462
454
481
509
486
484
504
502
518
510
506
523
523
504
480
476
479
498
498
487
497
498
505
481
504
473
446
456
486
491
435
466
474
426
471
461
466
467
466
476
470
470
464
470
462
459
467
465
458
446
465
458
461
463
443
452
460
454
448
462
458
417
427
435
456
446
438
444
445
441
441
453
451
453
447
465
451
463
463
477
454
452
451
464
463
475
464
475
465
477
469
482
471
485
472
480
463
474
487
484
492
484
491
479
483
484
482
484
472
492
472
461
462
484
483
487
489
465
456
482
475
480
488
477
10060
10081
10107
10069
10066
10094
10079
10085
10097
10078
10159
10147
10166
10154
10168
10157
10165
10154
10134
10132
10116
10116
10115
10113
10109
10108
10102
10147
10123
10128
10131
10228
10213
10217
10213
10207
10206
10205
10197
10195
10189
10173
10174
10226
10198
10190
10189
10201
10228
526
10214
577
594
548
590
585
574
578
578
581
586
574
573
564
474
560
482
486
485
500
501
519
514
531
538
529
523
539
495
567
418
512
440
440
445
446
464
463
478
479
494
493
497
485
495
491
490
445
413
411
403
412
414
429
429
445
429
444
452
440
454
447
447
447
440
457
459
448
434
445
452
448
439
445
439
453
445
461
434
446
439
437
436
437
453
432
444
438
448
430
446
447
454
452
467
457
468
467
465
462
481
472
472
485
472
483
476
476
484
477
483
481
497
487
491
494
481
486
492
493
487
495
502
503
496
488
485
508
501
507
494
507
493
511
504
517
511
522
511
523
516
528
519
535
522
529
525
543
536
536
530
533
544
547
537
552
540
554
541
554
542
555
543
553
548
556
550
565
552
569
561
568
567
575
565
566
564
577
569
576
568
576
579
580
573
590
588
593
586
594
587
589
594
596
593
589
596
593
591
574
596
583
582
593
594
581
597
582
593
580
579
593
586
573
558
567
581
567
570
569
562
566
558
562
555
558
555
561
553
560
555
542
557
523
536
554
530
523
519
533
505
522
512
520
512
514
518
518
501
517
510
508
521
517
506
519
506
519
508
510
510
512
507
503
507
519
512
518
522
511
512
517
518
511
515
505
491
510
503
479
502
513
494
503
504
505
497
516
507
510
508
521
518
520
517
519
508
498
498
510
506
504
505
497
509
508
494
511
497
503
502
506
500
507
489
509
500
515
501
501
510
515
491
499
518
510
528
511
529
519
524
512
525
519
517
535
528
530
529
543
534
543
541
546
535
549
541
560
555
560
554
568
567
570
566
576
564
582
571
582
589
593
583
606
614
603
598
551
611
583
566
587
574
556
610
596
592
578
603
594
581
580
567
557
550
566
577
573
568
551
548
529
522
508
499
488
476
468
466
447
438
425
416
400
390
377
368
353
342
328
325
305
272
256
224
175
174
283
227
179
171
207
217
228
227
180
79
184
171
183
131
178
211
202
134
117
90
97
85
88
84
84
84
86
90
85
90
90
133
127
136
155
133
145
145
148
131
96
112
112
127
129
127
127
154
153
165
164
177
178
185
187
186
202
196
205
204
215
216
229
215
230
245
245
245
257
258
258
273
274
281
279
292
293
304
305
305
295
287
304
306
307
301
306
285
312
316
998
994
1003
1009
1004
1027
1024
1050
1049
1062
1051
1055
1088
1095
1101
1102
1124
1121
1138
1137
1150
1147
1152
1179
1178
1166
1196
1193
1207
1206
1217
1214
1233
1239
1245
1238
1254
1232
1232
1249
1249
1248
1275
1279
1279
1277
1278
1275
642
1323
1277
656
642
655
633
642
608
614
627
626
601
593
597
609
603
610
595
538
589
564
579
604
547
583
568
581
573
575
582
594
581
590
578
584
574
586
592
578
588
501
549
570
529
580
501
552
552
571
571
591
583
585
575
577
586
589
549
548
524
533
589
596
558
585
575
573
571
567
541
558
557
563
563
555
577
569
591
582
600
535
570
532
522
576
555
568
555
564
551
568
552
550
551
570
569
582
556
575
562
571
561
571
560
571
547
558
507
552
537
535
535
558
556
557
586
573
578
571
576
576
582
617
589
608
603
609
589
591
569
571
570
581
574
594
594
605
600
606
592
606
591
604
597
588
604
595
591
610
606
600
607
601
606
600
603
595
612
604
605
597
604
591
584
585
579
591
591
572
584
580
553
545
557
543
556
541
557
543
541
557
556
541
556
543
561
543
563
545
563
545
555
544
557
546
559
557
554
545
552
546
549
546
548
550
557
555
557
550
555
546
552
559
560
554
564
562
565
563
574
555
548
560
564
566
543
556
572
565
552
564
549
559
549
547
546
538
535
539
528
543
529
541
524
540
526
517
521
534
526
527
531
529
533
530
530
528
534
530
532
526
532
523
531
522
525
532
532
525
528
521
525
523
538
531
543
518
520
534
505
524
526
519
531
518
520
517
516
529
518
526
537
532
541
532
539
521
530
531
534
543
541
534
532
538
527
512
535
532
525
532
531
524
535
531
528
529
520
533
518
527
518
516
528
516
532
524
499
512
522
510
528
521
535
526
534
542
539
526
521
527
527
516
506
521
509
524
512
519
509
520
510
521
511
520
514
521
517
521
525
529
523
520
514
502
526
524
538
537
542
550
540
557
549
555
561
584
583
579
590
597
584
593
587
604
603
592
603
597
605
596
608
604
625
623
611
627
617
634
629
599
604
635
628
617
629
621
628
638
639
649
608
599
647
582
608
635
648
640
654
640
650
636
651
597
632
617
586
597
583
599
610
596
604
607
608
595
607
620
621
613
617
617
609
615
608
610
596
600
588
572
590
579
581
578
568
594
554
572
548
531
519
566
538
546
546
523
559
551
547
554
558
547
569
561
562
573
563
573
565
582
562
549
528
509
495
582
486
535
453
440
475
465
561
457
509
502
515
520
520
516
507
513
526
529
513
520
528
521
532
530
522
503
531
493
511
478
472
522
516
525
514
482
499
489
466
492
470
479
483
490
454
452
467
422
437
437
436
464
463
481
474
490
490
507
507
515
504
522
518
525
515
533
501
518
515
522
514
508
529
507
505
496
494
496
517
517
509
519
510
515
516
510
493
468
455
424
412
412
408
404
446
386
486
395
424
481
483
437
503
416
419
414
437
444
433
436
451
454
445
460
445
468
465
445
444
463
450
466
464
463
452
469
461
466
482
467
466
470
477
482
472
437
401
423
422
437
431
453
452
455
457
455
485
485
505
508
526
524
545
545
569
569
586
575
583
581
570
571
568
580
562
578
566
560
573
575
577
554
530
555
562
552
566
552
570
556
565
556
573
555
566
559
574
560
567
560
556
569
563
564
543
556
551
567
551
559
552
550
563
546
565
557
553
560
551
563
552
564
557
552
559
546
576
571
574
581
588
599
584
573
572
587
580
578
590
591
584
581
570
587
595
575
591
586
586
608
588
598
597
604
592
616
615
597
604
618
631
622
637
627
632
619
631
624
641
626
634
634
642
635
648
642
592
614
613
598
612
625
605
616
612
617
608
622
613
620
627
630
629
638
637
633
622
628
599
619
613
594
602
564
542
573
627
587
512
546
573
565
570
566
580
573
577
561
573
555
559
543
543
563
540
555
562
564
582
572
565
567
563
575
553
557
565
560
551
553
534
548
540
548
527
535
563
545
554
532
482
484
481
495
482
532
482
567
567
569
590
583
570
591
566
582
583
576
578
566
583
583
590
568
583
594
597
593
592
583
600
595
609
593
594
593
604
588
595
600
611
610
632
614
618
614
602
618
619
613
595
611
567
562
579
578
596
587
594
579
594
581
590
589
568
587
579
589
573
591
576
587
579
576
595
585
573
584
578
598
578
589
576
581
578
569
571
568
578
570
566
573
570
562
569
566
556
567
558
566
559
548
558
549
563
560
548
558
550
560
555
560
560
532
552
535
550
551
554
538
547
526
530
543
546
528
525
539
515
529
522
521
519
532
515
526
517
524
504
497
513
507
512
515
496
501
488
482
495
483
499
506
492
505
497
505
498
500
505
513
480
492
488
499
508
510
499
507
496
508
502
519
504
502
506
512
501
496
504
504
509
507
518
511
496
513
506
518
503
515
496
516
508
517
503
520
518
529
517
526
525
515
511
526
509
528
511
516
498
513
511
500
529
527
548
517
525
519
532
519
532
519
525
519
528
521
525
502
523
518
512
525
517
529
528
540
530
543
530
546
538
546
538
545
546
538
543
529
544
542
528
531
538
533
538
519
535
546
545
541
549
543
552
545
546
548
540
548
549
542
543
545
543
546
545
537
549
547
557
549
547
558
559
546
565
547
561
547
549
564
568
554
553
567
573
558
570
568
554
571
563
570
573
572
569
566
557
569
558
546
542
552
550
539
530
556
542
545
538
550
543
534
506
534
494
491
523
537
554
515
472
462
518
507
514
508
505
512
509
495
498
505
505
491
496
498
502
501
504
497
493
507
503
492
495
485
495
509
497
494
503
486
504
501
490
477
495
504
491
504
501
504
467
505
448
487
506
446
498
498
515
510
516
534
521
530
524
536
527
544
530
548
528
539
529
529
547
536
529
525
536
528
533
527
530
528
532
521
528
502
516
517
525
522
532
524
515
523
520
521
519
505
501
486
479
480
477
509
502
517
501
511
502
506
497
500
492
477
498
487
486
491
488
492
485
482
489
492
476
493
488
496
489
496
496
496
506
500
510
508
501
510
501
492
515
511
500
512
500
508
513
516
511
520
506
516
496
513
488
506
516
515
505
520
509
516
499
508
514
526
510
496
512
502
526
469
489
463
479
442
424
449
529
442
454
466
459
447
440
452
433
446
438
446
438
438
430
437
430
431
421
401
424
408
393
417
411
409
428
429
441
437
432
432
453
415
441
445
389
362
374
453
430
358
439
360
427
426
448
448
460
466
464
465
454
455
507
502
511
504
513
523
525
510
519
529
524
537
531
536
545
514
487
545
501
480
548
539
548
541
530
534
534
542
533
528
527
546
518
515
496
519
517
518
547
547
557
543
529
525
495
492
540
491
550
539
553
546
563
549
552
553
566
556
560
569
561
559
579
566
577
564
546
534
545
545
534
544
545
512
526
561
544
502
577
565
572
572
565
565
554
549
557
553
564
559
558
504
501
548
503
565
544
549
558
558
573
567
560
568
563
552
569
557
527
549
572
541
562
665
657
667
656
670
662
659
661
662
626
662
588
584
574
569
571
565
568
559
546
537
534
531
524
518
507
503
500
499
493
488
484
475
472
463
459
451
445
438
430
418
409
401
329
332
290
277
275
663
594
269
625
259
618
627
8
45
43
66
137
131
107
137
133
136
130
117
126
182
199
206
207
230
230
248
248
278
279
328
343
344
373
384
402
404
433
431
432
431
432
432
504
505
524
530
432
526
529
527
532
534
593
594
595
594
627
626
627
632
654
589
584
604
606
607
621
613
627
627
629
626
603
608
620
619
607
603
595
556
573
567
543
529
533
519
512
481
472
472
487
488
504
497
497
473
435
466
462
479
478
478
498
473
490
490
501
485
499
493
506
492
500
509
505
498
487
507
501
506
518
522
508
518
499
510
504
517
511
508
498
513
511
524
512
517
530
517
529
516
511
520
526
524
528
525
525
515
529
527
525
517
523
506
526
516
528
521
508
526
517
524
511
532
517
528
527
525
518
520
516
517
522
520
528
530
523
531
531
535
538
529
537
531
524
529
520
530
529
507
538
526
529
519
517
509
501
509
501
499
500
489
508
506
513
494
479
506
488
513
512
518
509
516
505
512
492
505
512
504
515
503
500
510
499
513
485
504
495
505
494
503
494
506
496
506
498
487
495
503
501
493
505
496
498
516
513
521
513
518
520
515
534
492
521
504
489
506
506
516
504
498
513
499
497
485
486
504
504
511
511
510
515
506
521
520
522
517
518
528
518
531
525
539
537
542
535
541
540
556
533
538
533
546
539
539
534
544
549
540
548
539
550
532
551
546
556
544
559
543
561
569
553
570
569
570
572
558
577
564
557
563
562
554
558
530
521
466
543
491
551
449
483
500
460
513
436
535
528
521
529
536
545
545
534
555
547
544
548
550
555
561
541
553
573
562
576
532
565
520
542
555
569
553
535
546
551
571
557
561
566
556
568
573
537
554
522
537
525
539
539
559
560
554
557
530
544
517
518
552
519
483
553
574
542
552
561
554
554
521
535
565
551
562
545
545
550
565
563
570
556
555
576
563
502
521
560
489
517
566
502
576
577
560
560
519
574
532
548
511
470
470
532
564
508
507
526
527
540
542
553
555
553
499
536
534
517
523
540
540
560
554
564
558
562
545
574
571
556
566
562
570
560
566
521
513
533
533
555
555
574
574
577
546
560
577
554
568
548
569
562
561
555
569
574
565
570
572
574
575
577
575
589
569
583
567
579
569
573
561
572
562
573
560
558
567
571
560
564
555
565
550
552
565
545
558
558
549
550
540
540
549
541
547
547
531
523
539
543
525
509
524
457
478
497
514
515
469
484
452
511
499
515
504
516
503
515
507
512
506
512
505
506
514
500
512
497
484
506
499
488
491
504
468
497
490
478
479
476
476
483
484
476
475
454
483
479
468
468
466
479
463
486
466
458
468
467
485
484
500
495
522
510
516
510
531
515
525
516
524
513
520
520
528
521
513
529
522
530
526
532
527
536
527
537
528
546
543
543
550
549
555
552
552
558
549
541
568
569
579
571
560
566
560
553
559
543
550
556
551
548
536
534
536
516
525
508
522
523
517
522
515
518
506
511
501
508
496
493
484
502
506
494
512
495
508
497
516
500
511
499
512
496
504
514
520
505
506
498
505
496
503
499
489
507
516
501
503
495
501
520
508
500
512
515
507
511
507
516
506
509
517
501
500
498
488
520
506
511
488
22108
22138
22132
22138
22140
22139
22139
22135
22064
22117
22106
22075
22124
22099
22057
22084
22132
22162
22158
22163
22156
22148
22149
22168
22158
22145
22167
22156
22145
22145
22159
22153
22170
22157
22162
22150
22151
22160
22146
22158
22159
22167
22165
22143
533
530
552
554
561
548
557
563
566
553
558
552
554
547
551
550
565
565
590
591
574
556
571
525
515
468
520
522
507
474
490
474
515
520
514
527
523
516
521
509
519
518
511
520
519
566
552
562
555
551
566
559
546
555
548
537
552
542
552
531
546
536
554
547
546
557
558
541
554
543
550
556
562
554
571
564
583
551
577
584
590
589
615
608
612
608
600
598
591
620
607
591
526
577
592
597
534
502
496
495
514
555
545
540
535
528
519
513
513
503
486
478
466
461
452
446
439
427
422
410
541
408
476
465
478
465
470
436
459
459
452
465
450
460
435
429
402
401
430
431
427
428
431
473
445
439
456
456
475
476
492
415
422
421
429
434
422
436
434
430
438
466
479
478
496
497
514
515
532
532
551
551
526
529
533
535
521
532
534
522
508
503
511
506
511
511
507
493
467
470
489
489
503
502
509
501
509
504
511
500
509
502
507
500
500
486
480
480
488
495
495
515
509
515
508
523
512
518
512
526
516
522
516
529
527
531
518
535
526
536
528
550
547
562
571
574
564
580
575
569
574
582
576
584
578
563
572
585
565
580
568
560
557
550
546
540
584
568
535
542
576
571
578
568
583
571
573
567
588
571
589
577
584
572
589
577
557
565
588
575
584
582
534
547
547
534
549
548
528
538
519
584
569
586
595
587
573
594
535
595
549
542
539
530
529
541
582
581
713
714
738
740
734
745
733
737
736
756
733
747
733
749
738
735
750
742
735
722
722
741
738
744
732
737
733
747
736
748
701
714
713
722
706
721
713
719
709
711
694
713
700
710
708
710
726
716
720
616
607
619
597
641
632
633
641
645
631
648
642
642
636
626
634
628
625
617
625
624
621
623
620
624
621
626
618
627
617
621
614
621
613
619
614
617
610
614
612
607
603
611
601
593
606
601
605
602
589
598
594
596
582
559
543
556
546
550
542
543
536
546
542
552
546
557
546
558
556
561
553
556
559
561
558
550
557
554
551
552
549
552
549
550
548
548
551
552
550
545
553
550
553
548
550
549
542
552
550
547
553
547
554
551
549
555
548
554
546
554
557
555
553
553
551
556
549
551
558
555
553
556
558
555
552
558
555
561
559
562
565
561
563
565
563
561
563
563
561
565
562
561
551
563
561
557
564
559
555
559
550
559
550
557
549
559
557
559
552
558
554
561
558
563
556
553
561
551
556
556
534
549
552
545
560
547
558
546
545
561
542
544
552
576
573
578
581
580
574
590
587
593
591
592
585
571
571
591
578
585
563
581
586
573
579
598
579
599
587
588
595
611
596
620
615
600
627
610
620
635
617
590
553
610
537
618
602
570
561
526
566
587
551
590
550
542
522
586
557
569
572
560
555
564
561
574
578
576
575
592
583
592
581
568
566
599
570
577
589
582
582
536
525
503
481
584
451
484
558
528
451
453
455
451
454
541
540
559
558
580
594
593
603
529
545
520
529
524
524
547
538
554
538
535
555
525
532
533
498
518
511
536
505
518
496
518
525
509
503
511
468
455
434
455
454
473
473
495
496
517
517
517
548
561
561
576
568
553
577
561
574
561
573
556
570
568
552
566
556
561
568
567
559
548
553
567
559
566
551
545
561
549
541
544
552
525
548
519
539
535
550
528
543
531
528
538
538
525
520
536
505
532
520
519
511
514
504
493
494
494
506
501
504
499
507
501
522
525
524
524
521
501
523
515
483
482
476
507
516
513
471
493
509
484
499
510
509
520
506
524
516
518
500
506
476
467
495
484
491
501
489
502
482
465
472
499
491
488
472
495
465
484
499
508
494
490
490
492
478
495
482
493
491
497
485
497
502
509
509
510
513
488
484
508
508
519
510
522
511
522
500
527
541
539
550
544
556
555
576
575
557
559
547
552
566
560
563
570
558
557
576
567
575
557
555
546
550
567
561
559
552
548
568
554
564
557
566
563
554
552
566
543
559
571
565
578
570
581
585
578
577
595
583
575
581
573
582
585
572
586
587
582
590
586
587
589
591
587
592
580
584
592
595
588
598
597
594
601
600
597
626
606
612
590
610
599
599
614
612
615
605
622
608
612
627
622
610
622
607
604
602
584
621
594
606
630
617
621
609
593
585
570
615
531
567
552
544
600
598
590
585
596
582
576
599
599
584
580
594
586
561
571
547
556
573
566
575
565
558
567
559
566
549
562
552
567
553
567
561
568
565
527
576
549
545
526
529
468
514
478
481
481
509
510
502
535
535
550
541
555
542
545
545
552
549
561
538
532
535
531
538
554
532
553
545
558
541
542
560
557
543
559
550
559
553
552
548
543
565
550
567
548
560
537
539
559
560
557
550
557
560
557
557
570
552
543
547
560
561
544
547
552
543
553
542
560
560
551
557
569
558
553
544
537
548
548
534
543
538
538
530
535
533
532
512
526
515
520
509
522
516
493
514
470
507
506
525
519
521
517
524
516
524
510
499
516
509
497
504
512
518
507
517
503
508
501
512
504
509
503
504
515
510
501
505
514
514
508
510
525
520
508
521
510
495
524
515
503
519
509
508
521
520
521
514
517
518
512
520
507
521
514
509
521
513
512
519
518
521
513
520
515
519
514
520
515
521
508
506
519
520
510
518
512
508
519
508
496
515
512
504
512
501
513
504
516
503
514
508
500
502
511
519
520
517
514
530
534
533
527
534
527
533
538
542
536
552
549
545
551
545
547
547
528
534
541
536
545
540
545
535
545
524
538
546
544
543
530
545
543
541
538
545
541
529
521
535
525
540
541
538
536
538
542
534
535
519
525
509
518
506
510
521
516
505
498
503
480
499
495
495
494
503
487
496
504
498
492
498
494
495
489
481
482
476
496
482
497
475
482
492
486
493
485
496
497
501
485
491
495
479
499
496
481
487
482
492
482
491
484
493
477
495
489
496
490
502
494
509
494
504
492
504
492
500
496
503
513
520
509
521
518
526
509
527
522
538
525
536
528
535
524
516
529
536
532
521
531
526
533
531
534
516
533
545
550
544
557
546
553
547
558
547
548
554
534
558
544
549
541
552
541
553
543
559
532
519
545
524
525
530
534
523
516
535
524
528
518
519
530
526
518
526
525
527
526
510
522
530
524
494
515
506
497
494
487
507
494
482
490
482
472
489
479
487
478
480
480
494
484
496
485
496
484
497
492
507
499
510
493
511
497
505
496
498
498
508
488
501
512
500
510
486
494
501
487
481
507
505
504
511
497
514
496
499
516
510
515
514
517
499
511
516
511
517
523
512
521
508
518
507
519
503
511
500
500
506
507
500
510
498
507
494
501
490
501
493
489
489
496
494
483
497
511
497
510
491
499
495
485
506
498
502
508
496
496
509
507
495
486
504
498
507
499
507
497
509
498
516
505
513
508
511
494
505
513
506
515
502
515
505
517
499
506
508
519
519
512
528
513
503
518
505
517
508
511
523
525
524
517
533
521
516
518
526
520
511
507
521
515
509
514
508
509
513
518
506
520
509
516
511
519
516
528
522
531
523
509
530
516
523
515
516
516
527
508
518
531
522
529
527
540
529
537
524
528
536
536
526
539
531
540
529
532
540
543
535
539
546
552
540
555
544
556
547
550
559
555
548
543
534
552
544
552
545
552
546
554
536
554
550
555
548
551
556
552
551
564
557
564
561
565
558
563
565
563
559
571
564
723
718
750
761
751
767
752
763
750
791
773
790
781
781
768
763
753
745
740
739
731
722
710
705
694
687
676
670
660
658
644
638
631
622
612
609
595
590
578
571
561
555
544
538
527
520
511
506
494
493
324
287
279
264
227
242
174
204
221
157
256
6
4
21
20
18
27
23
26
41
70
144
144
157
158
173
173
186
187
179
201
201
218
219
232
224
230
240
242
242
264
264
279
280
291
295
294
313
312
329
329
346
346
362
362
372
374
390
389
405
404
421
429
420
425
428
456
454
467
468
485
478
488
474
471
476
484
474
488
475
464
484
477
450
455
438
478
461
478
466
470
480
468
480
469
482
480
480
468
478
472
476
474
476
469
466
479
467
478
476
471
475
473
1051
1045
1051
1046
1060
1068
1075
1043
1020
1010
1053
1057
991
995
1029
1007
1046
1035
1075
1048
1062
1062
1085
1086
1092
1094
1113
1100
1116
1107
1130
1118
1118
1123
1102
1136
1116
1137
1132
1116
1098
1089
1080
1105
1131
1125
1147
1163
573
585
544
518
530
580
1164
556
474
492
551
526
550
516
527
512
524
504
558
567
574
529
543
554
516
528
567
560
555
547
560
554
554
538
540
540
518
537
504
493
514
511
516
527
527
545
546
565
564
566
554
548
531
530
541
534
552
552
572
572
584
569
591
591
611
610
601
602
620
608
601
565
577
577
594
594
611
609
610
601
594
583
599
592
602
588
575
591
571
580
561
573
565
578
571
562
549
566
561
552
564
570
552
538
545
560
525
516
556
542
542
552
549
540
542
552
552
543
551
539
547
540
526
534
531
544
546
536
537
543
551
536
548
535
547
550
550
542
556
553
559
549
557
547
558
546
558
565
559
554
564
554
562
554
571
540
548
557
549
574
562
568
556
573
552
551
561
541
549
557
561
548
555
561
556
555
547
564
552
553
563
551
544
558
537
542
549
541
540
541
528
534
546
541
535
540
535
542
532
539
532
532
529
536
530
541
546
533
515
527
502
521
508
522
515
523
508
522
516
517
526
527
517
513
502
524
527
509
530
524
533
534
551
529
532
533
543
530
551
545
557
540
541
551
554
543
549
542
543
534
553
560
546
546
552
544
557
550
559
542
562
556
569
557
572
550
556
563
556
561
559
561
555
561
559
560
553
562
549
563
551
553
547
554
541
540
547
548
533
547
533
540
531
534
512
531
525
505
515
530
522
519
512
523
510
519
499
506
509
516
515
507
514
516
495
514
502
514
504
516
503
511
508
490
508
511
514
500
514
496
484
509
505
511
500
504
496
503
511
496
519
517
524
522
523
534
528
489
501
521
512
528
535
522
528
503
524
503
534
523
537
522
529
537
541
540
552
559
562
564
554
575
568
582
579
584
578
594
585
592
587
601
600
600
598
605
612
595
622
631
586
625
611
616
620
610
626
599
613
612
634
634
642
629
637
640
625
641
634
644
630
641
626
631
609
596
611
628
598
610
594
590
597
586
602
591
596
603
605
591
606
591
581
599
596
605
593
589
559
578
577
576
590
590
578
566
550
541
562
574
569
559
562
549
559
549
557
542
558
550
562
551
559
557
568
560
571
574
569
557
570
562
570
560
541
555
542
550
550
546
551
548
558
543
544
556
555
541
553
538
545
537
549
541
556
543
551
544
545
556
553
556
559
555
560
557
563
559
560
557
563
556
563
560
577
570
576
579
580
572
580
573
580
578
582
579
581
584
583
577
581
573
580
572
578
567
576
573
569
578
578
570
576
570
578
572
580
573
579
568
581
571
581
575
583
581
581
578
581
574
573
580
572
566
557
556
570
565
554
571
555
554
566
563
551
569
554
561
552
569
553
552
568
571
554
571
558
556
569
566
558
576
559
577
560
561
572
568
561
571
558
571
557
568
554
557
572
557
572
573
558
575
565
564
557
564
553
564
561
568
564
561
570
569
562
559
566
564
544
540
560
561
559
562
553
560
558
561
557
562
555
560
564
561
554
560
558
553
557
559
550
537
548
554
548
561
563
547
549
561
564
547
553
545
543
540
537
550
543
547
539
541
529
538
536
533
523
529
525
518
534
525
538
535
527
530
526
531
524
525
504
517
514
524
525
512
523
516
530
514
512
512
522
520
511
504
516
510
506
515
505
509
496
524
505
533
523
527
522
531
522
540
531
547
542
533
556
542
558
554
565
558
577
565
579
571
575
565
593
586
578
599
586
602
590
602
593
592
597
580
548
562
568
604
603
596
593
616
616
607
613
617
613
612
623
606
619
605
611
603
611
596
597
601
601
585
594
577
586
578
600
572
569
554
564
573
564
573
566
562
574
568
552
539
561
547
545
507
546
543
524
534
532
543
549
538
552
541
535
522
529
520
526
511
521
499
506
506
513
513
505
500
514
509
501
501
511
505
512
497
508
485
519
494
501
465
490
474
486
486
464
475
470
474
497
497
505
495
508
508
510
503
492
501
493
500
492
502
493
491
485
475
495
485
500
493
501
491
498
489
491
485
475
484
472
481
487
476
499
492
491
503
508
500
503
503
516
518
506
505
516
523
516
496
485
502
488
503
493
505
493
505
495
510
505
508
495
504
498
23489
23484
23476
23468
23489
23487
23476
23490
23500
23552
23547
23549
23559
23568
23562
23583
23625
23620
23639
23606
23581
23620
23596
23631
23572
23553
23542
23593
23554
23568
23614
23672
23648
23634
23616
23623
23664
23655
23641
23741
23736
23758
23740
23737
23733
23739
23751
23710
23727
709
739
741
753
753
772
772
788
759
765
709
767
759
756
763
770
751
706
680
661
659
598
580
598
589
598
599
624
624
651
555
654
554
638
525
553
527
527
636
635
653
637
628
590
602
604
604
594
611
611
622
630
634
641
646
640
645
638
571
646
639
589
577
588
578
589
580
590
589
586
578
564
570
583
583
576
586
570
477
471
572
493
517
501
500
518
518
535
529
533
526
530
525
531
537
528
536
525
538
522
529
513
524
515
518
507
518
501
511
495
512
508
515
508
514
503
501
507
505
500
502
502
517
505
515
507
507
515
516
511
522
531
530
512
521
514
531
515
525
521
521
527
531
522
531
516
537
528
536
530
547
544
531
525
542
539
543
543
540
537
542
537
542
535
551
541
549
538
551
539
545
537
542
539
520
539
526
519
526
527
510
514
516
522
517
519
517
510
508
507
480
497
494
496
468
480
488
481
478
466
489
496
485
479
479
489
481
497
487
496
497
487
494
485
486
486
479
498
485
497
495
477
486
475
488
482
496
489
494
487
482
484
506
482
492
490
485
493
493
502
494
495
505
485
476
435
452
499
482
484
446
504
516
522
515
528
511
524
513
532
522
531
525
539
529
533
538
548
543
553
543
558
552
550
562
562
555
565
561
577
569
580
571
586
578
586
579
576
589
578
591
579
532
546
539
559
559
577
575
591
589
603
601
603
596
602
591
598
605
605
593
602
605
606
592
601
603
603
590
602
594
602
596
603
615
600
608
601
613
599
618
601
597
613
612
594
607
592
601
589
607
591
603
589
602
588
605
589
589
596
615
598
594
593
581
592
585
591
582
593
581
591
577
577
585
586
576
560
581
568
579
565
558
567
567
562
567
564
569
563
562
570
568
565
556
569
557
565
553
539
561
556
543
554
542
555
539
546
529
543
518
514
526
532
519
531
517
520
512
518
515
512
519
519
509
522
518
526
506
528
523
522
531
507
523
516
508
523
520
512
506
520
513
505
511
503
517
509
499
516
515
519
525
514
514
521
525
519
531
525
530
524
544
545
558
563
561
538
570
562
562
574
562
572
575
562
561
576
573
559
574
560
566
566
585
577
589
580
597
588
606
596
610
599
617
602
617
606
621
614
621
615
625
622
613
570
580
624
593
601
545
555
558
586
526
539
503
570
483
494
520
533
507
557
567
556
565
555
569
556
567
566
552
566
551
565
549
562
546
556
543
540
553
554
538
537
530
517
508
473
493
484
549
522
529
515
522
511
481
510
531
508
501
501
522
503
516
518
514
539
538
547
552
551
567
552
575
565
546
565
535
562
569
563
556
532
555
540
539
549
545
517
538
479
450
525
538
497
499
497
510
518
519
525
518
508
524
498
501
511
524
516
537
542
516
531
524
496
546
542
556
549
527
532
538
555
573
560
554
566
579
574
581
587
597
588
590
588
590
593
588
602
603
612
607
632
596
619
615
632
631
621
647
644
644
635
635
664
665
659
655
656
678
667
683
700
692
690
705
667
683
700
685
683
700
683
696
682
690
685
672
679
672
688
659
616
630
577
642
668
628
597
578
597
610
594
656
641
625
612
623
639
639
648
634
631
625
644
635
643
624
606
615
597
601
580
560
575
565
548
542
542
539
552
532
543
551
515
518
546
539
542
527
471
519
489
485
483
498
501
503
496
520
519
520
539
546
550
542
466
443
478
486
502
454
523
540
554
507
503
511
503
518
513
525
514
529
528
531
522
527
528
517
530
521
538
514
534
535
540
534
535
542
541
522
540
534
549
538
556
550
555
538
545
539
551
540
552
554
548
546
544
568
569
562
585
553
554
560
552
539
545
533
523
557
553
543
540
543
533
553
539
532
550
524
535
531
540
519
541
544
546
544
547
541
540
519
533
543
530
548
532
545
531
538
551
536
554
515
548
533
536
539
544
535
541
537
538
538
527
531
544
534
544
529
523
512
525
539
536
521
520
530
523
537
516
520
528
517
523
520
518
512
517
514
520
518
511
518
524
511
524
511
524
510
512
526
524
517
535
519
538
529
523
533
538
528
534
530
542
530
546
534
550
550
554
552
541
549
552
541
557
541
559
553
558
558
562
549
564
551
565
554
568
562
570
558
571
560
568
560
568
559
567
560
564
552
563
555
559
555
564
557
555
566
556
567
565
563
568
566
563
570
571
563
568
556
560
569
569
561
563
569
572
569
578
576
575
567
550
572
564
574
560
573
549
557
562
555
551
558
532
554
550
541
547
551
539
547
540
549
536
520
546
533
516
534
531
539
521
527
519
512
522
502
524
511
518
508
509
516
513
502
513
511
506
496
512
502
511
497
514
501
510
501
513
503
500
512
496
518
504
509
504
502
504
498
507
496
502
494
504
495
506
504
501
504
497
504
501
496
501
496
502
495
505
494
507
495
497
506
507
498
501
513
514
507
504
498
510
503
506
504
507
495
502
504
507
487
495
506
495
507
502
505
510
516
505
506
517
514
505
493
460
498
471
511
506
487
477
515
508
512
500
511
502
495
501
507
486
506
496
491
483
489
483
486
490
495
486
463
425
441
435
470
451
475
486
468
482
487
491
485
488
498
497
488
487
494
479
481
495
493
450
493
479
466
466
484
482
482
480
493
503
504
499
492
503
507
503
487
504
497
507
498
497
503
504
487
505
483
501
499
493
494
510
511
522
510
513
522
518
510
521
513
514
521
522
510
523
520
532
523
532
520
536
529
538
526
518
526
518
526
540
531
541
536
541
540
548
542
550
543
540
551
555
546
552
559
540
536
536
526
554
547
549
536
529
536
525
517
542
521
529
529
523
532
522
525
518
524
515
505
501
496
486
476
474
460
450
442
441
456
441
467
479
482
467
493
474
488
481
488
493
484
491
500
489
550
532
542
547
531
523
549
544
556
556
560
559
575
574
567
522
536
545
554
573
539
504
563
511
513
527
527
538
538
550
550
550
550
523
549
542
549
535
549
570
558
569
555
562
551
550
560
556
521
551
495
483
501
487
497
483
497
484
497
489
492
478
491
484
490
483
461
465
478
477
498
498
511
501
491
516
503
499
508
491
468
505
482
482
499
499
502
514
512
506
515
508
521
528
521
511
505
518
525
523
523
521
511
521
522
517
512
518
514
504
519
513
518
506
514
496
502
504
512
498
490
507
509
498
508
498
493
505
498
503
483
503
472
494
502
495
501
470
490
489
508
503
520
506
525
517
524
537
513
517
528
532
537
531
536
528
522
516
604
582
589
590
595
604
602
609
613
603
535
583
566
547
598
595
571
555
581
625
617
629
619
621
629
639
630
640
635
642
635
650
637
654
640
656
644
657
645
670
654
665
652
669
648
657
668
669
626
615
625
618
631
624
633
622
634
625
554
610
573
563
563
588
602
601
622
621
634
642
649
637
648
634
645
631
640
627
632
625
641
623
631
617
629
614
630
611
624
602
603
611
603
597
580
590
589
563
574
548
591
531
565
551
553
562
557
549
550
529
537
551
534
525
541
537
522
519
532
532
511
511
518
514
503
527
526
512
524
515
520
518
511
522
527
516
534
527
532
539
526
517
542
535
547
546
543
549
536
535
554
553
567
553
569
565
577
567
563
579
557
552
569
549
587
593
582
594
583
593
587
566
570
596
588
588
579
585
565
589
592
583
592
576
595
581
570
581
572
573
577
592
567
566
579
565
573
573
565
581
567
581
567
577
565
575
559
574
566
563
559
555
560
542
540
549
540
550
559
547
552
547
563
553
571
560
566
573
561
558
569
563
534
548
563
549
558
543
555
557
565
547
560
547
552
545
554
544
541
559
540
557
546
541
557
542
556
546
555
550
556
551
559
565
574
564
543
572
562
571
559
574
560
566
553
561
562
564
562
541
566
542
561
554
562
559
566
554
569
557
564
560
554
550
557
569
558
573
558
573
558
559
564
557
535
543
563
550
565
555
550
559
535
554
558
559
552
567
555
554
545
541
546
551
538
549
538
550
541
557
543
548
539
549
539
537
525
541
530
514
515
508
537
538
523
532
525
543
529
527
539
538
524
513
528
502
503
501
498
505
491
484
480
495
500
499
506
511
500
515
509
521
507
506
517
525
526
520
508
535
523
521
530
535
530
533
539
560
556
526
525
545
525
566
572
571
558
573
566
578
571
583
593
567
582
582
613
624
639
632
655
648
641
642
644
653
670
648
656
640
654
662
630
641
626
648
667
642
629
649
652
651
644
656
649
614
622
561
560
549
558
595
571
535
626
595
594
585
588
580
575
532
570
552
551
567
574
570
556
560
550
556
557
553
541
547
549
540
503
526
530
524
524
535
510
526
514
527
537
539
527
544
531
557
528
507
506
527
527
543
545
534
534
542
569
569
578
583
581
587
581
595
583
591
587
580
576
590
583
600
593
585
588
578
589
568
558
584
546
493
490
487
475
473
460
453
451
439
441
423
425
407
408
410
397
397
394
390
382
376
368
362
360
343
346
343
332
329
324
324
306
298
295
298
285
281
270
263
266
268
534
584
494
517
554
590
528
581
23
24
26
31
24
24
25
73
75
75
83
78
78
83
78
80
84
82
80
205
228
256
226
222
239
220
211
212
215
215
209
233
227
228
225
235
268
267
280
278
281
285
284
323
334
323
331
329
350
349
366
366
387
387
411
411
427
430
429
460
460
479
478
480
500
500
528
528
551
551
551
571
572
573
567
584
572
589
589
573
574
552
591
541
509
499
533
518
541
541
573
561
584
583
576
597
590
590
583
600
581
594
580
551
567
586
571
565
564
574
571
575
559
573
564
567
544
553
558
555
574
552
524
532
544
552
544
548
546
543
526
494
517
501
505
507
522
520
538
538
548
540
536
537
542
539
525
517
551
536
530
535
546
540
577
556
564
578
548
564
578
578
571
587
570
587
606
598
610
583
584
565
578
597
580
586
614
590
577
562
558
553
552
540
536
528
518
516
512
507
503
497
482
474
470
466
460
443
414
401
368
372
360
360
360
354
351
337
332
301
302
297
282
271
263
264
588
269
608
265
267
577
600
33
576
258
231
125
88
98
111
88
89
131
150
149
165
165
165
198
199
217
218
216
217
218
267
285
285
311
320
320
319
310
357
357
377
382
383
405
417
418
433
434
452
453
470
486
486
503
471
501
528
529
549
548
513
512
500
511
549
564
514
515
492
554
543
551
566
554
496
494
494
534
551
493
473
528
513
515
528
517
533
537
519
525
526
540
520
542
528
535
530
539
532
582
578
585
592
598
589
601
583
597
585
595
586
596
594
572
570
583
584
603
603
617
597
605
596
595
571
577
577
596
594
614
614
634
623
623
624
633
606
623
634
617
627
615
627
614
626
614
619
612
584
566
573
567
582
564
581
564
577
564
581
565
582
566
578
565
575
560
571
560
560
576
570
560
568
556
567
555
566
553
571
553
566
553
550
562
554
565
557
565
541
561
554
546
560
558
545
546
561
559
548
556
543
545
558
556
544
557
543
554
541
542
557
552
538
555
540
553
541
557
540
552
544
561
546
562
546
563
547
558
544
563
545
549
560
547
565
558
548
564
549
553
568
550
543
562
551
550
551
545
548
548
525
540
534
542
543
531
542
541
535
522
539
536
544
528
541
526
542
528
540
526
535
523
536
521
533
520
529
524
530
479
494
499
521
514
515
503
518
501
515
498
510
494
506
502
511
503
518
505
510
506
513
507
506
514
517
522
522
534
516
522
554
542
522
471
503
534
548
475
480
506
490
517
538
518
533
502
511
531
535
520
514
521
520
538
528
535
521
539
528
534
531
531
536
538
527
540
529
537
517
501
478
465
444
423
469
525
352
356
358
361
343
347
352
355
353
336
340
344
347
344
324
322
325
320
307
311
306
350
291
277
282
531
270
268
520
380
255
243
269
348
411
254
294
240
485
349
280
