30
50
55
22
112
78
113
107
112
101
119
121
111
167
166
144
147
168
111
146
165
218
209
176
176
171
173
176
178
181
183
185
190
191
193
195
197
200
203
205
206
209
211
213
216
218
221
224
225
227
189
191
174
156
124
113
12
11
35
38
12
14
35
24
67
122
126
124
128
147
141
157
156
166
171
174
179
185
189
194
198
203
205
200
204
207
213
218
222
226
229
233
236
240
242
211
212
249
246
248
245
247
159
366
366
381
391
390
389
418
418
435
435
454
454
438
462
456
454
458
460
268
285
306
296
303
295
306
304
328
338
338
340
360
360
357
382
381
394
394
408
406
408
431
432
450
451
468
467
489
492
489
500
500
512
511
507
520
511
524
524
518
530
525
537
532
543
535
547
546
558
541
551
558
562
564
572
569
566
576
564
585
579
583
580
589
570
578
591
589
591
574
589
594
574
595
586
595
588
590
594
600
593
596
585
602
588
609
594
608
597
588
591
582
580
572
564
578
561
560
569
573
559
565
553
559
554
558
554
562
563
550
565
551
557
553
553
565
563
560
567
554
566
557
565
543
546
566
558
552
562
563
554
564
551
556
542
558
534
550
543
549
544
549
559
551
552
548
543
550
535
521
550
540
519
528
524
541
524
528
524
512
518
512
518
501
526
512
517
500
512
498
507
495
499
490
507
478
490
508
494
507
502
510
510
510
515
508
514
515
517
511
498
487
513
511
505
510
505
495
513
505
506
512
501
511
507
498
514
506
522
515
517
510
509
517
498
523
516
504
510
503
515
505
516
501
518
499
495
490
520
514
527
514
518
508
523
515
518
496
507
513
508
508
504
520
491
493
501
477
479
474
514
521
525
514
528
514
514
525
527
524
518
524
511
520
524
522
519
525
529
528
534
528
535
534
536
537
548
514
521
498
518
516
511
513
519
521
515
522
501
482
494
466
515
488
486
501
499
519
516
537
537
560
523
530
524
532
526
538
529
541
528
545
532
548
544
549
544
554
545
549
541
554
545
555
536
557
550
566
554
556
551
565
564
557
566
569
563
556
546
542
541
543
548
548
567
560
561
555
568
553
563
554
562
555
561
553
570
551
562
545
5001
5015
5019
5007
5024
5019
5005
5011
5020
5013
5034
5011
5033
5014
5017
5023
5011
5020
5010
5025
5001
5009
4995
5012
5002
5010
5003
5016
5009
5027
5018
5017
5018
5029
5013
5031
5024
5037
5024
5034
5020
5038
5020
5039
5026
5038
5023
5032
5026
4015
4005
4068
4063
4081
4069
4077
4070
4090
4078
4078
4065
4062
4078
4051
4067
4059
4051
4068
4053
4067
4061
4067
4066
4087
4085
4089
4099
4082
4094
4094
4077
4066
4057
4086
4082
4056
4051
4048
4037
4034
4021
4022
4015
568
560
547
483
473
459
460
448
443
425
419
411
403
390
388
376
372
373
354
350
353
334
322
322
310
300
294
286
275
272
263
248
228
232
236
240
238
4089
4065
4098
4101
4069
13
4
5
3
42
62
54
53
53
54
55
56
58
59
60
60
61
63
56
57
4
4
7
3
5
10
34
28
7
71
113
111
130
129
143
147
162
161
175
176
196
205
206
205
232
236
241
242
243
246
250
252
254
256
256
259
253
254
255
257
259
197
232
263
232
296
323
324
357
359
380
395
395
381
395
396
439
439
463
462
475
474
469
472
478
469
482
472
475
487
499
491
502
501
440
520
437
456
448
450
469
470
471
473
490
491
517
515
515
570
568
578
578
580
594
595
595
597
635
628
639
632
619
651
584
603
592
633
616
611
625
624
638
641
655
652
644
650
659
663
642
654
645
643
653
660
651
650
663
672
663
667
660
678
686
665
682
646
613
639
620
593
603
654
641
639
642
635
606
563
566
587
623
577
641
586
640
641
638
668
654
628
555
592
636
562
605
571
581
595
590
582
545
570
545
596
576
566
555
559
577
528
527
577
559
563
562
584
583
603
601
615
621
581
521
519
519
516
581
494
562
570
569
575
574
591
582
576
575
576
590
587
572
586
586
604
603
617
604
554
570
583
571
564
535
561
559
551
539
536
544
553
551
558
544
554
537
532
546
543
524
541
533
527
528
545
544
564
562
580
570
531
522
528
508
521
515
531
524
510
517
507
507
511
505
518
497
463
440
436
438
440
437
435
426
420
412
408
401
473
471
507
488
516
398
432
444
429
408
402
395
437
420
432
425
436
430
414
418
422
420
434
407
432
423
446
441
456
448
462
457
460
465
471
463
400
474
410
390
410
411
430
430
452
450
471
465
486
486
505
490
506
504
504
503
524
524
545
545
565
574
574
584
584
602
596
612
608
615
629
620
620
629
606
602
611
614
603
610
607
604
607
602
610
597
598
609
608
601
609
606
597
607
608
600
607
603
605
596
608
605
610
598
611
600
607
600
606
599
607
597
609
596
608
603
612
608
605
593
592
597
575
558
578
599
583
591
581
592
581
597
576
579
576
563
535
555
546
558
566
573
557
553
563
550
563
565
559
543
553
545
551
557
544
551
544
554
542
547
553
555
542
545
546
534
533
539
539
531
543
548
546
549
543
547
533
540
531
525
530
527
532
527
541
529
518
538
537
551
541
549
538
554
544
563
553
554
565
556
550
534
568
553
560
555
565
569
555
580
550
568
562
589
566
574
596
582
625
614
627
590
590
581
605
618
586
562
577
567
601
564
643
626
638
642
636
637
643
632
644
639
642
636
649
636
650
638
623
657
646
647
630
655
624
648
639
641
630
635
630
635
633
626
628
641
592
602
612
610
575
575
583
583
604
564
568
569
587
587
618
617
617
626
621
607
593
592
609
583
601
593
587
578
589
587
574
569
576
548
561
559
573
550
577
564
576
571
582
564
569
578
552
568
565
571
548
544
562
557
565
550
560
551
546
560
536
541
523
514
557
551
536
527
531
525
514
533
527
510
526
507
531
513
535
525
529
523
524
539
526
529
537
528
535
521
533
530
533
525
531
527
515
524
511
526
519
505
515
513
523
503
534
520
525
514
523
525
526
504
511
534
511
534
530
519
536
531
532
545
533
550
547
545
570
549
554
559
553
565
556
570
560
579
554
564
554
558
569
563
564
579
576
568
577
569
561
577
584
574
584
555
554
564
573
575
562
576
566
573
543
543
545
567
564
572
559
567
567
565
555
563
563
545
562
545
559
542
545
532
540
535
533
531
518
523
530
524
521
521
513
515
506
516
514
517
507
497
510
492
505
499
516
514
504
513
497
509
503
493
507
490
505
492
500
505
484
492
497
498
502
499
486
501
492
480
481
482
493
483
491
473
491
480
474
484
477
484
482
492
483
494
488
497
496
500
517
512
530
519
539
530
529
524
535
530
537
531
545
535
555
545
553
548
558
532
549
556
562
565
561
547
578
577
582
574
585
570
592
587
591
582
597
587
591
600
599
613
608
609
598
614
603
613
583
614
589
590
606
603
608
600
612
600
609
607
605
613
588
612
596
624
609
615
624
624
617
632
622
616
631
634
622
637
626
637
624
622
636
642
636
632
622
605
602
609
621
615
621
629
626
627
612
624
614
575
568
584
603
615
594
586
577
592
579
586
580
583
557
581
572
547
534
557
554
541
498
506
520
537
550
535
522
537
521
529
527
519
505
518
531
523
536
526
543
531
537
523
519
513
510
517
513
519
527
509
521
522
523
513
502
523
522
519
512
494
493
522
503
497
526
508
513
506
513
526
509
499
498
518
522
515
511
513
516
526
523
511
500
516
523
510
516
499
519
506
510
499
499
510
507
504
495
505
500
503
515
505
511
514
509
517
505
521
504
515
513
529
508
518
499
519
512
519
525
515
507
522
509
506
516
498
508
509
513
521
518
514
529
521
517
511
520
511
511
526
523
9513
9504
9516
9515
9529
9522
9523
9529
9528
9520
9510
9528
9519
9503
9514
9487
9502
9526
9530
9527
9535
9526
9535
9532
9534
9527
9557
9557
9561
9559
9570
9559
9562
9548
9555
9574
9568
9574
9566
9574
9556
9562
9587
9576
9591
9580
9589
9584
9594
9588
608
606
605
594
601
595
599
603
606
600
596
598
566
576
575
568
563
554
546
540
531
530
503
494
482
575
576
574
465
475
501
524
538
539
532
538
530
526
538
540
529
523
540
539
522
505
519
531
524
511
523
515
512
520
518
511
515
513
512
510
504
518
515
439
434
415
434
435
445
436
447
460
459
463
463
501
510
509
523
526
524
539
530
529
535
535
530
519
525
511
535
524
536
525
528
513
532
540
532
543
536
539
553
557
541
551
544
545
559
547
559
568
571
568
575
570
565
575
572
533
556
576
531
565
578
582
572
564
578
576
576
581
580
575
584
575
593
581
589
577
597
591
594
580
592
587
562
585
584
570
576
568
581
564
578
564
574
577
571
563
562
553
558
518
548
538
507
528
539
533
539
539
544
533
548
554
563
553
563
555
565
557
568
554
547
563
557
563
558
553
536
554
546
568
549
555
555
571
565
579
565
578
565
567
574
565
555
571
576
579
574
585
571
561
556
572
572
592
572
585
589
583
583
583
587
576
581
574
571
585
579
559
573
574
572
572
557
569
562
564
563
568
571
564
545
559
541
532
546
547
543
548
536
548
542
548
547
545
555
539
547
534
534
546
539
534
529
537
527
527
536
532
524
529
533
519
530
513
521
503
509
519
521
505
509
523
519
508
517
508
517
531
522
529
524
543
530
535
533
552
542
550
535
547
550
558
544
543
561
546
561
553
549
560
550
565
554
557
562
560
573
573
566
565
543
568
538
579
554
567
570
585
577
591
575
592
595
595
587
603
592
598
590
597
595
575
597
584
593
579
578
584
589
575
584
574
584
570
571
590
583
572
581
573
585
570
584
568
585
571
558
572
566
578
568
583
569
583
583
597
573
582
577
581
577
567
577
553
537
557
528
568
565
565
558
566
549
570
562
568
561
568
561
572
561
566
572
581
562
560
572
560
552
574
567
558
575
567
571
556
568
585
564
557
582
571
584
582
572
575
582
576
581
578
570
552
567
556
565
565
579
573
577
570
565
573
560
575
548
560
568
558
566
552
561
557
546
555
542
553
537
549
544
555
540
536
546
532
520
538
539
527
524
534
522
530
527
523
521
513
511
521
512
521
519
503
511
505
510
517
507
509
520
516
510
516
531
514
528
515
519
517
524
510
520
504
500
529
517
513
488
514
527
526
520
532
530
538
545
525
528
540
551
561
548
565
563
538
563
575
549
544
570
579
586
582
534
568
527
518
508
508
494
477
479
479
469
459
448
450
440
440
431
408
403
405
400
392
385
373
363
357
338
325
318
317
292
293
288
274
262
255
241
226
204
206
205
200
190
552
7
4
547
583
145
562
527
181
179
202
201
223
222
243
240
260
260
280
279
299
299
318
318
334
333
351
352
349
382
382
407
406
426
425
444
443
462
462
470
473
485
485
504
503
523
522
542
543
563
563
584
584
604
604
621
622
628
590
594
588
597
581
576
592
574
587
572
561
567
578
564
572
576
563
575
555
545
573
553
556
543
530
549
542
548
540
528
541
541
546
554
541
550
542
543
540
532
538
526
516
529
521
525
528
518
510
523
537
520
516
527
521
525
501
505
521
534
521
532
515
536
541
539
543
533
532
535
516
545
515
531
541
535
526
549
548
540
540
546
540
545
552
545
553
550
544
555
537
545
545
555
549
555
550
552
550
548
519
517
538
523
540
534
530
550
543
536
532
544
539
513
517
511
513
519
492
515
509
521
519
518
519
523
519
520
510
506
523
512
505
498
510
517
501
514
503
502
501
494
508
511
491
507
488
500
500
509
484
508
497
512
504
503
518
503
511
489
511
501
507
502
506
484
488
508
507
503
502
504
503
498
506
506
499
488
503
494
494
503
507
499
494
488
490
502
503
490
488
493
478
502
479
494
491
492
479
487
497
487
487
490
500
490
500
501
499
505
502
512
501
512
505
524
501
521
520
530
528
529
521
528
520
528
523
531
513
533
528
534
529
547
539
546
539
545
541
546
555
555
549
551
532
567
541
553
545
539
547
541
554
542
552
546
548
554
545
562
560
545
557
539
550
537
538
550
549
538
546
534
535
550
552
539
554
544
559
547
545
558
555
543
559
547
556
552
544
542
552
533
551
537
544
557
547
560
563
586
574
584
576
559
578
563
598
594
585
592
583
594
590
604
594
595
589
605
597
607
603
604
593
610
609
592
606
591
592
606
606
593
612
602
598
598
606
588
604
608
596
609
614
597
617
610
606
579
619
603
591
564
584
581
524
560
569
542
539
561
565
552
564
552
566
556
547
560
561
542
556
538
555
544
546
539
548
545
549
546
544
538
531
535
536
545
537
546
544
540
544
534
547
543
514
517
531
522
539
549
540
526
537
537
514
519
518
535
539
535
534
551
543
541
547
520
544
527
531
535
546
555
543
555
552
550
577
562
565
561
586
576
576
589
585
578
582
588
570
587
577
582
571
579
557
552
557
567
570
552
592
559
573
585
583
577
582
570
583
567
583
575
1188
1178
1146
553
589
1187
1184
1205
1199
1258
1249
1261
1248
1245
1233
1247
1228
1240
562
2486
2478
2484
2491
2494
2517
2487
2486
2502
2522
2519
2526
2514
2520
2462
2520
2513
2514
2528
2531
2519
2530
2536
2525
2535
2515
2522
2499
2532
1977
2506
2005
2017
1940
1917
1923
1902
1936
1958
1938
1843
1890
1882
1860
1852
1911
1866
1920
1922
677
663
684
667
625
673
628
660
657
635
661
645
656
640
665
668
633
633
652
663
662
663
646
625
637
612
629
653
635
644
657
664
650
634
638
622
611
643
620
645
645
636
632
1230
665
664
672
569
580
601
682
608
592
604
593
583
575
576
578
570
571
585
570
575
592
559
558
526
500
484
486
490
497
499
499
501
491
470
603
452
452
454
457
524
432
525
441
571
524
523
508
508
514
503
500
491
494
496
510
480
493
486
495
493
487
501
487
497
507
507
513
491
481
355
336
338
346
345
361
359
375
375
390
390
407
406
422
422
438
439
453
453
475
474
502
488
499
502
494
473
506
526
523
512
518
532
521
521
530
529
524
531
525
535
512
518
529
526
509
523
534
523
533
522
524
524
533
514
526
531
527
537
529
534
529
521
536
531
543
534
548
537
547
545
554
552
560
565
545
545
510
525
546
552
558
538
550
543
552
542
545
550
556
554
547
530
544
557
550
568
555
568
559
559
554
569
555
571
557
548
569
554
572
562
574
563
568
562
559
567
564
557
557
563
554
572
562
548
542
549
542
566
559
568
562
568
558
565
555
572
554
562
549
560
550
545
545
560
541
551
544
552
538
554
537
547
542
558
513
500
539
492
555
515
510
516
539
523
528
541
529
539
538
532
537
528
538
517
529
541
522
528
533
527
538
546
538
543
528
541
532
536
538
525
544
545
529
536
550
536
534
541
547
532
540
535
539
516
500
500
515
513
527
529
545
536
525
536
527
552
536
556
543
556
544
551
546
554
564
555
557
541
566
545
556
545
547
553
551
557
550
556
534
539
532
551
497
545
516
509
528
525
536
546
536
543
545
544
553
553
545
565
554
576
575
588
587
604
603
593
583
591
592
592
598
597
591
595
594
602
609
596
616
609
610
617
599
628
611
619
627
639
638
629
613
626
637
637
658
657
662
662
666
657
663
669
677
676
666
669
677
680
693
669
672
624
625
653
611
637
618
661
647
632
641
628
656
646
638
626
611
630
620
570
618
563
577
594
554
586
597
583
569
589
581
562
577
565
542
549
560
565
568
550
557
569
562
555
540
563
545
539
531
544
532
531
530
534
557
556
573
560
545
538
539
536
545
545
559
555
538
568
559
554
564
565
553
585
584
568
599
589
583
586
579
574
586
584
575
582
567
577
577
551
570
562
572
562
575
557
560
572
567
561
548
567
549
569
563
557
572
569
528
504
525
550
553
550
544
545
529
534
530
533
532
534
542
541
532
537
524
517
504
531
501
511
510
496
532
532
515
524
528
537
535
538
530
526
536
537
519
536
531
546
545
542
550
552
540
544
529
531
533
540
539
560
561
569
581
573
556
570
565
568
561
557
561
556
542
561
554
560
553
551
580
571
582
576
557
540
535
555
548
554
548
564
566
567
565
553
563
562
565
553
561
547
549
559
552
553
543
559
529
550
537
538
535
522
532
531
519
527
509
491
515
524
520
530
529
507
523
526
525
517
509
520
522
521
500
523
512
517
510
501
502
502
511
511
497
510
495
518
488
507
504
507
509
497
506
499
502
500
503
473
495
487
497
496
494
507
503
488
497
504
497
507
487
494
506
497
494
520
505
510
503
500
515
502
514
516
504
513
519
530
488
498
515
520
507
510
518
542
526
543
535
522
493
524
507
534
497
558
548
558
555
564
553
577
583
581
593
577
588
593
599
590
603
602
623
611
609
621
614
628
617
627
635
640
638
641
626
645
636
648
628
639
638
656
642
648
634
636
638
613
636
626
599
599
597
586
625
622
620
633
614
609
594
630
607
598
594
615
561
569
581
591
594
586
568
583
582
560
586
583
572
567
560
567
550
554
558
541
551
540
543
512
530
539
519
505
519
531
520
564
572
548
503
516
514
531
532
532
548
537
542
540
546
540
550
548
555
555
552
528
505
525
543
542
511
490
534
552
540
558
547
562
552
558
571
576
563
568
560
573
564
575
558
570
577
587
578
590
535
545
536
544
538
551
536
555
545
552
546
559
551
569
553
556
561
561
552
566
535
552
515
533
532
550
540
557
557
569
566
554
568
567
560
568
565
564
570
576
562
576
563
568
574
565
574
575
563
573
570
572
561
570
576
575
568
574
573
575
568
573
575
575
571
574
567
567
574
572
581
566
568
574
569
581
588
572
588
571
567
578
576
566
577
564
581
562
573
561
572
562
570
562
564
572
574
564
577
564
576
564
561
574
562
572
569
561
561
548
577
570
567
566
569
568
565
568
558
565
552
565
552
567
549
547
565
554
546
552
564
551
562
569
553
570
553
559
552
562
549
537
558
523
546
543
532
545
538
552
538
540
552
533
543
546
527
540
537
530
534
524
538
518
520
526
527
497
533
519
512
535
541
529
543
529
532
546
545
532
533
542
534
544
540
534
533
529
544
547
554
545
558
557
566
547
557
551
558
556
567
555
567
562
574
568
568
576
581
573
586
571
583
587
580
578
595
582
571
576
576
590
597
598
587
591
579
567
581
567
559
563
574
571
560
558
574
537
541
571
561
547
541
552
542
553
552
537
527
545
513
532
533
538
519
523
531
520
529
521
546
538
550
547
547
538
521
528
528
542
531
516
531
532
547
520
537
549
544
565
563
567
555
574
561
574
558
567
585
584
596
576
570
578
578
560
561
569
562
570
577
577
580
586
598
603
591
599
588
594
574
584
560
576
530
536
576
555
551
550
546
555
511
528
541
557
541
551
544
555
547
534
551
535
548
585
573
550
535
568
577
522
532
558
541
543
539
526
536
515
516
490
486
512
491
485
481
486
441
489
478
443
449
459
473
473
475
474
498
503
477
505
483
481
496
485
500
487
501
489
483
496
495
441
498
508
461
450
461
460
471
458
477
476
487
472
490
490
505
512
526
520
536
535
551
551
564
548
551
535
530
520
542
559
501
525
533
533
549
536
546
534
539
547
549
546
547
541
542
546
542
535
536
536
546
543
540
538
532
526
532
519
513
532
518
532
517
520
512
530
514
530
503
486
497
515
512
471
470
472
475
499
483
480
515
475
539
537
531
521
543
535
532
527
513
542
533
546
558
567
560
577
569
573
583
584
574
598
588
607
595
592
598
605
589
591
596
605
599
588
582
599
586
588
602
602
615
538
539
538
566
575
566
576
564
563
581
566
580
569
561
560
562
564
575
549
566
536
517
528
548
545
531
542
533
541
539
526
506
517
508
527
520
523
530
523
523
514
513
525
495
515
506
515
506
519
509
520
529
498
20067
20066
20107
20109
20106
20146
20134
20119
20117
20141
20124
20130
20194
20178
20133
20144
20157
20152
20192
20143
20180
20184
20177
20180
20186
20160
20170
20175
20153
20185
20178
20172
20255
20251
20242
20256
20263
20264
20336
20326
20335
20325
20327
20337
20331
20343
20324
0
20339
811
746
789
794
753
745
704
688
688
682
684
673
654
676
611
638
638
652
645
644
656
641
645
634
646
647
627
613
622
618
631
636
604
610
591
606
603
584
568
514
496
507
496
488
493
477
475
466
466
465
457
423
434
433
442
436
424
408
429
411
434
433
429
432
428
436
416
412
424
406
442
434
438
443
434
449
447
441
430
444
443
436
393
392
383
404
393
402
401
401
404
416
405
419
408
393
412
419
413
414
401
409
400
405
402
412
417
418
407
406
418
406
398
397
404
389
392
393
419
420
431
421
422
436
442
446
442
465
453
465
454
473
462
470
466
482
479
484
478
493
494
496
494
504
500
513
514
513
511
504
528
524
543
534
552
537
545
549
560
550
565
564
567
575
570
574
583
574
566
578
571
590
578
588
559
527
586
519
545
538
571
551
564
549
559
542
557
550
560
550
528
547
544
529
522
530
541
525
543
539
527
536
526
534
519
521
532
540
523
541
524
521
517
524
533
532
516
513
530
526
519
509
522
508
491
507
502
502
524
523
543
540
549
537
549
536
550
537
548
557
548
546
558
564
562
572
571
564
572
558
555
567
555
572
552
565
560
551
557
561
559
567
564
565
563
567
561
574
572
572
552
568
571
560
545
570
559
567
554
553
567
558
549
561
564
561
557
563
564
561
569
566
564
567
565
555
564
566
567
564
562
566
546
571
566
579
573
584
582
580
569
583
577
563
584
572
578
561
581
573
584
577
584
565
586
578
573
586
594
580
573
570
556
588
580
585
572
562
571
550
583
568
575
573
555
562
571
561
571
568
576
567
566
559
555
571
559
552
559
559
549
551
540
525
534
543
534
543
530
536
544
537
543
535
536
520
505
519
518
534
530
498
517
491
527
522
515
520
517
523
518
528
529
543
540
556
533
533
547
546
493
529
516
510
497
531
514
525
539
556
542
535
527
569
548
571
574
589
591
596
568
562
582
583
594
579
573
574
595
581
597
573
602
602
602
628
621
630
623
628
615
628
628
618
632
626
642
623
642
626
625
628
628
647
648
627
633
627
646
632
651
601
616
614
624
618
626
620
618
604
621
614
616
607
600
606
615
616
634
625
632
624
586
610
604
595
597
590
590
581
567
580
566
546
572
585
584
575
584
578
576
585
571
579
580
539
582
549
554
548
563
558
568
552
545
559
568
568
554
548
563
552
544
555
565
544
563
557
564
564
561
568
566
556
559
573
568
572
567
567
566
580
553
572
557
571
559
564
563
550
566
555
548
561
556
558
562
564
571
572
555
529
539
548
540
540
538
501
529
537
515
539
495
532
540
529
510
534
506
468
482
487
511
450
493
472
483
473
466
459
466
453
439
445
437
423
432
432
439
417
432
441
437
445
451
439
443
451
452
444
452
452
446
453
438
448
460
445
464
462
482
477
468
448
466
462
453
431
453
452
473
474
493
490
504
504
501
528
529
536
538
548
550
562
561
561
556
540
546
563
543
559
557
544
533
549
527
547
537
525
538
548
539
543
546
553
554
539
552
539
546
535
529
532
544
535
533
527
507
529
520
523
515
525
513
493
520
514
518
510
516
505
494
511
490
497
495
487
509
505
512
510
506
488
494
500
492
503
496
480
500
500
494
497
491
485
477
481
465
488
474
494
494
496
480
468
483
482
481
498
499
504
492
503
496
504
493
490
489
499
501
502
501
486
490
507
497
481
511
503
498
487
480
481
497
499
493
497
503
493
508
482
480
504
454
467
493
494
501
475
464
480
485
497
493
491
484
511
502
485
495
520
508
527
524
529
533
525
540
527
526
530
527
529
517
517
536
540
521
532
537
543
536
539
539
554
539
549
540
549
547
549
541
550
537
559
558
578
577
585
595
559
543
569
562
559
569
558
574
552
553
527
537
530
518
531
520
521
510
529
526
529
519
536
534
528
533
525
528
542
541
528
535
528
534
518
527
520
529
506
526
514
519
517
507
513
505
510
500
496
506
499
488
470
504
482
480
461
496
499
464
507
502
514
514
523
515
526
512
513
519
521
517
524
520
515
515
522
506
525
516
523
517
524
517
524
529
539
519
532
542
542
541
530
539
549
553
542
546
556
547
546
550
531
561
561
589
588
587
553
580
583
594
599
606
598
581
585
580
557
541
534
563
550
610
574
563
564
577
575
570
584
570
581
568
585
572
573
571
556
560
529
550
564
551
543
549
538
543
534
539
592
539
530
525
502
501
469
470
466
451
445
436
401
368
369
370
374
375
380
384
479
375
368
359
354
342
337
333
324
320
309
301
302
296
295
285
284
273
275
272
268
258
257
249
249
238
229
229
213
207
86
383
386
387
385
111
111
112
110
143
143
159
159
172
173
193
192
212
211
227
227
227
255
254
272
282
283
273
309
309
322
322
337
339
338
382
398
399
383
420
420
438
439
439
420
438
483
483
502
503
524
525
543
545
556
526
545
535
555
533
528
543
548
540
557
540
553
550
560
530
537
546
521
545
542
554
559
546
553
544
560
559
531
566
540
531
547
539
547
547
545
558
551
540
551
538
523
515
525
503
536
534
522
526
518
505
516
531
517
526
520
529
504
535
523
500
650
655
662
641
619
643
644
666
665
653
673
643
670
684
672
680
676
664
685
682
678
674
649
661
686
647
642
662
674
678
676
676
678
669
660
728
723
745
738
761
745
769
761
778
758
737
747
753
745
628
748
620
624
620
629
623
645
605
625
620
610
625
632
615
624
626
614
597
613
590
616
578
595
578
578
619
606
625
624
627
645
625
573
595
594
590
546
572
562
599
537
567
570
559
553
564
567
554
558
576
580
562
570
557
570
568
566
556
570
560
559
557
559
564
562
569
562
567
565
565
553
552
584
567
580
573
585
571
586
555
568
547
573
532
526
534
558
558
551
552
564
571
561
569
565
574
564
571
583
559
573
562
572
571
564
573
569
574
563
566
578
584
575
571
576
566
563
572
568
558
556
547
559
544
555
552
557
542
553
553
536
536
544
538
535
533
563
579
573
561
578
553
545
561
563
565
534
542
526
576
553
566
578
577
560
566
565
552
564
553
566
556
566
559
567
557
567
560
561
567
563
549
551
566
550
561
543
558
527
543
558
548
530
528
528
528
545
534
528
543
548
562
551
554
555
558
560
537
555
555
545
532
524
537
511
549
516
541
497
533
539
534
509
525
528
530
525
536
536
525
531
524
528
544
532
541
533
545
538
540
539
552
557
555
558
558
555
553
556
552
542
549
542
552
527
550
530
536
547
548
541
530
529
548
550
526
529
549
508
543
539
547
530
517
521
550
540
553
547
557
558
572
550
557
546
551
561
549
553
547
549
554
553
540
555
555
553
539
559
546
554
546
559
542
540
535
550
544
530
539
556
543
540
531
545
543
541
544
542
558
550
560
534
551
550
565
550
555
566
560
583
567
576
577
571
585
557
579
573
579
577
568
584
581
584
586
576
583
572
558
567
582
566
568
566
566
577
584
572
591
590
591
603
605
598
614
606
613
619
615
610
616
608
607
544
517
592
536
584
613
518
570
578
568
581
572
585
582
600
581
593
596
581
595
580
576
585
568
589
575
578
579
590
579
584
587
559
576
580
579
571
579
567
576
563
551
565
555
571
565
552
545
565
541
524
541
527
525
528
565
565
588
591
601
587
584
600
595
579
570
585
581
572
586
590
579
579
588
581
566
580
588
583
595
585
584
600
572
579
581
587
595
575
588
585
565
597
571
577
593
588
601
582
599
574
566
576
565
563
596
577
589
576
582
579
586
576
591
593
585
578
602
593
602
591
602
589
595
604
606
596
597
591
594
598
597
595
579
586
585
585
580
583
584
601
586
564
580
577
594
583
591
601
565
580
590
570
580
569
563
577
577
520
569
546
538
538
581
545
555
557
544
521
536
532
528
529
520
533
529
515
529
524
525
528
509
527
512
523
513
521
516
520
526
537
516
520
511
516
509
497
520
505
507
500
491
477
500
481
480
497
489
491
492
507
518
507
495
518
508
507
516
504
519
504
506
516
518
520
523
519
507
516
511
524
510
506
506
489
513
497
504
515
503
516
512
507
511
509
499
511
510
496
510
504
518
490
504
508
495
512
500
496
491
508
507
516
486
491
500
500
489
492
487
478
497
485
498
495
484
483
492
493
487
478
497
496
498
483
496
472
472
466
492
501
495
475
482
481
485
501
491
481
494
489
505
504
501
500
507
490
509
513
511
510
517
509
538
548
548
562
564
555
568
561
566
571
571
576
571
541
581
572
562
582
580
579
589
573
561
554
553
569
562
601
598
582
602
593
616
616
588
594
617
614
614
603
625
616
597
613
608
596
608
603
610
605
594
568
579
566
563
580
559
581
577
578
571
583
576
572
574
581
597
588
586
584
585
595
604
610
605
618
598
595
584
578
591
563
591
574
588
572
584
583
599
585
597
589
599
604
604
609
595
609
562
587
604
582
572
596
589
599
592
611
606
599
615
611
608
616
613
599
611
598
610
606
604
589
581
598
578
580
583
591
607
593
588
597
596
587
593
589
588
579
588
573
582
591
593
583
580
589
589
590
588
590
572
571
588
581
588
566
549
542
526
581
551
560
551
537
544
558
555
546
558
549
557
539
560
567
573
564
533
556
571
566
550
553
548
550
557
549
555
543
538
533
548
542
531
540
532
517
517
538
521
523
531
533
529
535
535
535
510
521
532
515
520
538
527
531
525
537
540
520
536
531
550
547
541
555
537
555
545
541
541
541
552
535
540
553
552
538
560
533
495
503
510
532
551
549
533
555
543
530
546
535
541
521
529
522
533
532
530
519
532
523
553
514
527
534
527
530
522
527
503
514
523
518
530
519
510
516
512
520
508
511
513
495
512
513
504
485
515
470
470
488
487
499
498
518
518
520
523
505
531
502
531
529
543
530
548
536
544
543
555
536
550
543
556
545
551
546
553
544
557
553
544
554
551
560
557
556
559
554
551
552
550
543
551
541
540
555
537
527
535
534
550
524
541
529
527
540
518
512
514
537
530
544
531
574
562
576
563
570
561
563
579
559
571
572
559
557
565
563
560
560
562
564
556
557
548
563
541
546
555
560
549
561
551
556
556
543
566
528
540
557
547
565
562
551
548
560
564
562
536
557
503
482
549
564
518
513
520
510
523
522
513
499
504
504
510
520
510
502
514
495
513
503
510
508
516
507
509
517
512
518
505
520
500
514
516
529
499
501
502
501
519
515
519
519
526
518
528
522
524
494
508
509
528
527
545
520
537
542
531
539
538
540
549
523
546
540
541
551
539
527
532
508
546
526
531
523
515
522
535
521
536
536
517
507
517
522
528
514
510
526
505
515
521
513
492
516
507
511
500
517
501
516
499
512
499
513
505
498
516
507
513
523
525
517
507
514
529
523
531
517
547
526
541
539
530
544
528
535
534
545
537
520
532
535
546
553
542
558
551
567
555
554
549
552
560
550
567
560
554
557
546
557
543
546
554
553
551
553
547
557
544
556
542
560
540
555
547
554
563
538
562
549
543
556
548
545
559
553
546
563
547
549
547
557
553
542
551
536
537
534
533
537
532
538
539
529
526
507
520
518
534
522
527
526
527
529
511
504
523
492
512
495
499
520
511
509
517
513
515
515
539
531
534
535
540
522
511
506
496
498
488
484
480
473
471
463
461
454
453
444
443
436
435
430
427
428
430
427
425
398
395
386
373
368
368
352
342
532
533
341
415
399
405
404
477
481
473
475
470
485
474
476
463
466
457
296
304
304
312
322
310
324
360
359
377
376
396
397
420
418
421
424
429
431
435
438
443
446
451
454
458
461
464
469
473
469
456
451
451
386
378
375
364
359
351
353
342
337
341
337
324
328
332
325
326
322
306
296
288
288
283
277
271
416
416
415
414
5
415
169
197
183
184
189
180
189
187
223
223
243
243
258
259
271
270
289
290
308
307
326
327
344
343
362
362
378
378
392
386
391
387
389
389
388
448
456
441
464
456
465
486
486
447
498
498
488
529
530
534
548
542
549
550
561
535
558
550
551
563
543
560
553
569
563
525
531
567
545
570
558
557
572
559
564
578
582
569
550
552
551
568
568
575
583
583
600
602
586
596
603
605
593
606
592
608
565
583
592
437
601
605
602
596
609
597
601
594
607
591
592
581
578
593
592
600
551
544
549
588
562
559
525
579
554
557
563
577
557
565
570
577
561
567
554
556
550
543
534
530
523
512
512
496
475
476
479
476
478
447
448
434
425
418
415
574
407
376
387
393
432
431
443
421
441
434
412
389
417
418
432
431
430
436
420
428
428
437
433
440
442
434
439
449
339
331
333
333
348
347
347
364
364
386
388
387
415
415
410
434
432
434
461
462
475
474
483
483
488
488
23240
23245
23272
23266
23272
23264
23275
23280
23269
23287
23265
23279
23299
23300
23311
23310
23313
23311
23310
23299
23320
23306
23297
23301
23312
23313
23322
23327
23326
23333
23303
23307
23343
23315
23332
23341
23341
23338
23352
23325
23347
23330
23345
23344
23334
23337
23365
23355
23373
629
637
612
626
614
644
632
624
645
625
636
608
608
651
667
678
670
657
643
676
666
654
646
657
643
631
650
649
648
647
646
643
623
644
692
627
625
681
702
700
703
683
685
702
693
697
686
666
681
661
663
669
658
657
619
642
636
630
619
632
631
629
644
570
600
589
582
566
590
582
583
596
590
598
587
613
606
566
603
610
619
587
598
627
566
588
578
583
571
584
573
583
569
565
558
554
556
542
576
563
586
556
565
567
559
570
569
580
578
566
585
587
594
580
595
595
560
531
571
577
540
545
589
546
558
566
552
562
517
533
532
519
553
546
547
561
561
540
547
557
556
540
549
534
556
564
536
559
557
559
553
556
554
567
582
582
570
580
572
570
580
549
562
557
552
541
540
553
554
571
571
573
586
586
539
558
543
528
536
523
539
538
546
547
530
540
518
518
508
542
501
486
530
524
536
528
566
558
567
567
579
580
585
546
554
545
556
564
554
562
558
540
553
540
547
547
554
536
544
556
543
554
552
556
534
540
555
525
549
535
541
533
540
529
537
542
515
512
502
515
514
530
523
537
521
530
498
515
499
497
502
505
478
492
499
494
507
492
501
498
505
503
495
505
506
491
511
496
499
508
504
513
506
523
508
520
513
519
502
523
517
516
523
527
527
522
526
527
513
527
516
517
529
531
518
530
522
530
517
531
523
536
531
544
533
540
548
546
540
547
541
552
548
561
552
568
555
568
552
563
557
560
540
553
548
560
557
550
562
547
562
544
548
559
546
564
553
561
559
563
559
560
549
562
559
556
538
560
561
550
534
543
558
550
543
551
547
548
550
551
542
549
541
548
544
549
546
545
549
549
539
546
546
537
548
539
548
546
527
488
525
544
504
538
508
538
522
509
531
523
505
529
514
517
514
518
504
516
468
466
451
446
433
423
418
412
401
506
509
473
399
488
491
444
468
454
469
457
462
469
470
471
478
467
478
472
483
471
476
460
444
470
471
488
480
481
478
471
463
447
449
445
436
430
426
373
354
355
356
355
354
355
351
352
354
348
350
349
346
345
348
350
343
337
324
315
307
305
292
290
275
271
259
253
242
235
228
215
210
205
198
190
190
187
483
488
4
5
35
26
50
78
77
93
143
143
144
144
159
178
179
197
198
218
219
234
235
248
260
257
261
262
261
260
295
303
308
309
308
307
310
296
308
338
338
350
318
350
380
379
379
408
421
407
432
432
434
461
462
459
461
461
459
462
455
497
506
489
490
499
462
443
488
468
449
481
481
505
485
479
472
492
492
494
507
509
482
506
505
522
521
538
536
537
562
556
545
543
534
551
540
548
540
549
549
546
565
494
529
493
493
487
483
477
468
457
459
447
466
469
471
476
453
454
444
447
435
435
427
424
425
417
413
415
405
406
396
395
365
368
356
358
344
335
334
332
323
315
316
308
300
493
492
528
495
495
193
173
181
181
203
218
216
236
236
256
257
278
277
276
277
310
308
328
347
328
362
362
385
383
404
402
425
427
425
453
450
453
450
490
489
507
504
525
524
957
957
953
958
953
956
955
952
956
1012
1013
1014
1029
990
1010
976
1016
985
992
986
978
980
980
977
969
982
989
980
989
980
989
991
983
974
985
983
975
959
972
976
955
951
949
948
965
963
961
969
539
967
511
535
486
482
526
525
542
541
541
542
558
552
547
567
550
566
571
567
571
579
537
582
543
569
557
558
572
564
558
554
566
545
543
549
552
544
552
548
534
528
521
554
522
545
540
530
520
494
501
510
475
483
535
533
518
510
525
513
522
525
525
512
521
510
489
500
476
497
514
491
512
483
494
486
494
500
499
490
499
499
501
497
507
497
503
490
500
493
493
467
433
461
428
479
464
470
471
484
486
486
511
511
521
509
519
528
520
526
520
535
529
547
537
535
527
512
515
517
565
571
559
582
543
548
562
578
527
546
547
565
580
581
577
583
590
594
599
598
601
593
605
619
589
618
586
605
584
601
610
619
623
610
629
621
641
606
590
583
628
624
615
591
607
606
631
629
635
649
620
611
593
590
594
621
627
558
628
575
626
614
626
600
594
593
586
626
614
556
541
544
546
548
596
604
611
0
604
593
599
574
585
593
563
586
569
576
573
577
578
596
589
590
582
575
574
568
598
557
579
572
575
572
567
549
569
575
558
561
561
580
580
591
586
580
590
510
504
504
493
493
516
516
535
536
536
565
552
571
558
555
547
555
556
550
534
552
555
543
542
551
531
543
558
560
552
550
562
534
550
552
548
556
550
557
550
552
546
549
526
538
557
543
563
546
559
549
538
556
546
561
548
569
551
550
550
559
544
536
557
542
555
550
554
548
566
547
560
548
567
558
548
569
554
543
552
541
536
540
551
541
541
553
556
543
542
546
541
523
552
545
536
530
544
541
538
541
536
528
528
541
533
530
536
534
527
516
528
539
529
529
528
541
545
532
541
535
551
535
535
544
530
546
535
546
541
548
555
552
538
538
548
546
536
527
536
529
533
549
539
545
539
550
554
531
543
536
547
539
539
534
535
540
535
544
533
539
544
534
529
542
537
526
515
533
524
532
516
515
526
531
514
527
512
522
512
512
523
524
522
525
521
523
516
533
523
510
516
516
511
501
509
516
516
501
495
494
480
499
502
500
506
500
509
506
510
503
498
509
509
502
499
500
494
500
490
504
493
505
496
504
492
504
493
576
564
575
574
555
562
580
568
587
576
570
596
595
603
607
601
612
602
623
609
622
621
632
641
621
636
629
635
627
625
626
592
593
594
576
632
583
612
607
621
615
622
625
610
615
604
620
617
542
623
551
534
551
542
538
556
540
528
537
522
523
526
530
519
514
526
527
525
516
525
514
528
517
519
505
519
515
509
510
509
506
519
487
491
489
488
521
522
544
544
554
545
549
546
558
532
539
539
534
548
548
551
566
560
552
561
554
556
537
548
556
549
550
550
546
543
534
542
538
533
543
539
525
533
542
534
527
539
523
526
506
510
520
527
524
533
512
513
504
512
504
510
510
488
501
511
503
494
495
518
491
499
488
496
495
490
493
496
499
498
501
495
502
492
510
484
504
488
498
502
495
494
477
484
495
504
511
500
506
489
501
512
505
509
502
498
512
494
508
513
518
522
512
526
513
527
505
519
519
531
521
538
528
545
545
533
547
540
543
545
526
546
539
542
535
549
516
542
544
539
545
552
541
539
548
534
543
525
537
533
549
543
537
542
541
550
528
534
526
533
530
523
519
528
519
531
520
527
499
525
516
519
508
518
506
516
502
508
495
506
498
498
498
501
507
513
518
510
513
507
510
495
505
490
496
500
510
503
498
511
503
512
502
520
517
498
504
509
513
510
513
503
521
512
518
508
520
521
526
499
513
518
524
533
521
536
538
550
539
555
541
552
543
547
548
531
555
536
548
537
556
549
569
561
553
573
568
558
574
561
568
562
562
555
568
586
572
593
575
590
581
590
575
591
580
598
580
599
581
600
590
597
587
592
591
588
579
577
587
578
560
582
570
570
592
578
586
576
574
586
580
588
591
588
590
593
590
588
603
598
607
595
601
586
583
600
586
602
570
590
585
601
599
586
593
582
598
579
585
567
593
547
523
573
559
530
538
575
524
577
571
574
587
591
575
569
582
577
593
576
589
575
564
576
573
571
569
559
545
552
537
553
562
571
570
549
560
566
557
561
574
604
599
608
615
607
617
617
615
640
609
626
625
637
614
614
613
636
637
636
650
647
629
619
628
638
594
619
603
624
624
618
615
617
623
626
586
606
612
617
609
598
649
640
644
623
636
626
618
622
606
527
566
541
554
582
530
541
534
519
511
501
513
511
494
500
492
485
505
487
489
500
498
512
482
493
496
473
486
485
495
500
507
494
492
504
499
508
505
515
504
502
460
453
454
457
452
465
465
468
474
463
454
474
483
481
493
479
486
503
504
510
509
496
488
516
507
516
515
513
513
507
508
514
508
509
510
522
523
507
513
521
511
508
500
514
512
504
494
514
503
510
505
513
514
519
512
517
506
522
511
516
524
530
516
523
518
531
522
531
522
532
521
532
508
520
520
539
533
543
531
533
540
537
527
535
524
522
530
523
522
539
533
549
542
534
525
527
528
528
516
535
541
525
535
522
535
524
537
524
525
536
531
524
538
525
531
525
524
520
537
532
529
537
529
534
531
535
532
534
530
526
532
541
529
545
534
548
540
550
543
551
541
549
542
555
554
559
551
557
548
562
555
567
557
573
555
564
556
568
555
558
570
564
556
570
552
566
554
561
569
551
558
535
549
555
553
540
552
538
528
544
520
530
517
535
531
514
513
505
502
503
495
497
495
488
482
480
473
459
472
457
445
452
440
443
435
432
420
428
414
413
418
390
380
398
366
405
374
388
384
372
391
376
387
386
379
379
387
383
390
379
377
382
394
402
392
402
407
403
413
416
408
414
411
422
419
429
427
433
432
429
448
446
459
450
466
461
472
464
464
476
478
488
482
502
491
509
512
519
514
511
526
515
525
523
517
522
529
537
525
519
514
534
528
536
528
539
528
536
536
549
540
535
550
587
587
588
578
587
585
587
579
589
579
594
581
601
596
594
607
593
600
590
606
591
604
578
586
594
592
586
593
590
590
586
584
593
585
592
585
591
584
586
588
595
591
599
594
599
592
592
590
599
596
566
564
553
559
566
560
568
561
567
569
562
555
556
546
557
543
551
544
548
540
552
541
558
557
553
550
540
550
554
556
543
550
531
532
507
521
495
507
514
514
502
496
482
586
581
580
547
576
592
582
555
548
545
534
528
521
523
569
591
516
561
556
563
625
601
593
604
596
592
579
572
564
556
551
540
531
522
514
510
509
512
501
502
505
501
489
487
472
473
473
366
367
368
356
353
314
316
319
263
185
605
181
181
615
254
258
314
313
334
322
336
334
323
308
336
306
361
362
252
239
238
255
254
263
278
278
297
295
315
315
334
334
352
351
370
370
393
390
393
411
410
410
410
448
444
444
483
482
506
514
515
546
546
570
569
589
585
593
607
588
586
580
588
589
580
586
587
603
606
607
595
609
600
613
600
603
608
615
603
624
622
616
594
605
612
625
588
624
614
602
625
604
615
619
602
617
577
577
611
587
597
546
538
570
585
561
522
583
563
555
562
549
561
567
573
571
586
574
542
585
567
550
573
584
575
568
576
566
583
580
567
574
562
579
580
597
600
555
565
555
567
567
584
573
579
591
1333
1302
1301
1312
1326
1317
1323
1323
1320
1329
1325
1334
1324
1358
1354
1355
1366
1373
1344
1283
1342
1350
1317
1336
1311
1288
1334
1342
1350
1335
1345
1335
1342
1342
1319
1296
1314
1318
1336
1298
1319
1327
1330
1331
1318
1327
1313
1322
1340
595
603
597
552
577
540
603
590
568
585
575
592
583
586
573
552
560
554
574
561
546
552
548
590
591
601
610
572
585
579
565
576
568
579
564
586
584
588
586
603
595
583
570
596
584
575
583
575
585
566
583
559
550
573
592
573
587
585
599
589
594
588
599
587
587
591
590
616
596
585
608
606
606
614
605
624
614
616
622
614
625
597
606
613
621
604
614
605
594
585
608
597
609
606
609
602
603
588
599
590
591
562
595
592
554
541
532
580
572
581
574
561
581
575
569
585
574
560
567
554
557
568
571
562
580
553
557
566
558
553
536
538
539
561
547
559
547
560
542
543
541
553
535
548
535
541
509
541
525
540
523
522
541
529
516
530
529
541
534
530
537
531
521
500
471
528
519
465
484
515
495
492
502
501
503
496
498
486
494
502
492
468
464
474
494
450
501
488
494
489
497
495
497
513
503
512
513
505
506
513
506
521
523
513
526
513
514
526
522
516
524
515
500
527
493
490
507
507
523
523
539
538
550
532
539
517
489
529
520
529
474
491
534
523
536
535
545
538
548
531
537
554
529
538
525
546
536
549
532
550
533
533
544
530
545
528
544
534
542
539
531
543
537
543
547
543
511
528
531
540
548
548
482
507
523
535
501
502
463
524
507
524
519
500
522
532
524
713
521
712
721
716
703
714
684
714
714
698
720
699
707
712
710
709
705
693
709
708
697
703
692
703
691
704
692
698
696
676
681
680
684
695
695
687
686
703
702
695
712
700
699
700
699
705
704
711
714
528
531
529
518
530
527
526
524
542
524
533
512
524
511
519
522
513
531
516
516
501
502
465
456
479
498
510
488
457
438
421
419
422
407
400
397
392
384
381
447
482
366
358
358
348
337
333
329
319
315
373
305
303
291
289
282
271
266
266
257
248
242
234
228
207
197
182
470
316
454
376
418
