89
117
87
131
156
155
154
85
156
398
422
423
399
453
456
480
480
481
516
535
536
517
559
559
560
586
586
605
606
631
633
653
653
674
675
695
694
715
714
734
734
751
750
768
768
786
787
804
804
822
801
816
817
809
794
787
785
780
576
579
570
574
556
558
541
549
545
561
550
551
537
552
547
532
545
540
539
544
542
527
529
525
528
522
529
521
531
525
530
520
529
521
531
520
533
521
524
534
521
518
531
529
522
512
524
512
533
522
529
523
535
523
537
525
525
536
511
523
526
515
526
514
525
522
521
515
502
520
513
524
511
516
501
510
518
510
511
507
513
508
500
493
496
520
504
514
501
512
503
508
507
511
509
493
503
518
518
520
503
507
490
510
498
500
495
498
508
502
492
497
491
495
489
477
496
489
490
501
489
504
493
506
493
489
480
502
500
488
505
499
514
506
519
485
496
484
494
494
487
508
493
500
505
502
497
487
507
505
494
508
498
501
506
499
492
504
501
496
496
500
497
493
490
497
502
477
490
495
486
480
473
484
492
475
469
494
481
477
487
483
470
474
480
467
477
479
455
464
457
466
460
473
459
455
466
436
439
429
451
457
445
461
453
450
446
436
450
439
447
441
451
439
449
447
445
448
435
447
440
444
440
441
444
440
445
431
446
432
438
417
431
424
438
432
441
433
430
427
437
439
428
437
428
440
417
429
429
443
445
446
435
445
442
452
446
447
453
452
456
460
456
459
468
466
466
476
475
473
464
477
474
468
483
478
487
477
488
478
469
469
486
487
470
482
487
472
487
481
485
479
485
481
480
481
473
475
474
469
479
470
9503
9500
9542
9538
9575
9579
9587
9568
9577
9603
9593
9602
9609
9613
9611
9623
9618
9631
9626
9636
9628
9639
9622
9617
9627
9635
9638
9635
9649
9647
9663
9650
9652
9657
9669
9662
9664
9662
9677
9667
9683
9679
9690
9685
9693
9693
9702
9690
9708
9704
675
682
649
581
594
607
637
595
586
600
583
599
584
579
597
562
566
580
590
579
571
574
572
582
579
582
575
584
571
588
570
587
572
589
570
566
585
546
570
572
559
554
565
546
567
552
565
543
556
548
551
549
551
550
555
540
551
533
528
540
536
524
530
525
530
514
504
528
516
517
524
510
521
508
526
510
524
509
518
508
518
505
513
511
519
503
504
498
517
512
521
518
520
514
525
515
518
511
512
521
510
500
518
511
511
521
516
526
519
528
519
524
523
519
532
506
529
519
525
524
532
526
517
530
528
515
516
527
525
512
514
525
528
514
522
509
522
516
518
507
521
515
522
514
519
514
515
502
499
516
520
503
509
509
521
504
509
516
512
526
520
514
523
515
526
518
535
520
534
520
533
522
535
527
536
533
539
529
542
540
546
537
550
539
552
544
552
546
557
549
550
557
558
546
557
552
557
538
556
555
571
559
566
566
574
577
571
558
549
557
571
574
559
558
570
573
559
576
560
577
560
575
563
562
574
560
573
574
563
561
574
578
565
582
570
587
574
587
574
585
569
576
586
587
579
592
581
569
588
582
589
583
601
589
602
599
608
600
618
604
625
608
611
605
619
608
619
607
614
609
601
610
607
588
609
604
604
596
608
593
581
577
563
588
585
578
564
578
572
581
553
566
579
571
590
566
576
559
596
588
594
576
589
581
621
613
616
600
619
622
630
636
624
620
631
618
632
628
628
637
635
642
630
646
647
640
666
674
676
633
712
703
686
693
685
706
694
704
697
701
697
696
705
683
693
662
682
683
700
692
702
688
696
657
660
653
655
613
619
637
638
631
648
636
638
630
623
634
606
628
641
628
632
638
632
640
623
624
606
594
573
585
597
586
579
589
589
582
583
592
584
576
582
583
584
576
577
565
576
558
573
564
575
568
571
580
583
575
574
584
582
560
575
580
574
578
585
600
581
593
582
588
590
581
574
579
569
581
578
577
592
583
579
582
577
584
579
582
589
580
592
579
594
585
596
555
592
586
565
573
589
594
580
566
590
590
579
567
584
577
563
545
563
579
554
581
578
573
571
563
576
580
570
579
573
567
583
578
555
568
576
566
570
577
572
588
572
585
584
581
584
576
571
584
585
569
581
583
585
572
578
569
576
578
577
573
574
568
566
565
586
577
573
586
591
577
584
568
577
590
579
583
589
581
567
591
590
575
589
574
585
583
543
576
563
582
551
569
578
570
559
570
572
560
571
568
574
564
563
589
569
577
577
584
571
584
572
563
579
570
580
536
562
543
571
563
578
565
570
570
578
563
588
568
588
577
582
572
563
588
578
579
573
580
572
588
585
567
581
557
576
520
568
541
519
534
564
578
571
557
551
563
554
560
557
560
516
536
457
529
468
542
452
541
477
467
506
476
543
524
528
513
519
510
519
511
522
520
526
528
528
528
542
533
546
544
546
537
564
553
571
557
517
532
541
541
552
525
560
561
499
506
511
455
547
549
458
462
524
523
533
533
553
553
578
577
593
594
609
611
613
601
615
601
609
612
610
602
605
595
604
595
600
591
599
589
594
583
587
577
585
576
595
584
575
583
574
572
589
589
609
610
626
625
646
645
661
653
592
569
513
589
548
505
557
523
481
530
489
536
581
568
564
566
558
563
555
532
521
509
504
554
501
539
483
480
485
423
465
458
487
437
420
444
499
439
473
500
414
453
479
461
435
469
429
365
337
341
343
348
351
354
350
354
350
346
348
448
369
335
340
344
462
477
335
338
363
366
488
488
436
453
468
467
468
488
488
496
499
478
469
487
390
334
334
350
343
354
356
356
358
362
365
371
377
381
384
387
390
394
399
401
405
406
410
413
416
421
424
427
431
434
439
443
396
389
374
377
365
355
359
356
356
331
318
306
302
290
284
275
263
260
255
357
358
358
357
5
6
8
8
4
4
3
14
16
5
13
17
3
3
7
13
17
5
13
18
6
29
20
18
17
23
3
8
3
12
5
7
11
6
26
8
23
7
18
3
5
7
8
4
3
21
14
17
68
130
129
160
151
163
162
178
178
187
193
207
206
227
227
247
247
265
265
279
279
288
288
304
304
320
319
342
342
359
360
359
360
360
390
415
414
428
428
441
441
456
455
465
465
474
462
474
463
453
469
446
471
426
470
412
473
433
474
416
450
461
458
441
444
414
424
382
346
331
364
354
414
308
370
388
323
431
400
344
358
340
333
347
354
349
339
328
320
342
344
339
333
320
331
340
308
338
322
297
310
296
310
311
325
324
340
338
350
343
340
353
351
356
324
309
296
300
301
312
311
325
327
328
348
350
359
361
375
375
385
378
403
409
401
412
410
404
412
426
425
435
429
441
442
463
460
465
471
476
472
474
485
482
477
492
483
479
493
488
496
506
509
506
522
511
519
525
520
522
531
533
531
545
532
546
541
540
548
548
552
546
540
538
527
531
523
519
532
523
494
517
502
512
497
509
494
504
496
491
505
508
489
507
499
502
489
496
501
499
492
481
493
484
473
484
489
478
480
474
475
488
485
474
481
470
472
480
472
466
461
474
454
458
466
454
464
473
460
454
468
449
465
459
464
458
454
447
440
452
446
453
451
448
460
456
445
461
453
455
459
465
461
461
454
462
466
462
471
439
447
463
453
449
462
463
457
460
467
13094
13087
13106
13096
13083
13104
13077
13103
13105
13095
13192
13203
13207
13202
13216
13204
13224
13210
13240
13241
13275
13273
13270
13279
13267
13260
13267
13279
13310
13300
13315
13301
13304
13324
13325
13338
13327
13320
13337
13335
13310
13316
13304
13302
13318
13284
13297
13315
13431
665
787
727
693
798
718
719
739
746
670
678
697
745
740
666
630
650
694
710
689
695
678
682
687
684
685
697
686
668
639
677
668
671
656
680
687
666
665
632
625
608
629
563
574
574
572
603
588
601
570
560
607
619
605
623
620
625
621
619
623
600
571
573
576
578
579
579
559
549
542
537
536
517
504
488
488
486
475
465
458
451
440
425
420
412
407
395
390
377
371
361
352
340
337
327
312
301
280
282
282
276
271
261
265
264
248
243
238
229
593
131
140
139
158
160
181
181
202
218
230
243
242
242
243
279
278
299
310
309
328
329
345
344
362
362
361
358
360
359
358
356
362
372
352
361
364
441
440
462
455
461
459
460
455
457
454
460
458
463
541
539
528
516
523
535
519
535
523
525
497
480
516
494
517
509
516
507
510
513
508
507
504
514
476
489
496
495
469
490
489
513
512
529
529
527
530
555
544
541
538
484
524
483
492
526
525
543
542
553
553
559
569
559
569
493
492
517
460
562
533
520
466
509
540
557
453
481
522
478
533
488
469
458
502
517
528
495
529
516
514
522
513
523
515
508
532
525
542
529
537
532
536
535
546
530
531
538
539
530
548
526
537
529
518
488
487
486
507
517
511
534
535
536
538
548
552
539
551
576
544
542
560
559
567
568
590
588
596
599
601
606
590
586
586
594
570
563
589
573
581
573
581
576
562
589
576
593
583
592
583
592
572
581
586
589
588
582
586
573
579
572
586
572
555
552
572
573
591
585
594
573
562
587
583
585
570
571
543
536
525
518
501
504
502
486
488
484
485
471
460
456
448
437
427
423
415
411
404
405
394
387
387
374
375
360
355
346
343
332
322
318
315
306
307
294
291
282
281
264
267
271
267
260
528
556
566
4
3
9
17
18
22
36
50
69
135
157
151
166
156
157
184
184
199
205
206
215
231
230
247
247
262
260
258
283
282
294
295
311
310
327
329
328
329
370
370
364
394
393
410
410
427
439
438
443
457
457
476
476
498
491
515
514
529
523
538
537
525
540
537
565
557
572
563
570
561
565
571
577
571
568
581
575
546
579
559
566
589
593
584
591
566
580
588
583
603
614
602
609
604
615
606
608
613
620
613
624
612
622
612
597
520
557
603
489
572
583
585
569
537
504
514
577
580
582
588
595
579
574
600
591
586
571
601
572
569
586
586
597
589
578
594
588
574
593
580
565
567
572
560
565
578
564
577
577
569
578
568
574
545
487
489
554
556
527
526
542
546
544
544
549
577
578
585
560
556
570
568
559
583
566
553
544
564
550
558
550
567
553
479
534
515
495
566
535
556
494
504
525
553
539
551
541
561
543
557
544
546
562
546
561
569
545
571
556
534
543
540
530
492
454
541
566
505
498
470
461
529
537
484
520
539
555
522
565
551
567
552
562
539
500
512
511
529
528
548
529
500
521
484
547
477
507
545
547
542
533
547
537
547
552
538
526
535
540
537
512
508
545
511
510
509
512
512
576
575
591
594
594
630
629
572
600
557
539
554
561
548
567
553
579
564
571
556
576
565
535
518
518
543
542
548
550
546
551
558
574
573
602
602
597
613
600
573
587
608
590
601
592
572
589
589
610
610
600
608
595
597
514
516
516
560
481
540
553
542
575
499
559
549
546
545
536
554
534
537
532
536
523
533
519
530
529
515
533
536
529
531
515
516
528
513
481
499
491
492
505
498
521
505
515
522
493
523
521
495
492
509
478
472
471
486
485
486
511
512
524
524
528
538
526
510
525
515
543
544
541
550
542
550
539
553
540
549
552
541
546
546
550
537
522
515
533
533
548
550
555
555
566
552
569
547
562
557
568
560
552
540
555
558
566
558
555
552
557
563
550
562
578
574
565
554
563
573
531
568
584
569
584
569
560
582
568
577
564
574
567
586
569
580
571
586
569
590
574
575
569
568
572
570
564
567
571
538
561
573
537
576
576
586
572
580
575
580
559
558
590
580
569
568
575
571
581
560
562
544
550
550
558
565
541
561
550
558
562
539
548
551
545
553
550
537
549
558
557
553
540
556
557
549
548
559
545
547
559
561
552
557
544
558
556
565
552
560
569
558
558
570
558
575
565
575
564
579
568
580
573
584
569
580
570
579
572
578
574
583
575
596
591
594
584
587
583
568
588
576
585
579
590
577
589
581
571
590
590
598
608
592
609
609
585
585
569
601
718
707
707
721
714
702
708
690
683
691
682
687
683
685
683
684
691
690
684
690
680
677
683
684
675
683
675
683
680
673
687
678
685
677
686
678
689
681
687
684
681
683
678
669
670
649
649
529
548
546
558
556
560
555
566
563
575
583
568
582
576
580
573
582
574
578
575
554
571
567
548
565
575
557
569
556
569
556
572
562
566
564
555
563
559
552
549
538
540
542
546
556
557
559
552
559
558
551
554
551
545
551
536
545
545
533
545
534
544
523
531
514
534
527
537
523
535
527
536
525
534
535
532
519
529
507
522
523
515
515
530
517
523
524
519
533
525
529
538
513
538
530
513
524
512
508
519
512
508
507
499
511
518
514
518
506
497
515
502
511
499
505
503
504
496
506
506
494
496
514
505
495
498
511
512
504
517
506
518
507
515
505
513
505
514
508
519
514
525
516
528
518
529
523
543
538
550
542
552
545
548
547
559
554
562
556
580
572
587
580
587
594
599
592
603
596
613
605
616
598
612
611
612
600
611
599
612
603
600
611
609
606
614
606
611
603
610
596
608
600
598
606
584
601
589
580
586
577
583
574
579
572
586
579
586
577
560
558
572
557
563
549
488
469
563
512
551
458
457
507
525
533
473
495
547
540
539
546
548
537
552
550
551
544
548
546
553
555
535
555
550
546
546
561
556
554
560
558
566
563
568
566
566
559
567
560
558
551
563
567
526
558
557
556
539
519
537
541
538
560
557
558
586
592
585
589
567
580
589
585
570
571
585
527
484
537
512
487
569
557
562
497
455
516
475
554
539
550
534
532
544
536
520
529
518
534
518
534
519
520
527
514
532
530
518
522
534
515
523
517
514
519
505
512
520
516
508
521
511
467
510
407
516
397
435
471
494
477
482
484
485
465
487
506
481
471
502
487
488
499
502
483
494
473
507
452
462
431
445
517
512
506
493
483
472
466
459
453
451
440
431
426
413
408
402
397
392
385
362
320
321
321
322
322
322
323
316
314
286
287
287
288
289
291
275
244
242
241
242
243
223
149
150
151
152
154
155
157
159
7
14
12
4
6
11
10
12
17
10
14
10
5
12
10
11
3
5
4
3
3
12
4
14
16
23
18
21
15
3
16
20
31
62
46
45
56
37
45
45
45
44
44
61
55
87
106
106
133
140
141
150
152
162
163
175
175
183
184
192
193
192
210
211
198
216
212
212
219
220
212
209
211
204
204
205
213
204
208
205
205
205
204
270
267
272
273
274
289
290
304
302
314
315
323
324
324
339
332
340
347
337
345
338
772
767
790
783
817
810
834
846
836
842
852
833
856
864
854
841
856
870
871
886
890
875
877
875
871
870
863
861
857
859
885
885
883
887
890
855
884
880
881
884
949
939
933
933
949
977
974
532
982
969
600
555
587
580
547
538
560
574
565
576
572
571
585
520
512
503
440
369
368
369
370
374
378
382
381
371
366
335
325
312
319
518
283
324
285
274
571
588
275
277
416
429
428
451
441
463
465
858
508
509
530
530
547
544
562
562
568
520
528
532
524
520
416
356
356
367
366
387
387
401
399
417
417
436
435
451
451
471
470
489
488
488
516
516
531
530
547
546
548
567
567
555
572
540
556
534
542
521
516
508
500
509
490
486
502
500
491
506
497
503
504
498
504
499
509
500
504
494
509
499
499
508
508
502
509
501
516
501
511
494
495
503
504
480
452
489
418
500
469
467
460
447
437
420
498
488
500
492
498
492
503
500
504
515
437
449
477
418
411
431
500
466
508
487
468
493
486
484
500
487
483
464
450
476
480
473
468
479
480
468
481
481
464
462
436
449
442
450
442
466
465
482
480
493
486
495
484
498
492
504
495
498
490
501
485
475
455
445
452
477
479
474
476
508
499
507
526
511
529
517
528
511
523
533
527
538
528
538
530
532
536
526
538
530
537
528
519
522
537
538
527
544
534
539
550
521
549
537
527
533
512
524
536
515
529
493
517
445
461
519
465
440
483
467
526
523
523
527
512
525
512
513
521
497
510
516
514
500
491
506
505
511
499
506
499
504
499
511
501
509
498
504
495
498
500
492
488
498
483
492
502
501
514
507
494
434
424
455
488
419
465
464
483
482
498
496
514
502
513
499
497
506
509
502
502
497
503
517
506
516
506
510
516
502
513
495
504
509
514
504
504
514
528
532
513
543
529
519
533
512
540
523
542
529
528
521
510
504
507
510
503
509
492
487
492
483
477
459
464
469
476
467
462
462
456
452
458
451
440
441
429
441
431
423
423
428
417
419
401
407
414
392
381
368
374
371
354
346
341
330
334
329
337
337
335
330
339
330
334
328
332
337
334
335
325
321
329
337
338
340
329
332
325
333
332
325
333
332
327
337
327
328
308
322
327
315
327
332
331
333
332
342
333
343
331
341
333
339
335
333
336
333
337
334
339
340
341
338
342
339
331
336
336
342
343
480
487
491
489
499
499
505
509
514
519
529
528
535
542
534
558
564
543
573
577
570
591
585
602
592
608
601
618
612
621
626
634
625
640
632
648
648
659
658
667
661
677
679
693
688
704
698
717
701
722
579
594
583
582
579
564
588
598
588
598
597
595
597
589
598
596
595
578
597
583
590
578
594
577
580
592
593
578
584
588
578
591
592
586
583
589
594
580
567
572
574
578
566
577
569
580
573
571
579
580
577
573
564
573
576
582
557
570
560
570
561
558
568
564
575
575
564
572
563
569
564
549
569
554
553
566
543
568
554
554
539
556
541
548
543
549
541
529
538
548
547
565
558
568
553
568
555
569
558
561
558
544
564
562
568
551
567
550
555
548
537
548
556
556
547
554
543
551
545
556
544
556
553
563
557
573
550
556
568
564
576
570
573
580
582
576
586
576
590
570
593
572
579
570
563
557
576
531
537
506
472
545
524
509
481
459
505
533
522
523
538
525
510
518
551
540
550
556
553
544
556
545
552
536
538
553
538
518
547
504
496
527
535
532
531
507
519
524
529
513
522
520
527
516
507
463
459
492
493
510
511
525
536
535
552
552
570
574
572
571
573
570
554
562
569
557
576
570
571
578
566
562
559
576
568
553
580
597
580
577
574
596
591
596
596
608
597
597
611
572
561
528
506
501
605
489
489
535
590
551
591
520
567
556
565
571
566
562
575
566
544
540
524
509
511
494
480
478
479
466
455
455
444
431
431
413
407
398
393
387
374
370
362
353
349
338
336
295
234
236
237
240
241
244
246
248
252
255
258
261
263
265
259
248
240
235
227
556
4
4
21
24
17
8
5
8
16
15
33
40
65
74
83
99
105
113
147
147
167
167
185
185
186
189
186
188
189
187
191
185
187
185
187
187
185
187
258
289
282
301
302
310
310
335
336
368
367
384
384
386
386
412
414
410
425
426
437
447
446
469
479
479
501
501
521
533
526
515
533
522
504
458
457
462
486
486
506
508
506
532
530
543
543
543
574
573
592
587
594
588
602
588
586
603
581
576
584
575
566
568
567
584
595
593
588
597
587
597
582
598
586
604
585
584
594
587
566
584
587
579
583
571
582
569
581
574
584
586
553
546
585
537
568
576
587
596
588
605
591
608
599
612
597
597
607
583
596
604
576
593
592
589
602
599
585
601
584
567
590
576
575
591
577
571
561
578
565
578
566
573
566
573
567
579
568
562
568
570
559
573
572
571
553
572
557
556
547
540
549
541
534
540
537
536
538
516
538
526
526
526
538
543
537
546
533
546
541
533
554
551
545
549
556
563
561
564
554
554
563
540
554
547
558
545
563
547
555
547
548
555
560
547
561
547
561
548
565
550
560
554
568
555
573
556
574
556
574
558
557
566
574
556
569
556
568
556
553
570
552
567
561
553
552
563
559
551
556
568
572
570
569
563
561
569
573
572
568
580
576
568
551
564
571
567
553
554
565
570
537
496
461
479
518
510
449
550
486
471
558
443
530
524
536
538
519
521
530
526
529
533
530
519
526
530
531
524
529
527
522
530
528
525
529
509
515
517
518
523
514
516
522
520
518
525
524
518
521
487
475
453
457
456
476
475
493
494
509
506
509
530
529
540
538
541
539
547
534
547
534
535
544
529
532
545
538
525
532
536
523
540
524
536
523
526
519
535
525
524
535
541
524
539
526
537
523
540
524
543
526
541
532
529
550
543
531
533
548
541
546
546
534
536
547
546
539
545
538
539
545
543
541
546
528
547
540
552
545
551
545
23088
23091
23097
23105
23143
23116
23102
23093
23086
23068
23101
23062
23153
23133
23123
23099
23107
23080
23200
23216
23205
23297
23286
23301
23296
23291
23278
23293
23291
23309
23303
23296
23286
23298
23283
23308
23292
23294
23287
23295
23289
23289
23304
23301
23289
23315
23302
23308
23302
23308
760
748
774
765
674
671
575
549
571
569
586
577
578
482
576
562
560
585
460
449
586
561
578
558
462
519
488
464
453
407
446
474
408
407
461
501
428
473
422
523
516
525
515
527
504
515
505
518
511
503
513
502
499
509
506
499
515
507
513
500
488
430
447
447
439
385
397
390
412
411
430
429
449
462
461
483
483
502
501
523
522
541
541
557
558
578
578
599
597
611
609
612
610
608
595
611
598
613
610
613
606
619
605
612
605
625
602
601
613
614
602
614
601
620
605
614
606
608
593
590
598
606
610
596
597
612
612
601
619
606
622
606
624
611
630
611
622
611
621
619
606
617
609
622
627
611
608
623
613
606
623
605
612
604
609
594
599
592
586
602
595
580
589
575
577
570
566
584
581
596
572
587
564
574
558
572
551
563
545
546
535
534
547
541
533
530
543
528
513
538
534
522
516
522
505
504
515
507
516
500
505
511
510
508
497
500
513
506
514
505
519
517
526
518
516
530
536
529
535
546
552
540
545
550
531
538
550
518
551
543
542
560
551
550
547
540
537
551
544
557
555
562
563
568
585
570
591
580
578
568
585
595
609
565
604
595
597
571
619
603
601
557
544
591
536
572
516
614
579
520
581
596
592
576
590
590
593
594
607
594
607
614
591
601
569
605
607
600
593
584
576
566
555
547
532
526
513
505
487
463
454
455
445
431
410
410
408
405
395
386
363
337
311
307
309
311
312
314
315
317
313
293
279
270
262
249
240
229
223
218
209
208
185
158
160
162
2
9
12
10
29
29
7
16
13
31
126
151
177
179
195
202
200
215
224
225
212
214
257
267
257
265
266
296
292
294
322
335
334
354
353
365
365
383
385
406
406
421
422
437
436
457
455
468
467
483
482
479
481
512
504
520
518
522
541
545
543
567
560
565
556
561
552
568
567
586
578
576
567
583
568
587
584
577
574
574
582
568
564
571
574
565
581
568
570
571
567
562
573
576
558
571
572
560
569
559
568
568
570
575
568
557
573
576
567
565
566
576
558
547
573
570
571
556
567
482
549
540
506
466
527
518
470
493
450
508
506
514
512
513
511
505
493
516
501
515
508
502
511
499
502
494
497
474
499
490
503
491
507
498
490
495
487
488
497
501
492
497
478
486
487
491
504
479
466
497
470
471
472
490
490
511
511
534
531
550
541
558
522
471
493
540
453
496
547
514
530
480
459
448
506
536
538
535
556
526
534
523
540
526
512
519
534
528
528
533
547
535
549
538
548
532
527
552
553
547
541
548
534
547
537
531
538
514
533
520
502
541
462
457
472
475
490
489
494
492
500
495
527
541
540
562
550
535
519
547
562
529
550
537
517
511
490
463
438
469
456
436
477
413
406
507
525
502
425
490
485
497
493
542
542
561
561
547
553
530
548
538
549
541
536
544
550
558
567
540
539
544
534
559
544
556
541
552
552
543
543
559
504
457
458
472
471
492
492
494
498
516
517
861
861
880
879
897
896
912
904
910
836
897
847
894
835
854
844
859
839
853
806
842
835
815
814
845
826
819
824
810
808
833
836
827
806
820
821
812
825
815
815
827
826
814
823
815
830
828
843
822
502
497
501
496
497
492
492
497
506
491
499
506
486
499
513
489
490
479
499
491
502
485
494
500
494
503
491
501
499
493
502
490
503
490
474
471
485
496
490
478
490
482
488
481
467
480
468
456
463
468
455
458
470
477
473
461
470
487
483
482
480
484
469
485
466
471
449
455
475
484
461
464
473
480
474
479
476
476
482
470
483
472
478
488
495
486
499
498
494
482
471
488
493
487
501
488
498
496
507
497
509
486
493
495
466
464
502
486
462
478
488
479
488
480
491
485
485
481
480
498
498
472
449
487
453
470
464
477
467
480
477
455
463
467
459
468
413
455
420
407
432
443
442
452
445
453
456
446
458
452
459
461
468
462
460
462
458
462
461
468
469
460
449
441
462
458
444
382
410
430
380
450
458
366
407
380
424
380
377
459
448
451
459
455
451
473
446
430
448
448
465
465
481
480
494
482
492
494
494
489
476
483
477
473
485
476
486
477
486
484
488
486
502
495
496
469
434
426
445
440
458
457
471
471
492
492
513
512
534
529
528
527
539
532
538
529
540
529
541
536
534
544
548
539
548
542
548
539
554
549
566
560
562
558
571
576
566
562
572
575
569
569
583
586
571
587
572
587
570
589
574
592
578
591
579
596
577
591
579
600
584
604
590
608
602
605
600
598
558
586
583
598
565
600
582
582
581
557
573
574
562
546
574
558
551
563
533
548
538
523
558
563
570
549
464
551
498
563
490
525
533
510
482
467
548
564
549
537
536
520
508
502
492
483
478
466
461
460
456
443
432
428
431
430
412
394
396
397
398
383
367
367
364
364
349
348
309
307
302
300
289
282
263
229
222
175
176
177
179
181
182
184
186
179
173
558
564
5
11
13
8
3
12
9
5
7
5
4
5
4
29
28
32
7
8
92
84
1828
1829
1858
1859
1884
1884
1906
1905
1928
1929
1939
1938
1946
1945
1946
1939
1946
1940
1939
1945
2018
2034
2034
2050
2051
2074
2075
2093
2094
2111
2112
2131
2131
2148
2148
2168
2169
2187
2187
2203
2204
2221
2221
2239
2236
2251
2262
2263
2275
538
540
533
528
511
519
513
516
507
510
491
508
503
506
527
502
532
522
506
524
525
540
536
538
543
534
472
457
519
477
503
507
521
464
549
445
489
501
525
515
492
509
497
481
532
523
522
511
529
538
527
542
542
548
538
532
525
552
550
554
545
550
542
543
564
570
549
556
566
559
571
539
558
555
475
552
568
522
503
497
497
509
497
510
547
546
582
571
586
596
597
596
578
622
636
625
624
651
625
653
635
667
656
666
663
672
666
677
661
665
664
648
678
681
667
679
650
671
678
690
671
673
671
657
672
678
680
672
675
671
672
694
686
651
664
655
643
621
606
621
585
632
610
603
613
600
607
587
574
573
575
569
581
555
565
567
558
567
550
538
560
553
552
564
557
564
561
557
574
551
540
555
545
558
551
549
560
543
548
554
565
553
562
561
569
567
562
552
546
567
565
564
576
564
578
575
567
582
579
578
567
583
563
570
587
574
586
572
587
575
596
578
576
593
575
581
591
573
573
564
568
574
573
569
576
571
582
574
580
580
595
579
513
465
571
560
495
476
543
549
586
525
487
513
559
547
557
548
547
557
545
554
555
555
537
553
558
568
549
537
550
543
549
544
535
556
523
552
540
543
541
539
546
531
536
553
533
541
534
526
506
461
460
459
467
467
482
483
501
500
521
521
541
540
556
544
557
545
555
553
546
551
542
543
555
550
545
558
550
549
568
556
566
576
569
567
567
582
577
593
591
590
591
584
583
573
581
594
567
581
596
584
599
588
603
594
604
593
580
603
595
588
583
595
595
569
599
596
602
595
593
600
602
603
597
589
569
542
491
474
483
576
504
561
526
580
545
537
519
515
525
526
526
519
526
507
523
518
524
514
522
507
518
505
514
501
514
506
503
519
524
517
526
490
492
479
517
488
467
512
508
519
509
515
522
495
497
473
474
461
458
462
467
470
474
474
466
471
468
470
452
451
445
438
523
419
401
340
403
437
379
409
424
515
387
359
371
353
482
497
443
418
474
463
463
462
421
454
462
427
520
516
338
292
255
499
329
326
309
315
313
327
366
366
366
362
389
415
345
389
341
344
370
411
341
342
330
343
346
411
383
343
379
380
397
401
367
399
372
369
371
390
385
371
388
368
386
391
384
389
399
394
397
395
422
400
415
421
422
440
439
454
453
454
483
483
463
457
415
402
414
418
415
417
442
441
455
456
476
476
493
494
511
511
506
500
512
504
502
508
516
492
494
488
482
497
497
510
517
510
520
518
507
517
512
517
501
515
512
522
526
515
517
525
507
514
521
522
519
521
519
519
516
530
516
526
516
518
515
516
508
514
511
509
511
505
509
502
510
512
497
514
515
509
513
506
507
513
512
517
507
520
509
511
511
505
498
504
515
518
501
509
517
518
519
503
519
513
523
514
520
514
498
523
512
501
497
426
472
447
507
465
481
489
514
454
429
437
514
511
513
519
519
507
514
520
495
505
518
519
505
505
505
520
504
503
510
480
495
470
507
493
496
497
489
500
496
502
502
496
496
503
504
502
502
479
439
432
430
452
456
457
474
474
487
490
489
511
504
517
498
510
500
506
500
505
497
518
502
509
494
507
507
512
505
511
506
503
487
505
505
509
520
499
514
492
499
509
501
507
511
502
505
423
500
487
515
440
482
461
470
453
434
463
500
513
515
511
526
512
522
509
509
516
518
509
504
511
516
505
512
506
499
510
510
502
517
505
517
513
519
515
521
510
519
525
532
522
509
507
519
518
487
443
443
459
459
474
482
481
484
493
518
518
540
528
544
533
548
536
541
559
553
563
553
564
553
564
555
568
573
574
580
580
588
589
577
587
579
605
601
613
624
621
608
620
632
621
637
629
639
632
627
634
633
592
622
547
561
603
506
516
586
532
496
595
479
590
508
513
472
606
560
566
561
566
558
565
542
566
552
551
549
540
548
524
538
545
524
526
470
512
501
477
489
487
501
494
465
457
480
452
496
444
460
450
426
448
436
434
447
439
454
454
452
453
493
494
512
512
528
524
535
525
542
525
529
520
535
521
520
525
529
527
522
530
533
520
528
528
528
527
537
510
524
530
522
525
527
539
498
500
500
508
514
507
514
522
505
498
498
509
481
511
487
495
497
496
506
507
499
505
498
505
500
500
499
504
513
510
502
513
511
515
517
517
510
519
513
521
521
540
526
538
531
541
529
532
540
546
543
547
542
554
543
554
545
559
542
557
562
566
557
560
569
578
562
574
572
569
572
565
573
572
565
570
567
571
560
573
571
572
561
573
568
573
570
570
548
562
566
554
567
554
554
571
554
567
564
549
560
553
562
552
569
552
566
553
551
564
549
559
560
557
547
541
556
544
564
555
575
560
566
560
567
560
575
564
573
561
578
561
582
566
566
566
549
547
559
563
553
562
558
550
557
553
552
570
563
578
566
576
569
586
574
589
576
583
576
587
580
592
584
601
592
603
586
583
585
569
584
577
583
586
562
567
549
546
586
584
579
586
579
595
604
587
588
587
602
606
606
606
613
600
611
605
619
591
599
585
576
579
586
587
583
567
586
584
588
574
568
582
579
566
557
579
576
575
587
592
577
595
582
600
581
567
589
583
593
586
585
581
552
551
566
583
522
579
530
483
462
499
537
514
478
495
580
573
580
566
584
569
565
572
587
558
558
579
573
570
572
582
588
567
576
578
587
588
556
566
541
561
546
537
531
523
513
487
400
376
378
377
361
365
369
373
377
372
369
362
358
355
348
335
328
330
317
312
311
297
280
275
261
253
229
210
213
214
203
573
439
469
436
481
501
376
10
9
4
16
5
12
13
380
377
5
171
15
11
20
17
5
4
14
5
4
7
4
8
12
19
21
128
126
134
136
133
136
131
137
126
133
133
131
132
132
236
236
257
258
280
281
304
304
294
292
331
332
355
355
355
383
390
393
420
391
417
419
418
392
476
424
392
478
395
546
536
522
538
545
546
477
531
546
595
537
610
555
555
553
588
588
610
612
639
639
650
654
627
640
648
648
667
664
682
677
669
685
684
660
676
654
678
652
592
544
570
541
573
0
557
529
533
531
533
533
533
530
534
530
537
531
648
650
663
615
642
657
646
614
609
667
657
667
652
659
653
654
633
646
645
646
636
638
632
632
615
612
625
619
611
625
622
598
612
597
578
573
590
575
483
566
500
505
505
523
522
544
542
562
561
578
569
577
553
567
528
543
531
549
550
547
558
530
550
547
548
537
540
519
521
536
521
537
525
537
531
528
538
534
531
537
530
514
523
497
531
507
524
507
488
515
522
435
478
463
419
499
400
410
448
469
428
465
468
480
481
471
480
474
20288
20286
20305
20298
20310
20309
20321
20327
20333
20331
20341
20329
20326
20340
20327
20342
20330
20333
20344
20346
20338
20344
20341
20345
20330
20330
20339
20344
20332
20325
20334
20284
20296
20296
20311
20312
20328
20328
20340
20340
20345
20351
20351
20367
20380
20379
20392
20397
20389
587
580
584
538
529
520
561
579
541
554
559
567
556
554
579
557
566
575
531
525
556
516
512
514
501
494
486
487
480
475
465
464
461
455
455
458
448
444
441
431
442
491
483
532
544
483
445
414
409
405
405
406
405
410
410
400
388
376
359
474
347
565
576
480
517
343
540
11
10
27
46
110
133
132
147
148
153
154
167
169
184
187
194
204
204
221
220
239
240
257
257
280
282
299
299
322
323
340
341
360
361
382
381
396
403
402
401
427
425
442
441
453
453
475
475
496
496
515
517
532
539
538
555
548
541
567
557
564
558
549
568
557
568
570
561
578
566
580
566
582
565
581
568
584
573
566
579
579
571
581
574
567
578
584
575
568
590
580
576
581
581
574
582
570
567
573
569
496
562
547
497
479
524
536
546
470
512
736
735
736
745
737
730
744
713
736
721
723
711
721
712
722
715
718
708
721
711
725
717
725
715
727
731
735
721
724
737
738
731
745
734
750
739
755
744
763
481
476
464
476
477
471
471
472
477
476
733
479
494
540
535
536
530
531
545
546
528
530
542
514
524
540
526
537
541
525
525
516
523
509
502
510
518
499
515
497
505
494
501
489
506
485
494
482
451
487
416
421
417
432
432
447
447
467
465
484
478
497
504
505
496
520
523
526
518
516
523
522
503
519
518
510
522
513
522
511
539
531
543
532
532
541
544
533
522
542
530
509
489
506
516
529
462
477
470
442
536
514
453
517
532
528
543
571
566
571
565
560
578
572
583
568
586
574
584
593
589
584
602
603
614
616
617
620
617
611
600
594
605
599
609
610
614
603
623
606
615
629
593
573
610
609
630
604
547
615
618
547
617
580
517
583
615
618
517
530
578
586
581
586
566
579
582
571
557
574
549
535
472
465
545
498
515
457
507
483
528
531
518
524
518
530
516
526
521
504
504
510
509
524
504
512
499
406
397
407
425
398
466
400
412
408
400
464
398
489
489
508
506
499
497
508
499
501
514
507
468
457
479
479
497
496
522
521
539
540
558
554
552
523
539
562
541
512
500
512
555
544
541
542
530
543
507
468
467
486
487
504
505
518
520
521
538
539
556
548
554
545
547
542
552
547
557
543
550
537
542
534
539
524
537
520
529
519
527
529
524
515
525
523
523
514
532
533
526
516
530
525
524
529
522
539
540
511
521
530
516
529
522
533
530
537
526
531
537
528
546
546
540
547
538
541
538
532
529
536
532
535
532
513
526
531
516
521
514
517
514
510
514
517
518
515
516
506
518
514
512
516
498
475
477
451
447
507
495
462
516
507
504
491
486
496
507
498
494
502
490
484
506
502
509
498
511
503
514
512
517
509
503
518
520
519
537
520
531
530
540
523
539
532
541
534
538
533
542
534
542
535
535
533
503
496
513
514
535
534
553
549
560
559
568
550
563
555
561
563
559
568
549
567
551
564
550
568
553
549
566
548
564
540
557
555
560
553
557
559
537
551
560
562
547
561
543
563
548
568
552
567
553
590
575
590
576
590
576
572
590
588
571
584
569
586
572
584
573
592
589
583
576
583
575
582
579
582
580
585
583
571
582
586
584
593
580
595
578
593
578
579
591
592
590
591
584
604
597
604
602
609
576
594
587
604
600
585
556
569
529
583
552
517
564
535
519
587
579
586
589
594
591
597
589
589
586
566
590
578
583
578
595
589
583
563
574
586
583
587
580
587
580
564
529
579
520
505
537
569
532
547
392
418
396
390
526
448
397
493
393
496
510
484
486
502
500
515
510
486
499
479
510
502
486
486
475
447
463
432
455
484
495
496
487
508
490
504
498
511
499
515
512
526
521
510
499
517
517
464
466
517
484
485
503
504
504
503
539
539
559
559
541
549
575
566
569
560
569
554
552
545
570
575
583
568
574
555
577
577
596
596
616
594
589
605
599
591
595
610
590
582
604
604
610
591
609
607
598
601
598
609
581
593
602
599
610
553
574
584
570
591
599
554
576
590
590
608
595
601
597
562
585
575
593
582
598
590
603
611
582
593
569
582
594
617
601
603
596
589
597
594
585
586
574
585
567
584
575
574
574
592
591
591
596
596
598
574
561
561
585
583
586
578
586
583
598
583
596
584
591
577
578
578
572
531
519
548
541
579
562
521
553
562
545
539
545
543
550
535
551
539
552
538
558
520
487
435
499
539
506
439
434
532
461
470
480
450
506
488
518
510
523
517
523
522
516
515
513
519
508
509
514
463
472
458
444
437
430
419
414
399
392
377
370
360
345
314
281
245
246
247
248
249
250
251
249
246
246
244
237
230
230
224
213
207
196
472
503
481
191
193
517
176
489
176
187
460
163
471
234
278
287
211
203
222
211
229
229
249
213
230
229
249
250
270
270
287
286
307
306
325
327
338
337
353
364
364
384
384
400
401
400
427
427
443
442
458
459
477
477
500
505
545
554
548
567
565
566
593
588
592
597
594
604
581
595
593
598
619
620
606
619
595
581
574
565
566
550
548
604
536
524
508
518
584
626
571
563
576
565
568
567
580
576
581
580
555
544
508
501
487
481
443
425
419
417
415
400
390
388
390
389
378
376
361
350
341
283
283
265
252
250
246
249
249
249
251
252
253
253
254
255
248
241
230
216
209
203
193
182
165
163
154
149
583
557
566
585
5
4
4
13
18
8
12
28
10
115
99
96
97
99
98
100
94
161
161
180
177
177
178
212
212
213
213
212
249
249
272
287
273
307
308
323
324
343
343
365
365
385
386
407
407
426
426
448
448
470
469
489
489
509
509
527
528
552
553
554
551
545
533
550
546
565
565
571
570
581
568
587
576
580
564
584
583
600
593
603
590
601
593
589
581
590
576
587
577
571
558
579
561
563
573
539
566
559
555
533
544
554
559
552
559
551
562
551
549
536
545
539
516
530
538
526
533
518
522
535
533
498
514
522
486
509
502
488
503
506
510
498
488
502
497
502
490
498
492
483
492
494
494
491
503
498
485
476
494
508
486
486
476
482
482
471
489
475
478
483
480
494
481
467
479
490
475
476
476
488
477
485
483
471
494
478
478
486
479
479
490
478
473
489
485
485
489
482
492
493
499
493
512
498
507
498
510
502
503
508
505
514
508
509
494
504
498
497
504
503
485
494
503
488
495
500
479
462
492
474
498
492
488
494
489
487
479
493
493
495
497
487
499
496
502
500
508
503
509
518
492
507
514
516
501
515
505
512
506
508
518
511
517
542
540
543
541
543
536
550
548
556
541
546
550
554
548
561
542
559
539
526
545
559
556
575
577
575
596
582
578
566
571
580
573
584
576
561
575
570
568
583
544
575
559
552
533
581
573
541
550
561
560
549
572
560
568
563
565
568
556
575
568
576
565
564
579
575
568
568
542
553
552
574
573
583
560
572
575
555
565
570
563
576
566
551
551
572
575
561
568
560
571
534
520
541
514
562
466
498
538
539
510
481
539
543
537
544
534
548
533
543
539
530
544
529
530
540
531
543
531
545
535
541
534
545
537
532
552
527
538
549
533
538
563
535
526
530
542
514
538
506
527
517
514
499
480
495
506
502
519
504
542
543
562
556
563
555
558
564
564
562
570
561
554
567
556
575
555
567
540
557
550
553
530
502
538
522
516
538
531
532
516
526
518
528
528
542
540
513
536
502
516
525
523
525
523
524
516
532
526
533
494
510
508
515
512
505
511
501
511
502
508
502
506
504
504
492
501
509
495
508
502
494
467
466
489
489
508
502
511
506
522
512
520
515
527
522
536
523
525
542
537
524
537
544
553
541
553
542
552
546
559
552
549
538
519
488
511
499
534
557
480
527
534
523
515
530
543
539
533
542
539
551
533
555
551
549
563
565
551
557
551
560
554
559
552
558
550
547
560
535
543
552
547
541
537
534
534
537
527
536
534
527
528
525
521
500
516
516
532
534
528
551
542
545
539
537
546
546
531
541
534
544
541
531
523
542
543
527
535
520
516
528
501
495
488
521
515
522
520
513
530
531
526
515
530
509
538
497
524
543
528
517
536
524
526
538
540
529
546
539
547
542
555
554
567
556
568
556
559
570
561
543
519
535
567
569
572
563
563
575
582
567
580
552
552
549
575
568
578
568
579
573
543
573
581
568
566
586
585
592
574
584
594
589
595
584
592
580
605
592
606
599
586
600
590
584
572
594
606
599
583
577
591
597
530
563
577
582
528
547
595
502
575
590
500
520
594
587
586
572
567
556
556
560
542
537
529
518
512
602
499
483
483
486
475
467
452
441
437
430
420
412
403
396
398
383
359
356
358
355
354
351
348
322
263
264
265
266
269
273
275
277
275
492
505
279
4
4
16
14
15
26
20
4
29
24
6
13
22
14
16
7
17
32
16
9
20
33
121
123
108
119
111
112
111
132
112
135
121
121
119
171
204
203
221
219
239
239
254
254
273
272
290
290
307
307
322
322
337
337
354
353
369
369
387
386
398
406
405
422
423
441
440
456
455
455
367
428
454
456
366
432
431
426
448
447
464
465
483
495
495
515
509
528
501
493
448
475
456
516
464
482
497
504
500
492
511
505
510
511
517
522
523
512
525
515
521
531
527
522
527
514
524
523
510
528
524
521
505
526
518
527
512
523
528
524
517
516
512
504
525
518
484
508
458
457
469
472
472
487
488
501
503
491
499
519
496
490
498
501
492
479
472
492
479
481
482
462
474
478
489
499
479
485
481
493
485
495
494
480
490
499
491
494
488
498
490
490
497
499
492
498
487
488
495
480
479
494
493
488
496
488
484
483
501
493
488
492
497
488
495
484
504
494
493
509
502
510
492
499
510
493
513
498
511
499
508
499
507
501
517
511
500
513
501
514
506
515
506
518
513
515
518
523
508
519
525
530
522
530
525
534
529
536
530
544
536
539
548
547
540
565
551
565
554
567
560
567
551
567
562
572
556
574
557
571
558
573
556
571
560
571
545
566
564
569
578
561
577
560
573
558
575
563
579
556
565
575
567
568
575
576
569
583
575
582
561
579
579
572
573
566
580
565
651
635
634
641
638
640
635
637
628
632
615
614
613
656
651
649
662
649
665
656
675
673
661
665
649
666
650
664
651
664
652
661
651
661
654
659
650
659
656
650
644
652
635
654
647
661
629
631
638
554
642
577
561
559
575
568
583
573
585
577
584
549
549
554
557
561
553
543
561
546
554
539
548
557
562
535
544
537
551
554
542
558
551
556
544
555
550
557
544
557
540
550
537
537
541
546
545
562
563
567
549
557
548
553
536
547
535
552
566
568
563
553
549
539
523
561
556
548
545
553
563
553
565
563
570
563
564
575
569
559
562
556
566
559
574
558
574
584
582
570
592
586
587
543
560
566
570
575
584
585
579
572
567
563
554
549
535
535
524
515
513
507
497
492
483
478
471
457
454
438
429
428
413
407
396
391
378
376
365
365
351
345
333
325
319
317
297
276
266
251
243
226
219
221
222
200
200
201
192
7
5
6
19
3
5
3
16
5
7
3
5
5
12
6
2
2
19
6
14
22
11
51
66
84
89
107
151
159
165
164
193
195
211
207
225
224
243
242
248
247
260
261
262
256
239
256
258
251
260
258
234
328
327
334
333
354
354
376
375
396
395
417
417
437
436
457
456
477
477
497
497
517
517
537
536
550
556
567
554
547
543
552
541
549
539
545
540
524
524
540
545
512
517
536
505
522
521
536
533
535
550
559
538
564
557
568
557
573
563
572
583
573
592
595
585
598
585
602
593
596
605
599
663
657
668
667
675
657
688
676
686
681
688
683
686
697
696
688
687
681
702
701
705
720
717
710
721
710
721
719
716
725
716
727
732
717
703
729
696
668
672
690
721
687
673
695
691
689
683
672
673
675
593
566
566
551
544
537
527
522
513
576
495
477
497
451
429
408
468
442
610
421
507
526
547
546
531
552
546
538
537
527
546
536
515
529
557
538
526
531
511
504
502
503
542
529
511
419
524
387
388
390
388
387
386
423
421
442
442
458
472
472
488
503
503
521
519
521
547
546
573
576
494
516
572
529
481
503
523
516
501
517
508
498
514
500
514
509
519
503
496
517
504
505
510
517
524
511
503
517
499
519
499
508
507
524
523
523
521
524
511
526
512
514
512
512
506
506
517
496
490
504
446
474
474
491
491
505
508
492
515
504
496
509
502
490
496
485
484
496
486
494
477
479
490
477
466
484
487
476
488
483
490
486
496
484
489
482
489
483
492
481
481
484
480
463
476
478
469
474
468
454
472
465
458
446
469
464
455
449
464
463
460
466
461
465
465
484
467
473
480
480
480
25967
25989
25976
25989
26043
26033
26038
26051
26053
26035
26025
25997
25988
25984
25982
25983
25981
26018
25973
25995
25974
25966
25963
25964
25955
25972
25942
25934
25932
25923
25919
25917
25907
25901
25892
25888
25876
25868
25870
25871
369
320
295
283
273
274
268
260
25990
26004
26025
26004
25952
25971
25988
25986
26013
26041
0
