43
180
181
191
199
449
462
106
210
481
226
472
509
506
500
493
492
494
499
510
496
569
568
580
579
598
598
615
615
623
624
626
642
645
665
664
644
683
683
681
706
706
719
718
733
732
747
747
762
761
777
777
786
773
778
768
775
760
553
541
547
537
463
492
481
478
494
479
491
494
502
512
511
510
500
506
493
504
494
485
502
499
503
489
497
500
497
504
484
498
504
508
496
510
498
506
494
501
494
493
499
503
497
504
508
501
504
507
476
487
486
488
490
496
485
495
481
497
482
472
482
466
478
482
476
483
478
483
469
483
474
482
466
480
477
485
474
483
476
489
486
483
472
480
484
470
487
484
490
481
497
478
460
466
480
481
467
487
470
481
480
503
497
514
508
523
513
525
520
522
534
543
529
527
545
534
525
544
551
536
541
552
559
543
521
565
548
547
530
514
569
559
564
577
576
549
568
587
582
578
595
540
539
566
559
584
567
589
597
564
581
589
566
582
584
549
535
570
510
501
502
488
490
480
475
467
463
444
437
428
428
430
394
391
395
399
398
389
390
376
372
349
352
349
338
324
303
302
302
288
284
286
268
268
255
280
550
533
258
563
311
385
377
183
181
206
206
184
222
198
197
215
215
226
230
230
253
252
270
274
272
270
273
303
304
319
319
333
334
360
361
383
384
405
405
407
406
437
437
458
457
476
478
476
503
504
519
519
535
536
545
530
515
522
525
551
516
527
537
524
493
515
496
518
492
501
485
500
480
536
511
520
520
530
528
532
530
523
534
492
505
512
510
509
506
494
500
501
512
507
514
509
510
510
522
511
525
523
528
520
525
517
534
535
553
545
539
536
544
527
546
547
562
562
581
581
588
579
515
562
578
596
546
555
592
580
6076
6082
6093
6077
6102
6103
6118
6103
6124
6104
6117
6098
6087
6097
6084
6097
6090
6077
6091
6079
6086
6080
6062
6082
6074
6085
6073
6080
6078
6068
6060
6071
6078
6072
6065
6072
6063
6073
6070
6069
6065
6050
6061
6032
6016
6019
6009
6015
8175
8180
2689
2683
2681
2689
2697
2683
2702
2700
2693
2710
2702
2731
2721
2740
2734
2752
2746
2768
2753
2746
2750
2755
2751
2758
2749
2758
2748
2762
2752
2758
2753
2767
2758
2755
2761
2759
2747
2756
2751
2752
2762
2735
2754
2758
2762
2762
2795
2787
641
632
641
618
630
604
612
594
613
606
615
575
595
592
597
598
583
575
565
557
551
546
541
529
524
514
509
502
497
489
484
473
469
460
452
449
442
437
437
425
412
409
405
405
393
380
374
344
340
341
326
315
305
301
290
283
271
267
255
244
216
235
224
202
4
4
12
6
5
169
171
171
161
166
169
164
160
168
215
214
224
223
225
251
252
269
269
287
285
301
300
314
312
325
325
323
345
345
359
358
376
375
393
397
396
418
418
422
435
437
448
448
450
449
448
481
480
499
498
505
471
490
455
457
476
480
481
493
488
492
500
481
490
493
474
495
484
489
479
480
491
458
461
491
462
475
480
496
486
487
470
480
483
481
472
494
484
474
485
483
478
454
461
480
483
475
494
481
497
486
501
493
491
501
498
504
507
507
502
511
505
524
514
522
535
518
519
521
566
555
554
567
531
558
532
531
522
528
583
554
578
543
540
523
560
561
527
584
579
591
587
582
567
593
601
564
571
581
569
566
579
566
582
554
561
569
567
558
569
566
546
556
528
549
559
559
572
537
538
530
520
508
512
501
519
482
484
452
471
471
489
489
510
510
531
531
550
545
542
550
552
532
551
551
560
559
568
540
561
568
550
532
572
565
570
570
570
577
553
554
564
563
556
561
563
544
567
536
553
554
542
540
553
555
538
549
534
557
557
549
537
545
562
561
548
556
549
548
560
535
553
544
552
548
548
537
541
557
548
566
542
559
554
561
561
564
555
564
556
558
582
566
570
560
564
537
552
554
522
562
554
542
564
570
560
525
567
551
545
559
551
535
542
562
532
517
539
546
553
546
542
542
549
556
541
558
550
542
526
506
494
516
528
486
502
522
535
533
513
512
500
519
487
420
525
480
429
463
463
428
503
503
505
514
513
496
490
497
508
497
499
507
505
494
478
503
481
500
486
450
499
462
467
484
459
443
491
497
498
514
487
500
512
504
524
513
524
516
528
503
523
522
544
543
531
516
526
526
543
543
544
556
557
549
562
556
575
561
579
564
567
569
575
565
581
565
577
582
588
576
555
563
566
564
582
573
592
586
579
591
587
578
570
580
580
572
577
569
578
570
575
566
573
565
568
560
565
568
568
558
559
570
572
564
563
570
557
570
568
556
567
552
547
570
569
565
551
555
560
558
556
543
559
511
558
511
551
524
530
539
564
558
542
572
533
553
557
548
550
548
557
536
549
563
556
552
560
559
537
548
555
553
553
535
555
554
548
569
555
577
583
563
565
586
577
595
605
599
610
602
625
603
619
569
621
570
603
602
617
635
628
640
632
638
629
652
653
645
654
650
659
664
673
670
669
678
674
687
670
681
688
694
709
693
704
710
719
703
710
705
693
695
714
674
648
623
638
666
693
666
662
653
671
665
662
667
638
643
662
642
661
643
644
650
661
648
651
643
648
656
657
600
623
636
560
610
575
583
648
610
550
630
615
646
629
647
624
624
633
613
622
623
603
603
583
592
579
590
584
579
567
604
603
603
573
560
599
574
581
557
605
553
581
598
608
567
574
562
528
561
552
541
500
522
521
543
556
562
573
561
573
569
570
562
568
570
555
567
554
568
558
571
565
558
548
567
581
580
574
576
589
589
606
602
605
608
627
582
581
562
575
576
572
585
588
595
596
604
586
574
572
588
580
588
579
584
571
581
569
580
571
571
571
580
575
575
565
577
573
579
571
580
579
578
571
576
562
573
561
570
563
545
576
569
568
557
563
569
568
554
548
563
555
553
552
565
558
554
566
567
559
558
550
555
544
540
552
549
536
536
547
544
532
539
528
535
535
536
521
511
492
482
529
504
506
511
515
484
502
498
478
492
493
492
487
485
497
483
492
470
488
471
482
489
483
485
466
473
470
455
480
489
488
480
492
486
479
496
485
501
499
506
495
517
507
510
510
507
518
522
492
510
510
530
525
538
530
532
534
554
544
557
551
544
556
556
564
550
563
561
551
560
551
559
554
564
552
570
562
567
558
571
568
567
577
566
578
564
572
560
569
563
553
557
558
550
539
532
563
565
553
565
568
544
555
556
563
568
566
560
569
552
559
554
539
554
542
526
500
562
528
490
508
533
619
612
632
614
612
625
617
611
586
541
597
550
560
616
609
571
572
600
605
582
593
605
571
579
571
567
571
569
594
583
582
596
594
581
591
591
588
568
553
531
575
501
576
535
548
547
564
564
524
524
534
519
528
514
523
531
518
530
521
480
496
496
507
507
526
526
559
552
567
559
563
562
575
569
586
596
575
581
563
582
574
568
581
581
564
576
568
585
587
597
579
585
578
576
571
598
600
593
585
596
591
603
607
593
599
607
612
603
603
610
614
600
616
609
588
617
604
588
601
592
605
594
603
595
609
591
601
593
613
595
606
599
601
616
613
605
623
606
613
605
606
597
565
602
582
586
583
610
597
602
601
610
592
593
597
602
590
607
591
584
598
581
582
588
562
576
585
581
578
581
577
546
567
555
530
559
544
555
532
551
540
546
559
556
546
559
547
558
546
552
546
551
543
551
550
565
551
546
535
547
536
539
532
529
518
518
533
530
526
533
530
536
528
545
529
536
535
544
528
531
539
535
531
531
544
540
540
529
549
538
545
530
545
528
528
538
524
530
516
525
527
528
518
531
519
472
529
513
476
519
494
508
487
508
506
516
507
512
511
503
510
503
491
500
480
479
498
492
491
492
473
488
476
484
484
489
499
463
501
474
10122
10111
10134
10128
10147
10140
10145
10152
10133
10147
10162
10154
10154
10163
10162
10151
10121
10123
10123
10128
10151
10153
10173
10174
10186
10178
10178
10186
10157
10114
10149
10126
10167
10169
10117
10176
10147
10188
10202
10192
10262
10253
10254
10263
10264
10259
10270
10264
10269
10270
647
614
611
635
620
610
627
620
667
680
670
657
608
633
609
651
662
620
644
672
664
656
645
662
664
664
658
658
631
609
592
595
608
608
620
618
619
627
521
567
640
545
532
553
524
576
648
581
595
593
557
576
564
578
550
569
489
482
570
518
427
506
437
430
497
479
427
431
607
607
624
617
638
618
635
621
634
633
640
648
646
628
639
645
636
639
650
587
621
605
606
624
625
642
642
660
651
618
611
637
617
616
636
621
635
605
622
622
638
619
476
481
480
500
499
516
516
527
533
501
519
528
512
520
521
509
504
519
513
504
504
511
514
508
517
511
520
510
516
506
509
515
517
510
519
509
515
519
515
514
523
513
523
513
502
515
522
523
514
519
513
524
516
526
522
524
510
505
521
526
510
529
522
519
528
527
521
530
525
532
526
519
528
511
525
517
526
515
518
526
515
525
511
522
523
517
521
502
513
514
518
519
514
518
513
522
514
524
516
516
523
524
518
519
508
524
519
511
513
521
513
521
511
504
523
513
498
510
516
491
488
480
501
509
473
485
480
491
486
475
496
485
488
496
478
465
493
472
485
476
485
478
488
489
470
480
474
488
479
472
463
468
463
479
470
477
467
469
475
460
481
465
474
477
465
472
470
468
467
476
466
468
468
490
470
499
475
483
482
485
473
491
479
488
480
491
493
485
500
485
500
480
481
495
484
473
500
493
481
489
490
515
513
510
498
503
508
495
511
473
497
488
507
501
509
511
502
494
504
515
513
521
528
488
510
508
487
502
458
488
480
469
506
516
505
505
509
519
521
510
526
516
530
524
509
534
490
512
506
524
527
507
512
522
529
533
498
538
498
494
526
498
540
534
537
538
525
496
491
504
478
536
544
548
512
508
534
495
539
554
543
525
554
539
514
534
534
552
558
552
557
553
555
547
550
538
497
519
505
540
549
534
538
547
530
538
498
539
531
525
525
539
536
521
546
535
522
526
528
541
538
542
562
541
546
544
547
549
543
560
560
563
555
538
545
528
548
555
561
564
553
566
544
544
559
548
560
566
567
568
582
578
570
576
566
578
569
566
565
575
568
562
575
574
573
551
563
565
561
554
567
564
554
518
548
525
535
549
536
551
539
550
531
547
540
539
547
549
538
546
539
543
541
547
545
527
526
506
496
494
529
538
519
537
521
538
529
549
536
554
548
560
548
578
560
577
559
578
570
552
558
545
570
554
562
558
570
561
574
561
569
553
545
564
575
562
569
559
561
555
561
554
541
563
552
560
568
561
563
557
538
538
531
543
562
543
547
544
531
543
521
532
523
534
525
522
532
521
533
537
529
540
527
533
527
540
529
535
523
517
496
524
524
528
522
532
520
512
520
532
527
520
520
532
529
517
522
528
517
518
490
492
489
528
531
534
516
531
531
541
533
524
536
535
522
531
522
533
529
522
524
519
518
515
527
536
530
530
541
536
519
534
534
529
537
531
512
537
531
513
539
509
526
519
525
534
522
531
502
504
520
499
522
503
523
527
525
526
516
519
509
540
536
542
551
540
549
535
546
554
543
553
536
514
545
516
538
534
546
531
537
544
536
544
542
534
540
519
535
537
540
522
537
533
539
532
528
542
538
544
522
535
545
534
537
527
538
527
524
521
534
496
506
501
496
503
506
498
498
512
493
513
496
504
486
497
479
440
459
429
460
464
463
477
470
445
444
455
470
463
471
464
464
471
473
478
460
477
478
470
487
487
482
493
481
470
485
491
493
495
494
507
497
497
481
496
470
484
489
486
494
476
456
474
462
455
469
463
480
480
497
497
513
506
510
523
497
494
513
513
528
517
522
529
536
512
516
519
497
517
512
512
504
495
500
515
507
516
514
517
506
511
508
510
511
519
502
501
524
521
521
515
519
509
498
518
513
521
515
504
515
512
491
506
508
490
505
498
505
496
508
491
506
495
493
478
496
505
497
510
496
511
498
483
480
490
487
496
496
484
489
483
493
471
480
487
493
473
486
476
482
483
478
472
479
480
482
482
485
498
501
493
488
506
495
503
496
492
504
493
504
492
499
507
498
494
493
503
497
506
508
504
490
492
494
501
503
492
501
504
494
503
487
486
493
481
503
497
507
494
495
500
504
496
511
501
492
501
487
495
479
491
475
473
475
496
493
492
495
485
487
495
494
485
477
491
488
472
480
491
491
484
484
499
502
499
497
514
512
512
517
524
526
517
531
520
501
500
511
522
511
451
505
468
494
523
483
458
486
543
536
543
540
549
537
531
545
537
615
586
603
595
604
708
710
688
705
694
697
695
711
702
683
682
703
700
689
696
692
692
687
685
674
686
683
692
678
696
691
709
687
686
685
706
657
663
664
684
684
694
683
723
715
724
715
715
721
710
648
657
667
666
670
569
581
571
586
576
582
584
577
583
586
589
602
585
593
584
593
588
595
590
588
588
596
594
569
584
562
595
580
586
589
575
578
582
574
589
569
590
556
546
564
552
554
563
531
570
495
486
468
463
477
504
511
541
564
523
521
519
513
519
499
507
521
521
508
510
528
514
507
526
513
528
517
513
525
526
525
524
518
532
519
523
531
522
529
523
530
518
525
514
520
516
532
528
499
497
482
481
497
498
514
514
530
531
547
548
558
510
543
547
552
526
539
520
547
563
559
553
549
569
562
549
553
565
551
562
564
553
538
551
564
552
558
557
552
556
551
563
551
561
555
1470
1474
1469
1457
1471
1480
1485
1470
1485
1471
1478
1468
1484
1455
1449
1448
1484
1457
1456
1446
1466
1461
1436
1431
1440
1412
1418
1408
1417
1396
1390
1350
1370
1390
1409
1386
1362
1389
1380
1363
1399
1360
1343
1370
1399
1386
1391
1395
1392
480
1398
483
449
468
470
466
471
455
471
460
468
464
477
469
469
489
489
491
490
485
474
488
523
515
532
526
548
502
539
516
518
518
522
517
568
522
507
535
468
510
467
526
536
524
523
545
547
548
538
526
524
509
500
489
490
482
478
470
464
452
441
436
427
417
412
401
383
369
369
369
370
369
344
329
319
314
289
253
247
247
249
249
250
250
243
242
219
198
183
182
183
185
186
180
163
4
4
15
29
19
8
21
46
72
74
85
71
128
168
205
207
231
230
235
236
244
234
236
237
235
233
243
311
326
344
345
327
360
367
363
359
389
367
376
377
384
384
407
406
418
418
433
456
464
464
433
490
490
513
512
521
523
537
536
556
555
572
572
584
591
586
581
574
593
536
547
544
560
560
575
575
588
573
561
557
546
518
495
497
487
473
469
465
453
586
432
497
448
508
546
443
567
537
509
496
489
474
515
484
490
513
462
513
505
510
502
513
501
512
500
509
501
507
509
504
508
484
517
491
500
490
414
419
422
419
421
416
462
461
449
438
447
447
463
461
476
474
477
472
474
476
527
520
540
534
550
534
542
549
522
544
530
516
521
517
520
517
520
515
517
502
526
512
524
515
500
517
506
519
517
510
517
470
478
460
462
503
446
476
478
468
508
503
521
509
519
516
514
513
513
532
523
517
512
516
529
514
515
513
528
507
534
527
534
525
531
523
529
523
545
532
534
523
541
532
534
547
544
523
534
506
469
531
535
496
496
515
515
522
522
538
536
536
528
527
498
515
508
497
517
509
514
507
512
502
492
483
490
484
467
492
486
475
492
490
485
498
489
506
481
485
497
496
480
482
494
492
498
492
494
510
511
492
508
502
501
513
513
501
512
503
512
507
519
515
518
515
537
532
540
533
543
534
531
541
557
555
557
542
545
558
550
566
565
561
549
562
559
562
559
561
559
573
565
583
564
571
560
575
559
568
561
554
570
567
552
554
557
554
533
549
554
547
545
539
518
531
540
525
537
539
521
526
510
525
514
518
506
516
516
522
518
511
516
510
516
505
508
462
509
468
500
492
490
483
490
479
496
482
464
478
473
480
505
496
497
509
503
510
506
510
525
526
514
525
499
514
513
517
526
512
505
527
519
518
534
514
528
527
515
533
525
543
525
528
520
527
535
530
505
520
517
529
519
523
508
524
543
535
537
537
527
511
498
516
510
500
507
486
501
489
495
487
500
491
502
494
490
501
493
493
493
506
500
495
513
501
495
512
503
493
513
499
509
500
497
500
500
506
505
511
507
504
517
505
504
502
482
505
499
505
493
506
509
509
526
516
524
523
531
523
535
532
531
521
538
527
544
526
534
502
521
533
524
523
534
532
532
548
532
522
534
524
535
516
520
527
521
524
540
532
510
525
535
535
541
528
543
538
545
534
534
532
543
524
535
542
530
536
531
543
531
479
524
494
509
515
534
538
486
518
536
521
519
513
523
524
508
514
515
524
519
526
516
524
525
534
519
525
515
521
515
527
517
509
509
521
527
517
536
523
537
525
541
524
539
544
535
542
534
539
545
527
527
527
522
522
539
531
550
550
566
559
574
566
567
581
557
578
567
576
576
578
582
576
586
584
581
587
579
593
579
591
590
594
588
594
582
574
594
580
591
579
576
592
568
576
586
593
576
578
592
594
585
579
579
581
577
579
589
580
590
583
584
580
587
574
589
587
633
619
635
621
640
623
642
627
641
627
640
627
644
617
609
632
628
627
634
631
635
614
635
635
633
629
642
615
634
628
632
606
594
627
616
641
632
652
638
640
632
650
634
650
635
653
634
649
636
614
597
612
595
597
604
608
595
603
584
591
586
593
605
611
601
599
614
575
586
598
594
585
588
581
588
526
573
562
589
590
574
595
575
592
591
590
598
579
602
594
599
578
580
581
594
570
585
571
576
570
569
589
569
583
581
570
574
582
575
590
577
574
573
575
567
583
586
589
586
589
584
595
592
600
555
592
583
561
582
565
587
586
604
589
604
596
607
590
594
595
611
598
607
594
610
588
606
593
602
595
601
587
599
589
599
596
598
601
605
605
621
593
597
605
602
588
598
595
587
596
581
591
582
589
567
580
587
566
585
577
580
572
582
574
583
581
578
539
502
575
520
558
561
533
546
566
568
560
561
562
577
579
565
574
559
565
571
569
566
558
546
550
550
563
559
558
545
558
560
542
542
536
530
547
552
555
552
557
555
547
554
534
548
555
557
542
514
549
529
529
548
547
544
575
581
574
588
579
582
576
590
572
554
554
570
579
565
575
550
557
588
573
570
556
544
581
556
596
586
594
578
582
580
570
594
590
581
586
589
583
596
581
589
589
588
580
587
585
581
575
575
560
568
561
562
570
568
561
567
564
566
557
568
559
558
577
569
558
563
565
555
568
545
562
558
556
540
557
545
547
525
538
500
537
503
522
501
517
535
532
524
537
527
538
528
534
524
535
530
550
552
571
554
567
554
536
543
527
516
555
542
560
555
570
573
570
555
574
539
562
523
545
525
535
759
743
747
768
772
725
771
727
758
792
791
804
786
805
787
799
811
802
797
805
792
793
726
744
723
773
761
799
748
1239
1232
1262
1263
1278
1279
1266
1295
987
1231
1193
1242
1288
1243
1229
1048
1048
1071
1050
1051
1047
1036
991
1049
993
1075
1060
1045
1045
1055
1063
1040
1032
1017
1048
1043
1047
974
951
951
973
970
991
989
1006
1007
1026
612
588
569
566
530
543
542
542
553
535
531
527
551
563
565
578
581
547
537
545
498
517
513
512
531
511
530
531
546
545
549
554
558
530
541
541
548
556
540
555
546
548
539
537
544
539
528
537
527
530
512
518
520
522
512
515
510
524
515
521
523
536
519
523
514
511
524
522
510
517
519
495
513
515
507
506
500
502
506
490
501
514
492
503
496
503
499
483
501
503
487
490
496
493
484
490
474
487
489
497
495
506
512
504
496
512
511
490
502
456
429
492
439
471
450
491
474
483
470
479
470
460
476
460
473
459
483
484
476
481
462
469
482
487
472
484
472
457
461
473
478
480
463
470
469
480
459
485
466
473
462
461
470
463
470
452
471
449
466
449
464
467
452
473
484
484
497
491
506
497
505
495
523
522
522
515
509
505
497
532
505
502
506
482
523
495
484
523
508
524
522
527
526
541
530
543
534
536
530
537
548
519
518
550
535
552
548
530
556
540
559
569
566
569
556
572
557
567
561
576
567
581
555
568
553
575
564
571
557
563
533
552
646
647
671
672
695
685
699
674
652
705
701
690
666
697
683
692
21160
21144
21118
21155
21133
21163
21133
21161
21121
21106
21156
21195
21183
21206
21210
21199
21215
21199
21195
21204
21202
21195
21200
21212
21210
21198
21196
21206
21211
21194
21210
21201
21203
21097
21100
21082
21056
21047
21071
21097
21066
21060
21069
21066
21070
21068
21087
21071
21084
21075
549
547
543
524
536
537
552
552
552
576
576
589
578
578
564
579
561
547
572
560
566
558
564
558
556
551
556
545
549
547
544
531
524
522
531
531
529
528
526
527
515
529
523
507
509
496
476
491
498
470
486
471
466
452
452
445
434
430
438
422
436
420
417
409
400
397
405
370
336
326
327
319
318
309
306
309
311
314
308
308
307
301
302
306
297
298
385
385
356
331
531
377
286
348
403
423
434
440
460
450
464
458
483
475
493
488
504
509
518
512
526
521
539
532
532
428
544
550
353
353
372
371
393
391
414
415
433
427
448
448
469
468
485
485
504
502
513
513
530
528
546
545
566
566
586
585
605
603
609
608
597
615
598
605
599
611
608
598
614
598
610
611
596
604
590
595
603
593
579
586
585
577
578
570
572
563
569
562
566
558
562
549
561
554
542
530
543
535
555
552
538
549
531
521
529
536
530
527
528
513
519
529
513
514
505
508
505
496
498
482
473
488
468
479
497
491
481
478
495
497
474
476
461
484
493
481
489
482
481
470
477
475
485
483
478
497
492
511
497
514
504
507
502
481
520
479
496
488
517
511
525
512
526
526
540
539
543
533
550
537
548
538
555
555
563
551
559
566
536
565
558
557
577
578
585
573
592
581
584
600
587
595
593
583
577
563
585
580
572
568
578
564
564
553
552
570
568
566
592
590
567
558
590
577
597
590
581
595
600
599
593
595
606
592
601
603
578
588
598
595
602
607
570
557
544
521
577
593
551
534
592
584
572
597
579
598
598
601
614
614
605
594
610
602
612
611
610
600
599
606
602
600
581
593
588
600
589
598
586
598
584
575
593
604
620
602
601
601
607
615
534
570
573
610
573
567
583
585
600
600
614
604
586
565
616
599
584
584
574
581
578
562
579
572
582
582
573
587
563
550
574
575
575
558
574
563
562
570
563
570
552
563
558
563
547
553
564
562
550
554
540
557
541
557
548
554
577
563
576
558
563
568
637
608
629
628
636
645
620
631
647
636
651
608
616
628
644
638
635
634
620
657
635
647
653
635
650
613
644
628
610
622
600
613
582
612
635
643
638
626
606
665
649
684
651
638
669
629
664
630
608
608
629
614
625
616
619
629
629
624
646
634
624
633
632
643
643
662
661
675
666
644
668
657
645
657
657
668
667
678
671
697
628
636
615
686
580
588
596
594
595
584
600
569
538
538
555
554
573
573
583
566
561
573
572
557
544
551
539
554
549
539
526
505
535
494
512
519
500
507
488
481
485
498
490
498
489
492
483
470
460
449
483
446
461
460
459
460
491
470
484
484
500
488
496
484
499
493
487
497
500
481
485
509
497
508
522
516
523
511
515
523
519
531
527
539
532
537
550
549
540
542
544
539
553
547
555
551
566
559
567
544
567
561
521
536
513
568
493
528
528
502
548
545
554
547
552
549
557
548
556
536
552
544
546
540
545
537
536
545
528
538
528
519
542
530
532
538
531
542
539
542
550
537
531
540
527
531
518
517
526
535
510
508
489
491
484
488
488
490
490
490
489
523
514
512
516
504
493
524
510
500
509
508
509
517
514
504
495
490
465
464
456
458
449
445
437
427
423
419
413
411
403
405
399
402
377
378
381
364
361
353
347
348
321
318
322
325
329
332
331
323
322
324
313
308
310
302
295
292
286
277
272
268
262
504
264
502
493
30
50
50
42
51
43
44
41
41
64
63
49
206
206
205
205
206
246
165
201
168
223
163
161
162
161
172
167
163
242
244
265
265
284
284
304
314
304
314
347
354
358
363
366
370
377
380
385
389
393
397
400
403
409
414
407
409
397
389
391
357
307
311
315
322
327
329
334
336
339
343
347
343
339
332
329
321
323
309
308
304
290
275
355
354
348
355
354
348
354
137
137
116
117
116
118
116
117
117
116
183
183
183
222
222
249
250
277
291
291
316
315
336
335
336
336
336
332
412
414
428
431
430
429
473
474
473
510
511
544
547
547
586
587
610
610
635
653
654
679
687
674
672
670
647
666
658
649
662
668
659
659
725
723
696
713
708
699
707
705
707
698
664
702
652
672
671
692
701
697
672
689
689
720
711
715
706
764
755
737
716
706
748
727
718
729
710
694
712
707
690
676
697
682
635
670
664
663
678
681
704
683
684
665
669
668
682
669
678
665
628
623
604
650
649
665
649
653
644
642
627
638
629
640
624
639
625
595
581
590
570
578
588
552
589
581
548
571
533
558
573
585
578
594
589
577
604
531
552
543
521
510
591
505
575
580
557
543
572
576
557
583
550
557
570
589
584
578
567
557
549
577
585
557
565
580
573
571
563
560
581
579
591
575
594
592
588
611
580
603
594
612
593
606
603
600
603
592
548
556
548
596
595
616
616
635
628
621
632
616
626
624
606
629
589
579
592
591
593
632
631
631
640
644
652
641
653
650
656
654
673
663
663
674
659
672
656
654
666
650
640
663
650
658
647
643
591
654
628
604
640
633
624
624
639
637
629
636
622
630
617
633
612
621
606
634
619
603
610
598
616
599
620
619
597
607
617
611
600
603
626
606
614
609
615
584
586
604
620
594
614
589
604
623
621
622
623
610
608
630
621
643
641
638
650
635
647
654
651
658
624
609
634
636
627
636
636
653
636
641
626
614
648
630
639
634
624
630
623
622
598
612
610
590
604
586
594
595
609
594
591
615
610
603
610
603
611
601
603
586
571
595
591
591
594
580
564
590
569
567
575
574
575
577
586
569
583
574
566
554
566
570
563
575
571
581
573
581
579
572
567
595
581
590
590
571
588
596
588
577
566
590
582
580
564
557
545
525
577
543
565
542
563
556
575
568
578
565
576
584
580
571
558
569
580
577
577
569
571
561
575
581
573
557
572
562
570
568
558
572
570
563
554
558
556
567
556
538
556
550
550
561
555
567
570
554
556
552
575
575
589
568
582
577
583
612
594
607
596
616
609
589
561
564
548
590
541
609
533
593
600
606
610
603
610
604
598
607
613
609
609
602
587
619
602
606
616
622
621
633
653
647
659
648
660
612
592
619
657
598
579
633
643
640
633
610
625
621
621
616
605
565
564
590
591
616
617
630
630
628
658
649
653
652
636
625
639
640
652
642
657
630
651
641
652
643
640
651
652
618
632
612
628
619
610
566
587
586
606
605
625
625
629
609
637
614
629
617
634
618
635
623
621
587
603
614
605
607
589
610
593
597
562
573
586
577
616
575
613
562
575
589
590
582
580
567
590
572
584
585
572
586
570
571
560
539
551
572
558
556
562
572
557
573
572
568
577
560
561
577
561
575
579
580
587
580
587
603
608
582
590
604
553
592
578
586
585
529
607
590
582
589
588
605
591
583
593
602
611
593
605
595
599
612
598
603
622
616
642
635
621
642
640
626
640
651
630
649
641
651
652
637
622
627
641
633
646
628
593
619
577
605
595
635
627
604
624
614
592
623
601
623
630
589
611
617
594
624
616
632
619
614
624
625
609
596
607
569
583
557
581
576
573
578
555
564
550
562
555
563
555
552
558
550
569
545
548
542
548
524
545
521
525
471
499
531
471
538
472
537
472
533
546
555
560
537
550
556
560
542
526
507
537
546
518
541
539
523
541
501
536
529
537
528
532
524
522
533
537
521
531
523
530
523
501
514
521
508
523
516
512
526
497
461
439
440
446
477
473
475
499
492
495
505
503
489
490
502
500
498
490
502
472
503
503
522
515
507
493
495
491
489
477
467
463
458
450
443
436
432
423
419
413
403
386
387
382
377
367
361
349
341
331
312
305
306
306
301
293
285
276
270
258
249
244
240
230
222
213
207
196
189
175
168
159
4
11
20
31
9
20
31
24
12
20
16
120
137
148
120
160
171
186
186
212
212
216
229
230
264
263
264
293
299
302
329
329
342
341
377
379
396
395
395
424
425
425
425
452
451
450
483
483
497
500
497
504
524
543
543
540
540
581
580
599
559
591
558
601
568
603
579
598
589
608
579
592
577
573
556
549
558
563
536
565
543
529
550
546
533
538
508
530
489
530
526
529
539
532
491
493
525
531
522
548
559
559
577
560
542
568
556
562
547
510
555
526
522
525
539
538
564
555
565
557
570
546
559
550
550
546
561
548
557
556
555
566
554
568
563
570
555
561
546
560
559
569
563
570
563
566
549
552
544
559
536
544
525
532
541
529
547
534
542
535
545
536
549
542
554
539
548
541
545
538
550
539
547
545
553
542
541
552
554
538
544
537
540
533
544
534
544
539
546
541
546
541
555
547
552
548
558
549
560
547
556
547
551
546
555
553
551
544
548
545
547
545
544
538
540
542
527
542
540
532
550
549
532
534
550
551
524
535
541
537
545
541
538
545
543
540
539
537
540
538
542
540
542
539
544
541
544
541
545
543
545
541
551
549
556
552
559
555
557
560
558
556
565
564
566
554
565
563
580
557
567
557
564
551
565
549
554
549
559
551
555
553
557
552
561
559
562
553
554
556
557
551
554
546
547
554
533
530
551
549
552
544
548
539
548
541
548
545
549
547
545
537
543
540
543
541
543
540
543
540
541
539
542
540
543
540
542
544
526
537
545
554
536
551
533
535
550
555
541
551
540
558
542
552
538
552
542
561
559
577
550
564
553
562
548
566
549
582
565
570
583
585
569
570
586
586
571
591
573
590
576
591
576
592
576
592
577
590
574
587
573
575
585
586
579
577
588
583
587
589
586
588
586
594
591
594
585
592
585
566
580
562
586
547
588
575
586
565
556
556
540
537
560
554
542
547
555
550
544
545
547
526
545
520
543
536
529
535
538
514
511
517
534
519
526
526
515
504
496
523
520
507
504
519
498
512
476
490
507
457
492
487
483
502
496
499
475
496
481
484
502
486
494
512
505
504
514
512
506
519
517
523
506
517
517
534
533
530
511
521
532
519
539
532
592
585
603
595
607
592
597
603
604
595
586
606
614
629
625
616
645
633
629
627
603
605
608
603
603
597
597
570
567
536
515
505
502
491
489
480
479
480
472
469
463
462
458
447
433
371
361
354
346
339
327
325
313
307
295
288
277
263
248
247
237
227
224
215
629
533
542
644
6
554
12
4
15
11
3
3
12
9
3
4
4
35
48
138
138
152
153
153
176
176
195
192
185
205
216
212
213
216
243
244
256
259
258
278
278
294
294
305
305
323
322
337
336
354
351
369
370
387
386
407
406
426
425
444
442
460
461
476
475
492
491
508
507
518
516
522
505
517
524
525
517
514
513
527
514
520
504
515
510
513
504
502
503
510
501
507
510
501
514
498
499
493
501
490
494
484
467
488
476
473
462
469
455
466
468
451
463
453
464
453
464
457
470
458
466
453
464
452
463
455
465
458
471
464
470
466
468
477
479
488
486
483
490
482
487
485
497
496
498
485
499
502
493
478
502
480
475
503
503
512
520
521
530
536
518
527
521
527
521
523
516
506
516
518
514
523
531
523
535
527
526
534
525
508
512
471
519
491
456
449
432
457
485
502
443
470
452
452
448
448
446
444
451
442
446
451
447
441
443
433
425
435
427
413
407
397
407
414
397
392
386
386
394
380
377
354
361
370
331
346
342
345
312
310
298
307
312
312
313
322
332
332
342
343
352
349
351
348
344
345
347
346
340
314
325
326
321
320
327
319
329
321
319
318
327
319
325
328
316
311
320
317
306
314
306
310
312
297
299
304
309
299
306
303
312
311
315
308
318
319
317
305
319
305
3092
3088
3106
3112
3116
3112
3127
3125
3137
3133
3131
3151
3148
3162
3165
3162
3172
3167
3187
3180
3176
3188
3193
3205
3205
3212
3207
3213
3207
3215
3235
3231
3244
3245
3256
3256
3246
3259
3267
3249
3253
3261
3272
3282
3278
3282
3287
3283
3292
3294
488
511
449
415
476
468
495
462
428
434
483
483
498
500
500
498
512
505
519
507
501
527
520
530
518
542
531
535
536
555
529
548
541
537
522
553
553
548
563
565
569
557
568
549
551
575
574
520
564
545
569
534
567
555
571
578
591
571
615
629
630
600
575
537
589
562
629
545
564
554
563
573
572
563
591
589
554
569
555
553
559
546
547
550
547
542
529
518
503
498
482
493
473
566
503
577
521
534
533
538
537
20909
20865
20895
20887
20814
20946
20858
20886
20886
20847
20917
20853
20887
20884
20887
20877
20849
20871
20868
20864
20885
20886
20865
20836
20887
20898
20983
20968
20990
20973
20911
20909
20911
20893
20894
20879
20931
20909
20895
20893
20879
20880
20990
21003
20991
20989
20988
503
456
20998
481
21004
20991
478
539
559
558
581
522
500
502
483
488
554
555
555
577
553
577
555
576
537
559
559
563
581
578
564
540
543
493
577
582
525
526
546
547
564
564
577
570
574
576
593
600
596
578
589
559
587
556
557
574
563
574
580
583
574
479
453
450
456
467
464
466
484
483
506
505
520
520
540
534
543
532
552
534
551
546
534
526
536
535
548
540
533
546
544
547
548
552
548
568
537
555
553
560
549
562
554
566
562
569
566
573
562
576
573
581
573
579
577
581
565
583
576
588
570
590
579
597
579
593
577
576
589
590
572
568
578
575
579
575
576
568
576
574
573
576
570
560
567
559
567
557
557
568
571
554
550
556
561
560
553
555
547
538
553
540
553
540
541
553
548
536
528
540
532
535
533
512
552
538
550
537
555
541
545
555
553
543
550
548
555
552
555
548
545
556
557
543
554
552
546
556
544
552
544
542
533
541
525
533
519
531
542
533
547
535
531
523
518
516
508
524
525
521
509
502
523
522
484
505
495
482
479
497
489
491
481
479
491
483
479
492
480
478
492
488
483
494
485
497
499
489
500
481
500
491
497
498
506
508
516
499
511
503
509
519
507
519
519
527
522
519
530
519
533
516
525
513
529
525
538
530
524
523
522
520
524
517
531
521
519
530
518
500
498
509
491
496
500
505
482
490
492
488
504
491
509
500
496
500
478
494
502
490
492
499
482
482
493
499
492
493
484
481
489
492
493
476
471
488
478
465
480
485
467
485
487
497
484
486
486
496
494
492
505
503
513
511
491
502
485
517
508
503
493
499
498
515
512
524
518
529
515
518
515
509
530
522
533
518
537
523
529
525
540
539
541
542
555
536
542
537
546
532
544
534
547
544
537
529
546
544
535
526
529
540
497
535
522
534
522
529
539
518
522
536
533
536
529
535
529
534
522
535
526
532
516
520
521
500
514
503
515
514
499
505
496
508
500
504
516
506
515
516
510
521
510
520
512
523
532
517
538
526
512
512
509
484
443
469
478
503
452
459
501
551
536
548
529
541
501
511
517
553
560
559
564
578
564
576
568
587
578
588
582
594
586
575
591
587
577
585
576
588
582
586
574
576
589
588
577
578
541
542
540
487
488
505
504
523
523
543
542
562
561
572
559
540
564
546
543
544
543
555
542
551
544
541
551
552
541
548
545
550
548
549
547
543
535
522
554
539
536
550
553
539
556
539
551
540
556
542
552
541
556
540
551
542
554
538
568
551
559
548
536
545
561
551
544
548
540
549
560
545
541
553
555
552
543
541
548
548
537
543
532
543
540
546
525
547
532
546
537
528
507
517
526
515
527
519
514
526
523
517
528
516
515
527
537
523
512
543
559
547
551
569
575
570
573
562
571
590
584
571
598
585
581
572
589
565
600
597
586
581
592
577
589
597
598
594
608
591
603
596
595
616
605
630
621
633
631
624
619
606
601
590
586
575
563
544
527
519
498
497
478
470
456
456
457
442
428
411
410
402
384
367
369
359
358
359
348
334
328
327
325
316
316
301
293
277
273
260
262
250
244
231
210
204
188
9
6
4
4
18
18
9
30
47
25
46
56
32
36
34
37
36
47
34
30
9
48
47
38
98
153
183
182
156
167
165
182
180
178
200
199
209
216
222
223
227
226
224
226
259
258
272
261
271
281
283
284
304
301
303
323
323
340
340
359
358
371
376
375
397
396
414
414
426
426
440
440
457
457
476
472
453
461
466
489
477
478
496
488
494
491
484
495
498
489
493
497
497
514
507
519
496
509
521
513
510
519
522
518
517
535
529
536
529
532
532
532
536
525
532
533
522
508
530
523
532
519
532
517
530
507
507
522
521
515
515
515
523
535
533
519
531
521
526
518
520
520
502
508
515
495
504
495
506
504
504
487
498
502
493
501
489
499
488
503
500
489
487
503
494
504
493
507
495
493
494
503
503
496
499
489
479
499
492
507
499
504
492
506
497
499
506
505
505
503
511
495
516
500
507
509
514
519
504
518
511
527
499
517
521
511
517
512
515
510
515
498
508
503
514
503
514
516
511
518
518
512
526
500
524
507
528
522
528
523
531
527
522
535
528
533
524
537
530
541
536
535
542
540
555
544
533
557
532
548
566
562
573
572
568
573
573
563
571
566
571
561
555
572
562
560
547
571
542
565
554
556
556
569
563
555
562
555
565
555
555
558
548
563
532
547
561
528
553
551
563
552
562
553
555
567
551
535
528
561
573
521
567
557
575
567
579
549
575
530
565
532
554
587
581
584
579
594
595
576
596
569
582
554
518
529
596
541
562
568
540
560
511
540
487
549
494
485
484
563
550
454
514
563
496
547
531
473
483
540
514
514
531
521
530
514
530
528
547
522
547
546
550
567
577
564
577
570
581
568
568
526
543
522
494
494
514
515
536
547
547
570
570
570
588
588
610
611
632
626
642
588
593
561
621
562
582
569
562
561
587
614
631
619
533
601
609
548
570
579
557
575
574
570
550
524
551
539
541
524
523
482
506
533
491
519
518
509
512
501
493
500
506
501
501
513
508
494
455
505
501
422
446
449
442
462
462
482
482
499
500
497
510
526
511
507
493
505
507
523
516
527
541
539
528
538
540
548
529
541
545
551
547
540
554
544
548
541
539
551
529
522
510
500
494
550
541
547
537
544
544
552
542
562
551
557
550
557
551
559
552
540
564
531
537
551
538
550
517
507
549
536
512
554
547
525
533
553
531
530
542
539
530
538
539
528
529
522
496
518
523
517
496
514
524
525
532
540
537
527
533
527
515
528
540
530
542
546
544
547
526
535
542
537
535
536
530
553
542
554
555
555
549
550
544
549
547
547
553
562
566
557
569
560
569
561
580
569
585
560
575
568
584
572
571
571
565
580
573
586
573
578
575
573
566
512
497
490
480
536
548
526
497
558
547
545
568
529
506
521
497
483
548
546
494
513
516
525
536
518
531
524
519
520
513
503
520
510
508
493
520
501
516
517
514
524
521
520
520
515
524
530
518
520
502
500
504
473
481
504
505
521
521
542
536
502
453
522
452
487
485
500
500
514
514
547
546
559
572
557
577
567
580
593
586
599
608
601
614
600
588
605
619
614
619
616
597
607
625
619
640
626
616
599
582
615
623
594
624
629
586
614
597
577
609
625
617
635
624
642
630
643
635
618
644
597
608
635
620
606
591
615
627
616
600
616
605
615
607
617
600
588
610
602
615
608
607
594
592
583
593
595
583
584
582
574
584
561
551
580
584
599
618
589
605
610
605
589
620
618
595
602
597
594
605
607
598
603
598
593
569
589
580
590
600
584
595
580
591
574
554
578
537
544
527
569
559
537
560
540
560
564
550
535
520
513
532
531
534
550
550
561
569
555
566
558
565
563
570
567
560
563
561
543
550
536
563
549
554
564
565
552
558
550
563
560
551
559
556
559
574
551
556
556
575
571
574
564
574
563
571
561
574
565
576
567
564
565
575
564
576
561
574
576
551
563
570
562
556
562
556
560
553
544
543
541
556
529
555
541
519
552
547
540
547
528
535
548
546
536
541
533
538
531
535
535
532
525
527
519
520
511
524
517
510
526
518
514
509
514
519
515
508
517
514
496
499
508
508
502
507
508
504
517
510
503
522
512
527
497
514
507
513
508
513
511
518
508
509
520
524
511
526
515
525
524
514
528
532
537
537
543
541
525
539
522
534
517
532
539
516
534
528
535
534
563
558
538
553
557
551
562
551
550
542
566
530
551
545
560
548
561
539
547
533
550
540
554
542
549
537
538
544
546
546
553
532
545
535
539
546
532
544
547
548
529
540
534
533
540
540
536
535
527
512
501
534
507
505
510
496
507
487
503
500
503
501
513
505
511
504
507
512
516
507
504
499
499
497
498
471
492
452
461
479
485
487
492
484
487
483
485
473
487
470
449
466
482
456
470
486
438
433
486
482
484
486
488
498
506
497
502
507
488
508
493
503
492
507
492
494
510
507
497
512
504
519
517
508
526
521
501
511
512
512
514
526
511
522
523
517
523
516
507
519
493
495
485
498
495
515
514
525
521
531
521
530
519
529
523
530
529
519
526
509
521
516
520
511
526
523
513
501
508
511
499
509
513
504
495
512
510
499
502
501
513
503
513
515
516
505
519
515
503
521
511
503
505
510
503
505
497
491
497
497
509
501
508
500
497
506
493
505
501
460
497
500
470
489
496
494
485
487
492
480
491
485
494
487
498
485
493
482
493
494
495
490
488
487
476
488
475
486
487
479
485
473
483
481
474
488
481
482
475
478
474
478
472
472
478
479
472
471
478
477
486
459
458
473
472
479
473
485
492
469
486
481
483
488
495
484
478
494
483
496
487
492
501
498
493
491
501
489
489
486
499
473
488
473
495
498
487
505
500
504
495
508
497
508
501
511
494
500
515
506
511
510
520
513
526
529
521
521
511
525
506
522
526
515
525
523
508
538
522
517
516
509
518
497
509
515
505
518
515
522
512
529
521
522
521
524
532
524
512
525
517
524
515
485
496
468
454
504
475
473
488
483
494
497
484
474
502
544
535
537
543
584
595
594
589
591
600
595
596
609
618
579
599
593
623
618
619
612
615
611
617
610
610
617
620
606
612
606
620
609
602
616
615
618
622
621
616
622
658
646
652
624
641
615
632
630
588
578
584
577
590
528
533
522
523
539
528
516
523
501
492
493
499
508
511
509
520
526
513
528
515
513
519
501
513
521
513
507
519
517
512
501
522
511
518
510
525
525
534
523
535
522
515
482
527
494
501
518
469
514
520
527
513
519
512
516
511
517
511
526
515
520
512
521
515
511
521
510
516
495
505
509
507
487
504
485
508
511
505
506
504
520
496
500
491
496
494
481
492
485
470
494
496
474
476
489
497
496
510
504
485
487
498
499
490
499
492
496
487
493
486
480
494
494
488
495
492
493
484
484
482
495
495
488
489
489
494
508
495
483
500
492
503
509
498
512
502
515
502
507
500
505
512
512
509
505
497
493
492
463
469
487
453
448
503
488
516
490
503
490
482
501
488
502
490
489
500
490
477
502
497
497
505
497
496
502
490
500
499
492
492
508
508
491
495
490
497
492
499
490
487
492
503
489
495
484
494
470
470
483
468
467
466
470
482
482
497
494
498
480
487
494
479
1922
1923
1928
1956
1945
1948
1967
1955
1945
1967
1958
1964
1971
1974
1966
1973
1961
1977
1968
1966
1976
1978
1967
1959
1960
1967
1962
1978
1977
1965
1973
1985
1989
1976
1998
1991
1999
1993
2001
1998
2008
2000
2009
2005
2016
2005
2016
2015
2018
2012
572
555
570
549
550
559
537
520
541
549
527
539
545
531
542
543
536
522
519
534
527
509
520
509
533
542
520
527
521
520
515
534
532
524
531
522
528
522
527
524
528
526
526
528
529
525
533
524
539
526
540
528
542
534
540
537
534
533
545
534
544
546
561
542
552
544
558
550
558
554
572
568
584
572
576
587
572
586
563
575
573
585
565
562
579
575
562
579
565
576
563
564
583
575
565
577
563
577
560
575
561
569
560
562
578
570
553
557
565
558
565
558
567
565
559
566
558
566
561
553
549
557
552
532
543
540
555
542
542
551
543
545
543
547
539
534
541
537
516
529
535
522
520
531
511
522
525
512
519
505
520
503
516
500
515
502
505
502
514
507
513
506
507
517
501
482
515
487
500
470
502
504
501
498
514
483
492
498
480
487
490
493
498
486
493
498
491
485
475
483
499
492
488
494
488
506
502
496
491
478
492
502
506
496
507
504
487
512
501
504
502
491
492
477
490
477
485
483
481
482
487
496
498
491
486
498
499
509
510
507
515
521
504
520
510
518
526
513
532
530
536
524
533
525
517
531
529
524
545
550
543
554
543
1032
1027
1033
1026
1030
1035
1029
1031
1046
1045
1061
1051
1058
1051
1050
1060
1057
1052
1081
1065
1083
1064
1068
1048
1058
1052
1069
1069
1056
1067
1045
1052
1051
1049
1060
1038
1029
1016
1030
1039
1032
1041
1024
1015
1029
1005
1022
1014
987
1001
523
513
514
516
515
513
508
504
500
507
499
504
484
504
490
494
499
474
447
462
483
458
476
482
486
478
495
476
481
481
493
491
488
478
496
494
508
489
496
489
504
490
502
493
507
492
502
494
497
495
505
493
506
484
498
512
501
508
502
509
508
501
513
507
507
513
500
511
505
513
514
506
515
512
516
504
517
505
515
504
497
509
504
509
503
509
504
508
512
502
513
501
503
514
513
506
501
514
513
506
26195
26197
26200
26189
26208
26182
26201
26213
26202
26219
26200
26212
26207
26218
26271
26278
26269
26280
26282
26277
26282
26289
26298
26302
26300
26296
26293
26318
26307
26309
26308
26305
26311
26321
26348
26314
26327
26305
26302
26337
26327
26339
26295
610
26303
26333
26333
606
608
602
592
582
583
578
631
559
26288
26321
488
473
468
446
26315
490
574
403
392
391
386
367
361
352
350
343
334
318
319
281
261
439
429
416
546
647
614
625
