66
68
89
71
70
66
78
243
270
305
67
325
327
355
354
357
354
394
393
412
426
424
425
425
324
322
393
378
412
425
366
360
371
382
382
393
393
419
439
440
456
458
470
491
492
384
418
509
510
508
510
550
506
552
273
467
429
482
533
405
363
363
308
452
279
552
442
299
416
472
545
508
305
552
322
475
491
477
525
393
426
357
406
509
457
485
476
487
525
532
524
592
585
544
604
598
585
601
611
610
609
615
584
597
597
563
398
379
393
383
393
393
418
419
436
430
435
440
450
457
471
455
472
455
495
496
512
512
529
529
551
550
570
571
589
591
590
615
610
536
616
549
542
551
530
523
537
558
523
526
534
517
515
514
483
389
494
272
231
141
336
354
328
311
520
433
423
499
251
233
469
195
208
188
414
174
157
371
139
113
365
86
362
322
294
302
285
265
189
175
144
131
397
100
470
441
386
395
95
250
213
458
25
9
6
81
93
31
30
42
57
69
77
84
93
100
103
112
123
126
124
139
138
190
198
208
214
207
221
214
223
230
238
232
238
253
245
259
252
256
263
256
265
273
271
268
277
274
275
300
299
314
313
330
342
330
358
356
372
386
386
408
407
417
415
417
438
444
444
460
472
468
460
485
488
491
502
496
502
502
498
505
498
494
500
495
499
498
501
503
480
502
502
492
509
499
490
506
510
505
513
519
517
523
514
520
522
506
507
508
494
501
502
495
509
493
504
501
490
500
498
505
504
483
488
490
478
486
477
482
481
473
480
475
478
466
484
476
486
472
483
475
470
481
469
465
472
461
478
455
442
462
449
449
440
457
431
450
432
450
441
449
458
436
443
455
448
436
448
442
451
449
433
437
455
442
431
429
445
436
444
440
441
442
447
446
429
442
449
433
443
442
437
454
443
442
453
439
443
438
430
430
449
430
448
436
443
450
449
445
433
447
439
427
442
445
440
446
447
442
450
435
449
433
449
437
451
443
444
438
430
439
446
446
439
442
422
447
447
436
433
432
445
439
445
443
445
433
436
446
435
451
439
447
441
8279
8290
8397
8411
8391
8403
8449
8447
8479
8467
8491
8489
8497
8497
8485
8494
8501
8497
8508
8522
8519
8515
8529
8522
8534
8526
8540
8532
8538
8539
8545
8552
8538
8552
8542
8554
8552
8557
8549
8562
8551
8563
8549
8539
8527
8562
8516
665
8557
8524
552
8552
598
539
558
558
566
556
543
511
521
528
506
519
516
510
521
511
514
502
492
508
501
517
503
502
511
492
502
503
499
494
494
505
499
494
488
468
463
480
497
489
480
487
436
453
452
470
471
484
486
485
499
498
485
497
498
493
500
490
482
486
498
511
507
510
503
516
507
516
522
527
515
525
512
512
527
520
513
513
522
532
538
530
555
552
546
543
543
565
565
583
580
561
575
570
582
580
575
580
573
573
586
593
594
572
576
583
584
594
586
605
581
587
576
586
578
584
566
570
559
560
568
568
567
562
568
566
572
563
564
556
580
564
544
552
534
543
545
529
526
534
509
511
530
519
518
525
517
528
517
517
508
517
514
504
485
498
495
508
508
504
490
502
508
516
504
514
517
515
506
497
518
512
519
503
511
524
518
522
514
517
496
507
510
505
510
513
492
502
513
506
514
507
502
529
510
534
526
520
509
533
522
537
530
548
541
553
537
535
543
535
545
553
535
541
534
538
539
531
535
531
541
535
539
537
529
553
535
535
521
543
535
541
535
539
534
524
532
539
535
537
531
523
516
523
517
533
523
540
526
530
538
544
532
541
530
538
530
528
537
526
536
516
529
519
531
537
525
524
535
522
509
529
524
511
525
527
531
521
527
504
510
511
528
524
535
535
523
546
534
536
530
541
523
516
536
523
530
523
531
523
539
516
516
501
483
447
325
402
421
363
335
347
307
286
469
297
274
497
260
238
414
394
241
202
219
195
181
461
166
512
442
135
129
393
357
123
111
365
83
478
313
442
267
210
140
378
98
434
172
93
248
154
12
8
10
4
4
4
14
6
10
24
23
9
15
36
21
17
19
48
8
33
10
77
49
24
15
4
1
6
9
21
45
43
54
25
17
32
51
52
28
39
9
10
26
25
43
53
30
38
41
31
29
39
43
41
44
34
15
32
29
50
48
61
63
72
81
62
69
74
73
79
66
77
64
40
63
70
63
41
39
55
12
17
19
19
41
45
49
66
70
86
89
111
99
95
111
137
121
95
67
48
49
101
97
132
135
91
61
57
59
117
123
50
111
49
142
99
95
63
134
141
138
94
110
57
78
4
12
9
29
38
46
51
61
62
83
87
109
131
134
149
146
81
130
149
86
78
104
59
66
58
54
104
35
55
124
84
95
64
50
93
110
126
61
76
6
7
36
45
41
59
74
64
76
60
46
40
10
62
49
45
26
77
74
65
47
20
23
48
49
80
126
152
157
151
155
156
173
173
187
187
187
211
211
229
230
249
261
248
261
259
285
286
301
300
314
315
313
334
324
307
300
301
328
319
331
292
294
255
321
251
219
321
210
197
331
167
153
132
317
191
99
118
83
68
61
109
325
303
334
325
282
333
323
241
213
176
314
320
62
330
303
258
160
304
304
233
125
87
283
310
328
369
176
152
163
163
181
178
191
189
191
213
214
222
221
224
249
250
266
266
286
285
301
301
318
328
326
324
316
347
347
360
358
358
361
390
390
399
400
403
422
424
435
434
448
448
466
395
351
275
245
213
175
464
298
267
307
452
264
248
416
218
399
465
206
381
176
166
157
152
133
150
353
118
462
114
107
316
84
341
466
242
194
435
370
126
324
84
461
284
410
218
198
361
431
374
100
129
150
102
125
129
153
152
167
168
177
178
178
177
212
178
212
240
240
255
257
239
268
268
283
284
256
308
307
308
335
320
340
339
354
354
371
371
388
388
403
402
422
421
437
437
455
450
467
467
485
483
500
497
497
522
515
522
518
528
516
534
516
533
533
525
541
510
535
528
520
550
549
550
542
541
550
548
544
557
543
553
540
546
539
550
545
560
545
557
541
544
553
546
548
555
538
531
550
543
536
541
530
528
543
530
515
527
515
528
511
516
505
511
514
517
497
516
511
503
507
514
512
494
502
502
505
487
487
500
489
500
497
478
488
482
493
492
482
491
492
486
490
478
489
487
487
472
455
476
489
482
472
477
466
473
488
501
504
489
506
501
509
502
519
502
517
502
512
506
512
513
517
505
521
521
525
518
521
512
510
518
522
516
513
525
520
513
518
518
524
512
515
527
523
504
517
515
513
518
518
525
514
511
533
529
500
517
510
524
507
515
515
513
518
515
507
502
508
495
500
510
508
493
511
498
493
503
509
502
497
509
509
499
488
507
498
501
496
479
505
493
495
487
499
485
494
501
508
509
506
508
493
509
496
495
513
504
516
486
500
492
485
470
468
497
451
415
433
420
429
446
481
471
473
473
464
471
464
473
467
471
461
475
467
467
466
467
482
472
473
479
474
487
469
474
479
487
489
486
497
484
494
489
485
497
497
486
501
481
500
478
493
500
498
469
484
478
478
480
503
503
525
517
523
526
525
534
526
534
528
541
531
538
528
536
531
532
514
528
528
525
539
536
527
540
528
540
529
534
528
543
533
526
531
535
529
521
513
523
546
530
521
543
527
521
534
526
537
526
538
529
534
532
540
529
547
518
522
530
534
534
528
538
535
538
531
534
527
537
535
535
528
533
526
530
534
512
529
532
520
533
524
520
518
532
520
537
525
537
526
537
531
541
531
547
530
543
531
542
529
529
541
532
547
532
545
550
541
533
538
546
539
541
534
539
531
541
531
542
539
543
541
545
538
541
533
541
539
544
532
546
532
547
545
551
518
547
535
522
526
519
517
535
533
530
532
536
530
536
533
9480
9480
9481
9480
9482
9479
9481
9478
9532
9540
9545
9543
9548
9550
9598
9596
9599
9593
9591
9598
9601
9599
9658
9656
9655
9662
9664
9657
9666
9648
9659
9598
9542
9537
9533
9522
9566
9634
9596
9652
9633
9603
9604
9620
9581
9596
9550
9692
9677
741
735
734
741
780
787
779
784
735
721
731
718
736
717
681
671
688
673
710
701
709
702
660
647
648
661
656
652
590
647
614
592
625
595
588
661
613
625
624
621
671
655
668
656
669
700
699
724
717
729
716
732
719
668
677
667
633
667
677
627
646
654
669
666
662
665
658
643
632
624
629
607
642
636
623
632
624
636
643
655
633
640
630
635
633
568
578
586
577
593
573
584
578
585
567
581
567
560
565
559
571
547
561
565
525
547
560
567
531
542
539
557
550
552
534
543
550
516
530
539
516
524
524
507
514
526
514
507
497
483
491
498
491
496
495
488
495
482
492
478
490
478
482
481
483
475
472
478
459
473
460
469
448
455
459
467
467
465
458
466
455
443
449
472
466
460
455
469
460
462
462
479
479
482
476
476
489
485
466
486
482
487
475
483
482
487
475
488
478
462
486
476
449
467
500
491
503
496
504
502
504
504
510
512
508
490
497
510
499
514
496
483
497
497
508
504
498
520
518
509
518
526
513
528
518
528
528
524
541
534
523
521
538
521
536
527
532
522
528
539
540
552
554
527
516
505
502
490
492
513
507
509
515
518
495
509
508
513
508
512
506
499
517
514
503
517
507
511
514
495
490
511
489
500
488
501
500
484
491
481
480
480
488
475
474
496
490
491
461
477
446
455
471
488
489
484
503
484
497
490
500
491
493
501
496
504
509
496
503
510
508
495
505
510
502
507
498
512
505
508
514
503
505
514
511
503
496
513
507
504
515
514
517
493
511
519
519
506
487
501
516
494
507
510
489
499
501
479
449
431
455
388
339
351
141
91
303
393
413
284
268
490
243
377
237
213
220
441
194
345
465
166
148
419
147
129
101
100
330
313
290
278
248
228
364
248
181
175
472
148
486
117
94
373
206
330
401
127
4
4
32
41
60
93
81
74
65
71
74
74
67
66
64
64
63
79
66
65
67
65
71
62
78
69
64
69
68
71
68
68
69
68
65
9
5
19
24
31
31
18
24
41
57
45
52
42
38
38
17
34
15
36
41
44
5
5
4
4
19
8
17
23
30
38
34
46
54
56
53
51
60
67
82
74
56
49
93
92
77
53
43
59
41
28
54
42
38
45
57
66
16
8
10
12
6
9
8
8
17
14
18
36
51
47
58
56
45
48
18
51
15
27
43
39
61
30
5
23
20
24
10
13
24
5
4
19
6
27
17
14
8
10
23
31
36
26
37
43
51
74
70
88
78
93
95
85
116
35
85
68
87
44
109
58
93
36
101
30
107
39
104
83
54
110
4
3
9
20
10
45
43
37
51
49
64
66
70
34
38
52
102
71
41
100
37
98
38
83
36
80
54
36
44
3
14
22
23
39
48
61
60
69
68
64
68
90
107
122
168
99
70
60
60
106
96
88
118
142
83
82
77
85
151
63
60
144
58
120
156
59
55
117
104
54
101
171
86
80
67
140
62
60
58
54
57
54
61
86
68
55
55
64
134
4
7
4
4
4
4
6
3
14
12
26
40
30
40
42
49
22
41
52
11
14
12
55
27
5
17
43
38
41
32
62
42
17
34
32
45
52
54
3
4
5
41
57
57
49
62
76
74
84
96
87
113
126
138
136
137
158
146
153
170
170
254
249
261
251
267
264
283
275
292
289
287
282
301
289
295
323
320
304
327
323
326
340
339
353
341
360
359
376
375
377
397
398
415
416
435
434
452
452
468
469
487
496
495
510
512
514
536
535
551
556
560
564
559
546
539
550
547
541
553
546
554
554
558
559
550
562
539
550
551
556
561
555
565
559
575
567
569
562
575
572
581
571
581
574
572
583
584
578
578
587
589
579
589
576
590
590
587
600
579
596
578
575
587
577
585
595
579
583
577
601
582
588
570
588
580
592
590
572
590
584
588
572
564
593
570
587
580
586
575
578
586
591
579
585
578
593
577
585
575
585
582
561
571
580
567
575
571
563
577
576
569
588
568
569
567
590
565
587
573
565
570
568
561
561
571
573
546
558
553
557
545
538
581
557
553
561
562
539
529
548
551
541
562
547
541
557
549
546
555
561
547
526
560
544
553
561
550
552
568
553
555
549
555
572
560
554
562
574
572
567
562
568
563
571
570
577
561
575
580
574
547
563
558
562
571
579
560
562
576
529
509
578
509
543
571
537
524
547
538
547
525
542
535
539
535
549
553
521
543
532
542
540
540
551
540
534
534
525
531
513
524
536
531
516
531
496
512
519
530
516
526
525
526
522
521
530
519
529
529
535
531
549
519
532
532
554
564
555
554
566
512
522
568
541
553
533
556
564
562
572
554
564
552
565
549
536
558
547
556
555
534
534
544
553
529
551
550
554
564
567
549
557
557
568
572
563
573
562
570
558
565
557
548
538
545
566
545
532
558
548
544
545
536
558
559
546
551
551
535
542
536
522
534
515
535
507
522
517
509
538
522
539
544
538
547
536
549
535
551
498
526
540
527
512
532
523
532
513
520
540
523
533
522
541
540
543
540
537
530
512
527
523
528
511
487
482
495
431
425
453
452
297
112
345
335
452
316
305
301
303
427
451
268
269
250
384
397
230
228
428
203
160
171
373
133
150
356
121
362
504
330
298
409
212
162
431
101
511
220
146
469
181
5
11
27
107
105
107
106
125
124
135
124
128
127
126
122
127
125
126
124
124
124
124
123
126
127
127
123
123
123
124
125
126
125
97
126
128
90
128
72
127
127
124
124
125
124
124
122
124
121
113
82
128
127
127
123
124
127
125
126
6
10
41
76
97
112
135
125
128
130
123
115
122
128
124
122
115
125
125
124
118
117
115
115
123
116
120
124
112
103
105
121
123
94
98
134
87
124
87
125
124
119
134
114
123
99
96
87
125
134
102
123
113
4
16
18
48
49
65
53
54
59
55
53
59
54
38
56
57
52
38
63
38
24
28
35
49
53
75
74
74
44
60
56
28
73
48
41
45
24
29
5
3
18
18
24
41
36
34
32
35
40
36
47
51
11
5
16
14
44
47
49
61
58
69
83
84
77
52
94
72
49
77
81
76
81
58
129
134
146
143
137
143
168
159
142
157
180
173
190
194
176
192
201
200
212
212
230
231
253
252
271
289
273
290
273
271
321
320
336
330
347
348
368
369
388
388
406
407
424
424
449
444
462
463
482
482
485
486
502
512
533
532
512
555
555
556
571
574
524
551
540
523
572
568
570
562
558
567
551
564
550
555
570
570
581
565
561
573
575
562
577
581
568
553
534
521
287
259
200
423
485
96
306
325
480
527
285
450
284
466
565
241
221
439
428
206
176
405
158
548
138
385
112
81
106
350
289
278
458
234
572
185
147
127
359
378
297
256
213
166
500
276
390
10
12
11
14
37
70
77
77
138
136
129
141
139
139
130
138
135
206
205
223
224
240
240
257
258
273
267
288
287
301
301
320
310
322
320
337
337
346
346
346
347
349
350
393
392
410
411
428
428
446
446
444
467
460
474
465
480
434
451
451
470
470
487
488
506
506
501
522
514
520
499
510
511
505
512
502
493
508
496
495
503
500
503
491
505
491
488
502
468
467
489
472
492
497
499
476
489
494
485
493
476
486
493
487
496
476
498
483
479
485
473
485
469
463
483
477
467
468
466
480
463
473
478
477
483
481
466
481
475
463
450
466
480
478
483
479
472
481
469
503
494
501
506
508
501
510
504
498
505
509
520
506
514
508
514
508
512
513
520
512
521
520
521
523
529
523
533
527
528
541
543
532
541
533
538
538
552
546
548
518
532
533
552
548
552
557
561
556
565
540
538
551
551
540
556
544
551
550
559
557
553
545
555
544
532
553
545
548
543
542
554
555
542
552
541
546
540
539
547
552
537
550
539
556
540
551
539
550
539
546
540
552
540
541
557
540
550
552
540
548
541
547
540
552
536
552
539
554
540
542
554
552
541
557
548
562
547
559
557
561
557
550
533
554
545
539
540
547
547
540
542
553
550
539
539
551
537
549
550
538
550
538
538
550
542
514
532
535
536
529
536
530
542
530
533
545
549
524
534
536
541
534
534
547
541
534
546
534
533
545
548
538
541
540
554
546
542
552
552
545
541
550
540
549
528
538
551
537
554
547
535
546
533
536
544
551
537
541
548
556
541
539
552
552
538
553
539
554
546
536
557
533
530
547
525
517
537
535
523
533
526
524
531
524
536
523
539
534
531
526
515
519
533
535
543
531
540
530
540
532
539
532
533
545
549
533
550
535
543
532
535
545
551
533
534
545
523
538
530
534
536
535
533
546
529
531
530
538
531
530
517
521
524
528
518
524
526
515
519
527
508
515
509
516
509
512
506
517
503
501
516
515
498
513
496
509
495
501
494
493
499
499
488
480
493
495
490
497
490
501
498
489
487
499
492
497
487
489
499
488
507
505
491
481
480
506
496
500
484
495
490
503
491
500
489
500
489
480
506
492
504
494
483
504
483
492
492
504
491
503
496
475
491
493
477
487
482
488
475
477
487
487
494
486
472
489
489
480
493
482
468
498
483
485
490
502
498
501
501
514
512
508
494
499
510
515
503
495
482
471
469
467
463
460
455
445
445
447
437
439
432
426
428
418
420
423
425
405
399
393
389
384
374
373
372
369
364
361
358
349
346
328
319
317
307
303
489
299
293
281
273
510
318
364
363
379
149
164
157
173
175
188
187
187
188
217
218
238
238
254
246
243
263
263
262
287
287
303
303
314
313
332
332
349
348
359
360
365
373
380
380
400
398
404
407
407
427
428
444
443
457
458
470
480
475
493
492
497
505
487
468
448
496
489
486
504
458
498
501
484
495
493
503
502
519
498
499
514
512
505
510
504
502
484
489
510
506
510
516
510
526
509
509
513
506
505
517
518
518
500
453
497
506
479
501
485
466
506
498
503
501
513
497
476
493
493
492
510
503
515
504
501
502
501
498
479
487
501
489
486
492
491
484
502
501
497
492
498
490
494
488
495
489
459
478
472
497
489
497
481
465
456
458
479
479
487
495
495
489
494
506
502
501
501
492
481
499
496
486
500
492
503
496
504
508
497
505
497
504
504
496
504
502
500
488
490
494
495
491
485
491
489
483
486
511
486
494
483
494
480
479
474
493
488
488
493
492
492
481
480
498
507
499
506
501
492
488
494
489
498
488
494
487
499
488
493
484
493
498
494
499
494
511
498
506
502
512
503
514
505
509
517
508
517
507
514
510
509
512
522
519
515
530
520
514
526
517
524
517
530
538
534
532
534
529
554
554
562
554
548
540
534
557
555
545
542
552
545
557
549
538
528
553
546
556
536
553
559
556
557
544
550
541
377
438
277
268
267
476
178
496
159
342
455
505
293
283
516
273
511
430
409
254
247
245
367
215
205
178
174
129
348
131
119
306
109
471
295
531
417
403
207
229
358
153
314
443
383
484
8
23
20
36
37
73
100
85
167
161
179
179
196
197
215
219
214
222
223
241
240
239
263
262
273
274
292
292
292
272
269
260
279
242
202
190
131
116
292
259
274
260
259
291
272
250
230
218
212
191
292
158
159
157
280
270
292
262
291
272
260
259
257
292
291
270
291
156
154
122
255
180
101
271
270
273
4
3
25
8
8
34
75
83
82
81
116
138
158
159
178
178
193
193
209
206
215
215
216
206
215
222
208
212
215
270
271
287
279
295
296
314
315
325
326
339
340
354
355
369
367
385
385
402
400
402
424
423
437
431
432
457
458
461
466
463
457
462
490
445
478
495
488
494
507
513
505
506
504
502
502
504
503
517
516
506
511
523
518
511
498
510
522
522
511
521
514
504
511
499
523
491
519
511
504
526
510
521
515
524
515
524
510
513
504
513
504
516
514
539
529
530
523
515
523
521
508
515
504
506
502
518
515
508
523
509
504
504
492
516
493
510
509
499
510
503
510
507
504
511
502
501
513
507
513
505
513
509
517
511
504
519
516
508
513
508
514
509
524
497
485
509
499
512
504
515
504
521
521
514
514
511
491
507
501
506
518
516
519
521
520
513
527
516
519
511
513
512
505
494
523
515
518
512
516
510
497
510
511
517
521
519
521
513
523
512
525
505
519
518
504
482
493
511
504
504
495
486
497
504
510
504
506
501
518
503
485
494
498
489
492
494
495
491
477
470
499
484
464
488
479
478
480
472
475
488
466
485
453
462
475
464
470
473
466
476
465
479
465
472
465
459
473
472
492
475
475
484
472
471
482
474
479
471
474
469
466
465
475
470
475
481
464
451
470
464
461
463
460
469
452
469
470
442
455
459
430
431
448
473
464
454
462
462
451
460
447
457
445
442
456
451
450
456
455
449
438
448
454
444
450
453
456
451
450
456
449
456
439
463
470
467
461
450
464
458
482
470
470
485
477
483
480
480
477
481
480
476
495
488
479
487
490
485
495
491
492
497
491
498
485
483
497
486
494
493
483
484
505
21357
21388
21382
21353
21439
21366
21258
21197
21188
21156
21380
97
21309
21286
21273
21298
21392
21261
21396
21251
21235
21214
21392
21220
21189
21363
21438
21172
21140
21343
21133
21125
21119
184
209
97
21325
21323
21268
21410
21245
21204
21178
21153
211
21417
21401
21370
21429
21336
21306
482
21163
21383
46
43
97
36
43
49
52
57
61
64
68
72
73
75
78
79
35
38
36
41
44
10
7
9
9
3
14
14
36
34
15
37
14
36
32
17
4
22
33
43
59
71
87
77
103
100
108
84
42
67
70
81
39
90
72
35
94
96
85
97
105
39
4
7
5
7
29
39
41
52
61
72
84
75
90
98
53
26
75
55
67
50
36
35
26
86
89
65
96
86
76
69
97
5
18
14
12
25
16
4
5
4
11
5
3
16
4
4
19
9
16
20
23
25
26
45
44
58
68
61
31
62
76
64
43
42
59
22
45
34
58
22
4
13
27
35
38
54
46
59
58
73
71
95
98
80
43
39
22
20
18
26
59
41
78
63
80
3
5
72
74
72
83
47
27
51
80
46
57
40
54
64
23
37
43
56
4
14
12
4
4
3
19
11
8
24
21
25
40
50
49
50
65
75
81
85
89
84
102
23
72
78
59
41
49
97
38
98
63
65
25
100
96
13
31
13
12
25
27
29
14
23
5
7
31
39
33
47
44
66
65
18
44
40
29
74
33
59
53
57
80
39
77
10
26
26
24
37
41
41
55
59
57
35
40
44
26
59
64
61
82
64
82
62
80
104
152
149
159
162
161
186
185
203
203
203
212
201
214
216
223
223
224
224
271
272
285
286
310
308
321
321
327
309
325
358
358
375
375
401
414
413
414
442
440
445
461
461
474
474
495
495
515
515
535
536
551
537
539
548
547
560
561
549
561
557
567
553
563
570
572
559
563
561
567
559
555
550
544
573
572
565
581
580
571
575
568
575
575
560
565
562
570
559
575
566
578
575
585
573
584
571
572
583
580
566
575
568
551
568
565
550
554
564
567
551
554
551
565
559
561
549
542
557
564
555
558
542
544
556
564
556
562
557
554
566
561
558
556
570
569
554
551
575
562
571
566
574
566
569
559
563
565
571
574
555
542
570
561
574
567
573
563
562
575
571
569
560
498
486
444
402
588
393
384
554
515
413
294
202
183
133
396
282
475
537
454
453
527
251
242
219
447
381
430
217
365
502
192
168
420
158
145
335
159
519
278
270
230
373
350
218
297
310
273
320
5
17
15
34
26
32
30
44
47
34
38
84
133
161
161
179
180
196
197
211
215
233
232
265
276
276
296
297
317
316
335
335
353
352
372
372
390
384
404
403
424
434
435
455
454
473
471
490
489
505
504
526
526
547
546
561
556
573
572
591
590
595
612
606
613
602
592
608
599
586
601
591
586
579
588
582
584
572
581
569
584
571
587
574
584
580
573
585
561
583
568
577
563
575
572
566
573
572
575
575
564
574
558
561
554
559
555
524
547
548
539
533
553
546
554
552
546
552
553
543
562
548
557
562
551
560
555
564
551
547
560
553
526
539
534
547
543
533
526
540
526
534
532
524
532
513
545
539
535
536
544
543
549
543
554
544
559
556
564
566
549
563
562
568
562
575
564
582
566
578
573
563
558
543
563
550
558
550
559
566
576
562
566
565
561
554
572
566
557
549
541
563
576
564
581
543
573
557
557
549
548
559
557
546
541
554
536
550
528
551
554
551
558
541
552
550
558
549
563
549
570
560
568
555
569
564
569
561
560
551
558
553
537
523
543
552
542
559
551
536
554
543
545
545
562
537
535
556
549
550
561
549
560
549
563
557
569
551
547
558
543
555
540
543
508
480
435
465
356
330
324
328
316
294
444
245
186
495
114
525
296
384
344
376
516
272
257
363
252
347
325
198
222
163
472
412
144
130
122
536
411
311
281
455
227
425
182
150
384
276
161
206
399
5
5
13
19
4
3
4
4
23
26
14
23
15
9
25
27
41
33
47
49
51
55
54
78
88
87
79
92
85
88
102
90
114
94
119
73
117
105
60
38
57
27
86
84
102
70
103
29
4
26
21
29
51
53
68
70
77
99
123
111
126
140
210
160
123
195
140
76
122
117
119
97
143
95
95
190
150
88
83
83
86
82
80
138
78
76
73
71
70
148
121
106
144
89
85
79
194
76
72
73
184
70
145
109
106
96
92
81
157
146
96
98
96
81
91
77
76
61
78
79
75
75
75
74
92
71
71
82
84
68
65
84
67
82
66
81
57
55
57
86
83
106
85
72
105
69
65
55
84
80
70
63
3
18
30
39
49
114
173
175
192
186
205
204
216
225
229
227
245
245
266
265
283
281
298
297
314
316
333
333
350
351
368
368
369
391
391
411
408
421
420
418
444
444
463
463
479
478
497
496
514
514
533
532
555
555
573
574
586
577
581
580
581
572
580
571
580
568
581
566
581
569
583
578
588
575
588
576
571
587
570
578
570
590
588
586
578
585
578
584
566
577
584
592
579
582
589
572
593
580
580
592
594
578
575
590
590
579
584
579
585
587
587
579
585
578
584
561
582
567
580
565
578
561
575
574
561
574
586
568
558
576
568
569
567
578
569
579
577
580
572
580
569
582
571
559
580
580
573
585
570
580
569
566
554
568
575
570
576
567
586
574
567
557
577
564
562
556
577
550
580
571
577
570
576
570
574
582
567
572
566
538
549
560
551
551
573
566
554
571
545
537
509
560
491
516
483
530
548
478
540
545
537
548
542
550
562
541
551
543
554
555
542
551
554
558
541
543
536
546
552
556
548
555
548
556
551
560
548
568
559
572
562
572
551
549
562
557
567
563
549
580
566
533
547
539
553
551
555
578
571
581
578
583
579
584
587
579
591
584
594
581
596
584
596
596
592
590
588
582
598
587
598
591
597
592
608
599
608
595
609
598
603
608
593
603
591
607
594
612
596
606
596
604
591
603
593
604
593
606
591
590
603
597
583
566
576
576
589
576
589
586
591
584
580
593
630
623
608
586
580
565
599
623
632
598
591
600
598
601
598
595
586
597
602
580
587
586
589
577
568
581
575
581
573
584
576
579
586
551
560
567
561
555
559
574
566
557
540
537
543
549
547
539
540
537
487
495
475
487
478
469
479
481
482
498
486
503
490
495
501
499
500
481
486
484
484
496
486
482
481
489
482
471
490
477
482
481
485
482
498
497
492
484
489
482
493
487
485
493
493
485
490
479
496
487
485
484
490
479
491
481
490
485
496
490
479
490
478
495
481
497
491
491
491
503
491
505
506
509
498
512
498
503
500
495
482
500
509
498
508
496
494
505
506
494
501
485
497
477
495
504
510
504
501
510
512
523
513
504
496
521
514
513
494
505
510
503
504
514
503
491
498
492
485
482
490
491
481
472
478
471
484
485
499
486
468
490
488
475
480
490
479
486
479
483
468
484
492
494
482
493
480
485
489
505
486
492
485
482
481
500
500
512
507
523
505
513
506
525
518
525
525
536
535
539
538
526
543
504
480
526
363
299
291
285
278
269
264
262
250
239
237
229
225
214
203
195
189
459
444
435
333
305
489
476
463
451
387
182
368
529
177
492
159
534
156
140
356
348
340
421
415
405
406
398
165
330
7
28
37
26
22
16
32
23
28
40
30
27
11
9
11
44
42
44
41
55
55
54
61
74
49
70
39
72
45
51
85
82
81
93
64
100
74
104
112
125
123
177
175
187
187
196
207
200
214
204
228
221
240
239
238
264
264
278
288
288
298
298
316
301
301
292
294
297
300
303
306
310
314
315
318
320
323
326
329
327
323
313
314
308
299
290
286
272
262
258
249
237
239
237
229
226
217
218
207
202
302
295
309
308
301
293
310
293
302
309
294
298
7
22
24
24
38
38
47
61
75
80
73
81
104
119
106
100
76
54
43
42
86
27
28
104
28
31
108
46
34
89
79
78
62
92
74
6
8
14
20
22
19
24
18
21
6
4
10
39
34
51
54
52
65
42
49
41
29
32
59
62
40
37
8
10
33
59
71
67
67
74
93
92
113
105
124
122
129
131
123
161
188
219
211
226
218
221
220
217
245
232
253
254
263
269
266
284
278
293
285
305
297
317
315
323
324
336
335
346
346
363
362
379
378
396
396
411
411
410
435
435
448
447
464
464
481
481
496
496
513
513
515
529
524
512
529
527
517
525
518
517
510
518
521
508
522
509
496
517
509
508
492
499
487
498
484
488
481
492
483
497
494
472
484
489
473
478
493
480
479
491
466
478
487
469
487
484
488
479
489
496
481
496
480
492
471
478
473
484
491
481
497
482
485
479
492
484
487
483
483
483
485
470
481
455
468
419
324
310
270
358
333
440
95
433
295
279
410
250
357
352
241
212
217
451
193
167
341
166
151
401
139
314
118
103
386
75
68
63
388
309
261
161
165
141
86
58
231
376
136
200
4
16
26
43
47
66
85
82
94
94
101
101
102
120
120
120
121
128
133
133
133
148
150
149
151
166
168
169
187
186
198
198
207
208
210
210
210
211
216
227
217
228
211
211
248
250
257
257
268
269
278
277
278
274
278
270
279
239
256
109
84
209
208
227
204
239
190
168
157
139
149
122
225
125
119
108
263
86
94
84
252
255
72
60
204
185
164
136
120
219
279
74
264
217
151
86
64
184
87
232
4
15
27
35
26
18
18
18
28
27
33
27
6
8
35
35
37
34
33
35
34
32
30
11
20
13
26
33
41
28
34
53
72
79
98
88
107
112
134
184
183
193
199
209
209
217
221
229
223
228
249
249
271
271
287
289
283
291
299
303
312
295
294
300
308
292
302
333
352
348
354
365
357
354
393
394
415
416
436
435
455
454
470
473
475
469
474
473
515
511
515
509
523
513
522
509
510
511
514
513
509
512
505
509
502
515
507
497
489
512
479
470
503
493
492
503
501
501
518
511
527
519
511
512
524
502
510
529
511
525
512
523
515
517
504
513
521
521
537
535
537
540
525
536
544
544
557
541
553
542
529
541
529
539
537
540
539
534
540
545
537
556
546
554
549
549
555
552
559
552
566
553
560
549
564
567
533
518
500
473
519
353
308
412
249
250
239
235
228
225
214
216
204
201
195
196
184
180
176
166
432
334
419
398
313
503
290
380
261
281
369
398
365
352
542
549
491
341
326
299
483
464
453
439
269
3
17
29
32
33
52
45
57
55
53
58
54
64
67
27
56
37
52
17
57
4
18
28
32
40
45
50
60
60
70
76
81
79
84
89
89
91
87
85
102
96
94
109
119
116
217
210
224
220
221
229
229
239
229
242
240
248
246
258
255
269
270
280
278
279
277
310
309
330
328
349
350
371
369
381
381
399
398
415
426
426
424
414
452
460
461
458
458
462
495
491
460
492
493
393
342
345
327
330
479
319
283
268
261
257
252
243
235
231
232
223
204
207
205
193
185
167
170
294
494
273
377
365
362
461
495
452
417
399
325
305
431
387
436
412
493
499
474
13
13
17
14
16
12
11
23
33
27
31
47
40
48
55
55
50
54
75
61
51
36
39
54
77
40
61
20
35
4
14
10
11
15
3
4
4
18
30
35
48
58
65
62
52
66
80
71
61
48
44
19
70
59
47
50
8
22
31
43
56
54
62
73
82
104
121
137
129
139
114
133
105
123
145
140
137
101
98
99
70
132
130
112
125
35
46
130
114
108
135
78
94
135
51
47
41
74
6
15
32
9
21
23
6
5
8
11
26
11
68
21
32
46
46
83
104
109
147
165
153
156
159
175
174
195
194
200
199
198
203
199
240
238
239
239
239
235
277
277
294
294
306
308
307
337
336
356
342
363
362
377
377
392
391
404
402
402
402
430
443
445
459
461
450
479
478
497
499
501
488
493
490
476
497
486
500
503
513
510
504
504
502
479
511
494
464
495
496
476
470
488
504
513
521
507
501
507
524
484
501
502
516
500
498
491
495
495
513
501
511
505
520
509
500
504
470
486
502
475
498
496
506
504
518
488
489
485
478
486
493
499
418
461
419
281
284
275
277
278
262
264
254
254
247
228
229
234
237
235
231
222
215
213
209
206
202
190
190
174
321
356
304
327
479
487
485
420
419
402
382
391
344
348
419
314
301
368
411
419
338
4
4
12
13
5
4
3
16
15
14
23
23
37
47
43
50
76
88
95
104
114
178
178
155
188
196
211
211
226
222
224
246
245
252
234
245
239
219
236
210
218
251
218
214
216
250
227
227
249
214
211
209
212
217
204
202
201
198
187
237
174
167
131
96
233
114
75
217
214
213
213
207
195
164
120
87
202
208
95
212
217
217
216
21
21
31
44
60
59
91
91
120
121
141
135
134
120
118
81
59
121
136
125
106
97
86
84
119
81
82
132
81
79
135
134
78
140
76
74
68
97
99
105
97
94
83
79
116
131
77
67
118
109
85
10
15
12
13
19
17
11
10
10
8
11
9
14
11
30
32
54
53
50
71
70
73
86
94
103
96
108
103
110
83
86
89
89
89
86
88
84
86
73
76
88
86
99
101
7
5
2
10
28
26
40
25
21
40
36
24
6
10
10
25
34
47
44
60
37
19
21
35
21
41
57
40
51
19
49
4
13
16
25
5
18
7
2
3
20
20
28
32
32
37
35
15
31
33
11
29
40
33
48
13
51
3
15
15
14
22
24
18
11
9
44
63
60
72
67
74
87
87
90
112
97
101
60
83
103
54
30
21
48
100
114
112
43
52
64
19
78
3
2
19
8
24
57
54
36
17
12
26
23
20
28
14
4
15
18
42
58
60
81
39
74
50
40
66
60
36
51
42
57
54
58
97
107
110
123
126
77
79
92
100
113
101
132
160
154
172
175
174
166
195
195
218
216
229
229
244
252
255
246
255
247
253
297
296
284
255
317
322
332
331
333
333
350
351
368
368
386
386
408
408
435
434
449
445
447
464
464
480
480
493
491
476
494
496
496
512
507
509
506
518
515
501
515
500
489
502
500
512
495
507
507
526
525
533
520
516
511
515
520
519
515
523
514
501
522
513
519
494
507
506
491
495
489
497
498
485
493
501
501
499
496
511
501
509
511
527
514
518
527
525
519
518
523
528
527
537
519
523
528
517
532
532
519
533
527
530
517
533
526
538
531
542
534
529
529
542
545
545
545
545
558
562
554
562
558
544
561
573
556
554
566
563
570
558
545
558
549
549
560
548
559
553
558
561
557
570
570
583
577
534
551
570
570
560
580
571
571
577
582
571
585
571
577
545
509
553
524
518
583
575
534
555
560
563
550
559
560
570
551
559
551
539
547
556
567
552
561
555
564
563
554
565
545
556
554
533
560
538
551
548
554
542
527
542
540
546
532
540
524
526
522
538
536
498
533
512
514
507
529
530
544
546
539
553
527
556
537
544
532
545
543
548
541
546
537
542
515
528
534
524
535
522
521
537
530
519
540
537
535
526
529
536
537
522
533
541
542
536
549
535
530
534
536
536
535
536
519
531
535
532
545
545
532
533
549
545
547
539
562
534
491
513
491
547
510
537
524
545
556
549
557
546
541
538
556
539
550
546
534
539
521
539
549
507
519
537
552
526
550
535
557
560
558
558
556
541
560
555
542
549
557
546
556
561
552
545
556
532
540
530
486
542
503
502
517
522
529
533
517
522
519
518
535
546
548
538
536
536
528
526
533
535
526
512
511
528
523
511
505
515
491
529
522
529
521
526
517
506
516
524
499
510
517
505
515
510
516
511
521
518
530
515
487
462
451
415
395
360
343
474
260
219
185
163
124
492
345
334
323
316
300
243
232
402
507
206
489
179
158
140
422
152
433
129
374
359
429
321
488
229
185
480
369
229
383
274
449
252
402
109
3
22
29
28
40
55
64
97
117
140
175
157
164
172
165
177
182
172
174
177
183
170
185
188
185
189
181
178
172
118
179
178
177
185
181
173
181
178
176
180
168
166
170
177
183
168
160
160
180
133
159
117
190
193
177
176
182
181
151
191
174
160
149
181
177
6
29
39
28
30
17
25
22
9
40
48
30
80
95
89
132
132
152
152
169
168
198
189
188
198
188
236
234
255
257
279
279
295
293
309
320
310
342
342
361
361
380
378
393
394
413
413
414
438
437
456
456
454
467
482
482
483
480
495
498
492
497
494
533
523
533
538
532
540
536
537
547
554
552
540
566
540
546
544
529
538
529
526
541
539
542
550
505
518
539
529
532
542
548
534
490
510
540
526
500
542
539
525
530
529
534
524
537
532
546
535
534
556
547
546
560
553
552
565
548
560
538
526
531
554
545
548
558
562
552
567
561
550
566
571
571
592
574
581
587
589
573
583
548
528
530
485
529
404
366
480
321
292
273
263
528
241
110
349
562
318
342
452
281
523
437
467
510
415
243
211
556
208
157
142
401
124
372
112
358
121
563
257
242
428
197
151
138
469
386
301
173
505
499
344
12
11
21
72
96
111
122
107
104
111
70
108
107
101
109
116
105
100
92
110
85
84
82
85
108
78
73
59
57
56
106
101
101
91
88
86
109
75
59
105
56
103
76
57
100
66
55
5
18
132
126
139
138
158
151
164
164
182
180
181
202
215
214
229
229
243
242
261
261
263
266
266
265
311
311
330
330
349
348
369
369
384
385
382
407
408
426
427
443
442
461
461
474
474
475
496
496
515
514
507
528
518
524
502
515
511
522
517
536
538
540
526
536
521
532
543
541
550
548
551
565
531
563
553
563
549
564
552
573
555
569
562
579
577
571
556
559
567
569
564
558
568
570
573
543
543
571
566
537
559
550
580
580
583
581
598
571
569
570
565
576
567
579
574
573
578
577
558
574
560
575
574
563
564
557
564
541
539
542
539
555
528
548
546
557
552
565
560
553
557
562
575
562
576
569
584
583
585
587
557
559
572
568
573
571
570
572
570
563
570
556
557
565
564
551
566
557
547
555
561
552
565
557
566
558
566
569
571
574
576
579
573
568
565
565
563
556
563
557
566
545
566
552
526
537
539
546
544
542
553
551
550
547
550
553
552
540
544
550
548
542
523
540
538
535
549
536
548
536
553
541
549
549
544
550
522
543
540
539
545
538
546
534
546
534
546
533
544
545
536
543
545
549
541
554
540
544
557
555
542
533
546
550
562
551
560
563
564
561
566
564
557
574
568
562
562
580
560
569
571
559
569
559
567
560
568
579
585
584
573
564
575
564
578
565
577
564
565
575
559
563
570
559
565
564
562
559
549
564
557
575
556
569
543
549
552
541
554
542
552
549
552
542
552
545
549
542
538
533
540
547
544
522
540
529
547
526
513
534
533
522
535
528
523
533
527
534
532
534
536
534
525
534
515
538
534
542
527
539
532
540
529
540
533
544
532
544
531
531
543
541
534
544
534
529
540
538
548
531
540
534
546
533
540
547
554
540
540
541
552
520
525
506
530
497
545
543
536
526
532
529
540
537
529
532
530
531
529
533
525
526
532
529
522
528
517
528
521
507
522
512
517
513
513
513
504
525
513
519
512
529
511
501
509
514
505
488
507
508
500
499
513
485
481
501
501
516
506
508
523
520
519
517
498
509
516
520
513
515
517
498
515
481
505
494
496
484
466
490
346
158
113
435
67
304
429
295
288
446
271
382
239
260
204
191
198
172
388
378
158
171
351
349
363
128
72
91
419
303
281
251
231
222
185
157
105
326
388
453
344
408
133
482
5
14
27
74
106
135
140
138
141
159
159
156
181
191
190
207
207
224
225
241
240
257
265
265
278
283
283
301
302
320
318
331
329
347
347
356
364
366
378
379
381
408
408
419
418
431
430
432
452
451
468
476
476
494
494
511
498
496
502
486
500
488
500
493
474
501
474
480
493
493
466
478
481
479
478
502
488
500
492
497
487
481
500
488
491
495
486
497
492
501
506
492
504
495
503
499
513
511
512
504
517
508
522
505
518
506
518
510
524
523
516
517
523
521
516
511
529
520
528
526
535
523
537
528
544
514
530
517
526
518
521
528
522
528
531
530
532
521
545
536
540
535
525
535
536
524
536
527
539
532
525
537
533
539
537
547
533
546
536
505
542
535
518
517
524
524
542
545
528
540
546
541
536
536
547
544
532
546
534
537
533
535
527
525
530
526
532
514
532
515
524
527
524
529
520
532
521
527
517
521
515
513
522
511
499
519
500
506
504
515
511
510
530
531
540
539
490
508
501
498
522
499
511
517
511
518
506
517
507
509
515
521
503
498
489
475
469
462
459
451
444
441
438
431
428
424
421
414
406
404
400
397
395
479
398
381
384
512
464
457
457
465
458
460
451
463
452
464
466
446
458
451
444
459
446
455
445
457
446
466
465
341
344
335
343
339
343
341
360
360
378
377
391
392
407
406
424
423
442
442
459
458
456
477
478
498
500
509
517
525
509
517
521
522
511
524
513
531
514
480
506
487
513
504
519
504
523
513
526
502
514
503
512
505
514
507
502
502
517
496
450
472
486
482
518
463
499
487
496
489
498
491
507
506
504
502
492
477
497
495
503
486
492
480
487
480
478
485
485
477
494
492
505
516
515
494
495
498
494
497
494
486
495
496
491
503
496
490
508
489
475
489
502
501
517
518
529
526
524
518
522
520
514
528
521
508
503
510
514
506
518
512
522
519
522
511
524
517
525
519
525
514
535
520
538
522
520
531
528
521
539
527
524
530
531
526
534
526
527
533
530
537
532
526
531
522
522
509
495
480
475
472
469
463
463
455
459
446
438
435
426
425
416
415
408
405
397
394
391
382
377
368
366
358
355
350
345
337
333
328
326
317
313
304
300
293
287
284
279
276
273
267
260
513
521
486
4
3
9
8
29
32
15
17
30
61
59
61
79
49
70
58
56
50
50
89
86
95
96
35
37
58
48
39
60
79
56
106
51
49
38
102
92
42
10
8
27
38
37
21
20
20
17
4
5
5
28
21
15
16
14
57
55
70
66
70
72
76
86
87
90
93
69
65
78
47
61
67
49
50
46
77
63
94
92
67
14
21
22
21
47
12
49
37
15
40
13
3
4
30
24
27
38
19
23
22
20
4
19
19
33
43
46
53
60
43
51
42
45
49
47
38
34
42
65
36
54
5
24
22
35
33
58
68
81
62
44
30
59
54
72
40
82
32
87
86
64
47
34
31
94
102
51
30
37
5
7
21
29
39
29
49
60
61
70
85
85
86
87
168
165
173
173
189
186
174
192
194
202
200
200
198
201
215
215
215
231
242
242
257
257
275
274
256
289
308
309
325
325
350
350
367
368
386
385
404
404
425
424
441
441
459
456
472
473
486
486
507
506
511
521
517
524
512
516
523
524
520
515
505
524
502
517
517
514
530
517
525
528
521
534
532
534
527
535
515
503
496
520
517
507
521
504
485
477
502
522
501
503
467
477
428
300
265
221
203
160
154
352
456
398
292
389
266
387
262
248
437
495
218
206
357
194
179
462
163
330
132
323
448
407
108
101
306
316
284
251
375
421
195
145
107
487
357
344
106
231
112
10
20
20
39
49
91
104
117
120
144
144
161
154
170
169
181
185
193
196
193
219
220
238
237
254
254
272
273
290
288
314
312
330
330
346
347
351
350
349
345
343
329
342
329
121
330
342
295
274
307
270
232
260
226
252
214
342
330
344
336
170
344
153
330
131
111
99
350
92
340
83
330
314
334
288
233
206
330
180
160
146
328
323
195
188
334
6
8
40
39
159
156
166
166
181
179
195
189
189
223
210
228
228
245
245
263
274
283
283
299
307
306
307
334
333
348
348
366
373
370
370
372
365
410
409
426
427
444
445
463
462
473
478
475
477
508
515
514
540
539
551
538
543
555
553
547
545
538
549
537
537
525
549
538
521
533
532
525
506
511
521
507
516
514
516
511
517
518
517
524
513
514
514
523
518
513
522
509
497
488
518
521
512
517
506
519
498
488
495
489
496
482
491
449
418
393
478
404
317
245
242
238
240
227
228
210
293
200
171
365
386
431
424
465
324
324
460
325
303
298
213
209
195
189
181
379
431
160
142
128
374
342
442
489
260
169
159
367
401
280
272
252
6
3
6
23
19
34
14
10
34
25
12
7
21
5
13
33
36
42
59
53
73
72
73
70
82
72
57
82
64
109
67
28
116
127
113
104
110
115
42
29
46
92
94
114
81
47
31
61
53
7
20
40
55
59
64
75
80
89
70
58
48
42
93
33
19
35
28
74
76
44
87
30
90
62
84
4
15
36
31
47
44
54
65
67
61
65
76
96
104
60
58
46
66
94
119
60
105
56
51
52
76
47
78
63
48
116
124
57
54
73
122
64
117
38
