90
52
118
50
399
474
219
438
229
231
217
430
433
688
765
447
234
780
215
466
437
227
216
226
440
778
783
781
1188
1175
1187
1000
1221
1208
984
1180
1127
1173
1218
1201
1307
1307
1375
1366
1174
1373
1366
1503
1499
1602
1608
1669
1670
1691
1746
1746
1494
1740
1845
1852
1847
1923
1891
1919
1980
2030
1968
1992
1927
2001
2067
2002
1977
2066
2031
2183
2082
2012
2019
2051
2089
2116
2056
2034
2060
2094
2021
2073
2075
2150
2043
2103
2103
2132
2103
2177
2114
2130
2180
2087
2148
2139
2068
2094
2099
2089
2078
2040
2013
1957
1972
1988
1986
2008
1984
1990
2001
1955
1948
1899
1892
1851
1957
1870
1897
1814
1806
1735
1807
1817
1693
1727
1675
1732
1637
1686
1614
1678
1534
1567
1505
1536
1496
1455
1423
1457
1417
1394
1348
1372
1332
1353
1341
1352
1294
1320
1292
1314
1284
1311
1298
1179
1098
1139
999
972
1232
893
767
1164
674
653
655
627
616
816
606
583
565
563
537
525
451
453
441
424
407
368
1022
1077
837
788
1092
728
391
703
686
1211
1243
959
931
521
927
497
480
862
883
996
1117
1222
584
9
32
29
52
59
29
66
52
67
7
65
27
49
75
114
145
110
127
105
125
101
84
52
132
127
63
94
67
11
45
55
41
44
44
22
17
67
99
94
122
143
159
164
200
104
137
108
140
100
131
77
37
43
122
127
94
183
73
178
174
85
32
5
26
40
22
44
56
79
78
80
101
117
120
133
124
132
151
145
153
163
142
48
97
103
146
106
59
63
44
143
167
163
149
142
138
102
12
8
10
7
6
17
16
7
4
26
8
23
49
18
26
23
52
17
11
29
49
52
46
50
64
89
98
100
109
95
103
111
123
108
119
83
73
60
93
125
106
71
92
54
78
14
31
28
32
74
70
70
95
111
110
115
128
111
146
42
143
97
84
77
81
59
114
116
131
96
134
60
54
109
74
81
6
33
49
46
57
52
38
34
54
14
56
61
60
41
15
25
9
6
4
19
43
52
52
62
42
26
17
47
62
32
30
44
52
6
21
37
36
40
54
49
61
45
60
48
56
72
65
77
76
102
114
109
109
146
177
210
210
230
229
252
232
252
254
275
265
289
287
309
306
321
343
335
339
337
368
367
384
396
396
382
374
428
429
445
444
470
469
491
491
510
519
517
544
541
544
568
568
589
590
589
618
628
629
651
652
668
661
666
663
638
446
393
308
279
453
561
381
366
351
325
336
654
308
296
247
492
216
232
192
469
193
191
178
490
149
578
119
111
110
530
416
626
662
376
513
273
522
603
502
587
438
133
436
426
613
238
165
159
246
8
10
7
8
19
20
46
66
81
75
81
94
108
116
124
122
142
140
143
144
137
156
176
163
179
194
173
94
171
98
102
161
158
46
185
43
45
140
182
140
136
135
75
59
191
71
116
73
17
19
14
22
12
14
5
24
26
39
55
37
32
34
57
50
56
21
29
54
19
42
58
83
103
98
103
67
112
65
63
63
58
42
97
115
83
81
66
101
93
39
6
4
23
25
24
31
31
21
32
27
56
66
76
78
81
81
96
86
114
129
127
161
155
140
150
96
117
59
129
127
81
78
68
120
97
132
59
99
96
98
59
141
84
81
67
58
95
67
152
15
47
47
87
68
66
80
71
84
103
96
99
132
129
137
183
226
227
244
255
236
244
236
251
240
236
250
269
268
294
280
296
298
304
293
332
330
359
358
375
376
395
410
411
432
432
453
453
452
487
496
500
513
524
526
513
525
523
524
512
599
598
626
626
642
641
639
595
590
530
499
461
542
333
332
312
297
295
289
283
277
247
218
393
340
491
581
464
646
565
455
620
601
408
604
393
426
518
375
360
356
217
196
622
462
419
279
246
243
608
182
318
228
442
6
5
29
38
37
59
71
85
61
70
46
77
74
58
67
158
219
227
234
233
248
254
245
248
249
236
252
252
269
266
266
293
313
326
327
313
356
353
353
382
380
382
415
416
429
429
454
453
465
468
467
498
497
512
511
509
509
551
550
571
571
594
596
602
570
624
616
629
624
620
635
599
613
629
610
612
596
606
596
584
609
601
604
609
617
614
607
609
588
622
598
592
578
587
601
591
577
598
591
588
587
601
598
574
603
594
593
604
593
605
614
602
604
608
606
612
601
595
608
608
596
613
594
617
618
623
616
621
596
612
560
578
613
577
573
608
592
585
582
608
617
609
613
603
613
600
604
603
600
594
602
603
588
604
581
592
597
592
598
603
596
590
605
611
611
619
605
602
577
621
610
598
609
589
601
620
609
623
629
622
642
632
652
643
610
654
656
636
627
642
641
644
645
657
641
640
640
647
657
642
647
619
642
627
600
601
632
622
639
625
647
636
606
633
623
639
629
606
633
601
596
598
600
644
635
645
635
638
596
617
632
606
622
630
642
641
652
649
632
618
620
631
621
619
618
606
628
632
620
594
632
601
627
633
635
661
654
664
653
662
635
635
637
640
644
651
676
664
693
689
669
651
681
672
672
676
663
693
674
674
669
685
691
682
674
680
672
666
688
678
685
681
697
694
685
673
676
664
685
686
703
694
708
690
698
691
695
686
700
711
704
689
692
707
665
706
685
673
644
677
651
674
668
667
683
666
690
638
625
605
604
644
679
674
660
674
643
668
673
675
654
663
663
688
670
664
673
665
684
679
664
653
671
647
659
641
661
660
636
658
638
615
630
650
650
628
637
644
645
632
629
636
632
624
634
603
580
580
588
589
611
613
636
631
637
643
651
656
647
645
629
642
619
661
627
626
623
642
645
637
639
643
622
635
648
633
644
637
595
638
619
616
626
621
617
628
614
622
614
609
633
628
632
611
625
624
630
637
631
627
638
634
635
639
626
634
624
636
628
631
629
622
636
619
626
635
650
639
635
625
635
638
641
621
626
644
638
660
648
649
644
656
646
660
648
653
661
666
659
675
654
671
654
648
657
647
660
655
643
652
641
649
638
607
596
623
643
628
634
643
644
631
634
638
623
635
630
620
620
632
638
646
626
640
626
634
622
619
627
607
627
625
620
626
630
623
627
639
638
623
637
635
627
635
623
640
622
602
610
626
627
628
599
605
605
624
615
606
618
619
601
609
624
625
613
608
629
610
625
614
603
604
586
588
596
591
604
589
615
622
613
614
625
630
608
605
621
612
603
586
591
575
604
614
604
624
602
600
593
596
612
604
619
605
601
616
607
625
610
598
604
612
627
623
610
609
608
626
611
607
601
599
631
637
612
626
627
615
595
607
610
597
602
605
604
594
597
612
614
621
609
599
600
9778
9790
9772
9787
9775
9760
9771
9749
9806
9797
9804
9809
9804
9813
9811
9818
9821
9832
9827
9836
9834
9800
9812
9817
9817
9831
9814
9823
9799
9803
9815
9818
9808
9815
9807
9816
9806
9813
9807
9795
9813
9802
9816
9806
9804
9814
9818
9808
9815
9818
652
637
643
643
654
599
617
606
618
627
598
606
600
614
613
590
600
603
590
592
599
605
592
610
608
610
596
593
614
601
610
602
612
605
605
595
614
586
603
612
598
596
605
607
601
602
580
581
569
565
555
602
593
553
540
589
575
595
593
570
578
599
591
592
588
587
596
604
611
577
594
600
597
598
606
576
603
599
593
590
585
570
590
576
579
561
575
570
562
560
562
582
561
550
568
566
537
533
535
535
554
554
574
572
580
569
588
589
578
589
580
586
577
587
577
586
583
594
594
573
595
588
590
583
593
575
561
575
578
583
573
570
590
583
604
596
602
594
605
609
603
611
617
608
611
603
607
604
608
605
613
603
614
610
621
608
614
606
609
590
612
574
610
610
594
605
591
592
599
602
601
593
601
594
601
599
605
603
625
626
617
589
605
598
598
598
616
607
601
607
594
607
576
606
583
598
612
611
596
611
603
589
576
585
597
594
589
575
554
599
580
577
569
579
575
586
543
553
560
568
582
582
567
580
571
553
562
559
573
574
554
571
551
560
547
550
557
567
549
536
541
556
546
547
562
536
549
542
555
546
560
551
539
543
550
530
538
561
544
546
554
558
556
548
563
550
536
542
555
563
564
552
562
561
571
555
572
566
576
568
578
576
569
575
566
580
571
579
563
583
573
558
569
586
549
585
578
584
566
581
573
585
578
600
585
593
600
602
593
604
596
595
576
583
601
606
613
613
618
606
616
607
616
600
620
612
619
606
622
610
631
619
632
617
628
621
630
633
639
637
659
639
625
644
641
633
627
645
676
659
659
666
669
661
654
677
672
665
651
665
648
664
663
654
661
651
658
640
645
651
655
641
643
643
655
642
649
657
656
647
651
648
645
640
633
624
653
645
617
633
640
641
633
637
628
626
642
668
620
619
631
636
615
609
605
493
499
499
474
505
569
343
276
522
170
371
359
331
606
326
268
251
244
468
222
592
210
440
191
424
414
620
164
391
557
158
185
378
159
162
314
582
287
296
440
453
497
235
220
411
356
537
532
552
7
4
4
24
52
59
52
56
74
64
90
100
106
16
33
104
47
91
59
88
64
39
36
19
31
62
5
22
41
54
41
42
30
44
45
27
24
5
18
8
17
4
9
5
12
20
7
16
20
48
49
50
61
48
72
83
87
102
103
110
107
117
125
114
132
139
146
133
146
144
105
156
108
129
84
72
82
107
35
138
60
111
62
85
39
10
21
17
35
32
43
41
22
29
35
8
16
29
41
41
32
40
31
32
43
70
38
28
57
62
15
63
15
13
30
30
51
50
47
48
67
52
31
40
20
58
60
44
17
4
6
16
30
32
42
52
57
77
77
99
104
115
86
48
122
90
113
73
72
70
124
58
61
96
48
41
40
126
69
112
100
108
94
93
6
31
26
31
36
34
17
45
29
27
31
4
3
5
5
8
25
35
53
54
54
56
69
70
98
95
96
112
125
122
142
140
141
158
164
155
153
148
171
111
175
177
143
90
88
84
134
113
68
51
35
45
106
145
135
96
127
93
121
60
109
64
5
3
8
8
59
57
73
79
76
73
61
55
52
69
31
67
22
65
74
56
23
63
34
59
13
25
30
42
41
24
26
45
18
40
29
41
29
80
91
88
71
69
65
88
86
85
103
51
39
95
91
50
49
92
47
68
50
43
67
72
4
3
3
17
18
28
27
42
43
53
52
66
80
72
90
106
81
51
70
93
53
49
40
38
112
34
84
36
69
83
110
61
66
86
37
42
15
13
9
11
6
16
4
15
14
33
31
30
41
51
53
73
79
82
89
103
115
112
123
121
139
137
164
153
110
101
99
95
77
85
61
60
59
162
56
45
131
114
155
126
124
129
151
41
46
115
141
75
4
14
9
13
13
40
42
29
35
45
31
59
57
36
13
38
5
23
35
46
41
48
37
40
65
71
81
75
78
37
30
79
25
61
4
33
54
63
63
66
69
73
55
47
37
40
54
34
51
76
53
5
20
37
14
28
23
27
26
4
3
18
27
30
12
17
28
28
29
39
53
73
74
86
86
107
113
109
105
108
127
135
131
139
141
170
133
68
153
156
123
65
135
68
56
46
40
83
131
92
91
82
143
110
62
47
42
119
5
7
23
27
6
3
3
5
4
19
18
19
24
21
15
8
10
28
29
52
37
50
58
43
39
23
23
44
37
40
3
4
25
17
37
35
46
44
21
38
47
42
40
19
14
3
6
3
13
24
24
22
35
21
46
11
9
37
42
49
6
17
31
33
34
49
22
25
32
52
23
15
40
55
56
12
12
34
32
53
65
59
72
71
50
66
62
28
41
57
27
41
47
31
34
10
23
10
7
22
8
18
24
8
21
31
21
23
33
21
19
6
8
30
39
33
37
60
55
73
86
80
101
99
117
130
142
158
149
160
170
153
170
158
187
188
206
201
215
214
222
266
278
264
293
292
303
296
315
303
299
318
319
338
337
316
342
333
321
328
325
337
320
348
347
367
352
373
374
395
396
402
399
400
399
436
437
452
454
464
465
484
493
493
511
521
520
538
537
552
552
566
559
571
555
569
562
569
536
558
472
307
211
498
358
371
328
334
552
520
469
452
302
280
259
445
219
235
418
230
507
182
187
165
428
150
122
477
143
100
87
380
396
309
294
270
551
200
171
127
114
352
513
435
405
252
485
5
16
23
14
16
26
15
13
31
31
61
58
72
73
96
83
101
115
132
111
84
114
140
86
68
82
63
135
107
138
97
91
67
59
87
150
125
158
115
186
179
192
199
190
194
150
201
214
200
207
206
216
215
223
226
222
238
237
242
239
256
257
274
274
276
279
286
298
301
301
323
321
321
350
358
358
372
371
373
399
399
417
417
434
434
454
453
471
472
488
497
496
506
506
506
536
536
547
538
543
536
538
532
544
538
535
547
543
533
549
537
556
542
556
552
564
563
563
544
562
557
568
539
549
497
515
423
398
349
277
257
233
178
135
337
472
459
455
311
302
289
558
274
443
264
408
220
207
202
541
490
159
153
141
367
355
539
329
435
254
479
190
172
526
125
318
508
414
384
374
549
4
4
8
16
15
27
23
41
38
35
39
52
42
58
73
81
92
83
97
111
110
118
111
83
70
63
121
105
64
104
63
40
93
95
82
80
105
108
40
118
60
6
6
17
4
7
16
9
13
11
7
6
4
29
22
22
45
17
31
13
41
43
15
34
5
5
20
16
26
25
42
55
48
49
63
66
67
84
101
92
115
123
107
118
131
137
106
108
87
112
82
103
56
53
45
44
120
96
84
123
79
76
55
88
41
122
8
12
11
5
5
3
16
18
25
39
41
31
29
22
20
40
22
5
17
47
55
64
72
64
74
82
82
88
104
65
75
59
86
29
27
102
47
44
56
34
98
25
24
84
59
97
7
5
3
2
18
4
4
14
23
16
30
27
38
50
65
46
30
29
62
35
51
25
47
45
26
50
65
3
3
3
11
20
35
34
35
44
74
74
89
96
106
105
111
96
134
38
39
66
123
99
97
124
114
38
56
41
38
75
65
55
78
11
11
4
6
30
41
7
45
45
53
51
59
60
75
97
89
75
60
100
49
47
52
96
41
63
52
25
91
63
79
44
3
3
9
28
25
16
33
24
13
31
27
18
19
25
30
39
46
57
63
60
66
62
85
96
96
95
103
120
129
132
142
129
28
88
80
151
122
101
74
65
42
39
127
56
38
91
76
63
108
34
126
113
60
18
25
27
16
34
24
32
30
28
14
3
2
5
6
10
30
27
5
8
3
5
33
21
25
19
16
22
26
25
18
15
35
34
44
56
55
59
67
77
54
43
29
78
68
25
57
53
59
18
56
4
12
11
3
4
5
3
4
9
11
6
16
4
17
15
29
32
42
44
60
72
71
75
73
90
91
116
123
128
135
102
151
37
125
142
91
83
77
52
125
68
149
40
106
104
80
143
64
107
141
5
16
15
21
42
61
63
61
61
67
59
83
75
71
97
110
103
124
131
153
148
148
178
177
195
191
169
132
149
172
136
112
184
102
90
174
160
78
80
54
78
150
56
74
138
113
112
81
152
155
134
100
53
182
70
5
11
3
17
16
28
26
44
50
51
47
69
75
82
81
89
49
39
86
50
89
59
62
69
21
60
37
45
83
6
5
3
4
21
33
28
37
30
49
45
55
60
78
76
80
86
88
87
81
85
114
117
136
146
161
171
176
181
158
110
101
97
126
164
88
162
73
71
125
56
60
48
144
38
47
99
77
74
68
134
94
102
85
55
5
4
20
23
31
33
49
46
49
63
71
88
79
20
50
49
57
78
22
11
28
75
68
7
23
23
26
28
24
14
38
41
9
18
33
31
52
53
77
78
81
80
94
87
85
105
124
134
128
46
122
114
96
92
132
55
50
49
43
53
35
30
130
123
127
68
129
64
66
89
115
121
24
41
49
46
48
83
106
140
166
171
178
178
201
200
216
214
231
220
229
227
240
242
257
256
268
277
277
292
290
308
301
316
316
335
334
354
365
362
379
377
377
401
401
400
414
421
430
428
429
458
458
468
468
476
484
478
502
500
506
505
528
527
536
540
526
525
536
536
529
544
534
542
539
547
542
547
533
547
531
542
543
537
534
545
539
533
539
528
523
542
540
545
543
559
540
546
541
551
543
547
540
548
545
535
552
552
544
557
551
544
548
547
541
553
542
538
539
552
528
537
550
540
533
535
517
530
530
530
539
533
533
513
522
521
535
507
522
515
525
511
511
522
518
502
520
509
510
500
510
510
496
499
510
512
511
503
504
503
513
507
507
501
516
507
513
491
502
516
499
516
507
511
499
513
498
504
515
509
510
429
481
441
360
401
369
420
315
348
288
339
468
285
265
236
244
208
221
369
285
176
448
155
387
139
152
181
118
102
360
94
436
491
306
295
509
250
408
450
162
123
475
392
369
111
327
204
189
6
15
11
12
32
16
16
24
26
16
10
12
13
14
5
5
30
61
47
63
79
68
78
63
54
39
30
41
68
23
87
72
59
75
25
28
65
75
4
4
12
12
3
4
2
4
22
24
37
38
51
63
58
56
74
52
63
41
67
58
40
31
61
54
49
76
38
15
28
40
52
66
84
95
101
129
154
164
171
181
178
157
149
156
114
117
119
121
123
156
125
149
168
121
169
170
114
148
139
128
137
126
161
124
117
115
122
124
105
102
100
141
158
125
109
102
100
149
126
109
179
9
26
35
29
38
41
48
59
60
65
80
90
97
145
161
161
173
172
181
178
191
190
205
208
216
215
233
230
237
234
250
250
262
274
275
263
303
303
322
334
334
333
322
365
366
389
389
407
406
19792
19790
19787
19832
19846
19831
19846
19843
19875
19884
19883
19838
19861
19854
19838
19708
19666
19654
19872
215
19766
153
112
116
116
19730
19678
19842
19792
19646
19643
19780
19606
19595
19759
19884
19575
189
19749
147
19728
19747
19881
19809
19881
19717
19822
19803
19621
19615
19586
158
137
19686
19658
19786
159
19884
19719
5
15
15
34
60
48
16
38
43
42
36
45
13
3
18
14
25
25
33
30
44
21
8
29
36
13
43
31
33
48
38
35
41
22
45
32
15
42
4
3
4
11
14
3
14
28
19
26
37
17
28
20
31
47
56
46
25
14
19
53
28
34
17
43
49
47
49
62
70
85
108
106
185
183
192
187
188
185
195
221
214
227
222
218
249
250
246
268
270
284
280
283
287
282
303
304
317
318
334
335
352
352
368
379
378
394
395
393
417
417
437
437
456
456
474
474
490
491
510
510
516
521
519
502
496
532
541
526
525
534
525
536
529
540
526
540
513
524
532
523
504
522
526
533
529
527
522
531
529
521
514
526
531
519
522
525
518
515
531
517
504
516
526
510
522
505
515
488
508
518
505
514
512
511
505
513
510
509
507
509
501
484
488
504
495
506
507
514
504
515
507
496
513
504
494
514
507
510
501
502
508
504
512
498
511
512
513
516
516
532
530
532
536
531
535
549
536
551
531
555
544
550
548
541
552
549
537
548
529
541
538
532
551
544
535
523
540
548
536
541
528
538
531
523
536
522
528
538
539
529
534
536
527
533
527
529
534
519
499
518
507
512
502
507
500
502
518
509
500
505
504
507
512
511
504
498
514
508
500
515
505
508
521
515
487
522
512
506
508
519
511
507
524
521
526
531
532
535
526
539
539
534
521
533
533
533
545
537
554
538
547
540
537
542
530
547
543
539
544
533
546
534
544
533
525
525
529
512
515
473
528
537
491
482
510
528
523
524
520
519
518
529
519
528
519
527
525
532
529
484
497
518
497
526
512
512
521
523
515
523
517
527
520
528
512
512
525
525
517
507
517
510
498
501
523
531
509
527
507
499
525
525
543
536
555
550
568
556
561
555
548
566
522
534
555
563
557
563
551
558
543
571
571
571
571
582
583
581
585
581
575
585
579
591
587
581
591
583
592
594
599
599
608
582
616
582
593
591
583
572
596
580
585
584
567
553
575
577
584
572
581
549
570
567
568
561
590
574
582
567
576
574
566
574
569
584
574
568
577
581
571
578
558
549
576
565
561
573
584
571
589
576
576
581
559
579
582
569
583
571
562
551
570
566
542
550
560
554
565
557
559
567
573
565
569
561
571
559
571
560
570
561
563
566
558
548
534
559
523
545
525
545
522
481
559
499
517
538
506
473
528
516
517
533
524
533
520
524
510
518
526
521
508
516
518
527
521
517
496
505
527
510
501
505
507
503
505
502
491
495
498
498
489
499
493
487
503
482
482
503
493
482
466
482
481
497
496
494
485
495
499
506
499
515
505
518
517
520
521
516
522
511
524
501
514
522
511
508
527
513
540
524
519
520
535
524
539
532
523
533
530
530
496
512
518
506
498
517
514
520
538
522
525
530
524
510
529
529
533
513
533
524
510
527
513
507
498
514
507
491
503
508
507
486
497
504
502
498
485
500
472
489
484
484
478
482
478
482
481
493
490
494
494
484
483
477
507
498
519
498
482
493
488
480
487
482
484
480
478
475
479
478
481
471
478
481
469
477
481
470
472
472
478
487
492
464
423
392
425
414
361
189
420
157
149
146
138
132
131
124
236
235
371
229
354
334
492
193
176
304
169
323
303
453
295
288
277
456
389
470
382
248
231
210
192
176
440
303
276
262
260
345
405
158
3
4
26
15
35
12
18
32
4
13
13
18
23
32
46
31
11
14
34
37
19
4
3
20
20
28
36
34
48
64
62
45
55
39
43
87
28
24
21
27
58
76
79
19
48
61
16
18
31
30
33
46
48
52
36
11
34
12
67
66
9
39
49
5
14
16
6
8
18
9
10
16
38
35
42
45
45
55
33
42
32
57
59
22
39
32
31
13
27
28
45
53
52
48
69
79
95
103
111
108
132
144
125
117
98
111
91
87
84
77
73
142
118
54
118
97
43
98
109
88
52
51
42
77
100
107
64
10
9
8
6
4
14
14
34
34
35
37
50
63
62
77
86
90
75
92
75
89
16
70
54
37
39
90
12
74
78
89
57
60
7
6
22
36
18
10
25
22
7
8
5
4
16
7
16
13
4
4
11
7
7
25
31
33
40
44
56
56
82
75
83
90
80
86
105
92
64
26
93
58
78
53
53
98
45
79
23
106
107
55
49
51
75
72
103
28
7
17
31
29
43
54
65
65
79
78
77
65
77
69
75
71
114
140
167
204
206
210
207
215
217
224
219
205
227
215
209
235
236
249
249
249
240
278
277
290
289
304
294
301
320
321
340
340
356
356
375
375
392
393
408
408
411
419
422
421
448
449
463
463
479
479
498
507
501
497
512
521
519
506
518
511
522
518
509
528
516
520
527
517
527
534
515
531
535
526
527
533
525
521
514
522
516
514
518
519
513
501
528
513
515
526
515
526
521
514
513
521
529
519
526
506
526
514
522
521
517
525
516
510
506
517
508
497
510
527
520
515
527
521
515
522
512
510
485
498
509
501
508
503
505
509
510
503
506
497
439
458
474
493
483
506
513
455
477
467
429
454
366
170
165
166
164
142
136
113
113
96
95
90
298
266
255
276
231
357
397
477
384
196
193
194
449
178
378
168
358
489
368
467
453
322
306
247
242
211
212
409
346
287
207
404
413
4
16
31
34
42
41
91
110
102
91
79
80
94
69
77
79
76
74
77
77
74
80
80
110
80
69
67
65
101
108
80
76
81
70
69
66
70
77
69
5
6
23
40
36
35
36
55
62
66
89
77
52
58
38
55
41
81
22
50
29
21
58
74
3
19
16
9
8
6
7
14
19
35
38
53
42
32
41
44
26
21
52
42
30
20
5
4
20
5
6
4
19
21
17
7
4
10
8
23
31
25
36
35
45
58
49
45
61
60
67
62
69
81
82
89
87
94
95
94
119
111
107
98
102
77
50
63
45
50
24
78
124
101
75
71
86
23
39
75
23
34
53
64
66
94
108
109
126
121
128
130
119
125
148
159
136
148
124
117
113
136
113
128
101
85
157
127
100
130
47
151
135
131
91
50
133
76
111
89
5
4
19
10
4
8
6
27
27
48
51
61
72
85
81
79
78
94
99
106
110
89
90
93
102
77
64
63
62
110
48
44
45
101
74
101
52
92
40
80
35
112
5
16
15
43
42
40
61
64
70
68
69
68
53
63
39
36
87
61
53
47
51
39
84
4
4
11
18
20
23
23
18
28
25
32
14
21
3
5
14
11
16
23
16
24
27
42
29
26
28
56
75
108
107
111
129
115
121
128
100
105
106
107
108
102
85
73
112
101
115
117
87
84
82
124
67
119
104
102
104
75
66
88
58
100
118
8
19
31
31
22
21
16
24
4
6
17
14
5
21
19
28
35
57
55
65
24
31
32
14
59
50
54
28
41
4
11
19
22
21
36
70
80
79
90
89
72
96
76
90
96
79
87
75
121
84
83
130
145
148
156
159
163
162
175
170
198
203
220
202
205
209
208
207
212
228
230
240
239
233
230
215
239
245
243
249
266
264
249
279
295
296
308
308
325
325
346
346
365
364
379
377
392
392
408
408
425
425
437
434
452
451
471
471
489
499
499
510
502
506
508
513
511
528
514
518
517
517
491
516
498
515
505
511
518
522
527
523
515
529
478
485
492
498
495
536
525
531
526
527
523
529
525
523
534
527
530
529
536
524
539
537
539
528
533
524
538
526
536
529
517
527
528
522
524
530
517
520
486
508
527
490
535
526
541
525
517
529
517
519
506
503
481
506
516
509
512
512
507
494
520
501
505
517
517
508
523
516
509
523
514
520
503
512
518
524
507
510
503
517
511
507
503
509
503
505
519
488
328
450
230
350
477
320
291
420
283
251
260
272
493
221
213
205
380
163
187
133
187
356
145
119
101
341
73
438
80
391
319
433
306
412
485
487
240
402
180
368
127
90
464
290
459
403
495
157
108
176
13
18
21
30
23
24
30
44
72
74
116
138
134
165
173
173
191
190
206
203
206
205
194
205
238
246
248
266
265
270
281
274
283
283
299
306
307
326
326
344
344
363
363
377
374
385
386
403
403
420
421
434
445
446
451
451
459
460
459
480
477
480
513
512
509
508
514
523
519
522
484
517
506
514
514
518
487
502
507
507
492
476
520
509
524
513
517
512
528
513
523
511
520
514
528
515
526
506
517
505
517
504
519
491
514
512
519
518
524
516
532
509
517
510
515
519
511
502
507
508
503
504
517
509
503
522
507
518
516
503
513
506
510
518
511
503
503
510
509
507
488
503
481
508
502
494
498
497
503
499
498
503
486
499
492
496
504
504
495
480
496
488
496
482
495
504
511
485
506
493
495
501
505
489
502
486
498
506
490
495
490
498
503
486
490
497
491
499
488
494
488
493
494
501
489
505
491
502
491
494
506
494
499
507
495
501
507
499
513
502
512
517
508
516
503
510
504
510
494
505
499
508
499
514
508
494
495
509
516
508
518
514
511
514
501
512
515
521
509
519
508
509
518
518
499
505
511
517
519
528
519
512
542
556
555
534
548
555
546
553
553
553
555
555
545
560
547
556
547
557
545
549
557
558
554
547
549
566
555
559
562
555
569
561
569
550
564
560
569
564
579
551
568
561
576
582
562
565
557
558
565
565
525
529
515
525
527
514
522
508
509
512
520
510
508
514
515
510
497
522
514
519
518
517
509
504
511
511
501
508
496
501
492
499
490
494
498
505
494
503
490
490
502
487
502
491
479
477
484
484
496
486
489
481
446
462
428
468
489
450
439
473
492
464
480
487
481
482
479
487
478
488
479
490
487
474
493
486
496
491
493
489
500
484
478
487
491
491
481
495
484
494
487
495
492
510
496
509
503
494
500
464
499
484
470
464
470
471
491
491
506
501
499
500
518
505
517
509
515
511
515
510
519
510
381
351
320
450
191
192
183
521
346
287
279
264
424
229
238
486
208
399
388
202
479
366
468
179
165
147
333
142
139
124
451
117
303
112
441
215
407
499
370
463
518
99
297
255
244
354
313
437
169
271
7
20
17
14
22
34
45
30
39
44
36
49
163
162
178
180
194
181
198
190
212
211
230
231
249
248
265
264
283
281
298
297
315
313
314
339
340
357
357
375
374
394
393
410
409
428
427
444
444
462
462
478
477
495
494
508
510
520
522
523
542
540
554
552
554
545
554
547
548
554
528
549
547
544
534
512
525
533
546
539
527
546
529
532
542
536
533
531
535
509
522
530
519
534
530
519
536
520
537
520
523
534
524
538
532
523
521
532
516
534
527
544
518
526
535
533
519
529
518
515
523
513
513
527
518
504
529
512
519
519
514
528
515
520
525
514
519
514
523
514
522
503
515
517
507
507
521
491
502
519
506
495
504
501
500
499
505
504
497
499
497
508
503
488
475
481
511
493
487
502
500
504
496
500
493
498
491
483
498
490
479
497
490
497
496
477
484
488
481
489
488
483
489
477
480
479
471
463
465
457
465
480
468
479
471
470
478
469
479
484
466
464
470
470
457
432
466
468
469
460
466
465
460
432
454
455
441
463
454
448
443
444
463
451
471
470
475
482
471
487
476
494
482
492
492
494
494
487
482
498
492
486
494
476
494
481
499
484
491
481
490
483
485
491
477
484
470
485
495
502
512
498
508
520
498
497
498
520
514
509
526
525
534
523
502
515
499
487
484
512
487
476
471
492
491
481
396
382
373
369
460
354
329
446
260
133
492
423
295
426
251
242
222
216
362
194
199
434
160
384
141
136
458
117
109
482
339
468
311
268
417
244
167
345
145
162
139
87
320
274
180
313
219
403
10
8
8
4
20
20
37
44
54
64
86
85
114
116
108
118
130
140
139
144
157
150
163
182
209
230
230
243
247
246
264
255
270
269
287
286
298
295
310
302
314
307
320
320
327
326
338
331
320
332
330
338
331
347
345
358
365
357
367
384
383
402
384
402
384
402
438
318
304
240
428
373
116
429
434
313
297
287
275
257
235
401
224
197
176
167
380
152
358
162
427
123
345
125
120
324
80
426
336
437
422
270
223
203
219
427
133
410
77
409
438
183
390
107
250
138
3
9
9
23
31
29
31
31
33
41
34
41
52
45
48
55
56
61
61
73
69
77
87
80
97
106
103
124
132
154
191
190
203
202
214
212
221
217
213
228
235
231
233
247
245
259
261
262
258
274
281
272
269
283
284
302
301
317
315
323
323
338
338
361
360
374
373
391
393
402
402
402
431
431
446
446
461
462
462
485
478
474
480
481
484
486
475
472
467
483
480
476
477
486
484
488
481
482
488
473
489
476
484
486
488
488
477
476
483
489
21742
21742
21728
21743
21808
21801
21802
21807
21785
21808
21796
21792
21793
21817
21858
21852
21865
21847
21865
21860
21870
21837
21863
21825
21787
21738
21709
21745
21845
21796
275
21788
219
21837
21683
21824
21810
412
21733
21732
21800
401
369
296
286
243
241
21764
241
21704
21770
239
168
21677
134
144
128
120
409
368
21709
21789
257
21702
21663
21753
385
21717
161
267
3
2
7
8
4
17
32
27
45
55
62
58
67
55
86
90
84
85
111
109
117
135
134
95
102
91
82
114
25
23
93
53
36
33
51
135
71
4
8
6
6
20
20
31
25
21
23
19
4
14
15
26
25
17
34
55
54
61
52
53
68
71
86
91
106
113
115
105
82
63
112
125
60
103
98
55
35
39
74
78
61
57
44
95
109
107
49
3
2
2
17
26
57
73
76
94
95
106
102
104
107
125
124
148
134
136
104
120
100
127
79
85
55
53
147
33
32
132
98
87
139
59
45
39
116
107
8
7
20
21
29
34
51
68
67
80
81
93
102
103
96
120
210
209
222
220
241
241
260
258
273
272
289
277
291
287
291
292
302
304
293
299
312
305
310
323
322
320
341
341
355
358
360
358
392
391
407
406
421
420
435
435
434
462
461
479
480
492
497
506
509
508
523
525
518
526
523
498
507
514
516
523
511
527
511
528
513
522
504
512
512
528
528
506
435
484
455
441
489
463
500
518
526
470
499
505
499
506
498
511
501
498
500
509
507
505
486
494
496
505
494
486
477
509
502
500
494
495
478
500
487
477
494
468
485
495
484
495
492
498
499
486
496
474
465
465
486
463
475
498
498
510
511
524
525
538
532
543
537
535
544
542
550
530
535
546
546
517
521
525
532
537
530
525
514
531
553
553
556
551
562
542
557
558
568
559
568
566
571
550
558
568
555
556
571
565
550
566
560
539
553
549
549
550
565
546
544
556
554
541
551
539
549
541
544
545
554
551
556
556
548
513
539
549
533
533
534
531
543
528
544
541
526
537
535
520
538
542
531
541
535
544
532
542
532
545
543
538
552
538
548
547
555
552
553
546
553
544
559
546
551
553
540
536
551
544
554
541
509
461
503
416
539
360
545
443
239
154
138
372
351
458
523
310
289
422
258
414
222
193
209
497
481
165
516
164
143
396
510
123
116
343
321
436
268
247
540
178
398
138
391
378
328
274
296
230
472
185
9
6
19
21
54
53
52
50
79
78
111
155
153
170
169
182
182
184
180
182
196
197
216
216
236
236
255
254
256
252
253
239
291
290
315
316
335
335
364
365
383
383
398
390
406
419
418
439
439
460
460
473
485
484
501
501
502
502
529
530
538
529
526
535
542
539
514
493
548
522
497
529
534
528
519
526
505
517
519
514
547
548
539
520
533
526
510
529
516
497
513
518
500
510
528
516
512
525
521
510
523
502
510
524
528
525
541
540
538
541
553
553
538
519
553
531
512
512
528
528
542
533
542
557
550
561
569
576
569
550
581
571
562
567
567
568
564
567
561
555
559
572
565
574
563
558
560
573
565
536
552
567
564
557
564
564
569
560
568
560
569
559
564
559
567
559
573
562
558
548
561
571
560
536
571
550
560
549
556
562
561
550
551
562
553
557
563
561
558
535
533
519
540
548
549
557
556
537
539
547
539
538
548
540
544
551
549
541
545
537
551
540
555
553
555
545
555
554
532
546
542
552
548
541
549
545
552
557
550
552
565
546
540
564
554
539
547
551
521
531
531
549
531
530
527
521
512
509
511
499
495
487
481
475
473
465
470
455
449
440
441
435
428
424
418
414
406
403
400
394
387
378
376
377
358
359
346
349
334
327
326
323
323
317
319
304
300
297
290
291
540
554
549
11
12
23
27
26
38
43
55
52
35
39
37
54
44
26
37
57
49
66
31
46
25
63
60
74
85
87
93
82
90
101
113
120
131
128
126
194
207
207
215
225
223
234
234
242
251
250
240
265
266
285
284
306
298
326
324
342
341
360
361
349
359
378
378
396
395
379
377
376
372
383
372
169
148
106
375
377
374
349
396
332
314
378
302
299
300
259
274
235
221
208
252
374
372
376
127
86
101
384
373
360
344
320
380
373
178
192
108
371
129
285
152
373
385
5
15
41
52
56
163
177
175
192
191
208
210
224
223
243
242
243
264
251
270
268
290
289
308
309
328
327
345
345
376
365
375
366
405
404
421
420
440
440
456
455
453
476
477
495
493
497
519
518
539
540
558
558
577
576
594
579
587
580
594
592
580
584
562
582
587
568
579
551
538
530
568
517
450
362
299
268
262
379
134
461
326
311
419
306
561
412
405
479
510
470
239
241
226
369
206
189
218
405
189
143
166
126
113
332
488
285
254
462
362
153
438
495
279
388
350
170
3
13
13
33
46
43
49
60
115
136
128
126
134
101
98
101
99
100
92
98
98
105
129
105
100
99
100
111
100
102
127
102
113
92
92
92
99
134
105
99
99
99
99
102
98
103
101
99
126
8
16
7
28
10
22
18
3
8
6
9
10
5
4
37
19
19
45
12
53
44
15
19
38
43
70
65
41
55
17
21
93
40
18
40
24
78
6
5
10
11
14
19
17
12
10
17
14
20
7
5
3
22
18
29
28
37
50
52
53
61
59
53
49
67
82
80
79
87
85
47
95
73
46
30
17
55
52
52
64
49
41
3
10
10
19
23
31
40
50
63
52
76
43
41
38
28
26
72
54
48
31
19
60
5
14
33
25
50
64
70
69
82
69
68
81
82
108
125
88
116
92
40
43
115
26
71
24
109
107
84
31
121
118
28
4
4
5
26
28
46
32
34
36
43
15
20
38
41
5
5
22
5
7
8
5
8
30
17
46
59
42
49
75
86
81
96
107
122
113
78
46
96
92
124
85
93
96
57
55
61
45
42
110
99
69
48
106
88
93
3
7
11
15
32
31
6
34
35
27
35
40
48
62
77
80
79
90
103
95
89
78
83
39
52
47
80
60
37
93
84
27
35
67
65
12
24
24
42
55
26
45
29
29
15
48
7
6
22
33
17
22
20
32
24
12
21
22
35
7
33
21
24
74
93
109
85
97
97
116
137
136
155
166
182
180
195
206
238
244
257
256
276
273
288
287
295
311
309
307
309
313
323
315
314
312
350
349
353
365
350
370
372
368
388
379
393
395
413
397
413
407
424
425
434
442
457
457
479
481
483
509
510
526
527
545
545
556
562
558
552
542
551
538
551
541
553
546
559
548
561
546
525
555
563
543
549
545
550
559
545
550
547
542
547
546
541
560
542
541
535
548
541
551
545
544
539
531
534
532
540
523
536
520
530
522
527
535
522
534
532
552
534
536
521
529
536
523
538
533
527
521
539
521
539
532
543
531
533
542
548
550
544
547
545
542
550
547
538
545
545
553
540
559
548
549
555
554
547
548
553
559
556
549
558
542
552
543
554
550
545
540
554
541
540
539
548
540
532
546
543
531
544
536
546
534
527
540
540
531
537
525
531
518
525
537
528
537
536
529
537
542
541
531
535
527
536
535
534
535
541
541
548
554
539
555
551
541
563
553
564
561
559
550
541
553
554
538
556
553
549
548
560
562
564
563
572
556
568
570
576
565
574
580
564
578
565
555
564
579
562
555
562
548
566
558
567
561
573
543
574
565
559
553
558
561
566
559
579
569
551
568
573
563
573
595
580
591
578
578
570
578
590
589
578
577
569
580
574
572
571
573
576
573
559
575
548
562
563
548
564
577
563
557
577
568
561
556
562
519
562
549
445
459
457
504
442
482
497
529
539
473
511
519
501
515
508
500
511
504
504
489
479
484
481
481
477
476
496
466
462
492
483
472
503
478
482
503
491
505
490
501
494
498
486
505
507
501
513
493
431
478
433
432
445
471
472
471
473
467
473
473
473
524
518
516
529
521
526
529
524
533
531
538
533
548
548
561
552
563
528
522
539
534
547
551
543
538
551
553
550
535
538
544
540
529
537
544
538
541
534
525
530
529
528
503
544
519
518
536
536
552
539
532
552
544
544
547
555
535
537
540
548
542
547
541
550
537
540
526
537
539
536
533
524
501
514
536
513
501
531
522
514
507
518
511
504
513
508
499
511
509
500
510
511
489
511
501
506
496
504
499
511
510
529
522
519
508
529
522
531
526
521
518
501
526
515
527
506
454
452
427
380
350
314
408
173
362
124
112
434
336
315
413
298
287
269
255
244
230
236
452
371
494
181
365
475
156
140
118
110
350
329
513
298
276
387
398
215
209
196
161
515
464
146
464
484
6
22
32
53
46
52
86
115
107
97
95
75
71
96
63
62
81
111
74
62
74
62
61
71
61
61
73
71
112
96
73
98
76
89
63
71
9
9
21
35
22
44
46
47
57
57
35
26
10
11
38
34
41
23
3
28
25
36
24
39
42
40
39
37
40
5
5
5
17
15
15
22
30
24
42
38
14
39
47
19
16
17
36
49
3
4
3
6
13
25
31
37
44
43
45
54
51
44
47
37
29
33
44
35
9
17
10
12
15
3
13
13
24
18
33
13
21
3
5
12
16
14
26
18
28
24
28
23
20
14
29
8
8
6
10
17
17
38
38
58
69
66
81
86
115
127
141
140
151
165
175
188
166
143
37
181
146
120
110
101
180
99
95
86
77
74
60
84
64
47
44
56
131
50
124
108
158
176
136
134
133
130
124
97
63
153
38
127
11
9
19
28
30
34
33
32
47
56
60
92
99
116
120
117
104
107
65
113
89
88
89
102
87
104
76
75
75
101
72
69
99
117
64
116
64
64
97
91
90
85
77
73
64
64
65
101
58
114
58
84
16
14
10
8
15
17
6
7
18
24
14
5
15
5
18
18
30
33
28
30
47
50
58
56
69
66
44
68
74
85
107
106
91
84
84
83
54
104
64
67
51
47
46
78
74
83
56
50
79
69
80
2
4
18
15
4
19
12
8
8
18
18
9
20
4
8
6
4
13
4
10
18
24
19
5
3
23
19
14
14
8
19
17
4
13
23
21
19
31
38
45
32
34
42
54
55
40
25
57
61
22
28
28
37
8
5
32
47
55
66
66
85
101
98
118
135
68
54
93
106
86
126
86
73
107
66
55
54
43
45
103
117
130
89
132
73
114
131
51
129
41
118
83
55
4
4
28
23
14
32
13
52
13
70
90
55
74
89
74
58
61
54
42
49
71
20
56
69
52
29
44
74
7
13
13
12
3
5
10
26
27
24
26
11
9
23
12
11
30
28
47
48
67
67
33
46
64
42
28
54
74
88
88
107
105
116
70
68
114
60
80
78
76
91
99
97
85
45
58
110
83
100
77
95
29
38
103
66
43
21
54
80
10
22
18
8
21
14
6
39
15
14
26
19
20
40
51
50
53
59
47
45
45
84
78
89
88
82
87
102
97
75
74
102
92
43
46
47
42
54
68
68
49
45
90
65
87
47
3
13
11
24
20
37
36
35
41
42
37
49
53
61
67
69
68
81
95
103
101
117
50
114
81
77
119
80
60
114
112
53
51
37
98
32
93
117
73
58
110
37
75
35
8
14
17
15
5
2
3
3
13
20
31
33
47
33
38
69
83
83
70
96
106
103
112
125
85
111
118
81
77
74
103
48
46
117
42
32
35
31
98
114
66
49
102
112
74
100
64
17
15
28
24
26
48
35
48
53
48
81
78
108
118
139
159
173
175
179
178
174
195
195
211
207
223
209
243
240
249
245
263
261
275
275
284
284
301
301
316
316
326
329
326
312
316
320
325
328
332
336
340
342
340
345
349
346
343
341
343
338
329
330
318
315
319
315
298
288
288
284
275
273
267
263
253
252
245
239
236
232
321
314
329
327
326
321
313
331
312
318
4
18
18
26
34
41
46
78
75
88
82
89
86
81
115
123
125
133
152
153
209
209
222
220
235
238
234
243
239
241
273
271
243
284
286
291
284
293
296
297
316
309
320
315
332
323
325
329
327
329
333
331
354
355
368
369
369
370
369
367
407
405
406
432
432
449
448
460
462
460
469
472
475
463
461
475
488
487
476
489
468
478
462
466
475
462
472
456
474
471
460
474
470
474
467
441
457
447
428
462
469
469
463
20850
20845
20846
20846
20841
20865
20863
20875
20859
20867
20874
20865
20881
20875
20888
20886
20887
20903
20901
20873
20889
20880
20893
20881
20908
20902
20910
20906
20913
20895
20901
20914
20904
20914
20900
20923
20914
20921
20908
20931
20925
20924
20933
20930
20931
20934
20929
20944
20938
565
570
549
572
552
542
565
552
564
562
567
559
551
558
547
510
500
493
428
415
454
533
448
553
421
503
398
466
524
438
402
527
477
486
485
508
506
502
508
498
490
490
491
491
507
499
514
504
521
511
524
509
523
516
499
510
498
502
509
505
498
510
503
392
447
442
508
399
397
403
398
428
428
455
456
476
474
498
498
517
517
531
531
551
551
575
569
584
585
591
503
491
485
481
480
569
512
392
465
362
345
306
290
270
273
259
246
242
234
230
202
177
410
574
393
523
387
253
362
446
463
437
363
538
225
328
222
318
427
198
280
479
398
583
363
348
183
591
429
11
24
35
86
84
82
87
48
44
62
71
58
54
55
84
51
51
50
45
60
42
76
75
47
44
90
63
57
4
3
22
13
23
21
47
35
32
38
40
45
57
55
73
75
96
102
111
124
136
161
172
179
189
173
187
198
199
209
210
211
247
242
251
260
258
278
275
259
264
256
251
250
243
243
243
274
169
127
249
245
243
263
266
263
279
235
263
231
204
256
200
256
192
257
251
158
252
139
278
110
268
106
263
242
269
223
203
261
276
145
242
260
186
244
263
4
3
4
12
12
11
34
34
30
51
62
36
51
29
16
14
54
25
22
27
8
20
29
41
49
46
66
64
65
77
82
38
81
69
54
45
91
59
34
78
25
56
25
93
39
35
37
8
19
26
42
33
45
39
59
66
73
82
79
87
82
94
92
110
113
124
143
154
205
197
214
208
204
222
223
235
234
239
246
237
252
250
252
260
270
268
277
279
278
280
277
277
267
277
278
276
278
334
333
333
352
352
350
352
371
371
372
391
391
411
411
427
424
427
450
450
464
464
466
471
475
460
467
471
462
471
465
466
468
458
482
478
488
486
472
485
494
493
494
471
472
471
490
482
500
500
524
520
522
522
539
529
542
540
551
550
542
554
552
549
540
553
540
556
546
555
551
558
558
578
556
561
555
569
569
584
574
579
581
588
558
570
567
558
566
529
548
525
519
533
545
550
537
549
540
537
550
539
538
528
521
550
543
546
544
554
553
548
543
552
544
547
550
548
550
543
565
551
538
488
409
495
287
424
244
553
335
353
476
313
530
289
437
518
266
239
227
411
196
546
163
143
505
131
123
109
75
377
406
451
351
344
322
460
213
205
171
423
282
99
84
469
301
185
409
406
263
155
5
3
17
15
15
18
40
38
12
11
15
35
9
22
34
47
61
52
68
78
79
96
97
98
121
139
141
136
140
147
188
184
209
200
221
251
254
265
258
278
266
275
272
237
231
280
222
185
162
81
167
164
257
156
154
223
277
154
150
154
149
257
206
149
208
150
148
149
131
116
102
81
189
279
145
261
163
154
153
149
266
195
137
137
184
165
152
264
95
210
188
148
