20
16
14
176
198
290
171
201
138
120
154
136
127
265
281
303
296
302
284
125
138
135
310
150
264
220
156
281
132
304
281
130
133
655
635
647
782
1026
1077
1085
1021
1031
1029
1160
1148
1145
1146
1252
1256
1342
1390
1362
1410
1396
1387
1485
1474
1570
1505
1564
1564
1663
1652
1662
1745
1779
1744
1744
1825
1813
1912
1879
1965
1964
2038
2037
2115
2115
2195
2190
2197
2307
2300
2390
2388
2480
2451
2478
2520
2501
2477
2393
2512
2518
2450
2506
2495
2449
2510
2402
2458
2465
2463
2423
2438
2422
2494
2423
2503
2323
2231
2495
2339
2370
2337
2252
2322
2389
2262
2330
2223
2206
2285
2255
2200
2195
2250
2248
2116
2184
2170
2194
2246
2113
2177
2103
2171
2134
2141
2133
2103
2125
2177
2116
2079
2213
2177
2169
2229
2234
2208
2240
2207
2208
2228
2261
2269
2180
2212
2201
2239
2137
2194
2159
2180
2215
2146
2171
2182
2181
2173
2156
2241
2218
2248
2224
2129
1939
2060
2212
2171
2051
2098
2048
1895
2041
1982
1902
1950
1897
1846
1886
1843
1837
1859
1708
1690
1653
1591
1641
1592
1536
1519
1524
1472
1428
1368
1428
1374
1386
1330
1281
1296
1264
1251
1241
1216
1186
1212
1171
1150
1197
1106
1045
1053
1030
1047
1041
1024
1023
1061
1028
1060
1045
1075
1058
1042
1025
1041
1043
1032
1055
1036
1045
1032
1039
1026
1018
1042
1040
1023
1025
998
1042
1023
1028
1014
1028
1037
1002
1030
1016
1033
974
1002
1014
958
998
974
996
970
982
964
968
1000
987
964
960
970
964
953
965
953
971
951
936
949
935
946
954
917
934
955
918
941
950
936
961
957
933
956
921
937
951
974
980
970
978
960
965
974
969
972
940
954
966
976
964
948
961
954
965
967
946
960
941
926
959
935
960
939
953
937
928
925
951
964
944
932
966
932
944
940
919
950
909
937
928
905
905
919
916
885
922
875
885
860
888
899
864
882
869
897
869
871
863
849
834
861
864
860
852
877
829
866
823
838
847
842
2018
1998
1972
1990
2165
2143
2182
2168
2157
2146
2146
2133
2134
2091
2071
2102
2131
2121
2124
2146
2147
2183
2155
2172
2153
2159
2183
2163
2163
2167
2189
2168
2190
2190
2169
2191
2189
2218
2176
2206
2197
2223
2209
2202
2235
2211
2234
2220
2193
1031
2231
982
1015
1015
907
885
764
809
797
796
830
830
852
849
878
879
879
922
936
895
932
917
955
974
962
969
930
942
959
963
968
949
943
963
943
921
941
899
965
912
1106
1097
1108
1110
1126
1109
1132
1119
1126
1148
1155
1136
1133
1146
1151
1143
1151
1135
1132
1112
1147
1094
1151
1155
1129
1124
1161
1130
1160
1144
1123
1139
1107
1108
1086
1095
1075
1114
1063
1099
1089
1066
1054
1067
1091
1081
1057
895
892
905
920
915
902
912
893
909
883
901
902
888
907
888
911
895
911
911
900
908
899
877
908
901
877
903
885
898
908
887
898
886
905
886
885
790
362
164
651
798
599
634
823
545
566
773
493
448
523
867
382
351
331
317
868
293
267
776
713
246
176
660
844
142
702
809
618
587
894
472
438
401
739
277
241
214
117
566
415
307
192
508
682
737
204
192
181
221
229
219
267
289
288
322
322
336
336
350
339
406
407
441
440
477
477
514
513
543
541
580
579
581
631
632
661
682
681
678
726
717
742
753
751
788
787
813
812
847
846
881
881
913
914
937
938
979
971
933
979
945
1007
981
1001
983
998
981
1036
1012
1028
1015
1040
1006
1019
1027
1044
1054
1031
1048
1056
1045
1032
1022
1045
1041
1022
1040
1034
1021
1052
1030
1056
1040
1046
1036
1033
1061
1052
1032
1040
1013
1028
1027
1011
1017
1024
984
970
983
994
992
1005
981
987
997
931
995
908
953
957
959
936
939
937
885
928
911
911
910
889
911
889
908
890
900
890
893
873
892
868
875
868
870
868
893
868
868
886
876
867
869
871
885
898
908
885
897
888
887
903
900
894
918
892
903
909
910
898
919
914
912
920
920
913
934
921
918
945
934
911
948
919
901
929
929
920
948
944
946
924
943
936
925
909
943
891
926
750
868
613
773
518
718
417
360
304
244
214
859
531
831
908
492
481
805
450
684
420
405
684
816
378
344
317
294
658
268
232
741
227
579
940
556
547
736
488
683
625
603
215
785
230
387
435
855
28
24
37
45
40
29
36
17
35
67
66
93
84
93
93
106
107
141
140
114
143
151
151
90
145
45
38
26
81
139
143
148
5
13
19
58
85
83
90
88
103
102
140
156
177
190
206
220
228
227
225
238
243
275
267
378
376
405
401
422
418
436
433
458
447
472
476
486
479
505
501
523
518
524
521
535
531
545
538
559
561
586
581
590
609
621
620
648
661
655
508
445
405
644
190
129
641
593
573
558
539
657
486
466
653
427
384
374
357
295
265
646
248
253
662
281
640
215
177
146
627
657
497
651
436
665
345
326
219
636
611
654
653
315
158
526
649
656
6
5
8
15
54
120
134
148
169
169
156
159
163
156
165
126
163
167
164
165
163
163
162
161
161
162
158
141
159
171
162
131
162
158
161
155
153
117
159
161
158
170
164
131
161
116
161
169
156
128
8
31
52
70
76
88
103
92
118
144
147
200
222
231
273
282
281
295
291
312
310
314
328
315
315
316
331
368
382
369
397
381
422
418
423
452
452
475
476
494
507
506
506
508
559
557
572
571
590
591
613
613
634
632
661
661
680
680
672
693
692
710
720
714
722
734
697
724
740
735
746
737
746
764
769
728
766
764
748
756
752
763
740
691
719
722
610
660
724
750
675
641
715
725
719
738
718
740
736
756
734
749
748
738
9546
9528
9563
9545
9568
9561
9577
9577
9603
9586
9594
9664
9637
9647
9651
9633
9669
9665
9644
9675
9630
9652
9668
9657
9679
9694
9683
9700
9632
9683
9687
9700
9705
9705
9724
9725
9751
9752
9752
9765
9746
9761
9760
9739
9750
9764
9764
9763
974
9778
941
963
977
969
970
950
965
945
968
963
892
977
893
813
822
910
907
851
853
892
898
888
916
896
888
908
902
881
903
924
833
856
852
866
861
877
864
888
877
895
867
883
873
889
898
891
897
896
894
887
895
862
851
875
876
910
891
888
910
903
895
875
921
845
842
867
867
898
898
930
920
929
914
895
910
895
910
892
907
876
889
889
911
878
866
873
862
874
851
860
860
831
862
893
861
850
865
852
840
850
841
861
848
846
818
832
827
829
814
786
812
805
812
802
798
803
783
799
778
798
782
806
785
765
769
798
781
792
798
784
795
798
792
798
814
797
796
784
797
801
812
776
779
795
778
785
752
771
779
751
742
764
789
762
780
781
801
809
793
819
789
821
819
835
811
815
833
838
824
805
814
830
790
840
818
811
802
784
812
818
826
814
783
802
821
821
825
813
784
808
819
790
813
801
802
810
824
804
807
840
826
806
789
801
790
797
758
794
792
769
781
762
771
761
767
756
749
766
756
759
714
725
756
748
765
764
778
751
740
753
730
774
773
763
771
742
753
758
771
762
775
775
767
775
780
780
791
801
780
806
784
765
790
815
834
824
837
843
842
825
815
797
830
842
842
821
820
827
855
842
869
858
858
839
846
862
859
849
857
832
631
520
500
504
460
395
785
746
568
176
512
820
479
645
420
672
755
403
360
722
617
359
356
298
278
245
220
791
601
213
196
216
774
831
811
661
452
355
344
265
261
732
506
690
432
359
589
715
5
21
5
16
10
25
27
19
29
12
7
6
20
13
20
8
5
41
11
29
26
33
41
27
8
35
12
14
43
27
30
29
54
48
17
20
20
58
58
68
80
91
102
103
93
55
23
98
109
20
86
108
59
52
105
6
30
45
54
43
24
47
66
44
38
86
58
56
26
61
5
14
20
33
35
28
66
23
42
70
39
26
21
17
46
45
69
93
95
104
123
102
123
140
137
155
128
100
76
144
52
70
102
132
147
131
58
47
114
152
4
20
21
16
38
33
50
26
78
77
90
80
91
79
50
62
18
26
52
53
85
53
6
9
9
9
8
5
31
28
41
33
22
43
49
23
55
32
27
25
13
31
30
43
46
59
62
39
23
42
13
7
22
28
19
23
41
27
18
10
8
5
31
39
21
46
57
56
63
82
98
61
98
46
39
91
27
76
59
44
31
81
7
10
12
9
46
23
15
22
17
32
29
29
34
27
32
11
8
36
30
16
59
12
26
11
33
36
50
26
22
29
10
8
5
8
17
5
34
9
15
33
73
107
106
105
128
147
154
177
193
154
102
87
66
151
112
186
161
183
191
141
182
60
123
157
99
83
87
119
68
98
7
17
40
29
57
68
81
97
89
70
70
41
90
87
56
54
42
74
86
7
27
38
57
74
87
90
101
99
109
129
139
155
76
151
71
59
139
54
149
41
105
121
74
107
102
57
134
124
4
20
37
26
45
37
31
9
35
58
37
47
43
49
61
66
81
81
90
88
66
85
95
107
228
226
257
283
275
296
285
312
299
331
316
348
347
351
348
384
384
411
419
417
422
453
453
470
469
495
495
521
522
548
548
581
580
610
611
645
660
659
644
662
711
723
701
727
726
761
760
789
789
801
804
803
849
841
866
842
869
846
867
845
845
831
852
838
860
851
847
848
834
852
820
804
661
660
646
648
827
679
531
515
518
497
481
479
450
412
777
355
338
295
287
739
258
244
402
359
725
786
347
691
329
306
748
563
604
278
547
843
563
384
765
635
629
276
453
422
714
586
441
4
27
28
41
70
38
57
53
36
33
25
74
61
44
74
29
7
20
37
25
39
32
59
39
91
83
95
119
117
134
58
122
132
125
83
86
123
126
96
63
94
117
81
59
91
87
135
14
18
12
15
20
9
23
20
41
55
54
41
58
75
85
76
83
90
119
122
141
139
163
179
187
72
58
140
133
75
104
165
98
160
157
143
52
130
70
136
67
159
13
12
34
29
36
32
50
55
77
94
113
103
131
108
122
42
98
94
109
107
83
128
74
113
80
97
77
17
19
42
70
89
85
66
106
101
126
128
128
125
130
162
159
158
149
124
133
65
102
67
43
150
150
120
40
119
131
10
24
22
42
55
36
45
61
64
100
103
124
113
107
141
127
141
137
155
27
96
145
71
90
127
101
30
149
56
100
138
80
76
51
60
152
8
5
7
5
6
17
30
42
41
48
64
71
93
98
97
116
127
130
136
133
161
169
178
168
197
168
127
93
98
152
147
79
191
50
164
97
138
64
121
91
77
5
22
40
46
70
77
81
87
86
117
39
77
80
55
52
29
28
90
96
103
92
60
10
6
5
2
5
18
34
29
56
53
62
92
89
99
92
120
113
132
124
120
156
173
215
218
261
270
292
313
314
328
326
341
342
313
340
338
324
329
373
343
374
391
383
389
417
418
431
432
453
430
446
448
428
474
475
493
492
494
493
522
521
538
541
543
569
570
592
592
616
614
639
653
651
674
672
698
699
704
721
710
714
703
725
702
710
711
723
732
718
702
714
712
704
714
704
686
694
700
700
717
709
705
717
661
683
686
722
718
738
702
715
704
698
697
689
712
707
682
692
704
694
700
690
672
689
685
679
658
679
670
683
664
669
675
678
670
678
661
685
675
677
667
674
676
694
680
697
692
698
690
704
692
696
706
702
712
697
702
696
714
701
714
722
718
718
733
748
734
732
747
717
729
751
741
750
748
757
766
747
728
758
749
760
742
750
765
763
747
750
764
759
768
733
756
764
743
722
703
749
730
729
746
735
747
747
741
737
743
737
754
731
738
723
738
690
712
713
722
716
728
738
714
710
719
724
718
707
721
710
681
688
721
705
705
695
718
702
706
715
704
716
710
673
698
692
707
709
686
682
684
708
696
706
693
700
695
696
709
669
687
703
686
681
656
674
674
690
663
684
679
668
690
680
695
674
680
697
677
693
698
669
688
688
704
693
701
691
691
695
684
695
682
694
683
684
668
680
689
683
677
667
690
678
688
683
679
703
666
686
675
678
697
687
691
685
699
684
690
690
710
687
697
709
696
707
698
688
706
698
690
705
712
697
720
705
706
720
723
712
723
713
726
705
732
728
734
733
722
704
703
733
713
726
722
741
710
754
716
739
739
742
748
737
729
748
738
745
764
750
741
754
745
754
737
736
751
732
748
731
748
734
742
732
737
722
722
735
721
732
706
735
719
736
720
728
728
745
744
738
736
752
735
719
736
722
720
722
741
728
741
729
746
727
749
737
762
728
742
728
734
742
755
735
750
762
741
729
742
765
749
756
751
747
744
774
756
772
783
775
755
791
772
762
769
762
761
779
775
768
777
776
787
773
792
774
793
777
788
770
787
778
785
770
785
787
777
796
786
801
784
781
798
778
802
786
775
760
791
776
778
767
752
777
770
760
783
746
772
753
768
757
766
769
777
759
777
762
774
757
773
756
762
771
768
757
762
745
733
763
753
765
742
754
743
746
726
736
727
736
725
713
713
728
707
717
737
735
716
725
725
736
740
746
731
750
727
734
725
747
725
749
726
748
723
737
721
727
720
734
724
713
725
741
726
739
735
713
722
754
740
752
744
759
765
761
734
728
743
732
743
758
741
741
763
763
760
759
756
761
757
763
746
764
751
769
765
772
768
750
773
756
772
775
760
755
775
760
778
760
760
775
766
759
775
773
779
769
785
764
782
763
779
760
776
761
778
774
782
789
783
774
795
774
786
775
796
772
795
772
768
788
785
766
789
765
780
761
782
758
765
776
777
759
781
768
778
774
779
768
779
763
783
772
781
770
782
779
778
769
777
766
774
772
776
773
767
777
773
766
774
771
774
764
773
769
771
767
773
768
767
760
763
754
758
746
762
766
733
763
752
765
741
761
743
774
756
773
756
740
770
752
757
748
755
751
752
744
750
754
750
748
746
742
735
728
708
734
746
740
722
722
737
738
721
743
723
734
717
726
739
743
728
744
729
740
722
744
725
749
731
745
736
743
718
729
720
731
724
735
732
743
728
749
730
751
731
734
748
748
734
750
733
736
726
740
751
19519
19517
19493
19504
19492
19525
19538
19536
19638
19637
19749
19744
19800
19802
19795
19793
19769
19817
19811
19784
19803
19812
19794
19810
19795
19806
19803
19793
19788
19798
19795
19786
19787
19790
19789
19763
19784
19790
19782
19775
19789
19777
19796
19786
19798
19793
19804
19788
19800
1023
1025
984
1004
1016
1059
1037
1038
1004
912
741
829
814
775
764
777
748
758
753
745
764
767
757
771
774
758
780
766
786
770
772
781
787
773
793
770
770
791
772
775
744
763
754
761
744
764
754
766
747
736
761
754
753
735
718
747
731
745
727
727
473
602
151
559
457
455
436
622
431
617
410
642
384
356
334
314
358
585
295
307
261
540
700
532
238
218
182
514
676
122
667
485
97
742
649
406
347
691
231
199
173
114
701
379
280
137
566
253
503
67
112
126
106
112
183
230
229
254
216
237
237
257
259
259
275
279
299
298
313
313
337
339
353
356
358
388
388
412
402
436
437
461
460
485
483
512
511
534
533
557
558
581
581
600
598
597
628
627
645
642
644
675
675
699
698
710
698
709
712
709
694
715
703
716
698
702
694
710
712
702
685
706
659
666
709
705
691
681
246
490
459
592
610
567
429
396
365
357
413
577
329
306
317
676
266
525
265
262
225
503
201
145
182
173
144
464
121
516
101
657
438
447
405
621
346
298
283
631
213
543
132
465
109
684
552
132
382
649
187
135
124
148
184
183
207
206
226
225
251
251
252
288
285
314
315
342
341
359
359
376
387
400
400
413
415
432
431
456
456
475
486
488
508
509
532
533
530
535
577
577
602
591
586
588
593
587
591
602
593
594
693
692
681
691
708
688
692
682
684
686
670
682
682
661
653
679
650
672
654
659
647
656
657
665
645
627
658
630
649
638
653
641
633
647
619
619
653
654
653
643
637
639
659
670
669
691
617
689
598
608
686
618
655
634
654
652
663
651
668
670
658
674
667
679
672
689
681
704
687
693
687
687
688
687
678
670
681
683
667
702
680
681
687
664
702
685
687
711
685
707
630
620
604
598
604
644
569
550
539
540
519
614
439
386
350
317
287
684
178
455
593
422
391
588
417
587
663
365
331
348
495
553
276
264
239
608
478
212
676
610
406
694
505
295
465
373
251
293
228
6
4
6
26
11
43
63
80
86
84
124
139
154
163
171
179
161
109
123
126
119
131
112
130
172
141
174
163
133
156
191
176
193
184
198
181
213
245
277
268
239
244
87
85
159
76
94
91
90
124
235
254
81
74
71
136
105
104
103
72
149
73
96
95
75
76
104
88
84
72
87
70
74
71
92
71
90
144
13
8
32
32
46
55
59
68
80
116
149
152
170
177
178
176
185
178
178
163
165
137
117
183
161
159
163
159
161
151
157
148
181
141
140
147
164
172
137
130
139
111
168
163
163
163
165
162
155
152
161
148
163
138
170
115
118
109
112
171
177
153
114
16
14
59
67
101
99
115
125
150
160
173
172
192
191
191
218
218
246
243
245
263
265
276
287
286
299
293
291
319
313
319
342
342
323
367
367
375
381
375
377
376
383
384
428
428
451
451
473
473
494
493
516
510
509
496
512
443
358
314
208
202
346
138
335
451
328
327
303
509
503
395
263
254
216
208
470
380
390
188
419
174
355
146
505
411
335
129
414
306
280
273
243
379
366
179
504
154
454
480
210
492
29
43
120
118
138
137
121
164
166
153
154
165
161
200
193
193
221
220
241
240
260
260
282
284
300
299
319
318
336
337
350
350
351
380
391
380
391
422
421
443
444
462
463
481
480
502
501
526
527
550
551
573
563
588
592
583
603
568
553
549
570
570
592
578
577
585
576
588
574
582
581
567
562
574
573
565
577
575
580
573
586
576
594
501
585
530
508
583
520
542
570
574
554
554
476
407
392
372
327
329
328
326
319
321
311
314
304
303
297
284
279
275
267
261
252
245
245
229
189
186
190
193
196
193
197
201
204
360
343
325
448
443
422
400
544
504
525
537
514
468
490
385
428
7
23
10
27
11
13
15
25
4
4
28
30
26
27
39
54
64
79
89
55
67
69
45
33
41
52
27
87
29
12
7
5
10
3
15
16
27
9
21
25
4
5
14
6
13
5
36
82
78
61
77
77
73
76
96
98
105
129
143
148
171
164
160
75
105
170
98
163
78
77
101
65
55
51
139
57
110
131
141
63
38
148
150
61
82
6
3
15
15
8
19
34
45
55
65
63
68
45
62
65
49
74
75
38
53
20
30
41
5
3
13
11
4
25
41
50
22
39
32
30
37
35
52
24
50
41
12
15
6
9
13
8
9
24
19
20
39
25
21
36
11
7
12
11
27
28
20
24
52
32
44
39
53
51
73
36
50
32
73
38
48
29
24
15
8
9
8
12
38
27
45
56
70
88
64
90
89
41
44
25
30
72
68
46
26
57
82
71
55
6
4
8
4
10
4
7
14
12
16
22
40
56
93
90
87
86
95
107
106
109
127
140
134
136
160
159
172
177
167
177
115
152
161
156
101
97
88
136
52
46
171
116
111
69
53
43
113
141
74
113
70
5
19
28
25
47
47
56
67
58
71
68
68
83
55
66
63
38
33
53
35
17
81
45
10
10
8
21
20
23
5
4
8
24
9
9
8
18
28
6
15
3
5
13
8
27
35
36
46
44
59
67
79
72
85
84
84
113
115
108
115
116
119
137
146
144
147
157
227
208
222
223
236
233
250
248
264
250
241
246
246
258
258
261
271
277
276
282
287
285
306
297
308
307
321
320
338
338
354
354
372
371
385
386
399
400
399
426
426
440
439
439
466
467
483
482
499
499
507
500
496
484
499
506
503
497
498
511
510
517
514
525
529
516
521
518
523
522
505
511
528
514
503
514
497
508
502
491
502
493
487
493
504
503
513
499
516
496
511
506
515
516
517
513
526
514
524
512
532
523
526
526
543
534
539
494
505
487
476
541
513
468
458
506
442
491
459
403
366
472
444
251
345
212
144
104
294
296
281
389
262
370
433
240
221
479
431
337
199
467
172
410
103
443
415
312
401
272
214
331
320
167
106
392
288
234
353
182
4
3
12
19
14
17
15
24
32
81
125
147
145
152
150
163
164
182
180
200
199
221
221
238
249
237
250
273
271
272
271
306
307
332
332
350
351
368
368
377
376
394
394
404
402
403
431
432
449
448
467
467
486
484
485
504
521
511
518
544
543
555
542
558
544
557
549
557
549
529
542
526
549
545
552
558
552
549
553
533
542
547
561
538
538
544
539
550
548
544
555
546
556
555
568
566
568
559
536
550
566
571
564
563
571
568
569
572
554
551
560
563
554
565
556
569
566
566
570
576
549
549
573
559
565
573
562
570
581
582
574
579
573
578
573
585
575
583
573
580
563
573
582
575
572
581
586
579
563
587
585
586
599
584
604
589
593
601
612
596
598
603
595
611
593
599
603
589
596
587
618
599
600
603
603
586
595
593
582
592
578
579
587
584
576
580
574
581
573
560
577
583
570
559
550
545
527
558
550
564
544
553
547
551
544
536
555
544
537
550
521
533
524
534
522
530
534
522
533
509
519
515
527
519
518
524
506
512
495
513
526
511
518
509
512
491
505
516
511
499
517
513
504
506
525
527
530
505
503
510
521
494
516
501
508
501
499
505
501
494
499
500
506
508
493
509
497
507
510
521
524
513
518
528
534
525
540
533
522
526
533
531
525
539
530
528
537
532
533
526
545
526
531
523
533
524
514
530
515
536
534
518
538
519
544
531
545
537
545
532
526
509
533
522
537
503
533
530
506
525
506
516
492
503
502
451
426
459
377
472
301
226
350
180
337
94
284
268
484
251
251
237
362
470
221
359
194
347
179
179
340
156
126
317
116
315
148
490
402
278
384
445
212
186
156
415
116
410
107
396
205
132
242
432
4
4
4
2
7
6
3
24
28
26
45
60
70
83
60
39
50
50
69
42
47
34
61
63
33
83
38
80
26
7
5
24
21
27
27
33
40
48
62
72
91
58
87
53
45
32
43
68
31
19
66
74
69
23
58
21
35
4
5
27
23
28
35
20
12
10
43
24
47
51
3
8
5
3
9
19
40
40
38
49
52
69
77
80
78
98
99
103
111
108
127
129
131
124
138
143
144
125
141
170
162
195
214
232
247
249
247
255
248
260
257
269
274
277
282
279
290
292
265
273
272
289
282
281
307
307
323
324
346
346
365
365
379
379
400
399
417
411
423
423
445
445
458
469
467
446
428
424
468
466
314
466
92
339
456
332
293
469
273
261
438
459
235
466
266
221
193
163
406
177
156
139
399
127
204
130
364
375
351
323
290
259
210
185
145
107
413
461
242
460
104
298
388
4
13
12
4
16
15
33
54
43
54
50
35
62
70
79
96
95
95
98
117
109
90
103
103
82
28
87
54
30
85
26
98
80
54
88
46
43
100
3
15
28
34
32
46
27
47
26
33
36
37
13
5
17
28
19
24
56
54
68
42
33
21
42
14
75
23
44
10
5
8
20
29
17
16
40
62
70
75
82
82
81
82
96
92
109
146
165
168
204
205
221
210
227
217
227
225
231
230
245
241
240
250
262
259
274
273
285
286
303
304
316
317
318
337
335
337
348
324
360
319
314
256
232
198
121
96
328
350
281
329
324
358
238
227
349
217
218
357
322
176
157
170
151
325
348
347
346
122
98
110
329
329
287
250
322
204
322
348
149
136
307
331
299
322
118
182
267
4
2
4
34
44
30
44
46
28
34
14
33
35
31
24
6
8
16
20
9
13
31
40
38
38
43
33
41
18
21
36
9
45
12
13
26
39
37
57
63
61
71
85
76
94
83
88
98
96
110
103
120
120
122
133
130
182
187
193
203
186
199
201
199
207
211
216
213
217
229
229
237
238
245
246
233
260
261
245
279
279
280
303
313
314
303
333
333
331
358
360
374
372
388
390
405
405
410
412
412
430
430
449
449
467
467
489
488
493
502
505
499
488
500
514
512
507
501
501
487
481
497
502
492
490
489
506
500
509
479
497
496
502
498
495
455
463
476
503
493
482
497
484
487
498
489
481
498
505
491
506
495
505
494
502
489
496
494
496
485
482
487
493
497
484
493
495
497
505
470
495
489
486
497
497
485
495
484
476
494
474
492
485
496
471
483
483
504
504
510
516
513
501
494
508
521
517
509
516
508
510
498
512
501
503
514
518
523
469
439
510
504
513
458
491
451
479
491
507
491
506
482
495
502
512
501
501
495
481
512
520
513
507
518
493
510
503
503
504
500
487
488
501
491
496
507
493
494
481
476
501
504
489
496
489
488
489
482
480
502
461
461
472
475
475
472
506
505
510
504
491
512
494
517
512
529
518
513
504
507
498
522
513
514
501
513
517
521
523
527
527
507
517
529
511
519
501
517
510
504
523
518
526
523
531
508
515
533
514
530
514
492
519
524
512
511
513
518
515
523
532
514
484
507
500
463
470
525
497
487
496
494
495
474
492
489
493
480
502
491
500
491
483
492
479
466
467
474
462
483
482
490
466
470
489
485
472
494
477
471
486
477
495
493
492
489
497
495
499
488
496
485
483
498
467
489
488
503
487
498
515
514
521
523
514
530
511
513
518
509
523
516
507
518
512
510
504
530
531
507
498
515
544
521
514
529
526
521
526
516
508
530
510
529
515
518
525
535
514
524
520
531
531
534
532
522
533
527
534
539
528
533
527
526
537
536
528
538
527
543
530
543
535
540
531
538
542
536
546
538
554
552
563
537
546
539
553
548
556
541
555
550
558
551
568
549
547
557
556
544
555
543
552
546
556
544
546
555
554
544
544
551
549
543
555
544
550
544
537
549
541
548
530
535
531
539
538
532
537
525
533
539
538
526
539
528
527
540
533
539
537
530
534
522
532
521
534
524
536
525
513
522
535
521
508
528
524
506
513
523
512
515
529
512
523
510
516
526
528
523
501
509
515
524
527
518
516
526
502
525
514
518
511
511
515
495
509
516
507
507
517
501
514
489
506
512
511
503
20491
20480
20559
20556
20585
20568
20597
20538
20587
20579
20565
20413
20473
20537
20459
20442
20432
20451
20412
20400
20557
20384
20499
20577
20483
20457
20524
20425
20509
20382
20376
20524
20550
20489
20484
20491
20459
20498
20397
61
57
20468
318
381
20468
20436
298
20425
284
266
179
20401
20417
20381
20448
20440
20428
115
20377
57
245
4
16
29
24
22
45
48
55
64
42
45
73
47
71
43
13
60
50
65
11
20
26
39
44
48
61
57
65
63
58
82
61
97
34
50
68
70
27
85
4
2
10
10
30
29
49
29
42
10
49
34
7
31
30
27
8
19
32
33
53
59
60
73
69
67
70
89
96
98
96
119
129
114
77
115
112
63
107
38
63
80
99
98
151
48
40
45
143
73
43
42
42
40
48
69
44
46
47
44
132
45
46
46
43
41
67
44
140
131
55
46
4
13
3
11
4
4
8
14
14
25
25
32
32
30
49
41
53
63
55
72
64
62
79
77
58
88
88
105
115
112
124
126
169
190
196
190
204
193
203
202
216
206
213
212
218
235
233
236
249
236
253
258
258
272
273
271
295
295
306
311
311
331
331
349
363
349
349
362
385
385
404
404
421
420
436
436
434
455
454
453
451
438
478
475
477
503
497
509
495
493
495
505
491
493
506
506
495
503
509
493
483
506
492
489
492
485
498
489
506
506
508
508
503
508
501
515
510
514
500
496
516
503
507
509
501
500
502
504
503
487
519
498
471
468
500
511
504
514
506
503
515
512
498
505
505
504
511
515
506
522
514
521
521
539
523
524
536
527
530
529
509
518
522
516
519
515
521
515
512
518
520
511
506
511
519
522
501
514
517
516
499
524
523
510
502
519
522
510
513
507
516
522
513
500
508
514
513
515
508
514
512
515
512
500
514
503
512
512
504
503
516
512
516
516
520
514
522
511
505
497
519
511
518
502
520
516
541
541
546
542
529
537
544
549
534
544
535
539
546
516
451
510
352
259
442
132
361
347
335
475
328
310
316
293
266
273
436
462
247
176
546
397
529
170
376
147
119
490
408
97
506
469
536
308
290
564
427
221
214
417
202
149
160
386
113
371
515
193
201
8
5
11
12
29
53
85
74
101
110
102
128
142
140
156
168
161
175
173
196
194
209
211
124
164
152
199
196
131
171
204
130
134
107
212
120
166
187
80
81
161
201
202
151
219
103
61
57
169
125
9
7
3
40
43
32
35
34
59
56
72
25
62
74
82
26
78
17
27
49
44
8
7
19
7
18
3
5
10
14
13
9
7
18
34
38
41
36
12
21
39
33
24
8
10
29
27
39
27
45
56
25
43
25
41
30
22
3
20
17
25
32
41
29
46
42
19
16
44
18
5
2
2
24
17
36
40
42
65
46
64
55
58
72
56
99
98
102
123
123
133
150
166
238
228
234
225
226
242
234
266
246
271
269
288
287
298
296
293
292
303
298
301
319
317
326
322
340
340
348
348
347
378
377
400
399
419
419
439
439
457
458
477
477
491
501
491
491
502
531
529
545
553
544
534
552
550
560
545
552
544
560
537
522
538
529
531
528
528
550
545
547
547
560
549
563
563
569
568
577
556
573
567
574
560
568
555
566
537
552
538
531
544
553
560
560
581
560
537
562
540
526
566
531
550
517
499
503
384
362
341
338
333
315
312
306
300
294
294
297
297
300
279
266
268
264
258
250
248
244
240
240
211
214
202
205
209
476
506
511
487
421
522
499
388
514
477
353
457
460
424
396
552
370
321
410
5
3
17
28
33
54
71
74
94
96
96
123
137
140
184
187
180
186
213
212
231
230
231
246
251
250
261
264
279
261
279
279
292
287
302
293
301
294
293
303
342
360
358
362
363
361
373
375
377
359
381
342
362
380
347
320
314
283
303
362
360
360
273
257
246
362
235
225
213
197
176
375
128
367
130
119
363
128
366
335
361
263
217
187
382
120
361
294
360
365
128
5
10
24
25
33
38
38
105
104
113
174
172
183
181
196
196
216
217
239
238
256
255
272
284
283
305
305
326
325
339
339
354
355
380
378
379
403
404
404
431
431
448
445
446
449
447
468
464
464
462
464
429
462
341
329
317
318
411
222
195
445
303
463
279
270
247
238
372
465
464
217
337
180
466
162
463
152
460
453
134
128
462
416
386
263
265
197
361
363
154
173
119
292
221
395
462
4
5
4
12
11
5
3
11
16
12
4
14
20
48
18
28
44
48
22
19
17
27
24
4
3
3
18
28
53
65
64
26
53
56
42
40
43
30
35
44
39
41
4
6
15
13
8
4
27
11
11
24
5
17
7
25
16
16
3
3
13
24
29
31
25
11
31
18
22
3
4
22
9
22
25
24
12
23
8
8
13
4
5
12
7
4
7
9
14
28
22
26
31
42
43
28
41
64
42
46
35
23
21
23
33
30
28
67
26
62
8
4
26
17
24
29
17
5
21
4
16
24
32
34
48
50
54
51
41
26
55
41
53
41
23
38
12
22
23
22
21
42
49
56
53
52
80
77
96
77
74
71
67
89
94
82
86
53
86
38
91
82
88
19
18
19
19
41
40
58
56
65
58
35
41
24
39
71
46
62
19
4
12
29
28
30
27
24
55
57
54
63
61
39
51
30
19
22
4
3
19
15
22
22
38
29
14
39
23
13
4
22
51
38
17
39
16
24
43
20
15
33
9
26
35
20
26
23
35
51
12
13
27
65
21
59
11
4
7
4
4
13
14
16
17
31
44
40
34
45
59
83
64
95
48
62
69
84
55
46
92
38
71
51
41
43
59
3
2
21
5
5
26
15
17
24
46
58
77
91
90
106
110
110
119
124
122
144
158
159
166
169
169
179
177
181
213
218
235
258
254
260
262
261
267
259
267
271
282
280
297
294
306
308
320
314
303
312
292
302
302
322
322
339
338
361
361
383
382
403
403
422
422
422
419
408
451
450
463
461
460
470
459
500
500
517
517
514
540
541
551
531
547
558
552
558
543
551
539
563
561
555
544
552
559
563
567
569
553
570
543
563
554
562
561
560
551
550
558
535
534
541
559
545
545
568
551
564
560
541
561
525
530
530
550
553
545
556
551
562
556
570
575
569
580
570
578
560
569
582
578
575
576
572
581
584
568
579
572
590
568
586
589
582
584
579
589
575
583
593
583
597
596
615
597
594
580
587
589
572
574
590
583
597
593
599
551
563
577
536
591
562
553
566
562
548
542
563
541
541
551
536
550
539
538
523
552
538
533
525
538
527
528
532
535
533
509
523
532
523
510
513
491
506
497
509
497
512
504
479
500
495
507
508
498
498
478
495
493
493
502
506
513
504
505
513
507
504
496
478
486
503
460
505
464
493
496
488
504
496
486
496
474
496
487
495
483
479
486
483
418
433
399
468
428
444
457
413
476
457
433
366
393
390
253
202
200
315
132
91
90
94
97
416
240
345
331
186
360
448
450
184
163
298
283
296
257
407
252
249
362
226
208
167
421
378
310
253
224
156
242
326
3
16
24
21
35
27
37
29
7
24
16
29
38
42
56
66
21
60
37
47
68
54
68
21
58
30
42
28
5
15
12
17
6
26
24
38
45
40
57
69
86
84
93
97
111
124
100
113
110
124
109
113
93
111
124
73
69
93
84
74
95
86
147
123
143
126
143
16
144
11
31
17
59
92
109
8
13
25
36
44
42
31
48
47
47
57
68
53
66
63
76
80
81
81
109
114
118
113
112
128
149
165
196
190
186
205
201
218
207
219
214
222
227
231
222
228
233
247
246
264
264
272
280
278
294
294
307
313
312
331
331
339
345
339
364
363
383
384
401
401
418
410
426
426
427
450
450
470
470
487
487
484
504
492
508
501
502
496
506
497
505
505
508
500
511
493
511
498
505
506
518
486
504
511
501
493
514
523
532
513
527
522
509
506
522
516
510
521
522
511
502
519
512
527
514
516
522
519
519
519
501
505
523
516
497
513
524
509
527
520
525
527
504
525
519
521
510
525
517
528
513
543
537
536
543
555
535
541
533
536
544
540
525
542
533
533
535
545
540
541
531
543
539
520
533
539
531
541
533
532
515
525
535
542
535
544
539
551
524
547
534
541
533
541
549
547
526
534
546
535
516
534
514
532
525
513
521
520
534
514
524
516
502
511
507
507
513
492
500
513
509
508
502
503
491
513
514
514
515
514
528
500
503
519
485
478
503
502
513
492
497
500
481
505
493
496
503
505
499
513
505
515
504
501
512
500
516
476
475
469
489
494
500
495
496
491
503
495
493
494
505
506
505
497
513
504
494
502
493
498
489
484
492
486
497
484
505
494
509
497
503
507
488
497
498
494
506
502
481
500
506
490
499
492
497
490
469
470
470
479
491
511
500
489
508
494
511
500
516
508
520
510
501
513
505
511
510
512
501
511
499
511
503
500
513
516
507
510
506
518
509
511
505
510
500
496
504
505
486
489
498
496
510
505
513
511
485
514
501
502
515
508
498
527
523
514
519
516
516
514
513
514
520
507
514
514
526
513
518
515
513
523
517
513
510
519
520
513
514
526
518
513
518
518
530
503
512
529
526
504
512
500
535
505
518
503
505
496
506
504
512
500
488
506
477
453
471
497
458
480
477
477
483
492
478
496
483
484
490
490
486
486
494
492
499
499
482
487
491
482
491
490
494
478
492
483
478
493
494
495
497
486
496
492
489
500
494
492
505
498
502
493
471
498
480
485
492
502
500
521
521
509
501
523
527
510
516
510
516
508
507
519
516
507
521
508
511
511
519
503
510
519
515
492
494
503
494
509
484
510
501
502
509
511
505
516
522
530
511
519
512
529
513
517
525
525
525
531
524
529
525
532
507
508
521
515
505
514
526
525
503
514
516
522
524
501
515
516
514
517
517
520
531
530
529
543
535
551
541
525
536
539
527
541
528
521
539
527
536
538
530
537
530
521
529
523
528
516
528
504
514
527
518
522
529
538
512
526
517
538
532
525
517
515
528
529
541
517
522
517
519
526
517
524
523
518
526
516
507
524
533
515
513
524
499
513
506
506
493
520
517
499
512
504
501
508
500
497
514
499
522
523
500
519
506
517
505
522
513
519
503
506
514
498
504
513
512
507
515
495
501
516
505
495
516
507
514
498
513
505
516
490
484
502
495
487
511
494
517
501
516
505
517
511
521
514
530
521
498
500
522
489
500
498
494
525
522
521
438
507
501
482
514
450
460
497
473
433
502
497
492
499
483
504
486
503
499
502
502
510
504
515
510
487
499
520
514
503
516
513
501
511
498
495
502
487
478
489
503
497
498
515
514
507
491
481
480
493
466
468
469
467
496
489
488
507
513
520
532
530
536
528
523
502
510
519
524
515
514
521
505
525
518
533
531
509
529
522
535
519
532
534
531
532
535
523
529
531
545
538
515
540
530
542
535
530
535
537
527
534
536
513
524
523
514
512
498
508
507
517
510
522
515
524
522
512
512
524
525
523
539
518
518
516
500
521
517
522
514
517
527
508
510
523
525
518
503
522
513
510
509
518
510
501
512
512
514
514
516
510
520
501
507
507
500
509
516
514
507
508
500
488
504
493
479
485
498
487
498
496
478
484
491
499
500
488
492
486
490
484
480
487
493
476
480
464
470
453
491
484
487
480
474
408
446
429
467
418
464
438
474
475
477
466
488
474
468
480
475
479
484
466
475
477
477
487
489
484
473
465
472
471
462
457
449
462
473
473
478
473
480
465
481
474
475
488
464
473
486
434
461
476
427
446
451
451
467
483
485
493
491
488
504
497
508
517
501
510
508
508
507
514
508
516
504
509
514
507
521
513
522
510
520
499
518
517
527
519
524
522
505
528
529
526
521
524
516
507
538
529
528
545
536
530
524
515
497
489
486
530
504
485
465
483
491
424
422
389
474
411
258
245
239
225
228
219
314
464
126
432
358
443
350
338
333
332
419
401
203
283
301
297
172
156
454
278
143
263
131
271
383
381
497
196
143
126
245
437
215
183
126
364
7
20
37
35
59
96
116
111
162
163
164
171
172
188
189
201
192
198
212
210
212
231
231
246
247
267
267
283
283
299
307
298
298
307
305
341
340
354
355
369
362
379
379
388
380
390
392
399
401
400
419
420
432
436
437
467
459
459
458
482
482
480
458
469
469
477
465
473
483
478
490
476
485
477
484
459
473
478
470
461
483
471
481
480
477
467
475
466
469
453
466
473
459
468
480
446
446
467
433
443
462
482
433
470
464
461
475
475
482
470
459
466
472
466
475
446
472
464
468
469
454
472
466
468
464
463
470
467
465
470
459
461
459
459
470
460
473
462
464
471
460
448
465
458
473
457
445
455
435
452
452
467
466
480
471
475
460
482
474
467
461
469
462
20966
20973
20960
20983
20968
20975
20992
21007
20989
21000
21000
21019
21004
21008
21012
21018
21003
20999
21027
21012
21036
21032
21039
21034
21038
21041
21039
21037
21048
21046
21046
21036
21039
21053
21044
21058
21038
21043
21047
21038
21048
21050
21053
21048
21048
21058
21052
21057
21069
558
562
550
545
537
555
553
534
552
539
534
535
545
537
541
525
520
526
527
533
529
535
529
539
542
537
527
540
538
555
539
561
550
565
564
553
566
560
567
568
567
573
564
576
568
567
564
561
568
566
555
561
564
553
533
544
551
532
567
549
553
567
560
577
576
594
595
582
604
583
577
566
570
561
550
568
549
560
549
535
556
525
541
537
538
545
548
537
546
540
556
540
545
538
544
553
542
545
560
560
522
523
548
556
539
542
555
562
551
539
556
546
538
527
539
526
538
536
535
537
525
533
539
549
544
556
556
556
545
554
538
546
538
552
535
556
537
548
534
529
546
539
530
532
545
548
532
533
545
527
521
537
525
526
538
521
528
530
519
511
524
517
530
499
509
520
516
506
489
498
481
486
515
499
481
495
488
499
496
500
492
489
497
494
470
486
476
487
466
484
472
470
478
474
466
472
478
454
464
470
453
455
475
467
471
469
474
458
457
402
390
343
411
316
308
471
260
406
390
167
267
258
231
231
247
326
326
230
221
210
392
198
300
299
299
350
284
269
427
145
129
411
117
338
435
437
208
381
189
176
163
134
359
182
156
449
12
19
16
23
21
47
48
56
143
167
161
176
170
176
178
184
186
182
205
206
221
218
221
243
244
258
257
274
274
291
291
306
307
319
320
322
337
347
346
346
371
371
391
390
407
406
423
424
439
439
435
436
459
465
477
476
415
401
392
474
363
320
246
434
361
339
329
475
311
282
291
460
244
233
192
176
217
157
184
135
380
396
99
447
424
82
346
467
300
273
265
453
166
148
128
106
94
357
245
477
113
416
205
219
4
8
20
26
21
40
40
30
53
53
62
50
54
40
53
71
78
70
88
78
99
119
113
115
129
126
149
142
180
183
220
206
206
191
210
174
134
126
139
135
192
174
135
186
134
190
135
171
132
203
119
163
114
140
113
113
138
105
208
96
192
96
179
180
132
160
120
118
113
106
125
118
114
4
25
34
93
108
119
119
146
165
165
171
170
168
189
192
197
194
214
226
234
234
253
253
275
274
292
293
299
319
318
332
296
296
287
298
163
299
116
85
286
286
316
285
285
277
325
318
241
241
209
337
207
187
177
297
158
145
293
110
125
287
287
283
266
325
259
336
208
231
334
137
294
92
325
314
195
298
286
260
300
6
21
17
57
63
90
67
67
70
54
55
58
61
65
87
53
67
77
58
70
72
68
90
57
67
91
69
60
85
6
21
7
4
18
10
3
4
21
28
33
32
39
29
47
58
64
78
64
69
69
86
94
99
115
132
152
183
206
205
194
201
215
217
227
225
243
242
254
261
276
261
272
264
295
294
307
304
321
318
317
344
349
349
366
366
379
382
379
372
410
409
430
429
446
447
466
464
472
468
470
467
473
474
472
508
528
528
540
542
541
547
545
538
543
543
538
536
547
544
528
540
537
549
510
503
493
529
518
517
516
509
523
516
505
513
505
517
521
508
512
509
510
515
512
521
510
491
485
485
484
516
504
522
517
505
486
523
526
516
537
527
534
530
515
534
516
526
537
526
516
530
537
536
540
513
529
538
538
554
543
559
552
565
567
570
558
567
541
558
562
565
554
556
541
545
557
567
544
551
563
562
560
572
550
565
547
557
564
557
543
547
533
545
516
530
556
547
546
558
556
560
545
555
547
533
556
533
549
547
525
541
509
400
485
516
339
257
226
201
365
117
310
331
296
456
267
487
285
475
239
378
224
449
181
164
155
367
498
353
437
126
132
105
449
322
313
424
276
421
225
195
139
86
246
387
174
85
409
8
8
24
20
5
5
4
5
5
14
19
23
33
35
40
54
65
69
70
93
100
94
108
108
115
121
132
143
145
165
144
161
154
219
219
235
226
236
210
205
221
240
224
236
251
243
255
259
241
265
272
262
266
292
277
280
285
282
300
311
311
298
338
339
356
356
371
373
389
389
390
412
413
413
414
445
458
477
495
477
447
490
483
458
457
490
499
492
509
494
524
516
513
533
517
536
526
526
529
519
504
511
515
490
490
514
539
484
442
409
490
386
468
355
395
312
383
189
436
123
332
389
292
283
321
458
247
224
212
381
222
373
185
172
164
155
478
120
347
430
118
323
512
390
257
242
526
430
192
526
372
525
121
320
449
365
4
21
24
14
15
10
4
25
26
39
34
29
44
43
59
42
31
16
10
59
27
7
6
8
31
26
46
10
29
26
11
13
46
8
7
24
32
32
33
47
36
14
37
24
44
43
39
20
16
26
24
8
10
19
25
28
40
58
70
54
62
75
81
60
90
102
113
124
155
142
91
62
59
61
61
80
150
153
62
97
124
141
63
83
137
59
58
130
74
94
93
94
61
82
70
139
6
22
35
26
49
55
79
83
93
106
92
104
176
204
225
222
208
237
235
253
245
267
260
262
289
280
307
292
311
308
330
332
342
352
363
363
376
395
394
414
413
440
441
461
460
476
476
491
490
509
508
525
535
529
523
526
562
557
560
559
585
588
588
594
596
597
576
609
585
582
586
572
568
588
571
576
564
556
561
554
555
549
543
553
547
552
516
536
550
537
525
536
536
522
518
508
532
531
518
530
517
527
530
553
544
542
526
535
536
546
531
538
548
533
552
554
557
541
566
564
558
557
565
555
572
556
560
570
542
477
520
569
468
459
531
432
416
557
509
484
486
453
429
403
550
401
442
511
540
531
550
514
534
532
539
530
545
531
537
526
524
517
543
529
523
536
526
543
528
541
530
539
541
532
529
528
541
529
517
457
447
478
445
444
462
458
476
476
497
497
513
514
530
540
539
530
566
566
579
564
578
570
577
567
560
567
557
570
559
555
558
568
559
557
564
557
557
552
564
554
567
558
562
551
556
566
549
567
554
572
555
565
554
545
555
563
558
556
550
555
549
560
567
565
576
568
545
531
521
490
526
554
510
502
565
555
553
551
558
561
560
558
560
553
561
567
554
562
554
561
554
559
568
565
557
566
558
544
546
563
550
576
567
569
562
565
562
558
569
568
556
551
565
561
551
534
514
558
522
528
593
593
609
608
623
608
621
618
608
610
615
587
588
600
612
578
584
591
581
572
589
557
591
579
579
590
581
589
593
584
593
577
583
575
589
580
579
587
589
581
588
582
583
590
585
594
601
601
590
583
525
537
540
526
545
537
544
539
548
543
533
554
548
541
550
549
555
564
546
559
540
557
549
564
549
559
550
552
544
559
556
548
562
560
548
555
548
548
559
559
547
558
546
556
547
570
560
569
556
560
554
531
551
542
561
562
550
549
561
563
551
559
551
560
553
562
556
557
564
574
557
573
558
563
571
561
569
548
572
562
570
558
558
564
549
564
545
534
556
553
559
554
550
555
531
537
545
533
543
512
481
474
532
488
500
520
520
517
528
524
508
517
303
226
71
346
439
324
338
427
449
312
285
275
266
248
417
213
477
198
149
399
108
165
107
489
103
88
89
371
497
306
294
411
234
152
387
180
105
147
359
368
468
208
189
99
392
243
458
