67
76
67
211
221
233
235
254
253
280
279
288
299
285
312
313
329
328
353
351
372
372
391
391
406
407
392
425
383
382
391
391
411
411
432
431
443
442
461
459
475
463
470
468
484
484
501
502
518
517
536
535
552
544
541
552
543
553
561
537
552
537
554
553
550
544
552
548
548
537
546
543
543
541
547
521
544
544
533
534
550
532
549
532
548
528
545
528
538
542
526
527
544
523
526
524
541
516
520
529
515
531
515
514
532
525
514
530
513
528
512
511
527
510
525
526
513
528
512
527
514
529
515
532
516
516
516
528
524
527
524
527
516
530
520
537
538
537
527
542
538
551
549
555
550
570
562
566
564
584
572
576
587
583
584
591
602
599
597
647
644
642
646
652
660
653
672
656
677
662
679
664
683
667
688
672
689
676
698
684
689
686
703
678
694
688
704
723
697
713
708
705
698
710
704
708
697
708
701
695
702
699
686
690
676
671
683
675
622
625
623
614
624
623
604
598
606
602
595
605
582
590
581
573
586
588
580
576
568
557
568
576
558
541
569
563
569
528
526
517
548
538
536
523
532
508
517
522
528
520
532
518
521
532
532
520
528
518
531
553
544
553
538
550
530
543
545
525
535
541
542
552
543
546
532
536
543
525
541
534
526
537
536
547
540
542
534
548
541
545
522
522
534
532
525
520
532
518
520
534
521
533
520
526
518
521
505
502
504
480
487
500
485
496
500
493
499
482
500
495
502
494
505
498
510
507
505
512
507
528
519
517
524
528
522
532
520
534
528
541
536
542
534
546
539
550
552
559
544
559
541
552
562
555
571
562
562
561
573
561
579
574
578
565
576
563
579
563
576
564
578
576
565
582
560
577
571
544
553
554
561
563
539
549
545
558
522
538
544
537
521
531
516
510
525
521
514
509
505
508
490
505
496
501
500
507
502
512
501
505
500
505
500
510
503
497
497
503
510
497
509
499
513
498
512
511
500
493
507
5023
5008
5004
4992
4987
5011
5002
4996
5013
5006
4996
5012
5001
5006
5012
4994
5003
5005
5017
5006
4992
5002
5004
4996
4993
4987
4986
4989
4991
4979
4982
4983
4971
4978
4975
4984
4967
4984
4982
4963
4960
4970
4958
4953
7834
7829
7844
7841
7895
7889
3383
3378
3362
3381
3380
3381
3380
3376
3375
3374
3394
3376
3375
3384
3395
3385
3376
3371
3375
3371
3363
3380
3358
3386
3382
3399
3391
3386
3398
3401
3395
3404
3394
3394
3381
3407
3400
3400
3410
3393
3401
3404
527
549
530
3415
533
517
488
489
492
481
474
476
487
492
490
473
488
492
474
485
481
478
487
447
452
447
469
469
483
481
489
488
508
502
507
491
501
503
493
499
478
491
487
487
497
488
479
486
486
496
494
493
489
504
489
483
493
471
491
480
488
479
472
476
469
474
495
472
486
491
492
480
485
485
493
492
479
487
470
480
480
488
479
486
482
484
492
481
492
481
461
468
484
476
478
478
471
474
477
495
494
488
486
484
493
481
486
487
493
503
495
497
502
505
511
494
516
492
492
495
499
501
483
490
492
487
498
488
488
487
504
493
509
501
511
509
512
496
503
507
508
518
516
534
524
520
519
529
532
501
510
519
519
513
504
518
505
526
517
501
512
505
520
505
509
503
512
505
511
511
528
517
527
520
524
524
508
520
508
502
512
497
510
528
529
521
530
528
537
508
521
527
520
527
519
523
515
524
528
512
529
522
538
529
538
527
534
528
539
519
530
522
514
533
531
523
535
515
527
531
519
529
510
518
518
502
519
523
517
528
517
527
526
508
496
493
486
507
485
479
498
499
492
499
492
483
481
501
501
495
504
497
494
480
502
487
478
496
496
483
491
473
496
497
490
503
489
493
493
508
501
512
501
518
513
515
514
533
527
544
538
546
538
527
547
537
537
536
530
539
539
552
544
549
542
550
539
546
539
536
541
536
537
540
540
554
544
546
554
546
555
554
546
555
548
550
543
554
546
543
550
544
537
536
528
517
535
523
499
508
488
499
496
496
500
507
505
505
515
490
497
497
508
496
507
497
498
511
514
507
517
510
517
495
510
495
500
495
494
478
489
484
491
483
490
493
493
487
485
468
478
483
489
479
479
491
484
479
496
484
480
480
488
482
468
482
485
477
467
484
465
476
491
478
492
493
481
486
480
490
466
479
489
486
479
477
489
487
487
504
476
492
488
500
476
486
502
484
477
483
488
490
471
483
485
487
493
487
492
493
494
488
495
477
479
503
489
490
498
493
500
492
491
490
498
499
492
499
487
498
477
481
496
490
495
485
493
500
495
494
490
490
490
500
508
505
505
519
509
514
515
515
505
508
513
521
506
508
518
520
510
523
513
511
519
512
521
513
530
510
522
514
517
512
513
523
530
515
526
516
516
519
516
513
524
526
531
529
538
524
529
531
523
512
517
525
512
530
507
515
506
503
512
508
526
517
509
521
520
523
526
515
532
524
531
526
535
531
528
536
537
529
541
534
541
533
535
539
540
551
562
541
591
576
587
587
596
591
604
617
660
659
652
646
651
704
697
715
719
711
708
702
680
672
666
662
651
640
632
621
614
607
593
591
582
572
560
554
548
524
516
506
502
493
488
479
476
472
467
448
437
404
398
391
373
367
539
349
357
371
406
394
403
379
395
354
365
210
208
208
223
223
244
244
253
246
264
263
281
281
304
317
318
335
334
340
354
355
369
369
386
386
406
404
424
424
442
441
457
457
473
472
488
487
488
508
521
522
539
544
551
556
530
534
545
524
533
546
540
550
544
565
549
549
554
543
553
551
542
546
535
529
544
544
527
538
537
540
532
539
548
540
534
543
518
539
525
537
528
542
550
539
544
537
538
554
542
547
529
543
544
518
534
534
556
555
570
543
559
544
564
539
550
546
562
554
570
552
560
554
577
569
582
562
562
562
584
577
580
586
578
573
584
573
581
568
571
574
589
576
571
582
580
563
571
573
564
573
567
573
566
569
560
570
568
551
577
564
572
571
561
560
565
562
581
566
573
573
568
993
980
991
983
1007
992
1011
994
1016
1003
1018
1010
1013
1017
1024
1019
1036
1007
996
998
993
980
966
970
972
969
960
955
959
950
945
935
930
933
921
912
899
895
890
881
879
877
868
860
840
840
834
825
398
388
383
369
365
355
348
344
330
325
313
308
299
294
284
272
1030
1013
152
150
157
156
171
170
188
188
207
208
225
223
242
240
260
259
277
278
294
292
310
309
328
327
343
343
359
359
375
374
390
389
404
404
419
418
435
434
452
451
466
465
480
480
496
494
511
510
526
524
535
533
557
558
552
562
564
557
562
554
563
554
574
567
581
575
582
584
589
587
588
584
587
584
586
570
589
586
572
588
574
575
590
571
576
578
564
580
560
564
569
571
570
568
569
553
571
560
556
574
564
561
535
531
524
530
514
519
526
523
511
495
519
492
484
489
482
476
472
496
469
463
483
473
469
470
462
467
472
466
474
463
466
476
476
483
480
474
462
477
467
483
476
464
483
466
472
477
455
478
473
474
482
479
472
473
466
482
480
473
484
477
484
488
488
476
465
484
471
470
479
462
481
480
481
489
494
484
491
491
483
480
495
475
484
489
492
485
488
475
478
475
474
491
473
492
492
476
493
488
489
480
493
487
475
494
482
476
483
480
472
492
473
466
487
476
468
478
473
476
465
484
470
462
478
463
454
482
470
462
470
459
451
467
466
462
449
458
455
456
454
464
456
448
461
460
463
458
462
455
459
442
462
458
458
452
458
458
458
451
450
469
471
455
470
471
477
458
465
467
456
456
465
449
465
442
461
466
462
472
465
462
465
462
455
475
469
465
479
471
485
480
482
474
478
468
481
482
580
570
588
576
592
584
594
594
591
578
604
595
596
597
610
609
601
599
616
599
623
611
616
638
625
623
631
635
635
651
641
646
647
647
665
664
652
658
666
650
658
663
654
656
667
665
658
656
656
573
563
573
549
559
556
9890
9879
9913
9908
9978
9974
9961
9969
10010
13051
13131
13157
13168
13155
13178
13195
13193
13196
13202
13172
13216
13207
13232
13193
13234
13246
13229
13226
13243
13234
13238
13238
13244
13260
13262
13255
13266
13263
13271
13266
13276
13282
13298
13293
13288
13280
13277
13285
13295
3959
3962
3944
3842
3933
3937
3841
3840
3837
780
3833
702
670
666
689
675
608
606
603
618
612
588
562
553
533
516
621
610
550
575
552
569
575
552
568
551
547
539
555
527
536
562
575
564
559
574
567
590
579
592
577
598
611
595
602
599
607
610
611
597
595
613
595
605
530
596
517
587
525
511
522
532
533
553
553
570
571
590
591
603
574
589
576
594
594
540
593
538
608
618
616
628
615
628
611
623
608
603
608
599
571
585
577
590
575
588
571
576
579
582
579
559
570
567
583
581
570
581
577
558
559
570
568
576
570
563
556
560
561
565
553
565
530
557
477
477
492
491
493
503
496
506
497
504
482
497
501
500
493
497
490
501
492
503
481
492
485
486
489
487
478
494
487
493
496
479
492
493
496
489
485
479
501
494
496
494
503
500
507
496
489
500
482
497
497
489
491
494
494
491
483
504
500
486
486
490
501
489
498
483
495
492
473
485
483
478
483
506
483
497
499
511
502
504
490
486
486
499
492
502
496
511
496
507
505
508
515
500
494
518
513
505
506
518
515
518
507
501
500
492
510
508
504
514
507
509
498
499
504
513
503
515
507
497
500
502
496
509
521
510
507
507
500
507
507
505
501
511
502
507
491
503
510
506
501
510
492
491
502
491
497
497
475
483
496
483
497
489
483
489
492
486
492
486
484
477
496
478
471
493
489
477
494
487
498
490
496
496
501
494
507
501
526
513
530
524
529
523
535
518
524
530
543
531
549
535
545
540
586
581
587
597
590
590
595
582
607
601
613
600
617
611
619
614
624
608
631
638
623
641
645
635
644
643
651
628
637
646
634
636
638
639
604
621
625
610
623
611
624
602
624
622
613
627
627
627
623
601
585
590
587
600
591
612
603
621
596
594
579
588
591
582
590
581
585
577
580
566
578
565
574
567
574
559
568
558
573
573
575
560
564
551
546
547
558
550
559
544
558
541
547
541
550
534
550
535
534
529
529
524
526
519
519
511
522
503
508
517
515
508
516
514
515
513
515
513
517
514
516
514
515
518
517
515
518
514
519
517
517
514
518
515
519
516
516
514
515
513
515
512
515
512
512
510
512
510
513
511
513
511
512
510
514
511
510
504
516
505
514
512
516
513
514
512
516
514
513
511
512
510
510
502
511
508
509
512
511
493
508
518
503
517
502
518
505
521
506
520
503
517
503
517
503
519
505
520
505
520
505
520
504
519
503
519
505
521
504
519
504
521
505
519
505
519
504
520
507
522
506
520
507
522
505
519
503
517
502
501
500
509
507
507
509
485
505
495
501
496
502
498
505
497
504
498
504
497
504
498
505
500
505
499
505
497
498
503
504
500
519
504
521
506
519
505
503
520
497
500
515
498
498
493
499
491
496
493
504
498
497
502
505
500
504
509
511
514
503
524
518
509
516
508
506
514
516
507
516
506
516
506
511
503
510
501
514
505
517
506
504
502
501
483
493
492
489
492
507
511
512
521
519
532
526
517
523
525
534
525
535
527
526
540
542
523
511
532
530
542
538
529
536
534
545
536
543
540
537
543
552
553
549
560
563
551
541
552
554
555
548
569
568
565
570
587
605
605
596
616
603
594
608
592
590
602
601
587
602
590
592
592
606
610
581
594
593
617
615
625
623
633
620
625
611
623
615
622
610
619
606
621
611
615
601
617
593
609
600
609
602
603
590
600
582
592
563
572
557
570
555
560
552
562
556
570
569
585
578
571
587
573
578
561
553
551
557
567
565
552
562
555
564
558
555
572
570
551
555
557
550
557
555
562
561
560
563
562
559
543
566
550
567
551
550
566
564
550
566
552
569
554
565
552
542
530
557
544
528
521
529
537
517
518
533
533
518
536
518
531
517
535
518
535
520
519
535
538
536
538
547
539
515
538
541
525
529
545
536
521
543
530
525
546
531
531
547
543
526
531
538
535
533
537
543
542
550
531
549
535
544
537
549
538
542
557
536
553
540
539
535
546
544
543
545
543
524
546
536
519
523
513
531
529
512
521
529
525
530
519
535
526
510
530
518
522
515
504
522
523
515
520
534
535
518
523
538
520
515
538
522
519
511
519
516
497
514
524
524
530
520
518
516
515
517
518
515
520
534
521
510
519
535
520
521
519
529
522
525
507
522
531
518
518
531
524
532
521
523
520
512
515
495
512
516
502
518
501
508
509
517
515
518
521
521
500
513
520
527
512
513
525
528
500
513
518
512
515
513
516
505
499
514
510
516
513
513
516
498
518
507
515
507
516
515
523
533
525
506
518
531
518
520
518
528
526
528
521
526
524
530
523
530
529
531
525
511
529
526
528
515
533
516
527
522
532
530
535
533
536
534
524
516
544
525
523
529
527
526
529
528
532
541
534
529
530
532
514
531
523
519
531
510
525
527
528
534
529
542
545
515
537
520
540
535
526
541
525
545
544
537
537
540
531
533
532
529
530
517
527
519
522
530
531
526
525
524
507
527
512
513
521
517
520
511
516
507
521
524
503
508
507
504
515
524
510
497
501
482
481
488
486
488
500
474
473
473
468
466
474
478
473
465
473
455
461
460
468
473
466
468
468
467
463
455
465
792
792
786
777
793
797
792
805
1092
790
1109
1088
1096
1113
1090
1106
1101
1101
1114
1106
1113
1117
1116
1125
1093
1110
1119
1114
1123
1108
1129
1136
1124
1126
1122
1136
1130
1137
1122
1135
1124
1141
1144
1144
1153
1138
1130
1144
829
848
815
825
802
817
818
814
819
818
835
539
509
524
506
523
486
508
513
513
509
511
511
522
511
492
520
521
516
521
517
517
517
529
522
529
522
529
529
529
521
509
507
528
529
516
531
532
530
531
517
529
522
513
512
531
525
515
533
529
529
530
523
523
534
535
531
532
531
532
515
525
511
524
538
526
532
532
522
533
521
534
523
534
531
523
535
529
524
541
526
531
536
534
546
538
549
544
539
538
542
535
539
524
536
531
526
533
526
547
535
545
553
540
551
531
548
542
539
551
547
548
537
542
525
534
537
539
524
519
511
534
512
520
517
500
510
515
507
521
501
504
510
492
503
501
507
501
504
497
497
488
505
504
513
506
487
494
489
490
470
476
477
485
478
494
475
466
484
463
476
475
473
482
473
473
485
478
486
478
479
479
489
492
461
480
481
479
486
483
482
465
463
482
470
481
458
473
464
460
453
461
445
459
452
460
454
448
453
471
454
492
489
499
487
490
494
510
492
492
510
508
505
515
522
510
509
529
520
534
525
532
533
522
527
542
541
551
548
555
553
557
541
562
572
571
557
577
575
584
579
589
574
595
580
590
597
576
594
586
598
568
574
567
560
552
561
577
560
572
569
577
557
573
563
571
564
558
560
554
559
565
565
553
575
537
553
541
556
537
551
542
544
535
525
520
529
532
539
550
540
547
531
546
528
548
543
547
541
541
545
548
537
535
541
533
532
544
537
529
548
548
540
546
538
530
552
547
534
539
532
543
536
534
528
545
537
540
527
538
546
538
537
554
553
562
552
533
547
537
529
535
532
530
532
526
528
525
529
527
525
530
524
529
519
533
529
532
531
533
525
530
527
529
527
530
528
531
529
531
528
528
531
532
529
528
530
533
530
532
526
531
510
528
535
519
535
518
527
520
537
520
534
520
526
519
527
517
532
517
517
533
532
516
532
515
531
516
532
515
532
518
533
518
533
518
532
517
533
517
518
534
534
519
518
532
530
515
516
532
533
519
519
527
529
508
525
516
533
517
533
531
518
534
517
532
520
536
521
522
538
524
539
540
524
540
525
541
526
541
526
541
526
524
539
523
515
519
539
518
535
520
536
520
516
535
531
529
518
506
526
529
514
509
521
518
530
514
529
511
531
520
537
523
542
528
546
530
531
548
548
531
538
531
556
540
560
543
560
545
564
547
560
554
569
555
577
577
571
589
587
568
585
570
588
580
581
578
585
568
585
581
583
582
593
587
589
581
591
580
582
575
581
571
577
570
573
566
566
571
570
568
568
566
559
550
556
547
546
553
550
543
547
545
577
569
570
560
566
556
564
563
558
546
560
551
566
570
553
567
551
554
569
567
552
566
553
570
555
573
558
577
560
577
561
572
564
583
568
568
576
587
572
574
589
594
578
593
577
591
581
601
585
551
594
554
560
576
559
570
562
572
562
573
570
588
581
588
591
593
586
591
600
604
599
610
599
597
590
611
605
596
606
599
614
601
615
601
610
603
612
602
608
605
602
602
598
602
595
594
579
580
587
586
574
585
574
568
584
561
579
568
555
566
552
541
550
542
536
535
531
535
532
534
520
526
516
525
506
518
510
521
508
519
504
513
500
492
500
483
508
490
495
494
494
487
483
493
490
480
493
499
486
506
497
501
495
506
493
498
503
507
498
507
500
509
509
498
502
509
504
496
501
496
490
498
489
493
487
498
484
494
489
491
485
488
494
487
490
492
486
484
493
498
503
491
500
493
492
497
499
488
502
481
490
484
494
484
478
481
489
484
494
487
494
481
495
487
491
486
496
489
487
493
494
488
494
488
497
484
490
484
498
491
495
494
498
487
526
521
517
510
531
527
517
527
519
523
516
529
517
528
516
553
539
549
559
553
624
610
626
617
624
606
611
615
603
601
594
595
589
586
580
576
570
569
564
576
569
586
578
589
578
588
585
601
596
571
608
572
579
583
589
583
605
588
595
602
593
610
613
602
580
580
592
570
580
566
522
514
515
511
530
530
545
539
547
536
554
544
550
560
567
581
577
585
589
590
573
578
586
572
583
584
571
576
569
577
579
552
559
553
573
555
560
535
538
539
541
559
551
556
551
552
560
564
551
565
553
553
563
555
549
560
556
547
576
569
570
571
563
584
565
575
583
569
574
571
564
598
588
591
578
604
606
594
608
595
599
617
616
642
630
642
605
623
629
621
624
647
633
619
623
643
643
628
636
629
645
636
656
646
661
627
644
643
657
648
658
653
658
671
671
677
657
670
669
675
635
633
649
646
627
630
645
631
639
641
657
630
636
622
619
634
623
623
613
614
622
622
634
614
623
616
630
643
636
628
634
627
612
617
609
613
612
606
613
604
606
595
605
590
592
591
592
579
570
592
581
588
589
578
576
574
583
572
577
561
552
566
565
549
542
530
557
547
546
543
525
514
541
531
535
512
517
528
526
514
507
523
518
523
510
518
530
524
511
515
511
486
501
508
499
502
496
472
510
494
488
498
489
503
486
485
500
500
486
503
488
508
493
511
500
504
502
515
513
516
514
516
501
507
511
517
510
524
507
490
505
521
514
506
505
523
521
505
518
502
516
507
524
523
528
519
518
507
519
512
523
510
525
510
526
513
529
513
528
511
524
510
524
506
521
504
514
500
517
504
520
504
518
503
514
514
522
505
519
504
514
505
511
508
507
505
507
503
508
505
506
504
503
501
502
499
500
498
500
498
497
494
496
493
493
491
492
489
492
486
489
487
488
486
489
487
490
484
489
482
486
484
485
483
482
472
482
480
482
480
483
481
488
485
487
485
486
484
486
484
488
485
492
489
494
492
494
492
496
493
497
494
497
494
499
496
497
494
496
493
497
495
497
495
495
493
493
491
491
488
491
488
490
488
493
490
493
491
495
493
495
488
21119
21112
21142
21171
21175
21176
21184
21182
21198
21191
21200
21200
21211
21209
21231
21232
21232
21249
21236
21257
21268
21316
21302
21319
21307
21332
21320
21340
21326
21345
21333
21354
21341
21341
21352
21338
21341
21354
21357
21358
21344
21373
21359
21380
21366
21385
21371
21388
21375
21396
745
745
762
734
715
720
707
698
714
699
706
690
673
701
679
684
666
671
671
648
609
595
602
594
615
601
591
580
573
597
590
578
567
593
564
592
574
590
587
570
586
587
571
599
585
598
584
596
583
586
572
576
556
566
562
549
570
564
553
553
555
551
525
522
527
526
537
545
533
530
535
523
545
518
517
525
512
529
509
514
509
507
518
514
506
490
498
514
516
500
518
502
479
507
489
475
469
482
484
475
482
469
466
467
476
484
478
471
459
474
476
483
467
484
475
486
483
488
495
502
507
500
498
489
498
489
502
485
488
492
495
479
489
490
486
492
494
488
494
482
493
489
486
491
502
497
496
499
498
498
498
498
514
503
508
506
513
498
511
508
506
506
514
504
504
509
517
494
514
505
488
497
493
492
504
506
509
494
506
506
498
512
511
502
504
499
511
502
493
482
490
494
477
487
477
482
474
473
486
481
480
459
480
459
467
445
450
453
462
439
418
420
416
405
404
406
404
394
382
385
385
371
373
377
373
375
366
362
358
349
352
347
350
339
340
337
328
320
324
319
304
307
312
306
301
294
296
292
290
282
285
280
281
278
275
267
454
444
10
22
60
69
86
85
91
92
101
101
120
121
136
151
138
153
177
178
194
194
209
210
226
228
248
248
265
266
284
285
300
301
314
315
330
359
383
399
400
383
420
420
436
434
452
453
462
466
479
478
496
497
513
514
528
525
516
526
532
517
520
514
534
526
533
523
507
514
518
515
509
514
521
529
510
509
517
520
500
507
518
517
512
512
523
500
476
484
478
481
477
473
484
482
471
481
474
479
474
485
474
476
485
484
472
486
485
498
489
493
490
496
496
505
512
482
500
510
510
521
516
505
498
506
511
514
518
514
511
528
512
526
520
525
515
525
519
530
515
527
522
514
524
511
518
527
516
531
523
509
527
520
528
523
535
526
523
533
528
519
522
515
515
516
524
517
518
522
528
529
529
546
536
549
526
535
515
513
532
523
518
536
527
537
515
539
527
543
522
534
545
545
545
529
548
541
550
537
548
540
541
541
546
550
548
541
546
537
540
529
515
533
535
525
534
521
509
520
519
510
509
504
516
514
503
514
488
510
509
514
495
508
487
502
501
493
499
486
486
485
497
475
495
496
480
484
477
486
474
478
469
481
467
474
472
482
457
464
474
472
475
470
472
465
468
459
467
474
464
458
456
471
467
438
456
454
443
451
443
457
446
457
441
455
450
461
453
458
451
439
448
458
461
454
452
465
453
451
461
456
449
458
441
456
450
462
444
459
454
470
460
467
450
460
464
447
463
451
463
463
469
468
464
447
463
462
471
469
478
459
462
447
459
465
446
454
460
459
468
454
467
446
460
459
462
438
444
451
455
441
448
455
444
438
449
433
445
451
440
447
441
443
437
437
447
429
440
432
439
438
435
447
443
431
442
431
440
428
439
423
429
428
422
428
427
435
445
438
440
429
441
424
440
434
432
442
425
440
441
449
460
441
442
442
455
439
456
452
465
468
457
472
474
473
463
467
477
487
480
486
480
492
472
483
487
483
491
496
469
485
486
503
486
502
513
516
504
523
517
526
519
526
519
536
524
541
535
514
517
510
519
517
523
518
500
510
517
513
526
522
506
513
505
510
515
504
505
498
505
501
505
500
498
511
505
501
499
516
515
533
522
513
506
517
504
510
489
501
487
499
489
500
488
499
486
498
484
500
497
496
496
508
507
511
507
522
515
520
504
511
509
509
529
517
539
538
521
534
551
540
554
543
557
561
544
548
554
529
544
554
552
558
561
558
568
566
579
578
572
571
587
584
591
608
597
619
608
621
622
617
622
626
632
620
637
648
635
633
644
644
643
639
645
648
627
638
634
645
637
649
641
654
621
647
637
653
656
651
638
665
674
684
671
676
669
656
665
664
659
671
675
671
652
663
655
645
645
645
648
642
645
634
636
609
624
608
618
622
625
612
609
622
591
569
616
581
590
574
584
558
561
525
552
543
547
546
559
560
551
537
521
534
514
528
520
531
523
532
485
519
494
503
501
485
477
475
488
476
493
480
490
491
485
489
497
479
497
497
486
480
498
488
491
477
480
493
494
497
496
510
504
489
506
508
489
501
497
484
478
474
468
458
449
443
433
483
509
458
465
465
480
472
479
478
481
491
478
467
473
460
472
446
460
460
456
444
454
449
460
443
457
445
457
446
455
459
448
454
449
446
453
433
446
448
441
455
400
390
395
393
395
413
419
418
433
433
449
448
454
446
451
440
450
433
449
449
456
454
452
435
441
438
445
444
456
437
446
460
430
443
449
434
449
447
452
442
447
447
455
446
452
432
434
449
445
441
446
446
451
433
450
449
457
438
447
449
446
441
450
437
451
440
453
442
451
440
449
439
443
439
440
455
447
462
426
445
448
443
442
435
443
447
444
448
443
447
443
444
440
430
444
426
460
460
464
473
476
476
484
476
486
481
488
471
492
490
504
491
506
500
507
496
513
501
519
507
526
520
528
522
528
525
529
525
524
524
535
524
534
518
534
529
537
531
534
518
532
533
520
530
541
518
515
521
503
513
513
511
498
514
493
497
499
478
492
484
480
473
478
472
475
477
454
464
463
456
450
457
445
433
453
444
441
444
427
441
447
437
447
431
437
447
436
428
441
433
463
452
457
455
445
458
451
448
436
436
450
448
440
451
436
449
445
447
448
455
462
457
439
453
461
451
449
444
449
453
460
453
459
444
456
456
445
456
439
438
450
450
462
446
462
458
467
465
458
468
444
450
450
459
444
439
443
456
449
452
460
454
456
448
453
449
457
450
454
446
441
447
445
445
455
440
453
444
436
444
440
450
450
440
454
447
453
445
449
449
459
448
434
445
444
432
433
442
435
439
427
440
448
447
439
447
453
446
445
438
448
443
428
439
444
428
434
443
436
443
442
431
439
448
441
441
432
426
440
440
439
443
438
449
449
439
433
438
447
438
429
449
435
438
451
446
445
437
441
446
453
435
442
435
433
433
445
438
443
436
441
437
437
438
450
434
444
448
454
447
439
459
452
447
440
444
443
451
446
451
440
443
451
439
440
449
456
455
440
450
449
441
435
448
444
450
441
450
458
447
450
438
449
439
452
442
453
440
448
453
445
454
447
451
469
470
464
470
466
472
477
476
463
479
483
488
487
485
483
492
489
481
494
500
485
502
502
504
513
513
522
525
518
518
503
520
511
510
526
514
528
529
523
530
522
535
526
526
526
531
521
531
523
526
504
513
505
507
499
516
505
513
508
510
502
489
500
506
508
490
497
503
503
490
497
485
493
475
486
482
496
492
497
503
496
499
496
480
476
456
447
445
437
434
424
423
419
417
414
406
404
398
393
388
388
384
378
366
359
358
356
349
351
348
331
327
323
309
311
313
304
295
293
291
281
466
281
504
350
330
356
334
392
391
189
203
199
212
197
196
222
240
240
253
253
276
277
288
302
301
315
315
331
331
344
344
345
332
340
349
351
362
364
366
382
379
383
404
403
418
416
419
436
436
443
441
442
467
467
484
484
497
504
494
506
494
487
500
507
503
514
499
491
483
483
485
504
496
494
483
498
492
498
505
496
508
496
500
498
508
499
490
487
506
494
492
504
508
501
509
491
508
501
502
494
493
501
495
516
505
502
514
501
511
513
505
510
511
526
505
509
516
518
525
508
517
501
508
508
490
504
498
507
489
497
496
489
505
503
496
501
494
496
496
508
515
505
512
515
488
501
509
504
522
515
520
505
497
513
507
501
507
498
509
499
511
504
508
501
510
498
496
497
489
505
499
490
506
502
508
500
492
509
495
504
500
496
506
511
504
508
509
502
514
512
505
522
511
524
514
527
533
521
536
522
537
537
544
523
533
526
523
530
533
527
529
523
532
524
544
534
536
531
529
539
533
532
545
542
556
570
536
580
585
584
596
591
590
589
596
592
583
597
585
590
575
584
591
584
594
582
584
590
585
601
587
595
588
600
593
603
591
598
593
598
607
603
607
600
600
602
608
603
611
599
598
604
597
592
602
568
568
568
562
555
553
561
554
560
553
547
559
546
556
558
546
552
546
538
544
537
540
538
543
526
540
532
516
526
522
515
528
516
526
516
518
514
519
513
522
510
549
543
550
544
556
550
543
555
555
550
560
559
548
557
550
553
549
552
547
556
554
549
557
545
552
553
552
546
550
549
550
554
543
554
550
556
546
555
549
557
559
554
559
558
552
562
567
558
563
526
523
525
519
555
563
552
562
550
561
560
559
562
566
566
569
573
575
567
574
585
575
579
579
574
583
577
568
582
576
568
579
581
575
583
575
590
580
583
591
581
584
595
592
603
602
589
591
596
600
600
595
600
607
564
554
576
580
565
577
505
569
571
555
548
539
536
531
511
513
499
501
489
490
479
475
471
461
458
565
578
523
511
516
515
524
511
513
510
516
501
517
507
510
494
509
491
497
506
502
483
486
487
499
475
479
487
488
481
483
377
379
386
394
489
474
401
421
422
433
436
437
449
463
458
460
485
483
501
501
514
507
505
521
521
505
517
504
505
520
504
520
520
504
506
521
522
506
522
507
516
510
520
518
521
519
537
526
524
521
527
524
541
530
531
539
516
539
531
516
533
532
536
521
521
523
529
532
526
508
529
518
533
512
514
532
521
515
515
517
521
519
519
521
518
513
520
522
522
518
518
516
517
514
518
515
514
512
513
511
509
512
511
509
512
510
512
510
513
507
509
512
511
505
511
513
514
516
505
522
526
519
526
540
545
546
557
549
554
548
546
552
558
547
553
555
563
558
560
557
566
549
563
575
559
555
575
559
570
575
568
582
572
569
586
571
589
584
587
581
594
593
602
589
585
598
595
586
585
576
571
580
574
555
577
567
561
582
565
580
568
564
548
556
565
566
557
542
551
538
562
551
548
524
553
549
550
557
540
542
529
526
540
535
540
530
533
531
540
517
526
508
509
506
505
518
522
507
520
516
508
510
518
499
507
501
507
487
503
508
488
495
474
485
486
487
478
497
494
486
493
495
494
484
475
479
491
481
488
493
494
477
469
484
475
495
474
485
486
484
489
489
480
474
486
481
492
497
488
518
512
505
505
505
514
516
500
512
505
514
513
500
501
518
504
511
517
509
523
516
523
527
510
523
498
516
518
508
518
519
530
523
517
522
534
527
526
514
527
521
531
528
539
533
539
517
520
503
490
527
515
509
506
513
517
516
508
509
518
516
522
523
514
530
520
497
508
505
527
507
519
507
509
509
490
511
510
504
506
516
506
495
508
498
503
511
505
512
514
501
507
504
510
512
505
500
498
493
490
494
501
508
498
492
498
512
505
507
514
516
491
508
508
481
487
496
495
508
498
495
503
498
495
487
497
484
490
469
492
493
475
500
485
485
481
481
480
489
492
484
485
490
473
479
486
493
502
501
511
499
501
497
505
512
501
508
512
503
504
511
511
512
503
509
513
504
503
524
516
529
525
520
522
534
529
515
532
529
539
538
543
535
537
536
540
520
515
518
530
532
526
513
517
517
531
521
527
533
527
518
529
522
524
521
511
502
507
520
512
508
500
511
510
506
513
486
494
514
495
498
492
491
498
492
489
495
488
494
489
498
489
498
486
481
485
487
480
476
463
457
448
444
436
434
424
421
499
486
464
462
462
474
482
473
494
494
503
483
482
495
501
496
493
508
504
497
514
513
518
527
522
517
523
526
520
542
528
538
544
549
462
541
552
463
455
478
478
507
507
508
533
534
534
560
560
581
579
603
601
601
617
605
612
589
605
599
612
605
615
618
608
641
623
641
632
631
625
652
629
641
649
643
646
619
636
628
634
628
605
625
619
609
608
612
597
605
594
594
588
606
582
591
580
588
563
580
564
551
586
562
556
550
561
547
557
552
569
544
547
537
546
519
527
514
530
522
500
480
517
500
495
502
499
483
509
506
513
506
510
511
522
516
523
522
512
510
526
500
514
520
511
521
516
523
502
503
514
507
516
527
520
513
531
516
516
514
525
495
519
520
527
503
515
519
508
504
508
506
506
522
499
510
518
497
508
499
511
502
508
490
502
502
501
511
500
488
498
512
491
506
500
505
509
511
494
508
516
507
499
516
510
520
519
528
514
497
513
505
520
511
521
506
519
513
527
527
506
522
523
506
512
504
513
501
521
519
507
504
515
497
511
510
502
511
500
510
509
520
498
510
518
508
510
518
502
517
507
518
516
506
502
505
513
507
514
515
506
513
509
500
507
510
503
506
504
512
494
509
503
519
511
516
511
511
511
520
513
510
522
517
513
520
520
512
521
516
507
493
511
503
506
499
486
490
483
490
499
501
489
489
496
496
509
489
499
493
493
493
507
489
500
494
502
503
483
496
494
501
503
484
496
487
494
488
480
488
495
483
488
489
499
490
496
493
487
499
493
503
499
510
498
513
513
511
494
513
500
516
514
516
512
527
505
511
499
496
507
504
493
496
497
504
483
495
500
498
503
503
494
496
496
498
488
509
507
506
516
505
508
500
508
495
494
491
498
500
499
496
496
492
495
493
500
485
508
492
490
490
503
510
510
499
507
501
509
502
505
512
519
495
502
500
507
505
494
506
495
510
504
510
491
504
495
490
496
496
501
483
518
525
514
538
551
543
532
524
533
541
551
554
561
558
552
547
534
563
559
557
573
576
569
565
592
587
603
609
599
614
605
607
620
606
606
627
618
631
618
989
991
987
983
982
1139
1134
1150
1142
1139
1134
1126
1120
1114
1111
1095
25297
25299
25321
25312
25288
25313
25308
25311
25295
25279
25277
25279
25286
25275
25259
25275
25261
25271
25269
25244
25256
25242
25220
25230
25215
25238
25232
25228
25215
25222
25210
25227
25222
25196
24857
24853
24845
24842
24695
24703
24704
24691
24698
24680
24699
24696
24696
24699
494
24700
488
470
458
470
467
463
469
466
470
461
471
481
480
471
484
483
490
469
466
462
472
475
451
463
472
471
465
478
471
474
472
457
484
494
485
497
487
493
485
484
480
483
479
475
475
473
484
489
481
487
489
489
483
513
498
561
558
567
562
567
562
573
551
567
564
574
571
576
565
572
566
571
572
566
574
556
563
546
565
552
562
554
550
537
539
534
538
533
540
534
529
533
538
545
547
540
550
538
532
537
541
512
534
529
524
457
469
461
469
462
465
461
453
460
457
452
469
461
450
454
467
461
444
452
461
449
442
448
466
452
455
445
463
453
464
459
464
459
463
450
465
457
450
454
452
447
447
457
454
453
444
454
459
460
468
470
469
462
461
446
464
461
445
454
461
448
458
452
458
444
451
454
454
441
450
455
459
466
451
456
451
452
458
447
450
461
434
445
453
438
453
447
446
439
457
456
442
453
450
461
451
441
458
449
426
438
438
448
450
444
436
451
433
435
437
449
448
442
452
434
443
454
465
468
452
454
468
441
454
469
456
477
466
469
494
483
487
486
502
501
503
504
516
500
518
512
511
524
515
530
525
540
538
545
529
550
550
556
563
567
552
568
567
583
572
577
574
586
576
593
588
581
566
583
579
571
579
591
563
556
546
539
536
533
525
518
510
506
499
491
480
470
461
444
445
443
429
425
425
408
396
389
385
373
362
353
345
337
331
319
317
305
311
309
297
294
282
279
267
263
244
246
243
224
229
581
145
569
176
178
180
203
202
220
220
237
237
253
251
255
276
276
291
302
302
317
314
317
336
334
337
357
355
358
378
377
391
389
393
413
410
414
435
431
434
451
458
459
476
475
491
490
536
529
535
535
556
511
545
516
515
512
525
514
502
522
511
493
517
510
516
517
511
504
499
511
500
500
492
499
510
513
496
510
505
510
511
492
512
508
507
507
515
502
501
511
519
516
508
494
510
490
479
457
477
477
474
473
487
481
489
490
471
477
473
470
472
473
490
479
464
476
475
475
465
471
465
477
468
470
486
467
473
466
473
473
478
469
480
468
475
481
473
465
484
480
473
474
483
473
482
490
478
488
479
479
477
476
470
491
481
482
481
491
459
478
480
478
479
478
472
488
478
481
483
473
479
489
477
484
478
478
490
479
472
483
459
477
474
467
459
471
463
470
464
474
450
467
463
459
458
467
459
457
458
448
453
444
442
462
463
452
457
453
470
468
458
466
466
470
471
462
471
471
473
485
470
462
474
459
472
468
458
467
473
463
464
476
462
472
478
470
466
458
478
454
451
471
467
469
471
462
477
468
475
484
473
463
472
476
470
480
455
486
470
445
464
470
461
469
472
468
462
465
453
464
472
469
459
440
463
458
457
452
457
455
452
454
471
469
468
462
468
450
452
467
449
447
463
461
456
449
459
447
463
457
464
455
458
461
441
455
448
442
447
448
449
443
442
460
473
466
481
462
474
482
474
488
471
490
485
495
484
502
494
501
482
499
495
508
496
507
498
512
516
505
501
502
504
512
510
519
504
515
514
509
519
502
516
521
534
527
535
516
534
530
534
523
524
523
523
533
526
506
523
513
520
513
528
512
528
513
529
514
527
512
544
539
523
542
523
527
524
542
526
527
530
526
539
537
528
533
524
526
533
536
536
533
534
526
532
530
530
526
528
527
537
531
533
530
531
529
533
531
533
523
531
529
530
528
528
526
528
526
530
524
513
499
512
509
512
509
525
514
524
515
522
507
524
523
528
517
520
508
520
512
519
517
520
518
522
519
525
523
525
523
526
523
528
525
528
526
529
527
531
529
534
532
536
533
537
535
539
537
534
518
537
541
529
547
534
554
541
560
544
562
548
566
550
566
552
571
555
572
557
577
561
583
590
572
589
647
632
649
634
645
630
625
626
629
625
623
619
617
612
617
601
613
597
621
637
641
620
624
637
627
634
642
636
629
611
602
618
602
604
591
579
593
570
566
556
581
562
548
553
537
538
522
498
485
485
439
436
429
435
423
411
423
417
410
419
413
417
406
416
407
413
403
386
378
375
352
354
337
346
343
328
322
321
335
326
331
331
342
332
341
332
338
335
345
345
350
336
335
338
339
336
344
336
340
336
341
337
346
339
344
348
345
343
341
346
343
340
343
340
343
340
343
344
342
344
345
341
340
343
336
349
354
354
350
355
349
350
348
342
344
351
344
343
344
342
347
341
348
1112
1094
1104
1097
1117
1113
1100
1101
1105
1141
1136
1156
1149
1173
1172
1187
1188
1200
1194
1212
1205
1210
1215
1229
1224
1235
1241
1229
1252
1258
1243
1246
1243
1238
1236
1235
1232
1233
1235
1237
1229
1223
1221
1221
1221
1218
1258
1252
1293
1294
537
538
526
532
551
533
535
551
550
568
584
598
608
594
580
604
576
601
605
592
599
599
595
598
604
590
590
595
592
505
504
496
488
510
512
509
510
533
533
551
551
567
566
583
584
613
613
631
624
632
621
619
619
627
615
617
612
616
605
588
545
557
543
543
517
533
533
543
530
536
529
530
530
547
530
534
533
535
523
536
524
535
518
532
527
524
523
537
522
531
517
530
518
529
504
506
513
510
503
507
499
506
503
507
505
508
506
510
506
513
510
514
511
516
514
518
515
517
512
516
513
520
518
521
519
521
518
521
519
519
516
521
518
521
518
523
520
525
521
527
524
530
526
528
525
530
527
529
523
533
525
529
535
538
536
539
532
539
531
532
539
542
535
545
539
539
546
546
524
539
546
534
552
537
536
548
547
532
551
539
541
556
538
551
546
560
553
546
549
564
561
553
575
562
579
564
581
566
561
573
574
561
573
555
568
554
567
554
570
554
550
569
553
546
561
545
561
546
546
545
555
547
554
550
559
552
563
555
559
551
556
546
563
544
555
541
553
528
544
544
562
551
545
543
544
541
544
538
545
543
542
539
544
538
542
539
514
531
535
522
528
518
534
520
536
534
518
536
518
535
520
537
520
536
519
536
519
534
519
535
520
520
535
518
534
533
517
534
518
519
535
536
519
536
521
537
521
538
525
542
526
521
538
518
526
525
534
533
548
537
526
543
536
523
525
533
524
542
539
523
539
522
539
524
540
525
536
522
534
518
523
512
523
516
517
524
532
516
532
516
534
519
535
518
534
518
534
518
538
522
540
528
548
527
542
547
549
547
553
551
553
551
555
559
542
557
543
546
555
554
569
570
553
568
556
582
572
586
577
593
571
586
587
578
581
573
574
581
575
585
574
579
583
573
584
576
583
575
581
565
579
562
577
556
575
574
577
561
575
568
580
565
584
575
581
570
583
585
575
569
573
563
567
560
554
547
558
546
549
540
541
541
553
550
562
547
564
542
559
536
550
539
544
527
538
525
535
520
533
525
531
522
528
519
526
517
529
520
528
521
529
522
528
521
530
523
531
524
526
517
530
523
529
522
529
522
531
526
533
527
518
529
535
529
526
526
537
530
530
536
537
520
527
538
533
546
534
549
538
531
539
537
551
550
539
543
535
549
533
544
530
547
531
523
545
531
538
535
535
533
537
540
544
537
546
537
546
543
548
545
547
544
562
550
560
552
550
548
552
550
552
534
552
544
555
544
541
558
556
537
556
554
564
543
558
543
553
545
563
546
560
547
562
547
552
551
565
560
571
560
538
561
549
547
557
548
556
547
552
548
552
549
553
551
554
546
554
551
556
553
558
559
560
557
561
558
565
563
569
567
570
563
570
568
572
565
570
562
550
571
562
568
555
566
551
564
551
562
549
550
566
552
574
563
560
553
558
556
559
557
560
551
557
559
557
553
557
550
555
548
552
549
555
547
557
550
554
547
555
547
553
544
552
550
553
552
558
550
558
541
562
554
568
557
575
558
561
572
540
576
558
560
568
575
557
560
548
567
565
570
553
569
553
557
571
567
553
567
556
567
557
568
554
571
547
558
565
559
568
566
561
553
568
535
549
542
556
542
555
533
555
554
555
548
552
545
550
553
562
561
565
556
572
557
564
559
558
570
569
575
573
584
601
599
601
601
594
591
601
601
614
603
615
607
601
602
618
609
614
600
599
608
617
621
621
632
634
609
617
625
634
622
630
632
631
598
591
583
582
573
570
560
557
554
545
548
529
523
519
493
491
484
477
471
472
471
456
450
436
425
422
416
403
400
391
381
380
375
372
355
610
624
349
381
468
484
466
470
449
475
464
484
468
470
236
258
251
242
271
271
290
289
307
301
316
315
337
337
353
352
368
367
383
382
403
402
422
421
435
435
454
454
470
471
485
486
502
512
509
500
524
539
538
558
552
564
559
570
557
589
588
570
565
593
573
570
574
561
583
557
561
563
555
562
557
549
537
549
539
547
529
537
552
532
544
543
529
544
532
525
536
522
538
511
518
528
525
527
527
530
514
520
514
513
506
505
485
472
502
479
497
470
469
462
458
467
477
473
475
476
488
479
485
478
486
472
480
457
480
475
474
480
481
468
471
464
477
474
467
460
459
457
473
473
468
478
470
470
482
484
470
477
466
470
476
484
482
473
493
485
476
484
481
480
465
497
487
472
483
480
471
471
462
484
474
465
476
478
477
472
477
454
479
472
475
465
474
477
476
481
489
480
472
467
480
470
476
475
481
479
473
476
477
491
481
478
492
464
479
471
471
466
477
478
467
462
467
473
479
469
468
478
460
466
465
465
465
475
464
457
468
474
484
469
487
479
473
479
487
481
497
482
489
483
486
491
495
485
491
483
492
485
476
485
497
487
485
486
489
488
489
478
474
497
483
493
488
493
484
491
489
491
493
492
494
489
500
494
507
505
507
499
508
496
502
494
509
508
528
505
517
509
503
501
491
513
498
508
501
508
501
511
494
511
496
505
489
495
496
503
504
495
511
514
493
510
506
500
513
506
497
492
504
514
524
523
512
506
498
513
506
512
495
508
503
474
476
481
492
474
485
474
483
481
478
479
490
472
473
486
484
463
477
477
463
479
470
469
484
481
479
478
485
488
481
481
474
462
471
475
475
484
452
451
443
462
463
453
451
451
460
443
449
458
451
450
449
462
448
464
469
457
463
476
455
469
465
473
474
473
475
459
448
471
462
466
474
462
470
472
475
464
447
462
469
457
470
469
476
462
468
464
464
475
462
462
470
471
461
460
473
441
460
465
459
452
469
452
445
464
464
456
461
456
452
481
475
482
476
487
477
491
482
497
498
506
488
497
501
492
510
502
503
524
527
532
526
534
530
523
516
516
505
499
495
476
479
470
472
462
460
456
454
443
446
446
433
436
433
430
421
422
418
390
484
383
486
456
460
479
473
506
499
498
504
509
504
507
493
500
489
500
492
491
483
489
487
350
327
353
352
372
369
370
395
396
414
413
433
434
459
459
481
481
499
495
514
526
526
513
540
539
555
546
565
565
582
583
602
596
601
572
582
576
578
573
579
574
586
579
588
577
587
574
584
573
583
570
573
561
577
559
562
558
572
561
569
563
568
549
559
543
555
540
553
541
553
547
556
537
550
538
551
536
549
537
550
536
549
534
548
534
547
534
546
535
548
533
547
534
547
534
547
533
548
534
562
549
580
567
595
583
615
603
632
620
636
649
647
660
673
660
671
675
686
698
688
684
702
712
708
725
721
730
735
742
739
756
752
768
763
784
779
789
785
791
787
801
789
802
785
796
806
800
798
803
809
796
795
777
805
760
753
791
759
775
754
747
759
755
737
753
733
741
748
749
732
747
732
724
693
713
693
714
697
699
668
664
691
661
642
667
649
652
643
638
652
627
642
648
647
639
650
632
615
644
605
621
617
602
609
598
589
569
582
576
585
568
583
558
569
571
557
567
542
558
555
563
559
566
545
565
560
569
560
559
557
575
566
568
566
567
547
560
556
555
554
572
543
554
538
553
543
552
529
545
541
551
539
550
539
548
536
548
531
528
539
523
525
530
531
529
507
521
516
513
528
511
520
508
519
503
517
505
521
506
523
507
524
508
511
526
507
526
511
510
527
511
513
528
525
506
491
491
478
467
468
454
454
445
444
435
436
425
426
414
416
418
508
400
387
390
386
387
374
375
363
364
352
352
339
340
326
328
315
315
301
302
289
289
278
280
282
271
256
257
243
410
479
