31
133
156
116
255
297
316
374
445
460
334
443
450
449
453
483
486
483
522
536
557
472
502
552
571
572
650
651
727
725
525
729
759
776
777
790
790
812
812
847
834
852
873
892
892
920
951
945
920
983
982
1029
1027
992
1024
1091
1089
1135
1122
1131
1117
1131
1118
1106
1120
1115
1081
1121
1131
1143
1130
1159
1054
973
1106
805
711
736
780
403
368
234
879
599
1121
764
529
893
417
619
377
746
345
858
565
672
312
257
248
207
844
790
583
461
1000
450
508
1083
289
904
275
663
541
485
329
695
163
630
651
6
7
11
21
46
56
33
60
41
47
44
37
20
6
4
32
40
35
84
96
89
50
95
45
78
49
61
85
41
44
11
9
34
72
76
71
63
101
124
128
150
164
165
193
214
219
210
205
241
243
272
400
391
405
402
397
442
441
465
451
468
463
468
499
498
519
523
512
526
572
579
605
582
595
608
622
620
651
636
660
662
681
682
711
713
738
737
766
760
788
787
820
822
804
816
817
831
832
816
719
636
848
846
419
753
575
207
691
669
682
467
799
766
835
422
653
384
735
789
418
327
637
640
300
847
295
313
264
247
248
550
226
830
713
200
187
512
499
488
460
439
637
338
352
581
539
365
512
14
39
38
61
73
59
71
106
102
94
121
72
28
102
54
126
71
130
27
65
20
20
42
45
63
58
62
78
76
87
91
99
96
112
106
119
111
113
156
148
158
155
186
162
192
189
202
203
229
234
243
328
326
348
329
333
351
356
353
378
358
383
382
399
404
389
410
409
418
430
425
415
427
455
455
484
485
510
510
515
521
518
551
550
567
566
570
594
595
619
613
617
651
650
680
679
710
710
730
732
756
746
751
768
762
755
741
773
752
761
752
761
745
769
757
754
762
763
753
760
725
751
753
761
753
762
762
753
781
739
769
777
771
775
789
786
791
757
778
779
787
772
792
793
775
750
771
795
752
802
774
2574
2556
2566
2558
2579
2563
2566
2566
2581
2565
2579
2562
2567
2585
2547
2573
2555
2561
2546
2553
2542
2541
2496
2510
2521
2506
2518
2471
2466
2467
2480
2467
2457
2449
2442
2459
2436
2434
2438
2414
2432
2392
2407
2383
2400
2366
2383
2372
2361
2883
2862
2877
2858
2870
2848
2861
2851
2819
2836
2854
2844
2824
2821
2827
2840
2806
2791
2832
2832
2820
2826
2840
2831
2784
2776
2761
2734
2797
2694
2652
336
305
302
291
294
281
272
274
259
253
252
257
236
225
214
200
182
181
355
2797
316
2752
2720
2724
2715
2832
2701
2763
2808
2677
2669
2812
341
2773
2786
2711
2667
2744
2685
12
31
28
30
47
54
62
62
39
28
61
29
57
43
37
17
25
63
3
5
27
17
25
26
29
28
24
24
8
5
20
30
19
33
39
47
54
39
62
70
74
89
103
98
95
89
108
99
32
93
121
82
131
96
81
112
109
31
41
133
114
31
105
90
49
59
127
78
69
4
12
21
29
24
43
46
47
125
109
101
100
135
122
131
146
95
104
99
93
86
97
91
116
108
102
148
115
114
162
149
81
115
148
114
96
180
91
90
115
182
90
89
87
85
83
83
79
81
147
79
76
75
74
73
75
70
171
76
92
163
91
91
184
87
124
171
71
73
114
92
89
76
178
142
84
7
24
23
42
55
63
48
41
33
29
33
57
26
20
44
31
21
61
63
8
21
31
31
32
45
45
60
58
49
57
40
55
80
87
79
111
110
108
110
127
129
121
122
124
150
143
171
192
200
201
206
212
221
212
219
231
222
246
224
244
242
242
250
252
250
258
261
266
276
276
295
295
312
312
332
332
348
348
363
363
378
387
387
403
401
420
429
422
420
444
444
463
464
482
482
497
495
497
508
489
503
512
509
501
512
519
515
516
507
513
516
521
497
505
499
498
498
503
488
515
511
503
514
508
519
509
522
531
532
525
540
530
537
531
538
530
535
543
543
527
534
531
530
536
542
515
526
530
533
556
547
551
547
556
554
550
555
561
547
541
544
552
573
559
580
567
586
572
582
582
586
574
583
558
577
562
557
564
555
555
567
572
557
564
559
553
571
561
564
571
572
573
566
568
572
574
583
579
593
560
573
564
573
567
575
575
594
580
578
590
594
578
573
589
583
576
580
582
579
571
579
562
572
586
579
566
568
577
582
573
571
584
579
584
570
583
578
577
590
586
575
591
578
576
582
571
581
571
568
553
570
577
553
545
567
559
548
553
548
541
557
545
540
545
546
533
545
534
541
531
511
509
531
521
512
520
511
524
523
512
538
525
531
523
528
521
520
526
523
536
530
503
518
526
524
529
527
506
507
189
160
472
135
439
407
393
377
358
348
344
340
310
289
287
252
227
221
201
476
496
181
530
155
467
128
435
461
426
418
402
363
340
289
258
490
182
504
450
127
347
288
215
169
391
319
146
238
4
4
18
11
13
31
31
37
42
48
54
53
65
75
77
86
104
95
115
112
136
120
126
117
104
113
139
140
145
147
144
183
184
189
185
170
200
191
184
188
215
278
266
280
259
269
269
271
287
292
291
305
303
293
320
310
318
318
334
311
308
277
283
286
288
290
292
295
297
292
288
265
258
203
289
288
289
292
283
270
293
231
291
214
295
290
193
186
167
160
293
291
145
133
279
294
291
245
226
291
150
332
335
292
296
164
297
296
5
3
4
10
17
20
5
5
25
32
25
27
23
27
43
48
55
41
5
3
20
8
23
5
34
39
39
34
50
55
53
80
46
22
50
25
49
45
67
72
20
8
27
30
38
23
40
14
22
28
24
26
13
11
31
12
23
36
36
36
15
18
5
3
23
7
4
10
12
24
3
4
5
5
37
35
20
24
44
24
25
25
45
14
28
41
39
59
69
80
71
46
59
55
45
43
34
19
13
57
77
66
88
80
31
4
3
13
24
17
24
32
23
39
23
38
47
47
35
53
67
62
32
19
42
50
59
63
29
17
4
3
7
16
9
5
12
15
4
7
13
12
27
34
24
22
27
6
21
9
22
27
9
21
19
24
10
21
14
30
23
8
22
30
19
36
43
13
45
21
35
47
3
5
21
30
30
33
13
44
23
42
24
24
15
32
10
4
7
7
29
33
50
47
34
54
63
71
69
75
81
71
76
74
72
87
96
95
100
96
97
95
101
118
115
105
128
111
54
37
60
134
51
110
42
102
35
70
91
87
45
39
119
41
4
26
41
44
59
60
79
67
56
49
77
42
30
28
69
66
70
55
42
11
15
18
19
10
15
42
49
54
47
25
4
17
16
22
46
44
41
51
32
52
61
41
63
48
65
53
76
67
71
66
70
84
86
89
96
108
89
104
114
87
80
78
75
50
19
24
64
62
58
46
3
3
9
7
8
23
33
33
43
47
45
42
37
28
27
25
18
47
23
30
15
41
8
23
38
47
79
74
52
83
66
54
63
71
50
75
48
42
38
33
85
88
56
48
44
31
87
43
66
7
22
21
49
45
58
68
87
86
95
103
114
127
95
105
107
121
96
126
124
154
145
142
138
143
129
95
115
144
110
122
99
97
96
93
70
117
53
119
57
115
129
121
107
137
59
55
108
130
58
57
5
16
25
40
13
20
26
36
16
29
38
20
17
4
17
17
48
41
61
72
74
79
92
89
109
123
138
115
49
100
85
119
105
111
80
63
62
136
58
101
47
102
97
56
95
117
77
61
31
121
44
79
33
4
16
31
25
43
43
50
49
8858
8850
8867
8849
39
8884
26
23
25
8863
42
8865
8883
8865
27
3
20
17
14
36
34
35
11
33
5
3
3
16
22
16
12
31
15
10
35
51
50
66
68
67
71
77
67
93
108
107
114
125
123
138
126
142
165
167
173
147
161
153
170
171
173
241
247
251
247
263
261
261
270
266
317
321
338
335
349
347
356
355
381
368
387
381
392
390
387
375
410
409
425
425
425
403
423
460
459
476
474
475
506
506
520
524
533
531
537
541
538
541
567
566
588
592
601
609
618
617
627
619
560
622
528
536
572
548
563
558
562
570
552
566
565
546
554
571
557
569
572
571
587
572
591
589
612
583
597
586
587
591
584
585
575
575
569
563
565
575
575
582
561
579
566
557
548
551
543
545
535
547
529
545
516
528
528
545
539
548
531
500
504
541
523
512
511
505
512
511
521
507
518
504
514
505
506
498
500
502
491
501
499
496
506
503
514
511
533
516
531
520
513
509
525
513
520
499
516
510
522
511
512
523
516
510
520
512
513
511
500
514
487
502
502
515
496
511
505
517
505
519
508
508
505
516
517
510
520
518
520
512
521
508
526
525
525
525
513
509
521
517
511
525
522
526
510
516
511
523
520
519
518
526
516
526
535
527
526
531
514
538
527
529
514
492
457
508
395
378
377
367
333
536
226
525
120
442
259
386
256
237
431
220
418
358
182
191
163
393
336
349
156
321
121
314
122
406
295
275
269
245
197
423
170
138
469
305
287
466
501
210
477
141
3
4
18
15
12
12
10
14
3
20
19
22
43
59
68
59
71
70
72
73
77
91
38
81
59
57
21
21
40
31
69
54
28
12
15
35
25
42
43
41
24
18
29
45
38
25
10
21
28
31
50
48
56
32
46
32
33
29
37
54
48
14
4
22
13
10
18
9
22
15
7
18
15
20
29
9
23
46
53
68
59
26
54
67
45
29
31
41
52
70
39
63
4
3
4
18
35
29
50
74
86
100
97
102
120
93
93
100
69
61
90
88
53
103
110
86
74
72
83
44
60
57
5
2
5
27
30
21
26
60
74
83
76
36
35
25
48
48
26
72
58
42
5
4
16
8
9
22
25
20
23
36
67
71
34
29
28
16
19
40
72
74
43
30
17
62
61
76
90
104
98
92
93
68
60
87
79
80
90
90
89
94
96
45
42
81
75
68
57
102
59
4
12
23
26
17
38
34
39
36
18
25
12
11
9
28
44
42
58
48
22
33
52
35
55
49
51
13
46
8
17
12
15
23
20
13
22
24
48
65
68
72
76
70
84
96
110
95
80
77
52
102
100
98
95
83
92
34
33
110
62
50
50
44
43
42
66
111
4
13
13
14
18
26
38
46
26
38
36
25
39
25
28
21
8
19
30
31
28
38
52
59
70
66
81
83
70
84
96
70
57
56
98
95
52
37
85
39
29
27
27
86
41
71
67
66
26
8
17
33
34
39
39
51
55
55
74
78
20
70
62
58
106
56
81
49
91
109
63
28
22
85
24
4
5
4
8
8
30
18
27
36
47
48
46
57
53
69
70
86
90
93
97
79
58
42
86
35
32
82
49
61
42
64
3
3
4
16
13
19
20
20
23
31
37
34
23
34
31
54
59
60
44
53
48
68
77
76
85
90
97
96
107
99
99
122
131
125
134
137
151
143
183
188
187
228
227
243
241
246
247
257
255
254
261
268
272
274
287
288
302
295
296
305
315
294
312
312
329
328
348
348
360
372
371
360
395
395
410
410
426
426
424
440
433
447
453
452
460
468
470
470
471
467
467
469
512
506
499
511
502
513
512
488
504
503
499
499
502
511
512
504
486
480
437
436
428
426
420
405
400
398
389
379
376
364
359
355
345
346
340
329
315
297
297
284
285
278
280
283
278
269
271
265
253
246
237
224
227
228
218
212
204
198
192
184
497
448
457
469
450
506
7
21
32
23
32
45
44
44
47
25
24
24
19
42
44
3
5
19
12
7
6
13
25
23
34
48
56
51
55
54
54
65
75
23
67
48
63
25
55
57
75
33
29
34
10
9
32
52
50
65
64
80
81
98
94
108
106
111
109
132
131
143
158
156
175
178
133
165
126
131
69
135
113
113
108
185
94
147
89
135
145
77
139
74
182
167
118
132
90
89
86
73
166
4
5
3
15
22
12
13
31
9
18
17
8
18
30
40
47
44
46
67
77
52
61
80
45
84
39
34
83
26
71
89
44
65
33
35
5
2
16
21
20
19
21
16
31
4
11
13
15
6
4
16
20
30
26
13
36
38
49
33
51
7
15
25
22
23
16
32
16
32
5
28
18
14
8
17
35
45
42
58
80
90
101
91
101
87
110
127
134
139
152
162
161
98
126
120
183
113
108
130
128
139
95
90
127
85
78
180
168
151
68
60
116
161
154
105
171
89
79
77
117
87
122
4
2
4
14
13
14
22
5
3
7
15
3
22
32
31
53
77
78
87
102
105
127
128
136
136
156
158
156
154
173
143
97
170
75
41
115
116
165
98
154
93
84
75
71
62
117
181
151
175
75
184
140
45
135
112
95
126
4
12
23
13
10
21
14
7
17
27
38
40
32
32
22
21
38
29
4
4
3
9
4
3
8
7
4
25
5
6
41
7
10
16
16
17
5
31
11
4
4
3
18
12
31
16
42
50
65
64
29
35
18
38
50
22
72
80
9
18
28
73
36
53
19
3
3
16
21
14
20
17
33
43
42
42
49
47
34
18
47
45
19
32
4
3
21
16
31
24
33
55
60
60
77
78
92
90
86
97
97
103
100
98
107
104
24
101
87
140
146
89
69
26
135
24
21
121
87
71
77
125
105
26
137
4
12
12
33
40
32
40
47
46
60
66
64
62
64
27
38
54
25
56
39
35
13
3
5
6
21
42
40
61
49
27
51
47
52
41
31
58
32
41
52
34
50
3
17
19
13
32
34
53
42
35
41
62
49
62
79
77
99
93
89
98
85
92
105
95
28
98
78
96
103
63
56
43
101
118
74
27
24
120
123
91
122
38
25
67
35
42
5
4
8
21
26
45
42
56
38
38
48
35
31
24
52
41
17
53
7
8
21
16
21
23
4
14
15
24
20
25
39
50
49
53
57
51
73
23
78
66
41
57
54
31
75
79
20
76
62
58
33
61
21
5
17
35
47
37
35
46
38
43
50
69
63
63
80
87
44
24
78
40
23
49
62
52
33
35
35
7
2
5
21
14
22
25
38
38
50
48
64
57
23
65
25
16
43
58
26
44
42
4
38
37
28
28
23
17
19
27
24
19
36
4
13
32
43
45
51
56
53
62
49
39
28
18
58
51
24
47
35
8
5
5
12
7
25
12
4
15
14
4
16
14
8
4
2
22
21
33
31
44
43
55
56
57
59
65
72
79
86
100
148
149
146
142
149
151
132
75
71
108
128
143
94
132
88
127
82
80
92
75
73
66
47
119
48
106
100
91
78
85
116
153
109
139
86
69
104
127
4
4
5
15
37
30
27
54
58
62
62
83
82
102
97
102
100
109
110
121
115
112
141
135
132
131
32
97
77
147
69
94
164
65
61
58
43
35
36
135
121
98
65
111
64
54
144
67
109
145
85
66
16
32
32
40
38
37
19
36
33
24
21
4
15
12
31
32
47
44
65
66
77
61
59
68
38
76
36
33
40
31
34
36
59
57
4
14
8
6
15
8
18
25
33
30
24
29
28
38
30
21
23
4
3
8
3
5
3
4
21
9
7
22
22
36
29
39
50
49
64
64
76
85
103
95
106
103
116
127
125
115
138
128
38
111
101
96
99
87
80
61
61
58
47
133
95
93
127
128
36
114
140
136
49
85
61
8
24
27
26
37
60
57
42
63
20
16
37
24
26
18
23
66
10
12
8
6
4
3
11
25
24
39
57
51
60
78
86
60
72
38
31
30
57
53
31
40
69
61
26
70
52
5
3
11
24
43
60
61
79
62
71
69
64
74
100
110
117
133
139
142
147
157
153
161
168
171
165
159
151
139
56
42
121
133
85
95
80
152
73
118
118
66
142
51
116
108
129
74
58
104
67
84
132
3
2
20
33
50
44
52
61
70
81
96
94
107
116
116
126
98
89
127
82
79
72
66
44
37
23
51
103
124
84
130
68
71
34
91
49
121
4
3
5
8
19
16
14
29
29
37
53
55
53
64
27
34
56
40
66
29
54
28
44
24
45
58
9
7
23
36
42
50
50
52
34
55
51
23
22
35
41
47
32
3
18
16
41
43
42
43
60
78
93
41
41
91
50
87
44
91
84
81
89
30
51
43
41
52
41
39
4
5
6
7
21
23
46
48
30
39
37
39
52
54
60
62
48
51
65
76
86
94
95
113
110
99
99
117
119
135
133
138
136
152
150
133
136
135
126
125
121
117
117
118
138
119
97
67
66
117
132
105
84
82
154
101
3
4
4
7
8
14
14
31
32
48
30
52
44
39
52
65
66
63
59
62
82
86
71
69
65
50
37
34
15
25
72
44
42
78
43
4
3
11
12
14
9
3
21
20
20
12
17
46
28
13
17
6
20
19
24
34
34
49
60
38
36
13
21
56
20
4
15
26
17
39
37
49
51
50
69
78
78
92
80
87
105
46
76
67
104
81
89
33
35
81
28
78
75
50
44
65
100
31
11
38
36
54
67
71
62
26
39
31
29
67
58
29
42
47
64
60
65
4
6
5
5
3
6
8
27
24
22
35
46
59
42
49
68
67
78
54
37
30
29
71
52
69
59
45
56
66
5
3
24
24
18
14
46
58
33
49
55
73
75
88
90
116
139
153
135
152
156
194
185
185
220
219
234
220
228
218
233
246
245
266
264
282
278
290
288
304
302
319
314
330
329
341
341
332
346
346
362
362
376
373
390
391
400
407
421
420
437
437
436
464
464
476
466
474
485
487
498
498
499
530
524
535
528
544
531
521
522
530
538
534
532
522
532
531
510
519
536
520
524
506
517
533
524
538
520
509
500
522
517
533
519
526
517
525
515
521
521
506
522
515
517
512
526
506
518
515
527
516
523
520
502
512
505
499
516
511
509
520
519
501
491
508
491
506
501
512
501
505
501
510
505
514
508
506
515
493
518
473
511
467
486
455
444
510
499
504
457
495
483
494
429
461
399
359
292
263
229
190
102
96
97
101
103
106
107
110
112
439
195
179
160
171
315
92
312
403
480
292
387
473
272
262
444
355
330
208
419
139
416
289
370
236
444
214
333
339
271
246
3
14
30
29
36
54
43
42
30
16
17
38
46
48
5
3
6
22
24
25
40
47
48
63
63
58
70
70
86
86
98
99
105
119
94
116
26
77
57
93
75
38
56
80
35
79
102
60
40
25
44
101
92
4
7
6
20
22
40
22
32
38
41
41
62
47
18
38
19
22
45
43
14
50
3
3
14
25
25
38
36
21
40
38
13
26
11
3
4
2
9
17
14
13
48
44
48
61
49
74
85
98
97
84
84
67
70
71
72
71
71
70
70
66
67
68
101
103
87
80
99
99
5
7
20
19
13
39
47
49
54
59
70
82
102
105
113
107
131
125
121
128
141
148
157
149
158
145
172
218
218
233
230
239
247
248
253
261
259
275
275
289
277
286
287
302
296
295
311
313
307
322
315
330
332
332
334
330
345
346
360
357
356
358
386
385
395
395
410
409
425
424
436
438
440
449
449
475
475
481
466
428
376
291
260
405
244
202
454
150
327
302
386
277
270
253
236
226
208
203
196
441
168
411
335
165
317
141
131
471
121
129
307
85
402
120
97
285
455
426
350
191
182
441
362
353
371
155
133
11
7
6
7
9
10
36
45
39
48
67
80
82
76
59
57
71
68
70
106
115
118
128
124
128
169
179
131
176
157
156
170
219
237
165
130
120
123
80
83
85
88
82
84
86
133
141
125
237
164
215
229
220
168
218
228
145
152
162
4
5
4
25
9
25
25
27
47
49
60
57
61
70
58
59
80
71
84
97
105
93
118
127
139
152
147
146
127
117
130
103
87
115
80
77
69
70
56
112
52
142
41
126
95
95
91
137
57
44
93
65
54
7
6
21
18
33
34
54
53
60
59
70
71
81
65
45
58
43
63
28
73
31
48
4
3
4
5
20
17
29
25
25
11
47
55
52
65
43
43
18
28
32
41
30
4
9
8
27
37
53
37
13
12
24
31
22
35
42
16
35
45
44
84
82
97
111
86
82
80
100
109
79
73
75
111
59
83
115
49
45
38
82
76
113
59
79
72
47
99
3
21
29
29
48
49
45
68
88
98
112
110
109
125
108
123
127
142
167
168
145
156
116
168
138
155
87
155
164
102
92
93
93
156
143
90
137
87
124
88
88
124
86
123
86
101
89
148
167
164
87
86
154
100
92
89
9
14
28
46
59
58
69
57
23
71
55
45
24
26
54
42
40
21
69
51
3
17
31
57
17
46
21
55
42
54
56
39
43
5
14
13
15
21
11
9
24
18
35
46
42
51
50
72
72
82
77
76
88
88
98
90
74
56
47
32
18
83
79
101
81
59
34
96
29
77
19
27
26
40
39
35
65
64
66
66
40
52
52
75
67
57
82
80
83
85
89
75
53
70
69
63
55
34
29
37
26
60
11
15
8
34
23
29
3
19
5
41
4
27
4
15
15
22
13
28
10
13
7
27
3
13
28
20
39
39
53
42
61
70
63
57
76
78
68
64
74
85
92
91
91
28
42
83
30
40
89
56
38
50
86
5
3
20
26
35
41
33
58
54
60
62
69
71
78
74
78
104
88
104
102
122
29
93
69
101
64
65
36
30
129
79
20
72
74
56
46
105
70
90
96
7
16
17
12
18
11
8
24
18
22
18
34
42
37
36
30
18
31
20
4
16
14
30
46
57
47
58
68
76
80
69
71
94
99
113
110
113
125
125
61
48
113
107
120
86
80
50
79
41
71
34
73
111
70
62
36
120
47
5
3
4
4
19
5
13
4
17
18
27
38
51
64
58
54
66
63
73
95
94
119
115
132
129
137
137
142
137
156
152
157
173
172
181
228
229
241
243
254
241
254
252
239
270
262
275
266
260
266
268
281
280
286
303
302
317
316
317
305
319
326
336
339
340
347
359
359
371
371
372
395
395
410
409
419
424
420
437
438
454
454
470
467
468
483
466
474
485
478
485
487
495
493
479
480
469
468
476
484
472
466
483
467
476
480
469
466
479
488
475
469
478
470
478
459
475
464
479
477
474
480
466
478
473
479
462
474
442
423
416
400
393
390
382
384
373
371
365
347
350
353
354
349
334
332
324
474
319
313
296
282
283
282
282
270
269
266
257
245
245
235
227
229
224
225
222
211
204
462
436
433
457
450
327
318
419
5
15
15
20
31
30
43
42
52
35
11
52
49
33
14
12
28
3
19
32
39
39
41
40
65
58
62
68
79
80
98
97
100
93
98
89
118
104
123
130
116
131
145
135
28
133
92
75
143
82
59
65
122
99
39
36
130
72
46
153
44
96
90
62
38
5
15
24
26
27
34
40
42
33
44
58
48
46
60
71
52
72
80
87
76
86
104
104
121
154
162
160
177
176
174
177
187
193
190
210
209
218
217
234
244
234
244
243
269
282
282
295
296
303
298
316
317
331
333
332
356
356
348
370
371
370
399
398
417
417
431
432
446
455
455
453
476
477
495
491
494
494
506
501
515
502
502
510
467
485
460
511
445
498
479
457
473
472
479
492
484
468
479
487
468
481
477
485
482
487
477
478
476
494
495
491
485
492
472
482
464
492
482
475
480
476
498
496
497
484
483
491
493
488
498
490
482
486
467
461
460
481
481
498
498
497
496
497
512
520
522
515
526
516
517
517
530
521
531
521
535
528
548
523
534
524
538
528
534
541
520
533
533
533
548
547
526
538
536
520
525
525
535
527
517
520
537
516
509
520
528
530
518
523
526
487
499
479
510
528
509
510
521
526
510
505
488
504
507
514
500
508
495
506
495
493
508
500
496
503
496
507
499
491
482
496
496
488
479
492
493
487
486
492
495
489
479
491
496
496
489
484
492
474
477
485
480
485
478
476
504
498
501
493
489
510
499
494
510
497
487
489
494
506
494
507
491
497
500
495
507
498
495
508
498
508
502
510
508
523
512
522
517
527
517
520
528
513
520
510
521
519
528
522
533
502
506
512
506
511
515
510
519
500
496
515
509
517
514
517
509
494
520
517
512
504
494
504
512
509
476
476
496
505
470
503
530
523
538
517
522
516
530
514
524
514
522
518
508
530
524
517
526
519
514
516
529
528
512
529
521
523
517
521
525
518
519
530
516
516
526
518
525
528
531
514
510
530
504
509
521
532
502
504
499
504
497
502
495
503
496
496
510
494
505
508
497
506
496
484
509
496
500
501
493
510
505
503
491
509
509
504
511
506
516
510
506
504
513
501
491
495
518
244
477
431
75
466
352
344
346
445
328
456
289
276
271
257
463
237
399
215
192
379
179
171
132
139
389
104
83
366
362
433
301
490
267
228
205
406
167
125
96
461
319
232
153
111
310
6
22
20
37
40
54
132
155
145
155
147
139
156
149
180
179
192
199
207
204
208
203
239
239
257
256
275
276
292
290
309
319
318
336
337
355
355
378
378
399
399
420
421
441
439
463
462
483
483
500
495
497
522
522
538
539
554
539
525
547
537
531
533
561
564
557
548
560
540
540
528
534
569
562
570
560
571
566
567
572
572
546
543
561
560
555
562
550
563
549
559
341
464
188
368
358
546
333
536
330
309
298
318
290
461
483
285
434
429
225
200
504
394
173
441
154
125
121
107
527
78
99
392
409
381
493
524
275
274
191
153
130
90
57
477
287
162
414
233
69
211
8
21
20
21
8
10
16
11
24
34
44
42
44
47
55
55
68
71
72
82
88
85
90
95
88
87
119
138
144
162
147
175
174
236
229
247
249
245
246
261
243
251
264
263
280
279
295
289
314
315
328
328
330
346
345
363
364
355
378
363
381
379
399
390
403
404
424
424
439
450
450
463
463
481
481
497
498
517
517
534
534
552
553
565
551
563
561
563
554
572
565
561
555
569
575
572
561
554
569
567
559
576
567
567
559
562
555
571
558
566
565
557
546
553
562
552
567
555
556
544
536
526
500
554
505
518
517
510
474
523
413
170
433
83
82
364
347
536
301
289
441
405
269
545
235
201
199
182
451
154
116
373
101
85
84
385
318
348
307
495
255
240
216
174
131
489
470
74
255
391
145
386
74
328
277
221
137
5
3
7
5
3
5
14
19
7
26
34
47
52
63
57
34
39
48
41
20
29
56
45
60
27
61
5
30
29
48
39
60
58
37
57
21
41
39
56
36
18
56
5
18
18
40
54
57
69
62
56
66
57
78
91
26
73
94
26
90
42
87
65
52
48
40
92
69
5
4
6
31
44
54
45
66
69
80
88
79
103
95
94
92
102
114
92
78
51
80
56
95
116
66
74
95
120
82
93
60
112
22
122
97
5
3
25
25
27
39
42
62
60
25
53
49
67
71
72
13
40
30
51
29
4
15
28
24
33
21
18
23
9
34
19
20
37
31
46
43
29
48
15
17
50
38
27
49
25
9
16
14
32
37
31
28
20
18
25
45
32
1
5
7
4
40
22
14
27
25
3
15
29
22
40
41
58
56
57
58
55
74
85
72
79
106
104
112
118
136
147
157
150
119
77
65
57
108
81
84
113
142
70
68
112
145
48
41
97
141
90
72
68
62
52
50
128
38
138
107
5
4
6
29
11
24
48
62
62
64
86
87
104
102
107
112
127
128
151
145
118
79
76
74
120
143
119
75
74
144
101
100
139
85
70
71
72
71
87
86
67
68
68
93
78
79
116
72
68
4
4
4
24
25
36
40
36
36
30
40
56
56
64
64
69
67
72
81
90
100
105
118
128
136
98
86
113
96
117
84
93
85
127
112
99
168
181
180
31
142
145
157
45
153
29
21
159
170
134
122
114
157
165
171
118
7
16
26
37
33
60
62
71
37
44
51
41
42
40
32
69
63
63
61
33
3
14
21
27
25
28
35
12
18
19
7
5
15
25
25
39
39
50
62
75
75
60
76
86
79
82
90
67
66
50
80
40
45
73
24
71
85
42
30
71
69
36
5
14
32
40
46
38
34
37
27
30
50
35
26
14
32
40
42
49
69
57
66
79
81
89
98
96
104
107
78
106
64
101
92
80
75
56
105
113
108
110
126
31
50
62
129
28
36
110
15
120
33
21
52
12
12
30
13
16
24
33
28
5
3
16
1
4
5
3
11
17
4
13
27
6
26
12
11
8
25
9
9
22
18
10
23
12
7
57
76
49
57
63
78
96
95
114
118
115
128
109
80
38
122
96
87
103
83
68
62
98
137
51
88
102
139
86
119
41
32
65
113
53
4
5
22
21
34
34
45
47
71
74
80
95
108
86
95
97
102
101
98
127
136
148
128
46
144
139
107
101
131
125
143
74
64
63
73
48
37
33
149
122
155
98
156
77
163
51
142
58
36
84
60
78
6
16
32
29
44
59
55
74
82
73
84
75
96
116
127
150
167
206
204
212
211
224
226
231
235
226
244
240
249
251
266
251
270
269
278
278
293
290
305
306
315
329
329
348
348
367
366
381
382
398
399
408
408
419
422
416
412
444
444
400
384
441
445
190
365
338
441
328
311
280
445
289
438
272
417
243
258
245
446
412
208
446
176
153
447
122
120
110
132
90
92
348
299
266
234
201
398
143
381
348
93
321
219
163
430
443
180
11
10
22
51
54
55
67
60
92
107
104
177
187
186
203
189
192
198
209
208
205
227
221
241
241
253
253
280
280
294
299
300
316
310
324
322
324
343
342
360
359
376
375
392
385
402
401
418
418
424
420
423
458
458
475
474
489
489
488
510
511
505
527
513
519
522
513
515
527
501
507
516
521
505
508
512
508
495
499
498
495
494
494
510
491
494
487
479
500
489
493
497
490
497
486
498
490
487
474
498
499
502
487
502
490
500
490
481
498
489
502
501
481
479
504
502
517
502
510
501
518
511
500
512
515
517
513
522
503
490
463
420
513
255
218
479
335
422
516
407
287
471
471
384
281
377
495
253
446
242
360
217
351
212
328
191
415
164
309
127
125
116
114
395
288
280
366
437
341
183
180
143
295
227
197
315
154
4
3
3
3
29
12
9
10
14
10
9
24
43
51
59
66
66
65
73
77
76
98
80
92
90
108
119
131
140
131
113
134
129
129
149
163
166
122
64
121
111
137
99
127
74
55
126
41
31
145
38
142
135
84
78
53
40
114
72
89
51
3
7
4
15
15
13
35
34
29
21
27
12
18
29
9
8
4
6
3
11
20
40
60
63
73
84
86
107
87
104
82
70
54
92
39
89
19
58
21
98
85
67
30
101
44
73
3
3
19
19
25
19
24
55
64
59
35
48
28
64
26
32
31
16
23
26
48
50
68
85
123
120
121
121
172
185
235
233
238
251
254
252
270
263
280
278
292
284
302
300
313
311
309
334
333
347
349
351
362
350
351
357
371
369
385
386
398
400
415
409
428
426
434
434
448
447
465
463
482
481
495
493
492
516
515
518
510
525
525
514
506
521
509
514
507
510
520
511
524
514
528
516
507
530
525
514
518
518
503
511
532
524
531
524
531
519
521
530
527
534
521
531
532
525
534
532
530
509
517
518
527
510
522
515
524
533
530
540
527
531
529
533
523
535
529
21083
21105
21099
21108
21193
21192
21190
21202
21206
21199
21191
21209
21208
21222
21203
21205
21211
21217
21215
21219
21214
21216
21220
21201
21214
21125
21081
21049
21034
20996
250
221
178
21001
390
327
288
21105
21176
21155
263
21055
21061
240
21034
21045
21139
21132
186
21111
155
142
135
21012
123
108
117
21148
426
385
272
21073
21174
243
230
213
21116
21184
201
21093
21194
168
21020
18
26
42
39
47
63
54
31
45
13
64
38
10
26
5
6
2
3
28
15
16
30
23
48
38
44
28
52
57
54
53
68
44
41
59
59
48
51
76
63
37
60
61
51
18
88
62
53
70
5
24
29
45
40
32
69
66
82
87
82
83
84
101
116
110
118
95
115
58
104
51
95
48
93
98
93
37
35
53
7
54
54
74
75
71
60
66
68
66
62
49
73
40
64
36
59
71
36
28
75
64
56
65
10
21
23
48
63
68
80
97
91
99
93
57
110
85
72
81
64
95
107
58
54
39
30
103
74
69
40
82
108
92
12
30
29
46
50
56
76
92
104
113
112
130
116
129
103
91
112
106
96
118
83
73
65
66
106
58
96
60
43
127
97
83
73
109
62
94
60
111
3
14
22
28
39
36
64
65
63
78
91
102
92
114
132
151
203
202
216
217
227
231
227
226
237
235
235
237
259
254
267
263
265
275
275
277
277
280
281
308
307
319
319
337
344
343
363
362
378
378
395
395
414
414
429
429
443
443
458
457
469
471
467
495
494
490
503
509
505
500
508
506
497
503
503
490
495
506
490
500
497
499
508
507
507
513
520
523
519
513
516
527
525
516
505
512
524
522
509
506
511
508
508
506
510
502
495
513
510
510
515
526
502
511
513
521
516
516
533
521
526
530
537
529
520
525
547
539
555
535
539
533
536
539
519
541
528
538
534
512
521
532
525
531
540
530
543
535
549
558
559
548
560
558
553
560
538
560
547
546
556
571
554
577
567
568
577
585
580
584
578
589
583
601
593
597
587
595
589
601
605
595
612
610
610
609
616
595
610
603
608
607
604
599
600
599
599
593
607
602
600
592
603
590
594
605
584
600
603
605
596
591
584
579
586
571
579
548
560
564
544
559
561
549
540
548
539
525
544
525
529
528
514
524
516
522
514
522
526
512
528
517
505
518
519
521
528
534
520
526
515
522
511
527
517
524
518
513
512
493
487
462
476
470
505
473
456
455
506
524
532
532
519
527
524
521
519
531
535
539
539
545
535
547
500
502
523
516
493
455
408
397
390
371
277
472
268
273
271
268
270
265
251
277
189
445
483
434
367
360
308
278
338
490
420
243
228
211
268
165
177
267
268
536
470
429
278
278
203
378
180
536
236
5
5
21
20
21
36
38
35
46
46
48
64
63
65
70
66
83
44
73
41
81
18
14
64
32
28
15
57
61
3
14
27
13
42
42
46
52
60
60
71
70
63
66
54
56
62
66
60
67
55
84
90
104
102
100
99
100
85
93
96
101
95
110
126
129
115
137
144
150
152
189
176
187
159
108
99
168
85
84
84
106
104
98
97
99
99
94
86
152
143
86
85
125
87
85
86
84
182
115
86
178
154
99
100
96
86
86
119
85
149
177
122
134
180
5
4
18
16
19
29
35
38
41
44
58
57
67
67
83
90
89
64
79
75
82
82
87
94
83
90
104
100
81
103
20
88
58
33
114
22
20
102
95
54
90
85
24
52
15
12
22
19
20
24
7
18
18
5
7
14
4
2
19
6
25
10
21
43
40
48
53
71
74
67
65
36
67
48
60
48
78
44
79
88
86
62
46
57
51
5
20
36
45
58
50
59
78
97
125
140
99
78
77
71
122
94
96
137
95
72
71
65
51
130
47
131
70
99
126
54
81
68
57
4
3
4
3
12
19
30
41
56
66
75
76
85
78
55
50
38
77
36
17
60
58
65
40
63
73
8
10
13
21
21
14
23
5
4
7
3
4
4
26
37
38
51
22
30
52
26
44
13
40
63
69
42
49
56
56
55
84
63
51
60
51
54
59
23
22
12
83
34
47
59
7
9
30
41
49
62
89
106
110
123
113
123
121
118
118
136
154
148
161
63
123
132
152
116
108
103
124
67
87
54
59
52
136
157
134
138
149
158
114
145
154
47
146
49
96
4
12
26
20
42
52
49
86
85
88
126
126
83
80
81
79
86
66
77
46
38
26
28
122
111
118
106
63
35
33
73
107
41
5
15
13
7
9
4
9
5
34
53
49
57
68
68
71
60
33
83
68
55
37
50
69
79
47
24
8
22
33
44
55
53
65
52
65
32
77
52
49
75
62
52
22
64
71
8
7
26
27
32
48
35
38
46
52
70
77
86
107
105
120
127
107
119
138
150
155
154
176
138
164
77
114
133
96
154
82
93
124
82
126
111
121
74
78
108
173
158
95
103
92
160
72
98
114
4
4
24
22
30
30
31
59
59
63
61
73
71
45
39
34
30
32
61
45
41
78
92
37
70
82
3
7
5
22
32
27
6
17
3
25
36
29
50
60
70
71
67
81
97
96
103
109
126
120
125
161
159
185
153
171
84
77
62
115
104
147
90
85
88
139
186
77
144
155
63
121
64
118
112
85
80
127
167
82
63
137
6
9
21
34
27
44
42
59
70
86
71
52
88
39
23
75
48
77
22
58
53
28
56
37
26
7
35
34
31
55
54
66
75
68
71
67
70
61
64
56
24
28
44
8
20
37
51
52
55
60
67
68
83
95
101
110
118
118
117
102
125
119
141
148
161
184
231
242
244
257
257
270
269
282
280
291
289
304
305
313
310
324
333
331
352
354
353
355
352
380
371
369
386
385
403
401
423
420
425
428
447
447
468
467
490
490
509
510
530
529
550
549
566
566
578
578
592
568
577
588
589
569
583
585
571
579
566
575
569
574
567
576
554
526
564
427
428
416
497
376
364
351
348
340
331
320
314
304
461
257
219
541
176
136
300
511
282
274
264
265
447
239
233
232
222
187
481
383
390
285
436
539
404
198
189
148
499
469
534
506
172
4
3
8
6
4
28
28
61
79
78
76
103
101
106
115
125
126
140
87
75
55
95
128
90
123
68
58
60
136
67
96
57
118
105
79
134
86
126
81
7
9
14
10
39
60
82
68
85
93
118
117
135
134
149
155
161
166
176
206
200
159
151
192
137
123
71
122
191
153
116
177
87
141
84
189
86
83
84
80
135
78
67
70
192
107
182
100
81
70
117
156
106
3
15
12
3
13
2
12
23
16
16
35
36
40
48
53
61
86
96
109
110
127
134
101
132
121
124
138
147
169
170
190
188
167
171
193
207
196
173
190
200
309
299
281
280
295
293
302
300
317
310
315
334
329
347
346
363
361
376
369
365
382
353
344
363
362
385
384
400
399
420
420
441
452
451
465
474
470
473
497
498
496
489
477
365
486
444
436
198
490
108
324
308
486
463
490
275
278
456
487
427
214
489
246
191
176
156
174
400
134
406
132
108
349
498
299
491
228
211
143
380
343
256
237
420
121
292
390
330
6
8
3
8
27
16
18
33
43
39
51
64
73
141
133
152
153
136
159
156
173
172
176
189
188
198
197
214
209
218
219
223
220
218
253
253
252
275
279
283
286
290
293
298
302
305
310
313
317
321
324
328
338
334
275
336
275
331
400
402
434
436
449
436
425
416
430
404
418
425
424
420
427
422
412
421
433
430
428
436
435
427
450
444
440
448
448
370
340
362
361
375
386
386
402
402
406
423
423
439
439
460
460
461
477
461
486
486
499
500
508
500
511
499
500
505
484
500
508
508
510
502
510
512
512
507
507
512
510
515
528
518
519
536
522
527
523
530
505
505
516
505
513
525
522
499
517
508
524
517
521
514
516
524
511
519
512
517
517
515
513
533
502
510
521
517
507
504
506
508
520
509
517
508
507
513
513
502
491
493
509
492
496
487
493
495
498
491
507
499
513
491
501
492
498
482
494
493
492
483
503
493
505
498
511
500
511
515
505
513
517
517
530
520
520
532
524
535
505
492
443
526
380
333
90
340
329
506
456
296
284
275
266
252
423
216
226
185
413
175
150
395
407
142
139
82
109
494
72
357
369
352
314
473
235
205
388
163
121
465
454
303
433
495
101
257
196
5
13
22
20
37
25
13
34
39
29
22
42
41
39
59
68
70
84
93
97
87
87
105
85
72
77
59
60
48
45
51
75
43
40
35
91
86
86
5
6
26
23
21
35
51
35
36
57
59
70
76
72
95
105
107
99
107
92
109
106
90
89
88
107
106
124
134
138
137
151
184
200
233
182
229
159
150
131
121
137
136
133
95
150
132
131
157
121
150
166
121
120
112
112
112
111
104
103
224
136
135
93
103
133
96
94
185
133
122
170
121
136
108
106
96
172
132
137
110
95
118
102
5
12
4
12
36
57
47
60
130
146
145
165
163
163
161
162
190
183
198
192
208
205
218
218
235
234
251
250
271
271
287
287
303
304
320
320
336
335
354
365
354
365
385
394
396
395
393
395
394
395
396
451
451
468
467
480
473
475
495
473
488
475
503
497
489
508
494
484
492
482
484
491
489
485
495
492
494
481
495
486
493
482
493
344
458
253
235
345
137
121
90
323
329
477
301
487
287
306
279
344
248
408
348
229
219
207
185
468
180
142
437
343
108
100
427
386
419
303
256
239
383
191
164
125
450
91
311
345
156
439
202
337
12
17
10
43
44
56
17
30
19
26
36
35
37
10
11
14
10
17
9
11
38
22
32
36
33
52
43
22
48
73
70
37
21
18
14
26
61
70
18
33
31
45
33
65
64
57
40
68
34
80
15
30
18
71
65
50
31
9
26
42
41
50
41
44
43
73
67
86
94
96
108
39
104
54
44
29
70
26
75
51
42
86
76
63
28
8
6
17
30
18
29
41
40
57
54
52
66
58
72
74
58
84
87
43
82
99
59
63
30
97
17
35
19
80
4
14
24
15
20
12
10
4
15
27
15
19
18
10
8
7
16
28
30
24
44
66
77
59
56
62
76
46
43
37
41
71
57
27
55
39
28
48
29
64
6
16
24
19
35
32
43
59
23
24
16
40
26
29
57
43
3
14
36
44
57
59
69
80
78
22
100
66
55
85
93
38
96
40
17
78
34
69
50
83
47
86
19
44
42
41
29
25
45
35
27
21
19
23
1
3
20
6
18
17
8
38
33
33
36
38
46
46
65
72
80
37
43
26
23
15
57
64
56
63
34
79
60
46
75
21
23
37
46
68
81
61
22
50
39
33
30
34
75
80
78
37
23
59
47
62
14
12
33
35
51
45
48
44
57
58
40
60
77
82
70
72
102
116
126
62
50
108
90
106
60
118
116
49
94
46
110
71
38
64
90
103
59
34
39
31
61
8
7
4
24
21
30
3
3
2
4
21
13
16
34
34
46
44
46
68
80
89
81
98
96
116
118
133
134
147
149
166
161
164
183
190
240
240
259
245
260
260
266
276
277
276
292
279
298
296
306
305
321
319
331
330
331
345
347
349
361
363
360
355
354
357
360
360
385
384
391
392
406
405
414
415
417
415
418
418
461
450
474
472
466
460
450
492
483
483
473
485
483
473
479
464
471
460
476
447
459
461
461
460
457
465
452
454
463
462
452
456
446
462
468
469
477
469
448
465
452
452
444
459
462
441
466
432
454
454
461
454
470
468
455
477
459
464
449
468
457
445
465
455
465
459
467
459
463
464
460
472
468
452
457
451
464
457
473
454
456
436
436
452
454
445
456
452
444
458
453
441
460
453
453
459
457
457
474
460
454
450
457
458
469
461
455
468
467
461
449
466
458
463
451
20672
20674
20689
20694
20706
20692
20702
20689
20702
20682
20679
20681
20680
20663
20667
20675
20651
20621
20695
20650
127
20637
20557
20670
20582
20532
20549
20500
20490
20520
20669
20471
20456
20434
215
181
170
206
150
136
20610
20676
20584
20590
20537
20511
20484
20447
20702
20449
158
131
20567
20477
20612
20600
20620
20459
4
1
12
2
22
29
40
46
19
33
19
38
26
38
31
4
4
6
25
19
21
35
33
14
17
37
35
11
31
4
3
5
36
29
25
19
36
22
26
57
55
63
32
31
64
82
77
90
108
82
62
44
77
101
90
70
67
34
31
108
64
54
43
29
46
32
7
10
10
5
4
14
28
23
51
69
70
83
84
91
126
138
137
154
93
48
121
94
167
154
87
83
81
138
74
67
144
56
43
37
170
36
110
160
104
95
89
84
79
64
50
157
91
79
142
153
5
3
9
7
4
23
4
16
26
26
40
53
58
60
21
36
30
50
23
51
47
66
43
33
7
13
10
22
18
44
59
36
55
53
64
41
38
27
30
25
84
42
28
58
56
12
13
33
34
32
34
30
9
51
13
51
52
46
11
32
4
23
36
32
52
70
71
90
93
108
126
134
131
145
156
163
181
216
227
226
238
225
237
237
235
217
242
222
219
231
253
231
229
220
245
285
294
293
289
310
316
326
324
333
339
338
332
350
360
366
373
367
371
389
388
402
400
403
426
425
425
456
456
474
474
495
494
502
513
501
514
492
512
506
497
444
456
457
471
470
471
494
493
506
506
521
524
507
514
520
505
510
512
503
496
512
501
505
503
495
504
504
498
504
497
501
506
507
497
497
506
498
485
496
504
503
490
497
502
491
505
518
507
511
519
530
518
537
523
527
521
536
529
524
523
514
533
520
524
525
540
534
532
545
538
542
527
542
536
546
538
526
548
530
537
546
540
544
546
531
539
551
533
507
537
543
508
523
513
521
505
513
491
497
507
509
495
512
502
517
506
515
509
518
513
498
508
513
515
509
491
489
511
514
505
508
508
491
490
509
498
523
512
522
504
521
515
519
534
510
534
522
520
526
525
530
545
545
546
554
549
549
550
552
546
534
550
536
547
532
530
544
538
529
539
545
535
536
550
536
550
548
555
502
513
550
548
531
477
444
462
539
506
480
512
457
535
538
544
551
543
543
554
546
555
545
555
554
559
549
563
553
548
559
535
563
544
563
562
560
569
554
553
554
566
550
560
539
543
551
524
537
545
526
461
455
458
457
471
473
484
482
467
476
416
376
478
211
474
445
100
319
300
450
339
483
298
270
277
467
426
206
208
210
184
476
163
151
367
128
137
142
110
102
432
290
232
248
398
200
407
353
482
330
391
160
122
255
350
185
8
27
38
47
48
72
111
142
169
162
176
178
187
184
173
197
198
218
215
234
235
254
253
264
265
289
290
308
309
325
325
345
345
361
362
372
374
385
385
387
389
393
398
403
407
410
416
419
423
425
422
427
431
437
439
443
439
431
430
424
420
411
406
404
398
387
386
375
365
362
353
352
387
312
266
266
265
259
277
303
298
288
333
348
318
386
