28
224
225
21
286
285
345
319
382
380
374
258
391
257
283
287
293
313
347
342
244
258
290
298
289
314
372
298
370
372
291
368
387
281
430
447
445
467
466
481
485
504
503
483
520
538
538
562
555
520
550
554
551
615
639
639
617
646
614
655
639
640
641
652
616
638
645
653
658
641
645
659
649
650
667
646
649
637
651
625
658
672
642
634
626
643
639
623
629
617
622
611
621
634
623
631
604
612
514
506
365
182
528
388
411
372
620
540
357
491
489
558
305
321
282
300
454
223
227
435
451
200
590
434
548
385
346
325
335
242
197
435
547
478
446
177
453
446
454
450
437
459
458
453
451
393
279
239
237
257
256
269
270
272
292
290
306
305
320
323
338
337
357
358
374
372
391
391
410
411
428
427
442
441
463
463
480
481
498
497
516
514
530
531
547
538
548
533
555
553
552
545
554
543
542
553
538
557
550
536
550
536
551
542
547
554
549
538
535
557
562
555
561
554
557
555
558
555
556
545
548
540
556
551
541
527
547
535
549
528
525
545
537
516
535
527
541
535
528
547
532
541
534
541
532
532
547
525
528
542
536
533
531
523
528
510
526
510
510
511
520
521
520
509
517
518
514
506
512
507
515
513
513
525
519
521
523
518
528
521
522
526
521
520
520
523
534
533
526
517
529
510
523
506
518
520
528
509
508
527
532
529
537
525
537
520
538
545
525
534
536
543
545
533
547
538
550
543
551
538
525
549
535
544
528
520
513
532
529
508
532
515
520
511
515
506
515
496
508
490
509
486
472
498
501
494
503
492
474
494
485
491
479
479
473
457
475
469
458
455
462
458
452
438
453
442
452
445
426
445
433
434
434
443
428
432
436
426
436
430
439
434
444
437
434
442
435
423
439
442
435
431
429
429
436
418
424
435
423
424
413
411
427
424
380
352
343
323
302
419
375
403
235
252
229
361
226
334
434
185
168
150
319
302
402
163
295
402
281
266
272
259
234
214
211
196
148
393
169
287
363
201
311
329
398
386
401
401
407
401
417
411
406
356
192
204
203
201
219
219
229
223
225
246
247
261
259
271
271
286
285
295
296
298
5077
5090
5090
5106
5105
5119
5119
5133
5133
5130
5152
5150
5153
5174
5175
5187
5186
5205
5212
5184
5205
5213
5213
5203
5223
5212
5206
5219
5207
5221
5227
5230
5218
5215
5234
5239
5240
5229
5248
5239
5252
5243
5250
5247
5252
5257
5257
5254
489
489
478
498
486
485
494
500
493
3155
3170
3175
3178
3172
3172
3183
3175
3318
3317
3337
3321
3347
3333
3350
3343
3324
3341
3340
3346
3348
3345
3351
3354
3328
3321
3345
3319
3346
3355
3353
3352
3346
3339
3326
3311
3348
3340
3315
3351
3307
3292
3293
3326
3343
3341
3341
3350
3338
3351
669
663
674
666
653
673
676
664
545
530
543
530
537
516
512
515
517
494
512
514
523
502
517
502
518
493
506
506
524
511
519
512
521
517
534
516
505
483
478
509
509
527
527
540
532
537
547
531
538
537
529
539
530
540
525
539
531
540
527
537
527
546
536
542
537
547
545
556
538
540
559
549
559
563
554
564
563
556
563
555
561
554
549
568
565
571
564
576
563
558
549
570
559
568
558
569
561
571
564
572
565
570
557
568
557
577
568
572
585
586
572
582
577
585
575
569
555
560
565
562
561
573
578
561
576
569
578
565
576
569
580
559
579
571
562
571
577
569
581
570
572
586
586
559
575
587
573
577
572
565
570
573
571
566
561
554
568
565
552
560
547
542
552
553
555
562
547
555
564
564
543
548
503
528
509
350
310
301
440
270
410
189
319
311
421
431
471
290
281
487
253
392
231
521
224
212
377
369
212
203
197
447
348
366
463
265
388
458
178
327
290
241
556
495
378
391
416
386
416
408
401
324
217
237
235
250
198
204
227
227
245
245
243
264
266
284
284
303
303
321
321
339
339
356
368
367
387
386
404
398
412
412
430
428
426
450
456
469
468
482
482
499
495
499
523
523
543
532
528
537
541
534
534
549
544
533
513
531
536
533
370
329
226
438
421
398
522
362
358
534
345
317
297
278
269
463
262
503
477
233
456
198
514
453
406
495
320
283
536
255
206
430
348
244
218
483
384
433
448
468
460
469
455
461
469
458
461
470
484
472
413
268
289
285
297
295
313
311
310
332
330
339
348
355
356
368
375
377
376
399
399
413
427
425
414
450
450
469
469
502
512
502
511
540
547
548
558
565
545
575
564
574
567
575
572
578
565
566
581
575
566
568
570
572
561
572
561
558
563
564
551
573
568
575
577
578
571
578
574
588
603
606
600
608
601
602
597
597
573
562
579
571
548
561
568
563
561
584
567
581
568
551
561
555
570
553
548
567
561
561
565
564
555
560
568
541
551
556
545
558
567
559
540
562
551
559
553
552
558
533
523
536
531
525
546
547
539
549
549
561
559
555
573
556
562
569
559
573
557
574
552
561
561
569
568
567
588
553
567
554
554
557
565
557
555
565
563
551
525
552
516
564
566
545
564
557
570
559
574
554
564
538
555
557
552
560
557
562
560
554
567
566
578
562
572
562
563
550
551
541
534
521
544
527
560
557
557
543
553
558
535
557
544
549
553
561
540
539
551
528
549
550
542
555
546
553
557
546
556
543
564
555
544
553
553
553
537
571
557
563
557
573
562
559
566
564
557
558
559
578
563
567
558
564
561
557
561
563
574
554
584
570
586
575
582
564
551
536
580
571
564
557
568
555
572
563
565
564
539
545
568
526
559
559
554
556
563
539
475
502
214
224
515
530
416
417
409
387
362
460
313
297
324
264
467
249
251
238
432
443
494
400
331
309
276
486
242
549
201
566
429
288
249
390
359
421
416
405
450
413
385
417
393
144
83
82
81
106
99
145
97
139
88
419
379
433
109
84
80
318
81
144
107
106
424
99
141
91
84
83
81
82
97
91
106
5
13
16
18
16
60
174
172
185
180
197
196
217
216
231
231
248
248
266
265
278
280
291
289
288
303
300
332
332
356
363
366
366
355
399
398
415
426
426
422
424
415
462
461
480
480
499
499
520
518
534
534
551
552
570
559
578
568
574
589
576
578
593
589
581
585
595
593
596
594
602
601
607
601
614
610
608
597
591
605
605
594
595
582
569
588
597
595
571
599
579
579
592
583
592
598
575
593
581
588
580
589
588
562
580
583
572
593
580
568
578
570
568
565
524
469
472
463
461
451
443
442
436
433
435
436
422
405
403
397
398
391
388
381
370
369
362
358
353
349
346
347
329
319
318
542
308
293
274
265
260
253
485
320
511
313
543
494
293
234
508
558
248
4
3
27
34
35
15
13
33
42
17
7
21
32
43
38
51
51
73
91
90
115
114
129
142
152
155
168
188
197
189
209
208
220
219
231
233
244
237
252
252
269
266
267
271
296
296
299
299
300
324
324
342
336
355
356
372
372
392
390
404
404
421
420
428
436
436
457
457
465
463
466
487
492
500
498
487
495
501
498
512
475
516
509
523
510
503
500
515
511
514
506
499
513
507
522
488
508
516
507
510
488
504
480
499
498
500
491
497
471
485
481
488
491
488
489
495
485
493
473
416
344
294
494
196
377
437
390
438
363
474
330
317
344
285
461
452
260
275
260
249
214
236
209
191
439
367
491
337
321
299
246
216
394
463
425
254
398
426
481
474
468
467
482
472
484
476
487
478
424
310
249
253
267
267
280
281
292
290
293
312
312
325
324
332
333
348
348
357
358
370
370
383
381
394
400
411
411
431
430
449
448
467
467
486
487
502
500
499
505
500
507
512
496
508
510
506
505
499
497
508
511
506
501
489
507
497
504
501
500
505
510
514
509
520
517
506
515
520
519
517
523
504
518
495
514
494
503
502
481
495
500
485
502
484
480
487
493
495
502
506
485
503
502
501
498
502
494
481
502
498
486
504
492
505
497
508
506
512
501
511
509
500
510
509
508
509
517
521
512
515
513
502
523
514
523
514
530
522
538
528
533
525
533
515
526
518
523
532
530
535
526
537
520
528
531
544
530
535
534
545
538
534
536
516
543
529
543
529
545
531
548
533
541
535
531
542
535
551
551
541
525
534
533
552
535
544
534
548
536
541
535
9989
10030
10028
10052
10040
10047
10055
10062
10049
10060
10061
10059
10063
10070
10060
10054
10048
10055
10052
10053
10057
10050
10059
10045
10054
10051
10035
10032
10040
10028
10048
10047
10030
10046
10031
10037
10031
10040
10051
10041
10051
10050
10047
10049
10027
10048
10045
10092
10096
10093
635
597
589
571
575
573
570
552
555
550
563
563
570
560
567
557
563
572
570
563
549
569
559
568
566
576
567
558
576
621
608
618
606
610
616
611
622
618
617
609
619
613
615
606
612
548
548
565
551
559
554
552
562
558
552
558
555
565
571
558
583
570
578
567
582
576
573
582
582
581
573
553
558
565
567
542
554
558
558
496
488
494
497
484
508
487
496
495
496
486
500
493
504
493
507
498
506
504
484
482
505
502
461
479
449
498
470
491
477
486
479
488
475
473
486
482
468
471
485
484
495
492
495
503
503
483
481
498
505
514
507
519
501
507
520
514
511
520
515
526
514
522
516
520
520
529
531
529
515
528
524
536
528
545
519
535
526
534
550
537
537
548
544
537
555
541
549
544
553
551
555
546
555
553
550
557
547
552
566
560
548
549
556
529
551
547
536
549
547
537
529
534
546
539
527
535
526
534
528
525
531
526
523
498
506
525
492
517
514
501
497
504
507
514
515
511
505
518
507
505
517
502
489
514
508
505
509
507
502
508
506
511
492
503
519
506
515
503
518
511
505
505
506
520
511
524
523
524
512
526
524
532
532
521
523
516
525
525
543
531
542
542
524
533
555
539
518
525
522
534
519
529
515
533
526
538
522
529
523
532
523
531
522
520
530
523
509
532
521
521
528
530
522
506
528
509
518
504
521
521
497
508
515
504
510
511
506
516
506
519
507
512
503
515
512
518
509
517
523
526
517
532
531
508
516
520
522
502
509
521
514
508
518
496
491
505
517
505
520
513
524
505
495
512
532
525
539
520
514
511
525
536
525
533
533
504
521
533
526
514
508
545
534
543
540
544
536
531
542
537
525
520
539
538
551
538
548
557
545
559
554
570
568
581
573
571
573
555
565
573
550
558
556
571
563
570
587
587
576
567
573
572
579
570
571
569
567
576
567
559
559
569
561
553
563
558
556
566
552
539
561
555
545
546
553
553
539
526
550
536
529
552
530
508
522
529
520
525
523
522
516
524
523
533
506
490
502
505
483
500
507
485
496
506
495
495
496
509
500
508
487
491
499
493
471
472
506
489
498
502
510
508
490
497
507
499
509
507
514
500
516
508
527
520
524
540
533
527
538
532
519
532
539
539
528
537
541
535
548
548
548
542
554
544
557
545
555
544
545
552
559
549
545
552
550
550
524
534
551
547
551
553
554
560
554
554
560
554
560
554
558
559
547
556
549
570
555
533
535
550
554
551
542
549
556
550
549
527
564
536
543
564
557
550
547
540
558
553
546
546
559
562
553
575
558
570
561
562
572
561
578
569
567
561
575
566
565
583
576
564
571
560
562
554
567
548
546
551
551
568
548
559
554
548
538
545
561
561
571
561
575
550
534
550
555
544
525
516
543
538
548
541
532
535
523
538
519
511
525
513
519
489
511
529
502
511
506
504
498
515
520
510
523
509
521
510
507
525
524
519
522
518
516
521
534
526
500
471
470
462
370
358
340
399
329
522
304
291
355
240
193
172
377
313
484
289
490
284
416
407
228
343
442
223
383
289
396
157
289
452
138
128
431
281
277
338
213
189
161
183
253
144
439
207
7
12
4
80
87
88
112
151
151
172
173
192
195
195
184
194
231
232
245
245
265
261
266
293
293
308
309
309
312
344
345
345
363
364
382
382
385
402
400
385
423
423
444
444
461
459
467
477
474
491
490
509
508
527
543
543
562
557
553
559
549
560
551
561
529
553
538
517
538
551
500
524
541
537
526
540
530
536
540
535
546
540
554
549
542
536
525
513
543
535
540
535
541
544
535
539
540
555
550
560
560
554
562
553
562
554
562
554
558
552
536
554
556
552
560
564
557
562
532
553
554
566
566
579
581
533
548
511
501
566
574
528
551
541
531
549
511
541
551
544
550
516
530
476
450
502
540
484
463
519
502
498
519
487
512
498
510
515
518
501
512
519
517
502
510
519
515
521
507
517
512
523
521
517
496
490
313
513
452
446
369
316
439
382
450
315
314
301
311
288
279
448
263
278
252
233
408
203
396
315
414
415
317
447
236
413
452
217
312
315
448
468
481
478
454
475
476
482
476
482
490
479
485
485
450
356
299
315
315
333
335
353
353
348
341
352
354
373
372
395
392
411
410
429
429
447
448
461
462
462
480
479
486
477
505
505
522
521
535
534
534
559
548
550
543
529
544
535
537
527
515
500
493
519
514
518
519
491
510
480
497
518
508
523
521
520
510
487
502
513
507
498
505
494
507
493
509
493
492
492
490
514
503
516
507
504
510
533
519
533
531
528
524
532
529
540
534
494
522
535
523
523
538
534
537
521
530
542
531
553
551
552
548
552
540
551
549
564
540
561
561
579
560
572
560
571
560
574
560
567
554
571
551
559
557
562
534
564
549
539
544
537
542
536
539
531
536
545
532
532
545
541
542
546
546
525
542
535
545
529
534
513
525
547
542
543
536
531
534
535
528
538
531
539
529
544
537
548
536
545
538
548
541
551
539
556
543
551
557
558
551
545
570
563
580
565
582
574
566
557
564
576
579
571
580
572
558
565
569
580
577
554
558
559
560
555
570
562
561
567
562
556
560
553
559
552
561
549
563
550
564
551
549
561
566
552
563
564
570
562
571
580
556
541
567
576
547
558
567
567
580
583
571
577
582
573
571
550
566
550
585
574
575
560
563
569
585
577
580
569
562
570
582
583
546
505
444
254
432
379
193
572
305
329
487
319
528
291
265
471
559
461
233
204
229
410
198
208
369
551
334
516
348
276
244
442
393
397
498
287
535
208
396
409
436
434
447
435
151
155
159
161
161
160
445
133
159
142
144
156
133
133
418
133
162
176
162
135
335
131
133
133
130
128
134
163
132
159
420
430
433
140
132
135
157
162
127
143
131
135
154
394
395
460
467
462
472
486
495
495
445
446
461
467
300
277
253
260
285
284
304
305
323
323
342
318
338
344
343
358
359
374
372
390
390
406
405
406
409
445
446
464
465
489
486
498
499
516
516
532
531
538
546
545
563
552
554
563
543
561
542
542
553
545
543
540
548
500
533
512
550
520
523
538
536
530
542
530
535
520
529
536
519
524
512
541
538
532
533
543
533
540
549
522
523
512
537
527
516
528
520
513
531
530
525
543
532
543
527
527
539
545
531
534
496
508
522
531
534
521
517
526
521
538
532
536
546
512
538
532
535
544
535
541
547
537
546
539
546
536
540
536
548
541
545
543
550
549
568
546
548
553
559
560
548
548
560
564
554
562
561
563
556
562
566
572
569
585
573
572
570
574
555
576
546
561
553
566
545
567
566
570
572
556
582
553
561
551
549
557
549
557
551
537
550
537
533
547
544
522
529
540
531
536
524
536
526
534
533
539
532
532
539
534
536
535
528
524
532
526
533
537
531
527
535
528
540
538
529
486
489
497
518
426
413
483
384
471
496
280
240
221
216
203
205
191
189
162
301
248
440
232
214
355
364
349
459
322
403
182
287
175
450
400
504
160
394
264
370
441
339
471
308
280
424
266
328
3
1
12
9
24
28
46
29
43
37
18
20
40
4
30
31
45
17
44
29
28
32
33
19
17
38
35
50
68
94
83
80
107
105
147
133
153
161
161
182
219
217
217
231
227
230
256
240
257
256
271
264
274
273
293
294
296
329
329
340
341
340
366
361
355
373
380
380
400
394
416
415
439
437
449
451
463
462
481
472
491
491
516
511
519
517
499
496
492
486
479
467
462
458
453
455
442
443
426
422
407
403
394
396
385
506
377
327
274
257
388
195
515
311
288
267
354
517
238
221
211
201
520
389
331
516
297
374
249
229
339
511
358
7
5
48
31
30
27
40
58
29
26
27
38
30
59
33
34
38
4
9
4
33
49
53
64
66
83
96
107
101
129
116
121
105
112
118
146
81
110
149
134
92
125
81
115
54
36
132
130
91
102
36
92
98
3
5
12
8
7
18
30
2
28
30
33
159
157
173
171
191
193
205
208
214
219
235
237
253
252
271
279
279
276
302
307
325
324
344
343
360
361
381
381
400
400
420
420
437
436
461
460
481
480
497
496
511
513
527
511
533
535
535
562
562
573
579
578
565
577
562
578
555
562
570
573
565
552
565
556
555
563
554
562
564
562
561
559
560
551
558
544
547
544
548
537
518
532
539
517
510
532
525
523
514
503
523
508
522
510
520
518
495
503
515
530
518
532
516
527
528
517
517
518
530
528
515
533
516
521
537
518
525
527
520
528
514
515
526
530
516
527
530
524
532
538
540
538
544
536
546
538
540
429
468
467
444
511
401
534
359
494
486
517
333
529
369
348
303
326
519
283
261
254
318
416
219
196
202
175
494
411
448
377
350
300
243
223
390
235
272
494
466
467
461
452
451
458
458
438
428
429
454
462
412
268
249
260
260
278
278
289
295
306
305
323
325
325
350
351
371
370
389
388
404
403
418
419
433
438
438
451
452
468
469
467
465
499
501
490
515
505
496
513
516
516
515
507
525
500
499
516
517
524
517
528
521
519
515
522
519
519
507
500
519
506
524
523
517
514
516
508
511
513
512
490
509
507
504
516
512
516
505
518
515
516
510
519
503
516
485
485
509
509
520
508
524
525
517
519
507
493
492
514
502
518
513
502
500
519
515
514
506
514
508
522
504
509
494
500
474
489
495
481
486
472
478
480
490
478
478
486
481
478
472
478
471
472
474
479
474
472
479
476
477
454
468
472
466
470
479
487
488
495
480
481
477
481
468
468
486
482
481
488
498
483
489
489
501
495
491
506
506
502
509
499
497
513
498
509
492
507
501
496
507
509
503
515
513
504
516
510
504
515
505
521
513
502
499
521
520
516
509
516
480
508
465
496
480
496
502
482
499
494
490
500
478
501
495
501
489
501
493
503
497
506
500
503
489
485
499
507
506
503
496
489
501
496
501
503
501
486
514
501
506
501
508
503
474
430
345
298
280
275
270
258
257
255
250
246
238
235
226
220
214
472
162
422
415
422
360
408
331
311
318
457
297
271
208
477
186
385
371
379
168
422
361
339
478
448
402
390
192
181
479
151
5
13
46
79
86
95
107
126
140
150
149
150
171
171
172
198
198
209
217
218
234
234
250
249
267
250
267
291
291
308
312
314
314
332
335
339
351
343
350
368
365
367
382
391
391
390
418
418
437
431
454
454
474
486
474
479
501
503
483
490
494
485
495
508
508
515
503
512
491
486
495
498
502
512
521
511
506
510
515
508
491
508
518
518
529
515
524
530
522
533
506
500
429
462
497
488
527
476
483
446
435
517
482
494
499
509
493
490
510
499
497
518
484
496
485
494
485
505
496
493
513
504
496
496
500
507
508
499
502
511
510
532
506
521
511
513
525
536
524
541
541
535
505
506
519
512
500
502
510
511
557
509
564
558
549
503
562
587
571
580
571
562
574
561
557
574
573
548
560
578
568
574
568
577
567
565
573
554
566
557
562
553
550
550
530
546
553
536
544
543
537
529
537
533
485
510
497
469
483
496
494
532
525
528
536
538
537
523
520
525
515
500
511
491
504
518
507
527
524
517
521
516
529
517
529
520
528
520
532
515
520
520
509
513
511
510
518
531
524
513
505
511
499
516
522
532
525
520
494
529
468
482
461
501
498
491
504
493
510
495
503
497
514
515
502
525
516
525
478
515
507
518
504
516
504
507
489
506
494
505
505
516
508
504
510
506
497
505
512
512
511
522
513
513
510
513
509
512
509
523
496
496
528
526
525
526
533
528
512
525
527
515
527
503
516
496
512
498
478
504
471
490
502
491
497
478
497
494
467
485
485
490
495
491
483
498
492
507
503
490
500
487
483
489
484
490
484
496
488
480
502
500
486
492
485
500
490
493
476
484
501
494
480
486
487
506
501
513
506
498
508
517
511
519
513
528
517
522
525
524
538
540
535
515
532
535
524
540
529
539
538
535
502
518
521
529
519
508
525
511
527
500
509
518
510
520
495
497
512
515
521
508
507
521
521
505
518
508
506
518
520
503
510
508
505
496
487
491
488
488
512
504
513
497
516
512
523
501
511
512
522
501
509
500
508
519
522
521
528
521
536
522
518
518
533
523
531
520
528
527
518
530
524
507
523
516
525
518
506
521
514
525
515
521
509
526
516
530
516
529
504
514
504
513
498
510
498
505
500
509
500
513
498
516
510
516
517
513
536
524
519
527
522
526
537
535
523
525
519
519
525
512
535
527
540
517
526
533
528
529
544
525
538
528
532
527
535
521
534
521
506
528
526
525
513
525
513
519
507
517
496
504
503
509
509
504
508
498
493
502
471
485
502
477
485
494
484
490
488
489
493
482
497
476
480
461
468
489
480
472
481
478
474
463
454
463
471
456
465
463
468
443
468
458
452
465
460
467
457
449
469
466
462
461
472
459
468
469
456
472
462
468
467
455
471
471
444
463
456
466
465
457
459
460
468
464
463
462
460
440
457
362
393
234
190
448
336
320
455
310
471
304
416
284
396
276
443
269
264
251
221
243
369
427
369
208
426
356
346
402
292
377
215
173
329
461
198
278
415
415
419
425
21957
21957
21964
21974
21979
21973
21983
21989
22003
21939
21782
21809
21809
21824
21825
21842
21844
21874
21874
21895
21895
21922
21922
21938
21938
21956
21956
21972
21969
21987
21985
21988
22003
22003
22035
22033
22035
22035
22033
22074
22074
22091
22091
22114
22113
22129
22136
22126
565
591
22140
22131
589
590
583
566
566
546
579
557
573
561
550
549
559
549
531
538
533
529
514
514
521
517
535
517
518
510
504
529
522
536
459
507
461
528
459
462
488
572
564
570
554
562
544
535
508
527
553
532
552
552
575
575
580
578
589
592
579
567
546
529
567
561
539
552
576
519
614
601
614
605
617
603
617
616
626
628
617
604
610
607
558
557
570
569
583
585
591
602
587
588
599
620
620
621
644
635
606
650
615
599
604
594
586
612
579
594
593
612
611
604
601
556
555
568
569
573
594
586
592
585
595
579
591
576
577
588
586
577
583
576
572
550
564
556
547
550
540
525
540
532
546
500
511
530
515
503
515
516
508
513
518
491
503
518
500
507
508
498
498
496
498
500
517
498
500
478
504
487
482
474
481
485
467
481
467
475
479
468
488
485
484
454
491
442
366
313
425
189
437
326
416
303
412
318
250
223
270
226
394
208
191
408
373
397
469
355
342
335
280
273
260
199
176
169
170
471
290
426
193
477
244
393
424
443
428
420
431
428
421
417
359
355
178
218
215
218
222
223
220
368
241
247
246
262
271
261
270
297
298
315
314
332
325
342
342
358
357
374
373
393
393
408
409
426
424
422
450
450
469
470
488
488
490
499
500
494
502
491
506
497
509
508
484
509
478
478
491
491
514
512
531
525
538
525
542
534
551
528
538
528
518
533
522
520
531
537
527
529
537
532
530
524
520
507
526
527
521
527
521
516
511
516
508
526
510
516
517
528
515
529
511
526
504
480
440
512
299
273
237
208
161
458
413
406
328
314
454
313
404
293
275
289
381
248
492
244
226
221
349
183
164
425
365
342
335
428
263
367
203
486
475
386
372
196
216
371
413
439
427
425
438
225
356
242
202
204
199
212
217
217
234
236
236
270
263
263
269
263
300
300
318
318
334
334
352
350
351
377
378
392
392
409
402
423
423
442
443
461
461
461
488
487
505
505
522
522
536
518
542
541
532
513
544
535
537
547
543
545
556
549
553
564
538
545
537
546
545
554
549
561
559
539
557
550
560
572
554
561
556
550
565
553
566
558
563
556
562
554
571
553
559
549
567
561
555
556
567
554
572
558
563
562
568
561
565
555
547
561
553
544
557
543
557
544
539
524
523
551
509
535
520
516
545
539
525
545
516
538
525
518
511
532
512
528
520
522
510
522
502
515
508
521
513
515
517
512
508
510
507
508
502
516
504
509
513
501
524
510
508
516
507
513
518
505
530
531
537
548
520
554
510
515
528
528
548
546
549
533
552
544
554
547
556
534
552
540
542
554
551
545
546
552
561
540
548
561
541
547
567
447
522
465
471
462
562
471
439
428
414
488
528
504
497
517
401
506
533
529
532
531
526
527
516
526
510
518
512
512
523
515
515
522
519
526
517
528
510
497
502
515
521
525
524
515
521
507
491
521
435
501
455
423
443
442
456
456
474
472
472
473
500
504
503
519
521
539
530
539
515
509
527
534
491
513
523
483
503
516
523
506
512
507
524
517
516
489
509
510
504
524
513
523
524
512
524
512
531
522
533
524
532
529
534
524
523
527
521
530
518
532
533
540
539
542
541
548
537
547
532
537
527
530
558
534
540
546
558
550
552
559
570
568
582
582
580
574
599
591
585
592
593
588
600
587
596
571
578
589
573
577
575
568
567
571
556
567
555
575
575
581
578
573
576
569
568
561
566
567
493
572
529
531
500
574
562
488
539
511
568
547
534
530
558
513
548
531
537
534
517
529
529
511
471
505
478
468
449
461
489
497
520
491
501
500
500
498
516
507
509
497
501
498
502
503
496
488
477
481
511
500
480
480
497
482
494
492
513
512
521
512
525
492
508
509
506
495
511
474
479
472
513
510
467
487
487
505
491
510
510
522
522
541
540
553
550
552
538
550
546
547
550
552
534
543
543
542
538
546
538
536
547
538
544
500
497
386
391
385
370
328
299
453
386
536
213
209
203
195
192
483
181
163
143
281
515
239
255
235
228
379
392
386
339
320
481
323
307
463
288
132
264
522
219
350
185
171
433
272
360
151
386
431
2
5
10
28
26
40
47
38
18
29
36
4
5
3
11
7
22
22
33
34
49
51
62
66
74
73
78
77
89
71
51
73
60
49
34
31
71
61
79
64
70
40
4
4
29
27
27
34
58
17
44
19
15
48
35
54
46
4
5
16
14
12
6
33
45
39
31
32
18
20
29
9
4
18
17
36
34
42
44
32
54
51
54
42
60
62
61
71
79
78
42
68
108
120
157
166
163
160
168
174
172
190
190
206
205
226
226
235
237
237
264
265
281
282
291
289
297
319
319
341
341
358
358
379
372
387
400
399
388
424
431
431
424
456
453
480
480
499
500
516
516
534
533
550
542
553
545
534
537
541
560
549
563
556
549
552
551
559
555
561
548
559
545
567
559
555
559
571
547
563
562
559
564
565
562
567
563
574
556
568
558
578
546
572
570
571
547
569
557
539
562
558
569
560
568
572
572
571
578
556
562
553
561
537
559
545
547
558
556
557
567
550
528
536
543
547
529
523
543
544
543
548
537
547
540
547
536
547
541
549
542
545
544
539
552
555
536
555
532
552
546
546
539
553
559
547
562
551
568
559
567
538
510
530
517
549
563
553
573
555
549
565
568
560
574
563
572
566
580
569
578
570
566
579
574
583
579
583
581
586
571
574
577
570
580
577
591
567
581
589
584
573
580
573
587
576
579
570
579
564
564
551
567
566
583
582
589
577
585
587
576
566
578
580
565
572
565
573
558
552
561
568
539
548
555
550
542
535
548
551
545
562
560
554
563
553
544
539
557
540
532
562
549
560
546
558
566
547
553
555
548
549
562
540
543
558
558
553
547
535
537
561
545
547
560
563
561
576
567
583
575
584
568
581
575
579
585
559
583
580
562
567
575
569
560
571
555
561
558
573
573
563
561
549
563
541
547
558
560
550
553
546
556
548
549
567
553
565
546
545
562
506
539
554
523
532
526
510
504
546
523
513
526
524
514
523
522
530
512
535
529
540
542
532
529
543
541
529
522
523
534
535
526
516
517
521
528
516
542
504
516
540
501
525
523
521
510
517
499
521
508
523
509
515
510
532
525
529
522
527
525
538
538
544
531
544
516
522
531
505
530
533
518
529
522
522
536
528
538
542
540
538
536
533
556
543
536
524
546
537
544
535
547
548
556
550
562
560
558
552
553
546
559
559
550
558
552
542
536
550
553
565
566
582
570
578
587
591
592
566
574
602
571
584
581
583
569
569
562
581
579
581
584
569
575
569
580
579
572
579
579
567
584
576
586
579
585
573
588
577
582
580
587
576
578
572
581
578
573
575
559
555
541
545
557
547
524
558
536
550
541
546
560
566
550
544
557
558
560
570
550
556
563
557
567
564
548
536
554
544
519
536
554
505
542
529
530
529
510
522
516
523
526
516
509
523
509
526
504
515
500
488
517
511
522
519
527
534
517
532
509
486
512
519
499
519
514
513
504
509
495
501
473
484
494
487
483
501
491
497
471
472
475
494
489
501
493
503
487
496
503
499
508
510
511
515
490
512
509
490
499
499
508
509
508
506
506
504
505
503
514
489
512
481
511
508
497
490
507
499
506
513
500
491
500
495
495
511
499
502
503
513
398
420
378
504
362
344
454
312
271
470
283
225
265
253
186
429
447
178
169
247
482
388
352
294
332
239
184
466
435
408
324
211
222
371
305
410
421
414
424
413
424
415
426
418
421
419
406
377
413
244
297
242
243
260
249
253
262
261
279
278
297
298
316
317
332
332
343
355
355
370
369
368
392
394
413
412
430
430
445
442
457
458
456
481
480
479
502
490
501
484
491
495
479
490
492
501
502
497
504
512
509
515
505
515
506
510
503
510
480
495
514
501
509
498
514
503
516
503
511
504
518
496
509
508
512
500
511
500
510
498
511
503
520
505
517
510
516
509
519
502
520
516
522
521
523
511
519
511
515
514
514
507
502
513
505
498
507
499
516
503
500
501
522
509
504
513
516
510
519
512
502
516
503
518
508
518
512
520
517
524
529
523
518
525
521
517
511
506
518
518
507
514
513
513
504
530
507
496
516
516
506
513
507
505
517
514
514
532
521
517
524
528
515
533
524
525
530
522
515
527
533
524
536
528
540
526
534
521
521
508
524
521
518
528
522
529
518
519
530
529
522
525
528
509
520
519
532
517
528
520
534
524
532
522
520
502
526
509
509
519
521
511
512
512
524
523
523
536
526
518
526
503
518
512
512
508
512
504
489
485
507
512
500
516
505
520
516
496
505
510
481
488
491
512
507
521
509
504
512
515
507
518
502
519
512
528
512
520
522
524
459
430
417
471
388
326
288
257
234
348
407
306
295
304
520
278
498
267
243
232
220
226
450
203
381
183
167
475
164
449
340
459
320
417
390
406
206
361
181
499
417
371
190
512
380
387
255
381
355
75
62
64
358
64
65
66
80
65
383
76
62
79
60
60
77
145
74
62
63
82
79
65
253
61
99
63
4
17
36
39
95
124
142
147
147
166
165
179
169
168
171
168
161
155
166
166
163
167
163
167
165
163
165
165
161
170
167
162
167
163
155
155
145
142
166
164
164
165
163
160
167
157
156
142
163
155
164
151
333
385
416
416
433
415
434
425
336
418
353
352
248
365
227
208
208
209
243
243
258
252
268
267
268
288
291
306
306
322
322
338
339
356
356
370
371
386
386
403
401
402
428
426
442
443
446
457
458
458
477
477
488
483
486
475
485
488
493
479
495
483
498
490
486
494
480
495
497
485
491
481
487
475
485
493
494
470
479
479
490
482
468
462
488
493
494
498
493
489
437
349
407
386
281
231
203
336
314
466
309
302
448
296
365
265
254
245
263
448
226
347
219
189
166
347
330
460
283
372
428
474
187
408
420
400
381
238
174
205
348
358
324
349
353
358
377
115
111
68
298
89
60
112
77
189
111
376
77
70
108
70
111
70
70
91
65
68
68
57
88
88
78
111
67
89
62
58
113
90
63
88
59
72
49
113
112
123
123
138
137
136
159
159
177
178
192
190
192
224
223
242
241
261
271
270
291
291
293
320
319
338
339
357
356
373
371
390
389
406
402
403
403
402
405
437
453
454
473
484
484
505
505
522
522
536
523
536
524
539
532
541
535
534
551
548
540
543
532
544
534
546
528
536
548
533
528
536
515
528
516
522
514
502
525
516
530
515
507
521
519
509
509
520
521
532
526
531
522
523
510
513
518
504
515
519
507
505
517
496
503
514
504
478
460
495
467
498
504
493
490
507
502
489
496
494
490
498
497
500
491
496
487
487
490
495
477
492
470
487
488
481
496
496
507
496
500
496
501
504
508
504
507
514
501
522
490
508
512
510
528
526
508
494
514
511
510
507
504
502
519
522
523
514
519
526
526
522
526
520
535
530
537
530
540
532
540
546
555
541
526
545
513
526
539
530
541
539
543
522
535
552
535
521
546
537
529
543
545
553
533
543
536
546
538
537
531
541
533
546
532
541
534
547
531
544
533
536
547
524
547
533
537
518
534
525
543
532
527
525
525
538
529
519
529
526
532
525
517
468
526
503
508
477
512
489
506
512
504
500
511
505
508
505
503
517
515
513
515
507
515
511
509
506
514
511
503
505
506
505
500
499
482
503
506
506
499
490
515
505
512
507
512
511
509
521
518
511
515
529
487
520
504
514
503
513
501
514
525
513
517
529
519
533
498
507
528
514
515
513
510
482
499
475
496
495
513
502
515
501
510
498
509
508
501
498
514
506
495
498
485
470
486
491
477
482
477
474
483
490
485
500
495
491
495
486
476
487
484
463
465
475
488
502
450
495
485
489
496
496
492
487
480
475
499
474
468
499
495
496
506
498
492
494
510
497
498
497
514
505
513
516
519
517
536
515
525
517
524
512
515
521
521
514
502
518
528
517
542
497
516
533
529
527
542
548
551
545
547
562
542
560
557
570
568
582
558
564
553
564
562
560
566
567
560
564
571
573
563
574
563
562
540
570
554
526
564
557
560
554
529
550
534
553
556
547
556
535
537
553
560
557
551
544
543
547
544
534
536
538
546
539
557
538
549
534
542
534
552
543
558
555
553
554
551
548
535
550
544
538
544
505
539
506
533
533
535
527
545
549
537
544
536
551
543
554
535
539
534
545
540
533
538
527
528
537
534
537
526
530
554
542
529
542
525
542
526
519
537
530
521
523
525
527
519
533
524
524
529
533
535
541
531
543
535
552
530
535
536
545
543
546
538
541
545
550
548
553
546
556
546
562
549
566
553
567
551
563
554
560
550
559
554
562
550
560
568
553
557
538
550
557
555
541
556
554
543
553
542
543
553
551
544
548
542
549
546
543
556
548
541
547
538
544
533
539
546
544
537
536
543
542
530
542
536
542
534
542
530
542
533
541
534
542
535
545
535
550
536
551
535
540
546
547
545
534
544
546
535
547
538
547
549
550
536
547
540
546
544
549
543
530
547
536
532
546
544
534
540
533
542
519
532
537
525
537
530
536
533
535
533
528
535
534
528
531
521
533
527
531
528
528
524
523
526
526
518
524
516
524
518
512
520
521
510
522
519
524
512
523
521
524
517
526
519
532
21829
21830
21768
516
21692
21687
21824
21843
21742
21811
21699
21674
21797
21841
21672
21661
21762
21644
21637
21750
21610
21618
21604
21594
21573
21553
21714
21550
21565
21515
21504
21710
21790
21651
21778
21858
21727
21812
21533
21496
21743
21585
21626
21527
21680
21680
21779
21786
21789
21780
457
368
198
207
213
212
237
236
255
247
263
262
277
276
301
303
313
329
329
314
328
323
326
327
367
368
380
378
384
411
414
437
437
456
456
476
475
496
497
506
505
529
530
550
549
559
550
553
571
568
555
567
554
564
582
563
557
574
558
550
572
559
552
581
579
577
561
560
576
586
591
599
600
616
533
552
510
469
430
529
457
569
405
398
375
395
495
589
313
322
301
453
275
345
608
263
521
609
488
591
466
480
410
361
353
267
415
330
289
443
505
497
482
478
505
491
485
478
444
422
435
444
443
445
402
312
264
257
264
265
248
291
290
310
317
309
317
315
349
350
359
354
353
366
372
364
385
390
390
410
411
424
425
423
445
445
462
462
478
477
489
476
485
480
481
481
493
483
495
481
496
490
508
493
500
490
500
488
504
475
483
502
485
494
493
502
487
494
468
473
486
470
460
490
493
496
497
490
504
481
495
491
488
494
503
493
509
498
507
498
510
501
502
513
519
511
516
521
517
498
521
506
512
501
511
498
507
514
504
531
522
532
513
519
513
515
493
511
520
518
525
521
504
518
518
511
509
492
510
514
528
514
527
507
533
525
500
513
519
513
507
519
507
506
499
498
490
505
507
508
486
504
511
497
501
505
500
502
503
515
495
502
523
504
517
526
524
530
539
538
524
534
523
536
526
543
529
536
538
538
530
536
547
534
519
533
534
544
544
539
519
543
536
542
530
532
528
550
534
539
522
540
540
535
539
529
530
549
539
530
503
512
516
515
511
523
508
508
517
517
497
481
495
509
490
505
498
505
497
509
503
505
502
490
525
516
526
515
525
527
528
530
542
520
528
525
512
537
526
543
512
526
520
534
534
543
535
549
539
554
554
553
546
552
564
552
565
560
569
557
569
562
557
559
578
566
570
574
568
575
569
578
576
564
556
565
556
574
567
550
558
564
571
576
570
592
592
606
594
595
595
594
584
581
583
588
570
585
578
584
570
576
580
575
568
584
569
569
584
579
564
581
577
568
556
581
583
577
569
582
569
583
579
583
576
578
577
523
353
261
223
578
532
376
510
367
555
337
563
339
449
293
429
433
248
454
243
421
214
574
203
400
386
363
477
485
318
305
279
277
231
398
210
395
330
472
448
480
471
461
474
473
463
476
463
477
470
416
297
237
235
261
261
275
276
289
288
276
273
292
292
307
307
307
333
334
356
356
376
375
375
404
404
424
423
440
440
451
465
465
479
479
500
500
519
520
541
536
544
540
558
541
533
533
526
536
535
546
544
520
515
554
543
558
548
568
561
570
559
569
570
570
564
571
580
583
567
580
574
556
574
567
574
565
571
578
573
568
582
569
586
574
560
576
566
548
532
530
531
527
529
523
524
567
494
277
296
462
384
480
351
435
355
328
311
432
539
456
292
256
240
410
388
211
367
169
400
166
207
463
442
315
262
228
560
176
156
337
250
215
191
469
385
393
391
306
198
182
152
174
174
197
197
232
232
251
241
264
274
274
294
295
314
314
324
331
332
352
344
365
364
386
386
410
410
427
428
447
449
438
463
471
471
490
492
508
506
514
515
531
531
549
549
566
565
580
579
587
544
446
506
488
481
521
433
507
567
585
465
564
454
522
512
519
511
510
506
491
499
511
495
506
498
498
496
490
500
478
500
502
495
488
489
492
483
495
485
499
501
489
498
490
493
487
496
499
492
426
484
446
440
455
454
476
477
497
506
506
492
535
535
548
543
550
552
550
558
548
548
567
557
563
560
563
558
566
571
571
565
557
566
564
572
562
566
561
568
560
578
577
576
566
580
577
578
567
573
588
580
568
576
564
563
575
565
566
580
572
550
578
560
569
556
566
563
569
554
567
558
530
552
521
551
541
546
515
535
529
532
545
546
544
545
547
541
532
542
535
537
533
528
513
533
525
534
512
522
492
522
503
530
528
530
533
522
525
517
509
518
496
511
505
510
511
497
514
498
487
443
398
417
316
193
333
333
411
307
288
288
325
282
267
384
236
417
241
232
449
505
375
213
166
184
355
449
417
344
449
485
376
236
217
362
203
391
280
476
377
385
395
406
431
434
447
446
234
353
205
189
208
209
232
232
256
255
276
276
299
298
306
303
305
291
292
292
290
348
347
364
358
374
373
391
391
404
404
427
428
428
425
434
428
466
465
482
477
475
497
496
518
517
506
377
304
289
217
191
492
398
360
468
473
298
298
295
434
425
460
276
252
449
231
194
176
188
401
475
299
517
270
238
225
202
417
382
339
297
269
515
295
191
381
344
353
350
364
375
378
371
360
266
182
194
204
202
211
201
219
218
232
233
235
234
236
234
226
216
215
230
215
235
235
216
214
215
216
215
227
218
215
215
227
217
218
219
215
207
218
225
186
219
216
232
224
216
206
181
218
213
319
215
207
225
202
417
441
431
500
489
504
496
417
417
298
297
263
315
266
288
305
304
299
287
285
287
285
322
322
338
338
351
351
359
362
352
388
388
388
404
417
419
421
422
437
443
459
458
473
472
483
493
492
505
514
515
515
542
534
542
535
540
535
549
532
544
541
511
539
527
529
531
531
537
545
541
525
512
536
553
528
511
537
528
526
540
529
551
539
545
539
547
555
555
545
553
555
552
543
555
565
544
542
556
554
551
553
546
541
517
484
551
531
493
474
428
171
504
383
355
351
453
331
540
297
418
444
282
257
267
248
402
230
244
510
384
484
188
358
342
322
286
400
205
196
400
462
313
421
219
363
362
395
484
466
474
480
480
219
401
219
278
252
258
268
268
280
277
277
293
293
314
314
327
327
328
328
329
365
371
378
378
393
390
402
401
416
414
420
417
421
451
465
464
488
487
509
508
529
528
545
543
568
559
573
560
550
575
555
567
542
517
516
538
546
545
527
531
539
550
529
518
539
538
535
547
492
457
292
396
488
378
342
331
511
314
430
449
273
265
248
399
253
228
220
395
210
548
187
208
209
504
461
305
301
229
210
547
386
351
367
475
392
360
399
420
454
446
465
463
467
459
515
507
520
517
335
453
296
292
308
308
319
319
337
337
358
358
378
378
393
402
401
417
416
436
435
454
454
471
472
480
481
480
495
494
484
492
510
514
515
530
546
544
530
568
562
561
544
572
561
553
505
513
494
484
493
496
499
499
486
503
505
502
504
493
479
505
490
483
495
495
504
490
502
490
494
472
493
485
492
492
504
498
488
507
508
507
525
528
541
527
544
531
521
539
506
526
521
527
527
531
507
513
518
526
536
529
498
522
513
507
515
522
523
514
531
512
527
513
509
508
503
511
501
518
518
524
517
520
514
519
505
516
505
512
510
501
489
501
493
501
498
492
488
478
464
497
471
492
454
484
474
491
491
483
495
460
478
509
498
505
500
499
506
510
513
508
500
504
513
514
512
503
525
497
509
497
486
488
513
499
500
463
494
498
515
484
476
497
503
508
496
506
493
484
490
503
502
509
500
504
490
498
497
510
483
477
484
487
480
487
474
473
483
501
483
502
493
502
504
489
482
507
499
512
498
511
510
508
503
516
502
517
499
483
505
499
501
491
508
490
499
510
506
514
507
509
498
493
498
506
509
502
509
495
498
516
508
521
532
524
519
520
511
515
514
495
513
509
520
509
500
498
517
510
520
512
517
508
508
514
516
503
500
505
516
504
488
507
498
497
513
501
505
502
515
504
514
514
526
524
518
511
517
495
505
500
503
505
510
518
511
499
513
507
518
507
514
516
505
516
516
509
515
505
517
512
519
499
511
521
514
513
530
526
483
253
437
397
478
404
366
510
377
338
350
329
303
513
261
519
262
524
241
216
236
444
454
207
416
425
385
342
460
319
280
227
359
465
498
294
390
387
417
419
449
439
451
431
440
447
447
447
437
453
381
407
406
272
258
270
274
285
285
297
294
296
318
313
331
331
348
349
361
362
379
378
388
390
403
403
416
416
429
428
429
445
444
464
464
481
481
501
501
521
514
524
516
532
522
536
520
537
523
536
526
523
529
527
526
519
530
534
522
535
529
537
531
531
542
518
530
540
541
539
544
540
551
545
548
555
539
553
531
540
537
547
553
552
546
552
545
552
545
551
544
551
544
556
549
559
557
563
556
564
558
540
559
552
545
556
552
541
537
551
543
548
539
541
535
537
544
543
535
534
551
527
529
547
534
522
537
525
538
543
527
530
528
537
535
539
532
536
530
531
536
519
519
505
483
471
461
500
363
333
410
402
381
174
428
354
510
323
297
288
465
280
268
260
386
481
399
207
433
190
367
167
153
316
430
268
246
239
231
220
202
354
425
304
450
186
345
378
368
410
429
420
429
427
342
250
250
198
206
205
222
222
241
241
257
259
257
282
282
300
299
313
315
315
333
330
332
357
359
359
368
365
379
382
380
381
377
410
421
421
438
439
452
449
452
466
465
475
475
496
489
493
492
499
488
494
504
495
491
485
504
480
497
491
495
484
484
492
479
484
493
494
491
497
492
495
487
500
482
497
493
490
463
478
486
485
507
500
509
498
509
502
504
512
509
503
511
518
520
509
517
513
521
514
515
504
528
520
507
521
524
516
512
512
522
531
525
538
542
523
537
523
531
525
523
535
533
522
535
526
537
536
542
532
535
524
534
524
531
527
527
539
531
542
525
544
530
518
536
542
528
536
523
541
535
530
554
512
524
531
526
521
527
517
513
524
521
511
515
510
500
515
503
493
501
507
483
512
498
510
496
505
498
501
497
495
489
484
503
486
509
490
478
473
466
446
468
474
479
485
475
472
481
460
482
468
483
470
471
471
487
478
490
479
485
493
493
497
504
502
511
493
500
489
501
518
500
502
513
517
511
519
517
522
512
534
525
524
523
529
537
531
533
540
549
537
536
547
536
546
542
553
544
552
550
548
552
554
556
546
533
554
539
554
537
541
534
548
532
521
535
518
536
514
530
524
519
532
529
516
518
525
512
530
524
510
523
509
520
507
524
508
508
524
527
526
531
524
535
529
538
536
536
528
538
530
530
499
411
390
515
223
198
187
180
170
166
152
142
144
333
266
273
446
244
477
241
198
503
227
461
477
419
533
396
410
491
381
373
156
324
361
459
437
129
283
316
262
423
445
353
304
296
341
494
