102
151
162
148
140
282
322
336
361
85
170
362
417
164
337
423
419
417
522
523
520
571
598
592
593
622
573
709
708
701
703
724
722
747
749
805
619
739
710
596
801
971
974
973
970
1161
1264
1267
1161
1218
1420
1421
1552
1665
1624
1162
1417
1551
1758
1666
1803
1772
1840
1890
1901
1941
1935
1973
2052
2060
1794
2119
2121
1974
1843
2217
2229
2170
2164
2369
2413
2418
2545
2324
2540
2345
2451
2563
2553
2626
2449
2487
2467
2480
2518
2598
2574
2755
2640
2603
2466
2729
2693
2698
2680
2652
2748
2664
2602
2647
2605
2686
2583
2669
2671
2667
2754
2738
2727
2761
2708
2744
2675
2760
2767
2678
2660
2587
2695
2596
2553
2653
2600
2592
2617
2577
2543
2592
2595
2495
2536
2618
2385
2255
2311
2315
2312
2330
2375
2380
2364
2363
2354
2350
2376
2355
2323
2349
2308
2356
2313
2345
2271
2212
2308
2271
2219
2169
2195
2223
2194
2214
2167
2126
2149
2121
2092
2099
2086
2057
2050
2014
1983
2002
1944
1920
1838
1771
1708
1891
1823
1773
1684
1742
1638
1671
1616
1587
1592
1619
1532
1503
1522
1363
1391
1451
1411
1338
1342
1286
1192
1139
1256
1213
1159
1152
1170
1139
1146
1085
1073
1065
1087
1066
1072
1089
1039
1054
1073
1055
1067
1047
1069
1085
1054
1078
1067
1095
1085
1107
1047
1097
1096
1023
1066
1044
1028
1045
1032
1048
1012
1030
1028
985
1017
1017
1034
1013
947
1013
947
950
966
1015
1001
1022
994
995
977
992
968
1002
970
981
797
783
779
831
713
960
646
630
633
614
606
593
584
574
572
566
547
533
527
517
493
475
453
457
462
456
437
430
431
414
406
395
397
368
356
347
350
351
709
680
649
845
937
918
749
855
889
809
760
752
696
943
9
28
50
63
59
89
78
91
121
123
138
154
157
154
170
200
230
239
239
204
236
268
355
352
375
367
357
373
385
402
398
393
395
453
444
463
467
496
481
486
520
518
512
506
558
528
524
539
547
552
552
576
577
577
627
625
694
694
714
712
715
742
743
2378
2364
2335
2323
2294
2288
2284
2246
2252
2371
2258
2249
2228
2376
2357
2357
2258
2379
2341
2234
2187
2158
2123
2109
2087
2063
2043
2024
1988
1972
1901
1876
1855
1855
2379
2329
2371
2377
2175
2122
2100
2017
1959
1868
234
2197
2064
1891
226
2143
1855
1986
6
5
17
25
24
41
23
17
7
40
21
36
27
41
95
25
29
19
85
93
44
21
99
5
6
4
16
37
6
20
6
6
10
37
22
36
46
50
68
73
94
113
105
100
86
89
87
66
74
71
102
94
116
112
98
118
28
26
35
63
17
43
30
15
62
52
59
20
19
5
6
6
28
32
29
41
45
50
52
45
59
44
43
84
88
89
135
136
122
143
159
170
194
219
221
242
243
254
328
328
352
353
377
376
403
409
399
424
407
409
425
423
437
440
442
446
448
478
477
492
492
516
515
539
514
514
515
512
531
532
543
533
565
566
590
590
616
630
631
656
656
678
678
698
701
700
696
743
733
744
732
749
735
735
735
720
722
714
746
738
728
738
737
749
750
724
723
751
732
746
733
755
746
757
748
752
753
765
760
766
778
783
777
777
796
793
778
788
771
791
775
798
781
785
795
794
820
812
815
822
834
794
814
828
840
833
837
834
828
828
847
846
832
848
837
833
832
846
857
846
870
843
855
848
852
860
845
868
849
866
855
859
842
861
849
841
839
836
871
845
850
840
852
840
855
801
844
819
832
829
833
798
783
809
823
794
825
816
837
819
838
822
829
818
830
824
843
831
839
818
831
809
866
853
866
849
859
870
870
873
878
865
865
875
854
857
880
886
862
860
876
872
872
881
866
847
877
894
883
904
884
892
883
877
868
895
884
886
877
881
870
878
869
862
873
847
886
858
868
848
813
805
866
823
817
829
814
829
808
792
822
802
760
822
800
800
824
802
817
802
766
785
798
810
803
788
683
647
700
372
341
318
133
627
498
461
445
479
420
731
606
356
596
653
326
549
313
269
291
520
241
198
170
709
553
133
135
526
495
433
621
340
579
581
263
213
744
227
792
437
672
253
394
186
6
10
29
27
19
49
67
65
76
158
154
141
144
113
121
123
121
113
122
121
139
140
108
118
108
110
123
156
124
121
123
144
109
131
122
120
119
118
116
118
118
121
130
121
143
121
110
121
113
15
31
53
54
70
68
91
28
106
63
44
44
48
32
30
27
91
58
101
95
72
40
98
13
24
38
59
68
63
82
95
116
144
135
159
174
171
124
158
73
139
139
156
117
113
123
152
87
193
84
67
171
46
137
160
110
96
72
174
116
122
4
21
29
47
70
29
51
48
43
24
27
53
46
67
74
32
6
4
4
3
16
22
10
43
12
18
17
8
11
11
71
68
67
61
74
87
89
111
107
130
129
142
160
161
177
201
200
199
218
236
214
214
224
183
198
148
131
127
114
106
189
91
77
71
157
137
134
204
186
93
174
61
178
155
80
8
10
4
5
7
32
43
47
52
38
71
67
68
85
89
89
98
93
67
67
75
90
86
58
43
48
112
124
60
97
117
5
21
44
44
66
78
99
102
123
154
161
181
183
194
200
215
206
212
202
239
250
236
341
337
353
346
350
379
378
393
384
407
404
424
422
445
442
461
453
467
463
478
470
490
470
464
455
468
495
490
499
501
523
524
544
543
567
566
592
591
617
616
640
638
665
663
688
687
710
709
737
735
748
731
725
746
750
741
747
760
743
753
755
737
755
737
749
739
748
740
755
739
740
756
764
749
775
744
758
761
8337
8333
8339
8332
8340
8358
8349
8374
8357
8357
8375
8418
8409
8423
8407
8383
8361
8300
8295
8285
8280
8406
8355
8339
8415
8325
8381
8392
8315
8354
8373
8390
8370
8389
8366
8438
8417
8428
8411
8430
8412
8420
8409
8423
8408
8412
8402
8398
8408
8409
818
821
819
826
802
805
779
791
780
763
722
782
717
701
726
619
672
670
653
647
662
648
691
675
694
681
691
709
712
677
703
679
679
759
750
708
692
695
705
676
693
707
695
698
653
515
517
510
501
477
480
470
469
469
448
450
438
406
398
358
320
304
309
313
316
320
322
326
329
323
322
679
643
270
608
563
684
524
290
544
273
660
614
591
239
305
301
284
631
239
585
571
547
7
9
42
56
55
26
73
50
72
66
23
62
21
68
39
34
47
22
40
37
69
96
94
97
105
128
130
126
147
158
171
159
160
162
157
152
138
141
145
146
141
144
131
134
136
133
135
156
156
161
12
14
15
46
43
58
55
49
64
54
67
66
92
96
109
78
31
64
60
42
110
48
69
65
50
88
63
83
4
5
5
19
19
8
7
26
27
6
5
13
5
4
21
11
66
63
36
23
44
26
52
41
28
49
4
5
20
18
37
46
73
75
100
113
97
129
138
169
157
117
147
113
99
168
66
48
48
43
46
154
156
119
116
81
148
61
125
42
151
79
64
5
4
35
11
21
36
24
29
27
6
25
25
43
44
44
57
55
49
67
12
45
64
60
35
13
31
95
93
73
94
92
89
113
110
145
121
141
119
98
93
69
101
126
38
41
116
113
110
65
35
46
122
5
9
9
43
11
19
26
22
17
35
16
33
6
4
26
8
6
20
30
28
24
9
14
20
23
52
51
65
74
62
59
84
92
103
106
111
33
30
40
62
86
117
80
37
35
56
6
22
47
58
57
90
91
116
106
137
158
167
166
192
204
192
194
206
214
215
246
194
60
181
178
214
237
140
163
116
224
213
247
102
84
101
245
241
201
152
150
133
105
198
202
136
136
5
6
26
12
14
20
40
37
41
66
65
88
109
109
131
121
119
149
167
109
150
119
121
146
166
155
125
193
208
187
199
192
184
171
184
215
195
89
88
71
220
67
52
187
149
196
74
200
188
100
5
3
26
4
6
22
13
25
51
46
46
11
56
58
21
54
26
61
43
7
41
5
15
26
31
43
39
58
14
54
42
36
31
4
3
9
8
5
7
26
28
8
29
31
26
29
4
18
19
15
16
6
8
38
37
51
75
89
32
31
75
46
41
48
104
30
87
80
14
31
44
62
61
81
110
127
149
98
44
87
78
73
119
61
71
93
46
96
55
125
100
138
76
132
121
45
90
81
59
64
5
7
8
20
40
56
52
64
76
88
95
100
132
117
139
153
149
135
138
166
179
191
203
220
233
207
228
229
247
239
250
246
270
354
353
350
377
382
376
363
378
378
386
384
395
397
415
407
433
415
433
437
440
425
431
452
403
429
449
470
467
491
492
505
503
525
540
538
539
541
540
540
537
526
615
615
646
646
672
671
694
696
721
710
726
705
726
717
711
721
723
712
726
724
688
703
682
697
723
711
705
717
695
701
720
703
704
731
730
738
747
751
746
753
736
751
745
715
746
705
706
728
726
730
754
740
746
735
743
728
726
743
730
741
735
708
718
721
698
710
716
701
693
707
700
688
692
720
714
713
741
725
714
720
709
704
695
689
702
692
699
684
668
630
570
662
620
604
668
564
685
591
637
645
659
668
686
681
672
682
673
699
678
701
685
688
707
685
688
701
684
699
679
693
667
677
688
688
671
682
677
671
666
672
646
652
692
673
694
687
674
604
703
590
594
598
603
606
599
577
581
581
567
562
556
543
606
513
508
458
370
545
466
703
589
431
424
403
485
397
702
336
311
332
275
261
242
375
603
403
498
331
464
441
527
374
446
604
351
220
4
20
43
29
46
60
53
73
93
93
94
103
83
102
111
103
101
97
142
75
142
103
76
72
76
126
129
26
30
100
11
9
30
29
32
32
48
61
58
72
107
107
117
119
149
166
159
168
184
186
199
204
167
211
116
195
208
109
109
54
46
45
181
147
145
137
109
129
160
103
50
15
133
113
142
56
6
22
9
23
35
39
19
5
16
12
5
10
9
45
25
39
51
47
63
60
58
59
69
22
53
68
26
66
50
7
6
34
29
35
35
54
44
57
61
68
65
65
127
114
118
150
159
160
171
185
169
188
184
187
219
243
242
290
288
140
94
264
190
201
170
150
177
266
137
236
233
123
121
119
122
221
120
126
217
96
95
107
231
94
265
261
200
176
134
248
107
119
99
95
206
283
95
250
108
16
17
52
51
69
83
69
101
98
220
268
266
277
269
273
295
294
316
297
318
319
335
332
307
309
348
347
349
381
380
403
404
427
425
450
450
472
471
496
494
517
517
540
539
561
562
571
583
591
589
599
598
619
619
640
638
665
663
684
682
698
686
696
688
705
689
705
689
693
698
687
694
689
693
693
706
702
695
706
704
706
678
693
682
699
661
678
680
663
686
683
673
673
682
683
657
671
693
675
695
686
685
672
688
686
676
683
675
685
683
685
676
668
686
678
584
642
619
226
260
104
466
653
444
392
416
436
348
464
322
627
334
496
239
283
540
246
528
192
183
174
501
159
130
93
113
82
486
438
379
362
309
566
231
209
646
603
473
594
386
552
663
520
147
295
6
18
16
33
14
35
12
7
29
30
54
50
85
96
96
113
102
125
118
135
137
122
163
165
186
197
224
188
194
193
217
147
135
168
103
101
85
87
69
59
153
213
114
107
168
157
52
111
74
166
217
14
53
34
33
62
34
37
33
53
59
57
39
39
42
5
4
28
41
57
72
73
106
107
119
119
144
158
152
126
132
158
97
71
171
90
173
74
57
129
53
141
40
42
39
120
93
59
170
109
68
105
123
6
4
15
17
32
35
19
25
26
34
35
38
13
11
33
45
57
42
51
62
74
66
63
85
107
114
96
49
70
67
42
46
102
35
32
31
106
65
61
92
105
112
16
15
34
47
44
61
55
16
39
43
20
53
8
10
32
48
67
68
64
90
98
115
125
129
145
144
166
186
207
222
241
224
251
250
267
285
283
293
298
297
287
312
321
318
321
330
348
346
353
359
365
375
386
386
401
401
400
431
430
450
442
445
460
456
484
483
499
500
513
507
532
531
559
561
577
578
606
599
627
628
649
649
645
665
643
665
661
646
675
670
663
674
686
688
667
659
679
650
636
686
684
673
685
663
684
684
707
675
650
672
661
683
659
669
684
683
667
664
678
661
645
682
658
663
650
664
657
675
651
657
651
664
675
655
669
672
639
665
663
655
670
655
664
654
666
653
662
655
655
681
658
676
663
671
664
677
665
686
676
674
649
663
669
660
670
658
633
641
619
672
669
683
682
643
683
680
659
667
667
660
667
667
664
678
685
675
691
678
701
680
695
690
701
689
690
704
711
694
707
693
705
688
683
693
701
681
696
698
686
697
689
697
694
703
698
679
665
687
687
701
697
690
708
697
692
696
689
703
685
700
697
669
693
702
688
688
681
673
693
696
696
687
691
684
694
681
697
688
681
682
695
679
671
681
700
684
681
694
693
688
672
672
683
701
692
701
709
688
700
689
685
703
685
702
694
699
701
692
706
703
703
693
681
690
642
687
692
672
631
669
678
684
669
677
668
683
667
684
672
694
668
683
669
682
679
672
649
636
660
667
658
662
668
660
652
649
659
662
641
660
652
640
647
645
647
636
632
649
647
633
641
648
633
597
661
623
631
644
643
632
642
657
637
652
649
627
642
640
642
633
646
634
632
635
650
641
658
632
630
661
646
661
650
655
664
670
653
670
654
654
640
665
661
654
663
663
634
648
659
651
652
638
662
664
648
654
655
665
660
652
654
654
670
660
638
668
646
658
670
662
655
664
636
662
651
656
649
631
631
656
644
639
654
652
642
647
635
630
635
637
620
643
627
645
647
625
636
646
634
656
648
667
637
654
643
652
632
648
645
636
631
644
620
607
642
632
640
631
646
637
650
647
648
621
646
637
657
655
659
649
653
663
664
658
667
662
684
677
684
675
673
668
672
672
677
664
665
680
678
679
664
672
661
683
664
649
669
661
672
657
673
683
681
659
678
676
666
676
661
680
661
674
658
671
655
661
645
654
648
639
646
642
631
641
627
636
631
609
616
632
623
623
617
601
618
632
602
625
617
623
614
620
595
624
609
614
605
604
617
610
605
617
617
605
596
614
586
567
580
603
611
597
612
606
612
621
619
607
569
561
584
597
620
608
597
602
593
608
579
588
600
597
598
591
583
612
605
610
617
602
626
613
624
604
623
623
630
628
631
608
616
607
619
612
605
623
575
589
578
617
591
593
617
606
611
599
592
586
602
589
609
607
590
606
606
601
616
602
596
596
599
607
603
606
621
588
569
591
581
578
588
565
557
581
576
577
573
589
576
581
586
587
580
590
579
597
576
570
569
591
591
604
584
595
600
604
598
599
603
592
611
594
615
595
612
616
605
615
605
610
622
622
613
623
615
623
622
618
626
595
596
625
620
626
624
617
628
612
626
612
594
614
605
627
619
614
623
603
601
617
607
600
614
604
609
590
581
604
590
622
602
615
600
608
599
600
577
579
590
588
594
582
597
584
593
579
19641
19632
19659
19645
19664
19663
19654
19664
19672
19655
19671
19671
19667
19678
19689
19598
19713
19659
19660
19635
19617
19644
19548
19590
19668
19637
19676
19713
19572
19617
19570
19734
19735
19750
19743
19749
19736
19751
19730
19748
19740
19748
19768
19745
19762
19754
19763
19753
19771
19756
722
700
691
700
707
675
692
659
637
701
676
684
687
677
694
629
637
598
557
539
560
559
580
580
605
600
617
630
630
647
646
637
659
656
670
652
666
672
610
629
650
663
622
598
673
669
656
670
656
653
659
659
624
581
623
652
253
104
474
408
384
388
642
368
522
341
534
506
301
328
326
494
272
465
237
172
182
171
140
432
161
650
565
90
85
620
553
350
294
283
185
169
173
134
114
427
625
360
589
497
125
401
447
12
15
19
17
11
22
9
26
24
31
43
34
45
50
44
61
11
27
29
44
32
5
4
13
16
4
21
11
25
14
46
55
61
83
70
82
93
105
112
101
97
104
73
67
51
54
106
35
39
106
101
70
49
105
80
5
5
30
59
62
31
35
35
38
51
59
42
32
29
56
19
5
4
21
27
27
51
37
31
11
48
36
21
2
3
14
24
24
8
4
25
42
36
55
71
87
99
86
39
38
98
123
104
57
43
39
50
101
45
56
39
36
130
75
68
73
121
127
87
70
102
89
9
6
6
7
27
61
76
82
107
106
121
126
147
173
170
194
188
175
191
163
149
157
147
144
160
122
112
96
173
187
120
137
192
140
116
176
251
259
256
249
246
258
262
246
250
239
250
246
297
145
319
148
136
164
191
235
201
227
225
227
244
239
219
226
250
247
246
241
240
246
232
261
242
242
234
264
230
245
226
226
226
218
220
248
223
211
210
208
201
211
171
241
246
142
102
243
242
241
231
229
223
213
213
251
183
122
160
151
83
95
248
244
241
101
231
222
176
6
4
10
7
32
51
18
19
27
14
19
32
30
36
4
5
20
6
5
4
15
12
30
26
26
38
35
34
55
51
47
75
64
84
60
125
151
168
168
195
202
214
294
293
298
288
298
295
318
314
332
330
347
348
364
367
367
375
363
395
388
397
386
387
415
414
420
416
412
414
431
423
480
476
493
491
511
509
517
520
516
522
523
514
514
509
513
514
499
519
514
509
526
589
595
603
615
603
613
607
612
601
606
596
601
603
604
583
602
598
573
607
597
591
591
617
589
574
555
575
575
597
591
604
462
421
425
425
427
427
428
422
589
387
415
312
341
425
224
203
149
341
346
426
425
327
307
282
268
428
253
243
424
218
370
520
173
582
162
431
566
305
408
197
133
423
426
269
392
180
562
269
360
5
4
23
9
16
33
34
27
37
51
43
62
65
79
80
77
142
136
146
175
177
208
203
215
222
224
210
232
235
228
259
259
274
291
292
317
318
344
343
362
360
361
391
390
411
409
433
431
453
450
453
454
467
468
477
477
474
501
513
501
513
540
538
538
553
551
537
578
576
578
595
602
602
601
609
594
608
600
613
615
601
614
597
578
617
600
571
581
585
597
606
594
600
603
593
581
603
603
597
608
600
621
612
633
618
624
619
625
628
635
641
633
637
651
636
636
652
644
658
666
675
682
660
674
661
677
663
659
674
670
658
680
671
692
690
670
694
667
680
661
688
672
680
693
687
673
675
684
656
618
670
634
686
643
650
667
653
664
650
640
656
641
643
654
650
648
640
630
637
624
618
621
639
632
625
631
620
633
624
600
613
622
605
613
615
596
601
613
610
612
625
603
576
590
591
486
553
539
381
476
211
141
465
355
341
329
325
311
274
452
500
247
220
448
425
405
162
141
162
395
499
111
385
143
367
347
458
579
299
219
500
263
203
185
413
155
568
127
495
105
284
196
536
220
4
4
21
23
33
29
32
11
8
42
42
3
8
25
22
46
50
65
80
64
72
105
116
124
124
124
87
56
141
95
89
131
92
91
132
87
72
122
111
67
119
72
83
130
9
11
27
28
40
43
58
48
28
63
81
81
103
119
98
90
84
84
95
100
120
133
122
132
135
133
125
148
167
95
146
97
91
80
129
99
38
125
74
133
61
143
156
4
4
23
4
21
3
18
16
18
33
61
56
79
56
35
57
68
54
25
47
60
26
50
51
10
8
19
52
48
62
57
71
78
78
95
110
111
113
115
130
132
118
138
139
82
69
99
115
43
119
33
136
148
76
35
106
72
29
4
5
7
12
25
23
49
60
71
91
91
26
62
67
84
30
46
82
52
36
33
71
4
15
29
23
29
41
41
34
33
66
94
95
99
85
96
111
87
122
139
161
157
172
173
194
209
206
280
286
280
295
291
286
303
293
283
302
314
311
325
326
345
344
361
345
363
347
368
367
390
383
404
403
409
408
430
428
449
448
469
465
484
482
483
512
512
510
509
562
562
553
553
612
611
635
636
656
629
658
640
667
654
663
654
661
663
665
650
654
648
661
648
652
666
669
655
654
668
649
663
636
662
644
655
646
654
646
653
655
652
644
646
634
633
647
635
635
641
635
646
619
644
583
612
588
602
569
601
592
593
595
601
585
608
609
579
592
612
601
593
598
585
585
597
593
579
591
589
575
565
588
560
559
587
573
584
575
572
582
576
581
533
552
546
588
476
506
478
572
504
518
526
572
570
587
585
584
575
497
510
571
484
529
539
512
560
551
540
554
542
552
534
542
552
547
550
551
545
550
558
550
559
551
546
531
511
517
550
545
531
526
535
545
507
519
513
531
529
533
529
563
564
572
573
581
573
567
590
572
551
549
574
572
585
585
609
609
617
626
626
623
624
613
624
613
628
616
628
625
626
625
637
632
631
601
621
622
642
635
637
629
645
624
628
620
616
627
613
598
604
604
622
606
621
592
596
608
600
586
588
599
590
577
593
591
577
595
577
589
561
558
550
546
534
533
515
505
502
490
486
477
474
463
459
446
575
439
578
509
497
480
502
495
505
497
497
497
505
488
490
486
506
504
493
501
500
488
505
497
492
503
506
493
480
489
504
492
478
498
402
419
397
412
411
428
429
445
445
465
464
480
488
485
485
488
516
526
525
538
535
539
523
533
525
512
535
537
546
539
552
543
531
543
538
557
542
546
539
543
549
548
541
539
544
531
532
553
551
547
561
541
556
559
554
561
557
575
555
567
541
543
563
538
564
564
582
574
579
572
589
575
578
592
592
591
590
580
595
599
597
584
610
601
604
623
602
609
598
583
611
579
600
594
595
608
598
602
585
596
582
592
585
591
607
596
589
597
587
580
577
578
598
587
592
589
590
582
585
593
594
589
565
582
577
595
558
580
581
579
591
582
570
578
580
571
590
579
590
579
589
589
605
599
613
592
614
606
614
600
612
603
603
617
603
616
608
617
610
626
609
608
611
620
622
608
591
615
614
626
610
624
610
613
626
587
610
607
602
596
608
620
609
603
595
623
608
600
604
605
598
583
600
598
580
582
582
575
552
561
582
580
576
564
573
574
574
566
572
577
572
578
573
551
564
576
569
544
582
564
559
551
561
547
556
552
562
577
550
574
537
553
544
548
528
545
532
537
553
542
549
559
548
539
542
542
560
553
536
544
541
550
556
548
564
536
545
548
533
522
536
528
543
526
536
540
544
535
514
538
537
548
539
544
553
545
528
556
536
536
548
530
556
552
556
484
504
519
496
403
384
536
362
351
362
329
326
304
274
256
471
253
231
296
238
330
203
202
187
145
431
105
120
77
498
180
91
392
552
331
283
263
460
543
215
415
154
170
362
477
440
142
465
422
7
29
28
42
45
55
56
69
116
105
117
134
189
178
190
207
202
214
219
218
235
234
252
251
267
280
267
289
279
282
307
307
321
323
311
329
329
319
324
359
352
355
376
376
391
390
393
417
418
439
438
456
455
472
470
473
489
487
488
523
529
523
511
534
541
531
544
532
540
532
521
537
530
550
536
550
543
543
540
562
548
546
554
562
560
563
561
524
536
525
543
552
562
565
555
548
554
575
558
578
574
581
570
581
587
597
556
587
582
586
584
597
576
596
589
604
587
603
592
594
610
580
595
605
598
584
594
604
593
594
602
577
587
593
601
594
603
613
612
621
590
608
607
615
612
601
589
600
594
606
594
606
597
591
603
599
593
597
597
604
603
593
505
537
414
479
206
529
405
380
371
336
328
314
478
297
268
276
549
235
578
221
457
192
158
141
430
451
119
91
420
569
515
395
359
557
496
290
246
184
441
156
111
181
600
349
227
473
128
254
4
5
5
19
22
27
35
36
31
47
21
52
26
19
24
40
27
48
42
4
3
4
18
18
31
11
21
20
32
23
10
40
57
68
64
71
75
68
108
100
108
121
130
141
143
146
173
161
181
151
53
145
121
110
102
90
109
72
70
150
181
65
147
44
161
137
179
87
67
61
149
55
42
117
101
153
155
4
16
26
35
35
54
58
52
67
77
61
57
65
88
82
91
96
94
17
63
58
34
98
18
100
62
98
72
31
3
4
3
11
14
23
40
41
60
72
72
54
77
90
95
72
66
68
73
55
34
81
70
93
15
59
4
3
14
23
6
12
17
3
9
12
22
30
17
30
42
25
27
18
40
15
18
2
9
5
5
6
6
5
8
5
23
10
22
4
19
11
26
41
60
69
70
55
44
67
43
58
64
33
51
46
42
68
35
4
16
15
21
31
31
41
28
33
25
20
39
21
16
49
80
52
70
54
53
49
64
21
67
38
60
51
44
41
6
10
13
10
35
35
16
18
24
33
36
47
15
40
37
24
38
21
32
41
58
4
3
21
6
20
23
4
7
19
46
48
61
87
82
64
53
84
55
41
38
24
41
79
38
74
87
57
88
31
98
77
52
21
3
24
34
43
59
75
85
101
111
109
111
108
123
131
121
149
153
111
155
137
109
163
140
185
171
156
112
129
128
127
123
148
56
138
170
166
182
183
124
30
13
19
15
21
45
18
19
16
41
46
34
13
4
4
3
21
29
22
40
49
50
57
55
60
58
70
84
79
102
99
121
127
146
127
100
46
91
71
131
119
67
115
57
59
54
48
94
87
69
65
130
139
99
61
117
6
3
38
22
38
55
53
76
75
98
95
100
98
115
129
137
128
151
144
162
161
156
214
255
239
258
242
261
260
267
264
278
280
288
288
277
271
274
304
303
322
320
324
315
334
333
332
355
355
371
371
389
389
406
403
422
423
440
441
461
462
480
473
487
491
490
511
511
526
525
522
546
545
546
559
542
529
549
546
541
545
540
547
537
544
545
552
528
537
524
535
527
538
522
530
519
527
532
541
534
525
518
528
531
529
530
519
526
516
518
508
516
515
501
515
516
508
527
514
514
525
517
517
516
517
529
514
508
518
529
525
544
540
546
542
552
530
544
555
554
531
544
523
545
540
526
547
539
541
541
550
534
549
522
536
541
534
531
535
543
538
522
535
534
531
516
508
532
522
507
515
528
527
534
525
512
531
522
519
495
541
509
507
502
488
499
509
510
504
511
519
520
509
515
504
500
515
515
519
504
506
523
509
513
509
531
523
19663
19674
19675
19657
19708
19707
19719
19717
19727
19744
19715
19715
19701
19722
19722
19742
19737
19723
19702
19750
19702
19702
19747
19749
19730
19740
19723
19739
19734
19742
19742
19735
19725
19747
19736
19747
19733
19726
19741
19739
19747
19749
19741
19744
19738
19750
19737
19751
19723
19745
610
599
607
587
550
560
572
548
553
542
536
549
544
533
516
529
516
495
498
507
507
498
532
527
538
530
536
516
523
531
526
529
523
539
527
546
531
554
549
539
549
570
531
551
544
551
544
541
536
536
526
524
530
504
502
552
517
541
504
553
541
548
559
552
547
561
553
551
552
553
586
527
493
579
351
545
220
163
137
383
383
481
469
561
344
458
332
272
302
270
231
222
543
433
217
218
201
409
175
164
155
390
208
501
403
98
368
349
330
223
559
186
507
151
339
443
416
515
150
320
10
9
27
38
44
45
57
75
89
90
86
131
97
58
54
100
96
98
94
123
82
78
108
72
70
108
59
111
124
66
136
60
107
59
112
55
56
100
89
77
80
110
65
69
60
58
56
108
134
97
59
57
100
151
60
3
5
22
8
4
9
11
24
37
52
53
70
78
71
72
92
89
109
97
99
86
75
71
51
73
25
31
87
109
110
111
45
84
29
47
5
19
8
17
6
3
4
5
15
13
26
4
21
17
5
3
5
18
7
5
40
40
47
66
82
97
96
124
127
148
148
167
145
132
56
151
121
122
119
104
99
166
136
102
150
138
97
79
96
77
72
128
75
52
167
94
131
55
162
107
147
63
5
17
23
33
24
46
47
49
59
65
25
8
14
45
16
43
39
4
29
35
29
43
32
33
43
61
72
66
85
79
83
101
78
80
109
104
96
111
78
52
48
79
49
43
107
78
79
98
59
44
68
45
8
22
31
40
32
34
53
57
71
24
67
35
64
39
62
57
64
16
19
47
17
41
57
58
58
53
67
67
85
90
96
92
94
91
124
137
131
129
137
147
150
79
68
67
97
65
61
60
90
47
133
34
94
83
126
98
77
37
44
63
146
15
40
52
61
62
79
74
94
63
45
41
83
21
40
72
89
93
70
85
60
23
36
4
3
5
3
25
16
4
14
34
18
22
32
5
23
4
17
21
20
32
22
17
38
28
7
6
8
21
27
42
45
26
49
58
54
60
83
92
96
95
121
127
126
89
74
46
76
64
63
93
128
42
102
88
86
37
109
66
117
44
95
45
4
6
4
3
24
9
6
20
38
18
27
41
50
51
60
58
74
70
82
102
111
119
128
126
124
147
149
149
151
183
186
197
207
204
232
269
292
296
294
302
298
313
311
320
312
324
333
325
330
337
329
332
335
350
337
349
369
361
376
361
366
376
375
390
399
398
414
411
413
444
442
449
449
463
464
482
482
496
494
508
507
521
526
521
526
534
542
549
549
540
551
547
548
551
543
537
530
553
544
528
552
550
549
546
566
549
537
530
534
543
552
512
522
540
539
567
552
556
552
567
567
543
558
564
557
553
548
528
531
532
526
517
512
487
536
558
458
432
555
456
458
424
513
477
483
488
492
510
502
498
511
511
499
511
503
520
522
494
490
497
539
485
477
452
455
475
477
476
496
487
491
488
497
487
498
487
491
450
452
398
450
432
432
453
454
473
474
489
490
498
480
498
498
530
528
546
545
551
537
552
549
532
558
554
522
531
522
521
540
521
536
528
537
539
545
538
551
558
550
533
563
547
560
566
562
560
574
556
563
555
565
558
570
554
567
551
552
563
548
567
557
577
574
568
561
564
574
577
572
541
560
562
571
573
554
573
567
571
568
565
583
581
592
577
574
597
584
577
523
579
553
537
528
551
573
580
563
562
575
566
561
568
569
553
547
524
504
563
558
489
484
517
534
548
559
547
536
550
548
560
539
553
549
566
554
574
568
567
547
534
554
551
559
556
554
552
544
555
553
535
557
534
537
554
565
553
554
566
565
554
574
565
572
573
561
519
534
520
531
525
528
554
555
577
565
573
574
548
560
575
567
551
555
540
569
554
550
557
555
560
571
545
557
550
544
558
553
541
553
514
516
514
500
476
544
516
507
486
521
534
536
530
535
528
516
524
536
535
524
541
521
514
532
517
525
534
514
541
529
535
522
538
529
534
520
534
530
490
538
532
504
502
477
519
518
524
491
523
515
527
492
512
514
511
527
526
538
545
537
547
528
540
532
532
523
542
536
546
542
533
537
537
554
546
554
553
553
546
557
544
554
542
544
555
551
552
544
567
541
515
538
537
557
563
564
580
578
571
550
579
568
567
579
584
586
580
585
583
591
575
594
576
589
568
578
582
582
574
582
569
566
576
571
563
570
559
572
569
572
567
578
580
567
573
566
544
553
557
578
565
550
566
556
566
556
570
561
571
569
581
563
547
569
536
559
545
545
549
554
543
554
547
558
557
556
551
558
556
551
554
553
544
564
552
566
559
559
542
268
464
108
400
491
376
508
354
321
370
345
299
286
303
528
272
477
475
241
496
226
215
202
196
175
421
149
117
111
417
91
387
515
550
282
257
427
150
141
162
77
477
331
467
234
445
316
180
4
4
23
12
29
29
49
58
71
137
122
120
119
137
121
140
164
164
157
148
154
157
160
162
166
167
171
158
167
176
182
184
169
150
149
152
153
151
152
154
157
162
167
169
167
165
156
170
171
159
164
175
160
170
160
164
167
167
150
157
175
170
169
169
3
11
12
8
20
23
6
23
22
35
42
53
65
59
68
82
33
47
52
36
83
54
64
75
67
76
29
17
10
41
21
9
9
26
20
7
30
14
18
31
4
3
9
7
5
11
27
29
52
17
14
45
43
33
54
40
32
21
11
7
4
2
10
3
10
14
26
32
33
45
35
36
33
66
52
33
58
23
63
48
18
21
8
6
10
8
5
2
23
4
7
5
17
28
31
42
54
51
63
75
72
88
109
127
138
153
166
165
168
165
176
152
122
61
116
169
119
105
98
91
89
133
81
78
65
153
77
168
61
134
128
82
81
121
149
113
108
152
124
121
17
35
28
32
30
51
54
42
85
82
82
54
95
87
84
85
100
95
96
83
80
95
94
97
100
119
141
165
146
144
176
187
196
194
206
211
223
223
242
242
262
258
273
287
287
304
301
303
319
320
319
348
347
358
367
368
388
387
408
407
430
430
437
436
452
451
443
467
466
494
496
507
507
530
529
567
567
579
576
594
587
503
568
450
540
400
326
257
557
113
583
521
363
368
346
332
459
311
541
284
448
268
422
226
212
243
210
182
586
504
138
408
104
378
303
470
260
277
522
410
166
113
388
482
301
438
192
548
129
16
23
31
27
13
29
19
25
29
13
15
26
46
41
45
69
44
57
47
20
18
53
44
65
28
12
10
24
35
34
28
31
43
34
16
14
43
37
4
21
16
18
21
41
39
57
53
57
59
72
58
72
76
57
67
47
85
77
26
18
17
49
68
86
31
29
4
3
8
19
18
36
51
52
68
70
76
94
103
96
110
127
135
136
147
158
174
172
173
140
114
67
156
125
150
115
153
104
104
91
165
75
148
183
75
65
138
66
161
64
123
116
112
87
86
78
125
103
66
168
141
12
11
21
42
40
57
72
84
89
97
67
95
35
78
59
45
76
95
28
63
65
59
56
47
36
73
60
48
3
4
16
14
21
23
22
30
29
50
39
56
69
83
85
84
91
93
115
113
126
127
129
142
142
134
156
150
60
110
106
103
140
102
83
124
85
62
152
121
59
154
41
153
105
143
101
71
128
55
109
108
69
22
16
8
33
23
9
27
24
26
32
8
22
20
39
10
29
28
25
13
37
8
8
6
11
4
41
7
28
25
27
34
48
61
48
66
62
50
74
37
71
24
60
49
58
45
28
26
8
33
34
52
71
72
92
48
71
85
44
41
30
18
20
64
53
49
37
23
67
91
89
61
8
12
18
15
5
4
3
3
18
16
25
26
13
10
23
10
32
15
4
3
25
26
35
45
53
44
32
45
25
44
35
35
26
3
2
25
17
24
25
38
51
39
36
43
29
41
35
30
41
37
11
42
11
49
7
7
24
23
33
39
36
54
51
32
33
23
49
27
46
14
58
68
29
15
7
11
23
8
26
30
12
15
7
35
34
53
45
63
66
58
63
44
63
42
24
68
62
43
4
16
23
29
43
54
53
60
51
25
38
60
52
66
37
35
49
64
37
3
15
28
35
35
43
45
47
55
65
66
71
81
52
22
55
58
68
37
23
32
80
66
39
56
34
56
34
35
51
74
95
108
103
84
68
54
60
116
51
105
101
90
46
39
37
46
108
82
74
66
63
108
71
52
111
40
36
70
47
3
2
5
3
12
8
28
29
40
41
58
61
76
77
87
79
76
43
33
85
42
70
27
62
77
55
59
60
33
25
26
40
30
21
27
32
37
35
18
5
4
22
23
20
36
32
41
41
54
63
64
77
62
83
92
92
109
121
129
128
120
137
149
140
50
38
88
99
78
134
73
139
116
150
48
41
97
117
50
49
86
100
59
4
10
13
34
33
47
55
59
81
76
78
79
107
113
112
125
144
144
149
149
125
122
151
159
146
142
152
183
141
164
177
162
161
172
144
178
128
124
107
95
75
176
153
181
144
129
171
110
51
40
132
175
41
4
16
29
35
37
49
38
26
47
23
31
26
36
25
36
35
78
78
106
122
139
136
134
160
170
146
145
157
172
148
155
158
209
249
248
263
260
263
256
257
258
288
287
304
298
310
310
328
328
336
335
354
338
350
349
352
359
352
310
302
298
294
294
299
301
294
298
355
199
152
303
290
278
353
303
240
239
219
231
294
206
185
176
358
170
141
121
299
112
349
303
303
297
295
261
260
302
291
300
298
128
271
352
161
207
15
26
35
34
51
63
53
54
79
90
90
85
76
88
64
49
77
46
40
48
35
74
76
79
52
37
59
90
4
7
8
19
16
21
42
43
46
58
62
74
72
92
104
103
121
121
141
142
137
161
162
178
183
204
203
211
239
242
248
248
244
268
259
272
263
278
268
276
287
289
280
296
300
304
303
315
322
328
319
322
337
345
340
341
354
368
372
372
362
361
359
355
361
290
246
182
361
352
350
318
362
303
285
272
367
237
360
362
213
192
354
155
141
148
108
138
79
155
352
361
331
317
362
255
218
173
354
97
362
361
342
361
267
369
219
86
199
116
4
14
13
28
27
30
28
26
33
33
34
37
105
179
162
180
171
190
198
197
189
195
231
230
248
246
264
264
280
281
293
294
297
307
316
326
327
345
346
357
366
363
361
357
394
394
409
409
418
417
419
450
451
469
469
488
487
505
504
524
524
539
538
547
539
530
544
540
527
537
541
531
537
533
536
538
515
535
527
525
539
542
519
539
529
536
544
530
530
534
543
535
548
530
539
529
539
537
545
518
536
529
536
529
538
525
533
526
535
534
523
537
529
516
537
533
538
523
538
515
526
530
524
527
517
525
527
530
527
523
538
529
534
532
543
540
531
538
525
514
524
526
522
518
530
531
524
537
528
534
517
505
501
516
503
484
527
520
518
512
525
521
509
519
514
509
506
525
513
513
509
522
510
509
524
508
524
515
528
515
514
519
501
506
524
518
510
523
516
533
525
522
519
537
503
508
516
505
505
498
510
509
521
500
520
497
504
497
512
493
496
499
496
478
471
506
477
481
495
493
498
492
500
498
499
489
455
435
452
404
393
487
433
436
494
432
447
468
437
412
446
472
457
476
484
487
472
474
477
474
485
482
492
480
491
477
489
482
489
478
476
486
479
481
500
490
497
497
487
477
471
507
475
492
487
481
499
495
477
477
488
486
490
484
513
512
519
527
535
528
520
480
516
518
496
487
489
499
477
493
492
493
469
481
476
493
482
490
487
489
497
503
476
494
488
494
486
495
489
493
491
477
501
477
466
485
20484
20496
20502
20485
20523
20504
20529
20529
20533
20543
20548
20528
20539
20538
20545
20553
20540
20535
20546
20555
20540
20556
20553
20558
20560
20562
20549
20562
20555
20554
20561
20557
20564
20559
20514
20532
20563
20527
20538
20544
20543
20552
20544
20547
20544
20547
20569
20556
540
547
545
529
528
520
530
514
499
493
518
518
510
514
515
513
504
532
510
473
461
427
436
487
510
445
466
481
502
489
502
503
500
501
492
487
463
462
483
482
490
498
492
507
489
500
486
470
456
490
451
487
490
498
486
489
484
487
484
489
469
481
487
477
462
462
476
481
501
434
447
441
447
470
468
486
486
501
501
570
557
569
560
571
560
580
573
576
572
581
572
569
570
561
539
554
556
555
555
574
567
584
584
585
574
588
589
590
581
576
608
588
589
587
590
601
599
577
590
580
587
588
586
588
587
586
584
589
524
525
509
528
521
516
508
505
518
523
510
516
511
516
487
507
499
514
516
512
522
508
516
509
513
525
513
519
516
509
506
515
506
499
499
504
523
511
521
513
509
495
508
519
502
517
507
488
501
499
511
511
489
492
483
491
494
508
510
504
498
486
498
513
479
484
493
492
504
502
504
491
500
488
500
481
471
495
487
491
496
509
500
512
514
497
496
489
494
486
488
485
497
494
487
500
470
497
497
486
472
492
477
490
483
497
503
494
486
494
502
496
504
493
510
501
480
508
504
517
506
508
504
492
498
494
510
500
508
499
518
503
510
505
517
510
504
514
519
500
507
508
512
513
519
516
521
522
498
499
495
515
510
504
457
482
497
472
465
503
491
499
495
502
481
489
479
498
484
488
493
489
493
489
500
476
494
483
490
485
470
474
481
488
475
487
479
478
482
486
485
480
496
488
480
489
483
490
488
505
489
505
486
485
459
484
481
481
504
496
486
500
483
497
478
494
502
497
504
500
509
502
516
516
525
519
528
515
528
536
536
538
539
532
525
531
538
531
540
551
545
544
518
533
550
513
549
545
554
550
555
549
566
558
563
556
576
564
576
568
591
576
601
564
594
549
588
561
582
537
594
601
601
591
592
601
598
595
590
594
594
611
601
622
620
611
621
619
590
614
605
615
611
632
597
609
615
615
608
603
611
622
606
613
612
604
597
611
605
593
595
602
572
576
586
568
586
558
576
575
562
556
523
581
419
476
374
371
361
352
348
344
329
325
322
323
461
297
250
245
244
233
228
224
571
261
271
443
504
398
535
548
388
450
218
296
212
189
429
512
183
161
530
411
398
198
278
497
173
307
3
21
17
41
39
55
62
66
67
70
29
69
26
50
42
72
38
16
18
49
5
18
19
26
35
21
6
24
12
28
42
41
58
55
61
72
70
81
99
113
109
123
110
108
106
136
138
121
124
88
74
141
89
84
144
48
132
43
27
128
113
126
21
101
55
22
134
115
98
46
111
102
9
9
12
6
4
20
23
45
40
53
51
68
54
74
57
27
25
43
64
22
42
12
12
32
43
55
62
70
82
82
90
91
88
77
41
76
25
38
54
59
45
70
66
5
18
34
38
54
63
62
83
103
100
129
69
112
88
71
66
54
46
45
42
38
121
80
78
127
113
119
48
112
104
99
132
108
24
22
43
41
55
55
80
67
50
25
37
15
39
77
59
56
4
16
18
39
37
12
72
68
14
28
56
45
20
17
41
72
6
15
30
35
50
51
64
77
75
105
98
61
66
67
85
54
88
105
91
83
85
109
108
143
129
132
127
79
109
100
36
72
69
48
134
34
101
73
48
128
38
10
9
20
40
54
46
59
51
68
70
96
86
105
116
127
106
57
46
83
80
65
114
55
81
81
43
107
97
100
46
48
77
49
5
6
4
5
22
18
47
31
24
51
15
24
27
50
28
13
30
7
6
3
13
11
4
11
9
28
27
51
55
61
60
74
86
79
103
102
74
57
38
91
54
89
77
39
69
42
104
57
98
76
10
21
9
29
39
51
43
57
29
32
37
40
50
66
65
67
84
89
64
95
71
72
63
75
78
22
35
20
68
64
32
47
51
76
4
20
31
24
37
22
35
33
23
3
3
7
6
18
27
15
23
30
20
33
14
15
41
6
23
46
59
46
48
49
91
98
115
114
115
143
161
166
160
116
79
57
55
136
124
96
70
127
56
54
50
109
105
100
69
131
43
168
166
133
117
102
3
12
11
31
29
60
20
59
30
29
24
26
18
44
33
36
22
57
55
52
5
3
26
25
36
42
39
46
40
36
56
49
72
55
72
49
37
62
37
43
40
43
46
49
46
59
38
6
5
11
19
19
54
47
54
46
63
94
93
103
100
74
39
36
30
27
59
42
97
44
87
33
91
5
4
20
5
3
32
14
5
15
15
3
9
22
18
10
17
22
4
4
17
13
13
8
23
5
14
27
4
4
4
14
14
27
24
7
15
9
7
25
36
28
29
61
61
71
63
73
93
101
116
114
112
98
47
68
114
70
113
97
58
65
86
86
83
80
84
114
71
66
57
52
53
50
3
15
19
37
31
35
29
67
54
19
58
57
44
53
65
65
11
9
22
22
34
32
37
5
19
13
41
55
40
40
31
27
33
52
42
28
19
32
19
48
49
69
71
95
104
81
104
95
106
83
120
106
112
126
107
113
66
56
53
119
22
47
91
110
108
99
49
4
15
33
31
22
35
22
20
27
5
21
21
23
34
10
18
37
11
9
28
38
57
55
64
78
89
83
52
58
89
57
92
106
55
41
39
44
70
50
65
87
28
102
20
4
15
17
7
9
11
12
8
6
28
11
7
18
31
31
23
20
51
43
54
41
23
43
50
47
40
51
3
9
2
6
7
26
22
30
25
20
24
57
58
53
76
54
61
73
83
77
70
105
110
124
124
142
153
144
162
176
211
210
197
217
223
222
237
236
251
251
267
269
282
283
278
278
303
310
310
309
315
324
325
326
329
351
349
361
362
371
365
380
373
391
389
390
417
410
425
426
441
440
441
468
469
482
483
497
497
509
500
509
483
494
505
511
483
498
504
486
497
503
498
490
496
482
490
500
496
498
484
509
504
494
515
509
519
505
511
504
519
504
516
505
504
503
501
507
505
496
489
510
500
491
500
508
517
513
499
510
525
518
526
524
540
533
546
521
530
506
520
524
520
520
524
509
532
512
524
525
533
538
494
513
514
509
518
506
517
505
519
517
510
515
509
524
519
527
521
536
522
497
496
495
503
520
515
526
518
531
516
520
534
533
521
520
520
531
533
511
523
529
537
538
544
520
539
521
521
526
534
536
522
536
535
512
532
522
522
515
525
514
520
514
517
511
527
512
526
513
519
520
524
522
509
522
521
506
517
503
500
518
498
509
502
485
512
502
488
499
495
488
498
488
508
500
506
500
505
493
497
505
493
508
491
506
506
497
506
524
507
515
508
500
510
504
501
512
511
509
513
511
516
515
518
505
499
507
496
521
492
514
502
508
497
515
513
513
498
497
509
505
511
515
508
522
510
518
513
519
523
505
521
510
515
523
493
503
522
501
518
512
520
514
516
511
509
527
514
515
530
507
526
519
524
518
533
521
524
495
485
493
525
513
525
516
525
519
537
530
529
522
504
518
511
515
493
510
504
511
502
509
511
512
506
524
514
526
514
526
518
520
530
494
525
502
516
525
515
526
511
515
521
521
508
515
526
526
523
513
523
522
515
522
534
534
507
519
524
522
522
520
522
522
519
535
520
519
509
535
521
529
520
531
518
523
507
500
514
508
516
508
518
516
514
505
506
518
524
531
523
529
521
509
530
518
527
507
514
527
528
514
527
521
528
521
529
512
523
526
531
524
535
533
533
530
533
542
542
524
541
534
549
533
533
529
543
529
541
536
545
531
536
529
541
529
526
538
523
533
531
524
532
525
542
529
539
529
547
527
537
552
542
555
544
554
550
546
538
545
527
470
464
453
450
440
482
418
372
332
545
232
397
131
351
509
316
308
297
277
425
404
264
246
384
229
194
216
519
184
164
143
125
349
516
473
281
257
490
369
149
357
443
322
443
246
171
539
0
