24
72
27
37
103
105
157
118
155
124
156
135
151
141
151
128
108
115
106
96
97
106
109
98
123
103
106
96
107
127
116
133
118
102
107
120
117
91
114
108
106
128
148
123
149
126
195
185
169
197
203
178
202
184
177
170
158
210
199
182
176
227
162
200
160
172
187
215
196
212
202
211
194
186
139
162
176
163
185
172
202
173
171
197
183
173
177
134
162
128
157
141
116
133
102
119
104
100
104
116
103
113
114
93
98
99
108
91
68
61
81
100
92
57
108
97
94
87
93
63
72
72
89
89
98
99
80
95
97
104
90
100
93
101
92
87
99
90
97
90
98
86
88
92
97
89
103
93
84
103
90
108
95
103
97
96
58
111
84
73
51
95
82
100
89
94
96
76
80
78
92
97
76
100
87
89
82
92
90
83
105
90
83
82
82
89
101
93
100
89
99
97
99
136
134
140
131
139
121
137
129
136
98
76
92
91
93
97
84
95
90
100
91
105
100
107
103
109
101
89
35
56
49
69
29
77
14
107
99
4
17
17
30
33
44
48
58
60
57
52
76
86
89
89
84
91
68
95
79
75
82
80
90
83
93
82
95
86
103
105
87
97
78
91
89
71
104
99
101
86
91
103
89
89
75
98
92
87
93
85
97
82
88
81
75
90
78
67
83
73
82
79
69
84
78
82
74
101
85
96
90
78
73
82
66
43
78
58
52
17
32
16
42
3
2
8
3
16
27
26
22
43
41
57
61
49
55
59
72
70
37
70
41
57
27
16
77
32
73
64
8
5
27
26
23
44
54
53
63
66
61
73
72
88
94
88
84
96
82
94
81
89
78
84
89
89
84
86
82
99
84
88
69
81
92
87
91
79
91
83
80
91
94
79
92
92
88
95
93
74
90
91
79
81
86
92
81
92
84
81
85
73
79
91
89
80
76
83
77
70
86
84
90
75
89
82
97
84
93
95
80
7488
7484
7511
7497
7485
7503
7488
7497
133
7526
139
126
105
101
48
112
93
114
98
62
21
19
27
19
46
69
67
95
92
101
91
79
86
104
106
97
75
94
71
83
96
88
96
75
74
73
82
81
78
78
97
89
105
91
96
103
102
115
90
98
98
84
95
90
98
83
74
97
92
91
90
97
85
72
80
94
91
85
87
83
78
94
74
86
85
92
82
85
89
89
83
95
93
94
84
75
96
90
81
94
90
97
96
102
101
101
102
113
112
109
103
113
106
117
104
103
97
83
118
114
98
110
92
108
100
92
106
109
98
99
110
84
100
85
93
106
103
107
93
112
113
122
120
118
109
115
122
121
124
121
118
101
113
108
116
101
111
101
112
94
115
107
104
110
101
97
110
109
98
112
104
105
113
128
113
108
108
118
106
117
104
101
115
98
110
122
112
116
129
131
129
120
124
132
123
117
109
116
106
97
114
107
88
72
110
122
119
131
120
129
135
134
148
121
125
120
116
103
114
112
93
85
101
110
101
109
106
97
82
101
99
91
94
105
101
83
96
99
95
97
88
95
97
107
89
99
91
97
79
86
101
91
101
89
76
102
91
103
88
108
102
113
100
107
103
108
104
114
99
112
100
106
113
117
101
110
116
114
102
86
112
106
95
103
92
108
107
96
98
100
99
83
111
103
76
99
90
91
61
91
78
65
47
89
93
91
92
102
99
80
86
95
95
111
99
104
96
108
95
99
106
108
107
110
106
113
103
106
101
104
96
103
96
79
98
93
91
67
79
100
93
87
84
80
89
90
96
89
85
85
104
93
104
107
98
107
86
94
107
98
103
85
102
95
97
107
89
97
88
79
97
93
87
99
86
100
92
106
86
83
83
84
95
76
82
67
82
94
63
36
88
53
47
72
32
80
31
79
46
66
55
39
56
45
60
59
75
65
65
64
65
65
94
84
83
100
95
68
91
94
92
85
114
110
125
115
121
119
136
97
112
113
117
124
84
118
95
68
57
80
38
45
109
27
6
12
21
23
17
43
45
42
18
23
25
21
16
8
16
4
4
34
33
34
43
43
55
63
68
73
66
58
68
77
72
89
80
99
92
109
108
124
117
95
108
117
108
127
93
111
85
117
107
71
70
100
97
38
39
21
30
109
40
5
17
25
26
42
51
43
49
51
47
32
75
35
20
17
56
23
11
15
9
61
3
25
34
32
31
46
40
55
60
68
59
69
71
79
70
72
88
81
101
74
88
99
78
96
88
87
89
98
104
96
104
112
124
117
117
124
128
118
137
115
122
129
110
125
97
105
114
91
34
75
80
101
45
54
60
