38
42
289
312
317
35
418
318
414
326
203
226
210
407
350
210
179
178
219
228
167
172
186
247
240
227
256
251
273
229
147
229
157
66
199
47
28
177
91
107
140
149
167
80
79
105
187
156
157
190
174
181
173
66
160
108
159
189
179
168
238
208
190
202
178
215
217
88
222
119
193
186
171
159
187
204
208
245
206
200
226
235
213
214
222
194
173
155
167
226
243
231
157
201
194
202
179
185
167
196
203
221
118
141
164
187
174
166
150
150
163
177
154
163
157
171
162
177
180
177
168
180
186
155
174
159
152
173
168
138
149
171
144
122
151
125
133
141
149
125
147
140
153
154
149
132
146
89
127
153
135
151
136
155
139
120
162
163
170
153
173
164
152
171
161
154
148
167
113
156
150
181
159
126
147
141
99
143
143
161
156
159
177
176
187
153
116
144
135
131
143
156
113
140
133
141
136
156
152
161
172
168
147
182
162
160
148
165
143
156
144
197
187
168
205
207
211
215
197
208
134
160
146
146
144
175
157
174
162
176
162
165
169
159
174
163
168
172
151
151
173
182
179
189
150
187
190
175
144
165
113
149
132
158
123
157
156
171
158
187
172
186
162
164
188
185
165
189
175
192
190
180
192
188
171
181
157
179
181
161
171
163
181
165
164
182
167
162
159
124
136
142
132
140
141
129
126
145
154
134
145
156
151
174
153
178
152
152
172
150
162
154
139
157
141
160
123
138
144
128
157
145
141
152
133
153
144
158
147
139
144
142
140
136
153
132
149
120
109
141
124
136
24
101
75
84
23
114
121
22
88
61
14
32
29
54
65
72
67
88
68
93
103
120
110
106
120
137
125
129
128
115
80
101
103
59
40
131
146
46
5
7
22
46
49
45
48
29
27
50
41
44
60
5
12
9
43
29
32
60
74
87
98
74
81
116
114
131
129
122
153
130
146
158
126
143
148
155
157
147
166
138
163
155
141
1696
1673
1689
1673
1686
1689
1685
1668
149
141
1685
185
161
161
143
179
173
160
185
179
147
172
174
133
156
138
143
161
147
146
135
130
112
126
112
132
118
99
122
117
115
112
110
127
122
111
117
113
99
89
84
108
78
75
63
83
90
79
86
89
2864
2859
2966
2961
2973
2973
2979
2981
2970
211
195
185
203
163
171
142
165
164
181
183
98
173
90
97
76
90
93
78
100
92
102
89
104
94
95
101
102
83
81
92
105
93
87
97
93
103
97
107
100
109
100
110
95
97
109
106
94
105
89
104
92
99
102
93
103
88
83
101
70
75
61
59
41
23
31
73
88
94
44
102
101
120
108
63
62
76
87
86
101
93
86
99
96
86
95
95
99
91
92
98
102
89
101
87
85
96
96
85
90
67
35
79
14
13
50
96
61
27
45
5
4
19
5
3
5
23
6
21
21
33
6
8
45
16
28
33
9
8
42
41
39
58
41
12
21
28
51
31
57
55
5
3
5
4
4
6
6
4
3
33
26
26
23
35
40
50
54
42
75
75
73
72
93
90
98
95
92
97
107
98
97
86
48
89
77
61
32
23
53
4
7
20
28
27
36
52
37
52
54
62
34
61
46
61
10
56
64
63
4
4
19
2
9
21
18
41
47
11
34
37
47
39
35
5
13
30
37
34
25
55
64
61
75
74
88
88
95
91
95
113
102
111
99
96
101
91
98
92
97
95
94
107
101
104
93
55
41
24
88
12
95
74
35
67
51
16
25
33
58
69
68
85
88
79
101
97
92
97
95
95
94
89
94
101
91
91
78
67
96
85
97
82
100
95
99
102
106
77
92
96
102
110
99
108
100
100
89
108
110
115
106
112
106
111
109
115
101
99
103
93
105
98
104
84
89
52
75
82
63
100
79
89
78
65
83
64
63
65
81
96
91
110
101
99
95
113
98
117
118
120
118
112
125
119
132
107
126
109
115
90
54
44
20
59
93
72
35
105
4
4
14
3
1
2
26
29
35
39
55
57
57
69
71
82
62
60
39
81
38
22
73
47
25
64
8
19
29
42
52
44
57
54
64
52
50
61
55
68
66
91
99
85
67
77
62
92
80
77
88
109
104
91
110
95
95
105
121
95
110
122
110
127
114
116
116
105
115
112
121
120
112
114
124
122
113
122
115
108
127
124
116
119
109
120
107
95
114
105
115
92
102
97
98
85
97
76
92
68
91
98
54
47
96
93
107
81
83
79
70
89
87
94
107
102
101
94
86
104
109
93
86
105
106
97
102
87
98
93
102
93
115
97
114
103
120
113
120
101
54
70
38
77
95
108
44
