30
22
30
26
19
61
63
60
77
64
61
147
231
239
166
338
365
393
433
476
468
555
522
564
441
350
482
262
153
304
380
234
96
113
64
35
34
38
56
56
83
80
61
94
94
114
114
129
139
122
136
97
123
130
94
141
124
125
106
129
135
138
130
142
134
153
158
146
137
155
144
156
145
154
146
133
149
147
137
138
148
117
146
140
132
140
128
139
128
132
126
127
119
111
107
122
115
102
123
108
132
124
124
133
139
127
132
122
140
117
138
117
108
126
138
137
141
152
135
160
141
139
149
153
123
149
153
139
155
136
152
133
120
132
140
142
123
139
123
115
134
140
124
146
128
142
139
142
136
148
151
148
140
147
143
151
135
151
139
123
114
138
143
127
142
125
120
137
114
127
123
128
112
127
98
107
115
101
113
99
117
113
93
93
92
99
121
111
130
103
115
130
121
111
140
132
122
113
107
99
112
128
126
112
103
119
118
109
127
118
112
101
113
99
108
107
95
119
103
108
112
113
104
97
117
110
142
126
130
123
124
134
139
127
138
103
115
128
112
121
113
124
111
121
116
129
120
132
123
115
106
129
127
111
118
111
124
108
105
101
111
111
100
113
93
89
111
86
96
107
103
112
104
121
119
116
122
133
111
86
100
102
102
107
111
112
108
118
110
120
114
113
124
113
102
112
101
104
108
121
116
118
110
115
101
106
113
108
111
110
97
4357
4345
4366
4342
4357
4372
4364
4360
101
4369
111
113
107
114
106
112
116
131
109
110
109
121
116
128
123
131
111
107
120
100
116
121
117
124
136
125
133
132
2287
2276
2297
2293
2295
2284
2290
2294
253
2303
154
134
129
137
106
126
112
97
111
78
92
103
91
99
100
85
104
97
110
102
119
118
91
111
102
100
113
93
107
80
94
87
99
88
106
93
104
92
104
97
99
106
107
104
112
109
111
108
116
111
122
109
119
113
113
106
113
104
109
102
108
105
111
104
114
107
110
108
110
105
107
104
96
104
101
99
104
101
103
99
104
101
92
104
104
99
104
101
106
109
109
106
90
114
103
122
105
116
97
80
101
116
114
111
103
112
108
112
85
102
101
115
112
105
113
100
113
98
106
98
105
93
96
105
95
89
110
100
115
103
118
113
125
111
111
116
114
120
119
110
102
112
107
104
97
93
83
102
92
95
82
95
95
72
65
51
93
99
84
82
91
104
97
85
72
69
84
85
96
98
108
118
106
101
110
104
107
115
112
118
103
115
92
110
75
102
94
102
100
91
82
106
95
111
90
103
97
105
98
107
113
97
97
84
103
85
105
94
101
61
69
52
76
91
100
82
84
79
90
87
63
62
62
63
91
89
77
91
91
94
93
101
99
88
92
111
82
119
114
119
108
118
111
122
120
129
127
103
100
104
97
105
96
103
98
104
98
103
92
102
97
103
92
102
96
102
89
101
95
100
90
100
94
101
90
102
96
103
91
103
96
106
96
100
106
101
88
99
92
94
88
102
93
81
74
75
106
96
107
90
94
107
104
113
106
116
95
107
95
102
96
107
105
117
116
109
102
107
110
112
102
109
116
111
105
101
98
109
97
109
109
95
104
99
117
108
93
107
106
120
114
108
109
103
112
114
101
108
108
116
105
116
96
111
114
104
111
93
92
116
110
121
119
116
128
127
118
117
129
120
110
95
113
99
108
99
92
106
98
113
103
116
109
119
103
118
110
115
117
115
105
94
102
104
113
94
115
92
99
113
96
91
107
126
118
111
120
105
129
114
116
120
104
94
120
116
109
83
54
58
99
66
74
52
107
105
108
106
91
78
87
87
110
110
103
117
104
110
103
118
108
105
127
112
123
124
110
119
86
108
100
106
101
85
76
95
94
84
100
69
68
91
98
97
107
80
106
105
91
86
87
87
103
100
107
85
108
100
105
112
112
105
124
120
115
130
117
125
124
114
121
105
112
114
101
114
116
118
115
112
102
119
93
107
100
83
92
71
77
104
111
102
101
117
116
115
105
96
111
99
99
116
114
116
110
114
119
119
95
107
119
102
103
114
96
105
106
96
106
112
80
63
82
95
99
82
94
94
75
84
80
96
96
89
105
98
109
91
75
41
82
59
94
39
66
104
98
96
87
64
81
57
81
82
100
101
114
101
110
98
105
110
104
91
83
93
76
87
103
112
110
103
102
109
120
104
108
91
101
101
117
105
120
112
104
112
105
112
105
110
110
99
109
113
100
96
95
94
95
116
104
109
116
108
121
113
124
101
112
105
112
114
60
64
50
47
41
86
100
77
81
