43
27
37
45
43
19
37
41
263
267
200
128
129
264
193
176
176
232
226
249
156
131
277
272
217
205
198
303
274
195
107
153
151
236
234
298
297
406
376
452
455
481
488
517
479
543
459
513
452
541
503
503
530
532
477
532
494
494
460
551
534
503
552
510
567
516
580
509
517
513
561
506
592
625
613
490
492
554
569
595
548
523
476
530
488
517
523
583
491
528
499
496
486
426
494
449
418
503
468
350
419
401
460
422
479
483
413
424
385
456
423
391
473
457
489
428
385
483
445
415
436
432
470
384
440
466
470
496
438
506
444
429
535
489
540
474
506
418
459
504
484
565
469
553
469
482
537
493
584
536
616
528
471
560
492
364
432
396
310
333
235
254
223
234
265
269
247
202
257
227
236
258
232
268
225
247
228
249
218
252
209
232
153
190
197
181
209
178
204
178
202
181
171
170
178
146
182
186
172
176
204
204
188
220
201
189
230
211
186
169
206
201
159
199
185
195
172
189
173
194
163
151
162
168
168
182
173
198
191
145
181
184
143
194
189
208
174
190
207
197
205
187
211
210
177
188
164
151
165
165
195
211
186
184
182
194
206
202
210
190
170
193
165
200
172
201
127
202
34
39
118
112
39
167
108
87
193
110
191
231
235
234
283
231
179
237
213
200
188
167
176
190
168
226
181
209
167
192
218
217
194
247
216
200
224
205
225
242
199
220
175
202
201
180
171
167
196
170
192
182
212
199
223
189
207
216
238
214
179
198
228
212
211
174
178
225
220
220
217
190
181
168
193
186
171
193
183
173
177
166
167
187
163
163
184
169
1706
1708
1671
1701
1684
1655
1616
62
1640
1628
1611
122
28
29
75
88
27
83
81
76
85
85
73
8
19
51
66
80
80
115
116
151
150
177
177
201
183
189
175
174
192
185
166
193
168
187
170
170
193
191
171
196
183
189
178
194
174
190
172
191
169
155
187
183
197
196
176
200
186
197
182
204
186
182
198
163
198
189
206
196
215
196
177
216
203
224
201
222
217
192
223
211
237
198
189
220
208
186
230
218
194
211
203
225
196
229
181
194
191
198
177
188
185
163
188
183
153
165
194
172
169
177
175
183
177
192
198
185
186
157
91
56
174
125
37
68
162
107
7
9
8
40
75
67
100
94
110
105
107
153
152
211
202
232
201
208
210
196
219
199
227
179
188
174
206
201
207
193
203
192
202
207
171
203
208
212
188
213
188
221
185
216
188
222
221
196
208
208
193
204
199
202
188
197
191
197
181
192
188
191
186
199
194
198
180
202
206
190
210
167
211
198
185
198
204
181
202
184
213
183
215
202
191
212
188
178
202
200
160
174
175
194
187
177
199
184
187
214
180
179
198
195
171
178
192
200
180
182
204
218
191
197
229
189
203
216
207
192
239
204
230
199
232
220
218
214
225
189
205
167
133
65
86
61
183
154
125
94
80
66
97
79
104
102
134
118
159
157
181
178
231
221
238
215
253
226
247
243
242
254
233
200
218
223
210
231
205
229
203
228
202
222
207
212
205
212
198
213
207
213
198
214
210
216
192
183
193
219
216
194
189
222
186
216
182
198
179
187
186
133
173
151
177
158
171
146
171
138
164
145
180
179
170
193
160
183
173
165
165
134
173
164
170
148
169
152
161
152
171
176
148
171
148
146
154
165
154
167
169
174
157
186
169
190
172
189
168
184
163
170
183
181
172
181
160
178
161
184
166
166
184
152
179
168
181
171
190
168
184
170
172
171
191
169
190
169
194
184
194
171
190
179
178
165
189
170
151
176
156
164
156
189
178
194
181
219
197
210
199
217
182
206
194
208
196
208
222
195
196
183
198
185
175
200
173
193
184
174
185
155
176
189
172
181
166
183
167
178
178
185
199
176
182
183
171
182
166
177
159
166
176
178
171
181
159
147
178
175
177
157
161
183
108
155
168
134
171
171
160
182
191
172
175
123
148
166
165
134
185
182
166
190
170
184
171
167
179
129
146
129
171
156
170
163
171
159
174
173
194
188
149
189
169
184
165
196
181
200
174
167
167
190
184
177
195
186
167
187
190
193
178
165
177
166
152
177
163
163
179
146
168
169
184
171
169
157
158
128
146
166
171
156
147
129
156
140
149
138
137
162
157
134
120
145
150
140
163
150
159
151
168
142
167
187
161
171
160
146
151
162
126
156
112
137
136
145
133
144
145
164
159
156
148
141
166
176
167
158
163
163
170
158
170
133
151
170
149
156
162
145
173
155
182
155
181
135
132
36
93
128
158
169
52
75
