26
72
70
16
39
20
155
157
190
218
217
128
132
191
240
205
176
204
193
209
186
189
212
168
162
211
153
151
159
168
192
188
181
209
200
177
88
202
102
181
128
162
119
116
198
130
144
131
130
150
136
164
157
134
138
157
171
146
131
119
224
214
210
216
229
220
153
211
153
139
151
171
147
151
156
118
152
133
148
148
140
160
161
145
151
156
172
174
172
171
150
171
168
186
181
179
149
182
159
184
186
165
174
146
158
144
149
121
168
148
204
176
207
195
204
207
239
221
201
218
156
162
170
173
125
160
155
148
150
168
165
133
146
157
120
136
144
115
146
133
144
121
147
139
119
155
149
145
165
169
150
163
147
150
146
129
135
145
143
141
132
131
140
145
120
145
144
136
137
148
131
153
150
149
152
147
146
162
139
159
148
161
143
172
160
165
163
166
154
138
147
164
154
158
142
101
128
111
126
124
141
110
160
129
142
132
151
152
148
197
194
156
185
169
108
133
159
157
148
132
139
132
127
139
147
110
138
138
160
150
135
157
103
137
78
135
119
146
152
148
130
149
128
133
135
156
146
148
140
124
153
140
133
158
146
156
138
140
118
138
130
144
124
138
119
139
140
145
121
135
116
129
120
130
115
113
135
115
150
129
144
134
143
146
132
140
124
108
143
125
138
123
136
124
125
134
127
118
103
134
119
127
141
124
134
115
130
141
152
136
141
141
118
134
136
116
135
131
131
117
116
131
113
138
128
130
121
103
135
125
147
124
136
121
127
120
132
113
135
149
126
140
132
137
131
142
127
133
132
142
132
114
27
76
135
120
47
66
95
68
105
11
14
34
15
35
50
47
18
75
70
15
7
6
35
49
47
56
63
62
86
85
105
95
121
110
98
109
112
130
142
115
125
142
107
125
4032
4021
4021
4030
4018
4029
4003
4022
4008
4024
99
105
79
98
88
93
58
70
64
85
87
88
93
94
90
82
82
81
77
87
89
84
79
76
92
94
116
91
93
101
95
107
98
112
87
2227
2223
2305
2314
2321
2313
2328
2323
2334
2329
183
204
113
126
109
118
89
97
110
111
82
95
108
98
111
110
112
115
112
132
118
120
113
116
103
118
100
113
97
82
91
97
90
102
101
96
101
101
119
103
118
104
115
114
94
91
106
78
104
90
76
84
95
89
100
97
110
95
110
109
93
118
92
105
103
82
90
95
99
110
96
117
109
113
109
102
106
118
109
96
109
89
99
107
106
118
105
114
116
124
117
107
124
125
117
126
109
119
118
122
115
122
120
113
108
116
105
123
108
123
115
117
135
129
104
111
105
115
124
90
126
133
119
119
111
119
117
126
114
116
86
90
107
86
104
92
68
82
93
64
98
75
61
90
84
80
95
104
112
112
125
104
101
88
98
98
89
108
97
104
94
105
97
101
115
118
102
120
103
109
103
95
112
108
105
108
102
106
103
113
110
111
99
112
104
113
111
115
113
110
113
120
113
110
118
112
119
116
109
100
116
90
107
97
97
103
110
97
90
110
99
111
105
105
108
111
108
90
100
107
69
110
95
81
82
72
67
90
87
80
93
92
108
98
104
104
117
105
88
115
95
94
86
99
66
80
89
60
98
91
81
103
92
108
96
99
100
100
114
107
84
111
100
95
93
86
104
92
111
94
106
93
103
102
107
98
104
90
85
97
90
101
104
84
91
91
102
100
91
92
100
90
101
87
97
100
82
89
89
105
92
99
93
98
98
111
96
85
99
91
114
100
105
99
95
115
110
104
112
102
109
98
121
119
94
117
105
114
107
111
116
116
92
105
114
100
102
97
91
99
110
99
122
104
125
112
111
119
122
102
113
104
107
104
102
98
107
94
103
106
105
91
86
103
94
101
95
98
103
107
99
98
93
91
113
104
112
104
123
114
125
118
138
112
118
62
117
68
56
79
95
102
33
43
4
19
29
21
35
41
49
48
51
51
63
25
58
73
42
44
23
44
33
61
70
32
36
57
55
64
68
69
93
99
95
114
112
114
130
109
117
113
119
98
104
77
127
117
124
105
120
107
108
108
104
121
108
106
118
106
106
115
114
120
106
121
106
109
101
114
109
120
124
113
129
117
126
119
129
118
124
114
126
118
119
121
116
94
103
112
122
108
116
111
106
109
116
109
103
110
100
111
102
112
106
111
108
110
105
110
98
108
101
106
95
111
98
113
100
114
103
113
107
105
107
94
98
94
98
91
102
96
110
110
115
102
114
115
108
119
103
111
105
109
117
101
105
120
110
79
58
92
81
112
98
66
46
32
47
