39
127
131
134
133
39
173
170
261
263
159
179
170
187
165
123
113
164
123
111
252
155
135
154
145
150
157
146
152
124
111
137
114
130
143
101
115
103
127
118
110
332
336
327
328
345
308
336
325
105
113
112
119
113
105
111
100
114
103
113
102
110
100
106
106
121
115
112
90
102
98
105
106
107
98
86
90
94
104
98
99
90
104
84
104
81
98
83
70
90
100
89
109
107
105
91
84
98
105
97
108
97
88
91
85
92
95
78
93
84
76
99
113
108
102
115
114
102
112
90
101
100
109
105
99
109
110
103
105
107
104
102
103
105
85
94
106
111
98
109
94
97
105
113
96
91
94
118
110
98
100
117
103
119
115
112
115
107
115
108
95
98
104
91
101
94
97
90
97
99
107
99
106
83
84
91
106
97
90
105
90
87
93
84
98
107
94
86
106
98
103
103
113
93
46
106
65
85
76
86
90
76
85
99
89
87
101
105
76
91
81
92
73
75
59
70
93
101
93
88
70
84
96
62
71
71
84
78
105
104
106
106
107
115
117
108
111
90
110
102
95
90
102
97
89
70
95
91
96
79
84
94
88
86
74
86
68
82
84
96
83
85
85
83
98
97
90
97
87
80
86
84
101
70
81
80
80
87
92
90
96
87
59
79
83
83
92
78
84
74
88
80
86
79
73
87
81
93
86
103
90
89
98
93
92
98
101
82
97
85
85
96
81
77
81
96
63
87
94
76
84
89
88
95
82
86
77
87
80
85
78
87
88
91
71
79
70
63
83
75
64
84
82
89
88
96
98
110
75
101
84
94
87
95
80
90
78
85
86
80
72
88
85
80
89
72
76
76
81
91
86
85
79
78
8057
8055
8093
8100
8118
8100
8150
8150
8162
8140
261
235
215
228
220
178
192
176
191
189
96
109
89
126
114
100
118
102
88
118
107
108
100
130
90
128
95
111
97
107
104
108
100
98
90
104
94
95
102
89
89
84
87
94
98
73
87
82
86
94
101
95
109
98
96
97
105
97
82
55
105
92
74
107
107
90
113
106
83
109
84
87
85
97
100
91
84
84
101
93
99
80
82
94
104
102
96
109
104
92
84
97
97
96
111
107
98
97
110
116
97
119
122
116
139
126
129
128
126
119
128
116
114
128
114
111
119
116
109
124
112
109
104
100
106
109
125
93
107
116
109
121
109
120
121
90
115
101
97
95
59
87
38
78
44
39
91
25
4
20
20
49
49
60
62
66
74
73
87
87
103
84
98
112
112
100
113
106
103
114
104
103
102
90
74
114
101
110
122
101
106
100
95
108
104
93
99
98
96
83
76
105
63
96
113
112
117
118
113
102
111
105
113
89
107
79
104
111
102
109
117
109
80
85
83
134
136
140
129
146
133
127
142
134
116
104
115
110
98
104
115
107
109
91
97
102
98
113
106
104
88
99
112
98
105
91
103
86
89
95
67
101
96
107
96
91
98
86
105
108
92
87
92
98
108
109
109
110
84
109
96
104
112
121
94
103
98
100
94
102
108
108
105
107
100
96
104
104
97
93
103
108
102
104
108
110
104
107
96
106
96
102
96
104
96
103
94
109
97
101
109
107
94
105
94
92
104
104
93
104
95
85
74
104
93
96
105
90
80
103
85
104
96
102
98
105
114
100
98
98
108
85
97
108
90
86
96
91
82
81
92
83
84
94
87
87
93
94
80
82
87
98
97
82
88
98
90
104
96
99
112
111
104
91
107
114
118
103
88
97
112
106
91
88
98
103
93
99
99
81
102
98
93
105
108
139
114
133
117
127
122
133
127
130
124
89
113
101
106
98
118
103
75
88
95
104
75
91
96
58
83
60
108
111
110
118
94
108
85
84
103
83
97
57
92
80
51
42
68
30
11
30
31
53
54
66
63
87
85
31
53
66
71
90
74
25
69
30
13
27
34
32
58
52
73
72
85
97
96
113
105
109
113
35
104
84
50
26
54
70
38
86
116
14
17
42
42
63
64
81
84
78
92
93
95
103
104
91
109
112
92
106
111
103
102
103
94
77
96
75
107
98
104
89
87
101
107
116
94
89
92
74
115
104
107
100
115
102
112
118
116
88
125
109
115
115
103
109
87
102
104
98
96
104
95
109
118
125
116
116
118
134
133
88
111
81
95
105
89
98
92
77
72
72
91
91
101
105
96
109
95
93
101
102
92
94
77
96
101
93
106
100
109
74
106
102
93
116
104
118
104
112
106
113
85
100
99
114
111
102
100
112
105
106
86
96
99
84
38
46
43
61
31
90
77
47
