78
189
206
208
205
548
518
222
171
213
251
532
636
379
435
320
352
351
300
291
387
387
349
258
434
470
404
462
505
440
474
487
516
345
469
425
366
467
392
353
368
463
471
425
453
421
422
425
395
396
357
407
297
252
360
320
382
446
397
458
388
409
411
436
487
487
398
441
387
337
268
440
220
416
292
476
194
417
259
240
167
244
243
279
281
302
375
404
376
385
353
299
356
330
380
308
350
297
272
329
323
344
294
275
296
297
321
266
318
300
303
242
284
319
292
328
282
295
267
283
317
307
287
262
297
285
239
256
282
253
277
251
253
271
243
255
228
216
235
232
267
265
269
209
271
242
268
264
291
240
262
243
248
247
260
231
232
263
207
223
255
223
235
258
242
264
248
280
261
308
305
295
303
250
282
297
261
316
297
317
317
278
325
318
271
301
290
232
209
236
204
231
173
233
209
236
233
182
212
207
191
229
174
232
222
242
247
232
254
251
247
99
137
264
174
188
164
114
182
197
184
135
114
153
152
194
192
225
214
220
215
186
191
189
159
204
146
178
168
196
179
208
152
187
190
176
195
182
181
179
166
204
162
178
177
158
188
188
170
185
157
157
169
199
189
163
158
174
194
197
209
154
170
194
190
157
163
162
152
190
167
174
215
181
191
190
204
176
207
189
175
161
151
185
150
184
191
184
195
188
204
171
226
211
226
178
181
211
213
192
182
182
215
190
209
195
182
156
181
170
202
182
152
139
169
169
186
166
175
177
187
197
134
195
177
182
151
173
199
197
170
170
162
172
144
151
188
179
161
154
175
186
200
216
194
214
195
226
200
165
183
165
187
204
185
201
181
195
189
183
192
189
169
185
2449
2424
2489
2482
2581
2578
2585
2592
2592
2586
321
282
288
175
191
169
187
169
144
186
162
157
181
169
187
141
186
165
173
162
175
161
163
153
172
171
160
159
165
156
165
120
152
128
163
161
148
174
155
160
145
152
108
149
138
147
115
131
146
100
126
143
150
157
150
136
148
157
159
142
136
133
168
155
177
162
166
169
182
167
183
149
165
175
186
183
183
180
196
199
205
177
194
162
176
164
173
150
153
0
150
90
57
38
122
133
46
62
82
108
9
63
82
77
63
96
99
105
35
96
69
28
90
33
104
112
6
8
5
10
13
6
54
34
33
43
29
40
36
18
30
27
56
71
77
52
75
105
110
124
104
81
121
112
53
107
78
57
60
15
37
56
38
29
47
68
53
56
73
40
51
16
36
40
73
90
99
97
120
111
111
124
96
109
161
161
166
145
163
175
187
176
177
176
172
154
98
111
121
79
144
141
154
138
132
117
111
111
141
141
162
148
156
155
146
167
132
170
114
167
158
170
148
168
157
136
156
135
157
191
181
184
178
161
210
168
194
177
208
172
186
204
176
189
191
184
185
174
167
182
148
169
167
149
162
170
71
160
147
52
39
127
110
92
100
37
14
28
28
58
65
63
105
107
106
134
145
151
159
166
183
191
190
170
184
170
152
166
173
154
168
177
159
192
180
196
180
204
205
172
190
183
196
176
187
193
163
194
174
202
192
213
198
211
163
201
170
196
184
162
188
151
161
179
137
158
170
171
142
161
159
192
158
171
130
143
131
161
162
171
148
165
142
157
154
134
179
160
159
167
184
165
174
187
183
192
178
195
177
210
180
169
197
160
164
130
160
142
168
145
159
159
189
164
187
170
177
167
165
143
182
179
180
168
172
180
199
164
179
162
164
182
168
117
136
88
156
105
129
136
87
59
115
91
96
97
110
101
88
103
55
104
100
67
36
102
6
20
18
22
24
21
54
68
71
63
79
90
87
125
107
91
111
115
90
71
136
131
145
120
136
115
104
120
119
149
141
150
141
155
130
148
126
146
177
155
151
160
145
116
153
149
133
148
148
157
165
160
170
181
141
174
157
140
148
137
119
146
132
129
140
132
114
135
148
103
107
134
120
135
60
105
94
151
90
41
121
118
73
13
16
15
44
44
58
49
51
72
34
38
60
7
7
30
5
7
7
6
35
18
25
21
43
28
41
23
20
13
30
50
71
82
64
98
81
100
77
120
139
133
150
116
137
98
138
125
107
105
111
143
141
166
153
161
141
159
128
144
132
130
143
146
151
134
154
137
122
108
132
118
148
148
137
118
130
151
96
143
121
129
148
148
138
150
153
152
178
160
164
156
160
160
150
151
115
118
149
150
138
145
116
146
147
129
130
122
145
134
152
137
159
157
154
146
154
138
157
121
132
55
81
105
89
47
66
140
