50
105
246
250
103
267
267
279
303
278
329
214
191
211
277
210
220
216
195
211
198
209
185
171
189
190
183
200
162
196
223
209
219
242
262
252
228
253
259
211
212
203
208
185
188
204
193
177
261
149
159
208
222
201
214
179
194
191
159
173
185
166
172
196
170
181
170
179
204
182
169
178
177
170
134
166
170
163
172
173
179
156
157
179
183
188
167
161
177
191
173
172
177
141
163
186
182
176
192
190
187
184
207
202
178
195
176
185
187
170
174
153
171
215
208
222
211
225
223
197
146
151
185
172
192
174
186
174
182
172
183
172
190
177
189
179
188
192
198
186
198
181
197
187
192
178
191
176
178
192
151
178
183
188
164
182
163
165
187
191
164
158
157
164
153
172
137
151
118
169
160
147
165
178
163
153
182
171
181
180
178
133
161
168
158
171
150
164
154
179
142
159
164
130
130
144
131
127
114
103
95
103
99
112
115
102
95
111
98
108
98
106
98
97
110
100
111
118
101
108
114
116
113
110
88
105
90
110
84
74
97
88
81
91
89
71
81
66
64
53
69
65
86
87
79
88
82
94
81
87
87
98
71
76
77
70
83
79
76
85
89
78
87
73
73
71
70
79
85
77
68
88
93
81
87
96
99
111
103
118
93
94
99
93
95
80
70
95
81
74
84
89
81
95
90
70
88
75
79
78
85
93
84
97
86
94
102
104
101
102
93
71
72
83
88
84
73
75
75
87
67
67
84
87
86
86
70
84
76
66
63
61
58
52
72
80
95
81
94
93
98
96
96
107
76
92
58
77
95
72
73
94
90
93
85
89
85
109
101
100
102
78
89
100
104
95
94
85
88
5794
5793
5794
84
5870
5863
5882
5874
5894
5891
203
188
188
180
144
134
152
134
141
121
75
122
48
35
23
99
60
119
81
29
7
3
7
29
11
39
38
46
60
43
66
65
57
77
56
24
74
73
26
32
50
9
26
39
38
51
47
61
70
70
80
82
65
64
80
85
96
87
100
80
91
90
103
94
88
99
90
101
80
95
100
78
97
104
92
104
93
102
95
105
104
97
91
96
99
89
91
85
89
87
99
92
80
101
77
89
77
82
74
75
61
62
62
49
76
72
92
86
98
107
113
109
119
116
114
102
115
104
115
104
112
105
124
117
128
107
115
128
115
123
115
110
104
106
100
113
112
117
110
120
107
123
111
125
117
123
116
120
110
100
112
99
90
105
98
102
105
102
104
102
98
95
87
93
102
89
97
86
95
85
96
96
108
94
106
97
109
107
110
107
104
110
90
110
103
121
104
115
101
101
113
99
116
112
88
88
99
82
101
91
101
91
93
106
91
78
96
95
74
88
97
91
98
88
81
99
98
108
92
104
98
97
108
89
84
89
99
93
94
108
98
106
103
105
98
109
98
90
70
82
96
78
92
89
98
92
84
91
94
79
101
103
97
101
101
99
94
84
103
103
114
91
94
109
100
111
110
89
94
95
50
90
80
38
77
21
60
41
80
29
37
4
5
18
32
38
36
51
52
53
71
74
75
90
73
76
99
94
92
95
90
94
100
101
93
102
90
97
89
95
102
102
94
102
82
88
94
106
95
100
109
103
103
98
111
105
98
112
103
96
103
99
104
96
107
96
111
99
106
108
103
112
101
82
106
98
98
109
93
87
97
102
102
96
111
100
105
97
107
105
111
83
103
97
103
84
95
106
91
95
98
80
97
92
96
76
97
88
95
89
89
102
86
87
93
105
92
100
93
111
102
118
103
118
112
115
113
118
111
117
112
118
111
118
105
119
105
117
110
117
110
113
92
118
104
117
108
111
103
108
101
109
97
99
96
100
90
105
99
104
102
107
106
118
113
120
127
114
126
110
126
126
109
120
105
104
95
110
97
109
106
111
101
116
113
93
113
98
91
93
45
61
44
92
84
79
28
100
73
58
37
7
18
21
12
19
52
64
42
54
51
58
69
66
75
78
80
100
98
101
106
99
90
102
98
107
99
91
84
99
90
66
89
76
89
82
88
90
93
75
83
96
77
91
85
91
84
94
87
88
77
84
90
86
83
90
77
78
89
92
78
96
90
101
90
92
93
95
106
102
81
89
89
95
88
93
89
101
99
91
89
104
101
91
101
93
79
89
99
67
91
89
99
112
100
107
100
101
100
111
108
117
110
93
101
97
82
107
99
107
105
122
101
115
101
114
104
118
106
109
66
66
75
103
88
92
84
101
96
95
75
74
91
91
104
108
102
117
126
120
127
115
127
88
55
50
99
112
77
36
118
