37
21
118
120
155
189
202
181
168
188
179
195
210
14
158
246
176
273
257
236
268
252
278
203
152
138
206
277
256
294
119
141
187
188
188
176
188
111
139
140
161
172
181
178
176
185
164
143
109
157
229
217
230
251
297
315
324
286
286
270
221
316
298
301
219
236
242
199
186
226
126
167
192
153
97
53
172
36
37
128
32
175
6
35
67
75
78
62
84
57
87
49
108
81
80
104
34
11
17
11
18
21
16
32
75
94
56
95
82
112
108
112
127
156
151
122
111
107
107
70
98
103
52
6
8
6
6
4
21
21
46
39
31
36
40
35
25
18
21
19
59
94
89
111
91
95
136
133
97
40
74
120
117
61
129
128
104
111
83
82
85
109
81
114
111
146
134
169
168
163
202
170
210
184
217
184
204
183
195
146
172
175
166
37
136
95
125
159
59
70
106
70
183
19
16
13
42
83
67
70
74
102
100
129
134
146
141
144
172
160
188
199
175
202
186
183
200
209
151
177
170
194
181
137
159
173
159
204
193
218
198
218
203
211
213
224
164
161
177
186
163
170
188
187
154
171
185
189
159
203
172
162
171
156
161
151
182
162
163
194
186
153
168
180
169
167
193
154
169
166
151
115
153
138
126
140
153
160
146
159
157
143
143
157
183
156
161
151
151
157
171
170
181
149
169
153
169
173
145
161
167
168
151
143
163
156
172
136
168
167
166
178
150
174
192
156
176
147
138
154
144
162
131
152
141
135
141
156
142
173
137
121
145
135
130
136
148
121
144
158
155
152
133
151
163
156
149
146
146
168
155
166
143
171
167
122
144
152
151
133
148
148
163
140
128
145
144
171
157
170
128
148
158
150
171
150
146
155
157
136
149
153
164
154
142
123
129
145
155
125
151
144
144
140
168
163
178
129
148
184
156
148
155
123
157
146
4107
4133
4145
4106
4141
30
27
4078
4138
4113
59
44
77
4102
5
18
14
16
5
3
24
6
18
31
41
34
27
44
42
38
45
36
47
44
48
77
76
68
65
69
69
87
61
84
83
47
91
18
83
69
24
40
3
3
16
5
20
33
43
53
52
67
68
81
83
90
107
105
118
103
110
111
117
106
22
63
31
59
15
18
87
41
77
104
101
3
4
5
18
16
21
30
19
22
28
37
36
52
46
49
58
72
69
82
84
84
80
100
102
33
51
63
24
25
82
72
99
92
20
22
44
43
61
58
59
80
62
82
90
98
100
94
100
94
93
101
92
83
11
71
59
42
63
38
23
4
24
24
42
47
44
49
50
47
70
82
88
81
50
102
81
60
91
36
74
27
52
83
78
54
47
57
56
63
64
75
77
76
89
101
100
89
102
92
95
102
94
94
103
94
105
99
105
98
104
96
105
99
105
99
105
99
92
87
96
88
103
102
96
101
82
94
99
101
85
97
104
75
94
87
81
81
93
84
99
95
95
89
81
91
101
92
103
93
106
101
111
106
117
115
128
109
105
86
108
104
95
115
101
111
98
110
103
112
96
96
105
90
96
99
89
102
90
102
100
93
102
105
103
102
96
103
92
102
100
93
89
97
78
87
98
92
102
92
110
100
107
106
112
94
106
111
111
104
111
106
106
40
44
85
70
101
78
67
84
72
47
48
80
74
66
93
93
105
91
109
108
105
105
88
80
60
89
70
99
88
101
95
101
113
105
105
107
101
94
107
102
108
100
119
112
103
109
100
106
106
100
95
97
105
109
99
81
94
101
112
107
92
103
110
94
98
121
112
101
112
115
107
115
96
97
96
100
79
87
88
86
98
90
69
88
78
93
85
90
84
92
88
68
96
86
91
91
91
108
97
104
104
92
99
108
93
105
104
89
96
91
96
88
102
99
93
102
95
106
85
104
101
92
104
97
82
92
100
92
86
101
99
99
107
112
99
118
111
115
115
127
125
118
114
118
105
112
103
118
110
100
102
110
117
100
110
97
113
99
119
111
122
120
121
119
124
116
119
113
114
105
108
103
107
96
104
92
96
88
80
108
101
110
105
100
112
104
119
104
119
99
111
97
113
98
118
102
120
112
122
114
128
114
130
129
114
125
110
117
110
117
115
121
108
119
109
118
111
108
116
119
111
111
118
94
87
95
113
109
119
91
109
87
99
100
108
107
108
126
104
114
122
91
117
81
117
119
107
113
110
107
114
110
120
122
125
96
106
98
103
112
98
103
99
106
96
106
97
108
98
102
103
110
112
91
104
103
103
95
110
125
116
114
127
116
123
130
128
96
75
137
23
72
94
44
30
126
53
