30
101
300
302
341
103
325
376
327
341
374
371
207
193
168
174
160
137
136
174
133
116
125
98
118
107
96
113
112
102
90
99
79
105
88
98
93
98
115
100
112
104
96
113
105
145
144
153
148
138
180
184
187
202
165
189
177
201
183
203
182
195
181
211
210
206
160
197
186
162
186
200
189
180
189
198
201
210
157
218
193
215
219
193
169
220
194
176
195
168
194
183
198
180
181
189
199
187
194
178
179
170
203
183
201
192
192
201
197
213
187
211
174
207
190
213
189
221
203
227
201
228
199
213
171
199
209
183
184
216
205
193
188
179
194
183
191
199
191
148
175
199
181
201
181
187
192
203
188
202
217
215
200
190
209
189
209
193
209
178
165
179
198
170
186
186
189
185
177
178
184
156
148
150
170
179
182
175
182
182
210
189
209
191
188
186
133
180
132
125
146
136
147
161
126
158
151
172
162
182
189
169
174
180
146
164
122
140
113
115
102
107
87
78
87
93
87
94
79
78
74
83
73
91
77
80
90
83
89
89
73
81
79
85
80
90
83
92
89
108
101
99
98
108
96
81
96
71
96
94
91
95
91
94
84
93
91
106
88
100
79
91
94
88
76
99
87
82
99
88
100
93
101
94
102
90
99
88
88
88
97
85
84
87
80
90
73
82
88
89
83
96
87
101
90
94
88
90
97
98
86
94
83
93
89
84
87
82
84
63
25
38
28
56
43
64
17
76
16
24
37
36
38
48
47
45
70
63
62
70
6529
6543
6531
6544
6544
6560
6553
6569
6561
109
96
136
89
80
105
99
110
124
114
107
126
119
127
130
81
92
132
102
131
95
74
89
82
103
110
101
111
111
108
105
99
100
115
103
95
105
113
112
109
106
109
105
106
103
101
90
86
98
97
90
105
105
101
111
107
98
112
96
112
93
80
106
81
96
108
90
108
99
101
115
119
111
99
121
79
89
103
110
105
97
94
100
86
97
91
65
81
82
88
82
87
96
83
85
99
90
83
89
79
100
102
104
92
96
93
97
99
101
100
118
111
105
122
116
122
109
122
100
109
111
100
118
100
106
98
97
113
108
77
97
90
97
92
97
89
101
92
105
93
94
94
97
108
88
97
107
100
96
105
89
79
90
88
90
71
90
85
92
91
93
93
105
92
104
92
104
92
103
90
97
87
74
92
92
72
61
55
84
42
90
81
78
97
83
87
85
84
84
105
99
100
111
111
103
109
98
106
100
103
105
104
96
98
104
86
92
100
93
86
85
76
74
76
91
84
89
81
84
90
98
90
91
92
107
97
111
99
113
105
99
114
105
110
98
79
101
107
90
109
94
111
96
114
102
121
106
114
108
111
102
112
109
113
107
111
109
114
87
104
106
107
101
113
112
86
95
102
100
115
104
105
97
105
98
107
110
97
99
91
92
84
95
77
96
91
79
90
87
96
91
100
99
91
90
90
101
93
94
103
94
102
92
102
102
93
98
92
96
90
100
77
97
87
97
86
93
85
82
91
79
85
62
67
66
83
86
91
82
72
72
92
82
87
87
97
98
98
87
100
104
93
102
89
96
82
90
90
91
101
104
93
103
91
101
103
120
116
117
108
115
104
99
112
111
101
118
113
105
92
121
100
108
126
102
100
112
96
109
95
85
85
107
100
112
96
114
107
110
98
110
101
87
104
111
104
98
111
108
96
109
102
100
120
89
109
69
32
49
58
44
82
96
75
80
78
53
95
70
71
89
83
105
105
120
108
135
121
139
130
130
144
142
129
142
135
115
133
127
78
56
39
31
20
100
86
63
112
15
35
34
54
53
63
68
85
85
103
104
118
110
113
105
115
113
109
96
106
100
107
95
108
94
107
96
111
100
114
99
109
96
110
103
103
109
106
99
96
106
108
101
105
94
107
103
94
107
107
100
110
104
99
111
97
110
110
104
101
108
101
82
90
89
99
95
86
73
95
87
99
83
96
89
99
91
91
90
102
94
102
92
105
97
104
98
97
76
73
95
54
42
83
104
63
101
92
111
91
71
60
90
90
104
98
102
115
127
132
116
119
105
122
113
119
113
116
114
102
113
89
107
111
74
96
98
92
97
110
112
99
115
113
122
122
123
109
107
118
93
114
98
107
94
100
94
88
74
93
101
90
91
94
96
97
91
89
100
112
102
89
100
93
99
96
87
106
96
104
109
107
101
114
95
108
104
110
84
66
74
98
104
91
98
105
84
116
99
101
97
113
125
111
120
122
127
107
127
118
123
132
122
108
118
73
43
55
115
67
35
95
81
