32
149
133
143
369
475
478
144
449
428
447
443
193
235
192
136
93
115
103
139
95
91
88
114
113
142
104
126
129
101
186
136
132
140
129
131
137
109
145
124
111
128
122
113
139
134
132
129
120
125
125
119
111
114
80
93
95
81
90
83
85
114
55
72
93
102
102
106
139
131
133
152
138
113
130
103
109
120
117
127
109
101
149
124
126
135
116
144
115
143
125
171
144
137
149
164
166
155
183
138
138
121
166
199
119
138
138
139
126
131
87
35
70
121
55
106
55
63
37
4
1
22
19
22
43
55
56
81
78
76
77
94
92
73
112
124
95
112
31
102
108
46
70
91
48
10
96
5
20
32
30
35
20
58
45
63
60
50
26
47
52
48
57
45
49
35
5
3
19
8
30
39
36
39
58
62
68
77
75
66
92
94
97
98
114
100
101
109
112
114
114
100
113
122
102
116
110
117
122
112
110
107
123
114
63
85
20
41
18
113
102
53
97
11
12
26
28
57
55
46
60
63
66
76
75
91
19
38
41
22
102
94
85
69
26
42
3
15
13
16
32
31
38
51
50
54
51
42
53
59
87
86
103
97
97
87
103
100
97
110
95
92
78
103
79
69
91
71
86
70
65
63
79
77
66
85
70
70
76
83
91
93
84
74
92
79
70
84
96
68
76
61
84
70
81
82
78
70
89
79
79
79
87
95
92
83
95
85
85
85
93
75
84
92
84
88
84
88
82
88
66
82
86
81
87
83
86
80
89
75
81
85
95
81
96
74
89
81
90
81
72
75
98
86
89
89
90
99
95
93
85
114
90
101
91
93
88
96
88
92
72
93
67
76
90
82
91
84
100
88
104
93
109
102
92
98
87
75
94
81
92
91
81
87
81
95
84
99
90
92
93
76
93
81
88
83
83
88
87
90
96
88
100
68
85
79
7096
7082
7096
7175
7205
7190
7180
155
307
300
314
198
218
210
193
191
209
196
118
121
104
112
110
97
109
97
95
89
102
104
107
91
97
103
97
99
108
93
105
85
97
100
106
89
103
116
98
116
101
127
118
129
110
122
114
117
109
95
107
90
100
93
93
99
84
97
92
104
102
93
88
100
100
91
100
98
98
85
91
100
94
90
100
100
95
97
102
110
98
125
130
138
132
137
130
117
136
138
118
104
107
114
91
106
102
116
102
102
118
109
122
106
112
104
97
110
100
84
91
103
108
111
100
85
94
109
103
96
116
103
122
98
116
105
101
102
96
113
94
109
87
94
102
105
96
81
105
103
103
102
98
110
101
109
85
88
96
93
107
80
109
95
97
111
107
106
106
104
95
79
109
112
96
111
94
92
104
99
108
112
93
80
89
96
86
95
86
95
88
65
93
70
34
25
72
17
43
48
48
7
24
24
45
34
47
44
50
58
52
87
85
91
100
68
92
75
75
84
91
87
93
84
90
90
112
94
104
95
111
95
98
112
104
110
97
103
100
97
96
83
111
101
90
90
96
98
85
103
91
79
97
77
92
76
96
86
73
72
92
88
90
76
94
82
92
86
81
96
95
91
20
86
40
99
68
89
48
57
33
71
3
2
3
14
12
22
35
34
40
46
37
19
10
28
50
12
38
35
12
29
27
29
60
57
47
62
70
71
83
74
84
97
90
105
97
97
102
80
99
93
109
101
97
97
86
105
102
52
70
60
50
87
75
64
34
91
81
86
95
87
105
71
72
85
102
93
109
106
116
121
119
84
127
98
116
70
106
93
106
110
83
103
110
82
95
109
104
107
103
104
98
87
101
112
118
106
97
110
103
116
117
120
111
102
109
107
102
109
102
118
108
102
119
113
109
117
110
103
104
115
117
118
106
115
117
94
119
112
106
112
98
91
111
98
101
94
98
105
104
101
54
36
60
77
99
73
42
35
7
21
12
22
9
24
14
25
35
37
53
65
64
83
79
72
80
25
35
81
92
63
89
46
65
77
37
38
30
28
37
36
67
65
76
70
32
35
35
51
18
52
38
32
23
5
20
18
47
37
45
34
51
49
65
78
63
39
63
48
65
70
41
62
35
46
102
86
84
78
40
27
45
45
53
36
66
82
79
92
73
91
70
81
79
81
79
83
82
92
106
77
49
34
96
46
20
60
81
44
104
8
21
34
21
44
46
49
80
69
68
77
43
86
80
79
51
76
71
75
80
75
78
90
98
78
82
58
86
50
48
62
66
85
71
82
81
64
84
66
83
88
92
106
115
121
119
115
95
116
114
121
115
98
87
115
105
78
40
115
39
65
90
84
39
32
