65
62
60
142
140
77
152
154
145
156
238
177
177
203
215
214
238
211
195
179
230
198
216
212
217
219
200
219
186
200
201
216
191
202
217
191
192
205
225
206
208
210
149
144
61
84
187
232
114
175
149
49
83
13
27
46
41
5
5
101
105
124
144
122
135
149
255
161
120
245
267
283
256
271
238
216
185
180
176
132
203
131
166
103
193
154
153
199
183
175
192
187
129
152
159
219
187
198
154
196
180
234
202
292
307
269
152
254
295
212
39
224
304
57
54
195
102
209
99
53
170
136
99
96
119
106
121
117
120
151
128
143
156
139
155
146
153
129
153
146
150
155
140
159
148
159
134
161
157
172
142
150
155
158
88
158
109
128
98
153
156
143
130
143
142
100
117
117
139
139
167
151
152
172
148
130
152
152
134
152
136
136
112
149
135
120
109
117
106
105
99
111
95
102
107
99
97
86
95
103
113
97
117
104
118
109
89
124
126
97
104
86
113
92
97
86
72
60
73
75
76
93
87
81
86
79
96
97
104
103
111
97
88
94
95
97
91
84
80
92
84
96
99
100
99
91
107
96
106
104
102
81
90
88
94
80
89
75
85
78
71
88
73
87
75
87
79
77
80
63
68
80
80
92
100
85
97
92
92
84
81
94
85
73
85
76
87
68
67
79
85
84
80
81
74
80
73
89
86
83
90
93
101
99
99
108
94
93
79
90
90
82
76
77
71
71
81
96
90
94
89
97
96
105
96
103
87
93
82
80
87
90
76
70
68
79
85
73
83
67
77
84
77
86
82
67
67
74
86
82
89
92
80
81
88
72
80
82
4765
4753
4753
4763
4769
4749
4756
4750
4764
4769
91
101
97
99
103
106
92
96
77
113
99
107
96
100
114
115
105
81
76
81
95
92
96
80
90
95
83
86
93
1797
1787
1806
1799
1823
1819
1823
1806
98
51
89
62
72
1812
6
37
35
7
5
4
23
23
4
15
32
50
54
56
56
71
70
83
87
88
104
102
106
97
107
91
100
115
102
106
110
92
121
99
106
101
109
113
103
75
96
106
117
107
119
86
104
101
53
56
84
107
87
60
89
70
97
90
79
102
83
75
80
73
89
89
92
103
83
82
99
87
96
84
98
101
94
107
100
92
114
100
101
90
95
104
95
106
95
109
108
107
112
116
111
104
109
107
117
102
100
112
117
102
108
98
114
97
110
99
111
100
109
104
84
75
45
35
82
55
25
61
97
4
15
25
19
30
42
30
13
35
41
40
34
39
39
38
42
46
76
67
89
89
69
84
97
93
59
80
88
86
60
96
26
98
24
23
84
53
2
4
24
36
47
46
62
61
64
83
83
92
92
93
105
110
99
115
117
106
115
108
126
110
117
106
88
99
100
119
98
12
43
91
58
13
66
77
39
6
22
30
32
41
58
53
47
57
58
82
78
98
99
91
101
81
59
74
97
30
15
63
19
40
71
9
4
7
10
26
24
60
56
59
78
76
90
86
45
79
72
18
60
42
35
69
14
23
23
41
47
59
59
61
77
73
82
79
35
46
58
73
81
22
82
4
9
9
25
26
33
46
40
60
62
57
73
82
82
95
95
87
93
66
51
37
54
80
63
20
95
5
19
32
37
46
44
57
63
41
42
16
17
23
53
53
62
50
5
19
17
35
26
50
16
12
13
29
33
46
52
24
5
16
14
25
37
49
45
43
62
63
79
75
77
101
107
106
124
108
106
91
80
96
117
111
123
120
112
115
100
93
94
93
113
70
58
35
81
44
44
93
107
17
5
25
22
40
43
42
43
79
77
83
77
96
99
114
109
116
109
101
111
129
127
126
113
117
109
92
42
54
92
34
101
51
83
93
65
84
26
40
32
29
19
34
9
17
15
20
13
3
3
29
28
17
21
39
57
35
54
48
48
67
75
74
88
80
88
93
86
92
96
102
100
114
23
51
93
48
103
83
42
26
65
39
12
12
36
17
31
29
52
27
48
51
19
34
35
3
16
33
37
35
25
26
33
25
15
24
10
9
9
12
7
5
18
26
16
27
49
47
73
54
73
68
45
47
44
44
74
75
89
97
84
56
50
87
23
53
52
36
99
5
4
26
23
49
44
40
47
59
84
78
75
73
122
114
110
130
115
104
55
111
76
103
87
44
38
32
15
15
35
51
61
60
70
63
64
91
90
75
26
22
90
78
27
60
44
88
51
5
3
7
3
9
3
2
4
24
20
13
33
31
45
50
66
65
83
70
83
68
44
16
72
69
59
52
31
86
5
14
28
17
8
20
21
4
3
