62
62
105
48
274
56
190
62
54
281
281
231
54
278
272
12
53
53
63
81
94
5
57
95
6
80
132
130
153
137
155
139
147
144
101
119
114
107
54
112
115
144
147
153
98
120
137
132
161
148
193
185
143
159
143
152
215
164
180
137
207
171
150
240
254
245
248
246
260
269
263
203
180
192
180
64
111
159
142
26
75
106
46
137
30
46
62
83
104
105
132
135
157
168
106
158
23
160
142
136
70
38
50
88
15
9
12
4
5
14
10
44
48
48
61
62
99
130
110
137
118
123
117
147
167
157
164
63
151
65
36
129
59
93
118
8
8
15
7
27
22
18
49
36
6
4
21
30
32
12
37
25
53
35
9
8
14
13
51
62
55
54
63
66
110
93
106
116
120
120
166
147
161
141
178
166
167
163
169
164
143
169
163
145
173
131
123
169
135
159
169
169
158
164
169
156
170
109
132
178
161
145
147
174
152
144
167
138
163
166
151
169
161
170
169
139
150
197
172
187
174
159
177
167
185
153
145
155
145
124
168
151
171
163
160
157
157
176
152
159
168
170
170
157
179
173
161
176
145
158
177
143
156
143
160
177
156
172
158
141
173
155
172
173
140
140
157
160
138
126
153
132
151
146
185
170
163
179
168
174
176
161
164
131
153
136
119
146
151
130
138
113
138
105
129
119
116
138
129
141
132
116
130
150
140
138
139
131
141
136
147
139
138
149
138
133
147
143
152
143
142
138
131
153
124
143
159
141
139
152
130
151
165
145
151
153
163
153
171
168
157
183
152
169
135
165
157
154
144
152
141
123
146
143
130
148
144
136
138
144
140
130
147
158
128
151
169
147
123
141
137
130
160
133
145
134
145
145
158
159
122
170
117
156
132
149
110
125
142
127
149
145
141
150
124
142
149
141
154
124
139
153
5169
143
5202
5209
5198
5191
5220
5222
5210
154
5213
156
118
135
136
120
95
101
72
19
82
87
31
12
47
42
62
4
5
13
6
22
21
30
44
59
45
61
60
66
57
84
89
90
82
109
93
96
77
84
96
69
67
93
88
70
86
94
84
76
81
92
85
83
90
87
109
99
100
96
88
97
88
98
96
93
76
82
102
97
104
90
100
101
108
107
83
94
101
87
96
84
89
91
98
83
92
101
91
102
93
104
76
96
93
85
96
85
89
84
72
95
87
103
93
106
100
94
108
103
109
93
97
92
110
104
92
107
108
106
117
111
102
117
107
119
104
119
104
107
100
111
113
79
88
98
99
92
106
97
104
114
106
98
118
118
101
123
109
114
105
98
109
90
103
108
119
117
127
121
140
131
128
135
142
140
126
101
116
101
102
115
94
106
99
104
95
97
96
111
116
107
116
107
121
108
116
110
107
118
92
105
89
97
86
75
81
72
74
63
79
77
67
62
86
74
48
82
56
104
91
95
87
88
87
106
106
121
122
107
106
97
108
110
103
107
109
97
108
103
108
95
108
99
106
106
95
102
106
111
98
110
101
109
105
103
109
108
95
103
101
91
105
91
107
92
98
100
87
91
107
97
109
97
108
106
111
103
116
102
108
105
107
100
108
101
107
94
105
107
88
107
99
106
100
93
98
76
90
95
82
75
81
86
78
90
82
90
83
93
92
94
79
93
84
89
72
88
84
84
94
99
88
102
95
97
105
98
96
104
94
80
101
99
97
88
99
89
93
93
88
75
83
84
62
80
75
95
65
84
92
91
85
98
82
90
98
92
107
90
90
94
98
95
95
107
103
93
90
96
82
93
94
101
81
81
68
64
75
89
95
94
97
81
104
86
96
90
83
89
75
94
82
89
94
71
96
97
112
103
96
100
93
96
85
83
85
96
87
98
92
103
93
103
116
98
118
111
100
114
101
111
105
97
114
103
104
109
99
91
113
98
95
106
93
107
97
103
82
101
94
108
96
113
110
105
95
108
100
105
95
111
101
112
107
108
108
97
109
102
95
113
100
103
92
92
103
108
95
91
83
72
105
94
88
109
103
106
104
98
111
115
115
116
115
107
94
82
89
106
105
115
109
114
123
115
130
134
125
105
115
104
120
114
98
89
105
111
105
114
112
118
112
116
126
100
114
96
132
81
104
107
99
104
97
97
88
118
110
130
106
125
118
137
129
136
106
94
146
124
119
120
95
106
108
102
97
103
96
120
96
107
92
114
109
122
113
131
107
102
118
111
105
128
117
103
94
113
101
104
82
107
97
105
94
99
93
89
87
106
114
92
105
112
111
107
104
91
112
92
95
78
73
70
71
63
57
97
