83
106
166
67
166
166
210
222
212
185
188
240
118
118
91
127
119
132
134
104
132
122
122
113
135
98
104
111
116
100
142
167
136
164
191
180
210
211
187
223
210
198
216
203
205
192
204
167
187
200
185
201
187
187
207
194
184
197
184
198
156
156
167
183
139
121
184
170
175
164
186
188
194
188
185
188
195
199
185
198
180
157
195
204
172
186
167
181
165
130
147
156
163
141
173
148
165
174
139
162
151
162
179
169
165
166
166
185
146
158
155
171
181
175
157
172
157
163
199
186
204
178
196
195
178
175
218
177
193
191
195
171
195
176
195
192
179
155
143
150
162
147
161
135
157
163
160
163
170
179
176
180
176
189
169
188
171
203
200
189
170
191
180
180
194
167
184
161
170
149
157
172
152
185
164
162
149
181
170
181
166
186
149
151
125
179
168
117
159
176
133
174
170
157
153
180
182
208
162
166
174
165
165
192
171
196
192
197
187
196
188
212
206
181
184
158
170
187
161
184
138
160
170
149
141
168
181
185
163
145
175
142
190
189
177
194
180
185
182
201
165
146
149
198
168
189
185
196
192
191
179
166
196
185
186
188
175
141
76
85
106
160
128
159
140
168
142
178
173
164
151
179
181
196
185
184
169
159
106
140
129
127
102
112
70
78
88
82
78
85
82
75
76
87
85
86
95
89
93
97
96
96
73
88
96
96
88
90
88
93
85
96
99
90
79
83
67
73
82
75
90
78
94
88
101
94
91
68
90
61
75
79
73
74
87
63
63
80
97
99
106
99
106
94
112
120
100
108
77
87
71
74
80
78
90
83
89
91
101
90
93
99
99
97
92
81
90
86
79
76
81
74
71
81
75
71
72
79
78
81
77
79
80
91
81
91
89
72
89
79
87
73
76
91
75
82
74
72
77
61
75
78
77
89
88
82
87
85
91
101
70
68
86
79
86
93
92
73
81
6604
6593
6608
6619
6618
6637
6628
6654
6654
6663
123
141
186
164
173
158
155
165
173
172
164
164
111
126
120
91
104
99
91
79
98
88
88
85
91
98
104
97
110
102
109
98
116
104
117
112
111
119
119
112
107
120
112
119
118
110
88
106
110
107
94
100
93
105
94
109
100
88
112
98
99
108
112
97
114
97
105
114
104
103
115
105
103
115
88
113
103
106
99
111
79
97
94
95
104
110
94
108
100
106
109
115
104
113
104
113
116
116
102
62
92
105
75
83
107
121
95
109
98
66
82
76
84
103
103
116
106
104
120
118
93
63
35
106
85
47
70
111
89
77
90
87
60
72
70
70
93
81
102
102
110
116
114
112
117
108
108
119
100
110
99
108
101
98
92
85
111
100
87
91
86
98
81
96
56
82
83
93
94
93
93
90
83
90
98
92
89
86
97
81
92
92
86
101
93
86
75
83
87
87
80
91
76
86
94
92
94
75
76
92
100
81
71
104
91
94
89
100
92
98
91
86
88
96
84
100
87
100
88
99
83
89
86
89
98
56
67
85
85
81
79
76
93
83
88
94
90
114
105
121
107
101
111
109
96
96
95
110
101
110
108
110
109
100
101
113
117
100
120
103
107
116
105
105
100
100
110
92
102
92
90
83
103
95
112
95
96
106
109
93
123
112
124
112
120
108
99
118
106
123
91
107
95
91
97
106
110
108
112
105
99
113
117
101
120
100
111
108
112
106
116
103
106
113
111
104
111
109
108
100
109
106
99
106
109
106
111
100
110
103
107
109
111
109
107
98
82
69
18
109
50
87
29
100
48
62
31
3
3
3
6
7
5
30
3
4
11
4
22
38
36
49
62
63
49
94
95
117
118
123
115
125
119
133
121
120
103
111
120
102
105
102
111
104
122
105
121
118
111
119
117
109
117
110
107
105
114
98
111
99
112
101
109
77
88
52
47
72
87
101
99
72
88
44
16
28
21
8
37
36
49
43
61
62
77
87
86
107
103
120
106
102
115
116
116
121
111
111
122
119
102
111
115
86
121
103
109
89
101
82
106
92
111
95
83
101
100
114
101
114
108
114
126
111
119
102
116
103
94
114
103
97
106
94
108
88
114
96
109
101
122
109
111
128
136
130
130
128
115
124
99
130
117
115
109
104
118
122
111
127
105
118
116
124
117
128
110
123
111
122
114
113
104
115
112
117
104
113
121
118
110
116
122
107
121
108
126
105
110
115
115
116
102
107
109
106
107
103
83
98
98
82
84
103
113
102
111
113
114
123
130
113
115
104
111
117
101
111
125
123
113
110
124
61
81
68
117
47
97
52
94
