80
210
451
520
575
153
695
700
573
805
813
590
525
516
546
773
553
435
545
494
374
520
606
489
553
430
549
555
573
431
414
405
390
447
605
361
387
414
484
414
487
379
345
395
360
371
240
267
277
249
295
302
237
313
263
304
286
273
290
253
259
299
303
277
212
301
307
346
304
328
341
298
323
332
347
257
324
359
249
300
264
285
230
136
93
150
262
123
311
317
201
317
281
151
32
33
57
111
105
157
157
167
147
202
204
214
213
253
251
266
286
253
277
257
268
230
175
60
252
133
117
149
218
244
72
250
7
12
51
56
51
52
59
82
77
95
88
98
12
7
47
51
49
53
88
127
122
133
123
162
130
110
147
122
172
156
160
178
184
172
192
188
140
163
188
163
186
198
165
183
190
186
188
154
183
121
172
123
144
67
32
95
74
175
6
5
56
66
72
79
104
121
119
133
149
132
171
188
161
181
166
171
168
180
145
156
180
177
201
181
177
216
190
167
198
180
155
162
147
161
126
157
132
139
128
137
140
125
127
121
118
147
145
145
139
142
139
115
137
134
145
136
142
145
143
139
120
133
156
131
138
116
136
125
135
126
112
126
139
136
110
129
134
129
139
112
141
116
131
137
150
134
123
142
140
111
123
140
135
94
96
113
130
105
104
112
107
107
141
121
140
138
146
132
150
111
98
74
145
73
120
106
104
98
105
105
108
122
132
131
121
113
140
142
119
134
114
136
130
131
141
125
141
128
120
126
109
119
111
120
103
122
109
126
113
114
128
134
132
132
118
109
99
124
116
102
122
97
121
113
121
115
125
95
127
117
116
141
136
119
123
138
129
149
126
115
122
134
1695
1667
1661
1646
1640
1632
1627
29
28
1705
59
1680
1716
60
79
81
79
89
88
107
104
105
95
101
95
108
109
117
110
119
112
125
110
114
111
125
124
119
125
113
119
101
104
112
114
103
95
128
107
103
107
90
101
94
112
96
107
98
110
108
105
108
110
106
92
108
97
100
93
110
97
106
96
95
112
109
98
112
105
110
102
109
105
108
100
100
107
104
102
103
93
104
99
95
79
101
109
96
105
93
95
112
110
100
113
110
82
94
104
103
89
101
110
98
80
106
103
98
102
116
92
104
96
109
100
116
105
117
331
321
330
322
331
322
323
313
318
92
106
95
104
91
101
106
100
96
107
100
105
103
108
89
108
102
90
104
108
96
103
93
104
95
100
99
109
96
93
105
104
102
85
98
90
98
92
76
87
94
89
100
102
110
103
107
90
94
104
104
94
98
103
94
92
103
89
83
83
110
104
99
87
69
113
79
98
93
92
93
91
66
96
83
82
99
93
109
103
112
105
108
100
105
96
84
106
101
94
98
96
90
98
75
97
89
93
87
97
89
93
77
86
73
91
89
84
101
92
95
99
111
110
108
109
111
109
109
98
109
97
110
99
113
108
108
114
113
102
116
109
116
104
114
106
111
102
109
102
104
98
104
102
102
95
95
100
89
101
105
76
62
56
87
71
92
19
37
48
9
3
11
7
13
6
3
4
8
8
23
27
36
48
39
37
35
22
15
37
44
24
12
13
27
25
42
21
14
16
14
39
53
22
24
40
6
7
23
19
16
10
4
4
4
16
26
17
5
24
14
4
27
7
5
7
38
53
40
55
53
47
42
45
49
28
41
54
13
10
28
39
37
37
43
29
45
17
55
50
19
26
5
3
20
13
24
37
47
36
46
68
53
42
43
56
66
56
25
79
81
23
77
61
40
46
32
48
46
57
51
65
81
79
80
105
102
100
116
97
25
73
51
101
80
76
26
43
117
8
6
11
11
39
35
32
41
51
37
25
45
20
12
47
33
14
12
16
9
14
9
9
6
24
21
21
19
22
34
17
12
23
19
7
6
4
19
6
22
32
19
16
4
41
36
32
29
19
15
25
34
43
21
3
2
3
5
4
6
22
7
33
39
22
38
40
36
42
22
36
24
20
34
15
11
21
50
68
66
68
72
86
83
91
99
111
93
109
104
83
91
105
97
116
108
89
109
106
90
110
98
96
100
90
89
101
83
99
93
73
98
90
109
96
98
113
105
100
98
101
96
92
104
94
105
110
94
102
102
112
101
101
113
111
102
103
110
84
97
107
101
95
94
109
104
97
111
95
103
113
120
124
116
130
114
122
124
123
137
113
121
111
110
119
111
96
125
128
112
128
116
121
109
113
98
123
92
109
98
77
95
100
106
98
85
107
96
116
102
116
108
99
118
105
112
106
119
96
80
68
79
49
52
38
104
