80
71
68
72
77
163
163
59
165
169
167
120
123
120
141
47
107
122
60
131
173
124
14
144
82
42
19
29
17
56
50
64
64
60
81
70
70
76
88
93
92
104
105
105
107
102
95
104
102
103
91
93
100
106
104
101
111
106
97
96
107
119
115
113
100
110
108
110
112
113
98
84
103
92
105
93
98
92
98
89
92
85
97
96
90
93
99
101
100
113
99
106
114
116
115
107
117
117
109
116
110
116
105
112
91
104
115
101
117
104
114
102
115
105
115
113
109
108
98
103
108
100
106
93
98
108
115
102
98
103
61
77
87
70
73
86
94
93
79
79
94
86
85
101
91
89
90
101
84
90
100
92
104
92
80
98
87
103
94
102
97
97
82
103
94
101
88
84
103
84
94
98
109
94
106
104
101
105
104
102
104
91
110
97
81
92
103
90
108
74
96
98
84
76
95
96
93
102
90
100
83
91
93
111
103
89
85
91
89
81
98
93
76
83
93
90
95
87
97
84
102
94
97
98
86
94
77
88
82
95
89
79
92
89
100
99
96
96
103
90
80
101
89
98
91
99
84
101
84
87
77
93
86
81
72
79
105
87
79
74
87
89
87
76
92
78
88
89
90
88
89
93
78
92
84
81
93
76
79
86
79
87
85
45
75
80
60
67
83
75
66
74
70
68
81
81
73
73
76
83
87
75
98
74
88
93
83
81
85
83
100
100
94
95
95
101
100
85
93
85
87
91
87
97
79
90
90
83
88
71
86
80
82
80
67
74
74
85
78
83
68
86
73
77
85
88
79
87
70
68
81
72
96
90
72
90
84
89
94
93
102
83
90
81
90
79
72
94
84
89
84
89
83
87
83
70
81
78
89
89
72
78
87
83
83
83
84
76
97
88
73
81
85
76
65
81
72
77
76
88
72
88
82
91
83
79
5783
5768
5747
5762
5739
5778
5734
5751
21
5725
5
14
15
27
38
38
47
50
49
46
59
72
71
87
86
92
80
73
87
86
101
89
89
87
78
77
78
80
92
75
83
2651
2654
2634
2644
2642
2691
2681
2659
2674
2686
114
79
97
93
114
108
110
109
122
114
125
116
99
92
117
110
112
97
107
98
103
97
103
92
87
91
101
103
97
95
84
89
92
95
83
94
71
81
97
91
106
90
91
99
87
92
80
91
86
89
89
83
87
86
90
88
89
90
96
79
88
95
89
94
90
98
92
92
97
100
82
93
99
84
87
93
80
73
85
93
90
86
78
77
95
100
87
106
94
97
107
104
112
120
105
109
117
109
116
116
112
113
108
110
113
114
105
113
115
106
119
108
125
109
111
100
89
73
105
76
69
72
60
61
55
55
61
65
49
60
49
56
44
50
67
61
70
59
70
71
58
62
67
51
61
67
68
61
69
74
79
85
104
97
115
116
125
139
132
149
135
149
127
119
113
92
116
79
100
91
81
85
76
84
92
74
72
91
83
91
95
88
77
89
71
96
94
83
92
101
99
95
107
97
98
89
82
100
80
99
93
99
93
94
106
100
99
96
88
90
91
73
103
66
100
84
97
99
98
80
107
91
100
98
98
85
96
75
79
98
115
118
114
111
121
118
119
125
84
79
96
87
88
70
80
92
101
88
99
94
86
77
98
92
91
99
93
101
89
102
97
105
100
115
110
110
106
118
106
114
112
109
114
99
111
104
105
118
120
103
115
106
110
109
110
103
107
100
102
105
102
87
106
112
94
109
94
106
99
98
113
90
110
114
113
100
111
99
108
100
103
119
116
108
115
109
93
99
112
108
90
95
100
90
99
88
93
101
107
93
106
99
106
98
106
106
104
95
108
106
106
103
99
100
103
101
106
98
104
98
108
100
102
112
110
103
102
109
110
102
106
100
95
106
105
103
110
101
110
113
115
110
112
110
115
108
99
84
106
105
106
96
105
99
101
97
102
104
114
103
116
119
93
103
105
110
92
82
84
90
68
89
82
83
81
70
100
78
68
67
68
86
107
103
98
111
106
103
102
86
85
113
108
123
111
102
85
105
98
109
106
93
99
93
74
92
92
94
105
104
97
104
106
95
97
102
95
103
95
103
92
98
97
97
110
101
106
108
92
96
109
113
116
110
118
109
108
124
121
113
110
121
122
109
114
109
91
40
73
52
61
80
35
102
33
17
19
16
35
35
29
35
37
60
57
74
63
65
65
85
83
104
103
119
106
123
116
114
121
112
123
103
118
106
118
100
114
101
113
99
115
110
114
105
113
102
110
113
113
108
122
119
126
123
126
109
97
57
58
73
88
125
41
