41
60
62
74
49
73
64
36
169
144
75
41
73
41
38
43
179
187
67
67
104
139
141
45
44
181
181
103
220
219
203
220
233
212
234
233
64
230
196
185
217
226
244
240
197
215
197
198
188
176
152
231
206
215
137
210
192
232
230
215
230
197
213
212
188
175
198
183
196
215
215
224
241
231
248
236
209
213
228
214
177
199
163
204
188
135
170
172
185
169
168
196
200
245
248
181
245
220
208
219
237
210
162
178
243
258
274
225
199
233
260
248
265
212
188
192
218
183
175
208
195
205
187
167
176
185
167
187
146
167
149
175
163
195
166
184
170
178
179
167
196
180
173
156
161
135
155
131
121
133
156
153
164
143
145
172
161
186
174
193
180
140
167
157
170
174
147
161
139
157
158
180
168
150
185
159
179
180
189
173
169
190
180
164
162
163
164
179
146
155
170
178
170
180
170
192
177
188
189
204
168
199
173
137
152
148
182
163
186
193
188
201
198
206
192
171
188
206
230
173
160
192
199
182
163
132
178
178
154
117
85
161
170
172
137
52
83
85
81
171
75
67
117
10
13
40
51
38
65
26
43
18
31
8
29
49
72
78
34
36
51
72
19
56
44
7
33
29
22
19
15
57
56
41
30
29
25
45
57
14
40
35
88
78
107
106
129
113
120
118
153
149
130
136
165
186
169
151
154
168
163
179
155
156
111
170
86
137
136
157
153
141
142
147
100
134
133
135
157
148
154
157
141
177
145
168
163
160
171
174
121
151
169
160
142
150
162
174
155
155
151
124
160
141
157
144
152
61
144
129
160
103
81
97
127
136
152
125
117
114
104
109
130
128
130
166
152
155
168
178
160
185
156
154
154
190
202
194
179
184
166
184
189
175
199
144
162
153
163
163
172
159
148
152
129
143
152
148
158
138
167
152
149
172
160
179
159
165
172
152
152
173
4245
4235
4246
4236
4246
4240
4246
4227
4228
137
4227
135
121
130
112
176
167
178
179
178
54
170
61
137
155
34
48
160
39
19
20
22
52
43
18
47
14
22
24
16
53
50
4
4
5
30
40
49
53
53
72
71
91
83
91
98
100
103
91
83
86
86
90
81
93
93
72
87
56
91
29
25
33
45
83
31
69
5
5
20
21
23
23
27
29
32
24
42
18
32
22
23
21
33
33
50
17
39
52
34
55
20
7
50
34
19
4
3
9
17
35
44
38
26
35
32
30
23
33
15
5
3
17
11
7
30
57
53
66
63
63
85
83
95
56
52
16
84
59
92
99
96
31
21
31
37
41
39
65
62
64
84
90
58
60
51
35
84
23
43
94
82
8
6
8
21
6
23
5
39
37
51
50
60
72
75
73
94
94
96
101
104
94
110
98
91
96
103
94
39
59
85
55
82
75
27
59
4
5
17
5
7
14
5
8
29
27
42
40
57
57
65
62
78
77
61
104
101
85
103
104
88
82
69
94
12
28
48
54
78
56
81
18
85
9
24
26
27
39
43
44
47
63
58
59
61
74
75
83
78
72
86
80
82
82
89
88
97
105
101
96
96
86
92
106
84
88
98
99
113
107
117
116
123
116
116
100
125
97
103
93
104
103
90
95
103
112
110
100
99
91
101
93
100
99
91
103
112
112
120
102
98
120
107
105
109
116
102
96
102
100
114
89
103
97
112
104
116
110
106
96
98
114
110
104
105
93
96
107
110
102
106
107
116
98
116
114
108
118
105
118
105
115
104
101
108
83
88
101
96
90
100
90
100
100
120
104
104
105
120
107
99
106
113
113
105
114
104
88
106
90
101
105
104
74
93
79
104
97
113
90
105
100
98
64
83
85
70
77
73
81
91
101
105
94
101
100
116
117
97
96
123
113
105
104
109
102
108
117
115
108
80
107
103
95
110
96
100
93
107
98
91
91
110
99
112
105
109
96
117
113
124
107
122
111
127
120
134
123
129
122
126
119
125
111
119
110
117
109
82
89
105
112
95
105
67
86
101
90
78
76
81
78
95
80
101
100
117
116
125
97
117
92
100
60
102
93
104
93
107
95
85
93
92
100
108
98
104
95
104
106
100
110
120
118
125
117
129
141
128
131
129
103
123
88
113
120
103
107
96
113
112
119
103
127
112
100
81
93
109
101
99
88
100
111
106
98
76
77
103
96
109
106
95
82
96
93
95
94
84
88
92
81
83
89
103
98
108
84
109
93
108
106
103
121
90
99
92
102
87
101
97
96
81
98
122
109
106
112
109
102
123
117
107
100
111
101
108
107
110
82
63
90
70
42
50
56
109
