30
33
26
116
118
118
164
120
119
28
129
113
163
158
143
105
130
146
164
146
125
180
181
181
159
175
140
159
172
178
105
138
120
98
156
169
174
159
153
146
93
118
179
166
84
142
132
141
139
140
104
116
117
141
141
150
154
137
143
151
148
167
159
144
152
168
143
154
165
166
147
174
163
181
167
178
165
169
169
153
170
147
168
161
168
178
176
183
189
181
177
189
188
187
180
180
198
200
186
187
215
188
200
168
192
186
211
198
222
200
204
212
206
200
220
177
219
176
137
172
150
171
147
154
186
154
141
159
158
192
171
175
179
148
144
186
169
199
195
185
170
182
189
215
178
177
199
199
179
201
180
205
200
184
206
195
209
173
201
212
208
194
157
183
178
198
208
193
206
174
189
205
188
186
182
199
163
180
166
196
170
191
154
167
183
186
180
197
146
185
192
170
172
188
164
175
161
150
150
155
182
112
145
152
169
137
162
151
168
130
149
160
114
111
154
154
136
138
150
164
205
190
214
202
226
215
243
248
204
231
201
174
204
192
161
173
179
147
196
142
170
204
126
186
166
194
172
193
199
212
198
193
182
180
149
227
190
161
176
183
168
171
164
188
156
182
168
150
194
169
186
183
180
170
127
158
159
135
156
152
136
166
156
148
144
171
167
196
163
171
157
170
142
155
155
161
157
134
124
155
124
146
168
153
141
145
118
124
153
174
159
162
168
166
158
172
141
183
163
160
164
161
158
167
168
127
128
181
157
126
138
156
153
171
167
172
163
164
182
169
155
161
172
137
155
167
159
137
153
130
74
158
58
43
103
130
98
156
71
23
24
46
59
84
84
105
100
101
128
116
111
137
147
164
144
172
158
152
164
144
182
167
161
184
146
159
183
176
163
154
132
146
162
147
132
158
153
161
149
169
150
156
151
148
148
161
159
149
155
166
135
138
158
160
168
155
2666
2677
2647
2647
2631
2681
2649
2630
2626
2614
105
102
102
86
95
71
65
101
83
45
50
67
76
71
84
69
71
53
51
78
78
2511
2511
2530
2521
2521
2550
2535
2532
104
96
69
56
2539
41
78
152
152
163
148
182
178
173
166
185
184
142
134
137
123
115
109
108
122
90
95
75
95
109
98
85
110
98
103
99
113
120
92
105
100
103
89
87
109
95
98
110
102
96
109
101
101
101
112
104
98
109
104
111
114
104
117
107
116
106
88
107
114
96
103
105
97
94
80
84
88
104
90
92
99
98
95
106
85
96
90
87
91
96
92
101
111
95
103
96
110
98
116
108
143
141
143
138
141
128
129
140
130
140
105
101
102
124
107
106
112
114
104
110
103
108
100
100
105
87
106
96
76
98
108
121
109
95
115
114
122
108
127
113
99
107
108
99
89
97
98
99
90
98
90
101
86
90
93
78
94
88
78
100
89
101
86
99
102
101
103
104
101
94
96
96
105
102
104
101
105
102
97
102
104
84
88
71
86
96
78
92
96
106
108
101
106
114
123
114
110
130
96
85
106
112
96
96
109
98
109
114
99
83
97
66
92
79
88
84
77
83
77
82
64
73
73
92
92
92
75
83
99
91
103
96
105
92
107
100
92
92
101
81
89
94
99
90
94
83
98
100
82
93
83
104
94
112
111
96
115
108
110
114
117
85
102
87
100
88
86
97
96
89
107
101
107
98
98
86
88
108
99
103
96
125
117
129
128
137
115
126
114
101
88
125
94
110
106
91
91
98
89
95
73
93
96
87
79
68
93
77
92
83
80
82
85
81
95
105
90
97
80
91
90
77
83
99
102
93
101
94
81
97
100
101
98
82
101
104
106
90
108
100
117
100
110
111
122
111
124
112
120
124
125
117
121
105
107
98
105
103
104
96
104
94
99
106
100
108
103
93
85
101
117
98
104
114
101
127
113
99
124
122
119
114
98
76
110
86
99
78
96
75
68
107
100
113
94
109
110
106
91
106
99
112
104
101
105
89
108
100
94
90
84
104
73
94
102
85
94
100
97
96
103
81
106
107
114
86
107
118
97
104
117
111
110
107
109
95
103
92
98
110
122
116
124
113
119
130
134
126
132
116
115
130
110
125
121
107
107
116
116
108
101
114
110
100
91
114
77
84
98
39
36
106
64
49
65
8
23
33
48
32
40
37
66
64
78
91
76
92
95
93
110
110
123
126
114
125
114
111
106
101
105
82
89
100
94
103
95
105
86
65
95
82
103
99
100
111
115
102
115
113
118
106
118
109
108
117
118
101
115
108
94
108
121
125
108
70
57
83
97
40
71
44
82
6
15
