34
29
38
24
221
266
326
330
191
231
202
328
119
205
288
149
198
291
164
209
183
151
186
132
198
176
207
153
176
250
246
247
198
209
296
212
177
175
158
109
138
151
184
120
173
220
225
219
235
236
382
362
358
385
360
368
362
435
366
321
409
363
457
399
387
336
467
720
728
612
658
612
734
696
583
387
411
263
273
204
348
671
374
267
267
472
440
467
515
420
410
540
488
255
478
428
385
483
457
424
376
510
517
464
375
483
417
139
401
111
270
182
207
397
503
220
288
412
40
35
103
98
163
132
188
176
233
197
263
298
80
245
167
195
235
217
231
89
73
48
38
34
172
158
167
135
101
210
125
124
139
179
148
115
18
69
65
102
95
116
178
75
89
151
64
83
17
42
33
8
12
66
38
99
75
92
34
17
20
30
77
78
88
101
132
126
104
72
78
97
66
52
83
74
16
42
34
58
64
78
110
127
122
114
140
131
119
136
80
173
137
176
93
176
126
73
121
130
52
99
95
93
52
83
69
88
21
39
34
9
40
37
46
98
99
92
145
135
134
152
124
151
148
169
159
165
190
119
161
187
30
32
133
93
81
193
100
95
19
4
8
42
40
57
54
99
95
116
101
131
130
139
131
164
163
163
176
124
116
55
71
32
183
147
174
83
129
8
9
37
45
54
65
56
75
35
62
35
32
40
6
22
20
45
19
42
16
13
4
6
21
17
5
37
38
14
20
18
15
20
38
21
26
51
14
8
29
15
45
29
24
50
872
887
901
27
26
33
45
905
35
5
23
20
27
5
28
51
66
84
73
78
45
71
18
81
88
63
40
67
13
14
42
43
39
37
58
59
57
32
33
22
16
104
115
81
62
73
22
96
100
23
102
33
105
107
58
73
84
4
14
27
32
35
67
81
79
82
92
100
119
111
145
143
178
189
185
190
174
195
221
212
187
123
203
151
162
158
152
158
145
122
97
125
118
147
125
134
97
102
14
54
127
131
107
78
30
42
11
9
28
36
15
5
17
17
23
30
6
22
15
26
12
71
16
50
14
7
5
66
12
16
14
7
35
19
36
42
35
55
40
53
50
37
34
48
10
46
61
50
61
58
62
36
61
55
54
47
57
81
57
86
77
16
16
31
60
16
17
58
38
52
7
34
31
33
25
21
45
52
11
6
16
6
6
5
7
7
13
11
111
40
42
44
82
50
61
124
46
44
38
10
8
34
49
56
69
65
76
90
67
65
38
22
61
86
80
24
85
33
5
20
30
40
37
58
54
59
95
97
89
116
123
100
102
122
103
154
166
135
139
121
142
102
62
137
123
78
104
41
122
107
98
39
88
87
92
69
31
78
95
26
73
5
24
44
58
54
91
87
121
118
135
151
152
155
167
160
131
122
94
174
84
84
101
132
134
123
146
94
37
93
68
45
69
89
85
65
73
5
34
34
22
51
69
66
44
91
42
25
66
64
56
61
13
28
25
51
50
49
27
46
88
47
35
33
83
28
81
58
44
28
9
11
7
7
28
6
6
4
6
27
29
37
60
82
66
83
70
86
124
125
111
146
147
165
154
168
127
146
144
138
135
168
168
155
137
165
163
174
166
143
140
142
140
121
103
59
93
37
75
41
135
158
6
4
18
34
17
15
86
85
93
99
63
51
85
89
57
96
23
61
94
54
13
8
15
18
15
67
71
77
58
67
57
49
52
37
81
78
91
24
7
32
30
50
54
44
51
60
74
33
57
30
10
74
32
25
87
30
28
32
17
9
6
5
25
12
24
24
8
4
6
7
26
10
41
25
53
56
49
66
50
56
69
69
89
38
42
44
64
73
35
5
2
6
5
3
28
30
47
67
69
38
61
55
64
20
31
37
24
7
22
24
35
39
71
79
27
86
81
18
48
91
23
40
43
6
4
14
25
18
8
12
14
9
21
31
23
35
34
64
21
47
54
71
30
43
69
62
31
33
65
7
12
9
5
37
46
5
43
45
40
58
72
75
78
78
102
103
113
106
132
122
141
150
133
159
155
151
173
152
161
152
77
138
89
50
19
131
108
160
64
36
6
17
34
48
69
64
91
90
105
116
129
114
118
141
161
124
154
148
127
139
133
145
127
146
52
82
89
95
123
107
55
138
90
93
106
66
113
74
71
83
89
69
118
124
116
139
136
123
120
109
117
106
48
85
71
65
104
118
96
119
47
7
24
43
15
24
46
47
27
51
30
41
6
27
50
55
67
83
73
96
95
124
125
126
135
134
120
148
84
97
145
58
128
77
116
62
