94
158
161
235
259
387
445
436
330
96
428
325
481
388
436
515
358
457
492
482
480
453
419
282
345
404
354
377
346
510
454
414
401
375
369
262
426
368
374
351
450
451
349
376
386
340
322
338
323
397
364
370
389
326
297
236
362
351
354
331
328
263
283
311
318
315
509
339
495
432
553
479
425
404
426
402
270
259
156
187
311
273
193
257
60
228
114
65
65
304
153
150
293
285
151
207
143
152
110
269
140
299
261
265
313
246
234
166
142
167
165
211
200
230
229
221
234
224
206
243
182
210
219
211
193
211
238
209
223
220
239
190
221
184
201
220
188
210
182
192
176
218
191
237
225
215
188
105
217
236
69
62
148
180
222
108
19
31
17
49
51
32
34
22
69
17
153
148
75
37
25
21
17
70
9
6
48
49
47
82
101
98
125
132
130
140
161
170
163
169
172
166
65
138
35
32
161
103
89
115
8
42
58
71
46
70
45
34
67
45
63
29
61
9
30
30
52
63
51
79
77
93
116
111
133
116
138
134
132
118
173
152
180
168
178
138
172
140
126
160
162
171
137
166
123
156
171
151
182
170
178
144
178
157
170
158
167
150
144
164
168
154
156
157
172
165
107
76
83
34
97
119
144
55
26
41
45
55
28
53
48
31
19
43
75
68
72
108
106
117
127
125
143
141
127
157
136
144
150
142
3299
3319
3330
3326
3295
3300
3337
86
86
3323
3269
144
108
37
147
43
56
46
80
107
105
30
106
103
98
100
79
109
85
75
87
93
91
91
112
112
116
125
115
128
132
123
126
117
129
122
123
111
125
112
123
115
125
106
111
99
122
111
127
117
110
111
117
117
125
129
116
128
118
130
119
133
127
136
125
117
125
95
120
110
113
105
118
111
91
107
109
101
97
98
109
97
113
100
114
108
109
114
115
105
167
155
157
172
158
173
166
172
177
165
127
113
128
117
130
120
126
124
114
131
119
93
66
53
34
77
48
77
128
119
105
4
17
28
29
30
29
33
43
38
51
56
57
74
73
95
81
94
99
111
115
111
117
113
86
105
110
108
116
102
113
108
109
83
89
102
92
123
106
109
123
105
116
117
111
120
114
116
107
93
102
103
93
105
107
92
82
103
97
82
113
102
119
107
122
118
127
125
119
128
121
118
102
117
102
124
105
113
104
124
108
125
98
111
108
101
98
111
108
81
94
107
105
105
116
123
106
101
107
102
102
122
127
115
121
126
125
123
110
105
133
117
104
117
109
113
103
109
112
117
128
111
102
108
106
97
70
90
109
88
100
94
102
85
93
96
73
91
90
88
103
112
112
105
107
115
117
107
114
108
87
99
108
106
93
101
102
91
101
110
99
116
114
113
106
113
98
105
106
114
102
129
114
125
127
121
124
109
130
118
106
116
123
107
106
95
99
127
108
109
118
115
124
143
135
143
122
105
45
68
135
39
25
116
57
129
5
87
5
3
25
14
20
21
40
39
35
29
11
5
33
37
20
18
24
11
9
10
31
25
4
3
9
16
18
28
25
40
44
59
41
39
66
76
73
86
83
102
83
75
87
79
90
94
113
124
112
127
112
119
92
88
86
97
98
107
123
128
39
113
37
32
26
77
89
99
73
5
8
8
7
6
18
50
62
62
58
81
79
102
107
105
61
36
87
115
119
67
107
73
82
38
42
48
44
45
66
67
61
68
14
17
64
42
46
5
22
46
53
54
72
70
16
80
54
63
44
77
72
74
78
31
8
33
26
29
29
23
71
67
71
99
114
113
115
105
87
75
93
96
58
84
66
37
56
46
82
60
59
79
83
59
67
77
65
84
91
70
74
97
94
107
106
108
107
92
109
112
101
115
123
105
114
102
102
119
117
113
128
126
113
124
115
128
119
126
118
132
134
121
130
116
127
120
136
119
125
119
133
50
72
104
82
38
124
68
130
30
97
5
3
18
3
21
4
9
10
22
6
16
17
26
40
40
52
59
62
63
73
81
25
57
66
36
27
54
45
79
42
6
4
4
10
9
7
22
22
19
32
13
31
65
61
59
41
65
52
16
19
53
58
48
50
56
9
17
31
47
40
49
50
55
20
51
58
61
55
43
32
36
16
29
43
47
69
68
86
84
99
101
99
119
75
35
54
93
103
116
64
12
5
37
56
60
60
70
67
76
68
92
100
109
86
100
117
111
110
119
103
116
124
119
130
107
72
122
89
96
111
97
104
111
12
41
85
25
118
73
67
61
28
13
106
4
4
5
22
21
19
8
34
7
27
26
4
2
6
2
19
25
