36
21
84
85
112
134
135
150
119
115
146
119
22
113
133
114
165
164
162
146
173
164
173
154
170
148
162
136
127
137
129
101
109
82
105
95
86
91
92
107
121
102
100
103
111
117
126
116
120
119
101
82
96
89
95
86
84
78
101
115
97
91
112
100
115
110
102
110
87
118
121
95
113
112
122
131
120
130
105
116
116
121
96
144
144
139
149
100
134
79
82
86
102
104
118
123
117
127
119
137
128
121
114
145
133
153
142
142
148
122
120
105
100
91
108
112
110
46
94
60
108
122
122
67
82
89
139
109
88
57
68
59
202
213
131
216
241
241
242
250
97
97
122
114
99
86
96
83
97
99
92
75
88
100
98
103
109
107
98
97
107
89
85
85
96
91
95
108
99
96
84
109
97
109
91
111
100
107
97
102
89
101
92
103
95
98
91
97
85
92
104
97
99
108
84
103
104
110
108
104
88
94
98
84
85
91
80
75
100
80
95
93
99
100
107
79
110
100
74
82
98
75
62
83
93
101
107
112
120
86
96
93
96
97
119
114
86
95
103
101
100
88
83
93
102
100
80
98
78
91
104
102
111
86
104
99
95
104
96
104
82
82
102
94
98
93
100
81
79
87
94
20
22
67
44
61
58
19
69
19
83
3
2
3
14
21
24
25
31
40
51
48
52
61
58
67
63
71
79
64
69
73
59
75
80
88
52
83
77
54
74
85
81
82
91
91
72
95
85
82
82
78
94
87
84
95
93
72
75
85
65
91
87
80
85
78
83
86
102
89
103
95
89
101
90
88
97
70
98
82
86
75
69
85
77
78
76
84
78
86
62
82
77
81
86
134
122
118
134
126
134
125
132
145
106
90
87
90
88
94
87
113
88
78
98
73
95
82
87
82
92
84
79
73
92
77
90
87
81
69
68
78
83
75
77
68
74
75
72
84
83
92
78
76
82
84
81
99
71
72
73
77
75
84
88
72
7339
7338
7370
7380
7387
7381
7398
7393
7423
171
224
249
231
213
224
221
220
191
189
200
101
96
33
53
45
80
73
42
116
63
103
4
6
23
20
9
5
3
15
12
10
19
26
15
33
35
38
45
48
59
61
56
73
62
75
53
56
45
27
67
50
63
23
65
3
11
10
21
33
31
32
48
53
34
56
66
53
51
58
63
61
55
82
93
59
62
69
79
67
42
58
25
19
68
73
50
69
59
10
3
21
35
37
48
33
24
23
45
45
34
47
33
5
13
24
16
17
13
18
21
21
19
17
16
33
33
46
24
26
22
6
29
9
10
35
42
41
56
60
71
68
72
78
81
78
76
83
89
93
83
82
87
74
79
99
87
100
110
110
107
113
112
101
112
118
128
117
107
111
114
90
120
105
106
96
91
105
89
101
94
90
98
92
91
104
104
95
105
96
100
108
107
105
106
99
105
84
91
95
89
89
99
78
102
89
85
100
98
103
96
81
101
90
95
95
70
96
95
57
82
104
87
105
102
115
99
96
94
112
102
108
105
108
101
104
100
104
107
106
105
108
97
107
100
110
103
108
100
108
111
102
89
110
107
96
90
104
88
101
93
108
87
98
99
99
110
115
99
96
116
82
95
111
104
97
116
99
80
99
92
115
109
92
103
94
102
83
94
95
73
87
98
96
86
88
106
102
89
90
93
83
82
93
116
97
111
97
115
129
102
110
104
120
128
130
117
108
130
104
113
100
120
95
112
114
96
94
109
110
88
100
72
85
88
85
108
97
105
117
119
133
125
122
101
123
81
50
25
64
46
94
79
117
107
31
14
18
26
23
22
20
20
3
17
28
20
40
32
16
7
25
30
4
20
39
45
51
49
55
63
53
74
63
14
57
74
55
65
34
65
12
3
3
25
24
21
22
38
44
43
55
36
63
57
71
63
61
84
67
74
93
105
121
119
83
51
78
21
56
40
108
37
44
10
6
21
23
3
14
19
21
32
25
35
36
49
51
60
29
19
47
19
58
52
31
37
56
7
4
5
9
14
20
7
30
47
53
41
41
32
66
63
69
77
70
92
103
85
103
88
74
72
73
63
93
99
96
124
118
107
110
107
77
96
93
40
98
96
64
44
27
67
76
91
10
34
38
57
56
72
61
65
90
89
78
67
87
58
102
33
52
106
20
78
40
4
14
13
5
10
10
35
37
51
37
25
39
45
46
41
44
22
27
3
5
3
18
6
15
28
19
3
26
29
27
27
33
36
58
47
44
45
12
56
25
40
16
4
4
6
5
17
20
29
34
55
57
26
42
23
51
69
49
54
