38
38
57
43
21
225
233
21
215
219
60
221
172
59
63
141
140
137
127
163
87
149
110
117
122
111
99
156
104
127
116
115
100
99
97
74
94
93
99
110
106
99
99
120
132
120
114
125
125
111
127
116
91
105
104
114
108
105
101
97
112
119
98
135
124
137
122
133
121
123
123
118
95
111
90
102
101
111
121
113
128
115
108
95
101
102
80
84
92
71
79
97
97
108
108
106
118
112
122
131
110
104
116
103
112
91
109
110
96
95
104
96
103
96
100
81
78
101
92
99
94
75
88
73
88
86
90
82
91
82
96
88
85
93
75
82
88
85
90
86
92
103
92
95
101
93
92
101
102
79
91
100
92
86
97
87
94
89
107
94
89
89
79
81
88
87
68
98
75
84
99
95
113
106
121
74
95
100
85
85
68
58
79
81
88
87
87
68
92
77
84
87
80
91
99
89
82
87
100
97
94
99
101
101
73
54
88
111
55
96
82
94
87
94
85
98
95
95
111
100
107
101
108
106
94
98
112
96
103
105
87
88
99
101
88
98
80
89
38
57
50
77
14
87
32
89
58
13
4
21
34
43
49
48
50
64
70
81
82
89
98
96
102
91
113
87
83
92
89
83
98
90
100
90
100
93
136
129
126
118
123
122
106
111
84
111
72
105
77
69
80
84
99
90
98
85
101
93
101
91
94
84
84
83
94
87
84
87
91
95
96
89
87
67
101
94
83
87
79
83
76
82
83
81
71
77
87
87
90
101
73
87
87
101
71
80
80
71
87
82
31
67
67
17
17
40
58
74
59
18
22
12
18
19
14
16
19
15
28
28
42
52
51
64
70
74
84
83
89
84
83
92
84
78
85
85
89
78
87
75
88
88
78
96
82
89
83
72
92
86
72
81
89
80
79
74
77
80
89
79
87
70
71
63
19
62
47
36
32
66
4
15
24
13
9
16
8
22
12
8
6
14
12
16
35
38
52
44
47
59
58
64
68
82
80
76
87
70
68
85
2306
2308
2325
2306
2324
2288
251
58
40
2291
2297
2313
5
19
18
32
38
53
52
51
65
63
77
83
74
75
100
86
101
102
107
91
99
109
110
102
109
99
104
111
109
106
90
99
103
106
107
95
96
105
94
75
107
94
98
95
105
95
91
101
95
103
101
103
94
93
78
95
83
74
88
100
91
75
68
67
86
21
76
56
58
30
17
41
53
51
63
74
69
88
86
94
106
108
113
99
117
109
125
100
111
113
108
106
116
119
105
98
110
113
90
107
112
100
107
95
102
96
79
59
52
100
37
74
61
21
50
87
81
14
13
10
33
40
32
53
66
63
61
66
71
70
80
81
94
91
101
93
100
102
102
97
102
104
105
89
99
92
98
96
89
99
102
91
100
90
86
95
101
99
93
96
99
97
97
108
95
111
111
106
95
113
98
85
103
103
107
94
108
92
104
95
85
91
72
101
88
94
90
86
95
90
100
89
90
87
94
69
74
115
128
112
126
124
129
130
139
78
94
89
101
93
88
94
99
111
99
106
98
98
112
89
105
103
104
98
108
97
111
98
116
101
146
143
129
140
117
141
137
137
123
105
98
96
104
95
103
94
95
107
103
90
107
93
104
110
100
105
99
106
98
110
96
108
93
92
91
75
99
81
94
102
91
96
94
109
99
90
102
101
82
104
96
102
98
90
94
102
83
106
91
87
103
92
88
99
87
95
72
60
90
72
71
109
90
97
103
91
101
103
113
126
101
90
100
94
125
103
94
114
104
101
90
105
75
92
116
99
112
93
106
101
86
88
96
96
114
108
112
107
114
103
103
113
98
116
113
116
100
110
118
113
116
104
105
108
102
101
110
107
105
99
103
88
92
106
99
108
109
107
109
103
112
106
116
100
97
105
100
87
102
79
96
103
103
101
113
104
93
98
94
114
106
109
91
82
93
101
85
111
102
99
92
93
128
117
117
109
122
115
123
104
113
117
98
100
86
93
94
100
98
86
109
97
113
103
101
112
104
118
78
102
117
109
112
120
88
86
49
101
48
39
31
70
108
4
4
28
24
25
28
33
53
57
73
84
79
76
82
85
86
103
85
75
94
100
85
100
103
98
99
103
100
123
126
127
107
105
109
100
102
112
97
121
108
100
111
99
117
105
121
110
122
112
119
103
112
99
103
98
100
103
87
91
105
102
96
110
97
104
103
117
114
121
113
119
104
121
121
117
105
110
95
103
91
102
97
104
95
114
101
99
111
114
101
110
121
103
95
122
93
91
50
105
43
43
85
69
58
108
