49
36
116
113
153
155
187
222
189
249
275
265
226
219
209
221
238
225
242
217
216
232
208
223
212
208
216
213
212
222
203
206
202
203
226
211
227
234
216
243
238
244
257
268
258
232
229
229
245
220
235
211
228
210
212
197
219
195
196
195
197
195
197
195
197
196
195
187
173
207
191
184
198
186
201
189
200
201
197
213
214
212
210
212
211
212
212
212
217
197
195
213
194
211
192
208
190
208
197
199
197
199
196
198
196
199
193
196
193
196
194
196
195
197
195
196
192
188
186
178
208
177
208
177
206
182
205
186
201
192
189
198
182
191
187
186
207
178
195
188
201
200
207
182
188
204
195
196
190
210
187
203
182
194
192
194
192
194
192
193
191
193
191
194
192
195
193
195
195
197
196
198
197
198
198
199
198
6007
6009
197
5982
6007
5975
5990
5956
5972
5958
116
127
138
126
129
137
156
146
160
143
165
156
148
141
170
133
158
137
135
135
95
90
112
113
130
123
122
121
109
125
129
117
109
123
117
118
117
123
110
125
118
117
119
118
115
116
114
115
117
121
108
122
111
123
114
115
126
119
113
105
125
113
112
127
126
116
111
128
120
125
111
121
114
118
102
119
109
106
117
101
118
116
112
115
114
114
108
115
115
107
116
114
100
112
111
113
111
117
118
103
113
106
113
108
120
117
103
115
124
116
115
121
125
113
119
120
129
126
110
117
125
124
115
110
98
114
116
117
109
113
124
119
104
124
113
125
129
115
125
115
112
121
127
115
112
109
122
125
117
120
108
118
115
116
125
108
118
117
128
124
131
120
119
132
124
132
131
129
131
119
117
122
125
118
113
124
114
118
116
127
117
118
121
115
118
116
122
116
112
117
114
122
104
120
119
108
106
113
117
103
120
103
121
112
107
117
121
110
114
111
111
122
120
117
113
124
110
117
120
123
122
127
120
121
126
112
117
112
116
119
106
109
108
105
120
112
122
126
126
109
123
126
115
121
106
114
113
117
115
124
114
117
153
136
148
147
142
151
150
133
137
148
116
115
128
115
116
115
113
124
108
108
117
106
109
123
113
113
112
111
123
109
126
124
130
122
111
130
119
117
124
109
114
122
105
117
118
117
117
116
117
118
115
119
118
113
125
118
107
125
107
117
108
120
124
114
120
121
108
116
126
118
120
118
115
126
117
118
116
117
113
116
122
113
116
101
119
108
112
99
99
102
111
119
104
115
114
110
113
127
116
117
125
116
105
120
116
106
125
116
106
124
116
106
124
116
106
124
116
106
123
105
115
118
118
119
117
119
120
117
119
118
125
113
107
118
104
115
109
117
110
109
112
110
116
112
103
117
116
103
107
104
104
104
97
104
108
99
96
109
103
117
111
102
110
113
106
102
109
106
88
95
93
95
83
82
75
82
82
77
79
87
69
85
80
67
66
79
68
77
69
69
67
80
92
74
95
107
115
103
120
118
129
122
124
115
124
118
116
119
119
115
120
119
125
126
112
115
128
118
116
110
118
107
107
108
108
106
109
107
106
108
112
110
119
112
101
119
111
100
117
108
102
119
107
118
118
109
110
133
126
126
141
123
136
137
132
139
124
118
121
119
121
111
128
115
115
111
115
121
127
109
119
119
128
128
132
134
120
122
118
121
118
112
117
117
115
112
126
109
117
101
112
116
115
119
116
117
102
112
119
121
124
108
123
125
112
120
123
108
119
126
119
119
123
122
108
124
126
114
110
112
120
121
104
115
116
109
111
123
114
115
113
115
124
129
116
115
115
114
126
116
117
133
136
122
141
131
133
136
121
132
135
124
120
109
116
115
112
122
117
125
127
117
108
122
120
118
120
121
121
120
119
117
120
120
114
123
113
114
118
106
113
102
115
117
106
117
106
120
113
126
118
118
117
114
123
129
116
124
112
122
113
126
129
117
111
118
121
111
117
122
113
111
108
117
124
111
113
111
111
117
110
116
114
117
111
124
113
116
119
114
104
122
109
112
109
107
115
121
104
118
114
113
123
114
119
113
108
135
126
135
139
127
130
125
129
136
128
112
113
118
101
119
114
103
101
118
107
117
115
97
104
100
115
117
104
110
117
104
110
120
126
113
113
115
113
120
114
123
113
111
115
116
113
121
111
116
104
112
125
109
115
124
108
113
124
114
115
98
114
108
115
108
98
112
106
110
104
111
123
108
115
120
126
112
118
119
117
111
113
126
117
120
117
105
112
120
113
114
110
119
112
128
121
139
129
127
142
146
147
135
140
114
101
99
92
75
80
65
66
55
115
